0 1
0 16
1 17
2 18
3 19
4 5
4 20
6 7
7 8
8 24
9 10
10 11
11 12
11 27
12 13
12 28
13 14
14 15
14 30
16 17
17 18
18 34
20 21
20 36
21 22
21 37
23 24
23 39
24 25
25 41
26 27
27 28
27 43
28 29
28 44
29 45
30 31
31 47
32 33
32 48
33 34
34 35
34 50
35 36
35 51
37 38
39 55
40 56
41 42
42 58
43 59
44 45
44 60
45 46
45 61
46 47
46 62
48 64
49 50
50 51
51 67
52 68
53 54
54 55
54 70
55 56
55 71
56 57
56 72
58 59
58 74
59 75
60 61
61 77
62 78
64 65
64 80
65 81
66 67
67 68
68 69
68 84
69 85
70 86
71 72
71 87
72 73
72 88
73 89
74 90
75 76
75 91
77 78
77 93
78 94
79 95
80 81
81 97
82 83
83 84
84 100
86 87
86 102
87 88
87 103
88 89
88 104
89 105
90 106
91 92
92 108
93 109
95 111
96 97
97 98
97 113
98 99
98 114
100 101
100 116
101 102
101 117
103 119
104 120
105 106
105 121
106 122
107 108
107 123
108 109
109 125
111 127
112 113
113 129
115 116
115 131
118 134
119 120
119 135
120 121
121 122
121 137
123 139
124 125
124 140
125 126
126 142
128 129
128 144
129 130
130 131
131 132
132 133
132 148
133 134
133 149
134 135
134 150
135 136
135 151
138 139
138 154
139 140
140 141
140 156
141 142
141 157
142 143
144 145
145 146
145 161
146 162
147 148
147 163
148 164
149 165
151 167
152 153
153 154
153 169
154 155
154 170
155 171
156 157
156 172
157 158
158 159
161 162
162 163
163 164
163 179
164 165
164 180
165 166
166 167
167 168
168 184
169 185
170 171
170 186
171 187
172 188
173 174
174 175
175 191
176 177
177 178
177 193
178 179
179 195
180 181
180 196
181 182
181 197
182 183
182 198
183 184
183 199
184 200
185 186
185 201
186 187
188 204
189 190
190 206
192 193
192 208
194 210
195 196
196 197
196 212
198 199
199 200
199 215
200 216
201 202
202 203
202 218
204 205
204 220
205 206
205 221
206 207
206 222
207 223
208 224
209 225
210 211
211 212
211 227
212 228
213 229
214 215
214 230
215 231
216 232
217 218
217 233
220 236
221 222
222 223
223 239
224 225
225 226
226 242
227 228
227 243
228 229
228 244
229 230
230 246
231 232
232 233
232 248
233 249
234 250
235 236
237 238
237 253
239 255
241 242
242 243
244 245
246 247
247 248
248 249
249 250
254 255
