0 1707
1 323
1 398
2 293
2 807
2 1309
2 1448
3 502
3 516
3 1115
3 1387
3 1977
4 37
4 76
4 175
4 1950
5 1298
5 1979
6 131
6 283
6 1251
6 1808
6 1827
6 1945
6 1952
7 134
7 210
7 1510
7 1534
8 244
8 574
8 925
8 1442
9 254
9 329
9 438
9 1065
9 1778
9 1978
10 1143
10 1778
10 1950
12 657
12 1276
12 1527
12 1574
13 34
13 857
13 873
13 918
13 1553
13 1690
14 31
14 42
14 870
15 554
16 30
16 366
16 1702
17 412
17 672
17 1092
17 1172
17 1333
17 1705
17 1999
18 486
18 896
18 978
18 1916
19 1157
19 1414
19 1537
20 687
20 1613
20 1684
21 187
21 191
21 312
21 505
21 1577
21 1636
22 458
22 1121
22 1339
22 1451
23 52
23 185
23 370
23 562
23 1395
23 1710
24 141
24 233
24 444
24 773
24 971
24 1151
24 1300
25 289
25 859
25 1128
25 1684
26 43
26 83
26 321
26 568
26 893
26 942
26 1198
26 1244
26 1460
27 228
27 380
27 972
27 1177
28 659
28 870
28 1853
29 325
29 362
29 511
29 1216
29 1249
29 1630
29 1928
30 105
30 221
30 229
30 289
30 927
30 1023
31 145
31 246
31 595
31 953
31 1363
31 1593
32 606
32 1376
32 1700
33 449
33 1200
33 1253
33 1566
34 159
34 651
34 758
34 815
34 953
34 1070
34 1297
34 1425
34 1516
34 1956
35 443
35 1207
35 1530
36 78
36 638
36 1472
36 1971
37 773
37 1419
37 1498
37 1856
38 1181
38 1573
39 551
39 918
39 986
40 223
40 442
40 967
40 1141
40 1360
40 1379
41 536
41 1964
42 1603
42 1852
42 1854
43 1293
43 1738
44 662
44 963
45 393
46 1480
46 1899
47 336
47 733
47 943
47 1876
48 193
48 900
48 1528
48 1810
48 1951
49 985
49 1195
49 1241
49 1551
49 1781
50 985
52 521
52 952
52 1675
53 485
53 560
53 1406
53 1440
54 691
54 1471
54 1716
55 940
55 1065
55 1248
56 446
56 1033
56 1437
57 1011
58 219
58 667
58 929
58 1463
58 1574
59 562
60 88
60 909
60 1696
61 320
61 683
61 767
62 85
62 406
62 668
62 885
62 1326
62 1380
62 1454
63 230
63 1606
63 1752
63 1761
64 260
64 575
64 1032
64 1518
64 1961
65 89
65 1965
66 1260
66 1909
67 304
67 1206
67 1648
68 1593
68 1662
69 938
69 1044
69 1350
70 1534
70 1736
70 1742
71 191
71 803
71 853
71 910
71 957
71 1090
71 1550
72 276
72 1271
73 423
73 513
73 1688
74 265
74 608
74 1218
75 145
75 775
75 1061
75 1424
76 887
76 971
76 1174
77 403
77 897
77 1355
77 1868
77 1998
78 547
78 582
78 995
78 1330
78 1347
78 1783
78 1804
79 905
79 1655
79 1994
81 306
81 580
81 700
81 1010
81 1529
81 1734
82 524
82 1811
83 459
83 617
83 1170
83 1502
83 1584
83 1674
84 101
84 357
84 392
84 577
84 1263
84 1285
84 1625
84 1786
84 1909
84 1983
85 302
85 534
85 1261
85 1377
85 1591
85 1654
85 1742
85 1799
86 108
86 1388
87 418
87 1356
87 1462
87 1825
88 296
88 458
88 697
88 883
88 1553
89 449
89 1619
89 1625
90 288
90 425
90 430
90 586
90 888
90 950
90 998
90 1458
90 1963
91 100
91 830
91 940
91 1201
91 1529
92 1260
92 1570
93 943
93 1693
93 1745
93 1885
94 411
94 1072
94 1420
95 183
95 253
95 796
95 1066
95 1256
95 1451
96 673
97 1865
98 334
98 363
98 551
98 593
98 1245
98 1586
99 456
100 236
100 1339
100 1638
100 1764
101 205
101 414
101 528
101 1339
102 243
102 466
102 1164
102 1414
103 538
103 616
103 1352
103 1599
103 1641
104 429
104 1362
105 863
105 1383
105 1511
106 673
106 1062
107 364
107 1193
107 1400
107 1974
108 373
108 959
108 1652
109 395
109 464
109 497
109 829
110 745
110 862
110 1977
111 448
111 932
111 1055
112 152
112 1663
114 1284
114 1522
114 1840
114 1894
115 118
115 198
115 685
115 822
115 1150
115 1843
116 550
116 1363
117 904
117 1051
117 1353
118 1497
118 1562
118 1586
118 1757
118 1816
118 1859
119 691
119 737
119 997
119 1259
119 1792
120 220
120 1027
120 1958
121 546
121 799
121 1018
122 355
122 619
122 1301
122 1661
122 1677
123 130
123 148
123 462
123 1094
123 1345
123 1507
124 145
124 760
124 997
124 1050
124 1325
124 1364
124 1545
125 255
125 457
125 664
126 262
126 1084
126 1119
126 1761
126 1835
127 366
127 528
127 668
127 769
127 813
127 1985
129 211
129 517
129 761
129 1416
129 1728
130 268
130 675
130 803
130 971
130 1626
131 1568
131 1784
132 1753
133 434
133 1270
133 1809
134 1185
135 593
135 690
135 1903
136 1199
136 1597
136 1769
136 1823
137 1063
137 1511
137 1610
137 1836
137 1892
138 938
138 1042
138 1137
138 1491
139 688
139 837
139 1578
140 718
141 263
141 473
141 1525
141 1995
142 982
142 1966
143 209
143 924
143 1639
144 222
144 515
144 809
145 439
145 1849
145 1904
146 232
146 636
146 1197
146 1818
147 565
147 1334
147 1616
148 1313
149 248
149 1066
149 1080
149 1107
149 1144
149 1530
149 1612
150 350
150 1180
150 1589
150 1879
151 279
151 1116
151 1370
151 1616
151 1643
152 504
152 561
152 841
152 1521
153 630
153 705
153 1078
153 1932
154 1298
155 304
155 333
155 1194
155 1199
155 1494
155 1664
156 982
156 1178
156 1804
156 1819
157 1691
158 720
158 1849
159 258
159 1103
159 1528
159 1730
160 574
161 851
161 936
161 1531
161 1557
161 1754
162 460
162 462
162 516
162 726
162 1130
162 1291
163 1012
163 1175
163 1611
164 381
164 652
164 655
164 1175
165 292
165 475
165 1414
165 1624
165 1845
166 468
166 852
166 983
166 1663
168 491
169 299
169 614
169 728
169 803
169 1105
170 644
170 1129
170 1198
170 1988
171 775
171 1498
172 963
172 1886
173 1260
173 1630
173 1642
173 1783
174 865
174 1399
174 1624
175 338
175 1691
176 206
176 486
176 693
176 1001
176 1565
176 1715
177 1366
177 1919
178 1115
178 1749
179 550
179 1522
180 1745
181 299
181 788
181 840
182 629
182 1451
182 1542
182 1847
183 329
183 410
183 609
183 1274
184 339
184 441
184 922
184 1374
185 349
185 934
185 1808
186 763
186 824
186 927
186 1090
186 1111
186 1613
186 1662
186 1719
186 1903
186 1948
187 733
187 1062
187 1525
188 1671
188 1757
188 1890
189 296
189 614
189 691
189 1513
190 661
191 266
191 319
191 940
191 1168
191 1328
191 1346
191 1382
191 1767
191 1974
192 198
192 1284
193 674
193 759
193 944
194 884
194 1219
194 1337
194 1871
194 1987
195 388
195 846
195 1164
195 1666
195 1748
196 1526
197 306
197 1417
197 1693
198 203
198 902
198 1014
198 1429
199 328
199 488
199 922
199 993
199 1812
199 1902
200 218
200 441
200 915
200 1323
200 1633
201 331
201 1324
201 1705
202 1656
202 1798
203 1134
203 1336
204 404
204 1229
204 1264
204 1738
205 485
205 846
205 1245
205 1620
205 1894
206 389
206 1254
206 1333
207 762
207 1297
207 1835
208 493
208 665
208 760
208 858
208 880
208 1404
208 1738
209 551
209 1040
209 1183
209 1749
210 702
210 1353
210 1927
211 1275
212 303
212 752
212 1463
213 522
213 1127
213 1725
213 1915
213 1990
214 377
214 419
214 436
214 644
214 682
214 1163
215 502
215 812
215 835
215 883
215 1372
215 1584
215 1641
215 1956
215 1973
216 368
216 471
216 747
216 1044
216 1312
217 1435
218 1322
218 1585
218 1596
218 1867
219 1306
219 1995
220 803
220 979
220 1023
220 1098
221 293
221 390
221 818
221 830
221 998
222 1875
223 265
223 729
223 1714
223 1847
224 1179
224 1294
224 1400
224 1755
225 486
225 547
225 829
225 1181
225 1454
227 914
227 1018
227 1995
228 461
228 1830
229 612
229 715
229 1678
230 872
230 1386
230 1861
230 1977
231 750
231 825
231 1438
232 417
234 375
234 1115
235 632
236 379
236 998
236 1531
236 1625
236 1705
236 1949
237 362
237 477
237 527
237 604
237 644
237 677
237 1017
237 1251
237 1693
238 431
238 881
238 1365
239 450
239 1748
240 419
240 1533
240 1619
240 1909
241 319
241 688
241 789
241 1735
242 665
242 1781
243 258
243 626
243 633
243 1425
243 1963
245 1101
245 1164
245 1227
246 285
246 503
246 1058
246 1715
246 1934
247 572
247 718
247 1010
248 556
248 888
249 1157
250 709
251 369
251 383
251 485
251 519
251 1865
251 1963
252 705
252 858
252 876
252 932
252 1079
252 1105
252 1808
252 1910
253 1123
254 1228
254 1424
254 1807
255 918
255 1909
256 371
256 398
257 1400
257 1404
257 1438
257 1739
258 512
258 787
258 1325
259 618
259 771
259 1021
259 1961
260 1861
261 921
261 1340
261 1400
261 1513
261 1569
261 1586
262 297
262 354
262 1630
262 1911
262 1991
263 297
263 1101
263 1230
264 1818
265 1354
265 1362
266 269
266 1484
266 1646
266 1965
267 394
267 572
267 728
267 881
267 1415
268 731
268 881
268 921
268 951
268 1164
268 1350
268 1512
268 1772
269 1552
269 1601
269 1724
270 809
270 1939
271 414
271 1848
272 367
272 472
272 1582
272 1597
273 396
273 767
273 1056
273 1060
273 1935
274 1397
275 487
275 1330
276 1897
277 365
277 649
277 963
277 1109
277 1364
277 1532
278 282
278 507
278 825
278 1458
278 1646
278 1956
279 1456
279 1750
279 1872
280 714
280 951
280 960
280 1013
280 1199
280 1728
281 1859
282 877
283 1732
284 873
284 1410
284 1569
284 1788
284 1839
285 576
285 725
285 905
285 915
285 1076
285 1390
286 375
287 652
287 714
287 1330
288 784
288 823
288 859
288 1240
288 1635
288 1792
289 789
289 1059
289 1065
289 1459
289 1713
290 1391
291 1208
291 1795
292 1557
292 1780
292 1844
292 1992
293 717
293 1247
293 1442
293 1711
294 461
294 505
294 601
294 986
294 1071
294 1822
294 1922
295 1320
296 789
296 1119
297 695
297 1153
297 1316
298 306
298 1255
298 1271
299 352
299 1492
299 1942
300 663
300 888
300 1208
300 1278
300 1489
301 1640
301 1847
302 371
302 1024
302 1028
303 720
303 1165
303 1568
304 1516
305 715
305 1239
305 1281
305 1382
305 1697
305 1951
306 371
306 872
306 976
306 999
306 1122
306 1477
306 1564
306 1834
306 1896
307 632
308 1212
309 812
310 798
310 1206
310 1983
311 547
311 621
311 1371
311 1753
312 1869
313 337
313 541
313 988
313 1264
313 1768
314 468
314 1293
314 1622
315 890
315 1371
315 1514
315 1902
316 1514
316 1669
317 495
317 906
317 1345
317 1713
318 451
318 586
318 760
318 1131
318 1249
318 1535
319 1165
320 827
320 954
320 1669
320 1876
321 379
321 525
321 691
321 1123
322 352
322 623
322 656
322 1052
322 1795
323 656
323 1091
323 1389
323 1699
324 498
324 529
324 1421
324 1634
324 1942
325 368
325 482
325 1161
325 1472
325 1883
326 373
326 1115
326 1234
327 391
327 1021
327 1038
327 1475
328 486
328 1469
328 1515
329 783
329 1196
329 1526
329 1941
330 558
330 579
330 672
330 1239
330 1735
332 452
332 1044
332 1199
332 1264
332 1755
333 697
333 1658
333 1813
333 1957
334 699
334 739
334 1753
334 1870
335 402
335 482
335 1446
336 426
336 950
336 1216
336 1451
337 437
337 908
337 1093
337 1177
337 1409
337 1481
338 832
338 1118
338 1281
339 1198
339 1551
340 1220
340 1477
340 1903
341 920
341 1025
343 770
343 973
343 1430
343 1984
344 1017
344 1834
345 482
345 611
345 1065
346 1103
346 1121
346 1579
347 1100
347 1108
347 1317
347 1410
347 1606
347 1765
349 469
349 575
349 949
350 1291
351 503
351 952
352 517
352 532
352 919
352 973
352 1085
352 1588
352 1720
352 1845
353 462
353 798
353 825
353 888
353 1036
354 814
354 975
356 680
356 1537
356 1556
356 1961
357 595
357 1169
357 1380
357 1723
358 579
358 841
358 1810
359 1269
359 1337
359 1367
359 1401
359 1558
359 1655
360 801
361 1145
361 1549
361 1747
361 1998
362 960
362 1327
362 1761
363 462
363 1867
364 391
364 511
364 806
364 995
364 1176
364 1346
364 1383
364 1466
364 1804
365 503
365 1253
365 1418
366 680
366 1170
366 1604
367 1162
367 1573
367 1888
368 1278
368 1441
369 407
369 426
369 1056
369 1554
369 1815
370 1695
371 1508
372 775
372 1666
373 553
373 1501
373 1661
374 892
374 1742
375 411
375 465
375 587
375 1631
375 1666
376 438
376 684
376 1141
377 949
377 976
377 1108
377 1889
377 1934
378 913
378 988
378 1044
378 1574
378 1683
378 1699
379 526
379 805
379 963
379 1137
379 1464
379 1535
380 440
380 1428
382 833
382 1449
382 1592
382 1674
382 1945
383 836
383 1347
383 1471
383 1931
383 1936
384 423
384 826
384 1448
385 706
385 1072
385 1754
386 1193
386 1480
386 1627
386 1731
386 1735
386 1886
387 916
387 1192
388 729
388 1030
389 847
389 1020
389 1041
389 1169
389 1495
390 920
390 1371
390 1456
391 477
391 762
391 1070
391 1320
391 1712
392 499
392 762
394 756
394 783
394 1683
394 1823
395 569
396 772
396 1355
396 1463
397 886
397 1669
398 581
398 943
398 1086
398 1869
399 425
399 657
399 1565
399 1581
400 436
400 459
400 486
401 595
401 1115
401 1200
401 1587
402 1163
402 1222
403 1428
403 1968
403 1999
404 463
404 1318
404 1358
404 1776
405 1138
405 1338
405 1757
406 423
406 776
406 1780
406 1946
407 593
407 1367
407 1726
408 623
408 677
408 1055
408 1318
408 1416
408 1916
408 1930
409 590
409 605
409 1840
410 703
410 822
410 1755
410 1826
410 1970
411 634
411 1769
415 497
415 1347
415 1599
416 575
416 686
416 930
416 1173
416 1640
416 1888
417 828
417 926
418 986
418 1137
419 585
419 1273
420 437
420 444
420 483
420 1753
421 750
421 1366
421 1417
422 1243
422 1885
423 441
423 601
423 641
423 940
423 1034
423 1147
423 1647
423 1667
423 1953
424 924
424 1144
424 1579
424 1967
425 764
425 1075
425 1440
425 1874
426 544
426 1004
426 1282
426 1393
427 645
427 992
428 614
428 644
428 1603
429 525
429 593
429 1554
430 957
430 1687
431 437
431 1146
431 1615
432 627
432 1822
432 1837
432 1957
433 928
433 1319
434 512
434 1555
434 1751
435 1171
435 1544
436 1329
436 1451
436 1484
437 468
438 553
438 671
438 818
438 1237
438 1543
439 809
439 1407
439 1780
440 710
440 1262
440 1580
441 1113
441 1577
441 1649
441 1895
442 886
442 1353
443 560
443 629
443 670
443 693
443 1034
443 1853
444 593
445 590
445 963
445 1993
446 717
446 1041
446 1463
447 1284
447 1364
448 610
448 1461
448 1726
448 1963
449 461
449 785
449 1027
449 1167
449 1330
450 524
450 798
450 1244
450 1696
451 939
451 982
453 466
453 645
453 1027
453 1176
453 1269
454 737
454 870
454 876
454 1484
454 1805
455 1217
456 1061
457 727
457 1134
458 773
458 924
458 1232
458 1587
458 1736
458 1966
459 1737
460 461
460 626
460 710
460 811
461 948
461 1262
461 1345
461 1735
463 521
463 1678
463 1807
464 682
464 763
464 1903
465 892
465 1567
465 1583
465 1798
466 1168
466 1291
466 1390
466 1518
467 718
467 1271
468 682
468 768
468 991
469 1082
469 1247
469 1303
469 1642
469 1822
470 1021
470 1476
470 1806
470 1845
471 1214
471 1573
471 1622
472 497
472 592
472 1471
473 616
473 1415
473 1889
474 1056
474 1642
474 1699
474 1729
474 1982
475 730
475 1335
475 1563
476 596
476 643
476 948
476 1332
476 1449
476 1457
477 789
477 1619
478 539
478 1591
478 1900
479 958
479 1453
479 1829
480 619
480 962
480 1152
480 1556
483 659
484 624
484 925
484 982
485 1651
486 649
486 1453
487 1660
487 1662
488 1108
488 1114
488 1493
489 642
489 873
489 1320
489 1392
490 599
490 1088
490 1118
490 1679
490 1720
491 1050
491 1216
492 609
492 1429
492 1748
493 818
493 884
493 1156
493 1798
494 1555
494 1770
495 545
495 1331
495 1397
495 1695
495 1824
495 1873
496 974
496 1017
496 1113
496 1749
496 1830
497 1378
497 1419
497 1801
498 610
498 687
498 1256
498 1774
498 1890
499 1551
500 714
500 956
500 1078
500 1394
500 1406
500 1760
501 1700
502 1313
502 1402
502 1804
503 1428
503 1869
504 605
504 694
504 860
504 1162
504 1890
505 584
505 1374
505 1484
506 731
506 818
506 873
506 923
506 935
506 959
506 1111
506 1393
506 1919
507 1593
507 1983
508 874
508 1248
508 1262
510 595
510 1532
511 545
512 1059
512 1158
512 1462
512 1677
513 963
513 1130
513 1453
513 1845
514 1083
514 1498
514 1791
515 1512
515 1582
516 1461
516 1567
517 555
517 720
517 1156
517 1454
518 593
518 670
518 856
518 1435
519 656
519 703
519 876
519 1051
520 572
521 875
521 1565
521 1908
523 1232
524 1560
524 1890
525 1193
525 1348
526 715
526 1186
526 1461
527 747
527 898
527 909
528 839
528 1028
528 1145
528 1333
528 1508
529 568
529 1224
529 1484
529 1805
529 1860
530 1117
530 1517
531 703
531 871
531 1147
531 1663
531 1767
532 1026
532 1182
532 1251
532 1374
533 1176
533 1826
533 1830
535 563
535 1524
535 1644
536 633
536 788
536 1207
537 664
537 857
537 1074
538 891
538 1184
539 1154
541 875
541 1541
541 1656
542 576
542 747
542 1419
543 1445
543 1947
544 1106
544 1249
544 1298
544 1806
544 1883
545 1374
545 1534
545 1860
546 1761
547 857
547 862
547 1014
547 1533
548 813
548 1107
548 1677
549 601
549 1624
549 1638
551 1124
551 1418
551 1659
551 1954
552 876
552 1363
552 1538
552 1893
553 1135
554 1825
555 769
555 988
555 1729
555 1770
556 949
556 1102
557 820
557 853
557 984
557 1574
557 1897
558 892
558 1405
559 1378
559 1444
561 915
562 1328
562 1850
563 702
564 1628
564 1649
565 680
565 768
565 1140
565 1607
565 1622
565 1771
566 1221
566 1769
566 1895
567 1134
567 1830
568 956
569 1825
570 1402
571 716
572 645
572 724
572 796
572 919
572 1331
573 712
573 1085
573 1821
574 1232
574 1303
574 1470
574 1955
575 1179
575 1847
576 658
576 1063
576 1863
577 1007
577 1024
577 1358
578 835
578 1234
578 1984
579 679
579 889
579 1207
579 1835
579 1944
580 914
580 961
580 1100
580 1134
580 1473
581 688
581 1005
581 1834
581 1887
582 723
582 1431
582 1537
582 1632
584 623
584 1231
584 1754
585 633
585 707
585 1567
585 1768
586 823
586 1121
586 1851
588 678
588 885
588 1248
588 1252
589 1307
589 1701
590 748
590 986
590 1097
590 1561
591 772
591 1398
591 1942
592 964
592 1774
593 707
593 909
593 917
593 1010
593 1221
593 1684
593 1688
593 1715
593 1794
594 978
594 1203
594 1659
594 1691
595 1471
595 1624
595 1913
596 1879
596 1962
597 954
597 1088
597 1435
598 1002
598 1085
598 1661
598 1846
599 1371
600 601
600 823
600 1304
600 1519
600 1620
600 1632
600 1909
601 1266
601 1818
601 1999
602 1571
602 1644
603 666
603 1185
603 1841
604 793
604 1175
604 1923
605 1047
605 1218
605 1420
605 1859
605 1868
606 1550
607 1072
608 737
608 1637
609 1063
609 1077
609 1421
610 853
610 941
610 1397
610 1479
611 717
612 891
612 1309
612 1453
612 1597
612 1625
613 1280
613 1974
614 870
614 1931
616 876
616 1699
616 1907
617 637
617 1065
617 1534
617 1633
617 1700
618 1142
618 1567
618 1934
618 1953
619 1018
619 1420
620 1525
621 1680
621 1799
621 1856
622 1579
622 1704
623 1059
623 1634
623 1923
624 793
624 1138
624 1288
624 1696
624 1848
624 1930
625 1039
626 1214
626 1819
627 1418
627 1464
628 879
628 988
628 1349
629 1046
629 1170
629 1688
630 1261
630 1975
631 632
632 1722
633 971
633 1364
633 1968
633 1975
634 999
634 1498
634 1910
635 722
635 1830
636 942
636 1398
636 1487
637 1270
637 1392
638 967
638 1090
639 1541
639 1591
639 1863
640 1317
640 1908
640 1929
641 1129
642 660
643 1051
643 1376
643 1505
643 1693
643 1724
643 1810
643 1812
644 901
644 959
644 1139
644 1433
644 1505
645 1266
645 1791
646 862
646 1791
647 1072
647 1295
647 1567
648 983
648 1001
649 845
649 1926
650 1237
650 1585
651 844
652 919
652 1063
652 1073
652 1339
652 1346
653 1125
653 1504
653 1531
654 720
654 1378
655 1388
655 1558
655 1575
655 1774
656 869
656 1284
656 1356
656 1517
657 876
657 881
657 1438
657 1957
658 771
658 909
659 1137
660 1059
660 1091
660 1161
660 1314
660 1327
660 1922
662 981
662 1087
662 1314
663 748
663 826
663 1548
664 733
664 1016
664 1331
665 950
665 1264
665 1385
666 899
667 1165
667 1576
667 1854
667 1891
667 1942
668 683
669 916
669 1264
669 1292
670 885
670 1560
671 1237
671 1682
672 1345
672 1732
673 1309
674 1075
675 928
675 1220
676 679
676 1015
676 1190
676 1818
676 1881
677 681
677 1280
677 1904
679 1407
680 873
681 1389
681 1904
682 900
682 998
682 1000
682 1527
682 1673
682 1867
683 742
683 922
683 1235
684 1068
684 1714
685 996
685 1727
685 1844
686 868
686 915
686 1524
686 1532
687 1121
687 1332
687 1411
687 1799
688 871
688 907
688 1802
689 751
690 1606
691 1013
691 1820
692 1183
693 875
693 990
693 1599
693 1646
693 1662
693 1930
694 1280
694 1288
695 1549
695 1783
695 1882
696 927
696 1353
697 775
697 937
697 1025
697 1268
697 1671
697 1735
698 1232
699 876
699 1258
699 1808
700 725
700 805
700 909
700 932
700 1400
700 1635
701 1959
702 871
702 969
702 1203
703 842
703 1212
704 992
704 1917
705 744
705 752
705 1092
705 1260
706 941
707 1197
707 1200
707 1753
708 893
708 1773
709 1752
710 743
710 910
710 1661
710 1704
711 1998
712 819
712 824
712 1817
712 1851
712 1864
713 1772
714 857
714 1247
714 1690
715 752
715 1402
715 1477
716 1018
716 1374
716 1379
717 1066
717 1107
717 1264
717 1308
717 1448
717 1568
717 1577
717 1653
717 1682
717 1704
718 746
718 962
718 1126
718 1367
718 1461
718 1614
718 1807
718 1935
720 878
720 1620
720 1878
720 1998
722 771
722 1227
722 1246
723 914
723 1117
723 1256
723 1958
724 829
724 1203
724 1510
724 1534
725 1288
726 842
726 961
726 1285
727 904
727 1075
727 1229
728 1035
728 1699
729 1368
729 1958
730 1352
731 1044
731 1202
731 1958
732 910
732 1244
732 1665
732 1896
733 1227
733 1335
734 753
734 1882
735 938
735 1745
736 1681
736 1707
737 1458
737 1529
737 1697
738 824
738 1044
739 1276
739 1593
740 1584
741 1857
741 1940
741 1961
742 744
742 919
742 963
743 1574
744 1179
744 1418
744 1904
744 1935
745 983
745 1150
745 1363
745 1764
746 1542
746 1857
746 1948
747 774
747 1654
748 977
750 1947
751 1795
752 764
752 1660
753 1586
753 1955
754 922
754 1140
754 1594
754 1606
755 1443
755 1622
756 1941
758 1448
758 1720
758 1747
759 1288
759 1803
759 1894
760 1137
761 1737
761 1972
762 810
763 1264
763 1301
763 1374
763 1503
764 1086
765 1360
766 876
766 984
766 1183
766 1321
766 1703
766 1791
766 1977
768 1159
769 1337
769 1578
769 1797
770 1738
770 1988
772 848
772 873
772 1117
772 1340
773 854
773 1414
774 908
774 974
774 1881
774 1920
775 860
775 912
775 938
775 1343
775 1822
776 932
776 1043
776 1651
777 1834
778 828
778 1301
778 1456
779 1118
779 1285
779 1513
780 1279
781 1237
781 1910
781 1977
782 925
782 1983
783 1104
784 1101
785 926
785 1139
785 1999
787 878
787 954
787 1440
787 1649
787 1838
788 1841
789 818
789 911
789 1092
789 1339
789 1626
790 966
791 1164
792 1045
792 1206
793 1348
793 1524
793 1903
793 1973
794 1273
794 1412
794 1433
798 1471
798 1639
799 1697
800 1012
800 1187
800 1565
801 1787
801 1811
802 808
803 932
803 1017
803 1437
804 1731
805 1197
805 1859
805 1868
806 1108
806 1649
807 1041
807 1220
807 1304
807 1616
808 1518
808 1558
808 1562
808 1767
809 988
809 1701
810 995
810 1706
810 1732
810 1739
810 1913
811 996
811 999
811 1064
811 1298
812 1261
812 1780
813 1792
814 995
814 1599
814 1880
816 1156
816 1320
817 1159
819 989
819 1196
819 1512
819 1821
820 1458
820 1868
821 914
821 1291
821 1369
821 1607
821 1634
822 1056
822 1228
823 1217
823 1747
823 1897
824 889
824 1130
826 1075
827 1180
828 966
828 1058
828 1416
828 1570
829 1383
829 1602
829 1813
829 1901
830 1333
830 1432
830 1835
830 1846
831 1420
831 1876
831 1988
833 865
833 1121
833 1791
833 1810
834 1038
834 1630
834 1763
834 1849
834 1870
835 1302
836 881
836 1051
836 1148
837 1068
837 1681
838 1410
839 949
839 1113
839 1476
839 1724
841 1109
841 1726
842 985
842 1698
843 1869
844 1039
844 1163
844 1796
845 935
845 1012
845 1148
845 1325
845 1545
845 1974
846 1469
847 1116
847 1201
848 901
848 1341
849 1157
849 1603
849 1673
849 1992
850 1695
851 935
851 1042
851 1486
851 1515
851 1841
852 1202
852 1652
852 1894
853 1252
853 1916
854 887
854 1194
854 1602
855 1214
855 1468
855 1636
855 1807
855 1876
856 930
856 954
856 1357
856 1784
856 1786
856 1928
857 900
857 1028
857 1031
857 1071
857 1699
858 912
858 1312
859 900
859 1545
859 1741
860 1704
860 1724
861 930
861 1777
862 1093
863 868
863 1650
865 1659
865 1696
865 1919
866 1179
866 1819
867 1171
868 962
868 1050
868 1349
868 1567
868 1868
869 1024
869 1414
870 933
870 1326
871 1508
872 1425
873 1861
873 1946
873 1989
874 1139
874 1505
875 1285
875 1496
877 1129
877 1694
878 1404
879 1832
880 1850
881 900
881 1282
882 1924
883 1576
884 1201
886 1374
886 1621
887 1645
888 1188
888 1423
888 1633
888 1807
888 1989
889 1119
890 1283
890 1309
891 1537
892 1284
893 1956
894 1147
894 1257
894 1531
894 1795
894 1855
895 1015
895 1361
895 1545
896 1223
896 1758
897 963
897 1120
898 1069
898 1489
899 1002
900 1872
901 1234
901 1931
901 1976
902 1950
903 1214
903 1398
903 1960
905 1274
905 1880
906 1446
906 1778
907 1314
907 1881
908 919
908 977
908 1621
909 924
909 1187
909 1681
910 1042
911 1406
911 1416
911 1512
911 1610
911 1704
912 1288
912 1851
912 1954
913 1089
913 1917
914 1131
914 1194
914 1781
914 1810
915 931
915 1266
916 1961
917 1490
918 1416
919 964
919 1289
919 1511
920 1155
921 999
921 1834
922 1168
922 1264
922 1541
923 977
923 1355
923 1463
923 1528
924 1880
925 1053
925 1253
925 1464
925 1522
925 1878
925 1963
926 1114
926 1585
926 1796
928 1067
929 1030
929 1392
929 1818
931 1467
931 1672
932 1215
932 1745
932 1794
933 980
933 1953
934 1143
934 1327
934 1772
935 1484
936 1320
936 1645
937 1249
937 1407
937 1560
938 1152
938 1525
938 1785
939 1872
940 997
940 1574
941 1318
941 1923
942 1723
943 1101
943 1139
943 1529
944 1039
944 1205
945 1209
946 953
946 1910
947 1157
947 1225
947 1370
947 1438
948 1879
948 1959
949 1052
949 1706
949 1745
950 1008
950 1157
950 1569
951 1782
952 1032
953 1155
953 1362
954 1058
954 1292
955 1257
955 1859
956 1516
956 1742
957 1779
958 1606
959 1703
960 1734
961 1355
961 1434
963 1098
963 1360
963 1549
963 1561
963 1614
963 1951
965 1377
966 1752
967 1476
968 1384
968 1593
968 1955
969 1265
970 1687
970 1936
971 1816
972 1891
973 1588
975 1177
975 1189
975 1453
976 1315
976 1648
976 1764
977 1374
977 1988
979 1206
980 1319
980 1443
980 1460
980 1741
981 1562
981 1832
981 1841
981 1950
982 1381
982 1423
982 1498
983 1571
983 1773
983 1872
984 1012
984 1054
984 1436
984 1779
985 1145
985 1206
986 1350
987 1095
989 1212
989 1373
990 1210
990 1789
991 1232
991 1714
992 1681
992 1713
992 1825
993 1547
994 1305
995 1785
997 1022
997 1123
997 1383
999 1174
999 1189
1000 1037
1001 1708
1002 1936
1002 1948
1003 1373
1004 1425
1004 1493
1005 1711
1006 1128
1006 1622
1006 1638
1006 1944
1007 1582
1007 1794
1008 1236
1009 1438
1009 1653
1010 1043
1010 1585
1010 1856
1011 1329
1011 1844
1011 1858
1012 1177
1012 1299
1012 1637
1012 1771
1012 1906
1013 1106
1013 1280
1013 1599
1014 1279
1014 1406
1016 1052
1016 1610
1017 1350
1017 1787
1018 1217
1018 1403
1018 1411
1018 1887
1018 1992
1019 1227
1019 1274
1019 1399
1019 1737
1020 1077
1020 1256
1020 1602
1020 1769
1021 1854
1022 1302
1022 1597
1022 1598
1022 1679
1022 1747
1022 1812
1022 1845
1022 1849
1023 1096
1023 1101
1023 1220
1023 1866
1024 1062
1024 1129
1025 1842
1025 1931
1026 1496
1026 1663
1026 1677
1027 1223
1027 1337
1028 1725
1028 1989
1029 1507
1029 1862
1030 1403
1030 1654
1030 1737
1030 1801
1030 1831
1031 1444
1032 1263
1034 1216
1034 1687
1035 1304
1035 1693
1036 1490
1036 1896
1037 1163
1037 1907
1038 1849
1039 1580
1039 1696
1039 1896
1039 1976
1043 1087
1043 1620
1044 1848
1045 1173
1045 1721
1045 1791
1046 1128
1047 1111
1047 1918
1048 1531
1048 1813
1049 1926
1051 1329
1051 1744
1051 1798
1053 1802
1054 1175
1054 1255
1055 1650
1056 1126
1056 1269
1056 1284
1056 1321
1057 1177
1057 1822
1058 1318
1059 1183
1059 1528
1059 1710
1059 1981
1059 1997
1060 1371
1061 1304
1061 1671
1062 1311
1063 1124
1063 1247
1063 1292
1064 1859
1065 1463
1065 1568
1067 1415
1068 1170
1068 1734
1068 1811
1069 1122
1069 1546
1069 1686
1070 1576
1071 1166
1071 1730
1072 1598
1074 1907
1074 1973
1075 1316
1076 1114
1076 1275
1076 1708
1077 1233
1078 1733
1080 1269
1080 1599
1081 1306
1081 1394
1081 1685
1081 1789
1081 1812
1082 1460
1082 1969
1082 1972
1083 1530
1086 1546
1087 1167
1087 1896
1088 1996
1090 1098
1090 1368
1092 1196
1092 1658
1092 1762
1093 1580
1094 1446
1094 1537
1094 1759
1095 1925
1096 1146
1096 1289
1097 1746
1097 1950
1098 1177
1099 1611
1099 1765
1100 1273
1101 1267
1101 1525
1101 1659
1102 1300
1103 1495
1105 1406
1105 1668
1105 1819
1106 1333
1107 1252
1107 1375
1107 1650
1107 1725
1108 1269
1108 1740
1108 1831
1108 1917
1109 1882
1111 1490
1111 1571
1112 1445
1112 1612
1112 1636
1112 1783
1113 1452
1113 1561
1113 1669
1113 1792
1114 1592
1114 1880
1115 1976
1116 1382
1116 1813
1116 1896
1117 1472
1117 1701
1117 1947
1118 1413
1118 1547
1118 1787
1118 1987
1119 1495
1119 1886
1119 1909
1120 1186
1121 1527
1121 1547
1122 1591
1123 1143
1123 1390
1124 1474
1124 1902
1125 1269
1125 1567
1126 1967
1127 1391
1127 1399
1127 1696
1127 1983
1128 1239
1128 1584
1129 1579
1129 1733
1131 1459
1131 1587
1131 1690
1132 1452
1132 1673
1132 1752
1134 1314
1135 1895
1137 1569
1137 1664
1138 1241
1138 1329
1138 1707
1138 1840
1138 1982
1139 1250
1139 1975
1140 1474
1141 1892
1141 1944
1142 1457
1142 1783
1142 1873
1143 1689
1144 1202
1145 1423
1145 1661
1145 1929
1146 1683
1147 1280
1147 1778
1147 1891
1148 1878
1148 1961
1149 1954
1150 1796
1150 1886
1151 1274
1153 1919
1154 1528
1154 1674
1154 1842
1155 1401
1156 1373
1157 1893
1159 1522
1159 1699
1160 1741
1161 1531
1161 1632
1161 1652
1161 1969
1163 1435
1163 1661
1164 1312
1164 1493
1165 1253
1165 1875
1166 1566
1166 1843
1166 1860
1168 1236
1169 1503
1170 1564
1170 1649
1170 1802
1171 1301
1171 1636
1171 1772
1172 1700
1173 1357
1173 1825
1174 1327
1174 1329
1174 1381
1174 1520
1174 1771
1175 1407
1175 1736
1175 1773
1175 1786
1175 1798
1175 1982
1176 1293
1177 1276
1177 1463
1177 1573
1178 1379
1178 1490
1178 1695
1178 1884
1180 1271
1180 1372
1180 1559
1181 1208
1181 1564
1182 1498
1182 1988
1182 1994
1183 1791
1184 1253
1185 1538
1186 1930
1188 1467
1188 1478
1190 1482
1190 1624
1192 1327
1192 1382
1193 1897
1194 1679
1194 1818
1196 1285
1196 1456
1196 1702
1197 1286
1197 1974
1198 1818
1198 1954
1199 1597
1200 1852
1201 1473
1201 1715
1202 1415
1202 1544
1204 1557
1204 1567
1204 1628
1205 1365
1205 1680
1205 1865
1206 1418
1206 1948
1206 1987
1208 1415
1208 1602
1208 1657
1208 1875
1208 1920
1209 1321
1211 1225
1211 1621
1211 1793
1211 1813
1212 1247
1212 1604
1212 1753
1213 1233
1213 1419
1214 1571
1214 1677
1214 1866
1215 1670
1215 1678
1215 1844
1216 1327
1216 1352
1216 1724
1216 1823
1217 1257
1217 1854
1218 1684
1218 1966
1221 1981
1222 1508
1222 1929
1223 1585
1223 1772
1223 1937
1225 1485
1225 1563
1226 1444
1226 1515
1226 1544
1226 1665
1226 1960
1228 1587
1229 1230
1230 1595
1230 1871
1230 1945
1232 1435
1232 1654
1233 1376
1233 1790
1233 1914
1235 1426
1235 1543
1237 1456
1238 1834
1240 1619
1241 1726
1242 1344
1243 1385
1243 1740
1247 1368
1247 1676
1247 1692
1247 1703
1249 1434
1250 1799
1252 1261
1253 1839
1253 1962
1253 1988
1254 1331
1255 1736
1256 1959
1257 1667
1259 1507
1259 1568
1259 1765
1261 1342
1263 1320
1263 1425
1264 1735
1265 1488
1265 1589
1265 1813
1265 1902
1266 1892
1268 1641
1269 1485
1271 1916
1273 1554
1273 1575
1273 1748
1274 1292
1274 1541
1275 1514
1275 1703
1275 1825
1275 1833
1276 1482
1276 1722
1277 1705
1277 1880
1277 1885
1278 1561
1278 1746
1279 1671
1279 1753
1280 1627
1281 1584
1283 1528
1283 1666
1284 1353
1284 1760
1284 1855
1286 1781
1286 1809
1286 1887
1287 1405
1287 1704
1288 1847
1288 1954
1289 1729
1290 1315
1290 1322
1290 1655
1290 1796
1291 1709
1291 1801
1291 1813
1291 1903
1292 1542
1292 1900
1294 1338
1294 1756
1295 1931
1297 1324
1297 1929
1298 1957
1299 1697
1299 1727
1300 1724
1301 1605
1301 1629
1301 1745
1301 1916
1302 1710
1303 1906
1304 1362
1305 1632
1305 1782
1306 1599
1306 1673
1306 1909
1307 1433
1307 1663
1307 1893
1308 1534
1308 1581
1310 1366
1310 1749
1311 1467
1311 1828
1312 1822
1313 1522
1313 1584
1313 1955
1314 1427
1316 1432
1316 1439
1316 1500
1316 1639
1316 1999
1318 1507
1319 1522
1319 1663
1319 1700
1319 1998
1321 1377
1321 1443
1323 1594
1324 1779
1325 1345
1326 1373
1326 1803
1327 1463
1327 1589
1327 1646
1327 1959
1327 1993
1328 1690
1330 1379
1330 1767
1335 1381
1335 1850
1336 1547
1336 1797
1337 1603
1339 1988
1340 1753
1341 1549
1343 1793
1346 1374
1346 1425
1346 1740
1347 1666
1347 1735
1348 1478
1349 1803
1351 1412
1351 1471
1352 1942
1353 1611
1356 1560
1357 1405
1362 1435
1363 1558
1363 1560
1363 1822
1364 1546
1367 1652
1368 1569
1368 1622
1368 1748
1369 1542
1369 1544
1369 1625
1371 1460
1371 1596
1371 1661
1371 1982
1372 1846
1372 1993
1374 1392
1374 1810
1374 1983
1375 1792
1375 1808
1378 1795
1380 1827
1381 1555
1381 1610
1381 1785
1381 1881
1381 1967
1382 1759
1382 1842
1383 1518
1384 1399
1384 1825
1385 1953
1388 1519
1388 1885
1390 1608
1390 1985
1391 1966
1395 1915
1397 1762
1398 1649
1398 1705
1399 1547
1399 1805
1399 1809
1400 1695
1401 1509
1401 1946
1401 1985
1402 1695
1403 1697
1404 1577
1406 1736
1407 1460
1409 1824
1411 1536
1411 1914
1416 1499
1416 1653
1416 1763
1416 1934
1417 1535
1417 1787
1418 1635
1418 1669
1419 1865
1420 1633
1423 1825
1425 1930
1425 1946
1425 1994
1426 1588
1427 1493
1427 1760
1427 1989
1428 1903
1430 1731
1430 1871
1431 1559
1431 1706
1431 1925
1432 1794
1433 1600
1434 1712
1434 1723
1434 1727
1435 1495
1436 1554
1436 1728
1437 1503
1437 1618
1437 1637
1437 1731
1437 1970
1438 1737
1439 1707
1441 1457
1441 1761
1441 1994
1442 1652
1443 1582
1443 1782
1443 1847
1445 1566
1445 1740
1445 1937
1448 1829
1449 1686
1450 1459
1450 1462
1453 1531
1453 1564
1454 1791
1455 1577
1455 1726
1459 1745
1459 1918
1461 1952
1461 1971
1461 1977
1462 1509
1464 1518
1464 1721
1464 1883
1465 1681
1465 1957
1465 1975
1466 1537
1466 1668
1466 1734
1468 1539
1468 1830
1469 1632
1470 1483
1471 1726
1471 1871
1471 1963
1471 1990
1472 1768
1472 1923
1473 1767
1473 1938
1475 1534
1475 1551
1475 1772
1476 1958
1477 1576
1477 1637
1477 1723
1477 1741
1479 1762
1479 1808
1479 1912
1481 1720
1483 1630
1485 1735
1485 1960
1487 1523
1487 1757
1487 1904
1488 1762
1488 1781
1490 1984
1491 1942
1492 1788
1492 1974
1492 1997
1493 1660
1496 1775
1497 1992
1498 1694
1499 1601
1499 1885
1499 1952
1502 1579
1504 1624
1505 1529
1506 1663
1506 1837
1507 1883
1508 1908
1509 1915
1510 1936
1512 1931
1512 1974
1514 1524
1515 1668
1516 1930
1517 1556
1517 1947
1519 1556
1521 1781
1522 1791
1522 1975
1523 1849
1525 1679
1525 1800
1527 1741
1528 1645
1530 1867
1532 1655
1533 1548
1533 1807
1535 1695
1536 1841
1537 1562
1538 1593
1538 1700
1538 1860
1538 1962
1539 1934
1540 1888
1540 1904
1542 1767
1543 1635
1543 1656
1543 1703
1544 1770
1544 1936
1546 1677
1547 1609
1548 1834
1549 1557
1549 1689
1549 1952
1550 1725
1550 1901
1552 1630
1553 1832
1556 1829
1557 1739
1557 1787
1558 1698
1561 1928
1562 1905
1563 1822
1564 1776
1566 1822
1569 1649
1569 1815
1570 1797
1574 1795
1575 1758
1577 1707
1578 1759
1579 1789
1580 1661
1582 1687
1582 1798
1583 1712
1584 1591
1585 1647
1586 1732
1586 1801
1587 1735
1587 1772
1587 1966
1588 1957
1589 1678
1590 1932
1591 1615
1591 1880
1591 1882
1591 1956
1593 1999
1594 1857
1595 1621
1597 1919
1598 1823
1598 1845
1599 1944
1600 1793
1602 1795
1602 1820
1606 1632
1606 1702
1606 1884
1606 1924
1607 1651
1607 1948
1609 1811
1612 1722
1612 1803
1612 1904
1614 1674
1614 1688
1616 1991
1620 1875
1622 1814
1624 1961
1624 1988
1625 1653
1625 1891
1627 1664
1628 1808
1630 1729
1633 1704
1634 1987
1636 1981
1637 1753
1640 1752
1644 1957
1645 1945
1648 1656
1649 1976
1651 1978
1653 1662
1656 1809
1657 1838
1657 1891
1663 1868
1664 1844
1665 1751
1666 1703
1666 1706
1666 1759
1667 1937
1667 1976
1668 1868
1669 1740
1671 1796
1673 1701
1676 1782
1677 1859
1678 1731
1679 1834
1679 1902
1679 1990
1682 1714
1682 1836
1685 1945
1686 1924
1689 1839
1690 1877
1690 1903
1690 1924
1691 1877
1692 1977
1695 1738
1696 1716
1696 1822
1698 1995
1700 1789
1700 1831
1702 1737
1703 1865
1705 1804
1706 1997
1713 1917
1715 1717
1715 1775
1716 1789
1716 1792
1722 1857
1722 1866
1723 1889
1730 1770
1730 1833
1730 1858
1732 1849
1733 1987
1743 1840
1743 1841
1746 1839
1747 1784
1747 1951
1748 1936
1752 1917
1753 1876
1755 1765
1755 1956
1760 1898
1763 1877
1765 1832
1765 1946
1766 1910
1768 1790
1774 1855
1776 1904
1785 1866
1785 1903
1787 1939
1789 1832
1789 1892
1790 1952
1792 1958
1800 1821
1807 1894
1807 1895
1809 1860
1813 1891
1815 1948
1817 1872
1819 1858
1820 1906
1823 1825
1823 1953
1825 1837
1827 1873
1829 1910
1831 1875
1832 1866
1836 1878
1848 1918
1850 1873
1860 1888
1860 1906
1869 1963
1871 1981
1878 1947
1887 1967
1889 1946
1895 1942
1906 1990
1928 1937
1936 1965
1947 1976
1949 1950
