0 1
0 2
0 3
0 4
0 6
0 8
0 9
0 10
0 15
0 23
0 25
0 29
0 36
0 42
0 43
0 52
0 55
0 73
0 75
0 79
0 82
0 91
0 92
0 94
0 111
0 113
0 123
0 124
1 2
1 3
1 7
1 9
1 11
1 12
1 18
1 19
1 26
1 27
1 36
1 45
1 46
1 60
1 73
1 78
1 89
1 98
1 101
1 109
1 117
1 119
2 6
2 7
2 21
2 32
2 44
2 47
2 78
2 81
2 83
3 4
3 5
3 13
3 18
3 27
3 35
3 38
3 39
3 41
3 64
3 71
3 72
3 76
3 93
3 95
3 101
3 105
3 110
3 114
3 115
3 121
4 5
4 8
4 10
4 22
4 34
4 35
4 43
4 77
4 81
6 33
7 12
7 13
7 15
7 16
7 19
7 20
7 24
7 30
7 32
7 38
7 48
7 49
7 51
7 53
7 59
7 62
7 63
7 65
7 70
7 72
7 74
7 80
7 89
7 94
7 96
7 98
7 99
7 100
7 107
8 11
8 14
8 80
8 84
8 105
9 14
9 16
9 17
9 23
9 28
9 31
9 33
9 34
9 42
9 52
9 53
9 58
9 61
9 62
9 66
9 68
9 69
9 74
9 82
9 83
9 85
9 87
9 88
9 95
9 100
9 102
9 104
9 109
9 116
9 120
10 69
10 84
11 21
11 22
11 37
11 39
11 44
11 57
11 66
11 86
11 88
11 90
11 107
11 117
14 26
14 37
14 54
14 58
14 106
14 108
14 124
15 17
15 24
15 30
15 41
15 46
15 90
15 106
15 116
16 31
16 48
16 70
16 75
18 20
18 25
18 61
18 85
18 111
18 122
21 28
21 50
21 79
22 65
22 71
24 59
24 76
26 29
26 86
27 57
27 97
27 114
28 45
28 49
28 50
28 51
28 55
28 64
28 99
30 63
31 110
32 40
32 92
35 40
39 54
41 47
41 91
42 67
43 56
46 122
47 60
52 56
52 120
52 123
55 108
57 112
57 118
58 102
58 119
59 103
61 67
61 77
61 118
64 68
66 113
73 93
77 112
80 97
80 104
81 87
81 121
92 96
100 103
113 115
