0 1
0 2
0 4
0 5
0 10
0 11
0 12
0 19
0 23
0 26
0 35
0 36
0 40
0 42
0 46
0 48
0 49
0 63
0 64
0 66
0 67
0 73
0 76
0 79
0 80
0 95
0 97
0 100
0 118
0 121
0 124
0 125
0 130
0 138
0 147
0 159
0 185
0 186
0 198
0 211
0 215
0 219
0 228
0 236
0 241
0 261
0 266
0 269
0 278
0 291
0 302
0 305
0 311
0 338
0 359
0 378
0 387
0 396
0 420
0 426
0 432
0 437
0 450
0 476
0 477
0 492
1 2
1 3
1 6
1 7
1 11
1 16
1 17
1 25
1 27
1 33
1 34
1 41
1 45
1 49
1 59
1 67
1 68
1 71
1 78
1 90
1 91
1 92
1 105
1 112
1 117
1 122
1 123
1 135
1 148
1 149
1 151
1 158
1 159
1 165
1 186
1 191
1 203
1 205
1 246
1 248
1 252
1 262
1 273
1 283
1 293
1 314
1 333
1 343
1 345
1 351
1 360
1 361
1 365
1 370
1 375
1 388
1 389
1 413
1 428
1 431
1 436
1 439
1 452
1 454
1 461
1 481
2 3
2 5
2 6
2 8
2 10
2 12
2 13
2 14
2 15
2 20
2 22
2 23
2 24
2 27
2 28
2 29
2 30
2 33
2 37
2 38
2 39
2 41
2 44
2 55
2 57
2 59
2 63
2 65
2 70
2 73
2 76
2 83
2 84
2 85
2 88
2 89
2 91
2 94
2 95
2 97
2 100
2 101
2 103
2 109
2 116
2 124
2 129
2 136
2 138
2 142
2 146
2 147
2 154
2 156
2 160
2 167
2 170
2 174
2 187
2 190
2 199
2 208
2 209
2 220
2 227
2 232
2 235
2 245
2 248
2 250
2 253
2 254
2 259
2 262
2 267
2 269
2 274
2 282
2 290
2 300
2 301
2 304
2 318
2 331
2 337
2 339
2 340
2 344
2 351
2 352
2 354
2 357
2 360
2 366
2 371
2 373
2 382
2 383
2 386
2 390
2 397
2 401
2 414
2 419
2 425
2 447
2 448
2 451
2 463
2 465
2 469
2 471
2 472
2 476
2 477
2 479
2 486
2 493
2 497
3 4
3 7
3 19
3 21
3 26
3 30
3 31
3 35
3 36
3 42
3 50
3 51
3 52
3 53
3 55
3 58
3 68
3 69
3 82
3 90
3 96
3 103
3 108
3 110
3 111
3 113
3 114
3 118
3 121
3 126
3 127
3 131
3 135
3 140
3 141
3 144
3 150
3 157
3 161
3 162
3 171
3 176
3 180
3 191
3 193
3 194
3 195
3 197
3 199
3 200
3 202
3 206
3 213
3 217
3 219
3 223
3 224
3 225
3 234
3 239
3 244
3 252
3 255
3 257
3 258
3 268
3 271
3 272
3 280
3 284
3 292
3 297
3 315
3 325
3 334
3 335
3 346
3 349
3 353
3 355
3 390
3 405
3 407
3 414
3 423
3 429
3 444
3 448
3 452
3 456
3 463
3 469
3 473
3 474
3 481
3 489
3 498
3 499
4 9
4 32
4 61
4 65
4 87
4 106
4 120
4 131
4 133
4 134
4 173
4 192
4 215
4 247
4 337
4 358
4 367
4 379
4 427
4 433
5 34
5 66
5 98
5 280
6 8
6 9
6 15
6 20
6 21
6 24
6 28
6 37
6 45
6 46
6 57
6 60
6 82
6 179
6 246
6 267
6 285
6 298
6 325
6 330
6 372
6 376
6 380
6 405
6 439
6 446
6 456
6 478
6 480
7 17
7 332
7 354
8 14
8 54
8 64
8 69
8 71
8 75
8 77
8 83
8 87
8 109
8 132
8 166
8 167
8 174
8 175
8 189
8 210
8 228
8 235
8 320
8 324
8 412
8 417
8 424
8 441
8 465
10 16
10 22
10 177
11 322
12 13
12 18
12 60
12 62
12 74
12 75
12 80
12 112
12 113
12 117
12 125
12 128
12 141
12 148
12 168
12 170
12 181
12 250
12 277
12 311
12 420
12 430
12 455
13 441
14 43
14 416
15 29
15 39
15 43
15 44
15 51
15 77
15 79
15 94
15 107
15 120
15 143
15 173
15 178
15 192
15 202
15 254
15 274
15 288
15 315
15 364
15 488
17 18
17 126
17 146
17 238
17 295
17 459
18 393
20 410
21 52
21 251
21 265
21 485
22 230
23 72
23 168
23 275
23 434
24 25
24 31
24 123
24 162
24 239
25 40
25 50
25 70
25 114
25 129
25 156
25 224
25 286
25 415
26 38
26 207
26 256
26 362
27 213
27 319
28 496
29 240
30 32
30 47
30 101
30 179
30 218
30 242
30 257
30 310
30 326
31 366
31 385
31 407
33 93
33 139
33 183
33 208
33 211
33 279
33 384
34 115
34 153
34 222
34 413
34 418
35 47
35 48
35 264
35 278
35 440
35 494
37 93
37 231
37 291
37 335
37 385
37 419
39 309
40 56
40 81
40 111
40 172
40 216
40 222
40 485
41 56
41 61
41 99
41 137
41 149
41 214
41 263
41 271
41 283
41 300
41 344
41 375
41 382
41 442
41 464
42 62
42 483
43 364
44 53
44 218
44 275
44 475
45 290
45 331
45 410
46 176
48 58
48 74
48 86
48 133
48 143
48 196
48 299
48 326
48 328
48 350
48 397
48 399
48 428
48 433
48 483
48 484
51 54
51 107
51 145
51 157
51 182
51 193
51 336
51 363
51 429
53 314
54 85
54 169
54 223
54 265
54 445
55 310
55 478
57 158
57 221
59 78
59 136
59 196
59 198
59 279
59 309
59 339
59 381
59 437
59 454
59 482
60 104
60 260
61 152
61 214
61 253
61 281
61 408
62 81
62 98
62 99
62 104
62 119
62 163
62 164
62 200
62 209
62 220
62 226
62 234
62 263
62 296
62 303
62 308
62 365
62 384
62 409
63 72
63 102
63 298
64 119
64 122
64 145
64 165
64 203
64 212
64 249
64 307
64 323
64 327
64 393
64 416
64 424
64 435
64 443
64 479
66 106
66 341
66 386
68 132
68 226
68 293
70 178
71 86
71 102
71 177
71 266
71 367
72 96
72 105
72 127
72 161
72 247
72 342
72 457
74 115
74 152
74 284
74 322
76 150
76 164
76 422
78 84
79 110
79 287
79 406
79 489
80 137
80 183
80 197
80 270
80 402
81 88
81 89
81 155
81 277
81 391
83 304
83 369
83 404
85 194
86 238
88 445
89 92
89 108
89 236
89 373
90 172
90 195
90 306
90 323
92 411
94 160
94 207
94 285
94 377
95 184
95 204
95 217
95 316
96 128
96 329
97 251
97 299
97 355
98 139
102 233
103 153
103 189
103 231
103 412
103 482
105 144
105 212
106 116
106 206
107 130
107 154
107 175
107 184
107 190
107 210
107 455
107 468
107 471
109 359
110 140
110 487
113 261
113 327
113 346
114 242
115 273
117 151
117 204
119 225
119 377
120 205
120 294
120 296
120 402
120 417
120 436
121 305
122 374
124 240
126 134
126 411
128 392
128 401
129 181
129 188
130 142
131 241
131 332
131 423
132 321
132 395
133 498
135 185
137 229
137 289
139 180
139 201
139 227
140 188
140 276
140 328
141 348
142 334
142 371
142 430
143 163
143 438
144 216
144 340
144 490
145 357
145 370
145 389
145 422
145 461
146 155
146 171
147 187
147 233
147 260
149 169
150 297
152 230
152 341
153 349
153 464
157 295
159 264
163 166
165 438
166 282
166 320
166 392
166 443
166 457
168 237
168 286
168 475
170 317
171 368
171 484
172 302
173 460
176 492
178 182
180 376
180 394
181 289
181 444
183 221
183 333
185 287
185 362
185 406
190 381
190 467
191 201
191 259
191 303
191 363
195 256
196 449
197 288
197 356
197 379
198 229
198 462
199 435
201 237
201 426
202 318
202 338
203 403
206 243
206 258
206 307
206 470
207 480
208 272
208 446
209 319
210 244
210 403
211 380
212 400
213 249
213 255
214 440
216 395
217 308
217 488
219 345
220 232
223 316
224 281
225 243
225 466
226 494
228 343
229 330
232 270
232 348
234 313
234 342
235 276
235 394
235 462
236 268
237 356
239 301
239 408
240 245
240 421
240 449
241 306
242 347
251 409
251 460
252 312
252 495
253 391
255 473
256 447
257 292
258 399
259 368
259 495
262 369
262 468
263 312
264 398
265 350
266 313
266 493
268 421
268 453
269 497
270 398
274 496
276 329
276 396
277 431
278 294
278 317
278 383
280 466
282 418
288 372
288 491
294 388
296 427
308 321
308 324
308 352
309 415
311 358
313 442
314 450
316 336
316 378
316 387
318 453
325 434
327 353
341 425
344 404
346 347
351 490
355 361
357 458
360 491
368 374
375 432
380 400
388 474
392 451
404 459
426 499
428 458
455 470
464 467
466 472
482 486
484 487
