0 10
0 23
0 57
0 103
0 150
0 164
0 179
0 184
1 30
1 53
1 56
1 79
1 157
2 100
3 156
3 235
4 109
4 112
5 6
5 67
5 119
5 155
6 10
6 32
6 62
6 81
6 91
6 99
6 121
6 174
7 15
7 129
7 131
7 207
8 65
8 136
9 18
9 19
9 21
9 43
9 105
9 130
9 168
9 199
9 237
10 22
10 68
10 141
10 232
11 44
11 71
11 112
12 112
12 139
12 194
13 43
13 95
13 161
14 61
14 173
14 193
14 221
14 236
15 61
15 127
15 170
15 198
15 204
15 237
16 151
16 207
17 77
17 83
17 94
17 174
17 201
17 234
18 34
18 174
18 175
18 180
18 194
19 163
19 216
19 222
20 168
20 222
20 243
21 46
21 63
21 103
21 197
21 234
22 34
23 105
23 171
23 209
24 40
24 75
24 126
24 196
24 237
25 105
25 152
26 48
26 153
27 87
27 100
27 158
27 210
28 78
28 102
28 128
28 230
29 242
29 245
30 66
30 99
30 230
30 248
31 84
31 147
31 153
31 239
32 162
32 229
33 194
34 48
34 183
35 44
35 66
35 144
35 158
36 134
37 54
37 105
37 195
38 88
38 94
38 151
39 168
39 181
39 230
40 72
40 177
41 146
41 204
41 210
42 81
42 184
42 198
43 93
43 112
43 151
43 188
43 232
44 104
44 106
44 149
44 213
45 120
45 144
45 203
45 238
46 74
46 121
46 122
46 238
46 249
48 63
48 93
48 96
48 172
49 66
49 136
49 215
49 217
49 242
50 151
50 173
52 85
52 89
52 94
52 164
52 174
52 175
53 133
53 150
53 188
53 189
53 209
53 211
54 79
54 90
54 96
54 97
54 127
54 163
54 226
54 239
55 82
55 151
55 218
56 59
56 89
56 109
56 233
57 122
57 137
57 161
57 169
58 116
58 166
59 166
60 77
60 132
60 144
61 110
61 142
61 156
61 159
62 67
62 200
63 90
64 66
64 189
64 195
65 80
65 85
65 132
66 136
67 114
67 150
67 187
68 89
68 122
68 130
68 166
68 207
68 242
69 79
69 88
69 117
69 135
69 140
69 222
69 224
69 227
70 109
70 125
70 194
71 135
71 149
71 182
71 191
72 136
72 154
72 160
72 233
73 191
73 199
73 202
73 203
73 215
74 209
74 224
75 151
75 215
75 228
77 79
77 180
77 240
78 142
78 159
79 146
79 236
80 87
80 146
80 224
81 118
81 156
81 181
82 180
83 100
83 158
84 129
84 183
84 221
85 184
86 95
86 135
86 154
86 176
86 206
88 110
88 128
88 184
88 206
88 231
89 213
90 176
91 117
91 222
91 242
94 139
94 152
94 205
95 103
95 129
95 136
95 152
95 178
95 224
96 175
98 177
98 199
98 234
98 247
99 105
99 132
99 153
99 225
99 235
100 154
100 235
101 186
101 204
101 211
102 104
102 197
102 221
102 227
103 226
104 206
104 238
105 207
106 177
106 185
106 188
107 169
107 214
108 120
108 164
109 131
109 200
109 209
110 116
110 143
110 157
111 139
111 186
112 119
112 180
113 129
113 167
113 177
113 216
114 127
114 182
114 205
114 215
114 217
114 236
114 242
114 245
115 217
116 210
117 126
117 224
118 154
118 187
119 159
119 193
120 177
120 192
120 200
120 201
121 177
121 186
122 184
122 185
122 228
123 222
125 207
126 217
126 219
127 134
127 151
127 158
127 190
127 218
127 236
128 198
129 148
129 152
129 190
130 158
131 181
132 169
132 223
132 236
133 182
134 201
134 213
134 222
135 194
135 200
137 169
137 200
138 239
138 248
139 174
140 151
140 199
140 236
141 185
142 153
142 207
143 185
143 221
144 147
144 211
145 227
146 240
147 158
147 181
147 182
147 198
147 222
148 204
148 237
150 177
151 159
151 225
154 204
156 234
157 170
157 191
157 209
157 238
157 243
158 169
159 167
159 235
160 174
161 195
161 237
163 234
164 186
164 189
164 201
164 234
165 198
166 249
167 235
167 237
168 211
168 248
169 178
169 184
169 187
170 201
170 229
170 234
170 244
172 193
172 194
172 210
174 225
174 232
176 240
177 225
178 194
179 184
180 207
181 202
184 187
184 188
186 228
187 195
187 212
188 211
189 218
189 224
190 215
190 221
190 223
191 233
195 202
196 208
197 242
199 220
200 226
203 206
205 226
206 209
207 228
208 221
209 226
209 238
210 218
210 240
213 214
214 237
215 231
218 223
218 229
219 243
219 245
220 247
224 227
234 243
