0 13
0 115
1 39
1 100
1 193
1 326
2 3
2 4
2 208
2 232
2 249
2 307
2 455
3 55
3 127
3 434
4 230
4 398
4 468
5 240
5 272
5 468
6 364
7 8
7 99
7 289
8 130
8 281
8 334
8 481
9 35
9 370
9 402
9 405
9 461
10 20
10 251
10 457
11 16
12 245
12 270
12 328
13 159
13 344
13 417
14 58
14 253
14 290
14 423
14 448
15 178
15 222
15 405
15 415
16 261
16 345
17 110
17 274
17 302
17 333
18 256
18 292
18 419
19 218
19 443
20 92
20 106
20 110
20 149
20 221
20 253
20 362
20 397
20 466
21 53
21 207
21 340
21 395
22 342
22 358
22 414
23 103
23 237
23 310
24 418
25 27
25 80
25 136
25 144
25 147
25 235
25 264
25 459
25 462
26 204
26 337
27 265
27 275
27 445
28 199
28 333
29 67
29 81
29 299
29 300
30 85
30 179
30 231
30 303
30 364
31 465
31 473
32 165
32 169
32 259
32 446
32 466
33 124
33 322
33 429
33 430
33 482
33 499
34 52
34 90
34 381
34 400
34 465
35 144
35 153
35 261
35 300
35 314
35 423
35 487
36 192
36 201
36 245
36 294
36 302
36 412
37 354
38 45
38 478
38 482
38 497
39 42
39 145
39 204
39 444
40 105
40 153
40 239
40 393
40 411
41 90
41 145
41 235
41 290
41 471
42 86
42 357
42 418
42 496
43 57
43 231
45 129
45 249
46 266
46 492
47 62
47 212
47 324
48 96
48 420
48 456
48 478
49 418
50 179
50 250
50 380
50 383
50 421
50 426
51 153
51 183
52 81
52 94
52 162
52 169
52 288
52 296
52 315
52 387
53 257
53 440
54 333
54 473
55 142
55 339
55 346
56 423
58 337
58 416
59 292
59 440
60 191
60 275
60 366
61 142
61 212
61 269
61 361
61 407
62 166
62 184
62 363
62 402
63 147
63 202
63 240
64 199
64 321
64 401
65 284
66 132
66 147
66 165
66 169
66 306
67 149
67 274
67 300
68 130
68 149
68 196
68 244
68 353
68 475
70 93
70 117
70 136
70 277
70 347
70 413
70 473
71 261
71 308
71 415
72 228
72 242
72 298
72 363
72 414
72 466
73 173
74 176
74 320
74 322
74 395
75 140
76 90
76 248
77 121
77 228
77 238
77 317
78 96
78 367
78 476
79 116
79 223
79 387
80 151
80 384
80 393
80 444
80 470
81 230
81 350
82 183
83 432
84 154
85 395
86 185
86 263
87 146
87 446
88 413
89 186
89 188
89 358
90 299
91 181
91 262
91 401
92 388
92 410
93 193
94 96
94 103
94 209
94 317
94 362
94 409
94 497
95 309
95 438
96 124
96 138
96 236
96 290
96 409
97 277
97 488
98 155
98 202
98 268
98 362
99 216
99 228
99 331
100 148
100 239
100 356
100 467
101 267
101 329
101 482
102 118
102 386
102 416
102 481
103 266
103 327
103 330
103 497
105 123
106 200
106 201
106 272
106 281
106 351
106 407
106 454
107 298
107 464
108 377
109 122
109 248
109 308
109 391
109 417
110 148
110 218
110 245
110 269
110 326
110 449
111 116
111 192
111 320
111 327
111 354
112 208
112 268
112 298
112 322
113 229
113 446
114 115
114 118
114 309
114 321
114 372
115 285
115 344
115 406
115 407
116 164
116 181
117 182
117 183
117 200
117 233
117 301
117 401
117 446
117 459
117 491
118 325
119 241
119 318
119 319
119 443
120 150
120 307
120 494
121 133
121 183
121 348
121 361
121 404
122 382
122 422
123 341
123 437
123 457
123 463
124 221
125 140
125 309
126 141
126 142
126 167
126 216
126 223
126 421
127 364
127 377
128 173
129 166
129 191
129 242
129 284
129 393
130 138
130 323
130 342
130 400
131 493
131 494
132 199
132 263
132 376
132 422
133 193
133 345
134 164
134 185
134 291
135 226
135 227
135 374
135 480
136 376
136 445
136 489
137 144
137 212
137 351
138 158
138 181
138 248
138 429
139 197
139 306
139 441
140 264
140 290
140 467
140 478
141 172
141 350
141 435
142 290
142 340
143 287
143 375
143 393
144 251
145 317
146 332
146 432
147 201
147 203
147 276
147 299
147 489
149 253
149 289
149 359
149 374
149 400
149 417
149 464
150 295
150 449
150 456
150 494
151 177
151 390
151 428
154 290
154 292
154 294
155 206
155 220
155 252
155 409
158 295
158 409
159 255
159 370
161 252
162 460
163 279
163 283
164 226
165 321
165 422
166 182
167 262
167 493
168 213
168 287
168 299
169 191
169 223
169 282
169 291
169 300
170 223
170 405
171 248
171 290
171 327
171 427
172 427
173 257
174 316
174 371
174 382
174 404
174 424
174 489
175 246
175 288
175 484
176 211
176 452
176 462
177 183
177 229
177 363
178 196
178 271
179 287
179 487
180 491
181 370
182 201
182 218
182 293
182 420
183 219
183 330
183 364
184 194
184 407
184 487
185 431
186 263
186 474
187 288
187 345
187 461
188 214
188 225
188 322
188 366
188 402
189 225
190 319
190 335
191 230
191 253
191 259
191 273
192 392
192 398
192 460
193 328
193 334
193 388
194 302
194 321
194 347
194 465
195 318
195 336
195 348
195 361
196 233
196 263
196 471
197 286
197 451
198 383
199 398
200 351
200 425
201 321
201 441
201 461
202 234
202 390
203 348
203 385
203 429
204 286
204 370
204 429
204 481
205 289
205 400
205 417
207 458
208 278
208 414
209 447
209 477
210 221
210 258
210 442
210 495
211 271
213 299
214 217
214 267
214 329
214 363
215 299
215 361
215 384
216 228
216 300
216 382
216 416
217 276
217 340
218 340
218 464
218 468
218 473
219 233
219 341
220 314
220 474
221 244
221 283
221 494
221 499
222 456
223 237
223 266
223 292
223 297
223 396
223 419
224 493
226 280
226 344
226 363
226 492
227 241
227 290
227 341
227 350
227 394
227 427
228 254
228 327
228 358
228 498
229 275
229 295
229 325
229 362
229 438
229 440
230 347
231 370
231 379
232 277
232 350
232 431
232 464
233 312
233 436
234 259
234 310
234 440
235 256
235 302
235 368
237 283
237 396
238 247
238 375
238 445
238 453
238 483
239 286
239 295
240 327
242 337
242 467
243 359
243 390
243 404
244 316
245 354
246 283
247 324
247 448
249 331
249 471
250 255
250 343
250 427
251 261
251 313
251 319
251 426
252 338
252 476
253 268
254 333
254 474
256 415
257 438
258 299
258 390
258 463
259 262
260 409
261 279
261 282
261 304
261 467
261 483
262 457
263 351
263 385
263 443
264 306
264 474
264 483
266 282
266 469
267 311
267 469
267 481
268 286
268 426
269 344
270 274
270 337
270 465
271 336
271 394
272 307
272 463
273 312
273 380
274 281
274 491
275 364
276 371
276 430
277 349
278 412
278 429
281 352
281 383
281 463
281 487
282 438
283 315
283 417
283 445
283 464
283 479
284 308
284 332
285 304
285 388
286 390
286 424
288 453
289 463
292 359
292 444
293 376
293 483
294 471
295 470
296 302
296 374
297 390
297 424
297 482
298 353
298 417
299 320
299 330
299 411
300 422
300 478
302 456
304 378
304 398
305 343
305 473
306 351
307 392
307 487
309 393
309 426
310 358
310 361
311 374
311 418
311 436
311 447
312 337
312 382
314 379
314 415
315 466
316 453
316 467
317 359
318 473
319 455
319 466
320 335
321 329
321 427
321 451
322 353
322 433
323 450
324 325
325 330
325 351
325 445
326 473
328 333
328 338
328 395
329 421
330 357
330 393
330 439
330 484
333 339
333 353
333 375
333 484
334 456
335 400
335 447
335 461
336 478
338 446
339 423
339 499
340 400
340 423
340 490
341 433
342 468
343 364
343 403
344 459
344 466
344 476
345 425
345 451
346 368
347 378
348 458
348 475
350 433
350 451
352 356
352 496
353 479
355 420
362 391
362 471
363 417
365 483
366 391
369 374
371 420
372 457
373 391
373 433
374 464
374 498
375 380
375 391
375 399
376 405
376 409
376 496
380 387
382 399
384 408
384 437
385 403
386 479
387 454
387 462
387 465
388 403
388 436
388 459
389 476
393 442
393 445
393 462
395 415
396 465
396 491
397 468
397 476
398 422
399 459
401 441
402 426
402 444
404 492
405 453
406 434
406 438
407 499
408 410
409 426
413 477
416 472
420 473
423 480
429 487
431 453
431 469
435 468
437 466
440 465
440 471
440 479
442 449
443 476
443 487
446 459
447 476
451 473
454 480
455 497
456 480
456 481
457 494
457 499
460 464
467 495
469 473
471 475
472 495
477 496
482 487
