0 81
0 203
0 224
1 106
1 200
1 233
2 24
2 34
3 30
3 82
3 87
3 104
3 120
3 126
3 147
4 67
4 89
4 188
4 202
5 160
6 19
6 25
6 26
6 76
7 8
7 24
7 139
8 24
8 101
8 234
9 67
9 179
9 195
10 101
10 171
11 29
11 166
12 80
12 156
13 37
13 40
13 55
13 70
13 99
13 181
13 233
13 238
13 247
14 135
14 215
14 240
15 70
15 101
15 204
16 19
16 36
17 38
17 67
17 159
18 97
18 192
18 203
19 58
19 75
19 166
19 203
20 25
20 165
20 172
21 39
21 97
21 191
22 243
23 44
23 60
23 184
23 196
23 249
24 33
25 26
25 87
25 100
25 114
25 125
28 224
28 243
29 75
29 139
29 212
29 225
30 36
30 134
30 182
31 106
31 166
31 194
31 222
32 116
32 147
32 226
32 241
33 224
34 106
34 186
34 190
34 209
35 63
35 140
35 184
35 206
35 231
35 236
36 74
36 142
36 197
36 243
37 74
37 79
37 198
37 208
38 61
38 178
38 206
39 88
39 96
39 189
39 217
40 50
40 210
40 222
40 232
41 143
42 65
42 70
42 175
43 84
43 97
43 112
43 123
43 161
43 168
43 232
44 79
44 107
44 152
44 161
44 212
44 213
46 183
46 192
46 219
47 58
47 155
48 72
48 76
48 106
48 145
48 151
48 209
48 213
49 64
49 83
49 121
49 175
50 74
50 100
50 121
50 178
50 215
50 216
51 52
51 95
51 138
51 148
51 169
51 187
51 221
51 226
52 150
52 161
52 185
52 188
52 239
53 94
53 108
54 203
54 208
55 83
55 125
56 68
56 86
56 139
56 247
57 63
57 121
57 125
57 176
57 200
58 83
58 144
58 152
58 186
58 211
58 220
58 231
60 111
61 111
61 126
61 233
61 241
62 96
62 150
62 183
62 246
63 67
63 81
63 128
64 80
64 133
64 157
64 232
65 180
65 226
65 227
66 122
67 138
67 195
67 197
67 224
68 123
68 200
68 248
69 111
69 188
70 106
70 143
70 192
70 240
71 121
71 139
71 176
72 168
72 175
73 136
73 168
73 178
73 232
74 97
74 234
74 235
75 143
75 148
75 209
76 119
76 237
77 225
78 109
78 168
78 183
78 193
78 201
78 206
79 219
80 173
81 153
81 220
82 87
82 88
82 107
83 113
83 137
83 184
84 104
84 115
84 136
84 147
84 196
84 207
84 237
85 233
87 118
87 189
87 210
88 148
88 223
89 122
89 146
89 148
89 226
89 231
90 135
91 111
92 108
92 131
92 156
92 189
92 245
93 105
94 129
94 192
94 201
95 139
97 121
97 152
97 163
97 183
97 207
98 142
99 155
99 203
99 214
100 114
100 128
101 122
101 143
101 220
101 233
101 237
102 124
102 138
102 147
102 219
103 108
104 162
104 201
104 247
105 228
106 164
106 170
106 190
107 119
107 245
108 117
109 177
111 164
111 168
111 180
111 236
112 172
112 174
112 186
113 196
115 168
116 240
117 236
118 130
118 188
118 240
118 248
119 162
119 199
119 208
119 214
119 220
119 229
120 158
120 219
121 145
122 127
122 182
122 249
124 180
124 192
124 234
125 226
125 236
125 240
125 246
126 182
126 209
127 184
127 214
128 134
129 142
129 226
130 197
130 232
130 244
131 141
131 169
131 190
131 232
132 170
132 246
133 143
133 177
134 152
134 163
134 187
134 207
134 230
134 237
135 189
135 201
136 197
136 214
136 226
137 158
137 208
138 141
138 204
139 160
139 225
141 142
141 165
141 248
142 219
142 226
143 157
143 210
145 201
146 151
147 183
148 161
148 210
150 159
151 199
151 201
153 160
153 225
155 160
155 172
156 182
156 198
158 232
158 249
161 220
161 242
162 164
163 180
164 208
164 214
165 202
166 209
166 214
166 218
168 197
168 232
169 197
170 186
170 207
172 198
172 209
172 242
173 228
174 218
174 228
175 199
176 184
176 217
179 180
179 182
179 185
179 216
179 240
180 185
180 214
180 233
181 223
181 237
181 246
182 241
183 207
184 225
185 197
186 238
187 217
187 225
189 215
190 219
191 221
193 206
193 222
194 200
194 226
194 236
198 200
198 210
199 241
202 234
202 243
203 204
204 219
206 225
208 209
208 243
210 225
213 220
215 225
215 244
217 238
220 227
227 246
229 238
238 245
