1 2
2 3
3 4
3 35
4 5
4 36
5 6
5 37
6 7
8 40
10 11
10 42
12 13
13 14
14 15
14 46
15 47
16 17
17 18
17 49
18 19
18 50
19 20
22 23
22 54
24 56
26 27
27 59
28 29
28 60
31 63
33 34
34 35
34 66
35 36
35 67
36 37
37 38
37 69
38 39
41 73
42 43
43 75
44 45
45 46
46 47
48 80
49 81
50 51
51 52
51 83
53 54
54 55
56 88
57 58
57 89
58 59
59 60
59 91
60 92
62 63
62 94
64 65
64 96
65 66
65 97
66 67
67 68
68 69
68 100
69 101
70 102
71 72
71 103
72 104
73 74
73 105
74 75
74 106
75 76
75 107
76 108
77 78
78 110
79 111
81 82
82 114
83 84
83 115
85 117
86 87
86 118
87 88
87 119
88 120
89 90
89 121
90 122
91 92
91 123
92 93
92 124
93 125
94 95
94 126
96 97
96 128
97 129
98 99
99 100
100 101
100 132
103 104
104 105
105 137
106 107
106 138
107 108
107 139
108 109
108 140
109 110
109 141
110 111
110 142
111 112
112 113
112 144
113 114
113 145
114 115
115 116
115 147
116 148
118 119
118 150
119 120
119 151
120 121
120 152
121 153
122 123
123 155
124 125
125 126
125 157
126 158
129 130
129 161
130 131
131 163
133 165
134 166
135 136
137 138
138 139
138 170
139 171
140 141
140 172
142 174
143 144
145 146
145 177
146 178
147 148
147 179
148 149
149 150
149 181
150 182
151 183
152 153
152 184
153 154
153 185
154 186
155 187
156 188
158 190
159 191
160 161
160 192
162 194
163 164
163 195
164 165
164 196
165 197
166 198
167 199
168 169
168 200
169 170
169 201
170 171
171 203
172 204
174 175
174 206
175 176
175 207
176 177
176 208
177 178
178 179
179 180
179 211
180 212
181 182
181 213
182 183
182 214
185 217
186 187
186 218
187 219
188 220
189 221
190 222
191 223
194 195
195 196
195 227
196 197
197 198
197 229
198 199
198 230
199 200
199 231
200 232
201 233
202 203
203 235
204 205
204 236
205 206
207 239
208 240
209 241
210 211
210 242
211 243
212 213
212 244
213 214
213 245
214 215
215 216
216 248
217 218
217 249
218 250
219 251
220 252
221 222
221 253
222 254
223 255
224 225
224 256
225 226
225 257
226 227
226 258
227 259
228 229
228 260
230 262
231 232
231 263
233 234
234 235
234 266
235 236
235 267
236 237
236 268
238 239
239 240
239 271
240 272
241 242
241 273
242 243
242 274
243 244
243 275
244 245
245 246
245 277
248 280
249 250
250 251
251 252
251 283
252 253
253 254
253 285
254 255
254 286
255 287
256 257
256 288
258 259
258 290
260 261
261 262
261 293
262 263
262 294
263 264
264 296
265 266
267 268
267 299
268 269
268 300
270 271
270 302
271 303
272 304
273 274
273 305
274 306
275 276
275 307
277 278
278 279
278 310
279 280
280 312
281 313
282 314
283 284
283 315
284 285
284 316
285 286
287 319
288 320
290 322
291 323
292 324
293 294
293 325
294 295
294 326
298 299
298 330
299 300
299 331
301 333
302 303
302 334
303 304
304 305
304 336
308 340
309 310
309 341
310 311
310 342
311 312
311 343
312 313
312 344
313 314
313 345
314 315
314 346
315 347
316 317
316 348
317 349
319 351
320 321
320 352
321 322
322 354
323 324
325 326
325 357
326 358
327 328
328 360
329 330
330 331
332 333
332 364
333 334
334 366
335 367
336 337
337 338
338 339
339 371
340 341
340 372
342 374
343 344
344 345
344 376
345 346
346 347
347 348
348 349
348 380
350 382
353 354
355 356
355 387
356 357
357 389
358 359
358 390
359 391
360 361
361 393
362 363
363 395
364 365
365 366
366 367
366 398
367 368
367 399
368 369
368 400
369 370
370 402
371 403
374 375
374 406
375 376
375 407
376 377
376 408
377 378
378 410
379 380
379 411
380 412
381 382
381 413
384 385
384 416
385 417
386 418
387 419
388 389
389 390
389 421
390 391
390 422
391 392
392 393
392 424
393 394
393 425
394 395
395 427
396 397
397 398
397 429
398 399
398 430
399 400
399 431
400 432
401 402
401 433
402 403
402 434
403 404
403 435
404 436
405 406
406 407
406 438
407 408
408 409
412 413
413 414
414 446
416 417
416 448
418 419
420 421
421 422
421 453
422 423
422 454
423 455
424 425
424 456
425 457
426 458
427 428
428 429
428 460
429 430
429 461
430 462
432 433
432 464
433 465
434 435
436 468
437 438
437 469
438 439
438 470
440 441
441 442
442 474
443 444
444 445
444 476
445 477
446 447
449 450
450 451
450 482
451 452
451 483
452 484
453 454
454 486
455 456
456 488
457 489
458 459
458 490
459 460
459 491
460 461
460 492
461 462
461 493
462 463
463 464
463 495
464 496
465 466
466 467
467 468
467 499
468 469
468 500
470 502
471 472
472 473
472 504
473 474
474 475
475 476
475 507
477 509
478 479
479 511
480 481
480 512
481 513
482 483
483 484
483 515
484 485
485 486
485 517
486 487
486 518
488 489
488 520
489 490
489 521
492 493
494 495
494 526
495 496
496 497
497 498
498 499
499 500
499 531
500 501
500 532
503 504
503 535
504 505
504 536
505 506
505 537
506 538
507 508
507 539
508 540
509 510
509 541
510 542
511 543
513 545
514 515
514 546
515 516
515 547
516 517
516 548
517 518
517 549
518 519
518 550
519 520
520 521
521 522
521 553
522 523
522 554
523 555
524 525
525 526
525 557
526 527
526 558
527 528
528 529
529 530
529 561
530 531
530 562
531 532
532 533
532 564
533 534
533 565
535 536
535 567
536 568
537 538
537 569
538 539
540 541
540 572
542 543
545 546
545 577
547 548
547 579
548 580
549 550
549 581
550 551
551 552
551 583
552 553
552 584
553 585
554 586
556 557
557 558
557 589
558 559
558 590
559 560
560 561
560 592
561 562
562 563
563 564
563 595
564 565
565 566
566 567
567 568
568 569
568 600
569 601
570 571
571 572
572 573
572 604
573 605
574 575
575 607
576 577
577 578
577 609
578 579
578 610
579 580
579 611
580 581
581 613
582 583
582 614
583 615
584 585
584 616
587 588
589 621
590 622
591 592
591 623
592 593
593 594
594 595
595 627
596 597
597 598
598 599
599 631
600 601
600 632
601 633
602 634
603 635
604 605
604 636
605 606
605 637
606 638
607 639
609 641
610 642
611 612
612 613
613 614
615 616
616 617
616 648
617 618
618 619
619 651
620 652
621 622
621 653
623 624
623 655
624 625
625 626
626 627
628 629
628 660
629 630
630 631
630 662
632 633
634 666
635 636
635 667
636 637
636 668
637 638
637 669
639 671
640 641
640 672
641 642
642 674
643 644
644 645
644 676
645 677
646 647
646 678
647 679
649 681
650 651
650 682
651 652
651 683
653 654
653 685
654 655
654 686
655 656
656 688
657 658
657 689
658 659
658 690
660 661
660 692
662 663
662 694
663 664
664 696
665 666
666 698
667 699
668 669
669 701
672 704
674 706
675 676
675 707
676 677
676 708
678 710
679 680
680 681
681 682
682 683
684 716
686 718
687 688
687 719
688 720
689 690
690 691
690 722
691 692
692 693
692 724
693 725
694 726
695 696
696 697
696 728
699 700
699 731
700 701
700 732
701 733
702 703
702 734
703 735
704 736
705 737
707 708
707 739
708 709
708 740
709 710
709 741
710 711
711 712
712 713
712 744
713 714
713 745
714 715
714 746
715 716
715 747
716 748
717 718
717 749
718 719
719 720
721 722
721 753
722 723
722 754
723 724
723 755
724 756
725 726
725 757
726 727
726 758
727 728
727 759
728 729
729 730
730 762
731 732
732 733
732 764
736 737
736 768
737 738
737 769
739 740
739 771
740 772
741 773
742 743
742 774
743 744
743 775
744 745
745 746
746 778
747 748
749 750
749 781
750 751
750 782
752 784
753 785
755 756
756 788
757 758
757 789
759 760
759 791
761 793
762 794
763 764
763 795
764 796
765 766
765 797
767 799
768 769
768 800
770 802
771 772
772 773
772 804
773 774
773 805
774 775
775 776
775 807
776 777
777 809
778 810
779 780
779 811
780 781
780 812
782 814
783 784
783 815
784 785
784 816
785 786
785 817
786 787
786 818
787 819
788 789
789 821
790 791
790 822
791 792
791 823
792 793
793 794
794 826
795 827
796 797
797 829
798 799
799 831
800 801
801 833
802 803
803 804
804 805
804 836
805 806
806 807
806 838
807 808
809 810
809 841
810 842
811 843
812 813
812 844
814 815
815 816
817 849
818 850
819 820
819 851
820 852
821 822
822 823
823 824
823 855
826 827
826 858
827 859
828 860
829 830
830 831
830 862
831 863
832 833
832 864
833 834
833 865
834 866
835 836
835 867
836 837
836 868
837 838
837 869
838 839
838 870
839 871
840 841
840 872
841 842
843 844
843 875
844 845
845 877
846 847
847 848
847 879
848 849
848 880
849 850
850 851
850 882
851 852
851 883
852 853
854 855
854 886
855 856
855 887
857 858
857 889
858 859
858 890
859 860
861 862
863 895
864 865
864 896
866 898
868 900
869 870
869 901
870 871
870 902
872 873
875 876
875 907
876 877
876 908
877 909
878 910
879 880
880 881
880 912
881 882
881 913
882 883
882 914
883 915
884 885
884 916
885 886
885 917
886 887
886 918
887 888
888 889
888 920
889 890
889 921
892 893
894 926
895 927
897 929
898 899
898 930
899 900
899 931
900 901
901 902
902 934
903 904
903 935
904 905
904 936
905 906
906 907
906 938
907 908
908 909
908 940
910 942
911 912
912 944
913 914
913 945
914 915
914 946
915 916
916 917
916 948
917 918
918 919
918 950
919 920
919 951
920 921
920 952
921 922
921 953
922 923
923 924
924 925
925 926
925 957
927 959
928 929
929 930
929 961
930 931
930 962
932 933
933 965
934 935
935 936
935 967
936 937
936 968
938 939
939 940
942 943
942 974
943 975
944 945
945 946
948 949
948 980
949 981
950 951
950 982
952 953
952 984
953 954
953 985
954 986
955 956
956 957
958 990
959 991
960 961
960 992
961 993
962 994
963 964
964 996
965 997
966 967
967 999
968 1000
969 1001
971 972
972 973
973 974
974 975
975 1007
976 977
977 978
979 980
979 1011
980 981
982 983
982 1014
983 1015
984 985
985 986
985 1017
986 987
986 1018
987 1019
988 989
990 991
990 1022
991 1023
993 994
996 997
997 998
1001 1002
1002 1003
1004 1005
1005 1006
1008 1009
1009 1010
1010 1011
1011 1012
1012 1013
1013 1014
1016 1017
1018 1019
1020 1021
1021 1022
1022 1023
