0 1
0 2
0 3
0 4
0 5
0 6
0 11
0 12
0 14
0 15
0 16
0 18
0 19
0 22
0 23
0 24
0 26
0 27
0 28
0 31
0 36
0 37
0 39
0 42
0 45
0 46
0 49
0 51
0 52
0 58
0 63
0 76
0 82
0 88
0 91
0 92
0 101
0 102
0 113
0 114
0 118
0 126
0 127
0 128
0 139
0 147
0 162
0 174
0 176
0 180
0 191
0 212
0 217
0 247
0 250
0 254
0 255
0 259
0 260
0 261
0 263
0 277
0 279
0 286
0 295
0 308
0 314
0 316
0 319
0 322
0 334
0 340
0 343
0 347
0 351
0 367
0 373
0 388
0 423
0 452
0 457
0 479
0 498
0 531
0 536
0 569
0 576
0 583
0 585
0 590
0 592
0 600
0 609
0 654
0 662
0 666
0 669
0 677
0 713
0 720
0 724
0 738
0 739
0 745
0 761
0 791
0 794
0 812
0 813
0 816
0 818
0 828
0 841
0 842
0 857
0 866
0 884
0 895
0 897
0 921
0 958
0 959
0 966
0 980
0 994
0 1010
0 1017
0 1034
0 1043
0 1045
0 1061
0 1066
0 1083
0 1084
0 1091
0 1093
0 1096
0 1107
0 1124
0 1131
0 1141
0 1162
0 1165
0 1167
0 1175
0 1181
0 1253
0 1260
0 1261
0 1287
0 1322
0 1355
0 1368
0 1391
0 1392
0 1409
0 1420
0 1432
0 1445
0 1454
0 1457
0 1482
0 1511
0 1519
0 1532
0 1538
0 1552
0 1556
0 1573
0 1579
0 1619
0 1631
0 1637
0 1649
0 1654
0 1684
0 1686
0 1695
0 1711
0 1745
0 1746
0 1748
0 1749
0 1789
0 1837
0 1838
0 1857
0 1870
0 1881
0 1892
0 1910
0 1917
0 1922
0 1937
0 1951
0 2000
0 2004
0 2016
0 2022
0 2024
0 2028
0 2041
0 2055
0 2058
0 2092
0 2105
0 2119
0 2125
0 2151
0 2158
0 2175
0 2176
0 2207
0 2215
0 2256
0 2259
0 2283
0 2311
0 2355
0 2357
0 2359
0 2373
0 2375
0 2394
0 2398
0 2409
0 2411
0 2451
0 2477
0 2499
0 2510
0 2512
0 2526
0 2549
0 2580
0 2598
0 2599
0 2607
0 2636
0 2679
0 2684
0 2685
0 2699
0 2732
0 2746
0 2768
0 2771
0 2779
0 2796
0 2831
0 2849
0 2864
0 2870
0 2877
0 2878
0 2915
0 2919
0 2937
0 2974
0 2981
0 2983
0 2998
0 3002
0 3020
0 3024
0 3028
0 3032
0 3048
0 3072
0 3074
0 3088
0 3100
0 3101
0 3122
0 3133
0 3148
0 3172
0 3233
0 3256
0 3262
0 3286
0 3291
0 3363
0 3378
0 3396
0 3404
0 3410
0 3411
0 3427
0 3463
0 3476
0 3493
0 3540
0 3547
0 3548
0 3570
0 3650
0 3701
0 3712
0 3736
0 3785
0 3794
0 3796
0 3798
0 3814
0 3825
0 3849
0 3853
0 3862
0 3863
0 3876
0 3917
0 3929
0 3939
0 3944
0 3952
0 3960
0 3962
0 3994
1 2
1 3
1 4
1 5
1 6
1 7
1 10
1 13
1 18
1 20
1 21
1 23
1 25
1 26
1 27
1 28
1 33
1 34
1 39
1 42
1 44
1 45
1 50
1 51
1 59
1 60
1 62
1 65
1 66
1 68
1 80
1 88
1 91
1 95
1 96
1 98
1 103
1 106
1 110
1 122
1 130
1 133
1 139
1 141
1 145
1 151
1 152
1 156
1 159
1 160
1 165
1 171
1 180
1 182
1 185
1 186
1 196
1 202
1 210
1 211
1 214
1 222
1 224
1 234
1 235
1 236
1 238
1 241
1 243
1 246
1 256
1 257
1 278
1 284
1 287
1 293
1 295
1 296
1 297
1 303
1 304
1 305
1 309
1 314
1 319
1 321
1 323
1 333
1 338
1 342
1 345
1 348
1 349
1 358
1 369
1 380
1 390
1 398
1 400
1 414
1 415
1 417
1 419
1 420
1 430
1 432
1 434
1 444
1 453
1 455
1 461
1 464
1 485
1 498
1 513
1 522
1 535
1 538
1 543
1 544
1 546
1 554
1 566
1 570
1 578
1 595
1 597
1 600
1 601
1 605
1 606
1 607
1 612
1 613
1 623
1 625
1 633
1 637
1 657
1 669
1 675
1 685
1 686
1 690
1 693
1 705
1 721
1 728
1 733
1 736
1 740
1 741
1 750
1 752
1 754
1 757
1 763
1 769
1 771
1 773
1 783
1 803
1 808
1 817
1 824
1 826
1 832
1 841
1 842
1 851
1 852
1 867
1 873
1 874
1 876
1 886
1 890
1 891
1 905
1 906
1 908
1 926
1 929
1 931
1 932
1 936
1 943
1 950
1 953
1 969
1 985
1 1020
1 1049
1 1059
1 1065
1 1068
1 1070
1 1083
1 1088
1 1100
1 1111
1 1129
1 1130
1 1134
1 1146
1 1174
1 1193
1 1228
1 1229
1 1233
1 1242
1 1247
1 1258
1 1267
1 1281
1 1300
1 1304
1 1311
1 1312
1 1315
1 1341
1 1350
1 1352
1 1391
1 1404
1 1407
1 1421
1 1425
1 1442
1 1450
1 1452
1 1465
1 1483
1 1485
1 1489
1 1500
1 1521
1 1539
1 1554
1 1555
1 1558
1 1560
1 1564
1 1568
1 1570
1 1572
1 1578
1 1586
1 1590
1 1604
1 1611
1 1614
1 1617
1 1656
1 1664
1 1685
1 1696
1 1713
1 1718
1 1738
1 1754
1 1757
1 1759
1 1773
1 1788
1 1790
1 1792
1 1801
1 1806
1 1809
1 1818
1 1820
1 1828
1 1846
1 1854
1 1863
1 1900
1 1904
1 1906
1 1912
1 1915
1 1918
1 1921
1 1928
1 1947
1 1956
1 1979
1 1988
1 2020
1 2042
1 2057
1 2061
1 2086
1 2095
1 2108
1 2111
1 2120
1 2135
1 2163
1 2175
1 2184
1 2191
1 2193
1 2228
1 2229
1 2231
1 2238
1 2239
1 2247
1 2253
1 2263
1 2281
1 2288
1 2298
1 2317
1 2321
1 2322
1 2325
1 2327
1 2330
1 2340
1 2341
1 2376
1 2378
1 2379
1 2381
1 2386
1 2406
1 2417
1 2421
1 2423
1 2449
1 2457
1 2465
1 2475
1 2480
1 2483
1 2497
1 2513
1 2516
1 2531
1 2534
1 2535
1 2542
1 2545
1 2551
1 2578
1 2602
1 2633
1 2657
1 2664
1 2665
1 2687
1 2707
1 2714
1 2731
1 2736
1 2765
1 2769
1 2775
1 2776
1 2780
1 2787
1 2821
1 2829
1 2865
1 2880
1 2895
1 2896
1 2897
1 2911
1 2918
1 2920
1 2932
1 2952
1 2954
1 2973
1 2982
1 2985
1 2999
1 3018
1 3037
1 3044
1 3051
1 3059
1 3091
1 3095
1 3097
1 3108
1 3110
1 3162
1 3184
1 3186
1 3224
1 3237
1 3266
1 3274
1 3294
1 3298
1 3299
1 3302
1 3303
1 3313
1 3319
1 3342
1 3355
1 3360
1 3368
1 3380
1 3384
1 3394
1 3399
1 3405
1 3412
1 3427
1 3429
1 3437
1 3449
1 3460
1 3474
1 3478
1 3492
1 3495
1 3496
1 3497
1 3502
1 3506
1 3524
1 3553
1 3561
1 3564
1 3577
1 3580
1 3592
1 3598
1 3632
1 3639
1 3662
1 3666
1 3684
1 3702
1 3711
1 3714
1 3730
1 3746
1 3773
1 3778
1 3792
1 3805
1 3817
1 3822
1 3832
1 3847
1 3849
1 3859
1 3864
1 3865
1 3900
1 3901
1 3911
1 3916
1 3940
1 3946
1 3947
1 3956
1 3963
1 3980
1 3987
2 881
2 3780
3 10
3 56
3 68
3 74
3 90
3 115
3 120
3 129
3 135
3 173
3 181
3 189
3 194
3 200
3 211
3 233
3 236
3 240
3 242
3 256
3 262
3 264
3 274
3 366
3 369
3 384
3 389
3 402
3 417
3 495
3 504
3 562
3 582
3 588
3 597
3 610
3 655
3 665
3 698
3 715
3 822
3 830
3 911
3 992
3 1015
3 1030
3 1081
3 1113
3 1134
3 1151
3 1170
3 1179
3 1183
3 1202
3 1213
3 1226
3 1300
3 1306
3 1325
3 1337
3 1363
3 1369
3 1381
3 1384
3 1390
3 1401
3 1415
3 1423
3 1434
3 1509
3 1517
3 1524
3 1563
3 1566
3 1576
3 1597
3 1626
3 1736
3 1741
3 1828
3 1955
3 1966
3 1971
3 1986
3 1992
3 1997
3 2005
3 2052
3 2065
3 2078
3 2084
3 2123
3 2138
3 2241
3 2254
3 2272
3 2292
3 2304
3 2413
3 2441
3 2542
3 2690
3 2697
3 2739
3 2757
3 2817
3 2912
3 2974
3 3055
3 3095
3 3119
3 3143
3 3175
3 3209
3 3267
3 3352
3 3362
3 3392
3 3423
3 3500
3 3505
3 3519
3 3587
3 3621
3 3625
3 3649
3 3651
3 3676
3 3718
3 3748
3 3760
3 3771
3 3802
3 3823
3 3831
3 3848
3 3866
3 3918
3 3926
3 3972
3 3977
3 3988
4 95
4 251
4 664
4 970
4 2493
4 3488
4 3844
5 53
5 77
5 199
5 383
5 529
5 557
5 601
5 801
5 808
5 837
5 899
5 934
5 1122
5 1246
5 1452
5 1538
5 1540
5 1615
5 1929
5 1953
5 2043
5 2155
5 2280
5 2402
5 2554
5 2676
5 2747
5 2799
5 2881
5 2892
5 2898
5 3026
5 3030
5 3073
5 3147
5 3174
5 3327
5 3474
5 3479
5 3522
5 3699
5 3781
5 3879
6 7
6 8
6 9
6 11
6 14
6 15
6 16
6 17
6 29
6 31
6 32
6 33
6 34
6 35
6 47
6 58
6 62
6 69
6 71
6 75
6 84
6 86
6 89
6 103
6 104
6 119
6 121
6 123
6 124
6 141
6 150
6 151
6 154
6 160
6 163
6 169
6 178
6 190
6 191
6 192
6 193
6 197
6 202
6 206
6 218
6 219
6 220
6 226
6 233
6 238
6 242
6 243
6 244
6 245
6 249
6 254
6 262
6 263
6 272
6 285
6 292
6 303
6 326
6 346
6 364
6 366
6 372
6 374
6 382
6 394
6 396
6 406
6 420
6 440
6 455
6 468
6 477
6 486
6 492
6 497
6 515
6 519
6 520
6 530
6 538
6 542
6 547
6 552
6 561
6 566
6 570
6 614
6 638
6 646
6 648
6 673
6 677
6 679
6 682
6 699
6 714
6 716
6 718
6 740
6 741
6 745
6 785
6 809
6 822
6 837
6 856
6 860
6 930
6 939
6 956
6 960
6 975
6 987
6 996
6 997
6 1022
6 1041
6 1049
6 1072
6 1090
6 1096
6 1100
6 1114
6 1132
6 1136
6 1139
6 1166
6 1172
6 1185
6 1216
6 1218
6 1228
6 1238
6 1240
6 1249
6 1251
6 1252
6 1263
6 1275
6 1289
6 1346
6 1352
6 1363
6 1413
6 1431
6 1456
6 1463
6 1493
6 1499
6 1511
6 1520
6 1537
6 1548
6 1569
6 1572
6 1579
6 1592
6 1613
6 1646
6 1648
6 1668
6 1686
6 1717
6 1726
6 1748
6 1758
6 1772
6 1783
6 1787
6 1808
6 1812
6 1829
6 1837
6 1838
6 1841
6 1847
6 1859
6 1896
6 1901
6 1927
6 1932
6 1964
6 1974
6 1995
6 1999
6 2002
6 2018
6 2047
6 2054
6 2075
6 2076
6 2125
6 2162
6 2190
6 2206
6 2227
6 2236
6 2244
6 2259
6 2273
6 2278
6 2296
6 2300
6 2332
6 2341
6 2346
6 2401
6 2408
6 2454
6 2461
6 2476
6 2479
6 2519
6 2529
6 2597
6 2672
6 2700
6 2717
6 2744
6 2751
6 2752
6 2753
6 2777
6 2784
6 2834
6 2842
6 2866
6 2879
6 2904
6 2906
6 2916
6 2922
6 2927
6 2946
6 2949
6 2975
6 2995
6 3005
6 3037
6 3038
6 3042
6 3049
6 3063
6 3086
6 3118
6 3174
6 3178
6 3190
6 3215
6 3218
6 3232
6 3247
6 3255
6 3257
6 3322
6 3341
6 3353
6 3358
6 3370
6 3381
6 3414
6 3464
6 3508
6 3527
6 3559
6 3571
6 3578
6 3619
6 3650
6 3656
6 3658
6 3696
6 3700
6 3705
6 3716
6 3721
6 3733
6 3742
6 3752
6 3769
6 3792
6 3807
6 3823
6 3845
6 3852
6 3855
6 3903
6 3904
6 3909
6 3921
6 3935
6 3945
6 3950
6 3954
6 3979
7 8
7 12
7 47
7 61
7 82
7 149
7 155
7 253
7 331
7 416
7 476
7 493
7 507
7 512
7 521
7 523
7 525
7 532
7 598
7 645
7 647
7 649
7 650
7 755
7 838
7 845
7 891
7 1177
7 1222
7 1273
7 1306
7 1384
7 1418
7 1430
7 1435
7 1503
7 1518
7 1652
7 1688
7 1912
7 1980
7 2034
7 2143
7 2392
7 2585
7 2681
7 2698
7 2804
7 2828
7 2918
7 2920
7 3129
7 3140
7 3281
7 3493
7 3526
7 3529
7 3532
7 3550
7 3575
7 3817
7 3948
8 9
8 13
8 40
8 70
8 94
8 118
8 148
8 188
8 204
8 212
8 219
8 239
8 251
8 269
8 280
8 320
8 375
8 382
8 424
8 476
8 485
8 525
8 751
8 770
8 839
8 847
8 872
8 904
8 1026
8 1029
8 1042
8 1204
8 1208
8 1212
8 1411
8 1471
8 1479
8 1508
8 1542
8 1543
8 1557
8 1691
8 1788
8 1804
8 1908
8 1968
8 1996
8 2018
8 2040
8 2063
8 2140
8 2166
8 2204
8 2265
8 2410
8 2430
8 2524
8 2721
8 2958
8 3046
8 3089
8 3145
8 3231
8 3296
8 3302
8 3365
8 3382
8 3485
8 3677
8 3686
8 3912
8 3965
9 20
9 36
9 56
9 76
9 146
9 149
9 229
9 283
9 311
9 338
9 341
9 384
9 409
9 410
9 423
9 510
9 517
9 560
9 604
9 643
9 703
9 730
9 746
9 772
9 776
9 849
9 910
9 973
9 990
9 991
9 1058
9 1094
9 1247
9 1332
9 1351
9 1409
9 1492
9 1504
9 1506
9 1740
9 1786
9 2029
9 2095
9 2249
9 2452
9 2516
9 2536
9 2556
9 2624
9 2681
9 2767
9 2793
9 2860
9 2905
9 2950
9 2990
9 3010
9 3016
9 3035
9 3201
9 3202
9 3462
9 3509
9 3547
9 3629
9 3633
9 3832
9 3875
10 41
10 373
10 503
10 509
10 563
10 582
10 756
10 832
10 862
10 1044
10 1163
10 1179
10 1221
10 1248
10 1254
10 1262
10 1587
10 1739
10 1802
10 1965
10 1970
10 2004
10 2077
10 2089
10 2503
10 2544
10 2766
10 2848
10 2851
10 2931
10 3202
10 3345
10 3454
10 3614
10 3640
10 3673
10 3679
10 3735
10 3755
10 3959
11 60
11 768
11 1215
11 1662
11 2410
12 32
12 57
12 70
12 87
12 116
12 125
12 144
12 175
12 177
12 214
12 343
12 351
12 413
12 434
12 435
12 443
12 536
12 602
12 631
12 641
12 696
12 703
12 714
12 724
12 737
12 781
12 804
12 818
12 913
12 917
12 945
12 986
12 1099
12 1128
12 1190
12 1262
12 1268
12 1269
12 1283
12 1328
12 1354
12 1437
12 1441
12 1499
12 1519
12 1593
12 1643
12 1866
12 1901
12 1949
12 1989
12 2091
12 2097
12 2116
12 2223
12 2279
12 2300
12 2316
12 2378
12 2393
12 2425
12 2434
12 2500
12 2535
12 2620
12 2645
12 2668
12 2672
12 2683
12 3160
12 3241
12 3252
12 3261
12 3314
12 3326
12 3340
12 3446
12 3461
12 3472
12 3489
12 3700
12 3702
12 3774
12 3838
12 3908
12 3917
12 3922
12 3937
12 3947
12 3984
12 3995
13 17
13 25
13 37
13 85
13 99
13 172
13 225
13 255
13 265
13 298
13 376
13 440
13 444
13 494
13 606
13 683
13 767
13 844
13 909
13 1016
13 1105
13 1140
13 1239
13 1408
13 1754
13 1779
13 1933
13 2245
13 2361
13 2665
13 2873
13 3276
13 3284
13 3581
13 3626
13 3710
14 87
14 108
14 131
14 154
14 167
14 172
14 173
14 192
14 232
14 253
14 284
14 329
14 364
14 392
14 585
14 834
14 902
14 1008
14 1118
14 1135
14 1246
14 1271
14 1382
14 1436
14 1557
14 1576
14 1831
14 1866
14 1867
14 1876
14 1978
14 2009
14 2231
14 2362
14 2425
14 2983
14 2996
14 2999
14 3234
14 3531
14 3588
14 3667
14 3694
14 3850
14 3866
15 64
15 100
15 142
15 176
15 210
15 282
15 385
15 475
15 655
15 774
15 859
15 957
15 1350
15 1387
15 1432
15 1629
15 1800
15 1816
15 2011
15 2021
15 2022
15 2512
15 2634
15 2760
15 2813
15 2818
15 2841
15 3192
15 3253
15 3419
15 3655
16 19
16 52
16 55
16 81
16 93
16 105
16 137
16 186
16 201
16 216
16 232
16 267
16 306
16 367
16 372
16 376
16 441
16 477
16 480
16 506
16 521
16 555
16 560
16 569
16 612
16 621
16 651
16 682
16 727
16 767
16 809
16 847
16 964
16 970
16 1022
16 1055
16 1090
16 1101
16 1126
16 1142
16 1150
16 1158
16 1250
16 1256
16 1282
16 1317
16 1351
16 1448
16 1497
16 1498
16 1509
16 1549
16 1567
16 1628
16 1674
16 1824
16 1870
16 1891
16 1902
16 1952
16 2010
16 2014
16 2027
16 2096
16 2211
16 2292
16 2302
16 2404
16 2405
16 2499
16 2533
16 2571
16 2594
16 2652
16 2669
16 2692
16 2718
16 2742
16 2768
16 2786
16 2790
16 2870
16 2905
16 2915
16 2926
16 2936
16 2943
16 2980
16 3013
16 3084
16 3138
16 3300
16 3518
16 3532
16 3572
16 3579
16 3668
16 3707
16 3795
16 3810
16 3906
16 3930
17 22
17 24
17 38
17 41
17 43
17 46
17 48
17 94
17 109
17 114
17 150
17 168
17 170
17 271
17 318
17 361
17 429
17 437
17 456
17 459
17 599
17 636
17 764
17 855
17 932
17 951
17 968
17 1064
17 1110
17 1152
17 1218
17 1224
17 1260
17 1268
17 1290
17 1310
17 1316
17 1322
17 1329
17 1330
17 1335
17 1341
17 1360
17 1361
17 1367
17 1433
17 1553
17 1628
17 1633
17 1648
17 1665
17 1682
17 1726
17 1731
17 1817
17 1851
17 1874
17 1921
17 1977
17 1980
17 1988
17 2088
17 2150
17 2154
17 2199
17 2218
17 2270
17 2274
17 2393
17 2420
17 2426
17 2465
17 2478
17 2591
17 2595
17 2605
17 2641
17 2695
17 2851
17 2938
17 3141
17 3211
17 3253
17 3356
17 3386
17 3390
17 3398
17 3425
17 3429
17 3433
17 3456
17 3492
17 3562
17 3593
17 3632
17 3672
17 3820
17 3882
17 3883
17 3896
17 3949
17 3972
17 3977
17 3993
18 174
18 709
18 1760
19 72
19 134
19 387
19 565
19 880
19 1265
19 1553
19 1620
19 2143
19 2233
19 2486
19 2811
19 2927
19 3087
20 21
20 29
20 133
20 208
20 355
20 368
20 378
20 407
20 463
20 501
20 620
20 730
20 806
20 846
20 876
20 905
20 953
20 959
20 1027
20 1069
20 1138
20 1154
20 1231
20 1257
20 1333
20 1348
20 1388
20 1431
20 1512
20 1603
20 1957
20 2187
20 2485
20 2626
20 2877
20 3056
20 3082
20 3083
20 3097
20 3111
20 3141
20 3185
20 3638
20 3772
20 3790
20 3863
21 30
21 188
21 266
21 276
21 535
21 789
21 889
21 918
21 1073
21 1123
21 1209
21 1401
21 1459
21 1461
21 1494
21 1664
21 2153
21 2235
21 2403
21 2445
21 2741
21 2782
21 3216
21 3307
21 3398
21 3514
21 3616
22 38
22 99
22 247
22 353
22 549
22 821
22 994
22 1039
22 1117
22 1243
22 1284
22 1344
22 1480
22 1681
22 1692
22 2054
22 2072
22 2073
22 2557
22 3204
22 3576
22 3868
22 3916
23 30
23 35
23 59
23 78
23 85
23 86
23 111
23 138
23 171
23 213
23 216
23 221
23 226
23 234
23 280
23 289
23 312
23 320
23 339
23 389
23 475
23 480
23 503
23 505
23 511
23 522
23 533
23 563
23 581
23 618
23 701
23 708
23 735
23 783
23 807
23 839
23 848
23 864
23 954
23 967
23 1040
23 1073
23 1125
23 1141
23 1223
23 1243
23 1255
23 1291
23 1308
23 1320
23 1338
23 1380
23 1406
23 1428
23 1472
23 1495
23 1513
23 1517
23 1546
23 1612
23 1666
23 1680
23 1771
23 1803
23 1849
23 1858
23 1867
23 1874
23 2021
23 2044
23 2099
23 2112
23 2205
23 2218
23 2355
23 2449
23 2466
23 2482
23 2490
23 2513
23 2528
23 2543
23 2566
23 2579
23 2632
23 2639
23 2747
23 2751
23 2802
23 2874
23 2881
23 2896
23 2942
23 3006
23 3008
23 3034
23 3269
23 3320
23 3351
23 3387
23 3401
23 3428
23 3442
23 3475
23 3486
23 3494
23 3558
23 3583
23 3636
23 3656
23 3670
23 3738
23 3851
23 3893
23 3924
24 81
24 155
24 346
24 430
24 433
24 624
24 672
24 827
24 831
24 853
24 971
24 1037
24 1047
24 1133
24 1385
24 1477
24 1523
24 1634
24 1636
24 1814
24 1823
24 2094
24 2270
24 2363
24 2390
24 2468
24 2616
24 3233
24 3413
24 3443
24 3582
24 3931
25 117
25 162
25 1795
25 1950
25 1969
25 2024
25 3446
25 3533
26 371
26 416
26 550
26 592
26 687
26 1376
26 2365
27 143
27 177
27 203
27 285
27 393
27 419
27 421
27 776
27 863
27 1038
27 1195
27 1214
27 1215
27 1244
27 1383
27 1577
27 1581
27 1724
27 1729
27 2406
27 2492
27 2713
27 3033
27 3042
27 3060
27 3201
27 3214
27 3815
28 43
28 315
28 639
28 1562
28 1575
28 1819
28 1906
28 3354
29 75
29 84
29 112
29 121
29 288
29 390
29 489
29 524
29 765
29 802
29 835
29 871
29 1148
29 1197
29 1292
29 1366
29 1668
29 1883
29 2031
29 2081
29 2419
29 2506
29 2645
29 2693
29 2753
29 2961
29 3057
29 3065
29 3169
29 3846
30 44
30 57
30 65
30 362
30 462
30 834
30 1182
30 1795
30 1897
30 1905
30 1942
30 2111
30 2761
30 3633
31 50
31 77
31 195
31 270
31 281
31 341
31 391
31 458
31 667
31 684
31 700
31 883
31 914
31 1159
31 1742
31 1920
31 2237
31 2459
31 2869
31 3146
31 3213
31 3414
31 3567
31 3681
31 3892
32 48
32 63
32 74
32 89
32 122
32 123
32 146
32 152
32 184
32 187
32 190
32 198
32 240
32 289
32 300
32 301
32 327
32 347
32 394
32 433
32 439
32 445
32 513
32 541
32 553
32 574
32 589
32 618
32 626
32 694
32 717
32 721
32 869
32 873
32 875
32 896
32 903
32 952
32 982
32 995
32 1033
32 1045
32 1080
32 1106
32 1128
32 1184
32 1217
32 1220
32 1276
32 1316
32 1396
32 1481
32 1610
32 1677
32 1786
32 1832
32 1885
32 1887
32 2007
32 2077
32 2105
32 2123
32 2161
32 2200
32 2213
32 2214
32 2276
32 2313
32 2352
32 2360
32 2418
32 2489
32 2520
32 2554
32 2638
32 2647
32 2649
32 2652
32 2721
32 2759
32 2766
32 2820
32 2900
32 2906
32 3067
32 3073
32 3075
32 3242
32 3243
32 3258
32 3423
32 3750
32 3758
32 3791
32 3838
32 3855
33 132
33 153
33 164
33 168
33 182
33 205
33 267
33 399
33 457
33 474
33 610
33 689
33 722
33 794
33 867
33 948
33 1013
33 1025
33 1043
33 1138
33 1244
33 1284
33 1290
33 1362
33 1465
33 1604
33 1694
33 1761
33 1950
33 2070
33 2170
33 2185
33 2258
33 2883
33 2894
33 2973
33 2986
33 3010
33 3277
33 3601
33 3657
33 3667
33 3709
33 3854
33 3873
34 54
34 83
34 96
34 187
34 217
34 258
34 299
34 315
34 328
34 339
34 349
34 355
34 386
34 410
34 411
34 426
34 587
34 688
34 915
34 916
34 981
34 991
34 1180
34 1237
34 1257
34 1491
34 1641
34 1676
34 1811
34 1865
34 2010
34 2028
34 2116
34 2264
34 2269
34 2442
34 2458
34 2733
34 2764
34 2914
34 2962
34 3008
34 3013
34 3115
34 3180
34 3197
34 3629
34 3642
34 3824
35 140
35 3818
36 90
36 679
36 782
36 900
36 1368
36 1370
36 1405
36 1552
36 1581
36 1778
36 1794
36 1833
36 2120
36 2338
36 2504
36 2509
36 2621
36 3114
36 3349
36 3368
36 3402
36 3584
36 3899
37 370
37 704
37 3005
38 40
38 143
38 157
38 244
38 268
38 286
38 291
38 487
38 502
38 697
38 731
38 894
38 1052
38 1067
38 1127
38 1160
38 1223
38 1560
38 1569
38 1714
38 1740
38 1892
38 1907
38 1949
38 2065
38 2100
38 2141
38 2248
38 2257
38 2291
38 2646
38 3327
38 3501
38 3590
39 1602
40 93
40 161
40 336
40 356
40 409
40 856
40 1119
40 1198
40 1399
40 1965
40 2083
40 2173
40 2207
40 2308
40 2469
40 2473
40 2548
40 2619
40 2934
40 2956
40 3376
40 3390
40 3676
40 3837
40 3906
40 3957
41 129
41 175
41 246
41 357
41 435
41 499
41 640
41 1069
41 1299
41 1301
41 1367
41 1414
41 1719
41 1996
41 2045
41 2075
41 2102
41 2202
41 2241
41 2671
41 2701
41 2795
41 2845
41 2854
41 2888
41 3273
41 3290
41 3541
42 2226
43 61
43 126
43 264
43 458
43 467
43 1112
43 1882
43 3961
43 3963
44 227
44 294
44 307
44 472
44 490
44 506
44 564
44 578
44 775
44 1046
44 1238
44 1324
44 1359
44 1520
44 1923
44 2214
44 3377
44 3545
44 3675
45 245
45 287
45 422
45 586
45 1156
45 1251
45 1366
45 1909
45 2170
45 2266
45 3496
45 3751
45 3882
46 946
46 1761
46 2368
46 3380
47 106
47 1047
47 2104
47 2641
47 3765
47 3816
48 49
48 54
48 83
48 110
48 132
48 203
48 204
48 223
48 230
48 333
48 335
48 348
48 381
48 427
48 453
48 454
48 470
48 508
48 515
48 545
48 548
48 619
48 621
48 687
48 744
48 746
48 779
48 810
48 846
48 878
48 881
48 912
48 1075
48 1076
48 1162
48 1178
48 1196
48 1327
48 1332
48 1464
48 1547
48 1554
48 1607
48 1615
48 1639
48 1644
48 1832
48 1916
48 1936
48 2003
48 2036
48 2197
48 2203
48 2328
48 2339
48 2368
48 2400
48 2408
48 2421
48 2460
48 2527
48 2657
48 2660
48 2667
48 2673
48 2750
48 2770
48 2780
48 2800
48 3001
48 3043
48 3052
48 3059
48 3127
48 3143
48 3222
48 3230
48 3260
48 3428
48 3448
48 3519
48 3572
48 3579
48 3924
48 3971
48 3993
49 893
49 1794
49 2176
49 2488
50 53
50 101
50 117
50 125
50 144
50 183
50 224
50 278
50 283
50 298
50 381
50 438
50 445
50 471
50 481
50 502
50 504
50 508
50 510
50 523
50 696
50 715
50 1019
50 1279
50 1325
50 1481
50 1497
50 1540
50 1565
50 1630
50 1656
50 1693
50 1732
50 1749
50 2000
50 2076
50 2226
50 2306
50 2356
50 2432
50 2584
50 2693
50 2939
50 3029
50 3188
50 3263
50 3477
50 3706
50 3732
50 3942
50 3966
50 3974
50 3990
51 67
51 290
51 316
51 395
51 591
51 814
51 1249
51 1256
51 1372
51 1633
51 2035
51 2496
51 3000
51 3641
52 55
52 64
52 136
52 148
52 156
52 237
52 272
52 537
52 613
52 681
52 689
52 865
52 877
52 885
52 1125
52 1136
52 1248
52 1730
52 1787
52 3019
52 3069
52 3347
52 3604
52 3824
52 3940
53 137
53 147
53 358
53 359
53 402
53 450
53 558
53 559
53 608
53 706
53 729
53 775
53 1012
53 1242
53 1490
53 1507
53 1706
53 2101
53 2383
53 2677
53 3129
53 3617
53 3767
54 124
54 463
54 685
54 845
54 1210
54 1402
54 1597
54 2276
54 2758
54 2977
54 3024
54 3189
54 3389
55 66
55 71
55 72
55 98
55 134
55 169
55 635
55 672
55 851
55 854
55 1172
55 1267
55 1608
55 1721
55 1899
55 1941
55 2023
55 2478
55 2514
55 2800
55 3076
55 3089
55 3249
55 3264
55 3766
55 3877
55 3989
56 67
56 80
56 116
56 135
56 157
56 166
56 167
56 318
56 331
56 379
56 395
56 401
56 437
56 472
56 512
56 636
56 753
56 838
56 971
56 1079
56 1394
56 1808
56 1933
56 1985
56 2233
56 2245
56 2658
56 2756
56 3944
57 140
57 269
57 297
57 450
57 660
57 944
57 993
57 999
57 1269
57 1447
57 1474
57 1905
57 2472
57 2525
57 2628
57 2666
57 2852
57 2984
57 3102
57 3610
58 630
58 2955
58 3163
58 3333
58 3622
59 138
59 241
59 438
59 459
59 488
59 567
59 663
59 684
59 691
59 701
59 772
59 823
59 872
59 1023
59 1133
59 1412
59 1810
59 1924
59 2069
59 2246
59 2273
59 2614
59 2716
59 3224
59 3472
59 3539
59 3606
59 3671
59 3742
59 3902
59 3919
59 3969
60 107
60 1607
60 2153
61 73
61 239
61 293
61 325
61 661
61 2390
61 2497
61 2560
61 2808
61 3810
62 100
62 109
62 136
62 185
62 207
62 370
62 397
62 462
62 819
62 853
62 861
62 1103
62 1263
62 1471
62 1491
62 1907
62 1987
62 2399
62 2581
62 2588
62 2967
62 3343
62 3544
62 3599
63 69
63 92
63 97
63 105
63 119
63 530
63 593
63 609
63 653
63 674
63 680
63 1717
63 1725
63 1939
63 2284
63 2549
63 2659
63 2711
63 3108
63 3270
63 3396
63 3558
63 3719
63 3727
63 3777
64 73
64 97
64 131
64 229
64 312
64 494
64 1004
64 1178
64 1417
64 1434
64 1451
64 1498
64 1534
64 1721
64 2150
64 2369
64 2415
64 2738
64 3061
64 3068
64 3148
64 3172
64 3647
64 3660
64 3672
64 3697
64 3717
65 79
65 466
65 1760
65 2230
66 829
66 972
66 1297
66 1622
66 1697
66 1722
66 1738
66 3190
66 3239
66 3243
66 3337
66 3537
66 3847
66 3907
67 79
67 102
67 108
67 112
67 120
67 201
67 473
67 516
67 549
67 588
67 628
67 671
67 734
67 805
67 827
67 973
67 992
67 1050
67 1194
67 1258
67 1277
67 1521
67 1657
67 2070
67 2126
67 2367
67 2417
67 2450
67 2538
67 2545
67 2565
67 2688
67 2776
67 2813
67 2850
67 2861
67 2883
67 3047
67 3139
67 3164
67 3238
67 3324
67 3360
67 3431
67 3661
67 3975
67 3997
68 127
68 1197
69 2493
69 3093
70 1036
70 1224
70 2058
71 107
71 571
71 723
71 1191
71 1549
71 1678
71 1830
71 1995
71 2179
71 2702
71 2712
71 2772
72 418
74 1006
74 1412
74 1774
74 1978
75 78
75 250
75 371
75 814
75 1051
75 1265
75 1490
76 231
76 404
76 2775
76 3548
77 596
77 3272
77 3796
78 334
78 1115
78 2073
78 3424
79 165
79 206
79 387
79 821
79 1321
79 1530
79 2131
79 2714
79 3066
79 3245
80 398
80 473
80 627
80 742
80 1025
80 1272
80 1727
80 2788
80 3438
80 3517
80 3775
81 584
81 803
81 1294
81 2388
82 520
82 643
82 690
82 1028
82 2358
82 2903
82 3275
83 235
83 1340
83 1765
83 1848
83 1970
83 3074
84 104
84 857
84 1231
84 1250
85 113
85 273
85 342
85 426
85 451
85 813
85 1887
85 2448
85 3374
85 3589
86 166
86 270
86 321
86 1516
86 1610
86 1962
86 2279
86 2755
87 164
87 532
87 2250
87 2662
87 3755
88 1202
88 1376
88 2781
89 574
89 1718
89 2115
89 2511
89 3200
89 3536
89 3775
89 3837
90 290
90 329
90 561
90 709
90 711
90 889
90 1439
90 1582
90 1780
90 2555
90 2563
90 2760
90 2864
90 3007
90 3267
90 3476
90 3967
91 815
91 2285
92 751
92 1998
93 178
93 209
93 230
93 356
93 399
93 496
93 505
93 1165
93 1311
93 2059
93 2543
93 2629
93 3478
94 360
94 747
94 850
94 1055
94 1121
94 1195
94 1333
94 1516
94 2339
96 153
96 207
96 271
96 301
96 490
96 497
96 554
96 700
96 712
96 726
96 935
96 945
96 949
96 1155
96 1310
96 2043
96 2051
96 2423
96 2680
96 2987
96 3479
96 3504
96 3675
96 3992
96 3996
97 2326
98 205
98 987
99 292
99 451
99 491
99 1428
99 1470
99 2186
99 2309
99 2603
99 3266
99 3269
99 3458
99 3536
100 237
100 403
100 642
100 688
100 707
100 1081
100 1085
100 1159
100 1200
100 1378
100 1468
100 1780
100 1834
100 1935
100 2284
100 2286
100 2496
100 2598
100 2765
101 195
101 213
101 749
101 850
101 3833
102 115
102 309
102 360
102 576
102 942
102 1097
102 1389
102 1573
102 2071
102 2485
102 2498
102 3065
102 3111
102 3251
102 3359
103 197
103 759
103 916
103 1639
103 2587
103 3671
103 3741
103 3881
104 594
104 1014
104 1281
104 1307
104 1893
104 1991
104 3063
104 3279
104 3912
105 111
105 130
105 442
105 483
105 882
105 943
105 1205
105 1234
105 1278
105 1291
105 1381
105 1539
105 1558
105 1599
105 2470
105 2529
105 2544
105 2706
105 2843
105 3323
105 3979
108 158
108 629
108 1274
108 1288
108 1993
108 2156
108 2501
108 2884
108 3017
108 3358
108 3914
109 1670
109 2798
110 469
111 1587
111 2030
111 2662
111 3677
112 352
112 780
112 1318
112 1422
112 1545
112 1947
112 1963
113 1092
114 1080
114 1157
114 1470
114 2132
114 2523
114 2998
115 179
115 228
115 282
115 528
115 989
115 1120
115 1203
115 1371
115 2706
115 3054
115 3563
117 145
117 496
117 1663
117 1698
118 391
118 499
118 658
118 819
118 1245
118 1625
118 1864
118 1909
118 2215
118 2432
118 2517
118 3118
119 159
119 865
119 906
119 963
119 1226
120 128
120 447
120 702
120 770
120 1442
120 1868
120 2371
121 163
121 380
121 958
121 965
121 1340
121 1541
121 1550
121 1974
121 2141
121 2159
121 2268
121 2433
121 2725
121 3208
121 3225
121 3703
121 3790
122 965
122 1079
122 3286
122 3371
123 223
123 225
123 328
123 403
123 589
123 899
123 922
123 1488
123 1877
123 1982
123 2293
123 2347
123 3181
123 3642
123 3802
123 3844
124 183
124 199
124 2560
124 2677
125 1270
126 184
126 1334
127 705
127 804
127 1337
127 2553
127 3403
128 189
128 898
128 1113
128 1118
128 1357
128 1535
128 1814
128 2074
128 2289
128 2387
128 3514
129 259
129 1358
129 3135
129 3890
130 193
130 248
130 305
130 340
130 400
130 411
130 514
130 540
130 556
130 571
130 836
130 1056
130 1404
130 1415
130 1440
130 1444
130 1460
130 1505
130 2508
130 2994
130 3573
131 196
131 717
131 879
131 1196
131 1198
131 1747
131 1803
131 3104
131 3415
131 3748
131 3808
131 3961
132 215
132 276
132 656
132 670
132 1062
132 1641
132 1778
132 1945
132 1960
132 2027
132 2212
132 2290
132 2725
132 2736
132 2738
132 2958
132 3149
132 3440
132 3613
132 3988
133 436
134 2779
135 447
135 546
135 799
135 1862
135 2223
135 2643
135 2684
135 2713
135 2803
136 313
136 518
136 1810
136 3408
136 3655
137 158
137 871
137 1507
137 1588
137 1914
137 2562
137 2647
137 3085
137 3355
137 3740
137 3974
138 261
138 397
138 1608
138 2158
138 2189
138 2827
138 2942
138 3326
138 3448
139 142
139 277
139 332
139 491
139 492
139 537
139 591
139 743
139 773
139 786
139 791
139 1004
139 1034
139 1158
139 1207
139 1362
139 1544
139 1707
139 2088
139 2577
139 2653
139 2860
139 2911
139 3022
139 3080
139 3177
139 3191
139 3288
139 3469
139 3681
139 3727
139 3728
139 3883
140 765
140 2211
140 2618
141 200
141 396
141 448
141 630
141 665
141 680
141 817
141 863
141 896
141 1276
141 1301
141 1383
141 1873
141 2335
141 2575
141 2794
141 2956
141 2960
141 3057
141 3096
141 3457
141 3490
141 3674
141 3860
141 3902
143 431
143 1008
143 1624
143 1857
143 2146
143 3250
143 3412
143 3716
144 198
144 279
144 302
144 330
144 798
144 854
144 2520
144 2735
144 3289
144 3555
144 3557
145 179
145 208
145 220
145 306
145 354
145 638
145 670
145 829
145 852
145 884
145 897
145 1074
145 1086
145 1152
145 1199
145 1356
145 1851
145 2019
145 2128
145 2184
145 2213
145 2232
145 2260
145 2304
145 2337
145 2593
145 2616
145 2872
145 3151
145 3335
145 3445
145 3502
145 3582
145 3738
145 3946
146 629
146 864
146 911
146 1053
146 1102
146 1816
146 2013
146 2348
146 3835
147 228
147 646
147 1550
147 1730
147 2953
147 3241
147 3549
149 413
149 548
149 633
149 952
149 1835
149 2297
149 3094
149 3265
150 209
150 258
150 500
150 659
150 737
150 801
150 974
150 1305
150 1691
150 2109
150 2118
150 2712
150 3826
150 3975
151 1986
152 1889
153 820
153 3513
154 796
154 1233
154 2921
154 3735
155 659
155 694
155 1001
155 1239
155 1253
155 1684
156 291
157 275
157 317
157 1009
157 1453
157 2124
157 2127
157 2178
157 2288
157 2643
157 2792
157 2991
157 3387
157 3454
157 3627
157 3923
158 161
158 181
158 322
158 324
158 368
158 375
158 383
158 424
158 470
158 602
158 632
158 702
158 855
158 977
158 1019
158 1114
158 1164
158 1173
158 1200
158 1309
158 1522
158 1689
158 1704
158 1799
158 1959
158 1992
158 2333
158 2360
158 2835
158 2899
158 3060
158 3179
158 3542
158 3733
158 3747
158 3822
159 547
159 1186
159 1464
159 1643
159 2210
159 2853
159 3357
159 3463
160 317
160 2280
160 2744
160 3431
161 401
161 1584
161 2389
161 2419
162 252
162 408
162 446
162 567
162 706
162 797
162 921
162 949
162 1486
162 1878
162 2282
162 2769
162 2821
162 3132
162 3287
162 3715
163 170
163 194
163 310
163 325
163 352
163 359
163 378
163 393
163 466
163 639
163 774
163 777
163 825
163 866
163 954
163 1207
163 1264
163 1484
163 1528
163 1694
163 1984
163 2168
163 2187
163 2303
163 2462
163 2505
163 2515
163 2569
163 2589
163 2679
163 2850
163 2941
163 3140
163 3240
163 3246
163 3350
163 3499
163 3567
163 3784
163 3831
164 757
164 836
165 531
165 792
165 844
165 893
165 928
165 1066
165 1145
165 1294
165 1339
165 1762
165 1825
165 1960
165 2089
165 2151
165 2196
165 2385
165 2582
165 2670
165 2726
165 2969
165 2989
165 3098
165 3120
165 3435
165 3653
165 3758
165 3842
167 3421
168 275
168 543
168 753
168 807
168 1187
168 1496
168 1567
168 1585
168 1625
168 1894
168 2006
168 2487
168 2570
168 2995
168 3455
168 3473
168 3516
168 3649
169 1852
169 2448
169 3872
170 274
170 761
170 948
170 1087
170 1153
170 1217
170 1232
170 1261
170 1502
170 1580
170 1632
170 1634
170 1776
170 1987
170 2055
170 2090
170 2121
170 2174
170 2196
170 2238
170 2366
170 3092
170 3481
170 3864
171 2344
171 2867
172 1266
175 436
175 1504
175 2608
176 516
176 874
176 1293
176 1902
176 2484
176 3635
177 2989
178 759
178 941
178 1280
178 2611
178 2691
179 1358
179 3714
181 432
181 528
181 604
181 788
181 1503
181 1661
181 2532
181 2871
181 2903
182 1425
183 1595
183 2336
183 3123
184 365
184 386
184 611
184 1089
184 1654
184 2402
184 2537
185 2142
185 3914
186 215
186 221
186 231
186 407
186 449
186 748
186 1405
186 1823
186 2391
186 3007
186 3093
186 3392
186 3534
186 3807
187 3644
188 330
188 728
188 937
188 1038
188 1448
188 1548
188 2630
188 3292
189 947
189 1051
189 1594
189 1638
189 2407
190 2619
190 2827
191 3586
192 2847
192 3520
193 487
193 534
193 551
193 1580
193 2047
193 2696
193 3090
193 3220
193 3311
193 3764
194 917
194 2572
195 300
195 1807
195 2365
195 3435
196 468
196 1347
196 1637
196 2416
196 3296
197 2388
197 2609
197 3193
197 3210
198 539
198 787
198 1594
198 2593
198 2996
198 3248
198 3482
199 222
199 227
199 249
199 260
199 625
199 683
199 1067
199 1475
199 1963
199 2046
199 2072
199 2451
199 2659
199 2761
199 2820
199 3228
199 3422
199 3443
199 3457
199 3560
200 482
200 719
200 999
200 1661
201 1072
201 1879
202 539
204 707
204 823
205 218
205 313
205 345
205 691
205 743
205 802
205 858
205 1035
205 1330
205 1591
205 1728
205 1821
205 2007
205 2148
205 2380
205 2521
205 2532
205 3166
205 3688
205 3713
206 392
206 482
206 671
206 1677
206 1889
206 1958
207 294
207 481
207 631
207 697
207 904
207 1147
207 1815
207 2159
207 3041
207 3596
208 1070
208 2049
208 2071
208 3128
208 3389
208 3648
208 3835
208 3859
209 296
209 421
209 551
209 580
209 733
209 744
209 1161
209 1275
209 1397
209 1617
209 1679
209 1785
209 1796
209 1843
209 2026
209 2142
209 2152
209 2182
209 2510
209 2859
209 2924
209 3915
209 3927
209 3956
210 2843
210 3346
211 268
211 273
211 299
211 1203
211 1506
211 2599
211 2814
211 3017
211 3082
211 3400
211 3658
211 3904
212 3509
212 3799
213 248
213 302
213 695
213 1353
213 1478
213 1709
213 2508
213 2521
213 2582
213 2743
213 2785
214 404
214 712
214 828
214 929
214 1032
214 1563
214 2103
214 2503
214 2620
214 3287
214 3506
214 3888
215 3438
216 288
216 524
216 584
216 762
216 798
216 963
216 1098
216 1206
216 1283
216 1365
216 1734
216 2042
216 2301
216 2305
216 2471
216 2644
216 2708
216 2923
216 3050
216 3186
216 3252
216 3373
217 527
217 1679
217 1793
217 3379
218 599
218 675
218 1708
218 2107
218 3119
219 575
219 920
220 460
220 1392
220 2763
221 324
221 1613
221 1716
221 1764
221 2685
221 3757
222 3196
224 456
224 3279
225 363
225 545
225 710
225 760
225 840
225 941
225 969
225 977
225 1364
225 1653
225 1853
225 1861
225 2060
225 2140
225 2146
225 2285
225 2298
225 2364
225 2901
225 3489
225 3673
225 3856
226 252
226 1468
226 1994
227 2458
229 673
229 1116
229 2277
229 2807
229 3722
230 732
230 1707
230 3498
233 385
233 1186
233 1315
233 1444
233 1492
233 2324
233 2412
233 3843
234 720
234 1016
234 1768
234 3417
235 622
235 1436
235 1855
235 2868
236 327
236 422
236 1447
236 2547
236 3624
236 3841
237 1527
237 1531
237 2895
238 310
238 1192
238 1210
238 3391
238 3436
238 3843
239 266
239 931
239 936
239 1598
239 3109
240 795
240 979
240 2507
242 985
242 3892
243 1466
243 2908
244 1371
245 533
245 779
245 875
245 887
245 1160
245 1420
245 1574
245 1624
245 1728
245 1840
245 1913
245 2003
245 2617
245 2948
245 2970
245 2991
245 3511
246 441
246 1089
246 1400
246 1844
246 2457
246 2498
246 2734
246 3006
246 3839
247 442
247 1307
247 2654
247 2803
247 3395
248 257
248 335
248 412
248 868
248 894
248 934
248 946
248 961
248 1124
248 1318
248 1424
248 1753
248 2816
248 3113
248 3444
249 265
249 363
249 835
249 1068
249 1168
249 1439
249 1931
249 2188
249 2220
249 2635
249 2648
249 2697
249 3031
249 3573
249 3683
250 676
250 2195
250 3978
251 474
251 727
251 885
251 1142
251 1222
251 1321
251 1458
251 1589
251 1700
251 1782
251 2502
251 3012
251 3430
252 428
252 478
252 1455
252 2546
253 304
253 704
253 795
253 1618
253 2092
253 2627
253 3408
253 3439
253 3611
253 3679
253 3730
254 1336
255 674
255 784
255 1155
255 1395
255 2353
255 2886
255 2893
255 3625
256 377
258 1343
258 2409
259 895
260 1811
260 2163
260 2622
261 3117
262 766
262 925
262 3293
263 361
263 1805
264 790
264 3003
265 281
266 1741
267 323
267 379
267 635
267 933
267 951
267 984
267 1164
267 1370
267 1529
267 1551
267 1627
267 1695
267 1744
267 1856
267 2664
267 2798
267 2804
267 2842
267 3043
267 3494
267 3610
267 3663
268 353
268 2833
269 412
270 833
270 1510
270 1976
270 3813
271 555
271 678
271 681
271 2349
271 2436
271 2748
271 3331
271 3622
272 1967
273 1935
273 2252
273 2310
273 2495
274 362
274 365
274 406
274 869
274 998
274 1082
274 1187
274 1956
274 1972
274 2711
274 2885
274 2994
274 3015
274 3388
275 1201
275 2351
275 2638
276 452
276 542
276 2392
276 2889
277 1154
277 1190
277 2702
277 2716
277 3206
277 3630
278 663
278 1720
278 2114
278 2925
279 332
279 617
279 910
279 1743
279 1948
279 2157
279 3155
279 3297
279 3410
279 3581
280 326
281 614
281 1335
281 3425
282 308
282 415
282 632
282 1708
282 1742
282 2287
282 2384
283 307
283 336
283 428
283 471
283 568
283 1013
283 1132
283 1896
283 2291
283 2859
283 2990
283 3170
283 3999
284 888
284 1459
284 1826
284 1872
284 2195
284 2730
284 3263
284 3749
285 311
285 2025
285 2637
285 2908
286 861
286 2676
288 1235
288 2437
288 3070
288 3884
290 605
290 1671
290 1756
290 1888
290 2346
290 2985
290 3487
291 564
291 2063
291 2396
291 2424
291 3383
292 350
292 902
292 962
292 1898
292 2439
292 2583
293 344
293 983
293 1171
293 1880
293 2168
293 3554
293 3652
293 3801
295 1973
297 1121
297 2826
298 590
298 933
298 956
298 1056
298 1236
298 1354
298 1651
298 1886
298 2053
298 3276
298 3432
298 3891
299 337
299 1380
299 1817
299 2427
299 2730
300 586
300 860
300 942
300 1173
300 1292
300 1324
300 1373
300 1536
300 3112
300 3534
300 3602
301 1856
302 1002
302 2852
304 883
304 995
304 1932
304 2224
304 3223
304 3951
305 556
305 811
305 964
305 1570
305 3705
305 3772
305 3842
306 1690
309 357
309 1000
309 1849
311 962
311 3789
312 562
312 654
312 1021
312 1054
312 1484
312 1926
312 1966
312 2568
313 660
313 678
313 1205
313 1407
313 1408
313 1421
313 1598
313 1673
313 1840
313 2039
313 2104
313 2296
313 2452
313 2682
313 3361
313 3510
313 3827
313 3860
314 350
314 1860
315 1046
315 1060
315 1184
315 1426
315 1514
315 1953
315 2050
315 2379
315 2591
315 2608
315 3026
315 3306
315 3757
316 418
316 540
316 557
316 1018
316 1500
316 1700
316 1821
316 3173
316 3240
317 637
317 825
317 997
317 1682
317 2366
317 2386
317 2902
317 2959
317 3091
317 3546
317 3910
318 405
318 467
318 748
318 868
318 980
318 981
318 1208
318 1774
318 2114
318 2654
318 2838
318 3068
318 3471
318 3612
318 3669
320 568
320 1735
320 1831
320 3550
321 486
321 708
321 2891
321 3050
321 3449
321 3461
321 3575
321 3862
321 3929
322 607
322 1115
322 3920
323 431
323 534
323 658
323 692
323 1050
323 1386
323 1427
323 1532
323 1537
323 1807
323 2205
323 2626
323 3002
323 3027
323 3453
326 1092
326 1888
326 3305
327 1144
327 2431
327 3455
328 429
328 439
328 544
328 615
328 805
328 2243
328 2749
328 2876
328 3309
329 879
329 939
329 1029
329 1110
329 1931
329 2144
329 2573
329 2757
330 337
330 408
330 1135
330 1229
330 1245
330 1413
330 1703
330 1798
330 1829
330 1830
330 1855
330 1871
330 1883
330 2110
330 2180
330 2570
330 2663
330 2929
330 3163
330 3228
330 3258
330 3385
331 1880
331 3779
332 972
332 3115
332 3146
332 3836
333 344
333 766
334 624
334 667
334 1323
334 1342
334 3919
335 3150
336 479
336 1510
336 2009
336 2294
337 3668
338 575
338 649
338 1011
338 1347
338 2314
338 3312
338 3374
338 3593
338 3818
338 3953
339 448
340 603
341 983
341 1143
342 478
342 785
342 1024
342 1039
342 1356
342 1389
342 1752
342 1844
342 1919
342 2171
342 2274
342 3905
343 922
343 1033
343 1752
343 1818
343 2061
343 2438
343 3036
344 2837
345 1105
346 1473
346 2902
348 1144
350 2878
351 1437
351 1893
351 3533
352 354
352 580
352 731
352 1075
352 1669
352 2307
352 2667
353 377
353 2770
353 2815
353 3908
354 2491
354 2610
355 541
355 1623
355 1739
355 1873
355 2106
355 2463
356 374
356 511
356 3459
357 1209
357 2275
358 1334
358 1463
358 2805
358 3131
358 3503
359 870
359 1457
359 1596
359 2414
359 3238
359 3685
360 405
360 484
360 509
360 598
360 656
360 738
360 843
360 1048
360 1062
360 1093
360 1171
360 1225
360 1377
360 1488
360 1616
360 1650
360 1709
360 1767
360 1797
360 1850
360 1919
360 2083
360 2301
360 2354
360 2607
360 2612
360 2857
360 2912
360 3182
360 3200
360 3254
360 3317
360 3542
360 3989
360 3998
361 577
361 784
361 1176
361 2318
361 2639
362 388
362 526
362 622
362 800
362 1040
362 1071
362 1606
362 1614
362 1670
362 1973
362 2197
362 2692
362 3150
362 3911
362 3927
363 616
363 843
363 3198
364 1329
364 1635
364 2855
364 2954
364 2959
364 3014
364 3329
364 3897
365 583
365 1044
365 1482
365 1584
365 1898
365 3545
366 526
366 608
368 495
368 1042
368 1493
368 1757
368 2871
369 1652
369 2471
369 2483
370 425
370 579
370 870
370 2370
372 3691
373 427
373 1546
374 771
374 1531
374 1627
374 1651
376 1734
377 461
377 1771
377 3180
377 3830
379 1993
379 2890
381 469
381 833
381 1107
381 1542
381 2012
381 2085
381 2119
381 2433
383 454
383 465
383 711
383 1259
383 2261
383 3157
383 3171
383 3246
383 3674
384 425
384 657
384 732
384 882
384 1139
384 2271
384 3306
385 1237
385 1841
385 2277
385 2705
385 2849
385 3913
387 1167
388 719
389 464
389 1230
389 2079
389 2892
391 815
391 1027
391 1035
391 1398
391 1969
391 2576
391 2678
391 3298
391 3415
391 3419
395 1555
395 1559
395 1619
395 1715
395 1846
395 2045
395 2395
395 2412
395 2443
395 2715
395 2968
395 3384
396 1120
398 726
398 1688
398 1768
398 1881
398 3821
399 553
400 489
400 758
400 1148
400 1204
400 1655
400 1675
400 1834
400 2067
400 2597
400 2834
400 2857
400 3161
400 3354
400 3459
400 3524
400 3568
401 644
401 978
403 664
403 780
403 1109
403 1302
403 2191
403 2220
403 3508
404 1833
404 3809
405 651
405 1445
405 2592
405 3134
405 3320
405 3594
405 3900
406 446
406 518
406 1467
406 1903
406 1918
406 3634
407 465
407 493
407 3385
408 414
408 519
408 573
408 596
408 648
408 824
408 901
408 1127
408 1839
408 1872
408 2194
408 2262
408 2357
408 2569
408 2605
408 3393
408 3631
408 3691
408 3798
409 826
409 2858
410 752
410 758
410 2310
410 2455
410 2933
411 2319
413 661
413 713
413 1143
413 1658
413 2720
413 3645
413 3867
414 1923
414 2462
415 652
415 1168
415 1385
415 2057
415 2464
415 3426
416 1071
418 1453
418 2625
418 3465
419 529
419 1188
419 1344
419 1591
419 1601
419 2884
420 2539
420 2717
421 755
421 1140
421 1489
421 2839
422 1606
422 1683
422 3401
422 3861
423 1099
423 1455
423 1702
423 1997
423 3151
423 3903
424 617
424 957
424 1309
424 2932
424 2940
425 640
425 944
425 1103
425 2625
425 3217
427 449
427 501
427 653
427 996
427 1328
427 1798
427 2019
427 2087
427 3689
429 862
429 3631
430 1183
431 1313
431 2708
432 3576
434 982
434 1219
434 1419
434 1703
434 3004
435 898
435 923
435 976
436 799
438 2203
439 443
439 2951
439 3080
441 1943
441 2263
442 500
442 1259
442 1338
442 1348
442 1813
442 2349
442 3321
443 938
443 2090
443 3282
444 507
444 984
444 1126
444 1323
444 1525
444 1782
444 1876
444 2147
444 2420
444 2740
444 2812
444 2986
444 3215
444 3477
444 3616
444 3797
444 3826
446 572
446 2946
447 652
447 1240
447 1603
447 3491
447 3687
447 3992
447 3995
448 488
448 595
448 749
448 806
448 1078
448 1733
448 2794
448 3149
448 3336
448 3812
449 693
449 756
449 1006
449 2129
449 2500
449 3737
450 527
451 552
451 611
451 901
451 1005
451 1037
451 1665
451 2287
451 2561
451 2939
451 2951
451 3256
452 3466
454 626
454 1595
454 2518
455 1747
455 1871
455 2080
455 2320
455 3193
456 1667
456 2138
456 2947
457 460
457 483
457 558
457 628
457 647
457 810
457 1094
457 1410
457 1850
457 1942
457 1998
457 2303
457 3254
459 644
459 908
459 1865
459 2808
459 3154
460 2962
460 3701
461 750
461 858
461 1017
461 1783
461 3406
462 2033
462 2690
462 2837
466 1387
466 1776
466 1791
466 2874
466 2876
466 3491
468 650
468 764
468 1769
468 2754
470 718
471 1003
471 1303
471 1355
471 1483
471 1863
471 3131
472 2001
472 3766
473 2644
473 3441
474 484
474 1904
476 603
476 2074
476 3308
477 1020
477 1234
477 2945
478 615
478 1712
478 2774
478 3226
478 3483
478 3879
479 3607
480 587
480 2318
480 2427
480 2538
480 2650
480 3218
482 2331
483 778
483 1273
484 2173
486 1213
486 2953
487 517
487 797
487 990
487 1191
487 1304
487 1308
487 1319
487 1438
487 1528
487 1696
487 1890
487 2134
487 2294
487 2466
487 2540
487 2589
487 2767
487 2824
487 2867
487 3117
487 3167
487 3277
487 3305
487 3333
487 3688
490 699
490 930
490 1230
490 1297
490 1403
490 2306
490 2504
490 3709
490 3803
491 1878
491 3152
491 3564
492 1091
492 1967
492 2435
492 2631
492 3728
493 937
494 593
494 978
494 979
494 1086
494 1266
494 1461
494 1900
494 2094
494 2531
494 2631
494 2910
494 2938
494 3103
494 3285
494 3907
495 878
495 3938
497 514
497 778
497 914
497 1731
497 1934
497 1946
497 2456
498 920
501 627
501 1176
501 1545
501 1766
501 2109
502 927
502 2992
502 3759
503 1957
504 559
504 787
504 1588
504 1961
504 2583
504 3323
504 3948
507 623
508 594
509 1647
509 1775
511 565
513 2882
514 2385
514 3840
516 1130
517 1077
517 1571
517 1663
518 1423
518 3106
519 619
519 1925
519 2314
519 3342
519 3915
520 1286
520 1410
520 1561
520 1762
520 1785
520 2086
520 2222
520 2325
520 3407
521 3426
522 634
522 1979
522 2342
522 2913
523 1660
524 796
524 1021
524 1116
524 1199
524 1295
524 1636
524 1964
524 2453
524 2506
524 2886
525 736
525 2169
525 3332
526 848
526 2056
527 1052
529 1632
529 2053
530 620
530 3155
531 581
531 1544
532 616
532 1981
533 1446
533 1512
534 642
534 2586
534 2592
535 1009
537 645
537 676
537 1792
537 2329
537 3685
538 1028
541 662
542 550
542 572
542 634
542 666
542 725
542 830
542 1556
542 1936
542 2319
542 2530
542 2981
542 3244
542 3456
543 1735
544 1211
545 840
545 2097
545 3041
545 3094
545 3225
545 3528
545 3789
545 3930
546 1605
546 3601
547 1673
547 2550
547 3731
547 3923
549 3949
552 786
552 928
552 1102
552 1298
552 1585
552 1710
552 1926
552 3918
553 926
553 1270
553 2745
553 2831
553 3207
554 1002
554 3039
554 3553
556 577
557 793
557 2062
557 2152
557 2293
557 3259
557 3713
558 573
558 716
558 1705
558 3515
558 3897
559 686
559 1241
559 1984
559 2930
560 3227
561 1101
561 1194
561 1395
561 1722
561 2051
561 2084
561 2720
561 3397
562 695
562 788
562 2177
562 2578
562 2855
562 3107
562 3235
563 2131
563 2750
563 3402
564 760
564 2651
564 3274
565 1621
565 2648
566 2194
567 1416
567 1789
567 3257
567 3768
570 1054
570 2032
571 1526
571 1680
571 2856
571 3643
572 579
572 1373
572 1424
572 3623
573 3750
575 938
575 2130
575 3044
577 781
577 1958
577 2080
577 2670
577 3409
577 3527
578 754
578 3176
578 3854
580 1232
581 892
581 1675
581 2323
581 2435
582 1161
582 3242
582 3763
583 1642
583 1826
583 3181
585 2604
585 3660
586 668
586 950
586 1662
586 3170
586 3587
586 3821
586 3939
588 1212
588 1320
588 2031
588 3120
589 2494
590 723
590 1914
590 2149
590 2875
591 2321
591 2600
591 3521
592 1659
592 1733
592 2376
592 2651
593 986
593 1640
593 1715
593 2742
593 3297
594 1398
594 1480
594 3334
594 3853
595 2340
598 1189
599 1057
599 2190
600 710
600 782
600 909
600 1095
600 1564
600 1868
600 2135
600 2919
600 3861
601 692
601 1571
601 2025
601 2660
601 3294
601 3870
602 892
602 2201
602 3040
603 2068
605 1131
606 1264
606 1983
606 2037
608 777
608 924
608 1061
608 1869
608 3081
608 3943
609 925
609 1536
609 1940
609 1983
609 2199
609 2447
609 2819
609 2976
609 3439
609 3788
610 1031
610 1574
611 2147
611 2559
611 2698
611 3234
612 961
612 1349
612 1360
612 1802
612 2686
612 2822
614 725
614 2463
615 3574
616 968
616 2872
616 3330
617 2675
621 1386
621 1719
621 3035
621 3451
621 3703
621 3811
622 729
622 900
622 907
622 974
622 1672
622 2281
622 2290
622 2964
622 3099
622 3121
622 3828
623 698
623 919
623 3235
623 3850
624 2914
624 3768
626 793
626 1435
626 3693
628 641
628 3704
628 3800
630 1660
630 1690
630 2099
630 3040
630 3436
631 923
631 940
631 1505
631 1827
631 2064
631 3540
632 722
632 935
632 1174
632 1345
632 1559
632 2727
633 1015
634 792
634 1678
634 3204
635 1236
635 2320
635 2836
635 3690
636 2612
637 2710
637 3563
637 3856
638 742
638 1313
640 812
640 1693
640 3123
640 3692
641 668
641 3865
642 903
642 1000
642 1402
642 1469
642 2372
642 2935
642 3834
643 816
643 3125
643 3899
644 2198
646 1098
646 1631
646 2217
646 2563
646 3134
646 3833
649 1109
649 1122
649 1941
650 1280
650 2180
650 2558
650 2622
650 2899
650 3022
650 3310
652 1108
652 3411
652 3644
653 762
653 1010
653 1146
653 1640
653 2331
653 2418
653 2596
653 3264
653 3578
654 2627
655 1151
656 1003
656 1181
656 1687
656 2253
656 2548
656 3538
656 3696
658 769
658 1839
658 2121
658 2177
658 2193
658 2244
658 2491
658 2527
658 3922
659 1534
659 1630
660 2646
660 3250
661 1147
661 2746
661 2789
663 2428
663 2988
664 1063
664 1255
664 1277
664 1515
664 1727
664 1990
664 2343
664 2348
664 2437
664 2551
664 3460
664 3602
664 3909
666 3871
667 735
667 1026
667 1353
667 1422
667 1474
667 1496
667 1599
667 1657
667 2807
667 3079
667 3557
667 3926
669 1278
670 940
674 3537
676 768
676 1527
676 1937
676 2181
676 3210
677 993
677 1875
678 2299
681 955
681 1007
681 1843
681 2637
682 1763
682 2048
682 3132
682 3158
682 3666
684 859
684 907
684 1182
684 1254
684 2052
684 2561
684 2687
684 3058
684 3381
686 1388
686 1875
686 2885
686 3221
686 3819
687 967
687 1057
687 1369
687 1374
687 1645
687 2862
687 3812
688 1743
688 1985
688 2615
688 3623
690 1097
690 2732
690 3223
692 1119
692 3291
693 739
693 1800
693 1822
693 2446
694 3345
695 1450
696 1018
697 820
697 1088
697 1220
697 1295
697 1364
697 1501
697 1671
697 1755
697 1895
697 2144
697 2336
697 2460
697 2723
697 2941
697 3069
697 3530
697 3783
697 3928
698 2422
700 1189
700 3100
702 1327
703 2377
704 1343
704 1946
704 2424
704 3986
705 1377
705 2261
707 763
707 915
707 955
707 1638
707 2978
709 2327
710 1583
710 1773
710 1975
710 2059
710 2242
710 3084
710 3351
710 3430
710 3585
710 3682
710 3978
711 747
711 2830
711 3941
712 1011
712 1108
712 1346
712 1473
712 3245
713 3614
714 734
714 1326
714 1600
714 1716
715 988
715 1842
715 2212
716 989
716 1087
718 1036
718 1897
718 3114
719 1085
719 1216
719 3025
719 3535
721 1681
721 2039
721 2113
721 2487
721 2523
721 2846
721 3968
724 1221
724 1626
724 2198
724 3617
727 1379
727 1616
727 2013
727 2228
727 2330
727 2361
727 2756
727 3239
727 3603
729 2555
730 789
730 2537
731 1137
735 1064
735 1705
735 3033
736 887
736 1058
736 1285
736 1379
736 3559
737 918
737 1374
737 2165
737 3628
739 3053
739 3659
740 1476
741 890
741 960
741 1288
741 3164
742 3251
743 3295
744 3997
746 2403
746 2737
751 849
751 1053
752 2209
753 1835
753 2601
753 3314
754 1622
758 3383
760 1296
760 3268
760 3560
761 1163
761 1440
761 1756
761 1959
762 1854
763 3056
763 3646
764 1156
765 3518
766 1765
767 2017
767 2166
768 924
768 1962
768 3105
769 1859
769 2016
769 2103
769 2772
769 3475
769 3664
771 800
771 1809
771 3152
771 3603
772 1299
772 1712
772 2165
772 2322
772 3395
772 3724
772 3898
774 880
774 1030
774 1084
774 1149
774 1513
774 1561
774 2609
774 3516
775 3440
776 1674
777 831
777 913
777 1454
777 1666
777 2137
777 2167
777 2254
777 2972
777 3113
778 927
778 1720
778 2082
778 3337
780 888
780 1922
780 3980
781 3158
782 1753
782 3121
784 1104
785 919
786 790
786 1175
786 3125
787 2169
788 1525
788 2041
788 2275
788 2704
788 3112
788 3130
789 1211
789 1543
789 1577
789 3695
791 2189
791 3232
791 3749
792 2096
792 2632
793 2315
793 3885
795 1285
795 2922
795 3905
796 1012
796 1149
796 2156
797 947
797 1476
797 1701
797 2979
799 3732
800 1417
800 2964
801 2179
801 2311
804 1646
804 3894
806 1106
806 2251
806 2686
806 3969
807 811
808 1522
808 2847
809 2382
810 2950
811 1180
811 1302
811 1882
811 2079
811 2265
811 2689
811 3038
811 3229
811 3590
811 3808
812 2251
815 1339
815 3341
816 1441
816 3288
819 1361
819 1767
819 1864
819 2038
819 2182
819 2727
819 3348
819 3770
821 1908
824 1219
824 1393
824 1565
824 1781
824 2971
824 3209
825 2126
825 3725
826 976
826 2030
826 2814
826 3162
826 3194
826 3442
826 3521
829 1024
830 877
830 1429
830 3726
832 2440
833 2036
833 2394
833 3490
833 3791
834 1014
834 3086
835 2145
837 1583
837 1812
838 3433
840 1861
841 1076
841 2271
841 3185
841 3726
842 1001
842 2161
842 2873
843 966
843 1618
843 1710
843 1836
843 1989
843 2602
843 3168
844 2623
846 3078
849 1188
849 1293
849 1518
849 2068
849 2696
850 2547
854 1852
855 1927
856 1023
856 3498
858 1487
859 886
859 3226
859 3938
860 1129
860 1891
860 2181
860 2444
860 3804
861 2787
861 3255
862 1751
862 3092
863 3375
865 2122
866 3359
868 1458
869 3048
869 3122
871 1031
871 1612
871 2374
872 3236
873 1206
873 1644
873 1744
873 1790
873 2001
873 2525
873 2763
874 1095
876 3270
876 3825
877 1342
877 2661
877 2924
877 3569
880 1032
880 1443
880 1955
880 2832
882 2347
884 1326
884 2129
885 2006
885 2049
885 3752
886 912
886 1166
886 1911
886 2202
886 2372
886 3011
888 2375
888 2601
888 2891
889 1487
889 1822
890 975
890 1345
890 1466
890 2894
890 3958
891 1137
891 1777
891 2309
891 3098
891 3182
891 3289
891 3880
891 3960
893 1724
896 1170
897 2863
897 3420
897 3761
898 1112
898 2343
898 2773
898 3144
898 3743
899 1929
899 3618
900 2783
900 3444
901 1123
901 2383
901 2595
901 2675
902 1779
902 2060
902 2064
902 3982
903 1104
903 1429
903 1692
903 1702
903 1842
908 3814
909 2201
909 2267
910 2945
912 2017
914 3127
915 1314
915 3552
917 1065
917 3480
918 1393
918 2208
918 2252
918 2374
918 3019
920 1111
921 1547
921 2957
922 3329
922 3665
923 1750
923 1924
923 2358
923 3462
924 2157
926 1007
926 2724
926 3161
927 2377
927 2909
929 3634
930 1279
930 2286
930 2474
930 2682
931 1060
931 2656
936 1390
937 1272
937 1939
937 3307
938 1723
938 2317
938 3787
938 3815
939 3577
940 2093
940 3139
940 3421
940 3624
940 3770
941 2715
941 2975
943 2219
943 2295
944 2788
944 3599
944 3600
944 3744
945 1375
946 1396
946 1763
946 2236
946 3468
946 3695
946 3783
947 1153
947 2102
947 2773
947 3070
948 1815
948 3338
951 1117
952 1063
952 1382
952 2029
952 2397
953 1331
953 1433
955 3078
957 3609
958 2256
959 1566
959 2098
959 2283
959 3654
960 1478
961 3589
962 1005
962 1286
962 1568
962 1672
962 2613
962 3620
962 3689
964 1048
964 3661
964 3663
964 3765
965 1041
965 1169
965 1593
965 2272
965 2833
966 3166
967 1397
967 2015
967 2209
968 1529
969 2371
970 998
970 1192
971 1059
971 1502
971 1764
972 1845
973 1227
973 1766
974 3999
978 1596
978 1750
978 1930
978 3453
979 2907
980 988
980 1077
980 1252
980 1999
981 2267
984 1078
984 3016
984 3317
984 3966
985 2188
985 2264
985 2363
985 2694
991 1394
991 1836
992 2020
992 2069
992 3378
993 3107
994 1185
995 1456
995 3102
996 3925
998 2035
998 3881
998 3932
999 1411
999 1515
999 2145
999 2783
999 3447
1001 1214
1001 1845
1001 2067
1001 3147
1001 3393
1002 1145
1002 3109
1002 3585
1002 3605
1007 2628
1008 1928
1008 1954
1008 2467
1008 3312
1008 3745
1009 3260
1010 2225
1011 1658
1011 2461
1011 3467
1011 3921
1014 1759
1014 3309
1014 3495
1014 3910
1017 1227
1017 2841
1018 3367
1020 2469
1022 2257
1022 2426
1022 2916
1025 2960
1028 1784
1032 2345
1034 2387
1035 1201
1035 3304
1036 2839
1042 2882
1043 2479
1043 2935
1043 2976
1043 3991
1049 1150
1049 2174
1049 3665
1049 3886
1050 2370
1051 1314
1051 1406
1051 1523
1051 2162
1051 2216
1051 2453
1051 2611
1051 2709
1051 2771
1051 2840
1051 2898
1051 2913
1051 2917
1051 2966
1051 3313
1051 3347
1051 3348
1051 3608
1051 3936
1053 2002
1054 1157
1056 2993
1056 3195
1061 3809
1064 1074
1064 1414
1065 1770
1065 3680
1065 3734
1067 2482
1069 2172
1070 1082
1070 1903
1070 2397
1070 3051
1071 1287
1071 1357
1071 1427
1071 1769
1071 1886
1071 2008
1071 2014
1071 2118
1071 2470
1071 2472
1071 2811
1071 3608
1072 2438
1072 3064
1075 1193
1075 1698
1076 1317
1077 1853
1082 3280
1087 1336
1087 2015
1088 3734
1089 2596
1092 1319
1093 1449
1096 1801
1096 2139
1096 2326
1096 3723
1096 3771
1096 3935
1098 1430
1099 1975
1099 3846
1100 1372
1100 1494
1100 1589
1100 1602
1100 1775
1100 2255
1100 2282
1100 2575
1100 3928
1100 3967
1101 3981
1103 1289
1103 1349
1103 2519
1103 2965
1103 3718
1104 3827
1105 1418
1108 2050
1108 2749
1111 2243
1112 2313
1113 1225
1113 1375
1113 1438
1113 1938
1113 2224
1113 2439
1113 2797
1113 2823
1113 3179
1113 3361
1114 2225
1116 1621
1116 2148
1117 2338
1120 1235
1120 1416
1120 2446
1120 2539
1120 2541
1120 3353
1121 3712
1122 3526
1122 3600
1123 2909
1123 3229
1123 3595
1124 1586
1126 2863
1127 1858
1127 3473
1128 1312
1128 3281
1131 1169
1131 2171
1131 3522
1132 1419
1132 2395
1132 2848
1134 1706
1134 2669
1134 3804
1135 3011
1137 2723
1137 3501
1138 1533
1138 2242
1140 2033
1141 1806
1141 1982
1143 2992
1145 3420
1146 1365
1146 2110
1146 3344
1146 3754
1149 1443
1149 3137
1149 3651
1150 1472
1153 1961
1153 2785
1153 3208
1154 3399
1157 3096
1158 3315
1159 1241
1159 2671
1160 2124
1160 2739
1164 1359
1164 2136
1165 1177
1165 1462
1167 3369
1169 3001
1171 3986
1173 2149
1173 3934
1174 3321
1175 2217
1179 1635
1181 2828
1183 2600
1183 2963
1184 3236
1184 3606
1186 2066
1187 2782
1188 1399
1194 1732
1194 2204
1194 3434
1197 1467
1197 2048
1202 3153
1203 3503
1204 1884
1205 3363
1208 2610
1210 1737
1210 2674
1211 2034
1213 1426
1214 2576
1214 2649
1215 2160
1215 3763
1218 1971
1219 1331
1219 1530
1219 1623
1219 2262
1219 2382
1219 2391
1219 2522
1219 3231
1222 1282
1223 1305
1223 3884
1224 2239
1225 1298
1226 2078
1226 2344
1226 2353
1226 2666
1226 3176
1226 3214
1226 3507
1227 1271
1227 1689
1229 1916
1229 2235
1229 2502
1229 2518
1229 2810
1229 2875
1229 3076
1229 3178
1229 3285
1229 3890
1229 3925
1231 2957
1232 1737
1232 2345
1232 2840
1237 3071
1237 3893
1238 3591
1241 3535
1244 2302
1245 1274
1245 2062
1246 3889
1248 2615
1249 2115
1249 3265
1250 1799
1250 2337
1252 1755
1252 2536
1252 2604
1252 2701
1252 2830
1252 3554
1254 2091
1254 2268
1254 2781
1254 2846
1256 2936
1258 3488
1258 3597
1259 1460
1259 1804
1259 2517
1259 3015
1259 3088
1259 3133
1260 1486
1261 1793
1262 1462
1262 1477
1262 1526
1262 3072
1265 1296
1266 2312
1269 2553
1269 3009
1269 3760
1270 2621
1270 3482
1271 3244
1273 2334
1275 3156
1276 2134
1276 2227
1276 2586
1276 3018
1277 2117
1279 1770
1282 1600
1282 3045
1282 3403
1282 3595
1282 3990
1283 1647
1284 1479
1284 1723
1284 2128
1284 2269
1284 2486
1284 2668
1286 1609
1286 3165
1286 3483
1288 1495
1288 1524
1288 1575
1288 2844
1288 3280
1288 3283
1288 3487
1290 1303
1290 1378
1290 1400
1291 2968
1292 2929
1292 3211
1293 1449
1294 1683
1295 2139
1295 3598
1296 1781
1296 1791
1296 2904
1296 2977
1297 1655
1297 2815
1297 3690
1306 2333
1306 2484
1308 1820
1308 3110
1308 3830
1309 1653
1309 1860
1312 2178
1313 3613
1315 1813
1317 3173
1318 1745
1318 3845
1319 2422
1319 2812
1321 2489
1321 3546
1323 3851
1324 2456
1327 1601
1327 1797
1327 2260
1329 2640
1335 1611
1335 2011
1341 3386
1342 1701
1342 1729
1347 1403
1347 1913
1347 1917
1348 2305
1356 2546
1357 2328
1357 2411
1357 3144
1358 1562
1358 1642
1358 1649
1358 1746
1358 1847
1358 1981
1358 2248
1358 2836
1358 3505
1360 2663
1363 3409
1364 3937
1365 2826
1366 1824
1366 2122
1367 2404
1369 2037
1369 3895
1372 2642
1374 2495
1375 1940
1375 2005
1375 2240
1375 2440
1375 3157
1376 1582
1376 1609
1378 1446
1378 1925
1379 1669
1379 2640
1379 3570
1380 2289
1380 3308
1383 3237
1384 1899
1385 2980
1386 2415
1387 2799
1387 2838
1390 2566
1390 2972
1390 2982
1390 3331
1391 3591
1392 1451
1392 2200
1392 2613
1392 2824
1393 2429
1393 3820
1394 3369
1395 1578
1395 3740
1396 1469
1396 1475
1396 2008
1396 2921
1397 3330
1401 2887
1402 3829
1404 1535
1404 1825
1404 3555
1405 3868
1406 2728
1406 2856
1406 3983
1407 1827
1407 1869
1407 2278
1407 2526
1407 2801
1408 3334
1409 2635
1421 1951
1421 2258
1423 1620
1424 1533
1424 1699
1424 3012
1424 3366
1426 2492
1427 2490
1427 3273
1428 3272
1435 1713
1435 3142
1435 3857
1440 2399
1442 1541
1442 1629
1442 1699
1442 3106
1444 2085
1444 2229
1447 2678
1447 3371
1449 2784
1451 2155
1451 3574
1457 3445
1461 3310
1461 3895
1463 3556
1463 3588
1466 2023
1466 2755
1468 1514
1469 1501
1472 3887
1473 2844
1473 3774
1475 2454
1476 3394
1484 1485
1488 3124
1489 1687
1489 1819
1489 2137
1489 2562
1489 2707
1489 2731
1491 1508
1492 1848
1492 2384
1492 3299
1497 2642
1499 2130
1500 2971
1501 3030
1501 3973
1503 1551
1503 1938
1503 2132
1503 3227
1504 1605
1504 3957
1505 2108
1505 2810
1505 2822
1505 3404
1505 3638
1505 3793
1512 1994
1512 2567
1512 3105
1512 3913
1512 3931
1513 3898
1515 2467
1518 1590
1518 1659
1518 1805
1518 2246
1518 2350
1518 3169
1519 2133
1521 2703
1522 1862
1524 2475
1527 2573
1527 3301
1530 1697
1530 2398
1530 3364
1531 3062
1534 3195
1537 2389
1537 3669
1538 1592
1538 1645
1538 2724
1539 1945
1539 3416
1543 3336
1546 2429
1546 3604
1546 3680
1547 1890
1548 2044
1549 1976
1549 2795
1550 2407
1551 1650
1551 2040
1553 2801
1553 3382
1555 1930
1555 2364
1556 1885
1557 1944
1559 2101
1561 3754
1563 2829
1563 3562
1563 3767
1563 3840
1565 3877
1566 3646
1567 2307
1574 3319
1577 2680
1578 2329
1578 3021
1578 3692
1579 2414
1581 3561
1582 2082
1583 1667
1583 1714
1583 2567
1583 3219
1585 2056
1585 2444
1588 1943
1588 2127
1588 3569
1593 3203
1596 1685
1596 2117
1597 1676
1600 3786
1607 1972
1609 2324
1609 3447
1611 2854
1613 2100
1613 2192
1613 2354
1615 2618
1615 3262
1617 2431
1617 2587
1618 3647
1619 3031
1626 1777
1626 2762
1628 2557
1628 3103
1630 3715
1632 2247
1632 3787
1633 1934
1634 2947
1638 3077
1643 3687
1645 2381
1646 2719
1646 3049
1648 1784
1648 2234
1654 2443
1654 3187
1658 1736
1658 3848
1660 2430
1663 1911
1663 2574
1663 3621
1663 3951
1664 2352
1665 2295
1665 2710
1665 3301
1667 2705
1667 3481
1669 1796
1669 2689
1671 2350
1673 2722
1674 2703
1675 2098
1675 2164
1678 2332
1678 2533
1679 2186
1683 1704
1683 2540
1683 3698
1686 1758
1686 3077
1689 2791
1692 2367
1700 3165
1705 2133
1710 1711
1710 1915
1710 3465
1711 2396
1711 3205
1714 3983
1717 2630
1717 2658
1719 1725
1719 2823
1719 3367
1721 1877
1721 2617
1722 1751
1722 2230
1723 3543
1726 2700
1733 3964
1734 3046
1737 3219
1739 3955
1740 1772
1740 1879
1740 2734
1740 3888
1742 3116
1742 3222
1742 3645
1743 2255
1743 2441
1743 2501
1745 3047
1746 2208
1747 3339
1748 2413
1748 2969
1748 3432
1749 1895
1749 3484
1749 3781
1750 2136
1752 1948
1752 3023
1754 3778
1755 1968
1755 2172
1755 3962
1756 2308
1756 2792
1756 3332
1757 2038
1759 2791
1759 3034
1760 1977
1760 2793
1760 3261
1763 3212
1766 2316
1772 2556
1772 3160
1773 3678
1777 2509
1778 2221
1778 3126
1779 1884
1779 3142
1779 3652
1783 3259
1787 2183
1787 2232
1787 2416
1787 3352
1788 2865
1788 3045
1789 2464
1789 2699
1792 3075
1795 3834
1796 2777
1796 3746
1798 3640
1799 3933
1800 2351
1802 3349
1803 1991
1803 2729
1804 3292
1807 2113
1812 3375
1818 3168
1820 3973
1823 2081
1823 2614
1823 3189
1824 3159
1826 1990
1826 2778
1826 3053
1830 3717
1831 2900
1832 2890
1832 3066
1832 3145
1834 2342
1834 3686
1835 2970
1839 2943
1839 3782
1840 3451
1841 2405
1844 2221
1846 1944
1846 2758
1848 2809
1849 3422
1853 1894
1853 2323
1853 2691
1855 3756
1858 3480
1859 3061
1859 3468
1860 2629
1860 2752
1861 2806
1861 3325
1861 3654
1862 2237
1862 2789
1862 2907
1864 2571
1870 2026
1871 2988
1876 2748
1876 3955
1876 3984
1878 2897
1882 2961
1885 2579
1889 1920
1890 2334
1891 2887
1891 2984
1891 3328
1892 2164
1892 3138
1892 3194
1892 3596
1892 3659
1893 1910
1893 3099
1894 3388
1894 3761
1897 3788
1898 2032
1898 3271
1899 2511
1900 2436
1902 2222
1902 2585
1902 3199
1902 3335
1902 3803
1902 3806
1905 2726
1906 3230
1907 2683
1908 2764
1910 3485
1911 2400
1912 3874
1913 2514
1923 2853
1923 3816
1925 3004
1926 3136
1927 2362
1927 2534
1928 3511
1930 1952
1930 2541
1931 2106
1931 2154
1933 3248
1936 2832
1938 2192
1938 3741
1943 2858
1944 1954
1944 2183
1946 2160
1946 2210
1946 2997
1946 3339
1957 2979
1957 3458
1957 3954
1959 2655
1960 2564
1962 2046
1964 2012
1964 2594
1964 2762
1964 2928
1964 2955
1964 3196
1965 3539
1967 3942
1972 3566
1976 2112
1976 2428
1976 2580
1977 2087
1977 2401
1977 3996
1982 2240
1982 3769
1984 2505
1984 2550
1984 3619
1989 2473
1989 2634
1989 3206
1989 3736
1989 3981
1990 2445
1991 2066
1997 3278
1999 3116
2001 2695
2002 3452
2003 3797
2007 2559
2007 3839
2011 3806
2013 2249
2014 2963
2018 3130
2021 2107
2022 2335
2022 2552
2022 3343
2023 2356
2023 3707
2026 2568
2027 3565
2028 3081
2032 3025
2033 2315
2035 3968
2036 2674
2037 2862
2039 3379
2043 2948
2044 2719
2046 2507
2046 2879
2047 3753
2049 2515
2049 3699
2050 2728
2053 2476
2057 2216
2058 2167
2058 3039
2058 3328
2059 3964
2059 3971
2062 2735
2063 2624
2064 2219
2064 3886
2065 2565
2065 3467
2066 2312
2068 3756
2069 2359
2070 3216
2073 2206
2073 3282
2077 3009
2081 2266
2083 3729
2084 2558
2086 3058
2087 3437
2092 2093
2092 3450
2094 2623
2101 2704
2102 3976
2103 3203
2104 3876
2108 2468
2110 2835
2113 3000
2113 3723
2119 2234
2122 3344
2126 3405
2126 3556
2128 2869
2129 3470
2132 2474
2133 2809
2136 3418
2139 2987
2139 3584
2144 3391
2144 3418
2147 2729
2148 2250
2151 2297
2155 2806
2158 2805
2159 3779
2164 2931
2172 2718
2172 3104
2172 3470
2175 3316
2179 2661
2179 2930
2179 3293
2183 2185
2183 3607
2184 2745
2184 3028
2186 3167
2189 3364
2196 2967
2196 3538
2198 3055
2198 3873
2202 2480
2202 3062
2204 2552
2204 2655
2204 3197
2206 3583
2209 3083
2211 3805
2212 3464
2219 3322
2219 3747
2220 3268
2222 2997
2223 3071
2224 2825
2224 3469
2224 3653
2227 2603
2230 2656
2230 3275
2233 3641
2233 3982
2234 2455
2236 3373
2238 3795
2238 3872
2239 2606
2239 2653
2239 2868
2239 3199
2239 3484
2239 3724
2239 3874
2241 2688
2243 2633
2243 3512
2246 2528
2256 2819
2260 3079
2260 3615
2260 3751
2260 3870
2265 2923
2267 3318
2273 2564
2275 2861
2277 2299
2277 2369
2279 3630
2283 3183
2283 3867
2284 2481
2287 2944
2288 2522
2292 3424
2294 2494
2297 2459
2298 3284
2298 3324
2303 3871
2306 3744
2307 3247
2308 3529
2309 2740
2309 2790
2309 3406
2317 3513
2320 2802
2328 3764
2329 2380
2329 3586
2330 3159
2333 2373
2335 3543
2337 2722
2341 3357
2344 2530
2344 2572
2345 3510
2347 2447
2349 2481
2349 3032
2350 2434
2350 3154
2352 2636
2352 2741
2357 3191
2360 2577
2360 2786
2360 2926
2360 3064
2360 3970
2365 3896
2366 3029
2368 3177
2368 3523
2374 2944
2374 3397
2380 3525
2380 3662
2381 2442
2382 2524
2385 2965
2387 3719
2389 3090
2389 3694
2404 3452
2404 3643
2405 3878
2413 2743
2413 3869
2419 3416
2426 3828
2426 3970
2427 2934
2427 3568
2428 3785
2433 3739
2435 3362
2441 2450
2441 3036
2449 2901
2450 2488
2452 2817
2455 2709
2455 3678
2463 2584
2463 2590
2463 3021
2465 2477
2465 2754
2465 3612
2465 3858
2468 2937
2469 3217
2470 2581
2473 2574
2473 3626
2478 2590
2478 2933
2484 2966
2491 3192
2493 2778
2497 3365
2499 2928
2499 3857
2508 3271
2509 3183
2509 3934
2510 2917
2515 3303
2521 2949
2523 2733
2523 2925
2524 2673
2524 3697
2525 2893
2525 3657
2526 2993
2526 3615
2535 3156
2538 3721
2539 3283
2541 3087
2543 3541
2547 2797
2553 3366
2553 3889
2562 3499
2568 2952
2570 2910
2571 3205
2571 3953
2573 2737
2573 3212
2579 3441
2583 2606
2583 2694
2583 2889
2585 2588
2585 3434
2585 3597
2585 3684
2585 3941
2588 3311
2588 3648
2588 3800
2589 3683
2592 3943
2605 2650
2605 3952
2608 3901
2617 2880
2620 2845
2620 3620
2627 2774
2628 3207
2646 3994
2653 3549
2654 3290
2665 3221
2685 3799
2686 3213
2691 3985
2695 2759
2696 3052
2707 3885
2708 3372
2713 3377
2719 3124
2719 3551
2735 2866
2738 3153
2738 3356
2740 2888
2740 3637
2742 2818
2753 3126
2754 3731
2759 3531
2764 2978
2771 3466
2774 3936
2777 3500
2780 3027
2784 3950
2785 3067
2785 3295
2785 3517
2785 3743
2787 2796
2796 3318
2798 3413
2798 3471
2800 3636
2804 3135
2804 3376
2813 3698
2814 2816
2814 3523
2814 3998
2817 2825
2818 3175
2822 3315
2826 3976
2829 3085
2829 3639
2836 3370
2841 3198
2843 3528
2845 3507
2849 2940
2849 3014
2860 3187
2872 3571
2874 3836
2876 3722
2877 3682
2878 3220
2880 3372
2886 3880
2891 3959
2894 3628
2895 3594
2897 3003
2909 3745
2912 3637
2924 3184
2926 3592
2931 3753
2942 3350
2950 3710
2955 3020
2957 3417
2957 3618
2964 3400
2965 3497
2966 3054
2985 3786
2989 3023
2989 3188
2989 3565
3003 3932
3011 3841
3018 3611
3022 3945
3030 3136
3039 3878
3045 3249
3049 3609
3057 3137
3057 3486
3059 3171
3060 3985
3061 3580
3064 3773
3067 3101
3068 3729
3069 3737
3093 3776
3097 3304
3109 3605
3116 3128
3143 3530
3161 3450
3161 3811
3177 3340
3178 3504
3183 3346
3190 3762
3196 3720
3200 3720
3201 3635
3211 3338
3223 3300
3225 3965
3231 3278
3233 3762
3237 3776
3243 3520
3243 3777
3251 3920
3265 3708
3266 3316
3271 3407
3272 3819
3274 3706
3285 3551
3285 3784
3285 3933
3289 3725
3294 3525
3294 3708
3298 3325
3300 3987
3320 3627
3321 3670
3323 3515
3341 3858
3349 3794
3384 3512
3385 3704
3386 3566
3386 3711
3386 3829
3398 3664
3445 3894
3452 3739
3460 3552
3483 3544
3528 3869
3552 3852
3557 3801
3640 3693
3690 3759
3695 3958
3701 3875
3702 3813
3721 3780
3751 3887
3774 3782
3776 3991
3785 3793
3883 3891
