0 1
0 2
0 3
0 4
0 5
0 6
0 7
0 8
0 9
0 10
0 11
0 12
0 13
0 14
0 16
0 18
0 23
0 27
0 29
0 31
0 34
0 35
0 40
0 44
0 54
0 56
0 70
0 73
0 86
0 87
0 91
0 93
0 98
0 102
0 103
0 104
0 106
0 111
0 114
0 115
0 119
1 2
1 3
1 5
1 6
1 8
1 9
1 19
1 24
1 25
1 26
1 27
1 28
1 32
1 33
1 36
1 37
1 39
1 40
1 43
1 47
1 53
1 54
1 55
1 59
1 64
1 68
1 69
1 70
1 75
1 76
1 78
1 83
1 86
1 118
1 124
2 14
2 17
2 38
2 45
2 61
2 62
2 65
2 96
2 110
2 114
2 115
3 4
3 7
3 11
3 15
3 19
3 20
3 22
3 31
3 33
3 35
3 36
3 44
3 46
3 48
3 49
3 50
3 58
3 61
3 71
3 76
3 77
3 80
3 81
3 92
3 94
3 100
3 108
3 123
4 18
4 73
5 58
6 12
6 15
6 16
6 21
6 26
6 32
6 39
6 41
6 43
6 50
6 52
6 75
6 91
6 95
6 97
6 112
6 117
6 121
7 17
7 21
7 42
7 46
7 105
7 111
8 122
9 10
9 22
9 23
9 30
9 38
9 57
9 66
9 67
9 72
9 87
9 88
9 110
9 123
11 41
11 56
11 74
11 101
12 13
12 20
12 24
12 25
12 30
12 37
12 49
12 52
12 55
12 68
12 71
12 72
12 95
12 97
12 98
13 65
13 84
13 99
15 28
15 85
15 109
16 29
16 92
16 102
16 117
16 122
17 81
19 34
21 42
21 45
21 47
21 63
21 64
21 89
21 109
22 59
22 79
22 90
25 112
26 63
26 119
26 124
29 88
29 120
30 51
30 57
30 60
30 67
31 66
31 78
31 80
31 82
31 89
31 104
31 107
33 51
34 101
34 118
35 53
37 48
48 74
48 100
48 121
49 60
49 83
50 62
57 77
58 99
58 113
59 103
60 96
62 108
64 107
65 93
65 113
67 69
68 105
70 120
72 106
76 82
77 79
79 84
79 85
86 116
87 90
88 116
93 94
