0 1
0 2
0 3
0 4
0 7
0 22
0 24
0 25
0 29
0 30
0 36
0 44
0 47
0 50
0 65
0 68
0 74
0 78
0 108
0 109
0 116
0 118
0 119
0 144
0 162
0 163
0 170
0 182
0 186
0 209
0 210
0 221
0 236
0 242
0 247
1 2
1 3
1 4
1 5
1 6
1 11
1 13
1 16
1 51
1 58
1 63
1 83
1 90
1 95
1 100
1 103
1 106
1 125
1 132
1 145
1 157
1 184
1 188
1 190
1 205
1 218
1 224
1 228
2 9
2 10
2 40
2 42
2 50
2 60
2 64
2 87
2 97
2 102
2 127
2 139
2 160
2 192
2 206
3 6
3 8
3 10
3 11
3 12
3 15
3 17
3 20
3 21
3 23
3 26
3 27
3 28
3 31
3 37
3 38
3 39
3 43
3 45
3 46
3 51
3 58
3 62
3 69
3 71
3 72
3 76
3 79
3 80
3 82
3 84
3 85
3 89
3 91
3 95
3 96
3 103
3 105
3 117
3 121
3 122
3 123
3 127
3 128
3 137
3 138
3 145
3 149
3 150
3 153
3 156
3 161
3 162
3 165
3 179
3 182
3 184
3 186
3 187
3 188
3 191
3 192
3 208
3 211
3 220
3 224
3 225
3 227
3 234
3 237
3 239
3 240
3 242
3 245
4 5
4 9
4 15
4 21
4 29
4 31
4 61
4 87
4 110
4 193
4 196
4 230
5 14
5 56
5 69
5 111
5 152
5 160
5 168
5 216
5 222
6 7
6 13
6 17
6 19
6 20
6 26
6 28
6 32
6 33
6 34
6 35
6 38
6 42
6 44
6 47
6 49
6 59
6 61
6 62
6 80
6 86
6 88
6 96
6 102
6 107
6 109
6 111
6 125
6 146
6 156
6 157
6 166
6 167
6 176
6 207
6 213
6 219
6 225
6 239
6 248
7 8
7 14
7 24
7 68
7 70
7 75
7 77
7 84
7 122
7 219
7 222
8 12
8 16
8 18
8 32
8 37
8 39
8 40
8 43
8 89
8 94
8 99
8 135
8 163
8 174
8 241
8 244
9 52
9 112
11 18
11 33
11 53
11 138
11 178
11 229
13 131
14 22
14 48
14 129
14 146
14 149
14 198
14 201
14 232
15 34
15 172
16 112
17 19
17 25
17 101
17 110
17 124
17 130
17 141
17 197
17 236
18 23
18 65
18 106
18 119
18 120
18 129
19 55
19 73
19 179
19 243
20 73
20 108
20 151
20 234
21 27
21 30
21 36
21 86
21 191
22 59
22 75
22 88
22 136
22 185
24 46
24 64
24 79
24 82
24 99
26 97
26 174
26 237
26 249
27 77
27 93
27 173
27 220
28 55
28 232
29 41
29 45
29 48
29 52
29 54
29 57
29 66
29 67
29 81
29 85
29 90
29 98
29 141
29 148
29 152
29 153
29 155
29 164
29 171
29 175
29 181
29 183
29 226
29 241
29 248
30 74
30 104
30 193
31 53
31 63
31 121
31 214
32 200
33 35
33 76
33 104
33 147
33 244
34 139
34 140
34 155
34 158
34 169
34 209
36 41
36 56
36 60
36 78
36 113
36 133
36 173
36 176
36 178
38 203
39 93
39 114
40 144
41 231
44 54
45 169
45 180
48 49
48 57
48 164
48 201
49 66
49 166
50 81
50 142
50 196
50 245
51 92
51 107
51 126
51 221
51 223
51 249
52 92
52 231
53 215
54 147
54 197
54 200
55 181
55 185
55 202
57 203
59 100
59 151
59 187
59 215
60 67
60 113
60 148
61 91
62 243
62 247
63 70
63 140
63 143
63 150
64 135
64 177
64 240
66 136
66 233
68 194
70 71
70 175
70 194
70 199
70 223
71 72
73 101
73 131
73 230
77 115
77 133
77 167
78 83
78 98
78 105
79 116
79 142
80 195
81 94
81 124
81 134
81 171
82 115
83 206
87 114
87 168
87 217
90 128
91 130
93 134
94 126
94 154
95 117
95 208
99 143
100 120
103 213
104 123
104 238
109 158
112 118
117 172
118 195
122 132
122 189
125 137
125 154
125 159
125 212
127 159
134 214
134 246
136 170
137 190
140 161
142 210
143 211
144 212
146 183
150 228
151 207
151 238
154 205
154 216
155 180
155 226
159 165
166 177
166 235
167 233
178 198
178 204
180 189
180 202
180 204
180 217
184 235
193 199
194 246
211 218
221 229
223 227
