0 1638
0 2394
0 3282
0 3452
1 755
1 1862
1 3041
2 1203
2 2057
2 2597
2 2676
2 2710
2 2851
2 3969
3 314
3 1628
3 1742
3 2635
3 3048
4 726
4 1865
4 2293
4 3075
5 962
5 2845
6 573
6 740
6 2353
6 3058
6 3310
7 1299
7 2779
7 3003
7 3277
7 3638
8 907
8 938
8 2012
8 3050
8 3299
9 1515
9 2168
10 2371
11 189
11 1576
11 1953
11 2478
11 2677
12 3036
12 3419
12 3870
13 530
13 639
13 3183
14 91
15 1193
15 3233
15 3637
16 958
16 1300
16 1947
16 2108
16 2406
16 3277
17 1039
17 2695
17 3878
18 1097
18 2911
19 1780
20 324
20 774
20 1664
20 2211
20 3237
21 806
21 2276
21 3022
22 566
22 1209
22 1502
22 2203
22 3096
22 3906
23 95
23 456
23 866
23 1355
23 1637
23 2029
24 358
24 1973
24 2535
25 1928
25 3631
26 283
26 3555
27 1689
27 2105
27 3177
27 3941
28 254
28 1591
28 1679
28 1725
28 2508
28 2942
28 2998
28 3723
28 3770
28 3951
29 2232
29 2478
29 2516
29 2833
29 3011
30 471
30 1392
30 2232
31 159
31 675
31 1205
31 2754
31 3219
31 3602
32 1098
32 2964
33 44
33 213
33 999
33 1369
33 1601
33 1940
34 1010
34 1016
34 1061
34 2101
34 3667
35 403
35 577
35 1036
35 2743
36 161
36 514
36 1850
36 2715
36 3331
37 966
37 3014
37 3113
37 3953
38 2714
38 3491
39 3566
40 139
40 991
40 1478
40 2566
41 357
41 1633
41 1900
41 3256
41 3661
41 3747
41 3912
42 525
42 530
42 615
42 1184
43 2662
44 111
44 407
44 488
44 2234
45 3548
46 565
46 1237
46 2181
46 2334
46 3755
47 1271
47 3775
48 1260
48 2716
48 3804
49 605
49 1363
49 1622
49 2305
49 2813
50 1161
50 3261
50 3469
50 3656
51 177
51 695
51 2028
51 2409
52 915
52 1654
52 2073
52 3397
53 877
53 3018
54 370
54 564
54 955
54 1343
54 2542
54 2965
54 3553
54 3748
55 1051
55 1643
55 2215
55 2820
55 2972
56 1422
57 329
57 882
57 3213
58 708
58 1807
58 2486
58 2631
59 1924
59 3458
60 532
60 1832
60 2014
60 2022
60 2821
60 3109
60 3206
60 3350
60 3473
61 1626
61 1813
61 2424
61 3780
62 110
62 257
62 770
62 1140
62 1255
62 1360
62 1799
62 1834
62 2156
63 2307
63 3593
63 3892
64 1861
64 2229
65 210
65 407
65 1108
65 1296
65 1451
65 1986
65 2050
65 2191
65 2327
65 2992
66 326
66 1324
66 1382
66 2807
66 3821
67 147
67 1494
67 1968
67 3169
67 3273
67 3579
67 3803
68 560
68 1168
68 1252
68 2082
68 3545
68 3711
69 352
69 2586
69 2764
69 3908
70 799
70 1040
70 1331
70 1855
70 2835
71 1372
71 1467
71 1519
71 1708
71 2282
72 195
72 380
72 555
72 2072
72 2095
72 2397
72 2782
73 1173
73 1921
73 3363
74 974
74 2573
74 2807
74 3543
75 1831
75 2347
76 3026
76 3072
76 3260
76 3864
76 3946
77 1369
77 1431
77 3237
78 212
78 839
78 866
78 1960
78 2267
78 2721
78 2850
79 975
79 3774
80 292
80 481
80 1059
80 1555
80 3887
81 1342
81 1840
81 2258
81 2301
81 3034
81 3427
82 633
82 1032
82 2618
82 3736
83 1797
83 3191
84 173
84 415
84 864
85 733
85 2731
85 3199
86 2176
86 3989
87 709
87 1349
87 3596
88 1522
88 2327
89 245
89 277
89 930
89 1703
89 2273
90 674
90 1501
90 2722
90 3382
90 3825
91 1716
91 3364
92 1805
93 121
93 273
93 1471
93 3033
93 3176
94 914
94 1781
94 1979
94 3205
95 2373
95 3071
95 3468
95 3545
96 343
96 2529
96 3899
97 441
97 945
97 2299
97 2618
97 2813
98 732
98 1197
98 1363
99 936
99 1540
99 1643
99 3171
99 3370
99 3698
100 1330
101 444
101 860
101 862
102 534
102 1889
102 2845
102 3291
102 3907
103 418
103 1014
103 1843
103 2589
104 298
104 1465
104 3578
104 3640
104 3719
105 171
105 1762
105 3224
105 3412
105 3549
105 3912
106 2048
106 2956
106 3410
107 575
107 2043
107 2690
107 3072
107 3336
108 777
108 1506
108 3196
108 3250
108 3926
109 587
109 671
109 1309
109 2860
109 2979
110 1975
110 2975
110 3638
111 2455
111 2743
111 2848
112 585
112 1049
112 1319
112 2676
113 679
113 1798
113 2698
113 3172
113 3409
113 3697
114 270
114 1197
114 1726
114 3474
116 740
116 1199
116 2130
116 2631
116 2653
116 2730
118 405
118 977
118 1671
118 1817
118 2838
118 3263
119 593
120 659
120 1458
120 2242
120 2744
120 3201
121 1924
121 2279
121 2475
121 3209
121 3332
122 1286
123 300
123 1918
123 3437
123 3782
123 3826
124 350
124 2010
125 300
125 1180
126 222
126 935
126 1907
126 2592
127 1257
127 2727
127 3730
127 3994
128 2917
128 2954
128 3958
129 568
129 1964
129 2413
129 3917
130 310
130 496
130 1335
130 1686
130 2751
130 3294
130 3378
131 966
131 988
131 1900
131 2862
131 3395
131 3825
132 3617
133 192
133 829
133 1266
133 3351
133 3821
134 564
134 611
134 1842
134 2888
134 3147
134 3511
135 276
135 390
135 723
135 1002
135 1091
135 1479
135 2182
135 2810
135 3100
135 3312
135 3882
136 825
136 2369
137 139
137 559
137 1802
137 2918
137 3566
138 1381
138 3006
139 990
139 1187
139 3093
140 1067
140 2429
140 3573
141 515
141 990
141 2137
141 3086
141 3173
141 3233
141 3765
141 3771
142 298
142 781
142 1959
142 2549
142 3747
142 3987
143 343
143 1623
143 3015
144 651
144 666
144 1906
144 2032
144 2867
145 1198
145 1854
145 2066
145 2992
145 3368
146 1195
146 1377
146 2510
146 3412
147 1658
147 2795
147 3319
147 3464
148 347
148 627
148 938
148 1666
148 2482
149 466
149 1475
149 1550
149 2586
149 3435
150 1775
150 2517
150 3966
151 2381
152 1337
152 3188
153 439
153 983
153 3274
154 935
154 1002
154 1222
154 2242
154 3105
154 3107
155 315
155 1007
156 793
156 834
157 517
157 1158
157 1459
157 2123
157 2844
158 1829
159 1046
159 1844
159 2206
159 3064
160 1460
160 2029
160 2826
160 2836
160 3137
160 3731
161 3460
162 576
162 3555
163 329
163 397
163 744
163 1011
163 3675
165 386
165 484
165 897
165 1240
165 1440
165 1588
165 1785
165 3933
166 636
166 886
166 2586
166 2779
166 2812
166 3246
166 3332
166 3375
166 3646
167 549
167 1435
167 1692
167 3244
167 3372
167 3479
168 2795
169 609
169 3220
171 430
171 1022
171 1226
171 1907
171 3159
172 1106
172 1271
172 1409
172 2611
173 3542
174 201
174 1211
174 1598
174 1693
174 2646
174 3687
175 809
175 2831
175 3079
177 1103
177 2567
178 1890
178 1923
178 2693
178 3095
178 3483
179 3167
179 3346
180 362
180 364
180 1141
180 1147
180 1318
180 1906
180 3293
181 1004
181 1154
181 1472
181 1569
181 1702
181 2237
181 3010
182 490
182 3084
183 1848
183 3133
183 3199
183 3630
184 756
184 2620
184 2690
185 837
185 1555
185 2068
185 3373
186 661
186 1474
186 3707
187 673
187 1344
187 3510
187 3953
188 3021
188 3843
189 317
189 437
189 1257
189 1444
189 1973
189 2147
189 2615
189 3700
190 1856
190 2093
190 2711
190 3680
190 3736
191 1024
191 1033
191 1130
191 1994
191 3872
192 798
192 1799
192 2379
192 3447
193 339
193 440
193 594
193 2234
193 2692
193 3185
193 3846
193 3885
194 1407
194 3629
195 387
195 3286
196 1575
197 272
197 900
197 2196
197 3097
197 3099
197 3177
197 3615
198 1085
198 1145
198 1203
198 1744
198 3491
199 1363
199 2325
199 2517
199 2520
199 2659
199 3453
199 3668
200 729
200 766
200 1120
200 1325
201 642
201 2590
201 3194
202 632
202 804
202 1463
202 3422
203 340
203 830
203 2204
203 2605
203 2901
203 2969
203 3422
204 805
204 2646
204 3962
205 230
205 2682
206 898
206 3379
207 580
207 650
207 1904
207 1990
208 516
208 2160
208 3444
208 3581
209 3383
209 3833
210 3183
210 3715
210 3875
211 854
211 987
211 2299
212 512
212 1841
212 2006
212 3415
212 3753
212 3870
212 3974
213 1382
213 1957
214 804
214 2289
214 2880
214 2946
215 1683
215 1929
215 2099
215 3605
216 1360
216 2137
216 2313
217 1175
217 2329
218 601
218 2001
218 2966
218 2967
218 3311
219 1223
219 1291
219 1547
219 3405
220 629
220 1154
220 1654
220 2459
220 2465
220 2472
221 1067
221 1775
221 2582
222 435
222 973
222 1657
222 1696
222 2820
223 524
223 1947
223 3376
224 718
224 766
224 1700
224 2952
224 3891
225 537
225 1404
225 2836
226 729
226 1499
226 3009
226 3087
227 1374
227 3335
227 3800
228 803
228 2597
228 3622
229 970
229 1447
229 2153
229 2526
229 3830
229 3998
230 639
230 2457
230 2786
230 3061
231 668
231 1155
231 1359
231 1908
231 2105
231 2722
232 411
232 911
232 2805
232 3044
233 1219
233 1910
233 3316
234 3093
234 3703
235 2062
235 2377
235 2794
235 2796
235 3220
236 304
236 390
236 1206
236 1377
236 1948
236 2586
237 805
237 3659
238 331
238 1903
238 2370
238 2777
238 3933
239 949
239 1069
239 3785
240 2931
241 378
241 1893
241 2010
241 2801
241 3435
242 1168
242 1332
242 1724
242 2050
242 3536
243 760
243 1750
243 3835
244 351
244 3036
244 3274
244 3321
245 838
245 943
245 1854
246 2455
246 2669
246 3296
246 3680
246 3751
246 3791
247 774
247 867
247 2477
247 3191
247 3744
248 455
248 860
248 881
248 1335
248 2376
248 2405
248 2597
249 922
249 1599
249 2338
249 3142
250 755
250 1330
250 3988
251 592
251 1827
251 3610
252 547
252 1467
252 3231
253 1132
253 2198
253 2268
253 2269
254 2438
255 684
255 1164
255 1198
255 1475
255 3383
255 3540
256 584
256 2106
256 2961
257 1981
259 610
259 642
259 1308
259 2809
259 3113
261 2292
261 2363
261 3176
261 3346
261 3726
261 3768
262 3224
262 3843
263 421
263 1073
263 1595
263 2913
264 762
264 2870
264 2893
264 3229
265 1153
265 2248
265 2271
265 2604
266 1871
266 2804
266 3096
267 702
267 2905
268 1545
268 2040
268 3904
269 393
269 574
270 417
270 2361
270 2741
270 3791
271 1251
271 1583
271 2105
272 2369
272 2760
272 3500
273 341
273 439
274 1822
274 1956
275 407
275 1803
275 3022
275 3379
276 1106
276 1729
276 3492
277 679
277 757
277 1287
277 2692
277 3461
278 586
278 2482
279 2910
279 3381
280 1661
280 2572
281 1243
281 2692
282 383
282 565
282 570
283 598
283 1191
283 2312
283 3795
284 315
284 396
284 1477
285 489
285 1036
285 1793
285 2548
285 3425
286 2604
287 465
287 1951
287 3296
288 425
288 1502
288 2545
289 1771
289 2926
289 3915
290 914
290 1229
290 1636
290 2222
290 2345
290 3493
291 2132
291 2203
292 302
292 3945
293 528
293 1391
293 2438
293 2851
293 3589
294 3748
294 3844
295 3330
296 1330
296 1565
296 2378
297 2987
298 826
298 2142
298 2398
298 3012
298 3125
298 3350
298 3398
298 3594
299 1844
299 2630
299 2682
299 2947
299 3465
300 1676
300 3455
301 492
301 1884
301 2338
301 3199
302 641
302 1079
302 1101
302 1931
302 3647
302 3787
302 3995
303 1506
303 2103
303 2444
303 2946
304 574
304 828
304 928
304 1200
304 2126
304 3631
305 2643
306 1615
307 622
307 631
307 2972
307 3079
307 3580
308 2958
308 3335
308 3795
308 3806
308 3917
309 493
309 578
310 857
310 1279
310 3958
311 514
311 1809
311 1898
311 2826
311 3169
311 3846
312 867
312 880
312 885
312 1434
312 1546
312 2258
312 3697
313 891
313 1197
313 2560
313 3311
313 3925
314 886
314 1285
314 1820
314 2250
314 3954
315 390
315 2238
316 1559
316 1627
316 2235
316 3333
317 1492
317 3908
318 1138
319 870
319 1007
319 2816
319 2840
320 514
320 650
320 747
320 751
320 975
321 430
321 1639
322 1910
322 3944
323 1194
323 1404
323 1456
323 3019
323 3757
324 341
324 1221
324 1787
324 2767
324 2821
324 2966
325 376
325 684
325 1559
325 2304
326 2098
326 2379
326 2973
327 467
327 725
327 1847
327 2231
327 2358
327 2466
327 2564
327 2886
327 2929
327 3152
328 498
328 1033
328 1706
328 3483
329 2642
329 3076
330 479
330 1025
330 1736
330 1817
330 1846
330 1960
330 3908
331 821
331 1612
332 1685
332 2125
332 3003
332 3045
332 3472
333 1077
333 2145
333 2358
334 761
334 1322
334 1515
335 1623
335 2745
335 3017
335 3995
336 911
336 2029
337 537
337 2295
337 3437
338 350
338 1003
338 2653
338 3197
338 3358
338 3474
338 3553
339 645
339 1223
339 2073
339 3031
339 3488
339 3567
339 3674
339 3796
340 1372
340 1513
340 2232
340 2692
341 769
341 1179
341 1481
341 1974
341 3306
341 3646
342 1098
342 1267
342 1340
342 3275
343 469
343 764
343 1444
343 3239
344 1545
344 2212
344 2541
344 2739
345 392
345 772
345 3329
346 592
346 1895
346 3552
346 3621
346 3707
347 541
347 808
347 2242
347 2665
347 2689
347 2897
347 3864
348 1082
348 1242
348 1684
348 2568
348 3049
348 3114
349 1892
349 3350
350 1681
350 3500
351 570
351 3361
351 3387
352 1222
353 655
353 832
353 1927
353 2317
353 3003
353 3147
354 3860
355 1841
355 3740
356 1166
356 1708
356 2407
356 2666
356 2915
356 3315
357 587
357 1787
357 1960
357 2079
357 2293
357 2930
357 2990
357 3940
358 944
358 1127
358 3561
358 3640
359 3066
359 3816
360 1895
360 3071
361 463
361 1217
361 1231
361 1404
361 2967
361 3107
361 3520
361 3635
361 3683
362 390
362 437
362 1277
362 1405
362 1733
362 1932
362 3294
363 505
363 664
363 749
363 1030
363 1659
363 2556
363 3427
364 959
364 2259
364 3315
365 805
365 807
365 843
365 1950
365 2678
365 3167
366 1611
366 2120
366 2152
366 3024
367 1085
367 1203
367 1210
367 3924
368 408
368 1077
368 1439
368 2018
368 2288
368 2790
368 3457
368 3572
368 3888
369 1286
369 3150
370 1094
370 2604
370 3222
370 3604
371 1361
371 1426
371 1909
371 2855
371 3312
371 3585
371 3593
372 703
372 825
372 1313
372 2665
373 610
373 1612
373 2232
373 2247
373 2637
373 3609
374 2639
374 3284
374 3292
375 912
375 2020
375 2529
375 2889
375 3826
376 1617
376 1759
376 2560
376 3352
377 808
377 2392
377 2484
377 3184
378 1462
378 2075
378 3834
379 1328
380 973
380 1037
380 1162
380 1473
380 2208
381 447
381 806
381 1180
381 3931
382 1761
382 1824
383 976
383 2653
384 736
384 781
384 1040
384 2064
384 2098
385 1269
385 1513
385 2971
385 3065
385 3400
385 3555
385 3787
386 521
386 587
386 815
386 1727
386 3692
387 3982
388 667
388 2055
388 3823
389 819
389 970
389 1289
389 1641
389 1749
389 2055
390 3049
391 1747
392 2718
393 1723
393 2997
393 3309
393 3360
393 3949
394 676
394 1210
394 1827
394 2618
394 3416
395 1062
395 1835
395 3341
396 2009
397 985
397 2681
397 2825
397 3851
398 430
398 646
398 2972
398 3204
398 3581
399 1525
399 2309
399 2497
399 2889
399 3000
399 3206
400 562
400 782
400 2802
400 3031
400 3186
401 2800
401 2822
402 833
402 1534
402 1606
402 1700
402 2383
402 2392
402 2455
403 1219
404 3025
404 3353
405 1212
406 1821
406 1966
406 3338
407 1500
407 3549
408 1986
408 3109
408 3112
409 2026
409 2116
409 2338
409 2598
409 3487
410 1435
411 786
411 3807
412 1830
412 2110
412 3471
413 1773
413 2511
413 3509
414 926
414 1150
414 2180
414 2697
415 954
415 1442
415 3224
416 566
416 1789
416 2440
416 2492
416 3638
416 3849
417 850
417 1008
417 1257
418 513
418 637
418 3495
419 1717
419 2293
420 2083
420 3410
420 3800
421 3744
422 937
422 1495
422 2545
422 3788
423 1515
423 2922
423 3989
424 3482
424 3497
425 1120
425 2039
425 2173
425 3831
426 590
426 1804
427 2162
427 3112
428 2489
429 2329
429 3319
429 3743
429 3927
430 549
430 661
430 1908
431 1036
431 1617
431 2545
431 3286
431 3760
431 3966
432 3414
433 975
433 1192
433 2463
434 545
434 3535
434 3855
434 3949
435 1780
437 753
437 1008
437 1443
437 2328
437 2413
437 2710
437 3730
437 3871
438 1004
438 3383
439 733
439 1729
439 3677
439 3950
440 1055
440 1140
440 1932
440 3253
441 1259
441 1339
441 2229
441 2505
441 2633
441 3150
442 1257
442 2596
442 3948
443 1239
443 1347
443 1421
443 1916
443 2678
443 2779
443 3675
444 2747
445 2537
446 495
446 912
446 1950
446 3858
447 856
447 1251
447 3380
447 3509
448 2514
448 3066
448 3086
448 3333
449 618
449 752
449 1125
449 1958
449 2852
449 2886
449 3653
450 2920
450 3280
451 803
451 2483
453 1766
454 678
454 1054
454 2131
454 2443
454 2646
455 538
455 843
455 1086
455 1157
455 2104
455 3079
456 785
456 2600
456 2671
456 2699
457 1669
457 2589
458 1039
458 1998
458 2176
458 2203
458 3203
459 1393
459 2578
459 3055
460 2046
461 732
461 836
461 1631
461 2960
462 2355
462 2429
462 3271
462 3425
462 3435
463 943
463 1207
463 2719
463 2754
463 2766
464 1456
464 2664
464 2855
464 2896
464 3101
465 518
465 633
465 1113
465 1756
465 2204
466 2354
466 2549
466 3052
466 3180
466 3219
466 3956
467 1106
467 3966
468 844
468 925
468 1149
468 3295
469 1561
469 3385
469 3892
470 478
470 902
470 1374
470 1681
470 1695
470 3106
470 3948
471 1407
471 1609
471 1689
471 1883
471 2452
471 3065
471 3154
471 3253
471 3597
472 1351
472 1595
472 2080
472 2403
472 3715
473 995
473 1436
473 1593
473 1896
473 2861
473 3014
474 841
474 1038
474 1382
474 1688
474 2890
474 3095
475 1268
475 1618
475 1856
476 1125
476 1741
476 3670
477 1275
477 2993
477 3698
478 639
478 1547
478 1578
479 723
479 2157
479 2187
479 2578
479 3038
480 2030
480 2570
480 2730
480 3362
481 972
481 1000
481 1496
481 2438
481 2806
481 3832
482 1853
482 2618
482 3352
482 3836
483 1148
483 1333
483 1493
483 1851
483 2792
483 3875
484 1479
484 1745
484 3082
485 660
485 1904
485 2046
485 3330
486 627
487 757
487 1018
487 1880
487 2164
488 2145
490 495
490 2696
490 3237
491 908
491 2034
491 2729
492 746
492 1825
492 1878
492 2584
492 2881
492 3865
493 1373
493 2339
493 3427
493 3479
494 935
494 3958
495 831
495 977
495 1399
495 2298
495 2968
495 3796
496 970
496 1053
496 1209
496 2096
496 2291
496 3017
496 3762
497 1324
497 1872
497 2729
497 2837
497 3209
497 3542
497 3924
497 3983
498 2429
498 2756
499 1741
499 2969
499 3165
500 1664
500 2350
500 2602
501 555
501 1007
501 2150
501 2860
501 3743
502 1464
502 2157
502 2392
502 3871
503 1514
503 3179
503 3505
504 2784
505 2467
505 3605
506 1119
506 1783
506 2987
507 2651
507 2863
507 3465
508 1367
508 1644
508 2024
508 3986
509 563
509 656
509 900
509 1024
509 3498
510 1010
510 1252
510 1420
510 2935
510 3395
510 3491
510 3723
511 679
511 1881
511 3622
511 3793
512 564
512 700
512 1735
512 1977
512 2286
512 3335
512 3665
512 3997
513 1960
513 1978
513 3035
513 3948
514 596
514 1583
514 2008
514 2106
515 2198
516 726
516 748
516 968
516 2412
516 3192
516 3384
517 1048
517 1928
517 2524
517 2839
517 3554
518 1816
518 1821
519 1078
519 1105
519 1848
519 3154
519 3157
520 662
520 1923
520 1987
520 3311
521 555
521 796
521 1933
521 2871
521 3145
522 1491
522 2345
523 964
523 1889
523 2439
523 3069
523 3449
524 2331
525 1064
526 2263
526 3991
527 1732
527 2252
527 2733
527 3569
528 1165
528 1724
528 2142
528 2430
528 3774
529 3099
529 3842
529 3879
530 2226
531 1449
531 2126
531 2551
532 1112
532 3245
532 3622
532 3690
533 958
533 1165
533 1589
533 1940
534 2754
535 914
535 1566
535 2280
535 3039
536 2320
537 560
537 1295
537 1540
537 3626
538 563
538 1352
538 2314
538 3514
539 581
539 768
539 819
539 1053
539 1540
539 1846
539 1910
540 1049
540 2243
541 926
541 1010
541 1175
541 1212
542 590
542 807
542 1584
542 2867
543 1912
544 756
544 1190
544 1696
544 2415
544 2693
545 1151
545 1591
545 2375
545 3639
546 1464
546 2079
546 2176
546 2922
546 3634
547 636
547 1527
547 1696
547 1871
547 3454
548 945
548 1762
548 3116
548 3389
548 3495
549 2924
549 3296
549 3483
550 2069
550 2623
550 3356
550 3884
551 1382
551 1862
551 2636
551 2678
551 2947
552 1440
552 1956
552 2200
552 3493
552 3621
552 3992
553 1693
553 2793
554 565
554 1096
554 1947
554 3293
555 1256
555 2785
556 2685
557 2609
557 2958
558 2080
558 2295
558 2637
559 1910
559 1959
559 3368
559 3795
560 1165
560 1246
560 2449
561 2772
561 3813
562 1422
562 1437
562 1737
562 2272
562 3141
563 954
563 1736
563 2075
564 1345
564 1434
564 3674
565 1522
565 1703
565 2462
565 3263
566 856
566 1913
566 2440
566 2627
566 2688
567 2688
567 3143
567 3157
568 2198
568 2504
568 2564
568 2774
568 2967
568 3343
568 3346
568 3959
569 1536
569 3440
570 657
570 1055
570 1269
570 1793
570 2613
571 1164
571 1842
572 663
572 2140
573 2784
574 643
574 2084
574 2356
574 3266
574 3511
574 3553
575 2725
575 2772
575 3307
576 2347
576 3192
577 1134
577 1934
577 3969
578 614
578 1593
578 1923
578 2612
578 2823
578 3147
579 618
579 955
579 1628
580 655
580 850
580 1927
580 1985
580 2935
580 2958
580 3398
581 1355
581 1677
581 2596
581 2982
582 1038
582 1816
582 3020
582 3099
582 3798
583 1139
583 2698
584 1667
585 1454
585 2480
585 2608
586 1823
586 2115
586 3302
586 3367
587 949
587 1130
587 2804
587 3080
587 3097
588 2268
588 2741
588 3986
589 2011
590 2776
590 3482
590 3786
590 3942
591 1532
591 3680
592 618
592 1114
592 1347
592 1378
592 1850
592 2764
592 3223
593 2366
594 3212
595 1410
595 1924
595 2093
595 2888
595 3503
596 638
596 925
596 1699
596 1920
596 2337
596 3880
596 3975
597 963
597 1879
597 2208
598 1375
598 1586
598 2118
598 2367
599 2033
599 2383
599 3381
599 3743
600 931
600 1765
600 2841
601 1047
601 1288
601 2563
601 2819
601 3242
601 3321
602 2017
603 665
603 2925
603 3657
603 3775
604 1201
604 1319
604 2786
606 626
606 1628
606 1636
606 1903
606 3603
606 3670
607 1914
607 3876
608 990
608 2147
608 3095
609 717
609 2809
610 1155
610 1572
611 699
611 1732
611 1999
611 2086
611 2217
612 793
612 946
612 1011
612 3210
613 2943
614 2186
614 3277
614 3293
614 3427
615 1937
615 3656
616 760
616 2888
616 3334
616 3348
617 674
618 2635
619 1664
619 2238
619 2693
620 2524
622 1513
622 2912
622 2939
622 3420
623 3471
624 777
624 2797
624 2802
624 3410
625 859
625 1233
625 1412
625 3901
626 1128
627 2073
627 2382
627 3556
628 986
628 1228
628 1735
628 2020
628 2580
628 3040
629 1460
629 3144
630 2075
630 2383
630 2426
630 2511
630 3172
630 3199
631 2296
631 2585
631 3880
631 3946
632 777
632 2341
633 1210
633 1374
633 2022
633 2660
634 1513
634 2438
634 2670
634 2702
634 3124
635 1523
635 2426
636 866
636 1345
636 1404
636 2041
636 2587
636 2799
636 2963
636 3773
637 1239
637 3823
638 925
638 1608
638 2356
639 2007
639 2923
639 3084
640 2039
640 2340
640 3055
641 792
641 1153
641 2342
641 2477
641 2542
642 803
642 2202
642 3798
643 672
643 759
643 1203
643 1398
644 2691
645 1418
645 1823
645 2132
645 2190
645 2207
645 3646
646 928
646 1443
646 1511
646 1674
646 2154
646 2745
647 872
647 2942
647 3483
648 2698
648 2815
648 3616
648 3763
649 3404
650 697
650 3336
650 3469
651 1702
651 2021
651 3560
651 3991
652 986
652 1570
652 2098
652 3940
653 1770
653 3060
654 1912
655 1572
655 1730
655 2308
656 1185
656 1409
656 1684
656 1942
656 2870
657 1623
657 1660
657 3237
657 3603
657 3938
658 851
658 1168
658 2691
658 3419
659 902
659 2447
659 3780
660 761
660 1279
661 2467
661 3330
661 3465
661 3624
662 1174
662 2200
662 2217
662 2832
662 3127
662 3741
663 1940
663 2664
663 3232
664 1451
664 2607
665 1457
665 1670
665 3663
666 2336
666 2846
667 1396
667 1511
667 2005
667 2833
668 781
668 1511
668 1987
668 2066
668 3279
669 1143
669 1820
669 3316
669 3465
670 2445
671 1058
671 2023
671 2612
671 3085
671 3764
672 1020
672 1059
672 2476
672 3905
673 890
673 1794
673 3516
673 3567
674 1664
674 2349
674 2652
674 3474
674 3482
675 1122
675 3627
675 3799
676 1216
676 2181
677 2586
678 3050
679 3283
679 3759
680 1468
680 3040
680 3469
682 1513
682 2194
682 2984
682 3425
683 2133
684 2480
685 793
685 1059
685 2586
685 3797
686 1008
686 2187
687 2638
688 1277
688 3187
688 3713
689 958
689 3224
689 3920
689 3933
689 3999
690 1512
690 2355
691 1829
691 2422
691 2483
691 2955
691 3511
692 1405
692 1883
692 2452
692 3350
692 3502
693 1106
693 2204
693 2210
694 1317
694 2197
694 3936
695 1187
695 2082
695 3874
696 2621
696 3794
697 938
697 1352
697 1906
697 2691
697 3165
697 3845
698 2205
698 2670
698 3255
699 861
699 1765
699 1817
699 3713
700 1417
700 2184
700 3396
700 3741
701 1195
701 1325
701 3286
702 927
702 1146
702 1498
702 3336
702 3574
703 1251
703 1714
703 2677
703 2903
703 3360
703 3883
704 1083
704 1795
704 3058
704 3847
705 1134
705 1266
705 2550
706 1595
706 2119
706 2276
706 2853
707 910
707 1045
707 2457
707 2914
707 3004
708 2716
708 3332
709 1909
709 2589
709 2898
710 2213
710 2730
710 3659
711 1807
711 2905
711 3653
711 3973
711 3989
712 1207
713 731
713 1989
713 2783
713 3949
714 1414
714 1845
714 2438
714 3313
715 1135
715 2320
715 2708
715 2780
716 1469
716 3094
716 3590
717 775
717 3491
718 915
718 916
718 1604
718 3152
718 3584
719 2487
719 2800
719 3540
720 2440
721 2482
722 1888
722 1985
722 2812
722 2951
723 1667
723 2290
723 3079
724 1363
724 1663
724 2024
724 2736
724 3090
724 3494
724 3855
725 3197
725 3484
726 1221
726 1413
726 2873
727 1118
727 2216
727 2870
727 3837
727 3839
727 3885
728 1095
728 1440
728 1511
728 1982
728 3023
729 2332
729 3072
729 3714
730 954
730 1327
730 1490
730 1826
730 1882
730 3074
730 3095
730 3178
730 3814
732 2391
732 3922
733 1028
733 2379
733 3657
733 3948
734 1700
734 2669
734 3816
735 1823
735 2054
735 3120
736 1871
736 3194
736 3480
736 3583
736 3915
737 1069
737 2443
737 3278
738 1165
738 1560
738 2316
738 3685
738 3969
739 1375
739 1396
739 2982
740 2137
740 2303
740 2976
741 2111
741 2874
741 2933
742 1703
742 2756
742 3466
743 1457
743 1774
743 1977
743 2784
744 2584
745 1215
745 1700
745 1986
745 2103
745 2640
745 2652
745 3481
745 3553
746 810
746 2741
746 3622
746 3912
747 2279
747 2431
747 3648
748 3257
748 3598
749 1098
749 1122
749 2463
749 2896
749 2944
751 1371
751 1923
751 3153
751 3778
752 2752
752 3969
753 1502
753 2045
753 2345
753 3031
753 3211
753 3988
754 781
754 1336
754 1963
754 2542
754 2787
754 3523
754 3579
755 1635
755 1775
755 2412
755 3463
756 861
756 2075
757 1255
757 1624
757 2180
757 2807
757 2971
757 3541
758 1783
759 1231
759 1792
759 1999
759 2411
760 1016
760 1166
760 1781
760 2568
760 3480
760 3526
760 3962
761 1323
761 2715
761 3063
761 3459
762 1933
762 3747
763 1168
763 1505
763 1522
763 1737
763 3674
764 1290
764 1756
764 2332
764 2591
764 2647
765 1030
765 2106
766 928
766 2324
767 1506
768 1281
768 2400
768 2527
769 1719
769 2047
769 2343
771 2014
771 2621
771 3888
772 1325
772 1463
772 1558
772 3882
773 808
773 1999
773 2443
773 2978
774 831
774 848
774 2285
775 1184
775 2570
775 2669
775 3086
776 3120
776 3244
777 914
777 1482
778 1136
778 2961
778 3761
779 2117
779 2492
779 2784
779 2933
780 1241
780 2449
781 1718
781 2435
781 2697
781 2766
781 3019
782 788
783 838
783 1350
783 1960
783 2304
783 2969
783 3016
784 2008
784 3134
784 3670
784 3700
785 1220
785 2706
785 3320
785 3475
786 940
786 1309
786 2803
786 3185
786 3670
786 3753
788 944
788 2407
789 1585
789 2000
789 2213
790 1243
790 1741
791 1882
791 2609
791 2751
791 3293
791 3379
792 2644
792 3088
793 1319
793 2988
793 3257
793 3388
793 3467
793 3516
794 1343
795 2125
796 1108
796 1889
796 1899
796 2802
797 3464
798 901
798 1331
798 1692
798 3188
799 2415
799 2642
799 3703
799 3829
800 1907
800 1922
800 2412
800 3330
800 3531
800 3563
802 1066
802 1347
802 2745
803 959
803 1074
803 2495
803 2965
803 3028
804 2446
804 2754
804 3958
804 3993
806 999
806 2559
807 1780
807 2415
807 2985
807 3291
808 842
808 882
808 1465
808 1918
808 2372
808 2496
809 967
809 2214
809 3468
810 1227
810 1644
810 1706
811 1206
811 1607
811 1763
811 2116
812 825
812 3044
812 3893
812 3900
813 1001
813 2760
813 3796
814 894
814 2395
814 2899
815 921
815 2864
816 1178
816 1452
816 2534
816 2807
817 3511
818 1823
818 2588
818 3620
818 3798
818 3866
819 1692
819 2401
819 2873
820 1469
820 3205
820 3628
821 998
821 1438
821 3144
821 3982
822 2479
823 1223
823 1804
823 2029
824 1889
824 2519
824 2775
824 2902
825 3288
825 3645
826 933
826 1780
826 2422
827 1195
827 2451
827 3257
827 3577
828 1424
828 1528
828 3437
829 1525
830 1622
830 2240
830 2615
830 2768
830 3041
831 2197
832 1482
832 2411
832 3857
833 1498
833 3844
834 1864
834 2386
834 3385
835 3495
836 3242
837 1236
837 2778
837 3091
837 3493
838 2101
838 2378
838 3780
839 2315
841 1090
841 3304
842 1821
842 2285
842 2370
842 2978
842 3250
842 3849
842 3865
842 3931
843 1399
843 2849
844 1372
844 2924
844 3747
844 3815
845 3609
846 948
846 1236
846 3470
847 1399
847 2354
847 2983
848 1058
848 1959
848 3604
849 1614
849 1790
849 2050
849 3719
850 1123
851 1098
851 1519
852 1202
852 2057
852 3303
852 3743
852 3772
852 3805
853 2802
853 3484
854 3080
854 3862
855 1131
855 1714
855 1761
855 3487
855 3817
856 1423
856 2022
856 2332
856 3240
857 1250
858 2740
859 1195
860 2342
860 2800
860 3600
861 1276
861 1599
861 1672
861 2563
861 3585
861 3619
862 2197
862 2440
862 2639
863 1400
863 1524
863 1963
863 2113
863 3201
863 3471
864 2590
864 3084
864 3537
865 1545
865 3668
866 1207
867 1614
867 2237
867 3949
869 2235
869 3445
870 2061
870 3755
871 1374
871 3449
871 3710
872 2205
872 2731
872 2978
872 3440
873 2416
873 2570
873 3482
874 1329
874 2211
875 1604
875 1621
875 2546
875 2678
875 2708
875 2775
875 3019
875 3417
875 3911
876 1333
877 1081
877 2832
878 1179
878 1280
878 2547
878 3940
879 1192
879 1353
879 2039
879 2241
880 1214
880 2052
880 2217
880 2724
880 3357
880 3769
881 1990
881 2679
881 3767
882 902
882 940
882 1793
882 3334
882 3864
883 2067
883 2547
883 3714
884 2168
884 3006
886 1435
886 1529
886 2668
886 3086
886 3673
887 1317
887 1774
887 2534
889 2396
889 3411
889 3527
890 3662
891 3870
892 1122
892 1557
892 1833
892 2789
893 1555
893 2073
893 2080
893 3238
894 942
894 1089
894 1583
894 1825
894 1829
895 1664
895 2378
895 3480
896 1092
896 2382
896 2500
896 3663
897 1395
897 1465
897 1594
897 2695
898 2033
898 2802
898 3689
899 1324
899 3842
900 2418
900 2830
900 3295
901 1315
902 978
902 1080
902 1348
902 1487
902 1720
902 1835
902 1970
902 3142
902 3215
903 2146
903 2625
903 2921
903 3550
904 2376
904 2393
904 3565
904 3968
905 1132
905 3781
906 1115
906 1491
906 2259
907 1369
908 1436
908 2050
908 2057
908 2724
908 3359
909 2510
909 3417
910 1260
910 1939
910 3746
911 3671
912 1177
912 1368
912 1663
913 1651
913 2561
914 1643
914 2252
914 2388
914 3110
915 1275
916 2640
916 2679
917 2056
917 2066
917 2395
917 2817
917 3765
918 2743
918 3225
919 3621
919 3643
920 933
920 1220
920 1643
920 3604
922 1032
922 1407
922 1413
922 1494
922 2620
922 3163
923 2012
923 2352
923 3344
924 3686
925 2021
925 2173
925 2277
925 3031
926 1750
926 2582
926 3561
927 2010
927 2044
927 2200
927 3541
928 1235
928 1401
928 3749
929 1581
929 2339
929 3796
929 3858
930 2457
930 2650
930 2888
930 3223
931 995
931 2135
931 2225
931 2249
931 3076
932 1084
932 2882
933 1901
933 2821
933 3311
933 3503
934 1221
935 1010
935 1664
935 1975
935 2588
935 2630
935 3307
936 1415
936 1767
937 1313
937 1525
937 3834
938 1144
938 2165
938 3630
939 2300
939 2751
939 3244
940 1549
940 3310
940 3372
942 1168
943 2905
943 3322
944 960
944 1338
944 2981
945 2340
945 2740
946 1510
947 1364
947 1955
947 2605
947 3462
947 3748
948 2732
948 3305
948 3972
949 1340
950 1524
950 2558
950 2625
951 2154
952 1422
952 1575
952 2431
952 2439
953 1180
953 2297
953 2494
954 2343
954 2453
954 2868
954 2928
954 3277
955 3024
955 3625
955 3706
956 1144
956 1511
956 1584
956 1763
956 3188
957 1544
957 2364
957 3205
958 2195
959 1632
959 2727
959 2820
959 2972
959 3563
960 2470
960 2501
960 3417
960 3727
961 2906
961 3083
964 1000
964 1197
964 1959
964 2872
964 3917
965 1550
966 3517
967 2338
968 2063
969 2645
970 1356
970 2853
971 2044
971 2178
971 3647
971 3948
972 1132
972 3250
972 3455
973 2090
973 3616
974 1061
974 1996
974 2303
974 2513
974 2753
974 3211
974 3640
975 1177
975 2598
975 2651
977 2325
978 2525
979 1063
979 1265
979 1567
979 1620
979 3632
980 3188
981 1650
981 2334
981 2993
981 3877
982 1068
982 2760
983 1526
983 2564
983 3281
984 1122
984 1479
985 1042
985 2737
985 3072
986 1358
986 3339
987 2185
987 2930
987 3562
988 1016
988 1405
988 1892
988 3250
989 1470
989 2289
989 2418
989 2888
990 1571
990 2520
990 2542
990 3105
991 1470
991 1848
991 2287
991 3742
992 1029
992 1382
993 2403
993 3948
994 1057
994 1869
994 2111
995 3955
996 2115
996 3392
996 3583
997 1280
998 3446
998 3871
999 1882
999 3019
999 3881
1000 3527
1001 1178
1001 1241
1001 1449
1001 1628
1002 1528
1002 2808
1002 2869
1002 3059
1003 1196
1003 1617
1003 2132
1003 3080
1004 1223
1004 1236
1004 2084
1004 2252
1004 2615
1004 2898
1004 3970
1005 1076
1005 1521
1005 2058
1005 2550
1005 2664
1005 3337
1005 3659
1006 1167
1006 1880
1007 1664
1007 1968
1007 2111
1007 2348
1007 2809
1009 1049
1009 1399
1009 1498
1009 3740
1010 3101
1010 3340
1010 3375
1010 3652
1011 2300
1011 3232
1012 1488
1012 2492
1012 2972
1012 3769
1013 2090
1014 1726
1014 2636
1014 3811
1015 1152
1015 1631
1015 1759
1015 1842
1015 2586
1015 2754
1015 3168
1015 3734
1016 2961
1017 1574
1017 1775
1017 2509
1017 3443
1017 3734
1018 2690
1019 1022
1019 3826
1020 1390
1020 2032
1020 3283
1021 1048
1021 1269
1021 2987
1021 3090
1021 3798
1021 3943
1022 1772
1022 3773
1022 3843
1022 3865
1023 2147
1023 2181
1023 2344
1023 2730
1023 3937
1024 1728
1024 2287
1024 2615
1024 3565
1025 1385
1025 1390
1025 3126
1025 3237
1026 3082
1026 3724
1026 3780
1026 3782
1027 1491
1027 2209
1027 3557
1028 2706
1028 3332
1028 3879
1029 1291
1029 1338
1029 3972
1030 1971
1031 1604
1031 1651
1031 2556
1031 3213
1032 1162
1032 1441
1032 1511
1032 1525
1032 1531
1032 2308
1032 2914
1032 3057
1032 3091
1032 3521
1033 1124
1033 1405
1033 1731
1033 2425
1034 1191
1034 1439
1034 1561
1034 2248
1034 2874
1034 3760
1035 2417
1035 3339
1036 1620
1036 2251
1036 2953
1036 3237
1037 2419
1037 2965
1037 3587
1037 3625
1038 1359
1038 1484
1038 3667
1039 1546
1039 1676
1039 1994
1040 1311
1040 3987
1041 1203
1041 1509
1041 1820
1041 2140
1041 2329
1041 2400
1041 2949
1041 3334
1041 3454
1042 1048
1042 2670
1042 3353
1042 3409
1043 1484
1043 3315
1043 3358
1043 3768
1044 1048
1045 1189
1045 2310
1045 3379
1046 1708
1046 2238
1046 3564
1047 2544
1047 3959
1048 1199
1048 1282
1048 1293
1048 2170
1049 2639
1049 3679
1049 3703
1050 1497
1050 2423
1050 3916
1051 1468
1051 1674
1051 2594
1051 3170
1051 3990
1052 1161
1052 1850
1052 3245
1053 1377
1054 1732
1054 2047
1054 3552
1054 3882
1055 1959
1055 3374
1056 1211
1056 1948
1056 2644
1056 2689
1057 1582
1057 3254
1057 3711
1058 1074
1058 2336
1059 3033
1059 3738
1059 3987
1060 1302
1060 1824
1060 2193
1060 3539
1061 2538
1061 2916
1061 3136
1061 3145
1062 1614
1062 2093
1062 2224
1062 2290
1062 2449
1062 3583
1062 3803
1063 2137
1063 2295
1063 2626
1063 3078
1063 3732
1064 2406
1064 2668
1064 2923
1064 3848
1064 3888
1065 1958
1065 2262
1066 1402
1066 1877
1066 1960
1066 2164
1066 3515
1067 2111
1067 3109
1067 3508
1068 1376
1068 2238
1068 2757
1068 2883
1068 3452
1069 2079
1069 2128
1069 2225
1069 3258
1070 1144
1070 1454
1070 1813
1070 2285
1070 2517
1070 3116
1071 1167
1071 1434
1071 1668
1071 1816
1071 2474
1071 2571
1071 2848
1071 3172
1072 1087
1072 1204
1072 3758
1073 1287
1073 2287
1073 2539
1073 2822
1074 1350
1074 2282
1074 3591
1075 1540
1075 3950
1076 1496
1076 2572
1076 2676
1076 2835
1076 2900
1076 3405
1076 3569
1076 3912
1077 3098
1078 1083
1078 1232
1078 1490
1078 1702
1078 2497
1079 2692
1080 3140
1080 3543
1081 1729
1082 1216
1082 1567
1082 3559
1082 3655
1083 2555
1083 2821
1083 3534
1084 1190
1084 2205
1085 3963
1086 1268
1086 1856
1086 2291
1086 2479
1086 2973
1086 3917
1087 2437
1087 3211
1087 3843
1087 3923
1088 1228
1088 2304
1088 3153
1088 3364
1088 3730
1089 1791
1089 3319
1090 1169
1090 3020
1091 2699
1091 2958
1091 3595
1092 1255
1092 3087
1092 3364
1093 2490
1093 2601
1093 3964
1094 1522
1094 1833
1094 2120
1094 2234
1094 2688
1094 3240
1094 3359
1095 1111
1095 1883
1095 2476
1095 2648
1095 2749
1095 3059
1095 3539
1096 2499
1096 3382
1097 2057
1097 2408
1097 2729
1097 3169
1098 1364
1098 2782
1098 2951
1098 3966
1099 1930
1099 1987
1099 2330
1099 3088
1100 2380
1100 2418
1100 2605
1100 3386
1101 2291
1101 3088
1101 3489
1102 1781
1102 3661
1103 2362
1103 2397
1103 2457
1103 2894
1103 3518
1103 3864
1104 1574
1104 2268
1104 3110
1105 2515
1105 2524
1106 1568
1106 1642
1106 1884
1106 2939
1107 1142
1107 1387
1107 1605
1107 2576
1108 2447
1108 2836
1108 3076
1109 1885
1109 2074
1110 3029
1110 3873
1111 2614
1111 3447
1112 1356
1112 1477
1113 1915
1113 3274
1113 3293
1113 3826
1113 3877
1114 1679
1114 3736
1115 1924
1115 3145
1116 1903
1116 2564
1116 3525
1117 1837
1117 2371
1117 2990
1118 1134
1118 1774
1118 1875
1118 3013
1118 3201
1119 2031
1119 2172
1119 3067
1120 1381
1120 1757
1120 1820
1121 1633
1121 2222
1121 2994
1121 3722
1122 2914
1122 3685
1123 2767
1123 2872
1124 1425
1125 1526
1125 1643
1125 2296
1125 3382
1125 3507
1126 1322
1126 2804
1126 3488
1127 3344
1127 3446
1128 1487
1128 1666
1128 2048
1128 3344
1128 3465
1129 1858
1130 1237
1130 2979
1130 3884
1131 2970
1132 1855
1132 3003
1133 1319
1133 1591
1133 3766
1133 3897
1134 1515
1134 2264
1134 2657
1134 2830
1135 1433
1135 2871
1135 3709
1136 2291
1136 2535
1138 1258
1138 1414
1138 3034
1138 3541
1139 2072
1139 2135
1139 2832
1139 3419
1139 3636
1139 3728
1140 1752
1140 2928
1141 1534
1141 1618
1141 1643
1141 3503
1142 1290
1143 2398
1144 1899
1144 2705
1144 3164
1144 3309
1144 3317
1144 3495
1144 3796
1145 2576
1146 1171
1146 2891
1146 3087
1146 3131
1147 1766
1147 1865
1147 2314
1147 2579
1147 3244
1147 3692
1148 1607
1148 1781
1148 3718
1149 1831
1150 1507
1150 1619
1150 1693
1150 1804
1150 1872
1150 3304
1151 2964
1151 3503
1151 3877
1152 2065
1152 2720
1152 2901
1152 3505
1152 3896
1153 1770
1153 2344
1153 3530
1154 1196
1154 2143
1154 2700
1154 3956
1155 1722
1155 2807
1156 1313
1157 2787
1157 3037
1157 3378
1159 1823
1159 2830
1160 3960
1161 1785
1161 3159
1161 3555
1161 3654
1162 1971
1162 2780
1162 2938
1162 2947
1164 2823
1165 2077
1166 1511
1166 1708
1166 2207
1166 2440
1167 2690
1168 3811
1169 1466
1169 1930
1169 2069
1169 3088
1169 3097
1169 3831
1169 3966
1170 1317
1170 2793
1171 1546
1171 1655
1171 1669
1171 2360
1171 3744
1172 1543
1172 2057
1172 3581
1173 1593
1173 2732
1173 3084
1173 3812
1174 1513
1174 1656
1174 1720
1174 2227
1174 2456
1175 1475
1175 3715
1176 1776
1176 1972
1176 3372
1177 3464
1178 1435
1178 1915
1178 2461
1178 3468
1179 1423
1179 1867
1179 1977
1179 2397
1179 3502
1180 1577
1180 2219
1180 2393
1180 3221
1180 3560
1180 3949
1181 1570
1181 2281
1181 2653
1181 3784
1182 2693
1182 3201
1182 3213
1182 3978
1183 2522
1183 3684
1184 1474
1184 2133
1185 1359
1185 1559
1185 2968
1185 2974
1185 3392
1186 1627
1186 2592
1187 1718
1187 2231
1187 2408
1187 3166
1188 1252
1188 1594
1188 2303
1188 2886
1188 3142
1188 3689
1189 1304
1189 2249
1189 2760
1189 2819
1189 2905
1190 1361
1190 2354
1190 2444
1190 3287
1191 2965
1192 1527
1192 3168
1192 3478
1192 3886
1192 3921
1193 1320
1195 1644
1196 3863
1197 3893
1198 3469
1199 1906
1199 3386
1200 3819
1201 1560
1201 2511
1201 3074
1203 3009
1203 3335
1203 3520
1203 3616
1203 3754
1204 1417
1204 3579
1205 1281
1205 1776
1205 2071
1205 2093
1205 2322
1206 1306
1207 2473
1207 3028
1207 3405
1207 3527
1208 1513
1208 3290
1208 3334
1209 1796
1209 1930
1209 1961
1209 2005
1209 2209
1209 2710
1210 2637
1211 1411
1211 3240
1212 1519
1212 1964
1212 2696
1212 3426
1213 1578
1213 1980
1213 2624
1213 2852
1214 2025
1214 2318
1214 2616
1214 3100
1215 1845
1215 1988
1215 2349
1215 2767
1216 1304
1216 2216
1216 2296
1216 3840
1217 3170
1217 3766
1218 1276
1219 1298
1219 1320
1219 2959
1219 3037
1219 3853
1220 1444
1220 1593
1220 1627
1220 2723
1220 3100
1220 3829
1221 1654
1221 2178
1221 3553
1221 3669
1222 1937
1222 2718
1222 2816
1222 2825
1223 1796
1223 3825
1224 1538
1224 2866
1224 3135
1225 1971
1225 3108
1225 3649
1225 3674
1226 1617
1226 2547
1227 1365
1227 2265
1227 2432
1227 3021
1228 1784
1228 3577
1229 1289
1229 2157
1230 1417
1230 1824
1230 2777
1230 3244
1230 3325
1230 3801
1231 1649
1231 1686
1231 1886
1231 2556
1232 1470
1232 3834
1234 3692
1234 3950
1235 1560
1235 2032
1235 2120
1235 2140
1235 3283
1235 3484
1235 3562
1235 3564
1235 3764
1235 3976
1236 1457
1236 1943
1236 3695
1237 2521
1237 3790
1238 1686
1238 1984
1238 2030
1238 2037
1238 2359
1238 3005
1239 3697
1239 3786
1240 2130
1241 1438
1241 2739
1242 1766
1242 3887
1243 1469
1243 3352
1244 1315
1244 3446
1244 3751
1245 3203
1245 3370
1245 3726
1247 1960
1247 2060
1247 2111
1247 2284
1248 2203
1248 2715
1250 1462
1250 2184
1251 3386
1252 2470
1252 3801
1252 3834
1253 2856
1254 2859
1254 3064
1255 2840
1257 2227
1257 2399
1257 2574
1257 3444
1258 2280
1258 2397
1258 2422
1258 2483
1258 2901
1258 2919
1259 1428
1259 1567
1260 1953
1260 2977
1260 3893
1261 3258
1261 3421
1262 2280
1262 3834
1263 1866
1263 2976
1263 3300
1264 2699
1264 3143
1265 2788
1265 2822
1265 3440
1265 3559
1266 2782
1266 2829
1266 2837
1266 3296
1267 2777
1267 3175
1268 1497
1268 1881
1268 2604
1268 3680
1268 3756
1269 1681
1269 1998
1269 2955
1269 3216
1269 3868
1270 2036
1270 2491
1270 3412
1271 1678
1271 3537
1272 1576
1272 3649
1273 2147
1273 3865
1274 2823
1274 3667
1275 2732
1275 2896
1275 2906
1276 2912
1276 3975
1277 1886
1277 2554
1278 2403
1278 2488
1279 2180
1279 2781
1280 2492
1280 2790
1281 2456
1281 2494
1281 3912
1282 2007
1282 2163
1282 2212
1282 2324
1282 2556
1282 2937
1282 2961
1282 3239
1282 3387
1282 3607
1282 3978
1283 1998
1283 3813
1284 1623
1284 2166
1284 3795
1284 3870
1285 3129
1285 3815
1285 3838
1286 2212
1287 1524
1287 1983
1287 2014
1287 2366
1287 2606
1287 2649
1287 3210
1287 3301
1288 3099
1288 3176
1289 2109
1289 3867
1290 1583
1290 1866
1291 2094
1291 2459
1291 2653
1291 3981
1292 1580
1292 3105
1292 3362
1292 3978
1293 3239
1294 1341
1295 2065
1295 3070
1295 3382
1296 1413
1296 1497
1296 3911
1297 1410
1297 2100
1297 2170
1297 2670
1297 2955
1297 3912
1298 1350
1298 1470
1298 3134
1299 2119
1299 2517
1299 3069
1300 1743
1300 1845
1300 2638
1300 2885
1300 3834
1301 1508
1301 1599
1303 1508
1303 1583
1303 1745
1303 2862
1303 2927
1304 1455
1305 2030
1306 2838
1307 3685
1307 3937
1309 1917
1309 2251
1309 3409
1309 3812
1310 2656
1310 3628
1311 1349
1311 2454
1311 2680
1311 3319
1311 3853
1312 2975
1312 3710
1313 1703
1313 3899
1314 3106
1314 3845
1315 2564
1315 3159
1316 2967
1317 1899
1317 2379
1317 2476
1317 3328
1318 3069
1320 1323
1320 2667
1320 2833
1322 1542
1322 1546
1322 2289
1322 2531
1322 3306
1323 1765
1323 2455
1323 3352
1323 3825
1324 1457
1324 1521
1324 2640
1324 3564
1324 3960
1325 1806
1325 2307
1325 2845
1325 3057
1325 3502
1326 1396
1326 1596
1326 2191
1326 3595
1326 3613
1327 1609
1327 2053
1327 2165
1327 2939
1327 3049
1327 3518
1328 1984
1328 2116
1328 2224
1329 1422
1329 2461
1329 3024
1329 3693
1330 2972
1330 3297
1331 2373
1331 2933
1331 3596
1331 3597
1332 3214
1333 2625
1334 1613
1334 3048
1335 2303
1335 2319
1335 2513
1335 2945
1335 3120
1335 3909
1336 1479
1336 3204
1336 3687
1337 3158
1338 1461
1338 2549
1338 2986
1339 3346
1340 1484
1340 1599
1340 3767
1341 1947
1341 3512
1341 3619
1341 3763
1342 1393
1342 1739
1342 2736
1343 1701
1343 3680
1343 3943
1344 2290
1344 2954
1344 3851
1344 3924
1345 3152
1345 3279
1345 3674
1346 1442
1346 2113
1346 2728
1346 3750
1346 3890
1347 1862
1347 2159
1348 3706
1349 2107
1349 2739
1349 3055
1350 2592
1351 2283
1352 1433
1352 3489
1353 1861
1353 2090
1353 3491
1354 1404
1354 1782
1354 2283
1354 3873
1355 3598
1356 1618
1356 2666
1356 2910
1357 2171
1357 3932
1358 2316
1358 2674
1359 3539
1359 3681
1359 3740
1360 1910
1360 2951
1361 1537
1361 1571
1361 3150
1361 3731
1361 3851
1362 1391
1362 2324
1362 3478
1363 3833
1364 2432
1364 3798
1365 2324
1365 2417
1365 2609
1365 3170
1365 3656
1366 3031
1366 3173
1367 2302
1367 2776
1367 3267
1368 1916
1369 1423
1369 3111
1369 3364
1370 1965
1370 2305
1370 3002
1371 1788
1371 1943
1371 2538
1371 2860
1371 3728
1372 2568
1372 2678
1372 3089
1372 3509
1372 3932
1373 2481
1373 2971
1373 3175
1373 3421
1374 1393
1374 1949
1374 2216
1374 2642
1374 2871
1374 2886
1375 3222
1375 3896
1376 1921
1376 2856
1376 3012
1376 3958
1376 3990
1376 3997
1378 1435
1378 3003
1379 1403
1379 2043
1379 2404
1379 3163
1379 3931
1380 2319
1380 3427
1381 3045
1381 3728
1382 1667
1382 2886
1382 3837
1383 1922
1383 2344
1383 2612
1384 2036
1384 2301
1384 3571
1384 3592
1385 3584
1386 2270
1387 1902
1387 2067
1387 2383
1387 3917
1388 1606
1388 2338
1388 3027
1389 2638
1389 3232
1390 1776
1390 2843
1390 3064
1391 1549
1391 2466
1391 3833
1392 1725
1392 2724
1392 3505
1393 1506
1393 3626
1394 2071
1394 2272
1394 2369
1394 3999
1395 2177
1395 2563
1395 2753
1395 2854
1396 2243
1396 2886
1396 3030
1396 3784
1397 1603
1397 1744
1397 2640
1398 3318
1398 3553
1399 2001
1399 2388
1399 2557
1400 1660
1400 2616
1400 3027
1400 3140
1401 1590
1401 2394
1401 2518
1401 3615
1402 2149
1402 2274
1403 2264
1404 1416
1404 2050
1405 1545
1405 2902
1405 3555
1406 1565
1406 1967
1407 2044
1407 2627
1409 2422
1409 3556
1409 3626
1409 3738
1409 3760
1410 2197
1410 3346
1411 2221
1411 3753
1411 3948
1412 2259
1412 3460
1413 1626
1413 2064
1413 2516
1413 2779
1413 2936
1413 3878
1413 3957
1414 3851
1415 2575
1415 2759
1416 2010
1416 2794
1417 3154
1419 2981
1419 3381
1420 2128
1420 2188
1421 1879
1421 2572
1421 3404
1421 3551
1423 2132
1423 2400
1423 3699
1424 1771
1424 2706
1424 3383
1424 3465
1424 3832
1425 1953
1425 2096
1425 2279
1425 2546
1425 2912
1425 2934
1425 3227
1426 1848
1426 1987
1426 2386
1428 1889
1428 2146
1429 2108
1429 2804
1429 3458
1429 3527
1430 2151
1430 3012
1430 3186
1431 2461
1431 3582
1433 1680
1433 2611
1433 3179
1433 3804
1433 3872
1434 1804
1434 2085
1434 2087
1435 1743
1435 2101
1435 2160
1435 2543
1435 3316
1435 3703
1436 1839
1436 3572
1437 2172
1437 2536
1438 2974
1439 1560
1439 2312
1439 3108
1440 1541
1440 3071
1441 2246
1441 3759
1443 1763
1443 2650
1443 2751
1443 3378
1444 1926
1444 3586
1445 2066
1445 2212
1446 2224
1446 3298
1447 2178
1447 2985
1447 3246
1447 3584
1448 1481
1448 2170
1448 3080
1448 3261
1451 1516
1451 1972
1452 2624
1454 1585
1454 1641
1454 3110
1454 3231
1454 3656
1455 2753
1455 2926
1455 3426
1456 2132
1456 2447
1456 3087
1456 3265
1456 3568
1456 3649
1457 2857
1457 3178
1457 3251
1457 3907
1458 1711
1458 1874
1458 2944
1459 1721
1459 1785
1460 1524
1460 1827
1460 3514
1460 3946
1461 1952
1461 2146
1461 3152
1462 1924
1462 2227
1462 3289
1463 3846
1464 1934
1464 2597
1464 3113
1464 3405
1464 3430
1464 3439
1464 3928
1465 1626
1465 2559
1465 2615
1466 1720
1466 1818
1466 2308
1466 3396
1467 2657
1467 3949
1468 1836
1468 2833
1468 3548
1468 3877
1469 3476
1469 3716
1470 1702
1470 1708
1471 1889
1471 1923
1471 1968
1471 2579
1471 3421
1472 3207
1472 3927
1473 2378
1473 2410
1473 3121
1473 3182
1473 3457
1473 3563
1473 3625
1474 1673
1474 1922
1474 2567
1474 2880
1475 3836
1476 3247
1476 3307
1477 3560
1478 1922
1478 2010
1478 2457
1478 3728
1478 3747
1479 1572
1479 2407
1479 2959
1479 3382
1481 1850
1482 2099
1482 2115
1482 2910
1483 3001
1483 3581
1483 3921
1484 3268
1484 3488
1485 1565
1485 3926
1486 2218
1486 2631
1486 3862
1487 1970
1487 2275
1487 2468
1488 1907
1488 2469
1488 3265
1488 3721
1489 2188
1489 2998
1489 3115
1489 3459
1490 3992
1491 2229
1491 2243
1491 2867
1492 1759
1492 2197
1492 2517
1492 2520
1493 1521
1493 2108
1493 3351
1493 3884
1494 2007
1494 2069
1494 2248
1494 3453
1495 1585
1495 2302
1495 2686
1495 3127
1495 3846
1496 2396
1496 2507
1497 2947
1499 1973
1499 2164
1499 2403
1499 2653
1500 1524
1500 3714
1501 1528
1501 2104
1501 3100
1501 3560
1502 2472
1503 2633
1503 3408
1505 3092
1505 3462
1505 3600
1506 3256
1507 1920
1507 2598
1508 2094
1508 2498
1510 3431
1510 3673
1511 2895
1511 2981
1511 3387
1512 1785
1512 2260
1512 3939
1513 2576
1513 2775
1513 3030
1514 1718
1514 2017
1514 2318
1514 2610
1515 1718
1515 2947
1515 3977
1516 1902
1516 1948
1516 2227
1516 2704
1517 3144
1519 3850
1520 2815
1520 3507
1521 1678
1521 1861
1521 1938
1521 3059
1521 3659
1522 2695
1522 2966
1522 3624
1523 1719
1523 2071
1523 3483
1524 2496
1524 2719
1524 2870
1525 2649
1525 2687
1526 1915
1526 2348
1526 2883
1526 2887
1526 3562
1527 2397
1528 1662
1528 2645
1528 3369
1529 1547
1529 2726
1530 2441
1530 3513
1530 3759
1530 3764
1531 3144
1531 3837
1532 2597
1532 3078
1533 1576
1534 2430
1534 2747
1535 1862
1535 2719
1535 2742
1535 3348
1537 2519
1537 3086
1538 3353
1539 2477
1539 2913
1540 1670
1540 2584
1540 3172
1540 3970
1541 1713
1541 2641
1541 3673
1543 1596
1543 1688
1544 2092
1544 3037
1544 3392
1545 2423
1545 3544
1546 2111
1547 2474
1547 2663
1548 1972
1548 1994
1548 2885
1548 3463
1548 3881
1549 1858
1549 3643
1550 1624
1551 2150
1552 2310
1552 2692
1552 3101
1553 2069
1553 2237
1553 2586
1554 1622
1555 2067
1555 2574
1555 3739
1555 3779
1556 2906
1556 3974
1557 1678
1557 2436
1557 2968
1558 2651
1558 3401
1559 1872
1559 1892
1561 1821
1562 2454
1562 3679
1564 2154
1564 2950
1565 2714
1566 3794
1567 2220
1567 2807
1567 3087
1567 3192
1568 2123
1568 3443
1569 2250
1569 3289
1569 3506
1570 3303
1571 2125
1573 2608
1573 3305
1573 3795
1574 1630
1574 2613
1574 2892
1574 3090
1574 3343
1574 3756
1575 3044
1578 2096
1578 3873
1579 1750
1580 2050
1580 2146
1580 3010
1580 3770
1581 1782
1581 2805
1581 2920
1581 3163
1581 3823
1581 3891
1582 2066
1582 2152
1582 3612
1583 2745
1584 1883
1584 2098
1584 2177
1584 3382
1584 3449
1585 2726
1585 2966
1586 3305
1586 3606
1586 3799
1587 3034
1587 3084
1588 2225
1589 2616
1589 2990
1589 3016
1590 2534
1591 2348
1592 2207
1592 3479
1593 1986
1593 2650
1593 2968
1593 3038
1594 2009
1594 3361
1595 2255
1595 3270
1596 2045
1597 1697
1598 2924
1598 3052
1600 2677
1600 3065
1601 2595
1602 2503
1603 1646
1603 2210
1603 2242
1604 2039
1604 2286
1604 2330
1604 2363
1604 3087
1604 3237
1604 3491
1604 3775
1605 2013
1605 3550
1605 3690
1606 1929
1606 3111
1607 2623
1607 3152
1607 3485
1608 2961
1609 1994
1609 2658
1610 1775
1610 1860
1611 1782
1611 2273
1612 1810
1612 2769
1612 3037
1613 2546
1613 2632
1613 3047
1614 3929
1615 1925
1615 1997
1615 2851
1615 3035
1616 2753
1616 3019
1616 3220
1616 3899
1617 3666
1617 3927
1618 2318
1618 2450
1618 3519
1618 3940
1619 3910
1620 2437
1620 2672
1621 2152
1621 2458
1621 2743
1621 3721
1622 1704
1622 1897
1622 2600
1622 2959
1622 3959
1623 2984
1624 2022
1624 3291
1624 3500
1625 2248
1625 2583
1625 3129
1625 3772
1627 2316
1627 2623
1628 3096
1629 1855
1629 2776
1629 2963
1630 2227
1630 2949
1631 2131
1631 2399
1631 2613
1631 3152
1631 3156
1632 1877
1632 2573
1632 3593
1632 3985
1633 2695
1633 2845
1633 3756
1635 2085
1635 2689
1635 2773
1636 2826
1636 3697
1636 3837
1636 3919
1637 2723
1638 1969
1638 2350
1638 3275
1638 3854
1639 2328
1640 2403
1640 3506
1641 1790
1641 1949
1641 3838
1642 2741
1642 3279
1643 1752
1643 3305
1643 3925
1644 2593
1644 2820
1644 2908
1645 2190
1646 2055
1646 2413
1646 2561
1646 2864
1646 3158
1647 2127
1649 2694
1649 2802
1649 3497
1650 1674
1650 2157
1650 2178
1650 3342
1651 2764
1651 2818
1652 2957
1652 3111
1653 1702
1653 3536
1654 2162
1654 2539
1654 3112
1654 3253
1655 2589
1655 2806
1656 1774
1656 2815
1656 2926
1657 3545
1657 3812
1657 3948
1658 2533
1658 3530
1659 2065
1659 2322
1659 2348
1659 3956
1660 1920
1660 2526
1660 3325
1660 3699
1661 2332
1662 1780
1662 2733
1662 2740
1662 3393
1662 3893
1663 1676
1663 2736
1663 3208
1663 3426
1664 1889
1664 2082
1664 3312
1665 2945
1666 2037
1666 2241
1666 3959
1667 1982
1667 2426
1668 2169
1668 2609
1668 2628
1669 3411
1670 2960
1671 3747
1673 3574
1673 3931
1674 3291
1674 3424
1674 3611
1675 2226
1676 1758
1676 2189
1676 3163
1677 3853
1677 3982
1678 1862
1678 1908
1678 3954
1679 1746
1679 1996
1681 2554
1682 1719
1682 2269
1682 2744
1682 3396
1683 1944
1683 2168
1683 2613
1683 2989
1683 3372
1684 1835
1684 2792
1685 3304
1686 1764
1686 3098
1686 3232
1687 3791
1688 2848
1689 1911
1689 2992
1689 3253
1690 3129
1691 3358
1691 3460
1692 3063
1693 2214
1693 2296
1693 2883
1693 3748
1694 1983
1694 2025
1694 2166
1694 2322
1694 3512
1694 3516
1694 3597
1695 3259
1696 2424
1696 3202
1696 3296
1696 3543
1696 3912
1696 3913
1697 2919
1697 3508
1699 2013
1699 2032
1699 2469
1699 2870
1699 3122
1701 2074
1702 2026
1702 2139
1702 2571
1702 2799
1702 3695
1703 1807
1703 2256
1703 3942
1704 2580
1705 3382
1706 2084
1706 2153
1706 2895
1706 3428
1707 1748
1707 1898
1707 2775
1707 2970
1708 2599
1708 2805
1709 1900
1710 3405
1711 1718
1711 2133
1711 2343
1711 3255
1712 2699
1712 2753
1713 2191
1714 2425
1714 3623
1715 2064
1715 2096
1715 2175
1715 3120
1715 3438
1715 3715
1716 2370
1717 1767
1717 1810
1717 3812
1718 2530
1718 2804
1718 3484
1718 3715
1718 3759
1720 2758
1720 3229
1720 3959
1721 3423
1722 2344
1722 3648
1723 1822
1723 2196
1723 2695
1723 2789
1723 2861
1723 2880
1724 1895
1724 2343
1724 2672
1724 3548
1725 2407
1726 2419
1726 3420
1726 3470
1727 2023
1727 2419
1727 2615
1728 1899
1728 2674
1728 3676
1729 1797
1729 2329
1729 2505
1729 2641
1730 2495
1730 2644
1730 2995
1730 3027
1730 3118
1730 3732
1731 2362
1731 2731
1731 3415
1731 3534
1732 3460
1732 3609
1732 3686
1733 2788
1734 2041
1735 1883
1735 2656
1735 3130
1735 3804
1736 1845
1736 1860
1737 2215
1737 3080
1737 3643
1738 2825
1738 3308
1739 2912
1740 1978
1740 2224
1740 2759
1741 2501
1741 2589
1742 2415
1742 2431
1742 3424
1744 1801
1744 1899
1744 2149
1744 3861
1745 2520
1745 3311
1746 2979
1747 3671
1748 1782
1748 2748
1748 3102
1749 2136
1750 1921
1750 3198
1750 3664
1751 3919
1751 3975
1752 2872
1753 2890
1754 1920
1754 2677
1755 2195
1755 2943
1756 2317
1756 2608
1757 2558
1757 2582
1757 3892
1759 3337
1759 3744
1759 3897
1760 1955
1760 2308
1760 2756
1760 3167
1761 1872
1761 1984
1761 2708
1761 3016
1761 3197
1761 3786
1763 2569
1763 3532
1764 2212
1764 2485
1764 3651
1764 3744
1764 3752
1765 1981
1765 3583
1766 2297
1766 2542
1766 2638
1766 3038
1766 3061
1767 3386
1768 1862
1768 1986
1768 2034
1768 2353
1768 2729
1768 3194
1768 3797
1769 3285
1770 2778
1770 3183
1772 2786
1772 2849
1772 2857
1775 3265
1775 3740
1775 3890
1776 3644
1776 3667
1777 2868
1778 2208
1778 2365
1778 2478
1779 2350
1779 3756
1780 3666
1781 2024
1781 2980
1781 3575
1782 2888
1782 3035
1783 2264
1783 2345
1783 2833
1783 3889
1784 1907
1784 2333
1784 2430
1784 3191
1785 2488
1786 3338
1786 3864
1787 3234
1788 2075
1788 3430
1789 2987
1789 3424
1790 2613
1791 3915
1792 2626
1792 3264
1792 3344
1793 3096
1794 2243
1795 3771
1795 3992
1796 2122
1796 2820
1797 3622
1798 3541
1799 2566
1799 2711
1799 2721
1799 3169
1799 3175
1800 1927
1800 2176
1800 2659
1800 3088
1800 3697
1800 3854
1801 2808
1801 3636
1802 3125
1803 2660
1803 2812
1803 2964
1803 3144
1803 3999
1804 2640
1805 3383
1806 2036
1806 2516
1806 3015
1806 3367
1806 3369
1807 1890
1807 2550
1807 2998
1807 3305
1807 3772
1808 3147
1808 3422
1808 3571
1811 2197
1811 2350
1812 2367
1812 2710
1812 2884
1813 3206
1814 1894
1815 3551
1815 3737
1817 3800
1818 2667
1818 3577
1819 3894
1820 3047
1821 2751
1823 3149
1825 1950
1825 2219
1825 2934
1825 3066
1825 3491
1825 3596
1825 3634
1826 1860
1826 2159
1826 2809
1827 2207
1827 2721
1827 3451
1827 3724
1828 1968
1828 2259
1828 3557
1829 2040
1829 2295
1829 2312
1830 1867
1831 1942
1831 2255
1831 2964
1831 3326
1832 2504
1832 2912
1832 2986
1832 3319
1834 2685
1834 3351
1835 3172
1836 2792
1836 3794
1836 3991
1837 2272
1837 2319
1837 2943
1838 2150
1838 2837
1839 3129
1839 3130
1839 3834
1839 3925
1840 2239
1840 3081
1841 3590
1842 1847
1842 2642
1842 3009
1842 3169
1842 3957
1843 2391
1844 1886
1844 2008
1844 2120
1844 3078
1846 2082
1847 2330
1847 2804
1847 3673
1847 3728
1847 3999
1848 1960
1848 2898
1848 2971
1848 3312
1849 3229
1851 3248
1851 3273
1852 3159
1853 3238
1854 2723
1855 2286
1856 2357
1856 2522
1857 3106
1857 3860
1858 3203
1859 3698
1860 3120
1861 1942
1861 3838
1862 1957
1863 2868
1863 3264
1864 2459
1866 1888
1866 3480
1866 3841
1867 2316
1867 3577
1868 2523
1869 2432
1870 2982
1871 2235
1872 2789
1872 3915
1873 3158
1873 3781
1874 3137
1875 2447
1875 2514
1876 1907
1876 3966
1877 2684
1878 1921
1878 2109
1878 3996
1879 2416
1879 2500
1879 3144
1880 2170
1882 2014
1882 2221
1883 2594
1883 3794
1884 2526
1884 3003
1884 3792
1885 2568
1885 2716
1885 2871
1885 3188
1885 3905
1888 2952
1888 3346
1888 3367
1888 3961
1889 2261
1889 3548
1890 2069
1890 2487
1890 2632
1890 3015
1890 3615
1891 2471
1892 2214
1892 3260
1892 3435
1893 2929
1894 2469
1894 2948
1895 2673
1896 2422
1896 2837
1896 2902
1898 2035
1898 2750
1899 2126
1900 3504
1900 3618
1901 1904
1901 2380
1901 2538
1901 2775
1903 1909
1903 2951
1903 3238
1903 3335
1904 2467
1904 3567
1905 2005
1905 2910
1906 2300
1906 2937
1906 3228
1907 3773
1909 3788
1910 1968
1910 2721
1910 3827
1911 2213
1911 2585
1911 3036
1911 3741
1912 2126
1912 2881
1913 2414
1913 3493
1913 3524
1913 3735
1914 2892
1914 3567
1915 2835
1915 3204
1915 3748
1916 1948
1916 2395
1916 3870
1917 2999
1918 2848
1918 3870
1920 3299
1921 2208
1921 3530
1921 3740
1921 3787
1922 2578
1923 2619
1924 2221
1924 2469
1924 2951
1926 2176
1926 3406
1926 3482
1927 2799
1927 3730
1928 3264
1929 2105
1929 2736
1930 2171
1930 2915
1931 2001
1931 2261
1931 2262
1931 2355
1931 2650
1932 2969
1932 3810
1933 3145
1934 2999
1934 3160
1934 3294
1934 3866
1934 3929
1935 2175
1936 3539
1937 2185
1937 3662
1937 3732
1937 3737
1938 2735
1938 2861
1938 3219
1939 2299
1939 3901
1940 2508
1941 2194
1941 2360
1941 2566
1941 2677
1941 3944
1942 2100
1942 3231
1943 2310
1943 2830
1943 3800
1944 2730
1944 3929
1945 2182
1945 3139
1947 2403
1947 3174
1948 2530
1948 2723
1951 3278
1951 3853
1952 2919
1953 1955
1953 2228
1953 2690
1953 3138
1953 3155
1954 2692
1954 2940
1954 3585
1954 3792
1954 3891
1955 2143
1956 2303
1956 3294
1957 2271
1958 2441
1958 3746
1960 2403
1960 2483
1960 3175
1960 3366
1961 3065
1961 3574
1961 3747
1962 2664
1962 3860
1963 2311
1963 2522
1963 3420
1964 2215
1964 2288
1964 3220
1965 3958
1966 2066
1966 3266
1966 3438
1967 2963
1967 3687
1967 3783
1969 2161
1969 2197
1969 2539
1970 2078
1970 2871
1970 3146
1971 3378
1971 3837
1972 2907
1972 3217
1973 2823
1974 2585
1974 3278
1975 2458
1976 3560
1977 3063
1977 3459
1977 3826
1978 2553
1978 2687
1978 3812
1979 2609
1980 2920
1980 3511
1980 3657
1981 2698
1981 3529
1982 2444
1982 3597
1982 3868
1983 2429
1984 2072
1984 2896
1986 2027
1986 2089
1986 2699
1987 3810
1989 2812
1989 3048
1990 2712
1990 2981
1991 2493
1991 2895
1991 3656
1992 3638
1993 2636
1994 2123
1994 3428
1994 3908
1995 2068
1995 2205
1995 2586
1995 2598
1996 2553
1996 3314
1996 3446
1996 3586
1998 3756
1999 2689
1999 2966
1999 3780
2000 2989
2002 2052
2003 2497
2004 3949
2005 2189
2005 3948
2006 2063
2006 2605
2006 2924
2006 3358
2008 3408
2008 3572
2009 3004
2009 3527
2009 3660
2009 3984
2010 2244
2010 2921
2010 3595
2010 3766
2010 3965
2012 2158
2012 2851
2012 3351
2012 3976
2013 2059
2013 3398
2014 2810
2014 2911
2014 3184
2014 3887
2015 2214
2015 2830
2016 2255
2016 2548
2016 2946
2017 2700
2017 2845
2017 3838
2018 2161
2018 3298
2018 3443
2019 2282
2020 3525
2020 3921
2021 2643
2022 2482
2022 3071
2023 2495
2023 2570
2024 2119
2024 2282
2026 2497
2028 2376
2028 2606
2028 3280
2029 2839
2029 2960
2030 2278
2030 2827
2031 3361
2031 3451
2032 2553
2032 2731
2032 2917
2032 3591
2033 2251
2034 2433
2034 2476
2034 3178
2034 3498
2035 3392
2036 2092
2036 3862
2036 3878
2036 3914
2036 3916
2037 2139
2039 3549
2040 3506
2041 3459
2042 2208
2042 3800
2044 2222
2045 3623
2046 2228
2046 3313
2046 3702
2047 3537
2048 2404
2048 2840
2048 3340
2049 3155
2050 2225
2050 2716
2050 3326
2052 3361
2052 3452
2052 3544
2052 3586
2053 2071
2054 2174
2054 2860
2054 2892
2057 2645
2058 2423
2058 3815
2060 2872
2060 3640
2061 2215
2061 3994
2062 2265
2062 2575
2062 3002
2063 2427
2063 3729
2063 3983
2064 2434
2064 3036
2065 3482
2065 3527
2065 3975
2066 2175
2066 3056
2066 3774
2067 3540
2067 3784
2068 2144
2068 3436
2068 3964
2069 2582
2069 3477
2070 2393
2070 3425
2071 3847
2073 2958
2073 3740
2074 3839
2075 2278
2075 2586
2076 3262
2077 2567
2077 3009
2077 3709
2078 3132
2078 3433
2078 3984
2079 3368
2079 3403
2080 2164
2080 2767
2080 3420
2081 2813
2081 3948
2082 2849
2083 2413
2085 3092
2085 3643
2086 2715
2087 2275
2087 3008
2087 3938
2088 2710
2089 3310
2089 3491
2089 3853
2089 3990
2090 2689
2090 3772
2091 2258
2091 2838
2091 2957
2091 3137
2093 2298
2093 3415
2093 3694
2093 3729
2094 2502
2095 2443
2095 3280
2095 3384
2095 3708
2096 3606
2096 3756
2097 2554
2097 3180
2097 3322
2097 3765
2097 3768
2097 3894
2098 2363
2098 2920
2098 2924
2098 2985
2098 3208
2099 3389
2099 3935
2100 2470
2100 3758
2101 2216
2101 3552
2101 3963
2103 2454
2103 2650
2104 2817
2104 3144
2104 3987
2105 3718
2106 3218
2106 3475
2108 2580
2108 3960
2110 3116
2111 2347
2111 3284
2112 2465
2113 2616
2113 2756
2113 2758
2113 3366
2113 3405
2114 2390
2114 2840
2114 3089
2114 3256
2115 3304
2115 3468
2115 3665
2115 3860
2116 2811
2116 3228
2116 3564
2117 2504
2118 2715
2119 3283
2119 3799
2120 2178
2120 2655
2120 3198
2121 3830
2122 2645
2122 2928
2122 3848
2123 2405
2123 2629
2124 2715
2124 3492
2125 2254
2125 3393
2125 3677
2126 2805
2127 3352
2128 3253
2129 2237
2129 2962
2129 3482
2130 3996
2132 3006
2132 3056
2132 3700
2133 2893
2133 3615
2134 3226
2134 3812
2135 3253
2135 3322
2136 3345
2137 2975
2137 3531
2137 3573
2137 3633
2138 3099
2139 2206
2139 2381
2139 3162
2139 3529
2140 2810
2140 2909
2140 3903
2142 2388
2143 3518
2144 2453
2144 2794
2145 2843
2145 3077
2145 3869
2145 3958
2146 2583
2146 3647
2147 3181
2148 2496
2148 3000
2149 2591
2149 3461
2150 3208
2151 2362
2151 3627
2152 2779
2154 3703
2156 2322
2156 2658
2156 3198
2156 3998
2157 2411
2157 2630
2157 3446
2157 3551
2158 2889
2159 2760
2159 3799
2160 3801
2161 3322
2161 3776
2162 3378
2162 3507
2162 3563
2163 3632
2164 2862
2164 3618
2164 3972
2167 3037
2167 3226
2168 2711
2169 3296
2170 3863
2171 2239
2171 2279
2171 3302
2172 2315
2173 3237
2173 3300
2174 2343
2174 2583
2174 3529
2175 2725
2176 2203
2176 2612
2178 3016
2179 3292
2179 3932
2182 2891
2182 3012
2182 3351
2182 3722
2183 3683
2183 3833
2184 2562
2184 3298
2185 2596
2185 2635
2186 3811
2187 2619
2187 2903
2188 2478
2188 3671
2188 3989
2189 2481
2189 3490
2190 2320
2190 2325
2190 2929
2191 2674
2191 2722
2191 3140
2192 2486
2192 2949
2192 2981
2193 3004
2193 3350
2193 3398
2194 2223
2194 2328
2194 3490
2195 3595
2195 3995
2196 2894
2196 3635
2196 3932
2197 2314
2198 3226
2199 2438
2200 3502
2202 2920
2202 2931
2202 2991
2202 3209
2202 3650
2202 3696
2203 2794
2203 2991
2203 3126
2204 3114
2205 2456
2205 3099
2205 3877
2205 3926
2206 2934
2206 3171
2206 3261
2206 3442
2206 3545
2206 3744
2206 3768
2207 3620
2208 3047
2208 3363
2209 2464
2209 2568
2209 2721
2209 3064
2211 2466
2212 2691
2212 2959
2213 2534
2213 3157
2214 2280
2214 2345
2214 2633
2214 3245
2214 3751
2215 2636
2215 3924
2216 2300
2217 2602
2218 3272
2219 3095
2219 3371
2220 3795
2220 3879
2221 3106
2221 3681
2222 2406
2222 2421
2223 2478
2223 3898
2224 3864
2224 3879
2225 2541
2225 2632
2225 3510
2226 2467
2226 2667
2227 3166
2227 3685
2228 3291
2229 2527
2229 2779
2230 3196
2230 3519
2230 3688
2231 3984
2232 2853
2237 2662
2237 2931
2237 3443
2238 2630
2239 2514
2240 3249
2240 3430
2241 2381
2241 2387
2241 2674
2241 3888
2242 3288
2242 3552
2242 3565
2243 2264
2243 2670
2243 3542
2243 3587
2244 2447
2244 3175
2244 3422
2245 2684
2245 3030
2245 3570
2246 2967
2247 3490
2247 3639
2248 2330
2248 2670
2248 3131
2248 3590
2249 2444
2250 2333
2250 2459
2250 2992
2251 3287
2252 3569
2253 2258
2254 2903
2254 3263
2254 3309
2255 3062
2255 3845
2256 2970
2257 2825
2257 3860
2258 3189
2259 2968
2259 3933
2260 3121
2261 2334
2261 3707
2262 2586
2262 3916
2263 3173
2263 3819
2264 2926
2264 3316
2264 3323
2265 3197
2266 2534
2266 2772
2267 3547
2267 3595
2268 3174
2268 3571
2269 3179
2270 3158
2271 3808
2271 3952
2272 3150
2272 3195
2273 2828
2273 3283
2273 3473
2273 3910
2274 3076
2274 3088
2276 3296
2276 3912
2277 3528
2278 3039
2278 3133
2279 2320
2279 2819
2279 3000
2280 2725
2280 3831
2281 2381
2281 3168
2281 3349
2282 2691
2282 2707
2282 2946
2283 2323
2283 2457
2283 2841
2284 3978
2286 2707
2286 2961
2286 3879
2287 2938
2287 3681
2288 3896
2289 2613
2289 3430
2289 3837
2291 2820
2291 3355
2292 3153
2293 2839
2293 2878
2293 3172
2295 2482
2295 3633
2296 2719
2296 3039
2296 3204
2297 2551
2297 2910
2298 2775
2298 3826
2299 2341
2299 3830
2302 2881
2302 3482
2302 3784
2303 2983
2303 3363
2303 3872
2304 2590
2304 3575
2304 3855
2305 2490
2305 2869
2305 3369
2305 3483
2305 3520
2306 3209
2306 3563
2307 3020
2307 3505
2307 3729
2308 3610
2308 3991
2309 3487
2310 2771
2310 3026
2310 3986
2311 3184
2312 2331
2312 3365
2313 2441
2314 2353
2314 3090
2314 3660
2315 2832
2315 2927
2315 3100
2316 2465
2316 2991
2316 3350
2316 3816
2317 3367
2318 2349
2318 3329
2319 2572
2319 3072
2320 3395
2321 2390
2324 2810
2326 3372
2327 2373
2327 2854
2328 3180
2328 3910
2329 3703
2330 2854
2330 3194
2330 3751
2331 2785
2331 3655
2331 3722
2332 2601
2332 2755
2333 2401
2333 2885
2333 3493
2334 2386
2334 3597
2334 3784
2335 2765
2335 3535
2335 3961
2336 3924
2336 3942
2337 2721
2337 3540
2339 3306
2340 3481
2341 2550
2341 3312
2341 3402
2343 2513
2344 3128
2345 3238
2347 3111
2347 3595
2348 3228
2349 2975
2349 3453
2350 2810
2351 2694
2352 3502
2353 3905
2354 2453
2354 3761
2356 3028
2356 3597
2358 3525
2360 2932
2360 3125
2361 2988
2361 2996
2361 3339
2361 3398
2361 3513
2361 3733
2362 2427
2363 3524
2364 2471
2364 3946
2365 3448
2366 3918
2367 2508
2367 2838
2367 3107
2367 3475
2370 3264
2371 2791
2371 3649
2371 3798
2372 3502
2373 3532
2375 3046
2375 3249
2375 3255
2376 3563
2377 2778
2377 3935
2378 3360
2379 3413
2380 3782
2381 2785
2381 2859
2381 2944
2381 3967
2382 2836
2382 2913
2382 3616
2383 3365
2384 2843
2384 3838
2384 3930
2385 2465
2385 2779
2385 2818
2385 3639
2385 3721
2386 3077
2387 2844
2387 3612
2387 3681
2388 2916
2388 3527
2389 3728
2390 3255
2390 3360
2391 2492
2391 3111
2391 3889
2394 2395
2394 2873
2394 2910
2394 3467
2394 3884
2395 3126
2395 3588
2395 3952
2395 3965
2396 3147
2396 3806
2397 3069
2397 3269
2397 3419
2398 3011
2399 3294
2400 2500
2400 3716
2401 2601
2401 3718
2402 3327
2402 3857
2404 3534
2405 3842
2406 2480
2406 3226
2407 3096
2408 2454
2408 3273
2409 2495
2409 3988
2411 2916
2411 3148
2413 2818
2413 2930
2413 3537
2413 3543
2415 2599
2416 3110
2417 2645
2417 3337
2417 3432
2417 3657
2418 2504
2418 2869
2418 3804
2419 2944
2419 3426
2420 3169
2421 3628
2421 3689
2422 2465
2422 3708
2422 3791
2422 3792
2424 2657
2424 2849
2424 3150
2424 3156
2426 3040
2426 3174
2426 3804
2427 3768
2428 3854
2429 2649
2429 3071
2429 3770
2430 3217
2431 3485
2432 3768
2435 2917
2436 3917
2437 3228
2438 2596
2439 3012
2439 3411
2440 2903
2440 3113
2440 3890
2441 2458
2441 3504
2443 3012
2443 3068
2445 3044
2446 2548
2446 3948
2447 2606
2447 2870
2447 2970
2448 2688
2449 2874
2451 3017
2452 3273
2452 3371
2453 2905
2453 3565
2453 3981
2455 3601
2456 2627
2456 2852
2456 3280
2457 2723
2457 3446
2457 3985
2460 3172
2461 2760
2461 2974
2461 3050
2461 3316
2461 3659
2463 3499
2464 3960
2465 2749
2465 3807
2465 3939
2466 2716
2466 3881
2467 3325
2468 3936
2469 3343
2470 2688
2470 3405
2470 3537
2470 3589
2470 3606
2471 2848
2472 3440
2473 2853
2474 2865
2475 3643
2476 3559
2476 3709
2478 2745
2479 3079
2479 3134
2479 3250
2480 3941
2481 3520
2482 3711
2483 2662
2483 3502
2483 3529
2486 3755
2486 3756
2487 2808
2488 2530
2488 2716
2488 3235
2491 3514
2492 2675
2492 2717
2492 2981
2492 3746
2494 2989
2495 2648
2495 3574
2495 3613
2496 3023
2496 3945
2497 2749
2497 3379
2498 2761
2498 2912
2498 3265
2499 2761
2499 3009
2499 3631
2501 2768
2501 3610
2502 3041
2503 2740
2503 3100
2506 2614
2506 2679
2506 3356
2508 3979
2510 2514
2510 2676
2510 3975
2511 3227
2511 3988
2513 2609
2514 2901
2514 2928
2515 3039
2515 3983
2516 3052
2516 3163
2517 3292
2518 2898
2519 2585
2520 3113
2520 3172
2521 3491
2523 3238
2523 3387
2524 3435
2524 3569
2525 3873
2526 3801
2527 2803
2527 2836
2527 2920
2529 3529
2530 3228
2530 3458
2531 3099
2531 3893
2533 2661
2533 2862
2533 3328
2534 3891
2535 2730
2535 2979
2535 3529
2536 3350
2536 3443
2536 3544
2537 3624
2537 3929
2539 2839
2539 3007
2539 3923
2540 2917
2541 3067
2542 3107
2542 3628
2542 3866
2543 2916
2544 2742
2544 2820
2544 2911
2544 3242
2544 3705
2544 3709
2545 3243
2546 2780
2547 2713
2547 3270
2547 3609
2549 2638
2549 3135
2549 3988
2550 2864
2551 3966
2552 3402
2552 3973
2553 3003
2553 3209
2553 3927
2554 3448
2554 3573
2555 2735
2555 3136
2555 3923
2556 2591
2556 2757
2556 2911
2557 3062
2557 3552
2559 3094
2561 3689
2562 3576
2564 3912
2565 3510
2565 3733
2566 3816
2567 2962
2567 3039
2567 3779
2568 3805
2568 3974
2569 2609
2569 3323
2569 3700
2570 3541
2570 3901
2572 3217
2573 2857
2574 2716
2574 2885
2574 2938
2574 3980
2575 2971
2575 3708
2577 3645
2579 3736
2580 3082
2580 3271
2581 2830
2581 3709
2582 2623
2582 2733
2583 2966
2584 3685
2585 3993
2586 3261
2587 3317
2588 2841
2588 3031
2589 3407
2591 3961
2592 3347
2593 2959
2593 3891
2594 2939
2594 3352
2595 3946
2597 2983
2597 3893
2598 2905
2598 3763
2600 2816
2601 3665
2601 3922
2602 2991
2602 3053
2602 3998
2603 2610
2603 3722
2604 2744
2604 2976
2604 3067
2605 3269
2605 3325
2606 3863
2607 3160
2608 2988
2608 3032
2608 3045
2609 3071
2609 3978
2611 3758
2612 2823
2613 2715
2613 3052
2613 3515
2614 3072
2614 3551
2615 3584
2615 3668
2616 3651
2617 3721
2618 3040
2618 3241
2619 3061
2619 3625
2620 3347
2621 2926
2622 2812
2622 3841
2623 2632
2623 2895
2623 3088
2623 3224
2624 3889
2627 3913
2628 2720
2628 3626
2629 2858
2629 3321
2629 3455
2630 3018
2630 3789
2634 2996
2635 3833
2637 3316
2637 3613
2638 3044
2639 3495
2640 3218
2640 3294
2641 2874
2641 3120
2641 3348
2642 2914
2642 3300
2642 3556
2643 3265
2643 3585
2644 3183
2644 3308
2645 2832
2645 3379
2645 3598
2646 3407
2647 2732
2647 3761
2648 3108
2649 3323
2650 3322
2651 2990
2651 3347
2652 3865
2654 3699
2657 2941
2657 3260
2658 3070
2658 3173
2658 3390
2660 2759
2661 3085
2662 2713
2662 2782
2662 3106
2663 3850
2664 3315
2667 3123
2668 3861
2669 3418
2669 3557
2670 3151
2670 3412
2672 3775
2673 3660
2674 3924
2676 3554
2679 2944
2679 3439
2681 2908
2682 2814
2682 3070
2682 3848
2683 2851
2684 3283
2684 3507
2684 3586
2684 3813
2684 3829
2684 3950
2687 3929
2688 3288
2690 2796
2692 3160
2693 2738
2693 3166
2693 3213
2695 3319
2696 3408
2696 3647
2696 3894
2698 3468
2699 3716
2700 2822
2701 3445
2701 3987
2702 2763
2703 3705
2704 3378
2704 3763
2705 2708
2706 3705
2706 3861
2707 2912
2707 2969
2707 3754
2709 3348
2709 3535
2710 3126
2710 3323
2713 2992
2713 3673
2714 2933
2716 3112
2717 3122
2718 3532
2720 3407
2720 3919
2721 3376
2722 2832
2724 3443
2727 2956
2727 3109
2729 3509
2729 3855
2731 2853
2731 3754
2731 3758
2732 3512
2733 3642
2734 2830
2736 3098
2736 3561
2737 3604
2739 2869
2739 3936
2742 3462
2742 3989
2746 3206
2747 2777
2748 2908
2750 3692
2751 3838
2752 3065
2752 3093
2752 3258
2752 3405
2753 3477
2756 2985
2756 3310
2756 3443
2757 2818
2758 2822
2758 3344
2760 3860
2761 2889
2764 3545
2768 3694
2768 3750
2769 2877
2769 2894
2771 2991
2771 3490
2772 2968
2772 3404
2772 3549
2773 2967
2773 3254
2773 3551
2773 3816
2773 3897
2774 3055
2774 3324
2774 3846
2775 2864
2775 3041
2776 3566
2776 3676
2778 3772
2779 3096
2780 3294
2780 3552
2781 3069
2781 3078
2781 3384
2782 3828
2783 3632
2785 2814
2785 2898
2786 3779
2787 3244
2787 3510
2787 3531
2788 3574
2789 3589
2790 3305
2791 2923
2792 3016
2792 3365
2792 3834
2793 3123
2793 3377
2793 3579
2793 3712
2794 3889
2794 3975
2795 3127
2796 3345
2798 3491
2798 3744
2799 3132
2799 3584
2799 3834
2799 3866
2801 3303
2803 3622
2803 3698
2803 3868
2804 2909
2804 3298
2805 3122
2806 3482
2807 3711
2807 3851
2807 3901
2808 3283
2809 3731
2810 3828
2811 3931
2812 3916
2813 3172
2813 3723
2814 2864
2814 3452
2814 3482
2815 3323
2817 3450
2817 3756
2819 2831
2820 3242
2820 3606
2822 3046
2824 3460
2825 3192
2825 3432
2826 2843
2826 3672
2826 3875
2828 3021
2828 3292
2829 3278
2829 3444
2834 3198
2834 3291
2834 3830
2834 3974
2835 3522
2835 3994
2836 3629
2838 3109
2838 3133
2840 3329
2842 2938
2842 3960
2844 3146
2845 2873
2845 3897
2845 3918
2847 3338
2847 3725
2849 3912
2851 2864
2853 3161
2854 2877
2856 3786
2858 3277
2858 3461
2858 3930
2861 3871
2862 3782
2863 2874
2863 2986
2863 3605
2863 3640
2865 3498
2866 3473
2868 3156
2869 3958
2872 3316
2872 3727
2874 3425
2874 3933
2876 3020
2876 3237
2877 3288
2877 3694
2878 3039
2878 3954
2879 3825
2881 3959
2884 3933
2885 3992
2886 3962
2887 3932
2888 3820
2889 3088
2889 3487
2891 3743
2892 3892
2893 2921
2894 3400
2895 3556
2898 2912
2898 2963
2899 3087
2899 3701
2900 3443
2900 3704
2901 3205
2904 3685
2905 3620
2905 3779
2906 3170
2906 3802
2907 3741
2908 3370
2909 3137
2909 3450
2912 3228
2912 3652
2912 3951
2913 3590
2913 3869
2914 3914
2915 3306
2915 3535
2919 3211
2919 3786
2920 3269
2920 3361
2920 3387
2921 3468
2921 3849
2922 3539
2923 3264
2923 3605
2925 3870
2926 3804
2927 3220
2927 3837
2928 3795
2930 3139
2930 3270
2931 3714
2932 2942
2933 3134
2933 3139
2935 3123
2937 3483
2937 3771
2939 3800
2940 3408
2940 3950
2941 3059
2942 3202
2945 2995
2945 3623
2948 3430
2948 3688
2949 3546
2951 2962
2952 3684
2953 3587
2954 2983
2955 3120
2955 3473
2956 3570
2956 3751
2957 3495
2958 3991
2959 3561
2960 3139
2960 3250
2960 3269
2960 3495
2960 3580
2961 3098
2964 3054
2964 3761
2964 3800
2965 3019
2965 3049
2966 3178
2966 3754
2967 3937
2970 3452
2971 3574
2975 3545
2976 3673
2977 3785
2977 3989
2978 3099
2979 3797
2982 3279
2983 3932
2983 3968
2984 3226
2985 3786
2986 3099
2991 3822
2992 3225
2992 3675
2992 3724
2993 3382
2996 3513
2996 3625
2998 3545
2999 3374
2999 3602
3000 3897
3001 3119
3001 3271
3001 3780
3001 3861
3003 3447
3003 3843
3003 3853
3004 3268
3004 3369
3004 3694
3004 3883
3005 3245
3006 3107
3006 3373
3008 3198
3008 3686
3009 3583
3009 3641
3009 3842
3009 3903
3010 3206
3010 3588
3011 3670
3012 3523
3013 3197
3013 3311
3013 3359
3015 3029
3015 3188
3015 3336
3015 3551
3016 3182
3017 3054
3017 3543
3018 3345
3018 3932
3019 3218
3020 3810
3022 3390
3022 3852
3023 3405
3023 3645
3026 3401
3026 3646
3027 3390
3029 3244
3029 3357
3029 3551
3029 3563
3029 3574
3030 3189
3031 3673
3032 3355
3033 3378
3033 3913
3033 3927
3034 3469
3035 3329
3037 3460
3038 3685
3038 3999
3039 3235
3040 3511
3041 3216
3041 3271
3041 3310
3041 3409
3041 3614
3041 3974
3043 3829
3047 3531
3047 3715
3048 3101
3048 3533
3049 3195
3049 3449
3049 3801
3049 3894
3050 3083
3051 3685
3053 3305
3053 3628
3053 3953
3055 3103
3056 3939
3057 3462
3058 3278
3058 3399
3058 3696
3059 3524
3059 3830
3060 3381
3060 3458
3060 3671
3061 3921
3062 3954
3063 3842
3065 3084
3065 3869
3066 3517
3066 3839
3068 3840
3072 3102
3072 3267
3073 3739
3074 3642
3076 3635
3077 3663
3078 3552
3079 3426
3079 3449
3082 3746
3082 3750
3083 3142
3084 3121
3086 3102
3089 3345
3089 3942
3092 3619
3093 3836
3095 3371
3096 3308
3097 3130
3097 3568
3097 3756
3098 3805
3098 3898
3099 3389
3100 3957
3101 3552
3102 3261
3102 3476
3102 3922
3105 3551
3105 3700
3106 3353
3106 3685
3108 3975
3109 3805
3111 3303
3113 3575
3113 3745
3113 3977
3114 3331
3114 3996
3115 3185
3115 3311
3115 3798
3119 3549
3119 3727
3121 3186
3123 3425
3124 3133
3124 3781
3125 3428
3126 3374
3126 3650
3128 3213
3128 3487
3130 3868
3131 3865
3132 3230
3134 3512
3135 3276
3135 3472
3135 3476
3137 3629
3137 3708
3137 3735
3137 3823
3138 3391
3139 3359
3140 3146
3142 3696
3142 3877
3142 3973
3144 3430
3144 3968
3145 3347
3145 3690
3145 3937
3148 3850
3149 3915
3151 3267
3151 3644
3151 3795
3151 3810
3153 3670
3155 3354
3155 3654
3156 3219
3156 3983
3158 3499
3160 3902
3161 3472
3161 3653
3163 3256
3166 3501
3167 3562
3168 3298
3168 3779
3168 3851
3168 3952
3169 3352
3170 3841
3171 3315
3172 3968
3174 3789
3175 3731
3176 3326
3176 3451
3176 3820
3177 3237
3179 3970
3180 3620
3181 3958
3182 3516
3182 3538
3182 3722
3182 3882
3183 3435
3183 3447
3183 3497
3184 3928
3191 3914
3192 3659
3193 3649
3194 3492
3194 3880
3195 3956
3197 3386
3197 3515
3197 3867
3199 3396
3200 3472
3201 3566
3201 3773
3201 3809
3205 3219
3207 3592
3208 3735
3209 3382
3210 3794
3213 3628
3214 3236
3215 3451
3215 3842
3216 3387
3216 3510
3216 3624
3217 3590
3220 3290
3221 3468
3222 3743
3222 3810
3226 3637
3227 3795
3232 3301
3233 3468
3235 3583
3235 3774
3237 3810
3240 3803
3240 3961
3241 3466
3241 3888
3243 3388
3244 3430
3244 3438
3244 3494
3244 3678
3244 3770
3244 3837
3245 3825
3247 3706
3248 3392
3248 3920
3249 3348
3251 3500
3251 3823
3255 3899
3256 3320
3256 3640
3257 3800
3262 3786
3263 3334
3263 3823
3264 3989
3266 3379
3266 3715
3267 3405
3274 3311
3274 3448
3277 3720
3277 3845
3277 3942
3278 3578
3282 3537
3284 3569
3286 3876
3288 3588
3288 3669
3289 3714
3290 3616
3292 3535
3294 3450
3296 3450
3296 3616
3297 3887
3298 3583
3300 3559
3300 3627
3301 3430
3301 3485
3304 3315
3304 3604
3306 3601
3306 3667
3308 3552
3308 3911
3313 3542
3315 3782
3316 3426
3316 3544
3317 3338
3318 3529
3320 3593
3322 3643
3322 3775
3324 3744
3325 3819
3328 3515
3330 3410
3330 3887
3331 3656
3333 3352
3335 3338
3336 3808
3337 3644
3337 3795
3338 3931
3344 3877
3345 3361
3346 3372
3346 3856
3347 3472
3349 3970
3352 3831
3352 3915
3353 3531
3355 3465
3355 3628
3356 3451
3356 3991
3357 3609
3357 3829
3357 3860
3357 3932
3358 3731
3358 3937
3361 3385
3361 3554
3362 3417
3362 3452
3363 3540
3366 3756
3371 3391
3371 3500
3371 3709
3372 3742
3372 3865
3375 3407
3376 3633
3377 3758
3378 3802
3379 3752
3381 3459
3381 3575
3383 3753
3384 3883
3386 3607
3393 3878
3393 3995
3396 3855
3397 3482
3397 3712
3397 3942
3399 3488
3403 3570
3403 3711
3406 3567
3409 3889
3409 3976
3410 3694
3410 3941
3418 3808
3419 3473
3419 3830
3423 3577
3424 3825
3426 3747
3427 3678
3427 3948
3432 3974
3433 3595
3433 3656
3434 3441
3435 3507
3437 3550
3442 3516
3444 3800
3445 3705
3447 3517
3448 3476
3448 3510
3448 3637
3449 3518
3449 3774
3450 3566
3450 3846
3452 3470
3452 3536
3453 3735
3456 3722
3456 3897
3459 3658
3459 3788
3459 3816
3461 3986
3462 3803
3465 3938
3468 3587
3477 3631
3478 3709
3478 3858
3479 3932
3479 3934
3485 3531
3485 3981
3486 3592
3488 3695
3491 3938
3499 3926
3500 3917
3505 3865
3509 3639
3511 3956
3512 3747
3512 3810
3514 3632
3516 3785
3517 3786
3518 3824
3519 3692
3520 3579
3520 3853
3521 3765
3522 3861
3523 3807
3526 3755
3530 3937
3531 3584
3533 3686
3534 3770
3535 3627
3539 3788
3539 3985
3540 3842
3544 3954
3546 3630
3550 3862
3552 3781
3553 3839
3557 3944
3562 3635
3562 3772
3563 3740
3567 3746
3567 3863
3567 3896
3567 3959
3569 3941
3570 3826
3570 3939
3572 3865
3573 3845
3575 3911
3578 3618
3578 3675
3579 3658
3579 3662
3582 3603
3584 3773
3584 3836
3585 3614
3586 3656
3586 3948
3586 3973
3588 3790
3588 3932
3588 3991
3589 3983
3590 3979
3594 3721
3595 3999
3599 3660
3613 3741
3614 3802
3615 3736
3618 3831
3619 3638
3620 3700
3624 3680
3626 3963
3629 3751
3635 3670
3637 3765
3637 3944
3642 3752
3643 3754
3644 3896
3645 3902
3648 3889
3649 3822
3663 3872
3665 3984
3668 3679
3671 3761
3672 3822
3675 3765
3675 3975
3678 3814
3681 3888
3688 3804
3692 3904
3693 3725
3698 3907
3700 3970
3701 3801
3707 3845
3707 3907
3709 3812
3709 3979
3713 3718
3713 3992
3715 3933
3716 3846
3719 3964
3721 3762
3724 3833
3724 3938
3726 3754
3726 3916
3729 3827
3738 3980
3740 3840
3745 3942
3747 3963
3749 3892
3763 3940
3764 3765
3769 3986
3772 3827
3790 3999
3795 3839
3799 3863
3801 3992
3814 3843
3824 3871
3827 3894
3836 3923
3841 3864
3850 3899
3859 3988
3866 3939
3875 3914
3889 3932
3893 3898
3930 3967
3946 3964
3957 3994
3958 3962
3978 3980
