0 1
2 3
4 5
5 6
5 29
7 8
7 31
8 9
8 32
9 10
12 13
13 14
14 15
14 38
15 16
15 39
16 40
17 41
18 19
18 42
19 20
19 43
20 21
22 23
24 25
24 48
25 49
26 27
26 50
27 28
27 51
28 29
28 52
29 53
30 31
32 33
35 36
35 59
36 37
36 60
37 38
38 62
39 63
40 41
40 64
41 65
42 66
43 67
44 45
45 46
45 69
47 71
48 49
48 72
49 73
50 51
51 52
52 53
52 76
54 55
55 56
56 57
56 80
57 81
60 84
61 62
61 85
62 86
63 87
64 88
67 68
67 91
70 71
70 94
73 97
75 99
76 77
76 100
77 78
77 101
78 102
80 81
80 104
81 105
82 106
83 84
84 108
85 86
85 109
86 110
87 111
88 89
90 114
91 115
92 93
92 116
93 117
94 95
94 118
96 97
98 99
98 122
99 100
99 123
100 101
100 124
101 102
102 126
105 106
107 108
108 109
108 132
109 110
109 133
110 111
110 134
111 112
111 135
113 114
113 137
114 138
115 116
116 140
117 141
118 119
118 142
121 122
121 145
122 123
122 146
123 147
126 150
127 128
127 151
128 129
128 152
129 130
129 153
131 155
132 133
132 156
133 134
133 157
134 135
135 159
136 160
137 138
137 161
138 139
140 164
141 142
142 166
143 167
144 168
146 147
146 170
147 148
148 149
149 173
152 153
153 154
155 156
156 157
157 181
158 182
159 183
160 161
161 162
161 185
162 163
162 186
163 164
164 165
166 167
166 190
167 191
169 170
170 171
170 194
171 195
173 174
174 175
175 199
176 177
177 178
178 202
179 180
180 181
181 205
182 206
183 207
184 208
185 186
185 209
186 210
187 188
188 189
189 190
189 213
190 214
191 215
192 193
192 216
193 194
194 195
195 196
195 219
196 220
197 198
197 221
198 199
198 222
200 201
200 224
201 202
201 225
202 203
202 226
203 204
204 205
204 228
205 206
205 229
206 207
206 230
207 231
208 209
208 232
209 210
209 233
210 234
211 235
212 213
212 236
213 214
213 237
215 239
216 240
217 218
217 241
218 219
219 220
219 243
220 221
221 245
222 223
223 247
225 226
225 249
226 227
226 250
227 228
227 251
228 229
229 230
229 253
230 231
231 232
231 255
232 233
233 234
233 257
234 258
235 236
235 259
237 238
238 239
238 262
239 263
240 241
242 243
242 266
243 244
244 245
245 246
245 269
246 247
247 248
247 271
248 249
248 272
249 273
250 251
250 274
251 252
251 275
252 253
252 276
253 254
253 277
255 256
255 279
256 280
258 282
259 260
259 283
261 262
261 285
262 263
263 287
265 266
266 267
266 290
268 269
268 292
270 271
270 294
271 295
272 273
273 274
273 297
274 275
274 298
275 276
276 300
277 278
278 302
279 303
280 281
281 282
281 305
283 284
284 308
285 286
285 309
286 310
287 311
288 312
289 290
289 313
291 292
293 294
293 317
294 318
295 296
296 297
296 320
297 321
298 299
299 300
299 323
300 301
300 324
301 302
301 325
302 303
303 327
304 305
304 328
305 306
305 329
306 307
308 309
309 333
311 335
312 336
313 337
315 316
316 317
317 318
318 319
318 342
319 320
321 322
321 345
322 323
322 346
323 347
324 348
325 326
326 350
327 328
328 329
328 352
329 330
329 353
331 332
332 356
333 357
334 335
335 359
337 338
337 361
338 339
338 362
339 340
340 341
341 342
342 343
342 366
343 344
343 367
344 345
345 346
345 369
346 347
346 370
347 348
347 371
349 350
350 351
351 352
351 375
352 353
352 376
353 354
353 377
355 379
356 357
357 358
357 381
358 359
359 383
360 384
361 362
361 385
362 363
362 386
363 387
364 388
365 389
366 367
366 390
367 368
367 391
368 369
370 371
371 395
372 373
372 396
373 374
373 397
374 398
375 376
375 399
376 377
377 378
377 401
378 379
379 380
379 403
381 405
382 383
383 407
384 385
384 408
385 386
385 409
386 410
387 388
387 411
388 389
388 412
389 390
390 414
391 392
391 415
392 416
393 394
394 418
395 396
395 419
396 420
397 421
398 422
399 400
399 423
400 401
400 424
401 425
402 403
402 426
403 404
404 405
405 429
406 407
408 432
409 410
409 433
410 434
411 412
412 413
412 436
413 414
413 437
414 415
414 438
415 416
415 439
416 417
416 440
418 419
419 420
419 443
420 421
421 422
421 445
422 423
422 446
423 424
424 448
426 427
427 428
428 452
429 430
430 431
430 454
433 434
434 435
434 458
435 436
436 437
436 460
437 438
437 461
438 439
438 462
440 464
442 443
442 466
443 444
443 467
445 446
445 469
446 447
446 470
447 448
449 473
450 451
450 474
451 452
452 453
452 476
453 454
454 455
456 480
457 481
458 459
458 482
460 461
460 484
461 462
463 464
463 487
464 465
465 466
466 467
467 468
467 491
468 469
468 492
469 470
470 494
471 472
472 473
472 496
473 474
476 477
476 500
477 478
477 501
480 481
480 504
482 483
482 506
483 484
485 486
487 488
487 511
488 489
488 512
489 513
490 514
491 492
491 515
492 493
492 516
493 517
494 495
496 497
496 520
497 498
497 521
498 522
499 500
499 523
500 501
501 525
502 503
502 526
503 527
504 505
504 528
505 506
506 507
507 531
508 509
508 532
509 533
510 534
511 512
511 535
512 536
515 516
516 517
517 541
518 519
518 542
519 520
519 543
520 544
521 545
522 523
522 546
523 524
524 548
525 526
525 549
526 527
526 550
527 551
528 529
530 531
531 555
532 533
533 534
534 558
535 536
535 559
536 537
536 560
537 538
537 561
538 562
539 540
539 563
540 541
540 564
542 566
543 544
543 567
544 568
545 569
547 548
547 571
548 549
548 572
550 551
551 575
552 553
553 554
555 556
557 558
558 559
559 560
561 562
563 564
565 566
568 569
569 570
570 571
572 573
574 575
