0 1
0 2
0 3
0 4
0 10
0 12
0 14
0 17
0 19
0 31
0 33
0 34
0 39
0 52
0 60
0 64
0 69
0 71
0 77
0 80
0 82
0 85
0 104
0 107
0 108
0 109
0 114
0 117
0 118
0 120
0 123
0 125
0 158
0 161
0 165
0 178
0 182
0 183
0 191
0 210
0 212
0 225
0 228
0 235
0 252
0 253
0 262
0 266
0 271
0 272
0 278
0 286
0 291
0 292
0 310
0 313
0 315
0 319
0 320
0 329
0 351
0 355
0 358
0 367
0 383
0 414
0 427
0 432
0 441
0 449
0 460
0 467
0 472
0 482
0 491
0 504
0 512
0 522
0 526
0 539
0 549
0 559
0 561
0 574
0 580
0 595
0 598
0 605
0 618
0 619
0 624
0 668
0 673
0 684
0 685
0 708
0 720
0 737
0 739
0 743
0 747
0 751
0 758
0 760
0 761
0 780
0 785
0 833
0 835
0 846
0 851
0 859
0 872
0 874
0 879
0 884
0 890
0 892
0 896
0 904
0 905
0 913
0 915
0 916
0 927
0 941
0 943
0 946
0 947
0 955
0 974
0 992
0 995
0 999
0 1019
0 1020
0 1022
0 1044
0 1049
0 1066
0 1067
0 1069
0 1070
0 1072
0 1090
0 1091
0 1092
0 1107
0 1111
0 1114
0 1145
0 1148
0 1166
0 1170
0 1195
0 1215
0 1243
0 1253
0 1286
0 1293
0 1322
0 1327
0 1329
0 1331
0 1385
0 1415
0 1416
0 1419
0 1427
0 1432
0 1433
0 1435
0 1445
0 1463
0 1479
0 1486
0 1488
0 1510
0 1563
0 1567
0 1568
0 1576
0 1583
0 1589
0 1599
0 1616
0 1647
0 1662
0 1699
0 1721
0 1736
0 1763
0 1787
0 1800
0 1807
0 1844
0 1848
0 1859
0 1867
0 1894
0 1907
0 1908
0 1934
0 1936
1 2
1 3
1 4
1 5
1 6
1 8
1 10
1 13
1 14
1 15
1 16
1 17
1 20
1 25
1 29
1 31
1 36
1 37
1 39
1 41
1 43
1 44
1 46
1 51
1 52
1 53
1 57
1 58
1 60
1 65
1 67
1 74
1 84
1 85
1 86
1 88
1 97
1 100
1 101
1 102
1 105
1 115
1 116
1 117
1 120
1 121
1 126
1 129
1 131
1 133
1 135
1 136
1 141
1 150
1 154
1 155
1 161
1 162
1 165
1 169
1 171
1 172
1 173
1 175
1 176
1 183
1 185
1 188
1 193
1 203
1 207
1 211
1 216
1 221
1 223
1 228
1 229
1 233
1 241
1 246
1 249
1 258
1 260
1 264
1 268
1 273
1 280
1 281
1 284
1 287
1 309
1 327
1 328
1 334
1 335
1 336
1 337
1 338
1 342
1 350
1 354
1 368
1 373
1 384
1 397
1 398
1 407
1 408
1 409
1 419
1 428
1 437
1 462
1 482
1 489
1 507
1 511
1 515
1 535
1 536
1 548
1 565
1 571
1 572
1 576
1 578
1 590
1 593
1 602
1 606
1 631
1 634
1 637
1 638
1 642
1 643
1 650
1 660
1 686
1 691
1 692
1 696
1 700
1 702
1 704
1 718
1 725
1 727
1 734
1 735
1 736
1 738
1 739
1 740
1 741
1 743
1 746
1 749
1 759
1 769
1 805
1 833
1 840
1 848
1 865
1 885
1 889
1 891
1 903
1 914
1 919
1 921
1 941
1 947
1 970
1 972
1 983
1 985
1 1011
1 1019
1 1020
1 1022
1 1023
1 1026
1 1041
1 1052
1 1071
1 1073
1 1074
1 1097
1 1105
1 1121
1 1124
1 1140
1 1154
1 1155
1 1172
1 1173
1 1198
1 1206
1 1208
1 1216
1 1223
1 1225
1 1226
1 1239
1 1259
1 1263
1 1272
1 1275
1 1284
1 1292
1 1294
1 1296
1 1316
1 1326
1 1330
1 1342
1 1348
1 1354
1 1381
1 1383
1 1387
1 1388
1 1398
1 1407
1 1411
1 1422
1 1424
1 1430
1 1432
1 1454
1 1480
1 1483
1 1492
1 1511
1 1512
1 1520
1 1524
1 1531
1 1539
1 1546
1 1556
1 1579
1 1586
1 1587
1 1602
1 1606
1 1612
1 1614
1 1615
1 1627
1 1628
1 1645
1 1649
1 1667
1 1679
1 1698
1 1702
1 1710
1 1728
1 1731
1 1740
1 1763
1 1764
1 1776
1 1781
1 1789
1 1796
1 1823
1 1824
1 1830
1 1834
1 1839
1 1851
1 1856
1 1882
1 1887
1 1900
1 1904
1 1918
1 1921
1 1922
1 1963
1 1970
1 1972
1 1985
1 1990
1 1999
3 6
3 7
3 9
3 11
3 15
3 18
3 19
3 21
3 22
3 32
3 36
3 49
3 66
3 75
3 87
3 90
3 91
3 93
3 105
3 124
3 129
3 132
3 145
3 150
3 160
3 167
3 179
3 180
3 188
3 205
3 213
3 244
3 269
3 275
3 288
3 293
3 299
3 300
3 310
3 313
3 315
3 347
3 353
3 368
3 369
3 372
3 387
3 390
3 394
3 405
3 416
3 436
3 464
3 466
3 476
3 477
3 497
3 506
3 568
3 589
3 597
3 620
3 626
3 646
3 651
3 664
3 668
3 672
3 676
3 677
3 694
3 706
3 709
3 722
3 786
3 787
3 801
3 814
3 856
3 864
3 871
3 887
3 901
3 998
3 1006
3 1028
3 1040
3 1043
3 1051
3 1056
3 1069
3 1083
3 1126
3 1139
3 1174
3 1185
3 1202
3 1207
3 1217
3 1302
3 1323
3 1334
3 1344
3 1391
3 1392
3 1405
3 1410
3 1434
3 1449
3 1451
3 1453
3 1459
3 1468
3 1475
3 1504
3 1550
3 1664
3 1680
3 1684
3 1689
3 1693
3 1710
3 1711
3 1720
3 1729
3 1741
3 1785
3 1802
3 1840
3 1872
3 1898
3 1927
3 1930
3 1957
3 1962
4 5
4 11
4 12
4 24
4 35
4 40
4 51
4 59
4 73
4 89
4 90
4 92
4 106
4 146
4 170
4 199
4 207
4 245
4 250
4 267
4 285
4 290
4 301
4 302
4 306
4 352
4 387
4 404
4 427
4 434
4 449
4 470
4 483
4 515
4 522
4 534
4 538
4 541
4 586
4 628
4 636
4 672
4 679
4 695
4 710
4 726
4 773
4 810
4 812
4 834
4 875
4 879
4 881
4 912
4 916
4 927
4 930
4 950
4 963
4 992
4 1043
4 1073
4 1089
4 1095
4 1112
4 1123
4 1158
4 1164
4 1179
4 1193
4 1205
4 1223
4 1249
4 1303
4 1309
4 1322
4 1445
4 1471
4 1475
4 1507
4 1516
4 1597
4 1607
4 1628
4 1632
4 1648
4 1651
4 1655
4 1661
4 1666
4 1670
4 1685
4 1752
4 1803
4 1897
4 1926
5 38
5 53
5 56
5 61
5 70
5 156
5 172
5 194
5 199
5 208
5 236
5 325
5 346
5 380
5 400
5 454
5 488
5 492
5 516
5 602
5 687
5 799
5 801
5 841
5 868
5 913
5 915
5 967
5 971
5 1080
5 1137
5 1184
5 1233
5 1240
5 1313
5 1331
5 1455
5 1458
5 1514
5 1672
5 1705
5 1714
5 1841
5 1976
5 1995
6 7
6 8
6 13
6 18
6 28
6 30
6 45
6 46
6 47
6 96
6 99
6 101
6 108
6 127
6 144
6 190
6 202
6 209
6 220
6 240
6 266
6 302
6 344
6 363
6 365
6 378
6 416
6 459
6 470
6 487
6 497
6 523
6 538
6 545
6 580
6 597
6 659
6 722
6 725
6 763
6 777
6 814
6 846
6 865
6 869
6 880
6 888
6 906
6 948
6 949
6 1012
6 1115
6 1161
6 1224
6 1247
6 1323
6 1341
6 1349
6 1358
6 1377
6 1385
6 1401
6 1429
6 1447
6 1449
6 1509
6 1543
6 1674
6 1687
6 1691
6 1718
6 1751
6 1765
6 1783
6 1817
6 1840
6 1885
6 1912
6 1954
6 1968
7 27
7 63
7 71
7 455
7 790
7 1015
7 1094
7 1314
7 1565
7 1742
7 1915
7 1988
8 9
8 44
8 112
8 148
8 170
8 191
8 231
8 340
8 353
8 433
8 444
8 574
8 697
8 936
8 1004
8 1012
8 1049
8 1086
8 1100
8 1146
8 1209
8 1210
8 1258
8 1654
8 1722
8 1769
8 1841
8 1885
8 1935
8 1947
8 1959
9 37
9 42
9 49
9 128
9 143
9 212
9 360
9 442
9 584
9 682
9 758
9 925
9 1182
9 1318
9 1324
9 1364
9 1433
9 1569
9 1630
9 1659
9 1667
9 1943
10 119
10 348
10 1499
11 163
12 16
12 22
12 23
12 68
12 72
12 79
12 86
12 99
12 106
12 133
12 138
12 140
12 171
12 185
12 187
12 198
12 201
12 205
12 285
12 357
12 371
12 381
12 437
12 446
12 473
12 509
12 529
12 569
12 591
12 609
12 614
12 687
12 700
12 712
12 714
12 771
12 832
12 911
12 934
12 965
12 997
12 1010
12 1028
12 1057
12 1145
12 1192
12 1254
12 1279
12 1355
12 1403
12 1444
12 1456
12 1477
12 1526
12 1552
12 1561
12 1562
12 1657
12 1778
12 1817
12 1843
12 1889
12 1896
12 1926
12 1958
13 21
13 45
13 121
13 221
13 244
13 248
13 273
13 373
13 377
13 398
13 417
13 663
13 755
13 776
13 892
13 991
13 1296
13 1319
13 1360
13 1426
13 1440
13 1503
13 1599
13 1651
13 1753
13 1762
13 1791
13 1905
13 1916
13 1927
13 1933
14 521
14 855
14 1233
14 1542
15 20
15 27
15 28
15 47
15 57
15 189
15 194
15 206
15 291
15 321
15 325
15 343
15 443
15 551
15 598
15 630
15 633
15 712
15 745
15 762
15 783
15 861
15 883
15 945
15 1031
15 1085
15 1169
15 1231
15 1238
15 1336
15 1401
15 1406
15 1417
15 1521
15 1582
15 1607
15 1866
15 1883
16 26
16 35
16 40
16 66
16 104
16 115
16 122
16 127
16 131
16 160
16 251
16 258
16 383
16 413
16 420
16 438
16 453
16 480
16 505
16 506
16 525
16 600
16 709
16 779
16 962
16 984
16 1002
16 1143
16 1163
16 1439
16 1609
16 1615
16 1652
16 1709
16 1725
16 1836
16 1935
16 1946
16 1982
17 23
17 26
17 32
17 33
17 50
17 59
17 62
17 64
17 67
17 69
17 76
17 77
17 87
17 109
17 124
17 130
17 222
17 257
17 268
17 282
17 296
17 312
17 340
17 367
17 382
17 411
17 463
17 468
17 498
17 521
17 530
17 541
17 573
17 584
17 592
17 604
17 612
17 615
17 693
17 711
17 727
17 738
17 765
17 773
17 783
17 800
17 807
17 813
17 828
17 838
17 902
17 928
17 931
17 939
17 957
17 983
17 988
17 991
17 1017
17 1026
17 1041
17 1167
17 1183
17 1207
17 1300
17 1315
17 1339
17 1351
17 1416
17 1428
17 1515
17 1547
17 1626
17 1648
17 1652
17 1660
17 1680
17 1682
17 1693
17 1701
17 1703
17 1741
17 1780
17 1808
17 1812
17 1816
17 1860
17 1871
17 1891
17 1892
17 1908
17 1913
17 1941
17 1945
17 1964
18 54
18 94
18 262
18 390
18 481
18 670
18 754
18 904
18 956
18 1018
18 1325
18 1810
18 1977
18 1983
19 164
19 245
19 286
19 465
19 481
19 514
19 531
19 665
19 766
19 778
19 827
19 1203
19 1572
19 1643
20 391
20 566
20 997
20 1707
21 29
21 43
21 61
21 68
21 89
21 96
21 132
21 197
21 220
21 296
21 309
21 359
21 426
21 430
21 473
21 577
21 615
21 640
21 724
21 774
21 815
21 822
21 854
21 877
21 993
21 1008
21 1127
21 1224
21 1234
21 1271
21 1418
21 1442
21 1513
21 1561
21 1791
21 1808
21 1822
22 25
22 48
22 147
22 179
22 217
22 287
22 311
22 476
22 558
22 592
22 791
22 825
22 933
22 971
22 1006
22 1185
22 1981
23 24
23 54
23 329
23 463
23 623
23 656
23 678
23 809
23 822
23 1147
23 1173
23 1341
23 1435
23 1638
23 1646
23 1722
23 1837
24 318
24 1523
25 193
25 217
25 234
25 695
25 715
25 893
25 935
25 959
25 1005
25 1153
25 1534
25 1703
25 1802
25 1873
25 1948
26 277
26 467
26 780
26 829
26 921
26 1373
26 1735
27 1748
28 30
28 95
28 111
28 166
28 169
28 255
28 376
28 810
28 836
28 930
28 1058
28 1138
28 1276
28 1627
28 1866
29 41
29 50
29 78
29 234
29 240
29 377
29 523
29 551
29 880
29 970
29 1075
29 1413
30 81
30 151
30 153
30 209
30 224
30 267
30 323
30 324
30 369
30 520
30 552
30 590
30 665
30 750
30 853
30 861
30 878
30 936
30 973
30 1036
30 1037
30 1067
30 1181
30 1186
30 1194
30 1218
30 1301
30 1397
30 1415
30 1431
30 1448
30 1507
30 1534
30 1562
30 1603
30 1623
30 1633
30 1650
30 1675
30 1847
30 1906
31 62
31 63
31 203
31 254
31 270
31 294
31 297
31 338
31 363
31 392
31 508
31 518
31 587
31 616
31 621
31 658
31 764
31 819
31 845
31 849
31 982
31 1011
31 1072
31 1082
31 1204
31 1275
31 1327
31 1332
31 1409
31 1437
31 1526
31 1553
31 1625
31 1644
31 1910
32 34
32 55
32 65
32 110
32 113
32 130
32 145
32 147
32 154
32 157
32 159
32 184
32 192
32 238
32 239
32 303
32 333
32 346
32 349
32 409
32 410
32 421
32 430
32 485
32 495
32 531
32 550
32 653
32 701
32 713
32 714
32 723
32 748
32 777
32 781
32 786
32 839
32 862
32 975
32 995
32 1001
32 1058
32 1084
32 1124
32 1133
32 1167
32 1188
32 1221
32 1242
32 1277
32 1280
32 1345
32 1362
32 1408
32 1486
32 1579
32 1585
32 1681
32 1740
32 1769
32 1770
32 1771
32 1825
32 1842
32 1911
32 1951
32 1981
33 38
33 42
33 73
33 83
33 110
33 118
33 125
33 128
33 137
33 139
33 143
33 152
33 173
33 186
33 196
33 197
33 201
33 204
33 206
33 222
33 242
33 256
33 265
33 275
33 295
33 299
33 316
33 322
33 328
33 350
33 380
33 406
33 438
33 477
33 488
33 489
33 517
33 573
33 601
33 611
33 637
33 647
33 651
33 654
33 661
33 662
33 674
33 689
33 716
33 733
33 749
33 782
33 826
33 841
33 895
33 920
33 926
33 940
33 960
33 1010
33 1013
33 1017
33 1025
33 1030
33 1040
33 1045
33 1086
33 1102
33 1142
33 1171
33 1177
33 1219
33 1248
33 1265
33 1266
33 1299
33 1365
33 1370
33 1393
33 1404
33 1421
33 1425
33 1512
33 1535
33 1543
33 1545
33 1578
33 1590
33 1604
33 1606
33 1708
33 1716
33 1743
33 1751
33 1780
33 1829
33 1862
33 1914
33 1978
34 181
34 811
34 1608
35 186
35 374
35 376
35 475
35 604
35 966
35 1608
38 92
38 151
38 155
38 243
38 385
38 582
38 796
38 1112
38 1525
38 1676
38 1862
39 79
39 98
39 135
39 136
39 137
39 237
39 242
39 259
39 326
39 327
39 344
39 364
39 424
39 469
39 493
39 499
39 501
39 544
39 607
39 655
39 679
39 766
39 827
39 876
39 906
39 1021
39 1047
39 1087
39 1175
39 1345
39 1371
39 1404
39 1517
39 1593
39 1809
39 1861
39 1931
40 95
40 196
40 232
40 1114
40 1264
40 1495
40 1870
41 354
41 1029
41 1070
41 1104
41 1490
42 56
42 107
42 226
42 305
42 379
42 478
42 499
42 734
42 1129
42 1320
42 1371
42 1462
42 1928
42 1942
43 55
43 153
43 204
43 239
43 249
43 300
43 320
43 358
43 455
43 540
43 572
43 587
43 620
43 650
43 657
43 736
43 922
43 964
43 1146
43 1152
43 1328
43 1346
43 1352
43 1498
43 1634
43 1670
43 1690
43 1794
44 168
44 326
44 1140
44 1250
44 1337
44 1781
45 400
45 401
45 483
45 886
45 888
45 1021
45 1374
45 1446
45 1637
46 74
46 81
46 103
47 48
47 98
47 140
47 152
47 158
47 475
47 490
47 678
47 721
47 958
47 1612
47 1734
47 1756
48 937
49 178
49 533
49 603
49 675
49 787
49 968
49 1003
49 1198
49 1358
49 1642
49 1813
49 1858
49 1879
51 58
51 530
52 134
53 93
53 257
53 1441
54 78
54 1637
54 1790
54 1886
55 213
55 1063
56 253
56 272
56 384
56 469
56 608
56 617
56 643
56 649
56 706
56 735
56 908
56 985
56 1136
56 1457
56 1485
56 1503
56 1595
56 1897
57 70
57 88
57 144
57 298
57 331
57 392
57 471
57 512
57 526
57 555
57 611
57 824
57 866
57 990
57 1008
57 1030
57 1033
57 1036
57 1126
57 1142
57 1565
57 1655
57 1724
57 1857
58 429
58 815
58 1677
58 1795
59 123
59 260
59 539
60 281
60 857
61 219
61 609
61 1673
61 1987
62 162
62 265
62 379
62 623
62 762
62 999
62 1251
63 166
63 1084
63 1236
63 1422
63 1450
63 1541
63 1549
63 1658
63 1752
64 491
64 1237
64 1271
64 1396
65 76
65 148
65 174
65 180
65 297
65 624
65 793
65 802
65 1593
65 1623
65 1687
66 75
66 116
66 119
66 219
66 235
66 277
66 280
66 294
66 381
66 389
66 411
66 425
66 553
66 554
66 585
66 591
66 640
66 663
66 664
66 703
66 741
66 808
66 837
66 897
66 928
66 979
66 1000
66 1045
66 1096
66 1111
66 1132
66 1134
66 1178
66 1267
66 1284
66 1397
66 1560
66 1636
66 1664
66 1916
66 1959
68 177
68 352
68 1228
68 1353
68 1497
68 1529
68 1576
68 1657
68 1758
68 1851
68 1984
69 290
69 887
69 923
69 1285
69 1877
70 72
70 100
70 218
70 321
70 451
70 460
70 532
70 588
70 828
70 1932
70 1954
71 141
71 374
71 471
71 509
71 737
71 937
72 82
72 450
72 636
72 1007
72 1356
72 1899
73 1481
75 91
75 174
75 276
75 282
75 318
75 334
75 355
75 391
75 408
75 439
75 502
75 617
75 628
75 934
75 978
75 1255
75 1302
75 1382
75 1597
75 1641
75 1686
75 1924
77 854
77 1216
77 1610
78 80
78 190
78 214
78 218
78 233
78 261
78 263
78 345
78 453
78 802
78 817
78 1000
78 1179
78 1297
78 1381
78 1464
78 1519
78 1587
78 1624
78 1635
78 1665
78 1671
78 1795
78 1834
79 84
79 176
79 330
79 351
79 472
79 546
79 589
79 750
79 812
79 917
79 973
79 1270
79 1363
79 1456
79 1478
79 1766
79 1929
80 83
80 97
80 397
80 505
80 520
80 819
80 843
80 932
80 979
80 1027
80 1107
80 1166
80 1321
80 1326
80 1542
80 1611
80 1805
80 1875
81 532
81 635
81 1204
81 1246
81 1523
81 1848
81 1884
82 256
82 644
82 1099
82 1144
82 1469
82 1739
82 1952
83 181
83 208
83 270
83 317
83 319
83 671
83 719
83 1375
83 1965
85 1470
86 94
86 289
86 301
86 440
86 456
86 479
86 493
86 552
86 556
86 568
86 634
86 740
86 767
86 873
86 883
86 898
86 910
86 955
86 1063
86 1190
86 1191
86 1316
86 1329
86 1355
86 1368
86 1446
86 1766
86 1850
87 175
87 237
87 314
87 339
87 501
87 547
87 549
87 708
87 784
87 954
87 963
87 1375
87 1679
87 1720
87 1770
87 1821
88 938
89 102
90 114
90 322
90 897
91 542
91 1060
91 1206
93 139
93 156
93 167
93 553
93 713
93 842
94 1472
95 418
95 1181
95 1592
96 303
96 362
96 686
96 1149
96 1495
97 112
97 556
97 759
97 900
98 103
98 142
98 149
98 230
98 429
98 660
98 716
98 808
98 825
98 826
98 1057
98 1232
98 1305
98 1509
98 1689
98 1730
98 1973
99 1208
100 554
100 1473
100 1474
100 1490
100 1600
101 122
101 126
101 255
101 308
101 388
101 703
101 1346
101 1376
101 1555
101 1800
101 1948
102 113
102 402
102 458
102 1172
103 1387
104 149
104 403
104 799
104 830
104 850
104 1538
104 1632
104 1879
105 231
106 1967
107 138
107 858
107 1712
108 111
108 134
108 159
108 177
108 269
108 307
108 361
108 648
108 730
108 792
108 844
108 895
108 1087
108 1157
108 1411
108 1479
108 1574
108 1619
108 1760
109 504
109 761
109 768
109 1194
109 1493
110 142
110 311
110 362
110 577
110 610
110 626
110 717
110 863
110 1116
110 1160
110 1351
110 1806
111 271
111 279
111 1633
113 157
113 336
113 348
113 366
113 487
113 513
113 625
113 667
113 764
113 836
113 942
113 1035
113 1105
113 1500
113 1566
115 1727
116 907
116 1099
116 1272
117 1575
119 168
119 192
119 388
119 558
119 923
119 994
119 1159
119 1744
119 1788
119 1804
119 1837
119 1949
121 1109
121 1528
122 211
122 468
122 621
122 697
122 730
122 742
122 1108
122 1130
122 1911
123 146
123 210
123 215
123 278
123 372
123 404
123 464
123 466
123 479
123 528
123 562
123 600
123 622
123 657
123 670
123 798
123 890
123 912
123 968
123 975
123 987
123 1062
123 1357
123 1429
123 1604
123 1616
123 1621
123 1646
123 1671
123 1849
123 1877
123 1895
124 187
124 195
124 694
124 1338
125 459
125 645
125 924
125 1505
125 1527
125 1570
125 1668
125 1826
125 1859
125 1906
125 1933
126 238
126 304
126 308
126 412
126 619
126 653
126 704
126 867
127 395
127 731
127 896
129 566
129 616
129 917
129 1048
133 198
133 439
133 641
133 1106
133 1127
133 1613
133 1617
134 675
135 195
135 247
135 434
135 462
135 748
135 763
135 870
135 987
135 1005
135 1186
135 1225
135 1393
135 1611
135 1828
135 1945
136 200
136 951
137 605
137 1066
138 264
138 364
138 407
138 448
138 559
138 569
138 908
138 974
138 1098
138 1291
138 1498
138 1574
138 1653
138 1792
138 1984
139 508
139 564
139 565
139 629
139 631
139 1308
139 1917
141 1250
142 461
142 1025
143 163
143 613
143 755
143 1009
143 1091
143 1697
144 1244
146 375
146 718
146 768
146 982
146 1229
146 1264
146 1448
146 1891
146 1976
147 503
147 1871
148 337
148 486
148 581
148 642
148 788
148 961
148 1227
148 1757
148 1920
148 1987
148 1998
149 444
149 684
149 1868
149 1969
151 323
151 447
151 649
151 1796
153 403
153 448
153 673
153 688
153 785
153 844
153 1003
153 1038
153 1481
153 1510
155 847
155 1257
155 1545
155 1547
155 1571
155 1757
156 200
156 254
156 361
156 669
156 1389
157 261
157 283
157 332
157 442
157 953
157 1013
157 1093
157 1097
157 1852
157 1974
158 184
158 456
158 728
158 772
158 824
158 977
158 1241
158 1819
158 1865
158 1934
158 1961
159 164
159 189
159 252
159 399
159 415
159 484
159 535
159 543
159 699
159 840
159 870
159 1162
159 1442
159 1533
159 1580
159 1754
160 382
160 1259
160 1605
160 1815
161 226
162 503
162 1042
163 431
163 1402
163 1581
164 230
164 781
164 1029
164 1110
164 1252
164 1499
164 1845
164 1944
165 474
167 775
167 882
167 1101
167 1464
167 1591
168 182
168 347
168 423
168 1094
168 1103
168 1176
168 1267
168 1939
169 214
169 259
169 345
169 1872
170 1758
171 537
171 1746
172 536
172 1994
174 216
174 732
174 1015
174 1350
174 1461
176 492
176 1567
178 581
178 918
178 1110
178 1890
178 1956
179 633
179 1772
180 1059
181 1128
182 570
182 1039
182 1874
183 295
184 279
184 357
184 443
184 454
184 658
184 830
184 952
184 1035
184 1230
184 1234
184 1367
184 1441
184 1595
184 1883
185 232
186 775
186 1843
189 229
189 314
189 402
189 632
189 878
189 956
189 1726
190 202
190 339
190 370
190 555
190 682
190 925
190 1004
190 1076
190 1544
190 1712
190 1812
190 1899
192 1962
193 243
193 1453
194 480
194 770
195 215
195 594
195 834
195 1096
195 1295
196 343
196 701
196 1333
196 1412
196 1457
196 1636
196 1707
197 635
197 1314
198 241
199 223
199 306
199 330
199 445
199 575
199 585
199 806
199 1439
199 1518
200 676
200 969
201 432
201 435
201 447
201 494
201 517
201 570
201 728
201 939
201 1281
202 1032
202 1353
203 496
203 1799
204 601
204 1394
206 961
206 1582
207 1014
207 1318
207 1810
207 1930
208 1494
209 292
209 772
209 1203
209 1902
210 360
210 431
210 500
210 1217
210 1724
211 683
212 225
212 393
212 962
212 1361
212 1620
212 1980
213 436
213 533
213 545
213 863
213 920
213 998
213 1151
214 227
214 567
214 1425
214 1650
216 490
216 753
216 909
216 986
216 1160
216 1174
216 1548
216 1589
216 1964
217 227
217 332
217 1135
217 1153
217 1261
217 1305
218 236
218 250
218 293
218 395
218 500
218 519
218 754
218 794
218 809
218 886
218 899
218 1055
218 1150
218 1255
218 1290
218 1514
218 1806
218 1835
218 1955
220 246
221 494
221 789
221 871
221 877
222 729
222 807
222 1156
222 1158
222 1369
222 1594
222 1779
223 224
223 251
223 289
223 474
225 688
225 1141
225 1310
226 283
226 513
226 527
226 659
226 751
226 1113
226 1863
226 1998
227 274
227 586
227 607
227 953
227 1081
227 1210
227 1279
227 1412
228 540
228 593
228 1343
228 1408
228 1746
229 793
229 1080
229 1688
229 1716
230 247
230 516
230 639
230 666
230 733
230 771
230 857
230 940
230 1138
230 1170
230 1175
230 1268
230 1573
230 1674
230 1754
230 1880
231 341
231 1395
231 1525
231 1821
232 428
233 389
234 386
234 1240
235 1301
235 1798
236 510
236 563
237 417
237 685
237 977
237 1178
237 1232
237 1732
238 681
238 723
238 1189
238 1742
239 284
239 335
239 594
239 652
239 778
239 794
239 805
239 1370
239 1925
239 1975
242 263
242 1280
242 1588
242 1823
243 1910
244 248
244 980
244 1141
244 1563
246 485
247 564
248 1555
249 359
249 583
249 648
249 674
249 795
249 901
249 1090
249 1103
252 789
252 1771
253 550
253 562
253 798
253 1125
253 1165
254 276
254 356
254 667
254 1054
255 307
255 575
255 625
255 926
255 1042
255 1214
255 1238
255 1672
256 274
256 835
256 954
256 1062
256 1640
256 1683
257 450
257 698
257 1364
257 1622
259 410
259 422
259 690
259 1704
259 1893
260 304
260 445
260 705
260 1239
260 1695
261 441
261 1953
262 465
262 1631
262 1669
263 1031
263 1317
263 1575
264 496
264 1461
264 1569
264 1789
265 1122
266 627
267 614
267 1690
269 519
270 514
270 710
270 760
270 1438
270 1778
270 1895
272 341
272 656
272 707
272 1077
272 1332
273 1312
273 1999
274 457
274 909
274 1731
274 1833
276 451
277 1295
278 288
278 342
278 365
278 842
278 1601
279 669
280 1308
281 1783
281 1898
282 312
283 560
283 957
283 1476
283 1559
283 1986
285 298
285 333
285 375
285 426
285 765
285 856
285 931
285 1071
285 1531
285 1568
285 1592
285 1836
285 1920
286 782
286 994
287 1485
287 1852
288 1564
289 305
289 316
289 331
289 371
289 401
289 478
289 528
289 843
289 1075
289 1130
289 1187
289 1500
289 1639
290 1696
291 1291
292 424
293 680
293 860
297 1289
298 423
298 599
298 742
298 981
298 1591
298 1603
298 1901
299 421
299 800
299 935
299 1001
299 1051
299 1300
299 1515
299 1709
300 419
300 876
300 933
300 1219
300 1293
301 324
301 796
301 1274
302 317
303 788
304 1177
305 405
305 510
305 984
306 378
306 1306
306 1919
307 1079
308 1024
308 1829
309 435
309 547
309 1095
309 1558
310 356
311 420
311 461
311 1016
311 1048
311 1388
312 647
312 784
312 1319
312 1730
312 1988
313 989
315 571
315 1350
315 1369
315 1384
315 1532
315 1699
315 1755
315 1864
315 1892
316 721
316 1491
317 683
317 797
320 976
320 1374
321 638
321 757
321 889
321 1273
321 1476
321 1613
321 1695
321 1759
322 705
322 853
322 946
322 1824
323 747
323 1776
323 1813
324 603
324 1535
324 1782
325 385
325 831
326 498
326 848
326 1403
327 1708
328 502
328 561
328 899
328 1276
328 1551
328 1737
328 1762
328 1772
328 1850
331 1060
331 1088
333 422
333 1082
333 1625
334 396
334 1244
334 1777
335 1144
336 452
336 484
336 770
336 891
336 948
336 1266
336 1386
336 1811
338 919
338 1270
338 1409
338 1861
339 1455
340 396
340 1577
340 1747
343 399
343 418
343 717
343 1214
343 1306
344 349
344 945
344 1297
345 386
345 413
345 1129
345 1704
345 1809
346 366
347 1024
347 1342
348 578
348 837
348 990
348 1014
348 1550
348 1718
348 1966
350 415
350 440
350 613
350 696
350 988
350 1552
350 1915
350 1986
352 1344
353 967
353 1054
353 1640
353 1870
354 691
354 821
354 859
354 1131
355 370
355 507
355 832
355 858
355 1121
355 1315
355 1347
355 1399
355 1659
355 1701
358 406
358 412
358 495
358 529
358 1261
358 1335
359 724
361 393
362 557
362 689
362 1440
362 1484
362 1620
362 1775
365 864
365 1133
365 1136
365 1750
365 1826
366 629
366 1263
366 1719
367 893
367 1639
368 744
368 851
368 1117
369 596
369 938
370 978
371 1790
374 394
374 1252
375 560
375 1383
378 599
378 1050
378 1213
379 1995
380 1638
382 557
382 1418
382 1647
383 632
383 790
383 902
383 1135
383 1459
383 1713
385 518
385 698
385 1161
385 1643
387 1367
389 1123
389 1149
389 1249
389 1774
389 1951
394 818
394 1088
394 1201
394 1929
395 433
395 860
395 1050
396 534
396 546
396 588
396 1009
396 1033
396 1389
397 1715
398 627
398 661
398 1032
398 1299
398 1368
398 1735
399 425
399 1309
402 1120
403 1855
404 486
404 1083
404 1465
405 1197
407 1317
407 1698
409 548
409 646
409 1237
409 1325
409 1452
409 1807
410 1828
410 1831
411 414
411 452
411 524
411 662
411 1356
411 1478
412 1939
413 744
413 980
414 579
414 630
415 1285
416 1379
417 1053
420 707
420 1663
421 1683
422 1540
422 1609
423 1452
427 655
427 702
427 818
427 1994
428 458
429 1420
431 791
432 1034
432 1159
433 1492
434 457
436 644
438 944
441 446
441 567
441 817
441 910
441 1068
441 1116
441 1164
441 1630
441 1878
441 1931
442 524
442 543
443 882
446 752
446 1347
447 1056
447 1590
450 1190
450 1399
453 1199
454 563
454 875
454 1256
454 1361
454 1728
455 608
455 1257
456 1118
458 1211
458 1469
458 1656
458 1765
459 641
459 1039
459 1527
459 1711
460 542
461 693
462 1085
463 732
463 1098
463 1139
463 1154
463 1218
463 1289
463 1292
463 1961
463 1989
464 1100
466 1678
468 612
468 1168
468 1508
471 1676
472 595
472 918
474 711
474 753
474 850
474 1343
474 1685
478 847
478 1221
478 1971
480 1187
481 511
482 1106
482 1212
483 582
485 1201
485 1298
486 1118
489 767
490 1875
491 862
491 1307
491 1838
493 606
493 898
494 1222
499 1220
501 1253
502 622
502 731
502 804
502 943
502 1260
502 1262
502 1414
506 525
506 527
506 652
506 829
506 929
506 1137
506 1184
506 1529
506 1973
508 579
508 1148
508 1340
508 1745
508 1860
509 929
509 1366
510 666
510 1684
510 1903
511 537
511 774
511 779
511 881
511 1092
511 1618
512 1472
514 1093
514 1182
514 1842
519 583
519 618
519 1675
520 544
520 795
520 852
520 869
520 1274
522 1046
522 1376
522 1923
530 1682
531 1560
531 1624
532 596
532 996
532 1482
532 1705
532 1833
536 610
536 1321
536 1622
537 1101
537 1362
538 1715
538 1950
540 1736
540 1881
541 1451
541 1522
541 1669
542 699
542 756
542 1047
542 1081
546 1016
546 1108
546 1128
546 1460
547 803
547 1792
547 1816
551 1044
551 1155
551 1258
554 1180
554 1294
555 671
555 769
555 821
555 855
555 1497
556 645
556 1078
556 1794
557 958
558 681
559 1487
559 1938
562 654
562 1038
562 1489
562 1551
567 1956
570 1303
572 752
572 993
573 1311
573 1798
573 1846
574 576
576 1573
579 1018
579 1991
580 1394
582 1820
583 690
583 715
583 972
583 1243
583 1419
583 1588
583 1713
583 1732
584 951
585 1229
585 1360
585 1444
588 1450
588 1777
588 1803
589 1782
593 1557
595 1838
597 1844
598 677
598 1614
599 1581
600 639
600 792
602 719
602 989
602 1278
602 1424
603 1508
604 914
606 903
606 1960
607 1215
607 1454
607 1814
611 1286
611 1943
613 1109
615 1119
617 1958
618 757
618 911
618 1104
620 745
620 1027
629 726
629 1290
629 1465
630 1089
630 1572
630 1965
636 1220
637 729
637 776
637 1501
638 867
639 845
639 1002
639 1245
642 1919
643 873
646 680
652 1426
653 806
653 811
656 820
656 1202
656 1767
656 1888
658 1304
663 1281
663 1991
664 1171
664 1517
667 839
669 952
671 1034
673 1023
676 804
677 1242
677 1666
677 1764
678 692
678 1876
678 1970
679 1380
679 1494
682 1246
682 1596
682 1661
684 1068
686 1119
688 868
688 1867
690 1396
690 1874
690 1997
691 966
692 797
692 823
696 1420
698 1336
698 1631
698 1953
702 720
705 960
709 1738
711 1197
714 746
714 1462
714 1634
715 874
715 1558
716 922
716 1447
722 1055
724 1230
724 1269
724 1434
724 1463
724 1467
724 1805
724 1966
725 1521
725 1733
726 1570
728 1191
731 1143
733 803
733 1398
733 1431
734 1163
735 1079
739 1668
740 872
740 964
744 981
744 1165
746 1858
749 924
750 820
750 907
751 944
752 756
755 1241
755 1488
755 1937
757 965
757 1120
757 1549
759 1957
760 949
760 1064
760 1428
760 1649
760 1882
762 816
762 1228
762 1311
762 1400
762 1513
764 1553
765 1673
766 1007
766 1893
767 1645
768 894
770 823
771 1797
773 1846
778 831
780 1502
780 1546
780 1700
780 1717
783 849
783 1113
785 942
785 1156
785 1577
786 905
787 884
787 1053
787 1483
787 1554
789 1395
790 816
790 1117
791 1717
797 1134
798 1755
800 813
800 1061
800 1460
804 1065
804 1380
804 1466
804 1528
804 1644
804 1940
804 1971
805 1484
807 1820
807 1905
809 1901
810 1195
811 1227
811 1277
811 1366
812 976
814 866
814 1348
815 1739
817 894
817 1738
818 1811
822 1176
823 1626
824 1102
824 1377
830 838
830 1061
830 1310
830 1538
830 1818
832 1767
834 885
834 900
834 1115
834 1168
834 1506
834 1747
836 1438
836 1566
837 1251
837 1288
838 852
838 1268
838 1598
845 1793
846 1691
848 1338
850 1857
851 1384
851 1696
851 1799
854 1304
854 1793
859 1052
861 996
863 932
863 1059
865 1122
866 986
868 1226
868 1287
868 1471
869 1556
869 1665
869 1849
870 1400
871 1183
873 1078
880 1379
881 1900
885 1235
888 1430
890 1199
890 1516
890 1979
892 1200
893 1077
895 1200
904 1878
905 1642
906 1414
907 1564
908 1744
909 1076
909 1248
909 1298
909 1559
909 1594
916 1236
917 1196
918 1423
921 1382
921 1423
922 1873
924 1421
925 950
925 1151
929 1520
929 1586
933 1046
933 1282
933 1924
935 1386
938 959
938 1784
940 1254
941 969
941 1205
941 1211
941 1283
944 1979
944 1990
947 1491
948 1406
948 1621
948 1887
948 1980
950 1584
950 1960
951 1902
953 1493
959 1726
963 1909
964 1748
964 1952
966 1193
966 1653
969 1658
971 1629
971 1932
973 1601
973 1914
974 1334
977 1273
981 1065
981 1247
982 1150
986 1213
991 1262
991 1477
993 1354
993 1359
994 1037
999 1532
1005 1147
1007 1372
1008 1489
1008 1641
1008 1768
1013 1413
1014 1339
1014 1436
1015 1064
1018 1468
1018 1605
1018 1801
1018 1825
1023 1349
1023 1753
1024 1169
1025 1372
1026 1132
1026 1378
1027 1157
1030 1131
1030 1188
1030 1222
1030 1231
1030 1949
1034 1853
1036 1660
1037 1925
1038 1378
1038 1427
1038 1723
1038 1759
1038 1907
1039 1819
1043 1530
1043 1890
1049 1390
1052 1745
1053 1969
1056 1784
1058 1363
1060 1600
1062 1663
1065 1074
1065 1804
1069 1307
1072 1402
1074 1390
1078 1686
1079 1152
1079 1320
1081 1392
1081 1578
1085 1333
1087 1287
1090 1162
1091 1245
1094 1189
1094 1192
1094 1265
1094 1635
1095 1541
1097 1502
1097 1721
1097 1818
1101 1180
1102 1312
1115 1706
1119 1618
1120 1839
1121 1125
1122 1501
1126 1278
1128 1437
1130 1283
1131 1473
1131 1714
1132 1330
1133 1209
1133 1768
1136 1912
1136 1947
1136 1985
1147 1944
1153 1774
1158 1256
1158 1352
1158 1496
1158 1896
1161 1212
1163 1519
1164 1761
1166 1407
1166 1694
1180 1269
1180 1854
1181 1324
1184 1963
1185 1955
1185 1974
1186 1692
1188 1328
1188 1443
1189 1196
1190 1775
1193 1760
1194 1288
1200 1340
1200 1536
1204 1357
1205 1831
1207 1458
1207 1580
1210 1598
1215 1235
1215 1692
1216 1260
1217 1533
1217 1869
1219 1537
1223 1282
1224 1313
1224 1571
1233 1584
1242 1391
1243 1734
1244 1847
1246 1903
1247 1405
1250 1410
1250 1729
1251 1982
1253 1656
1257 1677
1259 1466
1260 1928
1262 1835
1264 1978
1265 1832
1268 1359
1269 1337
1269 1856
1270 1596
1270 1702
1271 1373
1272 1787
1278 1749
1281 1876
1285 1922
1297 1610
1301 1335
1303 1996
1306 1537
1306 1814
1307 1619
1308 1750
1309 1536
1317 1436
1317 1496
1320 1504
1325 1518
1326 1617
1327 1733
1330 1678
1330 1815
1337 1365
1337 1832
1337 1942
1339 1557
1340 1854
1340 1869
1343 1654
1345 1723
1345 1888
1345 1983
1347 1801
1347 1913
1349 1506
1351 1706
1352 1694
1352 1968
1352 1996
1354 1505
1363 1700
1365 1761
1367 1474
1374 1544
1374 1725
1381 1470
1385 1602
1387 1539
1387 1909
1389 1480
1390 1868
1392 1921
1395 1737
1397 1886
1398 1417
1402 1788
1419 1548
1421 1524
1432 1511
1432 1989
1433 1443
1451 1554
1451 1938
1453 1487
1453 1681
1457 1797
1457 1827
1457 1853
1459 1864
1464 1467
1469 1863
1470 1482
1473 1583
1477 1522
1485 1530
1493 1540
1499 1662
1499 1904
1502 1629
1512 1830
1550 1940
1552 1884
1553 1779
1553 1972
1555 1585
1559 1727
1565 1967
1570 1756
1570 1950
1570 1975
1574 1880
1581 1992
1593 1822
1622 1827
1631 1749
1643 1855
1643 1992
1645 1697
1651 1894
1652 1719
1659 1936
1665 1688
1678 1865
1687 1997
1725 1773
1725 1786
1728 1786
1730 1743
1740 1773
1740 1845
1752 1785
1774 1977
1788 1923
1790 1881
1804 1993
1826 1937
1840 1889
1851 1918
1895 1946
1898 1917
1906 1941
1957 1993
