0 47
0 63
0 190
0 207
0 272
1 311
1 507
1 569
1 821
1 861
1 997
2 122
2 377
2 458
3 298
3 726
3 869
4 35
4 315
4 339
4 430
4 547
4 740
5 126
5 871
6 117
6 505
6 544
6 697
6 706
7 202
7 616
7 841
7 966
7 994
8 183
8 213
8 298
8 330
8 407
8 557
8 619
8 678
8 771
8 937
9 94
9 392
9 576
9 797
10 253
10 521
10 566
10 646
10 819
11 233
11 362
11 385
11 502
11 552
11 718
12 581
12 830
12 921
13 15
13 47
13 447
13 565
13 642
14 928
15 250
15 314
15 439
15 602
15 610
15 783
15 811
16 210
16 324
16 362
16 515
16 542
16 615
16 933
16 997
17 501
17 716
17 750
17 864
18 418
18 542
18 939
19 859
20 142
20 343
21 238
21 278
21 311
22 879
23 194
23 260
23 634
23 685
23 873
24 262
24 675
25 142
25 463
25 503
25 548
25 597
25 657
25 738
26 310
26 422
26 463
26 637
26 716
26 755
26 952
27 310
27 328
27 370
27 542
27 565
27 673
27 834
27 933
27 986
28 89
28 998
29 115
29 197
29 578
29 794
30 184
30 441
30 505
30 713
30 863
30 938
31 90
31 136
31 397
31 573
31 807
31 892
32 265
32 333
32 616
33 515
33 535
33 609
33 689
34 825
34 865
34 882
34 937
35 375
36 201
36 229
36 744
36 776
36 951
37 73
37 376
37 536
37 566
37 768
37 839
37 855
38 137
38 140
38 522
38 544
38 640
38 833
38 863
38 929
39 269
39 451
39 635
40 87
40 484
40 519
41 186
41 597
41 639
41 960
41 971
42 322
42 657
42 844
43 177
44 332
44 661
46 244
46 272
46 500
46 887
47 429
47 683
47 684
47 914
47 996
48 159
48 845
48 982
50 373
50 405
50 558
50 662
50 876
50 935
51 219
51 587
52 877
52 983
53 181
53 367
53 461
53 638
53 791
53 816
53 868
54 206
54 376
54 385
54 546
54 570
54 628
54 870
55 313
55 319
55 727
55 993
56 225
56 345
56 494
56 554
57 206
57 303
57 799
58 371
58 484
58 852
59 302
59 853
59 993
60 177
60 313
60 407
60 436
60 722
61 440
61 572
61 609
61 699
61 717
61 754
61 971
62 248
62 338
62 566
62 848
63 104
63 320
63 364
63 417
63 493
63 859
64 341
64 463
64 633
64 826
65 239
66 354
66 689
66 715
67 353
67 441
67 835
67 897
68 107
68 542
68 606
69 980
70 567
71 334
71 438
71 527
71 553
71 588
71 685
71 733
71 771
71 903
72 288
72 819
72 980
73 113
73 160
73 205
73 266
73 290
73 535
73 663
73 825
74 229
74 269
74 356
74 517
74 532
74 686
74 937
75 183
75 424
75 530
75 582
75 643
76 83
76 388
76 669
76 903
77 208
77 597
77 608
78 427
78 604
78 692
78 693
78 905
79 150
79 840
79 941
80 140
80 383
81 398
81 743
82 488
82 763
82 870
83 559
83 696
84 361
84 438
84 783
84 798
84 855
84 902
85 187
85 452
86 123
86 630
86 718
87 152
87 240
87 554
87 595
87 700
87 976
88 351
88 653
88 752
89 451
89 621
89 644
89 688
89 938
89 940
90 168
90 183
90 321
90 352
90 731
90 887
91 532
91 725
91 968
92 349
92 458
92 811
92 877
93 197
93 471
93 844
94 401
94 462
94 766
94 994
95 663
95 686
96 686
96 687
97 174
97 305
97 371
97 703
97 789
98 133
98 167
98 270
98 375
98 675
99 184
99 579
99 738
99 768
99 978
100 723
100 847
101 849
102 432
102 514
102 806
102 988
103 134
103 180
103 265
104 204
104 417
105 223
105 651
105 689
105 843
105 846
105 906
106 169
106 798
106 959
107 480
107 781
108 128
108 438
108 760
109 255
109 282
109 395
109 722
109 730
109 795
110 172
110 347
110 399
110 972
111 385
111 432
111 450
111 761
111 770
111 997
112 908
113 618
113 920
114 206
114 857
114 984
115 302
115 350
115 743
116 358
117 227
117 296
117 361
117 409
117 539
117 961
118 166
118 513
118 577
119 365
119 575
119 660
119 857
119 977
120 166
120 860
121 936
122 579
123 608
123 861
124 172
124 704
124 919
124 976
125 209
125 334
125 392
125 574
125 743
126 165
126 315
127 354
127 470
127 546
128 138
128 284
128 299
128 508
128 689
129 166
129 226
130 766
131 180
131 193
131 622
131 660
131 841
131 951
132 200
132 390
132 396
132 730
132 756
132 787
133 162
133 281
133 446
133 664
133 796
133 847
134 147
134 149
134 152
134 236
134 422
134 485
134 632
134 646
135 542
135 763
135 766
135 806
136 527
136 715
136 805
136 829
136 993
137 823
137 948
138 282
138 991
139 251
139 259
139 461
139 501
139 842
140 277
140 299
140 456
140 462
140 508
140 516
140 859
141 485
141 578
141 586
141 665
141 907
142 162
142 165
142 269
142 422
142 445
142 779
142 875
142 989
143 422
143 486
143 618
143 997
144 392
144 646
144 935
145 736
146 528
147 567
147 619
147 797
147 917
148 329
148 520
148 526
148 619
148 628
148 645
148 817
148 834
148 889
148 963
149 240
149 514
149 523
149 643
150 248
150 622
150 913
151 152
152 180
152 255
152 813
152 881
152 934
153 751
154 230
154 350
154 461
154 915
155 239
155 642
155 695
155 985
156 188
156 543
157 316
157 818
158 416
158 583
158 676
159 376
159 485
159 543
159 686
160 486
160 609
160 610
160 717
160 730
160 950
161 548
161 716
161 927
162 180
162 332
162 592
162 645
162 922
163 692
163 841
164 911
165 476
165 721
165 756
165 802
166 277
166 897
167 171
167 683
167 699
168 518
168 851
168 997
169 330
169 522
169 924
170 239
170 422
170 767
171 182
171 405
172 205
172 272
172 372
172 519
172 798
173 358
173 989
174 472
174 589
174 879
174 933
174 981
175 497
175 773
175 973
176 372
176 560
177 311
177 372
177 541
177 799
177 848
178 622
178 819
179 557
179 783
179 859
179 980
180 810
180 818
180 856
181 613
182 286
182 637
182 752
182 784
183 196
183 247
183 399
183 868
183 985
184 303
184 304
184 348
184 865
184 900
185 352
185 463
185 798
186 369
187 532
188 305
188 500
188 527
189 402
190 208
190 413
190 935
191 550
191 597
192 311
192 432
192 619
192 663
192 694
192 733
192 885
192 963
193 247
193 297
193 931
194 372
194 457
194 634
194 659
194 733
194 966
195 349
195 586
195 636
195 661
195 804
195 876
195 878
195 981
196 322
196 383
197 465
197 495
197 711
198 602
199 233
199 540
200 380
200 600
200 678
200 717
200 746
200 843
200 897
200 901
200 996
201 211
201 307
201 351
201 480
201 549
201 861
202 254
202 288
202 665
202 860
203 228
203 320
203 326
203 334
203 459
203 758
204 645
204 912
205 701
205 749
205 871
206 515
206 614
207 470
207 573
207 645
207 867
207 887
208 697
208 903
209 408
209 519
209 616
210 417
210 573
211 327
211 729
212 319
212 320
212 379
212 481
213 714
213 730
213 766
213 841
214 240
214 421
214 711
214 721
215 287
215 769
215 802
215 819
215 980
217 219
217 261
217 507
217 533
217 948
218 297
218 733
218 823
219 495
219 863
220 470
220 826
221 509
221 517
222 491
222 714
222 827
222 872
223 673
224 489
224 697
224 867
224 929
224 972
225 478
225 758
225 785
226 790
226 812
227 289
227 339
227 488
227 913
228 231
228 352
228 409
228 509
229 730
230 442
230 546
230 604
230 829
230 900
231 641
231 671
231 915
232 293
232 307
232 566
232 696
232 805
232 989
233 959
234 398
234 616
234 659
235 466
235 514
235 718
235 914
235 979
236 523
236 585
236 695
236 766
236 812
237 380
237 795
237 856
238 796
238 849
238 890
239 243
239 492
239 567
239 580
240 550
240 781
241 278
243 647
244 295
244 349
244 523
244 751
245 329
245 366
245 443
245 595
245 918
246 610
246 773
247 332
247 875
248 683
248 737
249 538
250 486
250 567
250 724
250 752
250 987
251 445
251 678
252 280
252 448
252 579
252 688
253 998
254 447
254 890
255 659
255 970
256 608
256 794
257 293
257 912
257 963
258 554
258 711
258 724
258 746
258 886
259 383
259 603
260 669
260 920
261 550
261 632
261 762
261 955
262 342
262 632
262 640
262 671
263 521
263 960
264 483
264 531
264 540
264 582
265 482
265 795
265 834
265 955
265 981
266 537
266 633
266 696
266 768
266 991
267 843
268 278
268 563
269 285
269 451
269 877
269 905
269 991
270 540
270 934
271 417
271 509
271 727
271 729
271 979
272 512
272 875
273 321
274 632
274 646
274 703
274 936
275 408
276 684
276 878
276 932
277 362
277 671
277 881
279 376
279 427
279 923
280 347
280 428
280 568
280 643
281 584
281 682
281 763
281 776
281 912
282 304
282 481
282 782
283 770
283 853
283 956
284 456
284 507
284 871
285 390
285 566
285 596
285 769
286 508
286 525
287 547
287 551
287 646
288 389
288 486
288 742
289 348
289 367
289 438
289 445
290 391
290 520
290 589
290 694
290 815
290 879
290 912
291 536
291 742
291 829
293 413
293 432
293 601
293 743
294 428
294 467
295 491
295 650
295 812
295 891
296 369
296 395
296 810
296 909
297 596
297 792
298 329
298 357
298 457
299 341
299 766
300 760
300 762
300 892
301 331
302 331
302 476
302 532
302 540
302 605
302 748
302 922
302 961
303 748
303 934
304 364
304 692
304 903
304 904
305 415
305 511
305 552
305 801
305 918
306 584
306 662
306 719
307 431
307 578
307 675
307 900
308 358
308 376
308 486
308 633
308 662
308 666
308 716
308 780
309 436
309 789
309 797
309 934
310 738
310 919
311 561
311 576
311 841
312 655
313 523
313 544
313 593
313 655
314 355
314 415
314 924
315 496
315 631
315 693
315 898
316 854
317 588
317 595
317 914
317 954
318 359
318 454
318 983
319 769
319 786
320 410
320 455
320 473
320 583
320 883
321 467
321 645
322 854
322 965
323 760
323 963
324 507
324 790
325 821
326 483
326 515
327 336
327 624
327 773
327 816
328 335
329 664
329 868
330 350
330 383
330 649
331 358
331 368
331 701
331 907
332 388
332 405
332 928
333 660
333 830
334 558
334 639
334 802
335 409
335 616
335 681
335 727
335 785
336 770
336 924
337 393
337 401
337 440
337 484
337 853
338 353
338 793
339 412
339 801
339 819
339 915
340 553
340 972
341 345
341 635
341 652
341 883
341 957
342 397
342 462
342 505
342 838
343 799
343 977
344 447
344 862
344 951
345 717
345 903
346 479
346 607
347 803
347 894
348 963
349 526
349 602
349 629
349 739
349 770
349 934
349 963
350 647
350 675
351 833
352 445
352 487
352 730
352 786
353 632
354 575
354 646
354 807
355 530
355 583
356 772
357 416
357 469
357 495
357 606
357 775
357 914
357 968
358 499
358 759
358 763
358 897
359 572
359 708
359 985
359 997
360 415
361 520
362 535
362 668
364 815
365 623
365 843
366 666
366 780
366 880
367 529
367 685
367 820
368 592
368 680
368 794
369 794
369 865
369 876
369 902
369 989
370 437
370 953
370 989
371 896
371 980
373 413
373 679
373 739
373 768
373 832
373 934
373 949
374 983
375 451
375 861
375 896
377 655
377 968
377 980
378 427
378 908
379 516
379 532
379 539
379 604
379 712
379 731
379 807
379 868
379 992
380 509
380 515
381 621
381 804
382 528
383 465
383 493
383 534
383 796
383 806
383 928
384 464
384 710
384 717
385 409
385 479
385 721
385 740
385 845
386 643
386 944
387 794
387 813
387 865
389 464
389 751
390 867
390 873
391 438
391 543
392 590
392 800
392 924
392 970
393 733
394 534
394 574
394 722
394 764
394 857
395 941
395 969
396 423
396 714
397 630
397 714
398 895
399 501
399 570
399 741
399 881
400 548
400 562
400 595
400 659
400 903
400 980
401 418
401 858
401 936
402 555
402 582
402 803
402 867
403 623
404 450
404 608
405 442
405 572
405 711
406 676
407 436
407 851
408 728
408 861
409 480
409 501
409 547
409 741
410 733
410 840
410 864
411 561
411 761
411 993
413 671
413 695
413 699
414 428
414 796
415 512
416 637
416 891
416 918
418 452
418 537
418 696
418 913
419 428
420 670
420 726
421 513
422 441
422 506
422 581
422 742
422 748
422 912
424 445
424 545
424 831
424 961
426 431
426 696
427 601
427 878
428 716
428 827
429 668
429 893
429 985
430 558
430 677
430 765
430 772
430 901
431 895
431 936
431 944
432 799
433 815
434 664
435 456
435 642
435 792
435 852
435 955
436 583
436 911
437 461
437 567
437 569
437 705
437 879
438 758
439 741
439 770
440 473
440 548
441 881
442 445
442 749
442 957
443 528
444 573
444 850
444 928
445 557
445 570
445 637
446 629
446 715
446 763
446 792
446 983
447 461
447 532
447 543
447 661
447 962
448 933
449 703
450 742
450 995
451 590
451 664
451 758
452 461
452 609
452 613
452 614
452 656
452 768
452 965
453 611
453 703
454 644
454 817
454 981
455 651
455 897
455 995
456 679
457 767
458 574
458 976
459 496
459 549
459 886
460 694
460 829
460 884
460 885
461 536
461 572
461 928
461 976
462 592
463 468
463 634
463 836
463 984
464 503
464 519
464 877
465 594
465 696
465 849
467 494
467 637
467 822
468 839
468 962
469 602
469 607
469 613
469 785
470 573
471 790
472 841
472 893
473 482
473 483
473 564
475 544
475 554
475 957
476 955
477 703
477 965
479 883
479 929
480 633
480 833
481 708
482 934
483 612
483 792
484 574
484 750
484 944
485 650
486 682
486 796
487 544
487 579
487 635
487 690
487 717
487 861
489 907
489 963
490 638
491 686
491 789
492 661
492 680
492 751
492 873
492 972
493 750
493 951
494 528
494 637
494 979
495 589
495 869
496 528
496 896
496 972
497 649
497 780
498 506
498 561
498 966
500 566
500 646
501 568
501 624
502 971
503 539
503 915
504 753
504 816
504 954
504 984
505 652
505 733
505 827
507 849
508 701
509 650
509 727
510 745
510 802
512 573
512 739
512 859
513 599
513 600
513 627
513 994
514 589
514 670
515 677
515 683
515 768
515 991
516 794
518 788
518 902
519 777
520 764
521 539
521 911
522 575
523 876
523 905
523 985
524 955
525 560
525 995
526 747
526 845
527 837
527 878
528 614
528 845
529 831
529 873
530 535
530 580
530 669
531 731
531 906
532 587
532 624
533 601
534 621
534 629
534 736
535 865
535 876
535 912
536 627
536 685
536 974
537 612
538 620
539 603
539 717
540 671
542 549
542 670
542 724
543 547
544 671
546 563
546 674
546 676
547 606
547 814
547 843
547 952
549 714
549 833
550 848
550 988
552 748
552 864
553 569
553 811
554 656
555 858
557 945
557 972
559 627
559 646
559 749
559 769
559 786
559 788
559 798
559 801
559 920
560 625
560 696
560 749
561 774
562 576
562 722
564 908
565 583
566 859
567 851
568 647
568 902
568 909
569 868
570 585
570 881
571 760
571 863
571 957
572 755
574 768
576 897
577 709
578 683
580 831
580 902
581 706
581 721
581 810
582 632
582 731
582 908
583 947
585 668
585 915
586 721
587 620
588 616
590 897
591 620
591 626
591 745
591 882
592 759
593 625
593 816
593 823
594 835
594 972
596 834
597 793
598 810
598 917
599 650
599 773
600 676
600 719
601 608
601 626
601 674
601 752
601 759
602 745
602 881
603 735
604 635
605 861
605 967
605 974
606 641
607 826
611 824
611 849
612 638
612 777
614 819
614 873
615 647
615 719
616 620
616 638
618 652
618 657
618 673
618 993
619 646
619 748
619 761
620 707
620 709
621 765
623 708
624 680
624 910
624 952
624 993
625 898
626 796
626 883
627 935
628 822
629 689
629 699
630 867
631 935
632 728
634 914
634 983
635 650
635 714
635 843
636 717
636 766
637 978
638 994
639 747
639 888
640 698
640 749
643 766
646 658
646 780
646 937
647 673
647 705
647 908
648 665
650 736
650 745
650 772
652 663
652 867
652 874
652 931
652 936
654 742
654 851
656 978
657 724
657 734
659 674
661 844
661 903
661 933
661 977
662 675
662 730
663 909
664 808
664 846
665 983
666 700
667 895
668 945
668 985
669 813
669 832
670 727
670 945
672 783
675 713
677 717
677 728
680 930
680 947
681 721
683 872
684 809
684 901
685 773
685 995
686 723
687 697
689 716
689 812
692 911
693 973
694 720
694 739
697 712
697 850
697 865
698 984
699 976
700 955
700 964
701 785
702 821
702 945
702 999
703 735
704 771
705 816
705 907
707 799
707 821
708 901
709 731
709 779
709 997
710 854
711 766
711 866
712 724
712 893
714 740
714 797
715 938
717 831
719 881
719 904
723 886
724 732
724 927
726 920
727 871
727 883
728 749
730 927
731 738
731 899
732 871
732 968
732 970
734 853
734 855
735 962
742 858
743 854
744 774
744 833
744 931
744 948
745 831
745 902
746 838
746 928
746 974
747 856
748 901
749 766
750 832
750 863
750 897
751 839
751 965
752 761
752 806
754 930
756 850
756 867
757 770
757 772
758 768
759 849
760 930
760 974
762 789
762 939
765 884
767 987
768 784
768 831
768 879
770 819
771 877
771 961
772 864
772 944
772 974
774 855
775 871
778 796
778 837
779 810
779 866
782 867
782 974
782 976
783 899
784 854
785 825
785 921
786 850
789 967
789 981
792 894
794 873
795 830
795 933
796 866
798 829
798 890
801 831
802 862
805 852
806 826
806 877
807 935
807 965
808 946
811 822
811 890
817 856
817 945
818 940
819 975
821 925
823 870
828 838
828 890
831 939
832 909
832 992
835 859
835 867
835 943
836 987
838 844
841 912
843 845
844 988
846 880
848 922
848 950
850 981
857 896
858 912
858 954
860 919
861 978
862 932
864 942
864 955
864 988
866 960
870 941
874 981
876 987
877 895
878 980
882 895
883 965
884 909
885 899
885 945
886 988
890 937
890 940
893 920
893 983
898 992
900 976
908 914
910 985
911 995
913 933
915 987
918 996
922 951
926 978
942 988
943 967
959 965
962 969
