0 182
0 886
0 1301
0 1309
0 1373
0 1405
0 1896
1 4
1 337
1 690
1 694
1 930
1 1733
2 961
3 548
3 710
3 1047
4 401
4 1443
4 1592
4 1594
4 1915
6 480
6 562
6 1000
6 1535
6 1537
7 704
8 80
8 913
8 1057
8 1248
9 793
9 1139
10 311
10 367
10 582
10 646
10 1470
11 86
11 318
11 680
11 1220
11 1409
12 590
12 743
12 1069
12 1275
13 295
13 346
13 960
13 1674
14 34
14 121
14 853
14 897
14 1808
16 531
16 1783
17 596
17 734
18 83
18 910
18 1226
18 1249
18 1257
18 1330
19 495
19 1007
19 1135
20 975
20 1042
20 1163
20 1829
20 1918
21 252
21 736
21 1519
22 209
22 1467
22 1575
22 1980
23 163
23 215
23 1152
23 1255
23 1517
23 1760
23 1782
24 44
24 893
24 1113
24 1294
25 42
25 122
25 1546
25 1871
26 252
26 945
26 1245
26 1692
27 193
27 798
28 1082
28 1451
28 1606
28 1609
28 1707
28 1859
29 165
29 850
29 1907
30 1487
30 1947
31 243
31 366
31 1008
32 458
32 765
32 867
32 1377
32 1406
32 1492
33 757
34 176
34 1327
34 1593
34 1921
35 113
35 445
35 785
35 976
35 1382
36 320
36 554
36 716
36 1939
36 1992
37 620
37 755
37 1087
37 1089
38 670
38 1019
38 1329
39 745
39 850
39 900
39 1215
39 1323
39 1437
39 1791
39 1810
39 1811
40 187
40 289
40 463
40 663
40 1464
40 1599
40 1974
41 54
41 365
41 1143
41 1164
42 1284
42 1473
42 1577
43 289
43 828
43 1160
43 1467
43 1923
43 1957
44 684
44 873
44 940
44 1254
45 259
45 458
45 1070
45 1092
45 1101
45 1611
46 491
46 1053
47 118
47 868
47 1306
48 892
48 1109
48 1798
49 247
49 443
49 764
49 1490
49 1803
49 1867
50 474
50 1302
50 1544
50 1916
51 1025
51 1601
51 1824
51 1986
52 1357
52 1418
52 1549
52 1759
53 73
53 167
53 612
53 804
54 309
54 398
54 543
54 778
55 929
55 996
55 1175
55 1430
56 833
56 1196
56 1684
56 1908
57 132
57 515
57 1253
57 1976
58 687
58 1212
58 1874
59 68
59 410
59 568
59 927
59 1029
60 244
60 293
60 344
60 1004
60 1124
61 949
61 950
61 1511
62 162
62 826
62 908
62 1182
62 1326
62 1870
63 335
63 1077
63 1122
63 1491
63 1505
63 1578
63 1727
64 341
64 1778
66 220
66 1718
67 517
68 161
68 563
68 637
68 812
68 1069
68 1718
69 767
69 773
70 239
70 361
70 543
70 724
71 702
71 707
71 957
71 972
71 1168
71 1283
71 1412
72 951
72 1167
72 1481
73 576
73 1481
74 692
75 109
75 474
75 1857
76 599
76 880
76 936
76 1062
76 1172
76 1238
76 1911
77 309
77 1322
77 1845
78 1369
78 1388
78 1493
79 587
79 979
79 1079
79 1270
79 1333
80 205
80 1338
80 1675
80 1891
82 1599
82 1978
83 984
83 1313
83 1618
83 1635
84 357
84 525
84 952
85 206
85 425
85 800
85 1554
86 393
86 523
86 989
86 1124
86 1299
86 1486
86 1567
87 217
87 270
87 615
87 675
87 1362
87 1872
88 103
88 519
88 536
88 1926
89 411
89 1690
90 1493
91 385
91 1325
91 1471
91 1489
92 1155
92 1688
93 480
93 865
93 994
93 1338
93 1342
93 1418
93 1694
93 1825
94 413
94 555
94 1658
95 143
95 159
95 338
95 574
96 426
96 674
97 723
97 900
98 909
98 1732
98 1895
98 1976
99 829
99 1162
99 1878
99 1927
100 1945
101 200
101 715
101 1045
101 1786
102 561
102 824
102 961
102 1548
102 1724
102 1963
103 274
103 745
103 938
103 1463
103 1471
103 1683
103 1840
104 666
104 795
104 982
104 1551
105 484
105 1174
105 1248
105 1404
105 1655
105 1831
106 603
106 1482
106 1955
106 1973
107 508
108 1201
108 1512
109 191
109 602
109 942
109 1088
109 1175
109 1295
109 1848
110 535
110 1370
110 1977
111 352
111 996
111 1375
111 1385
111 1812
111 1984
112 1654
112 1925
113 267
113 539
113 711
113 767
113 808
114 368
114 1139
114 1195
114 1327
115 391
115 1153
116 523
116 788
116 980
116 1006
116 1216
116 1474
117 228
118 138
118 471
118 645
118 917
120 334
120 466
120 1260
120 1791
121 146
121 383
121 1014
121 1206
121 1611
122 1124
122 1293
122 1644
122 1690
122 1928
123 498
123 563
123 725
123 911
123 1204
123 1528
123 1529
123 1625
123 1686
124 835
124 1184
125 1082
125 1569
125 1665
126 274
126 1159
126 1312
126 1849
126 1930
127 389
127 720
127 1241
127 1322
127 1471
127 1577
127 1625
128 181
128 607
128 698
128 759
128 1336
128 1572
128 1812
128 1893
128 1934
129 202
129 777
129 1081
130 1746
130 1755
130 1927
131 1017
131 1136
131 1544
132 666
132 988
132 1708
132 1849
133 244
133 481
133 524
133 1451
133 1464
134 578
134 876
134 1412
134 1616
135 416
135 1328
135 1334
135 1546
136 1370
136 1489
136 1881
137 321
137 435
137 1332
137 1658
138 618
138 834
138 1147
138 1255
138 1746
139 178
139 492
139 927
139 972
140 1233
141 316
141 1078
141 1760
142 416
142 733
142 1391
142 1427
142 1482
142 1589
142 1939
143 1095
143 1166
143 1456
144 201
144 1400
144 1851
145 362
145 499
145 1240
145 1624
145 1915
145 1958
146 471
146 495
146 587
146 874
146 893
146 1658
146 1672
147 269
147 459
147 542
147 572
147 707
147 1190
148 340
148 753
148 1741
149 168
149 197
149 386
149 738
149 1085
149 1270
150 363
150 861
150 1551
150 1616
151 486
151 1355
152 634
152 920
152 1864
153 1032
154 1870
155 881
156 405
156 539
156 544
156 969
156 1323
157 330
157 485
157 508
157 1124
157 1238
157 1453
157 1578
158 247
158 967
158 1176
159 360
159 551
160 388
160 829
161 710
161 838
161 938
161 1215
161 1339
161 1962
162 399
162 511
162 542
162 620
162 798
162 1318
163 207
163 336
164 178
164 1639
165 171
165 320
165 725
165 831
165 1498
166 665
166 832
166 855
166 862
166 1326
166 1738
166 1991
167 372
167 493
167 680
167 983
167 1241
168 281
168 1421
168 1548
168 1635
168 1686
169 1460
169 1805
170 682
170 1142
170 1675
171 253
171 485
171 1230
171 1847
172 1018
173 278
173 353
173 584
173 884
174 1444
175 334
175 607
175 1102
176 201
176 760
176 1120
176 1307
176 1636
177 198
177 578
178 768
178 835
178 1046
178 1786
179 477
179 559
179 581
179 1121
179 1470
180 774
180 939
180 1269
180 1542
181 462
181 946
181 1158
181 1903
182 373
182 532
182 1414
182 1873
182 1919
183 740
183 1165
184 600
184 796
184 1534
184 1789
186 1162
186 1374
186 1635
187 492
187 596
187 1177
187 1201
187 1374
187 1882
188 301
188 1002
189 574
189 660
189 877
189 1120
189 1541
190 303
190 1073
190 1646
190 1824
191 234
191 253
191 341
192 457
193 568
193 890
193 1213
193 1438
193 1904
194 432
195 1008
195 1452
196 580
196 802
197 458
197 629
197 1086
197 1292
198 324
198 352
198 1445
199 487
199 1085
199 1582
200 249
200 1493
201 564
201 878
201 913
202 964
202 1478
202 1564
202 1678
202 1846
203 374
203 1461
203 1959
204 667
204 766
204 906
205 417
205 697
206 251
206 293
206 604
206 869
206 1690
206 1736
207 355
207 359
207 416
207 526
207 1614
207 1757
208 429
208 752
208 1299
208 1511
208 1673
209 445
209 580
209 665
209 932
209 1540
209 1591
210 996
210 1729
211 655
211 763
211 1669
212 310
212 747
212 1066
212 1408
213 436
213 661
213 1150
213 1510
213 1620
214 545
214 677
215 373
215 898
215 967
217 493
217 541
217 931
217 1993
218 400
219 380
219 765
219 955
219 1633
219 1723
219 1884
220 262
220 533
220 608
220 839
221 791
221 894
221 1007
221 1123
221 1352
221 1905
221 1908
222 414
222 547
222 770
222 1121
222 1736
223 624
223 637
223 651
224 1032
224 1504
224 1704
225 1359
226 651
226 657
226 727
226 1577
226 1775
226 1859
227 570
227 677
227 1353
228 1864
229 607
229 1104
229 1151
229 1334
229 1639
230 504
230 636
230 1107
231 405
231 501
231 737
231 980
231 1300
232 236
232 292
232 893
233 1059
233 1670
233 1798
234 249
234 493
234 1562
234 1917
235 727
235 905
235 1033
235 1458
235 1674
236 627
236 790
236 841
236 1334
236 1779
237 424
237 494
237 833
237 1776
238 470
238 952
238 1411
239 250
239 437
239 981
239 1363
239 1938
240 388
240 670
240 1147
241 269
241 1457
241 1949
242 637
242 767
242 1050
242 1165
242 1284
243 809
243 1814
243 1917
243 1934
244 739
244 1044
244 1135
244 1612
244 1977
245 547
246 723
246 1195
246 1329
246 1734
248 525
248 538
248 752
248 955
248 1006
248 1266
248 1406
248 1672
249 922
250 529
250 550
250 1771
250 1791
251 258
251 752
251 797
251 1369
251 1526
251 1610
251 1662
252 463
252 1159
252 1201
252 1961
253 1465
253 1495
253 1939
254 595
254 864
254 1293
254 1578
254 1726
255 369
255 755
255 862
255 1361
256 962
256 1012
256 1799
257 796
257 1442
257 1818
257 1904
258 356
258 932
258 1538
258 1833
258 1862
259 1723
260 667
260 940
260 1428
260 1553
260 1795
261 281
261 469
261 510
261 1290
261 1480
261 1557
261 1855
262 1223
262 1478
263 1020
263 1626
263 1916
265 789
265 860
265 1471
265 1564
265 1574
266 710
266 1321
266 1521
267 671
267 1373
267 1407
267 1698
268 777
268 1101
268 1507
268 1670
269 316
269 528
269 675
269 1218
269 1518
269 1665
271 485
271 769
271 1004
271 1740
272 657
272 691
272 994
273 1889
273 1913
274 870
274 1105
274 1319
275 550
275 652
275 779
275 1358
275 1546
275 1564
277 771
277 1084
277 1334
278 859
278 987
278 1022
279 280
279 899
279 1036
279 1122
279 1325
280 451
280 1120
280 1250
280 1651
281 400
281 815
281 881
281 1392
281 1687
282 603
282 1755
282 1796
283 958
283 1325
283 1703
283 1968
284 368
284 1820
285 503
285 774
285 1576
286 815
286 1187
286 1292
287 486
287 782
287 1169
287 1324
287 1519
288 292
288 323
288 1712
289 329
289 1239
289 1845
290 832
290 1060
290 1221
290 1817
291 326
291 583
291 755
292 462
292 553
292 1151
292 1682
293 438
293 1728
294 512
294 1200
294 1664
295 498
295 1861
296 739
296 1626
296 1995
298 923
298 1015
298 1073
298 1230
298 1961
299 503
299 620
299 747
299 1100
299 1148
299 1607
300 397
300 639
300 1036
301 674
301 747
301 1034
301 1633
301 1944
302 436
302 1780
303 318
303 514
304 1907
305 1512
305 1798
305 1900
306 1576
307 596
307 612
307 910
307 948
307 1210
307 1261
308 354
308 1495
308 1707
308 1989
310 753
310 1279
310 1635
311 465
311 1149
311 1361
311 1412
312 668
312 1056
312 1543
313 591
313 1297
313 1389
314 539
314 1068
314 1082
314 1907
315 736
315 1239
315 1413
316 1546
316 1599
317 491
317 531
317 1025
317 1134
317 1145
317 1747
318 1043
318 1370
318 1918
319 759
319 1341
319 1819
319 1846
320 543
320 1170
321 713
321 1202
321 1612
323 498
323 1143
323 1651
324 919
324 1283
324 1695
324 1713
324 1795
325 754
325 1291
325 1333
326 402
326 1093
326 1447
327 534
327 964
327 1420
327 1436
328 364
328 435
328 444
328 727
328 836
328 1038
328 1122
328 1416
329 725
329 760
329 896
329 1312
329 1915
330 1046
330 1254
330 1632
330 1853
331 636
331 1181
331 1201
331 1283
332 943
332 1222
332 1771
332 1809
333 415
333 518
333 743
333 821
333 1499
333 1909
334 444
334 573
334 698
334 1447
334 1801
335 968
335 1365
336 521
336 613
336 1008
336 1036
336 1562
336 1600
337 339
337 476
337 1564
338 818
338 1052
339 618
339 878
339 1002
339 1695
339 1723
340 633
340 694
340 910
340 1542
341 637
341 841
341 918
341 1271
341 1380
342 1270
343 1299
343 1491
343 1519
343 1542
344 870
344 965
344 1433
345 586
345 1172
345 1284
346 372
346 462
346 821
346 1130
346 1439
347 1865
348 1390
348 1828
349 719
349 1410
350 1262
350 1453
351 767
351 1243
351 1515
352 755
352 836
352 838
352 1399
353 750
354 956
354 1564
354 1733
355 802
355 1346
355 1652
355 1814
356 1107
356 1795
356 1832
357 511
357 833
357 856
357 1650
357 1923
358 507
358 802
358 1004
358 1381
359 1159
359 1379
359 1857
360 1141
361 643
361 1529
361 1930
362 417
362 586
362 1742
363 445
363 629
363 772
363 812
363 1096
363 1533
363 1852
364 791
364 797
365 682
365 1048
365 1117
366 579
366 1409
366 1414
366 1909
368 421
368 534
368 1007
368 1143
368 1715
368 1839
370 590
370 760
370 1731
370 1756
371 612
371 752
371 1319
371 1382
371 1807
373 773
374 1016
374 1270
374 1321
374 1701
375 425
375 1324
375 1488
376 459
376 908
376 979
376 1178
376 1697
376 1748
376 1834
377 1858
378 591
378 851
378 1072
378 1101
378 1152
378 1511
379 966
379 1446
379 1582
379 1607
380 979
381 1558
381 1843
382 1551
382 1976
383 808
383 1780
384 881
384 1180
384 1200
384 1499
385 693
385 1037
385 1232
385 1298
385 1450
385 1569
386 912
386 1298
386 1620
386 1995
387 460
387 523
387 996
387 1195
387 1600
387 1751
388 831
388 865
388 1786
388 1849
388 1880
389 1274
389 1837
390 1405
391 462
391 722
391 1078
391 1280
392 870
392 981
392 1639
393 1105
393 1340
393 1427
393 1567
393 1754
394 1327
394 1846
394 1942
395 472
395 535
395 779
395 959
395 1735
396 983
396 1070
396 1630
396 1907
397 937
398 490
398 756
399 591
399 1763
400 608
400 1122
401 1911
402 720
402 1738
402 1994
403 489
403 1932
404 869
404 1642
404 1645
405 1291
405 1415
405 1575
405 1587
405 1613
405 1738
405 1762
406 893
406 1366
406 1676
406 1890
407 1218
407 1397
408 1088
408 1526
408 1755
410 492
410 515
410 599
410 1764
411 415
411 720
411 1041
411 1373
412 518
412 681
412 760
412 1944
413 1141
413 1252
413 1264
413 1657
414 433
414 684
414 837
414 989
414 1443
414 1499
414 1586
414 1681
415 712
415 752
415 1025
415 1263
415 1283
415 1621
416 574
416 883
416 1354
416 1618
416 1637
416 1908
417 1687
417 1743
418 866
419 814
419 837
420 567
420 671
420 981
420 1066
420 1273
420 1361
421 1365
422 775
424 1788
425 778
425 1490
425 1526
426 1369
426 1727
427 1047
427 1479
428 527
428 1002
428 1247
429 958
429 1240
429 1880
430 473
430 564
430 863
430 983
430 1418
431 541
431 1042
431 1176
432 524
432 577
432 698
432 832
432 899
432 1845
433 859
433 1361
433 1765
434 639
434 1800
434 1840
435 454
435 459
435 658
435 691
435 728
435 894
436 893
436 1878
436 1932
437 1663
438 1044
438 1711
439 575
439 891
439 1118
440 1127
441 686
442 504
442 664
442 682
442 779
442 786
442 844
442 958
442 1123
443 490
443 1455
443 1523
444 1570
444 1774
444 1957
445 874
445 1087
446 472
446 1130
446 1202
447 783
447 1987
448 1200
449 1922
450 505
450 534
450 1245
450 1424
450 1689
451 566
451 918
451 974
451 1107
451 1457
451 1620
451 1664
451 1899
452 725
452 1187
452 1462
453 1670
453 1878
454 667
454 869
454 963
454 1129
454 1674
454 1780
455 650
455 890
455 1175
456 564
456 825
456 1144
456 1424
457 664
457 1883
458 489
458 779
458 1758
458 1785
458 1814
459 1007
459 1300
459 1359
459 1467
459 1888
460 1296
460 1555
460 1608
461 700
461 1441
462 526
462 566
462 1691
462 1715
463 1371
464 940
464 1230
465 519
465 667
465 697
465 1361
465 1376
465 1560
465 1970
466 1354
466 1511
466 1831
467 1858
467 1951
468 608
468 954
468 1587
469 622
469 991
469 1152
469 1470
469 1858
469 1992
470 666
470 834
470 990
470 1038
470 1412
470 1763
471 916
471 1305
471 1387
472 656
472 737
472 1307
472 1441
473 620
473 857
473 1098
473 1540
473 1555
474 1361
474 1893
476 658
476 1058
476 1136
476 1220
477 748
477 1491
477 1582
478 738
478 1867
478 1940
479 580
479 589
479 795
479 851
479 948
479 1265
479 1728
479 1792
480 1419
481 530
481 980
482 1680
483 998
483 1118
484 949
484 1703
484 1934
485 660
485 964
485 1327
485 1678
486 818
486 1524
486 1606
486 1746
487 588
488 755
488 1346
488 1636
488 1759
489 1413
489 1632
490 1859
491 1709
492 696
492 1387
492 1466
493 539
493 936
493 1068
493 1581
494 563
494 628
494 744
494 1210
495 1160
495 1347
495 1791
496 1376
496 1441
496 1874
497 512
497 1165
497 1283
497 1901
498 651
498 1297
498 1807
499 725
499 1994
500 679
500 1114
500 1244
500 1639
500 1734
501 1383
501 1653
502 1004
502 1624
502 1739
503 1029
503 1150
505 1805
505 1964
507 524
507 1662
508 1564
508 1768
509 524
509 908
509 1992
510 1768
510 1986
511 1507
511 1715
512 793
512 914
512 1611
513 1184
514 579
514 1081
514 1137
514 1544
515 1039
515 1124
516 1611
516 1673
516 1997
517 788
517 928
517 992
517 1744
518 614
518 766
518 1207
518 1666
518 1792
519 805
520 1096
520 1857
522 567
522 741
522 1270
523 601
523 882
523 1712
523 1971
524 703
524 715
524 873
524 911
525 1082
525 1190
526 1872
527 580
527 912
527 1067
528 571
528 1628
528 1640
529 721
529 880
529 1187
529 1330
529 1794
530 1068
530 1343
531 731
531 1637
531 1726
531 1796
532 1122
532 1660
533 558
533 1405
533 1412
533 1916
533 1944
533 1997
534 624
535 663
535 1929
536 1204
536 1793
536 1828
537 701
537 1165
537 1714
537 1772
537 1813
537 1922
538 1106
538 1343
538 1484
539 1463
539 1606
540 565
540 1722
540 1782
541 1102
542 1108
542 1269
543 684
543 948
543 1025
544 1020
544 1780
545 680
545 1078
545 1595
546 1005
546 1006
546 1263
546 1507
546 1560
546 1566
546 1949
547 1370
547 1691
547 1924
548 629
548 1601
549 853
549 959
549 1417
549 1988
550 916
551 632
551 643
551 827
551 1451
551 1572
551 1576
551 1943
552 1570
553 740
553 861
553 1017
553 1228
554 729
554 1232
554 1618
555 1579
556 643
556 1359
556 1367
557 1271
557 1988
558 952
558 1529
559 1005
559 1126
561 658
561 1097
561 1296
562 1192
562 1338
563 829
563 1422
563 1483
563 1619
563 1840
564 957
564 963
565 858
565 1347
565 1957
566 1438
566 1521
566 1756
567 1344
568 1821
570 1037
570 1249
570 1494
570 1857
571 871
571 1192
571 1769
573 608
573 690
573 807
573 1448
573 1869
574 897
575 699
575 1298
575 1377
575 1682
575 1849
576 732
576 1368
577 1499
578 592
578 864
578 1178
578 1299
579 1307
580 858
581 767
581 1372
581 1505
581 1795
581 1871
582 686
582 1534
582 1747
582 1914
582 1916
584 649
584 883
584 1671
585 1307
585 1481
585 1687
585 1846
586 603
586 1339
586 1570
586 1856
586 1932
586 1979
587 747
587 825
587 1091
587 1544
587 1928
588 862
588 894
589 1092
589 1135
589 1415
589 1502
589 1742
589 1897
590 916
590 1420
591 766
592 1342
593 867
593 1871
593 1993
594 1195
594 1950
594 1987
596 610
596 1332
597 1002
597 1321
597 1409
598 1222
598 1868
599 878
599 978
600 680
601 1114
602 1090
602 1727
603 642
603 677
603 813
603 1213
604 898
604 1674
604 1758
605 935
605 1050
605 1186
605 1258
605 1743
605 1788
606 633
606 771
606 1393
606 1478
606 1616
607 676
607 874
607 1985
608 1166
608 1178
608 1694
608 1933
609 762
609 1022
609 1456
609 1647
609 1801
609 1902
610 1020
610 1890
611 1013
611 1781
611 1965
612 643
612 1127
612 1828
613 1084
613 1715
614 1186
614 1284
614 1552
616 821
616 822
616 1535
616 1569
617 1592
618 822
618 1307
619 803
619 1144
619 1174
619 1211
619 1212
619 1485
620 1247
621 1829
622 1213
622 1237
622 1271
622 1716
622 1882
623 1097
623 1223
624 1709
624 1820
625 1051
625 1080
625 1584
625 1945
628 705
629 1042
629 1054
630 888
630 1958
631 817
631 1150
631 1841
631 1873
631 1999
632 1344
634 764
634 1914
635 1100
635 1154
635 1209
635 1274
635 1323
635 1442
636 1707
637 644
637 1406
637 1954
639 666
639 1209
639 1348
640 1678
640 1724
641 706
641 1064
641 1392
641 1781
641 1932
642 807
642 820
642 914
642 924
642 1071
642 1100
642 1910
643 910
644 1089
644 1705
644 1927
645 703
645 840
645 972
645 1345
645 1500
645 1811
648 1180
648 1291
648 1307
648 1457
648 1962
649 954
649 1110
649 1393
650 889
650 1117
651 1302
652 1334
652 1633
652 1809
653 1658
654 995
654 1559
654 1677
655 736
655 1242
655 1366
656 755
656 1750
657 1752
657 1795
657 1902
658 1216
658 1775
658 1853
659 1091
659 1093
659 1410
659 1579
659 1680
659 1967
661 875
661 1202
661 1733
661 1848
661 1985
662 825
662 878
662 1064
662 1429
662 1559
662 1644
663 1242
663 1459
663 1900
664 1812
665 1493
665 1771
666 763
666 1436
666 1482
666 1502
667 704
667 978
667 1919
668 1379
668 1381
668 1544
668 1846
668 1905
669 1883
670 1257
671 690
671 1397
671 1436
671 1611
672 1799
673 947
673 1131
673 1466
673 1580
674 1111
674 1321
674 1600
674 1810
676 690
676 1811
676 1970
677 1043
677 1644
678 881
678 1388
678 1615
678 1978
679 938
679 1098
679 1930
680 917
680 1094
680 1243
680 1654
681 848
681 1464
681 1560
681 1566
681 1818
682 1227
682 1587
682 1967
683 1771
684 1026
684 1101
684 1529
684 1723
684 1822
685 999
685 1243
686 1066
686 1264
686 1518
686 1745
687 1406
687 1833
687 1996
688 939
688 1088
688 1211
688 1692
688 1793
689 903
689 1843
690 892
690 1809
691 1125
691 1175
691 1548
692 911
692 1374
692 1659
692 1790
693 699
694 1687
695 924
695 1023
696 869
696 1445
696 1552
697 1336
697 1775
698 1001
698 1883
699 1076
699 1219
699 1475
699 1795
700 1077
700 1087
700 1424
700 1465
700 1644
700 1719
700 1892
701 1784
702 755
702 876
702 1336
702 1424
702 1931
703 823
703 1138
703 1712
703 1766
704 812
704 1555
705 736
705 888
705 1364
705 1536
706 808
706 1131
706 1223
706 1469
706 1560
706 1601
706 1974
707 1347
708 1199
708 1275
708 1798
709 1027
710 1170
710 1349
710 1897
711 1168
711 1971
712 872
712 1515
714 811
714 1011
714 1044
714 1586
714 1766
714 1908
715 1042
716 1732
717 869
717 1068
717 1516
717 1708
718 1044
718 1489
719 1682
720 1481
722 1263
723 1475
723 1506
723 1511
723 1632
723 1939
724 990
724 1133
725 1707
725 1803
725 1846
725 1848
725 1947
726 1403
726 1512
727 1076
727 1092
727 1765
727 1800
727 1854
728 799
728 1042
728 1154
728 1403
729 1609
730 856
730 1380
730 1424
730 1683
731 733
731 1254
732 1018
732 1426
732 1885
733 746
733 989
733 1067
733 1220
734 1646
734 1836
734 1979
735 1225
735 1492
735 1576
735 1959
736 874
736 1125
736 1357
736 1918
738 755
738 814
738 1912
739 1053
739 1320
739 1968
739 1974
740 1457
741 1236
742 1281
743 1299
743 1497
744 783
744 1109
744 1590
744 1780
745 1520
746 1109
746 1414
747 1498
748 1135
748 1790
748 1934
749 887
749 1818
751 1481
752 1834
753 1412
753 1914
754 1272
754 1493
754 1809
754 1929
755 858
755 1995
756 914
756 1191
756 1694
757 781
757 1714
757 1875
758 985
758 1100
759 970
759 1217
759 1476
760 936
760 1312
760 1898
761 1612
762 1139
762 1846
763 1432
763 1718
763 1736
764 1533
764 1647
765 780
765 1536
766 1352
766 1549
766 1686
766 1974
767 823
767 1291
768 1178
768 1866
769 779
769 967
769 1182
769 1758
770 1268
770 1569
770 1598
771 1063
771 1068
771 1746
771 1754
772 1401
773 818
773 819
774 1858
775 1087
776 1611
776 1710
777 1008
777 1313
778 1625
779 1098
779 1435
779 1474
779 1847
780 1067
780 1624
780 1727
781 906
781 1431
781 1715
782 1697
783 1217
783 1942
784 1101
784 1287
785 1022
785 1260
785 1287
786 1057
786 1281
786 1387
787 812
787 863
787 961
787 1429
787 1656
788 1449
788 1718
788 1936
788 1950
789 1199
790 886
791 1401
791 1636
792 1138
793 967
793 1160
793 1322
793 1814
794 1033
794 1752
794 1807
794 1866
795 857
795 1435
796 978
796 1306
796 1626
797 860
797 1155
797 1511
797 1750
797 1782
798 923
798 1153
798 1385
799 1095
799 1105
799 1130
799 1415
799 1629
799 1905
800 833
801 898
802 1118
803 930
803 1076
804 1067
804 1805
805 1129
806 1239
806 1399
806 1954
807 981
807 1092
807 1203
807 1479
807 1594
807 1693
807 1809
808 1068
808 1506
809 1053
809 1428
809 1601
809 1668
809 1808
810 1081
810 1327
810 1630
811 1892
812 1539
813 816
813 1189
814 974
814 1266
814 1638
814 1843
815 1308
816 1190
818 843
818 1234
818 1558
818 1750
819 927
819 1006
819 1661
819 1822
820 982
820 1111
820 1966
820 1969
821 1760
822 1008
824 842
824 1668
824 1769
824 1899
826 1624
826 1639
827 928
827 1014
827 1063
828 1294
828 1331
829 1091
829 1147
829 1424
831 1321
831 1343
832 1326
833 924
833 1860
833 1966
834 903
834 970
834 1364
834 1534
834 1821
834 1983
835 1024
835 1057
836 1275
836 1575
837 1986
838 1877
839 861
839 1462
840 974
840 1263
840 1503
840 1917
840 1955
841 967
841 1125
842 1087
842 1151
842 1307
843 1198
843 1622
843 1743
844 1700
844 1875
844 1877
845 1452
845 1603
845 1857
846 910
846 942
846 1346
846 1947
847 1424
847 1869
848 1123
848 1194
848 1450
849 1437
849 1692
849 1697
849 1918
850 890
850 1225
851 1363
851 1434
852 1001
852 1627
852 1983
854 1441
854 1755
854 1759
854 1768
855 1002
855 1039
857 1031
857 1410
857 1440
858 1073
859 889
859 1133
859 1343
859 1512
859 1676
859 1833
859 1971
859 1993
862 1204
862 1736
863 1155
863 1346
863 1462
863 1849
864 893
864 964
864 1604
864 1618
865 1166
866 1022
866 1391
866 1635
867 873
868 876
868 1060
869 1761
870 1754
871 1469
871 1703
872 924
872 1157
872 1712
873 970
873 1302
873 1309
873 1436
874 1017
874 1190
874 1330
875 888
875 1432
876 1774
877 1141
877 1299
877 1399
878 1232
879 1903
880 1985
881 979
881 1171
882 1256
882 1339
882 1776
883 981
883 1330
884 895
884 1178
886 1810
886 1930
887 1028
887 1573
887 1718
888 1169
888 1325
888 1802
888 1894
890 932
890 1299
890 1448
890 1777
891 1409
893 1040
893 1193
893 1339
893 1430
893 1771
894 930
894 1033
894 1247
894 1884
895 1123
895 1770
896 958
896 1263
896 1384
896 1911
897 1174
897 1358
897 1487
897 1518
897 1735
898 1351
898 1478
899 1343
900 1160
900 1177
900 1597
901 1326
901 1752
902 985
902 1057
902 1576
902 1798
903 1116
903 1171
903 1983
904 963
905 1311
906 1162
906 1668
906 1977
907 1959
908 1110
908 1253
909 1152
909 1286
909 1569
909 1917
910 1164
910 1263
910 1498
910 1528
910 1677
911 1345
911 1525
911 1546
912 1562
913 974
913 1244
913 1680
913 1900
914 1336
914 1799
915 1527
915 1638
916 1652
917 1239
917 1681
918 1083
918 1382
918 1863
919 1260
919 1287
919 1420
919 1470
920 1684
920 1874
921 1530
922 1564
924 1718
925 1314
925 1969
926 1176
927 1362
927 1951
928 956
928 1267
928 1553
928 1638
928 1719
928 1722
930 1177
931 1076
931 1244
932 984
932 1674
933 1026
933 1373
935 1737
935 1788
935 1908
937 1099
937 1686
938 1141
938 1300
939 1051
939 1503
940 1307
940 1479
940 1770
940 1796
941 1045
941 1316
941 1856
942 1129
942 1951
943 999
943 1925
945 1614
946 1223
946 1227
948 1048
948 1090
948 1734
949 1266
949 1401
949 1475
949 1668
950 1524
950 1559
951 1142
953 1047
953 1388
953 1924
953 1965
954 1298
954 1844
955 1245
955 1438
955 1849
955 1983
956 1516
958 1022
958 1407
960 988
960 1342
960 1619
961 1973
962 1239
962 1900
963 994
963 1292
963 1363
963 1947
963 1953
964 1503
965 1011
965 1193
965 1348
965 1355
965 1378
965 1662
966 982
966 991
966 1665
967 1007
967 1038
967 1276
967 1474
967 1501
968 1021
968 1457
969 971
969 1694
969 1916
969 1941
970 1060
970 1079
971 1152
972 1167
972 1215
972 1713
972 1838
973 1149
973 1938
974 1418
974 1792
975 1625
975 1807
976 1209
976 1365
976 1595
977 1160
977 1328
979 1865
980 1398
981 1081
981 1401
981 1473
982 1334
983 1466
983 1907
983 1916
984 1794
985 1477
985 1802
987 1439
989 1965
990 1389
990 1421
991 1076
992 1300
992 1705
992 1955
993 1041
993 1146
993 1323
993 1656
993 1702
993 1936
994 1211
994 1817
995 1735
995 1912
996 1140
996 1274
998 1212
998 1800
999 1483
999 1998
1000 1026
1002 1645
1002 1970
1003 1040
1003 1394
1003 1470
1003 1647
1004 1507
1004 1559
1004 1707
1004 1724
1005 1668
1006 1931
1006 1969
1007 1340
1007 1603
1008 1289
1008 1601
1008 1889
1009 1042
1009 1282
1009 1341
1009 1733
1009 1837
1009 1987
1010 1731
1011 1114
1011 1248
1011 1443
1011 1905
1013 1392
1013 1473
1013 1644
1014 1024
1014 1120
1014 1220
1014 1291
1014 1320
1015 1437
1015 1892
1016 1082
1016 1564
1017 1647
1018 1361
1019 1234
1019 1819
1021 1039
1021 1583
1022 1281
1024 1256
1024 1528
1024 1794
1027 1058
1027 1087
1027 1137
1027 1597
1028 1104
1028 1564
1029 1195
1029 1363
1029 1975
1030 1287
1030 1847
1031 1306
1031 1906
1032 1177
1033 1228
1033 1560
1034 1277
1034 1288
1034 1307
1034 1733
1035 1293
1035 1404
1035 1728
1035 1744
1035 1990
1036 1439
1036 1561
1038 1578
1038 1706
1039 1607
1042 1550
1042 1582
1044 1158
1046 1097
1047 1742
1047 1983
1048 1623
1051 1614
1051 1680
1051 1699
1051 1933
1052 1724
1052 1885
1052 1919
1052 1963
1053 1210
1055 1552
1055 1937
1056 1592
1056 1902
1057 1187
1058 1233
1058 1728
1060 1151
1060 1717
1061 1174
1061 1920
1062 1063
1062 1270
1063 1228
1063 1713
1064 1395
1067 1568
1067 1647
1067 1926
1068 1170
1068 1707
1069 1309
1070 1230
1070 1466
1070 1549
1071 1915
1072 1266
1072 1342
1073 1074
1073 1561
1073 1766
1073 1995
1074 1200
1074 1255
1074 1522
1074 1815
1074 1964
1075 1208
1075 1562
1075 1908
1076 1115
1076 1775
1077 1550
1077 1623
1077 1825
1078 1300
1079 1223
1080 1177
1080 1553
1080 1982
1081 1363
1081 1508
1082 1780
1083 1450
1083 1835
1084 1751
1084 1936
1085 1104
1085 1124
1085 1152
1085 1170
1085 1317
1085 1654
1085 1795
1086 1655
1087 1098
1087 1678
1087 1920
1089 1216
1089 1425
1089 1690
1090 1833
1091 1092
1091 1636
1092 1273
1092 1915
1094 1319
1094 1515
1094 1519
1094 1974
1094 1996
1095 1935
1096 1222
1096 1700
1096 1988
1097 1975
1098 1292
1098 1708
1099 1745
1100 1191
1100 1946
1101 1223
1101 1487
1101 1636
1102 1470
1102 1570
1103 1405
1104 1508
1104 1556
1105 1727
1106 1786
1106 1895
1108 1221
1108 1851
1110 1136
1110 1948
1114 1345
1115 1797
1115 1890
1116 1181
1116 1498
1116 1939
1118 1150
1118 1420
1118 1948
1119 1259
1119 1533
1119 1714
1119 1818
1121 1472
1123 1129
1123 1152
1123 1261
1123 1293
1124 1148
1124 1162
1126 1190
1126 1231
1126 1281
1126 1552
1126 1788
1127 1517
1127 1736
1128 1238
1129 1633
1129 1862
1130 1335
1130 1612
1130 1619
1130 1676
1130 1923
1131 1488
1133 1487
1133 1910
1133 1977
1134 1420
1136 1543
1136 1602
1136 1925
1136 1978
1136 1994
1137 1332
1137 1443
1137 1498
1137 1901
1138 1389
1138 1642
1139 1429
1139 1467
1139 1608
1139 1638
1140 1276
1140 1572
1140 1677
1141 1152
1141 1467
1141 1918
1141 1936
1142 1880
1143 1466
1143 1583
1144 1225
1144 1363
1144 1449
1144 1714
1145 1652
1146 1266
1146 1381
1146 1529
1146 1822
1147 1508
1148 1174
1148 1217
1148 1341
1148 1588
1149 1332
1149 1350
1149 1579
1150 1386
1150 1873
1150 1944
1151 1283
1151 1434
1151 1641
1151 1739
1151 1801
1152 1844
1152 1888
1152 1950
1153 1494
1153 1611
1154 1352
1154 1805
1155 1595
1155 1898
1156 1820
1156 1825
1157 1291
1157 1493
1158 1290
1158 1579
1158 1915
1160 1857
1161 1165
1161 1626
1161 1774
1162 1528
1164 1457
1165 1461
1165 1933
1168 1689
1168 1799
1169 1229
1169 1591
1170 1766
1170 1867
1171 1232
1171 1752
1173 1483
1173 1733
1173 1999
1174 1572
1175 1483
1175 1693
1175 1881
1176 1222
1176 1263
1177 1703
1178 1528
1181 1272
1181 1766
1182 1265
1183 1735
1184 1299
1184 1505
1184 1966
1186 1540
1186 1805
1186 1929
1187 1233
1187 1962
1190 1513
1191 1721
1192 1951
1193 1510
1193 1558
1193 1674
1195 1414
1195 1657
1197 1462
1197 1832
1198 1756
1198 1943
1199 1666
1199 1785
1199 1889
1201 1511
1201 1570
1202 1457
1203 1381
1203 1474
1203 1583
1204 1225
1205 1236
1207 1989
1208 1975
1209 1651
1209 1728
1209 1774
1209 1847
1210 1291
1210 1762
1210 1827
1213 1315
1213 1527
1213 1745
1214 1333
1214 1534
1214 1646
1216 1868
1218 1636
1218 1934
1220 1552
1220 1574
1221 1326
1222 1877
1225 1914
1226 1494
1226 1640
1226 1790
1227 1304
1229 1538
1231 1719
1231 1773
1232 1420
1233 1289
1233 1604
1233 1631
1234 1283
1237 1409
1239 1367
1239 1784
1240 1322
1240 1396
1240 1450
1241 1403
1241 1412
1241 1498
1241 1613
1241 1692
1241 1820
1242 1552
1242 1890
1244 1876
1247 1266
1247 1975
1249 1302
1249 1904
1251 1750
1251 1828
1253 1376
1253 1628
1253 1900
1254 1675
1255 1302
1255 1358
1255 1404
1257 1280
1257 1328
1257 1363
1257 1454
1257 1507
1257 1610
1257 1617
1258 1654
1259 1298
1259 1881
1261 1425
1261 1681
1262 1414
1263 1610
1263 1986
1264 1792
1265 1694
1265 1838
1266 1555
1266 1788
1268 1605
1268 1703
1269 1915
1270 1440
1270 1495
1271 1279
1271 1492
1272 1609
1273 1654
1274 1494
1274 1778
1275 1616
1275 1768
1277 1975
1279 1679
1280 1312
1280 1678
1280 1688
1282 1561
1282 1607
1282 1798
1283 1640
1283 1671
1284 1504
1285 1633
1285 1689
1285 1914
1286 1729
1286 1940
1287 1587
1287 1951
1288 1953
1289 1428
1290 1468
1290 1658
1290 1693
1290 1934
1291 1293
1291 1605
1293 1638
1293 1710
1293 1908
1293 1992
1294 1528
1294 1707
1294 1759
1295 1509
1295 1532
1295 1863
1296 1807
1297 1788
1297 1879
1297 1983
1298 1417
1298 1569
1298 1751
1298 1752
1300 1374
1301 1453
1302 1714
1302 1934
1303 1946
1306 1449
1306 1868
1309 1902
1311 1440
1311 1540
1311 1927
1311 1950
1312 1545
1312 1572
1314 1438
1314 1869
1315 1550
1316 1465
1317 1705
1320 1344
1320 1440
1320 1625
1320 1977
1321 1332
1321 1922
1321 1959
1322 1698
1322 1868
1323 1499
1323 1739
1324 1684
1325 1625
1326 1624
1326 1891
1329 1453
1329 1819
1330 1358
1331 1626
1331 1715
1332 1470
1332 1848
1333 1805
1334 1373
1334 1834
1337 1659
1337 1766
1338 1376
1338 1497
1338 1533
1339 1370
1339 1533
1340 1650
1340 1656
1340 1788
1340 1965
1341 1600
1341 1805
1341 1836
1341 1912
1345 1649
1345 1933
1346 1394
1346 1992
1347 1969
1351 1452
1353 1641
1353 1844
1354 1518
1355 1873
1356 1945
1357 1359
1357 1952
1358 1644
1359 1561
1360 1486
1360 1613
1361 1891
1362 1537
1363 1492
1364 1514
1365 1444
1365 1538
1365 1848
1366 1411
1367 1777
1368 1513
1369 1465
1369 1473
1369 1643
1369 1875
1370 1878
1371 1707
1371 1785
1372 1790
1372 1867
1375 1807
1375 1907
1376 1440
1377 1406
1377 1700
1377 1748
1378 1767
1379 1698
1379 1834
1379 1878
1379 1973
1381 1395
1381 1520
1381 1805
1382 1734
1382 1765
1382 1870
1384 1445
1385 1479
1385 1511
1386 1876
1387 1400
1387 1415
1388 1582
1388 1867
1389 1526
1390 1411
1392 1532
1392 1975
1394 1572
1395 1700
1397 1408
1397 1877
1398 1613
1400 1608
1400 1872
1400 1986
1403 1628
1403 1953
1404 1631
1404 1971
1405 1465
1405 1510
1405 1526
1406 1553
1407 1667
1407 1791
1409 1465
1409 1572
1410 1641
1411 1592
1411 1770
1412 1443
1412 1683
1412 1871
1413 1725
1414 1739
1414 1902
1415 1723
1416 1436
1417 1479
1417 1538
1418 1427
1418 1431
1418 1784
1418 1896
1419 1532
1420 1525
1420 1595
1421 1796
1423 1439
1423 1672
1423 1901
1425 1792
1425 1932
1426 1659
1427 1591
1427 1882
1429 1584
1430 1590
1431 1959
1434 1631
1435 1642
1436 1585
1436 1901
1438 1545
1438 1572
1439 1715
1439 1728
1440 1717
1440 1984
1442 1785
1442 1915
1444 1470
1444 1594
1445 1512
1446 1873
1447 1601
1448 1744
1452 1987
1453 1797
1455 1562
1455 1804
1458 1691
1458 1714
1458 1873
1460 1755
1460 1891
1460 1964
1462 1474
1462 1487
1463 1585
1464 1841
1465 1726
1465 1751
1465 1849
1465 1930
1466 1672
1468 1944
1470 1640
1470 1876
1471 1795
1471 1955
1472 1635
1473 1828
1473 1977
1475 1579
1477 1517
1478 1896
1479 1732
1479 1755
1482 1634
1483 1652
1484 1514
1486 1816
1487 1634
1488 1759
1490 1530
1490 1787
1490 1919
1491 1890
1492 1874
1492 1921
1494 1670
1498 1584
1499 1885
1500 1528
1500 1627
1500 1802
1502 1871
1505 1787
1506 1812
1507 1811
1508 1583
1509 1719
1510 1694
1510 1857
1511 1991
1515 1837
1515 1962
1515 1969
1516 1932
1516 1972
1518 1783
1520 1573
1520 1902
1521 1803
1522 1781
1522 1892
1522 1899
1523 1743
1523 1765
1524 1673
1524 1919
1527 1843
1530 1602
1530 1969
1531 1794
1532 1694
1533 1749
1536 1889
1539 1851
1541 1647
1541 1737
1541 1982
1541 1987
1542 1721
1542 1778
1542 1891
1542 1933
1543 1924
1544 1576
1545 1842
1545 1952
1546 1876
1547 1821
1551 1589
1552 1632
1552 1800
1557 1706
1557 1836
1558 1970
1559 1870
1560 1669
1560 1982
1562 1940
1564 1799
1568 1870
1568 1911
1570 1940
1574 1857
1575 1589
1575 1788
1581 1656
1582 1935
1582 1941
1584 1808
1584 1949
1586 1615
1590 1710
1590 1888
1591 1804
1592 1888
1594 1927
1600 1722
1602 1748
1603 1739
1606 1668
1607 1869
1608 1952
1608 1969
1608 1997
1609 1645
1610 1860
1610 1964
1611 1950
1613 1688
1613 1861
1614 1890
1617 1731
1618 1905
1619 1780
1619 1823
1620 1665
1620 1847
1621 1668
1621 1809
1623 1771
1623 1974
1625 1688
1625 1873
1626 1863
1626 1893
1628 1825
1628 1990
1629 1737
1632 1731
1633 1682
1633 1692
1637 1998
1639 1901
1641 1648
1641 1700
1641 1762
1642 1940
1643 1746
1643 1944
1647 1834
1649 1864
1651 1797
1653 1681
1653 1802
1654 1838
1655 1697
1655 1755
1657 1901
1659 1927
1660 1858
1661 1862
1665 1826
1671 1698
1672 1677
1676 1678
1676 1760
1676 1783
1676 1804
1678 1729
1679 1997
1689 1859
1691 1788
1694 1917
1699 1817
1700 1982
1701 1800
1701 1903
1704 1983
1705 1881
1705 1972
1707 1762
1707 1769
1707 1943
1708 1899
1712 1796
1717 1748
1719 1852
1720 1864
1721 1851
1724 1768
1725 1829
1725 1963
1728 1904
1729 1793
1731 1849
1734 1860
1735 1791
1736 1800
1742 1885
1744 1896
1745 1904
1747 1894
1749 1790
1749 1836
1749 1872
1749 1927
1756 1807
1757 1942
1759 1872
1760 1969
1761 1813
1766 1896
1768 1889
1771 1967
1773 1967
1778 1924
1779 1966
1780 1797
1783 1963
1786 1809
1787 1908
1794 1924
1797 1798
1798 1820
1803 1951
1804 1918
1808 1903
1809 1898
1809 1984
1815 1914
1815 1954
1815 1984
1816 1909
1819 1955
1819 1960
1822 1843
1822 1967
1829 1941
1835 1985
1838 1877
1840 1897
1845 1995
1852 1988
1853 1891
1854 1886
1856 1948
1859 1986
1869 1922
1875 1968
1884 1917
1893 1973
1898 1945
1901 1960
1901 1988
1912 1924
1916 1971
1934 1958
1966 1976
1973 1975
