0 952
0 1813
0 1887
0 2063
0 2443
1 1013
1 1356
1 1609
1 3796
2 2894
2 3213
2 3524
3 1105
3 3121
3 3378
4 501
4 1167
4 1586
4 3820
5 1422
5 2307
5 3094
5 3105
5 3687
6 205
6 1641
6 3133
6 3763
6 3939
7 589
7 1028
7 1239
7 1904
7 2115
8 914
8 2290
9 1424
10 459
10 1593
10 1935
10 2628
10 3623
11 423
11 2878
11 3734
12 351
12 3100
12 3239
13 115
13 608
13 719
13 950
13 1002
13 1240
13 2899
14 762
14 1010
14 2499
14 2689
15 80
16 587
16 1829
16 2155
16 2598
16 3438
16 3684
17 72
17 1300
17 2976
17 3238
18 871
18 1174
18 1536
18 2892
18 3148
18 3737
19 565
19 841
19 1444
19 2193
19 2410
19 2798
19 2900
19 3033
20 241
20 688
20 759
20 2161
21 341
21 612
21 1801
21 2213
22 1474
22 2367
22 3119
22 3150
22 3445
22 3687
22 3787
22 3802
23 745
23 3088
23 3547
23 3820
24 606
24 1109
24 2006
24 3725
25 280
25 306
25 854
25 1553
26 273
26 1548
26 3522
27 485
27 781
27 2039
27 3077
27 3673
27 3818
28 744
28 988
28 1475
29 205
29 3648
29 3890
30 161
30 3444
31 1197
31 1250
31 1347
31 2415
31 3121
32 217
32 1114
32 1508
32 2066
32 2874
33 1032
33 2783
34 480
34 3123
35 580
35 3055
35 3803
36 680
36 1429
36 1478
36 2655
36 2963
36 3129
37 3081
37 3205
37 3412
38 312
38 3511
39 937
39 1960
39 3472
40 167
41 1556
41 1639
41 3976
42 1928
42 3710
42 3946
43 191
43 485
43 953
43 2741
43 3651
43 3661
44 1320
44 2802
44 3838
45 1180
45 1940
46 2445
46 3109
46 3170
46 3461
47 909
47 977
47 1972
47 2513
47 3042
47 3622
47 3964
48 1343
48 2362
49 506
49 692
49 1502
50 1711
50 3026
50 3274
50 3743
50 3868
51 560
51 3280
52 897
52 1011
52 1780
52 2166
52 3253
53 317
53 509
53 1578
53 2857
54 570
54 680
54 1445
54 2843
54 2999
54 3180
55 1501
55 2661
55 3418
56 948
56 1276
56 2826
56 3167
57 3723
58 544
58 3097
58 3371
59 1032
59 1745
59 3555
60 1343
60 1735
60 2121
60 2709
60 2767
60 3064
60 3775
61 1048
61 3080
61 3305
61 3466
61 3546
61 3762
62 193
62 771
62 2448
63 271
63 277
63 418
63 663
63 1403
63 1795
63 1933
63 2068
63 2592
64 319
64 2155
64 2287
64 2771
65 278
65 348
65 1316
65 3152
66 464
66 768
66 867
66 1149
66 1402
66 1621
66 2569
67 648
67 1202
68 138
68 976
68 3081
69 3711
70 234
70 239
70 433
70 2900
70 3465
70 3784
71 1499
71 2171
72 2392
72 2742
72 3518
72 3683
73 257
73 976
73 3322
74 3355
74 3922
75 1073
75 1846
75 2350
75 3242
75 3962
76 1536
76 2799
77 1146
77 2463
77 2992
77 3012
78 129
78 501
78 941
78 970
78 1216
78 2561
78 3157
78 3974
79 3342
79 3760
79 3893
79 3963
80 930
80 1515
80 2630
80 3834
81 87
81 717
81 1622
81 2722
84 1593
84 1894
84 2979
84 3213
85 601
85 610
85 1668
85 2757
85 3137
85 3857
86 102
86 883
86 2036
86 3318
87 480
87 1689
87 2157
87 3894
89 121
89 795
89 3366
89 3842
90 324
90 640
90 1313
90 1404
90 2823
91 598
91 967
91 1073
91 2157
91 3409
92 190
92 828
92 2313
93 232
93 1365
93 1435
93 2115
94 1489
94 2633
95 1739
95 1867
95 3841
96 795
96 1308
96 1786
96 2829
97 525
97 602
97 699
97 2365
97 2448
97 3418
97 3996
98 1152
98 1569
98 2063
99 763
99 2267
99 2861
99 3222
99 3614
99 3657
100 2084
101 375
101 762
101 819
101 1630
101 2909
102 833
102 3530
103 2352
103 2883
103 3818
104 1081
104 1670
104 1759
104 2726
105 368
105 1275
105 1388
105 1479
105 2939
105 3980
106 1070
106 2508
107 554
107 693
107 949
107 1541
107 2357
107 3576
108 1256
108 2065
108 2671
108 3480
108 3916
109 480
109 833
109 1778
109 2290
109 2692
109 2729
109 2845
109 3923
109 3996
110 3097
110 3229
111 135
111 263
111 591
111 2812
111 3514
112 808
112 1213
112 1487
113 407
113 2504
113 2601
113 3653
113 3890
114 1128
114 3102
115 1931
116 561
116 1256
116 2262
116 3144
116 3409
117 1072
117 1796
117 2582
118 1560
118 2842
118 3530
118 3943
119 2080
119 2427
119 3588
119 3724
120 1188
120 1576
120 2023
121 786
121 2270
121 2743
121 3902
122 754
122 1603
122 2417
122 2433
122 3268
123 1322
124 540
124 1220
124 1877
124 3377
124 3802
125 2397
126 2944
127 238
127 998
127 1532
127 2073
127 3550
128 1168
128 1518
129 1486
129 2484
130 2880
131 949
131 3108
132 1466
132 2821
133 2109
133 2618
134 189
134 516
134 1614
134 1971
134 3607
134 3674
135 770
135 1893
135 2516
135 2739
135 3151
135 3239
135 3617
136 1825
136 1920
136 2071
136 2559
136 3546
137 716
137 2446
137 3029
138 2066
138 2448
138 3077
139 217
139 3475
140 1776
140 2135
140 3224
140 3347
140 3497
141 199
141 690
141 852
141 2389
141 3426
142 438
142 914
142 1469
142 1956
142 2064
142 2547
142 2671
143 288
143 354
143 1962
143 3190
144 444
144 1253
144 2613
144 3452
145 1823
145 2436
146 943
146 1256
146 2991
146 3778
146 3877
147 2844
147 3554
148 471
148 617
148 867
148 2869
148 3072
148 3136
148 3700
148 3846
149 1879
150 1617
150 1717
150 1826
150 2040
150 2349
150 2452
150 2590
150 3216
150 3906
151 211
151 2189
151 2391
151 2533
151 3658
152 2807
152 3396
153 1126
153 1324
153 1700
154 784
154 810
154 935
154 2377
155 1729
155 1950
155 2502
157 806
157 845
157 1235
157 2178
157 3983
158 671
158 1300
158 2721
158 2901
159 2388
159 2607
159 2975
159 3353
159 3656
160 1181
160 1537
160 2847
160 2904
161 1247
161 1582
162 2445
162 3477
163 1450
163 3018
164 290
164 2037
164 2764
164 3031
165 552
165 3378
165 3635
166 1205
166 1290
166 1298
166 1678
166 2324
166 3233
167 245
167 1611
167 2792
167 3944
168 596
168 995
168 1146
168 1614
168 1738
168 2413
169 3882
169 3953
170 931
170 3045
170 3912
171 622
171 2297
171 2444
171 3354
172 946
172 1871
172 2458
172 2577
172 2607
172 3508
173 616
173 1015
173 1511
173 2139
174 776
174 990
174 1286
174 1832
174 3651
175 1430
176 1121
176 2044
177 325
177 2434
177 3586
177 3824
178 2313
178 3688
179 2037
180 270
180 1336
180 3622
181 2137
181 2705
181 3150
181 3972
182 2638
182 3071
183 379
183 627
183 1532
183 2108
183 3047
183 3785
184 2425
184 3647
185 1449
185 3868
186 2319
186 2363
186 3898
187 2059
187 2361
187 2810
187 3126
187 3931
188 520
188 694
188 1894
188 2913
188 3288
188 3789
189 815
189 1042
189 1384
190 1000
190 2192
190 2414
190 3681
191 717
191 1589
191 1709
191 2019
191 3584
192 1955
192 3131
192 3547
193 1249
193 1393
193 1512
193 1548
193 1585
194 512
194 944
194 2187
194 3023
195 431
195 494
195 739
195 1636
195 2847
195 3241
196 1251
196 2438
196 3480
196 3583
196 3664
197 801
197 2674
197 3442
198 316
198 832
198 856
198 3064
198 3272
198 3298
199 2502
199 3308
199 3597
200 1086
200 1292
200 2547
200 2855
200 2936
200 3945
201 280
201 571
201 2539
201 3473
201 3678
201 3687
202 2147
202 2247
202 3952
203 1288
203 2549
203 3403
204 2317
204 2416
204 3111
204 3420
204 3696
204 3714
204 3787
205 851
205 1511
205 1827
205 2293
205 3345
205 3696
206 298
206 1300
206 1990
206 2743
206 2998
206 3106
206 3704
206 3911
206 3966
207 431
207 3293
209 3344
210 252
210 1002
210 1675
211 293
211 1127
211 3033
212 388
212 1013
213 576
213 3661
213 3925
214 593
214 1445
214 2445
214 2953
214 3079
214 3140
214 3282
214 3677
214 3722
215 909
215 1971
215 2477
216 1346
216 1939
217 512
217 723
217 1940
217 2751
218 322
218 1064
218 1758
218 3075
218 3339
218 3707
219 3492
220 1715
220 2237
221 1755
221 3596
221 3995
222 1133
222 2300
223 879
223 1143
223 1659
223 2236
223 2347
223 3932
224 2387
224 2955
224 3950
225 2248
226 418
226 3099
227 1030
227 1767
227 2380
227 2940
227 3445
227 3530
227 3546
227 3610
228 2507
228 2517
228 2726
228 3011
229 2531
229 2718
229 3029
229 3194
229 3264
229 3676
230 817
230 882
230 3063
230 3472
231 1559
231 3153
232 386
232 428
232 495
232 2533
232 3035
232 3802
233 741
233 758
233 1544
233 2411
234 1144
234 1413
234 2587
234 2685
234 3583
235 353
235 3894
236 1877
236 2094
236 2473
236 2633
236 3249
236 3781
237 381
237 612
237 920
237 1302
237 2195
237 2707
237 3179
237 3433
237 3725
238 700
238 894
238 1757
238 3113
238 3630
239 1411
239 1831
239 1969
239 3712
240 543
240 829
240 947
240 1092
240 1813
240 3190
241 242
241 1912
241 2233
241 3931
242 2017
242 2576
242 2719
242 2885
242 3057
242 3783
243 2898
243 3014
243 3119
244 870
244 1944
244 3740
245 758
245 1199
245 1350
245 2074
245 3904
246 3194
246 3324
246 3817
247 439
247 647
247 2036
247 2226
247 3844
248 1544
248 2469
248 3869
249 679
249 1367
250 408
250 701
250 1953
251 648
251 1329
251 1385
251 2034
251 2602
251 3487
252 1020
252 1826
252 2407
252 2950
253 833
253 1819
253 2324
254 546
254 779
254 1308
254 1973
254 3800
255 2415
255 2543
255 3093
256 353
256 409
256 546
256 842
256 2200
256 2599
256 3353
257 517
257 765
257 1175
257 2783
257 2786
257 3704
258 485
258 825
258 1034
259 1433
259 2056
259 2188
260 1418
260 1777
261 406
261 1582
262 855
262 2550
262 3207
262 3963
263 1698
263 3666
264 310
264 1835
265 387
265 1318
265 2698
265 3406
266 1087
266 2724
266 3362
266 3499
267 1748
267 2413
268 1961
268 3437
269 3854
270 997
270 1303
270 3224
270 3755
271 819
271 1648
271 2245
271 2612
272 1077
272 1917
273 817
274 813
274 1855
274 2060
274 3917
275 1790
275 1840
275 2501
275 2518
275 3218
276 640
276 1546
276 2006
276 3238
277 415
277 1680
277 1903
278 598
278 626
278 784
278 1680
278 3144
278 3285
278 3603
278 3803
279 838
279 3830
280 802
280 2734
280 2756
280 3099
280 3573
281 1406
281 1502
281 1543
281 3545
281 3874
283 653
283 2797
283 3707
283 3820
284 1189
284 1607
284 2935
284 3012
284 3353
285 2579
285 3585
286 1757
286 1935
286 2258
286 2576
287 1285
287 1889
287 2232
287 2590
287 3041
287 3556
288 1204
288 2073
288 2828
288 3185
288 3859
289 470
289 2245
289 2465
289 3662
289 3898
290 2418
291 3085
292 1901
292 2958
292 3011
293 542
293 1316
293 1988
293 2904
294 1438
294 1658
294 3796
295 957
295 1460
295 2192
296 941
296 2369
296 3382
298 1311
298 1767
298 3137
299 772
299 1538
299 1868
299 3015
300 1601
300 3103
300 3425
300 3669
301 2761
301 3761
301 3921
302 3875
303 781
303 3305
304 482
304 672
304 928
304 2118
304 2364
305 1271
305 2042
305 2519
306 507
306 826
306 1669
306 2113
306 3876
307 920
307 2025
307 2200
307 3675
308 1582
309 743
309 1173
309 2782
309 2840
309 3161
309 3424
309 3451
309 3455
310 1885
310 2334
310 3096
311 2402
312 348
312 1384
312 1512
312 1588
312 2615
313 385
313 488
313 859
313 2825
313 3649
313 3678
314 1104
314 2245
314 2572
315 1422
315 1673
315 1887
315 2399
315 2501
315 3980
316 1637
316 3167
316 3996
317 459
318 3956
319 610
319 1973
319 2686
319 3491
319 3683
319 3707
320 654
320 2367
320 3004
320 3695
321 627
321 801
321 1545
321 2814
321 3457
322 3069
322 3837
322 3927
323 1171
323 1206
323 3415
324 406
324 568
324 858
324 1364
324 1448
324 1951
324 2002
324 3205
324 3702
325 1663
325 2833
325 3755
326 3263
326 3449
326 3575
327 583
327 2381
328 352
328 911
328 2520
329 1232
329 2121
329 2277
329 3050
329 3627
330 425
330 617
330 2546
331 1279
331 3186
331 3195
331 3354
331 3962
332 1477
332 2052
332 2857
332 3444
333 602
333 2992
333 3290
334 1973
334 2929
334 3083
335 749
335 761
335 826
335 1546
335 2824
336 1123
336 2393
336 2761
336 3593
336 3766
337 1540
337 1997
337 2175
337 2690
337 3147
337 3340
337 3966
338 1083
338 1231
338 2194
338 2568
338 3215
339 442
339 1339
339 2294
339 3267
339 3995
340 2212
341 401
341 1096
341 1825
341 1857
341 2368
341 3132
342 1098
342 2191
342 3722
343 702
343 3501
343 3545
344 1161
345 1172
345 1634
345 2051
346 1860
346 2109
346 3278
347 666
347 3276
348 586
348 1709
349 1607
349 2665
349 3542
352 1368
352 1374
352 2081
352 3338
353 1696
353 2544
353 3172
353 3413
353 3868
354 1881
354 2721
354 3547
354 3744
355 607
355 2783
355 3267
356 393
356 397
356 546
356 1831
356 1975
356 3507
356 3803
356 3856
357 419
357 2172
357 3125
357 3987
358 470
358 549
358 2467
358 2568
358 3371
358 3957
359 607
359 2660
359 3392
360 977
360 1127
360 1742
360 2217
360 2634
360 2635
360 3361
361 564
361 1828
361 2905
361 3188
361 3196
361 3421
361 3656
362 1664
362 1926
363 462
363 1275
363 2537
363 2579
363 2635
363 3418
364 941
364 2571
364 2741
364 3701
365 550
365 1879
365 2495
365 3768
366 699
366 1627
366 2726
366 3040
366 3868
367 512
367 916
367 2223
368 413
368 1226
368 1385
368 2309
368 3067
368 3107
368 3859
369 381
369 923
370 1682
370 1694
370 1860
370 1900
370 2179
370 2644
370 2880
370 3594
371 498
371 1494
371 2159
371 2320
371 3465
372 826
372 2364
372 2755
372 3192
372 3299
372 3493
372 3963
373 1485
373 1585
373 1709
373 2101
373 2239
373 2447
374 540
374 914
374 3426
374 3792
375 3972
376 1624
377 967
377 2384
377 2806
377 3899
378 948
378 1747
378 2357
378 3187
379 1076
379 1852
379 2370
380 1959
380 2433
381 1108
381 1986
381 2824
381 3094
381 3176
381 3306
382 764
382 1357
382 3002
382 3095
382 3519
383 682
383 1708
383 2918
384 760
384 787
384 1536
384 1714
384 2669
384 2771
384 3018
385 482
385 1029
385 1734
386 387
386 1270
386 1403
386 2098
386 3258
386 3814
387 605
387 1497
387 1626
387 2985
388 1888
388 3644
388 3739
389 471
389 3746
390 434
390 587
390 608
391 857
391 1299
391 1714
391 2564
391 3661
392 868
392 1793
392 2324
392 3002
393 626
393 1892
393 2755
393 3245
393 3593
393 3722
394 941
394 2676
394 2919
394 3282
395 1754
395 3369
395 3681
396 654
396 931
396 1016
396 1018
396 1896
396 3604
398 1422
398 2498
398 2954
398 3599
398 3871
399 1116
399 2297
399 2605
399 2634
399 3785
400 3272
401 506
401 1894
401 1985
401 2952
401 3271
401 3280
402 689
402 833
402 1487
402 1840
402 3025
402 3468
403 1218
403 1382
403 2877
404 2350
404 2975
404 3044
404 3206
404 3417
405 3184
406 455
406 961
406 2473
407 747
407 2000
407 2383
407 3482
408 2561
408 2777
408 3124
409 750
409 3105
409 3507
410 1582
410 2544
410 2609
410 3096
411 666
411 3453
412 1809
413 569
413 2857
413 3079
414 544
414 966
414 1707
414 2461
414 3132
415 580
415 720
415 1351
415 2856
415 3076
415 3303
416 986
416 3816
416 3858
417 1360
417 1778
417 2063
417 3114
418 525
418 3312
419 1350
419 1829
419 2998
420 770
420 1667
420 2405
420 2519
420 2781
421 1261
422 1101
422 2925
422 3869
423 694
424 499
424 1919
424 2741
424 2864
424 2886
425 1796
425 1834
425 3399
426 1597
426 3916
427 719
427 1757
427 1847
427 2235
427 2777
427 3036
427 3241
427 3372
427 3548
428 2891
428 3999
429 2131
429 2370
430 1257
430 3010
430 3421
431 1426
431 1628
431 2117
431 3306
431 3483
431 3664
431 3909
432 878
432 2577
432 2717
432 2854
434 1751
434 3581
435 1056
435 1358
435 2248
435 2745
435 2861
435 2957
435 3211
435 3702
436 1212
436 1603
436 2584
436 3317
437 699
437 2230
437 3472
437 3731
438 668
438 2260
438 2597
439 1431
439 1445
440 1568
440 2116
442 753
442 1290
442 2191
442 2199
443 1370
443 3585
444 2551
445 525
445 947
445 1283
445 3028
445 3494
446 1963
446 3175
446 3259
446 3949
447 848
447 1522
447 2061
447 3696
448 1604
448 2318
449 577
449 1769
449 2205
449 2252
449 2984
449 3008
449 3273
450 1116
450 1567
451 1052
451 1966
451 3490
452 491
452 2608
452 3886
453 1131
453 1189
453 1809
453 2512
453 2546
454 1742
454 2957
454 3073
455 572
455 949
455 2500
456 2328
456 2452
457 512
457 1326
457 1940
457 2949
457 3119
458 819
458 1245
458 1459
458 2616
459 2959
460 528
460 3784
461 840
461 1791
461 2303
461 3428
462 606
462 2140
462 2251
462 2486
462 2684
462 3124
463 850
463 1241
463 2480
463 2551
464 700
464 3380
465 1371
465 3257
466 737
466 986
466 1009
466 1187
466 1379
466 2765
468 626
469 798
469 1393
469 2537
469 2671
469 2778
470 652
470 2158
471 2281
471 2294
471 2599
471 3060
472 795
472 1187
472 1422
472 1533
472 2433
472 2878
472 2926
472 3991
473 1594
473 2695
474 638
474 1506
474 2745
474 3388
474 3485
474 3781
475 2287
476 784
476 1222
476 3063
477 1079
478 604
478 2248
478 2474
478 3156
478 3410
478 3785
479 840
479 1860
479 3021
480 2466
480 3600
481 1088
481 1296
481 1811
481 2561
481 2593
481 2941
481 3142
481 3464
482 3412
482 3992
483 569
483 1708
483 2454
484 1104
484 1705
484 2369
484 2469
484 2574
484 3341
485 799
485 1125
485 1825
485 2953
485 3135
486 1405
486 1922
486 1956
487 596
487 860
487 983
487 1034
488 607
488 755
488 1898
488 2032
488 2753
489 530
489 973
489 1358
489 1542
489 1647
489 2124
489 2308
489 2934
489 3399
489 3778
490 1849
490 2030
490 2437
491 3864
492 784
492 1120
492 2270
492 3862
494 1849
494 1885
494 2287
494 2832
495 704
495 1470
495 2443
496 1052
496 1229
496 2781
497 612
497 1479
498 639
498 1415
498 1461
498 2301
498 3096
499 776
499 1001
499 1626
499 1652
500 516
500 1394
500 3029
501 551
501 619
501 848
501 2387
501 2976
501 3819
502 1636
502 1856
502 2613
503 673
503 768
503 1165
503 2150
503 2656
503 2967
503 3818
504 1327
505 1125
505 1772
505 2177
505 2320
505 2718
505 2948
506 580
507 664
507 1043
507 1115
507 1322
507 2616
507 2965
507 3467
508 2092
508 2492
509 906
509 3895
510 978
510 2319
510 3257
510 3450
511 2380
511 2684
512 2492
512 2665
513 634
513 2167
513 3788
514 3897
515 787
515 1943
515 3349
515 3955
516 987
516 1831
516 1933
516 2096
516 2284
516 3208
516 3782
516 3859
517 1330
517 1597
518 915
518 1025
519 1197
519 1399
519 1686
519 3643
520 809
520 1715
520 2385
521 1756
521 3037
521 3880
522 1135
522 1203
522 1785
522 2073
522 2595
522 3046
522 3278
523 1957
523 3799
523 3814
524 3129
524 3301
525 673
525 784
525 1278
525 2201
525 2293
525 3067
526 848
526 1544
526 2590
527 1364
527 1654
527 2133
527 3652
528 703
528 1568
529 683
529 1242
529 1914
529 2454
529 3777
530 1922
530 2490
530 3838
532 557
532 3179
532 3723
532 3790
533 3742
534 1269
534 1345
534 3487
535 846
535 1580
535 1861
535 3343
536 2562
536 2796
536 3810
537 2218
537 3013
538 1221
538 2300
539 1638
539 2471
539 3752
540 999
540 2189
540 3572
540 3817
542 572
542 1190
542 1922
542 2316
542 2753
542 3594
543 1693
543 2455
543 3397
544 916
544 1179
544 3861
545 1949
545 2249
546 1554
546 1675
546 1730
547 1777
548 863
548 1546
548 2307
549 1375
549 1572
549 2041
549 2547
549 3495
550 564
550 3455
551 848
551 942
551 1576
551 2728
551 2846
551 3573
552 1261
552 1621
552 1646
552 1648
552 1837
552 2115
552 3734
553 1379
553 3076
553 3349
553 3455
554 1855
554 2304
554 3480
554 3963
555 1441
555 2308
555 2425
555 3598
556 1806
556 3375
556 3399
556 3525
556 3573
557 1042
557 1745
557 1821
557 2413
557 2495
557 2930
557 3114
557 3530
558 2246
558 3824
559 603
559 653
559 2566
559 3595
561 2320
561 2376
561 3164
562 2859
562 3160
562 3406
563 1257
563 1349
563 2145
563 3190
563 3204
563 3993
564 574
564 1300
564 1390
564 1788
564 2550
564 2949
565 2485
565 2528
565 2605
565 3206
565 3694
565 3977
567 708
567 969
567 1657
567 3166
568 1353
568 1602
568 2285
568 2437
568 3528
569 2908
569 3273
570 803
570 2198
570 3112
571 713
571 2415
571 3473
571 3897
572 1856
572 3814
573 2644
574 1710
574 2533
574 3554
575 1294
575 1441
575 1843
575 2516
575 3191
575 3371
576 2004
576 2442
576 3787
577 732
577 795
577 2057
577 2254
577 3254
577 3828
578 3566
578 3866
579 650
579 1286
579 2204
579 2392
579 3768
580 1470
580 3721
581 849
581 1348
581 2618
581 3358
582 776
582 2633
582 3083
582 3395
583 926
583 1010
583 1075
583 1444
583 2917
584 2560
584 3023
584 3255
585 759
585 835
585 1361
585 2016
585 2870
585 2888
585 3840
586 1681
586 2223
587 1211
587 1599
587 1834
588 1087
588 1908
588 2501
588 2518
589 1103
590 1313
590 3769
591 1099
591 1191
591 1290
592 779
594 1286
594 1391
594 1886
594 2602
594 2932
595 1713
595 2073
596 1353
596 2752
596 3583
597 3942
598 2185
598 2481
599 2011
599 2915
600 1636
600 2176
600 3533
600 3589
600 3683
601 3300
601 3349
601 3922
602 1086
602 2333
602 2557
602 2727
602 3066
603 605
603 2907
603 3844
604 1021
604 2040
604 3333
605 878
605 1526
605 2000
605 3750
606 2229
606 3490
607 1903
607 2340
607 3421
608 841
608 1162
608 1856
608 3256
609 2014
609 2270
610 2265
610 2654
610 3197
611 3637
612 901
612 1287
612 2084
612 2198
612 2249
612 2338
612 2622
612 3228
612 3726
613 2069
613 2097
614 2672
614 3872
615 1323
615 1894
615 2257
616 1777
616 2702
616 2876
617 3253
617 3793
618 855
619 855
619 1042
619 1110
619 3426
619 3598
620 1026
620 3303
620 3649
621 2235
621 3995
622 2014
622 3594
623 2072
623 2401
623 2503
624 805
624 1014
624 1352
624 1693
624 2138
625 2139
625 2274
625 3895
626 1747
626 1895
626 2974
626 3176
626 3477
627 1344
627 1756
627 2597
627 2619
627 3764
628 1022
629 1771
629 1794
629 2049
629 2500
629 2530
629 3207
630 3790
631 846
631 1816
631 2136
631 2778
631 2807
632 1377
632 1988
632 2491
632 3540
633 992
633 1433
633 1837
633 3081
634 1986
634 2421
635 1385
635 3031
636 880
636 1816
636 2075
636 2188
636 2363
637 769
637 823
637 1517
637 2090
637 2683
637 3702
638 1052
638 2992
638 3646
638 3689
639 884
639 1705
639 3488
640 777
640 1632
640 2724
640 3048
641 1664
641 1938
641 2043
641 2442
642 867
642 3520
643 1204
643 1498
643 3670
643 3672
644 833
644 1147
644 2145
644 3682
645 697
645 1017
645 1022
645 3988
646 1331
647 3933
648 1657
648 2114
648 2148
648 2151
649 1443
649 1841
649 1872
649 2342
650 2587
650 3791
651 1958
652 1479
652 1726
652 1879
652 2419
652 3104
653 786
653 2746
653 3097
653 3593
653 3805
654 2232
655 1256
655 2518
655 3060
656 2147
656 3447
657 1631
657 3133
657 3476
657 3593
658 1102
658 2356
658 2649
658 3612
659 1496
659 1877
659 2660
659 3120
659 3264
659 3816
660 1253
660 3089
660 3713
660 3876
661 1057
662 837
662 1112
663 698
663 1371
663 2163
663 2260
664 1421
664 1676
664 2373
664 2536
664 2671
664 3011
664 3625
664 3797
665 1615
665 2171
666 700
666 1039
666 2480
666 3013
666 3796
667 1493
667 3366
667 3592
668 2289
668 2944
669 1306
669 2248
669 3585
670 720
670 2250
670 3324
670 3603
671 828
671 939
671 1355
671 2378
671 2453
671 3032
672 1142
672 3255
673 1241
673 1884
674 2133
674 2370
674 3477
675 1567
675 1665
675 1978
675 2986
676 2081
676 2562
677 2178
678 801
678 2130
678 2234
678 2796
678 3201
679 747
679 1531
679 1753
679 2216
679 2302
680 1009
680 2348
681 1185
681 3834
682 1036
682 1221
682 1450
682 1975
682 2051
682 3891
683 2901
684 1087
684 1227
684 1693
684 1740
684 2200
684 2299
684 2452
685 1360
685 2141
685 2956
685 3731
686 1026
686 1791
686 2182
686 3238
686 3407
687 2491
688 798
688 856
688 1133
688 1250
688 1894
688 1989
688 3291
688 3824
689 1637
689 2939
689 3838
690 1040
690 1136
690 1789
690 1911
690 3009
690 3142
690 3512
691 1777
691 2017
691 2040
692 1040
692 1200
692 3051
693 1484
693 2722
693 3878
694 770
694 799
694 2586
694 2904
694 3743
695 738
695 1357
695 3890
696 1398
696 3487
697 1034
697 1847
697 2174
698 1402
699 1124
699 3929
700 1313
700 1945
700 2508
700 2668
700 3074
701 1090
701 1499
701 1914
701 3578
702 2224
702 2870
702 3107
702 3359
702 3427
703 2386
703 2958
704 2490
704 2898
705 1022
705 1039
705 1466
705 1706
705 3310
705 3945
706 951
706 2557
706 2915
708 1846
708 1938
708 2678
708 3065
708 3362
708 3854
709 2795
710 986
710 1888
710 1906
710 2215
711 2663
711 3096
711 3853
712 905
712 1177
712 2346
712 3053
712 3408
712 3463
713 2117
713 3164
713 3801
713 3979
714 751
714 1666
714 2389
714 2420
715 2726
716 1842
716 3050
716 3847
718 1846
718 3686
719 1146
719 3707
720 1637
720 1864
720 3787
721 866
721 937
721 1251
721 2248
721 2332
721 2954
722 725
722 975
723 3519
724 814
724 1064
724 2710
724 2720
724 3357
724 3588
725 1714
725 3088
725 3659
726 1581
726 2380
726 2449
726 2685
727 1022
727 1577
727 3075
728 1507
728 3717
729 844
729 1513
729 2512
729 3770
730 995
730 1644
730 1940
730 2433
730 3228
730 3238
731 806
731 1695
731 2470
732 819
732 2054
733 1608
733 2181
733 2949
733 3797
734 2552
734 2697
734 3386
735 1153
735 2085
735 2152
735 3090
736 1156
736 2567
737 3043
738 1485
738 1830
738 2673
738 3152
738 3698
740 1177
740 1498
740 1520
740 3207
741 930
741 1523
741 1803
741 2280
741 2776
741 2920
741 3322
742 1356
742 2891
743 887
743 1223
743 2060
743 2461
743 3101
744 2347
744 2482
744 2599
744 3603
745 1791
745 3661
746 943
746 1453
747 808
747 1356
747 2270
747 2382
747 2647
748 1007
748 1621
748 1755
748 2026
748 2209
748 2278
748 3867
749 1405
750 1596
750 2128
750 3664
750 3813
751 1900
751 2564
751 3502
751 3977
752 1828
752 2889
753 2000
753 2652
753 3770
754 990
754 3998
755 800
755 2654
755 2838
756 2295
757 1890
757 2774
757 3144
758 1872
758 2310
758 2818
758 3858
759 1270
759 1664
760 1423
760 3202
760 3780
761 2197
761 2328
761 3050
761 3233
761 3509
761 3875
762 1751
762 1812
762 2659
763 2884
763 3209
763 3700
764 1585
764 1643
764 3254
764 3428
764 3704
764 3909
765 1279
765 2365
765 3005
765 3316
766 876
766 2186
766 2664
766 3209
766 3288
767 973
767 1916
767 2576
767 3019
767 3062
767 3575
768 1531
768 1810
768 3654
768 3848
769 3720
770 1864
771 3260
771 3650
772 991
772 1901
772 3889
773 792
773 876
773 1219
773 2341
773 2973
773 3322
773 3412
773 3726
773 3914
774 910
774 1064
774 1346
774 1448
775 1583
775 2744
776 1258
776 2626
776 3004
776 3082
776 3168
777 2146
777 3853
778 1038
778 1404
778 2532
778 3793
779 2442
779 3680
779 3772
779 3882
780 2129
781 3181
781 3278
782 824
782 911
782 1888
782 2835
782 3560
783 2322
783 3006
783 3495
783 3718
784 3083
784 3163
785 807
785 1423
785 2369
786 2116
786 2510
786 2624
786 3804
787 1744
787 1828
787 2525
787 2648
787 3044
788 1855
788 3401
789 832
789 1621
789 2729
789 3276
790 1979
790 2320
790 3580
792 987
792 1661
792 2139
792 3107
793 1226
793 1832
793 1886
793 2208
793 3134
794 1183
794 1624
794 2362
794 2926
794 3117
794 3882
795 894
795 1263
795 2762
796 1083
796 1089
796 1308
796 1593
796 2162
796 2909
796 3497
797 914
797 2135
798 989
798 2644
798 2792
798 3538
799 1096
799 1452
799 1940
799 3406
800 1844
800 3633
801 1739
801 2254
801 2658
801 3909
802 851
802 1485
802 2973
803 1759
804 1370
804 1640
804 2458
804 2488
804 2719
805 1165
805 1857
805 2196
805 2532
805 2841
806 2689
806 2834
807 827
807 1462
807 1523
807 1847
807 2665
807 3095
808 3953
809 3593
810 2902
810 2976
810 3591
811 1200
811 2799
811 3079
811 3702
812 1515
812 2309
812 2899
813 1436
813 2091
814 3349
815 1471
815 1589
815 2607
815 3158
815 3274
815 3385
815 3648
815 3769
816 3468
816 3559
817 1747
818 2799
818 3782
819 2569
819 2917
820 1031
820 1245
820 2099
821 1034
821 1779
821 3246
821 3688
822 994
822 1085
822 1476
822 2130
822 2537
822 3796
824 2836
825 1324
825 3057
825 3101
826 1707
826 2901
827 912
827 2343
827 2441
827 2532
827 3115
828 997
828 3133
828 3818
829 1825
829 1872
829 3166
829 3236
829 3835
830 2001
830 3157
831 1559
831 2771
832 3479
833 1135
833 3196
834 2199
834 3063
835 1253
835 2631
835 2787
835 3288
835 3834
835 3870
836 3880
838 1904
839 3139
840 1345
840 2036
840 2965
841 1960
841 2857
841 3602
841 3688
842 2124
842 3592
842 3928
843 1008
843 1551
843 1781
843 1926
843 1983
843 2273
843 2899
844 1050
844 1947
844 2271
844 2792
844 3037
844 3312
845 2559
845 3256
845 3802
846 1062
847 989
848 2026
849 1562
849 2634
849 2777
849 3549
850 1517
850 1608
850 2079
850 3033
850 3194
850 3710
851 1263
851 1669
851 2096
851 2121
851 2788
851 2942
852 1031
852 1482
852 1638
853 1713
853 2239
853 3694
854 1842
854 2467
854 3234
854 3813
855 917
855 1712
855 2049
855 2138
855 3420
855 3536
856 3840
857 1030
857 2599
857 2959
857 3878
858 3488
858 3855
859 2789
859 2900
860 2740
860 3609
861 1861
861 2038
861 2129
861 2223
861 2973
862 1360
862 2494
862 2542
863 1912
863 3413
864 1442
864 3082
864 3131
864 3827
865 2021
865 3293
865 3800
866 1692
866 2239
866 2743
866 3152
867 1711
867 2034
867 3716
868 1100
868 1609
868 3591
869 2661
869 2778
869 3787
871 1078
871 1512
871 2415
871 3933
872 1752
872 2000
872 2084
873 1699
873 3618
874 1391
874 1692
874 2262
874 2267
874 2399
874 3798
875 1104
875 1121
875 1942
875 3099
876 1716
876 3130
876 3336
876 3338
877 1923
877 3090
878 1728
878 2546
878 2767
878 3275
879 2927
879 3291
880 1253
880 1417
880 3374
881 3101
881 3294
882 1154
882 1315
882 1570
882 2613
882 2904
882 3359
883 1866
883 2944
884 1990
884 2340
884 2511
884 3365
885 3324
885 3541
886 1133
886 3728
887 1365
887 1730
887 2098
887 2197
887 3308
888 1132
889 2946
889 3035
889 3687
889 3817
890 2861
891 2481
892 1700
892 2117
892 2450
893 1144
893 1783
894 973
895 975
895 2155
895 2503
895 3676
896 2057
896 2477
896 3290
896 3688
897 1007
897 1039
897 1150
898 1771
898 2352
898 2590
898 2992
898 3146
898 3917
899 2078
899 2511
900 1369
900 1573
900 2648
900 2815
900 3173
900 3340
900 3460
901 2441
901 2935
901 3964
902 1551
902 3162
902 3736
903 2304
903 2706
904 1340
904 1705
904 2440
904 2785
905 2303
905 3216
905 3521
905 3556
905 3719
906 1156
906 1339
906 1666
907 3236
908 2056
908 2541
909 2028
911 1079
911 1836
911 2204
911 2596
912 1539
912 3408
912 3896
913 1196
913 2965
913 2972
913 3325
913 3845
915 1182
915 1443
916 1502
916 2637
916 3765
918 2443
918 2590
918 2986
919 3033
919 3248
920 1766
920 1944
920 2310
920 2484
920 3228
920 3514
921 2171
921 2590
921 2616
922 3858
923 1129
923 1850
923 2150
923 3155
923 3998
924 957
924 1243
924 2079
924 3007
925 1010
925 1045
925 2479
925 2692
925 3111
926 1274
926 1813
926 2441
926 3354
926 3790
926 3832
927 2322
927 2987
928 2394
928 2900
929 1529
929 1723
929 1725
931 1783
931 2728
931 3551
931 3622
932 2066
932 2244
932 2917
932 3416
933 1345
933 2131
934 2957
935 967
935 1786
935 2059
935 2134
935 3622
936 1059
936 1065
936 3993
937 1672
937 1976
937 2135
937 3273
938 1697
938 2635
938 3065
939 2494
940 1394
940 1676
940 2147
941 1294
941 2143
941 2476
941 2773
941 3503
942 2341
943 2032
943 3837
943 3857
944 2213
944 2285
944 3370
945 1219
946 1243
946 2048
947 1252
947 2474
947 2947
948 3354
948 3687
949 1053
949 1179
949 1455
949 1478
950 1460
950 1988
951 1367
951 1836
951 1873
951 2372
951 3291
952 2032
952 2144
952 3885
953 2234
953 2319
953 2415
954 2377
954 3581
955 1346
955 1839
955 1953
955 3608
956 3006
957 1049
957 2123
958 1164
958 2337
959 3499
960 1291
961 2416
961 3117
961 3364
962 1542
962 2303
962 3688
962 3715
963 1212
963 1686
963 3246
964 2410
964 2554
964 2573
964 2593
964 3900
965 2076
965 3788
966 1255
966 1291
966 2501
966 2517
966 3048
966 3283
966 3443
967 1910
968 1043
968 1705
968 3084
969 2356
969 2581
969 2924
969 3973
970 2366
971 1542
971 2797
972 1905
973 1290
973 2145
973 3584
974 2515
974 2620
974 3639
975 2717
975 3549
976 1886
976 2982
976 3343
976 3561
977 1006
979 1795
979 2647
979 2749
979 2834
980 2802
980 3481
980 3994
981 1021
981 2613
981 3280
982 1997
982 2074
982 2197
983 1739
983 1854
983 2620
983 3841
984 1559
984 1945
984 3344
984 3848
985 1018
985 1140
985 1521
985 1627
985 2315
985 2497
985 3209
985 3257
985 3561
985 3780
986 2478
987 1836
987 2164
987 2958
988 1555
988 2502
988 3304
988 3582
989 1179
989 1433
989 2270
989 3340
990 2995
991 1859
991 2269
992 1239
992 3046
992 3099
992 3490
994 1418
994 3253
994 3743
996 1513
996 2134
996 2306
996 2573
996 2598
997 3028
998 1062
998 2209
998 3808
998 3858
999 2323
999 2474
999 2679
999 3511
1000 2484
1000 3051
1000 3963
1001 1539
1001 2586
1001 3469
1002 3185
1003 1162
1003 1395
1003 3122
1003 3200
1004 1995
1004 2620
1004 3305
1005 2330
1005 2628
1005 2664
1005 2752
1005 2955
1005 3486
1006 1014
1006 1228
1007 2019
1007 3775
1008 1884
1008 2356
1008 2458
1008 2567
1008 3055
1009 3571
1010 1512
1010 1802
1010 2739
1010 3076
1010 3795
1011 1553
1011 1946
1011 2711
1012 1453
1012 1698
1013 1797
1013 1983
1013 3996
1014 1597
1015 2515
1015 2881
1016 1760
1017 1605
1017 2027
1017 2905
1017 3741
1018 1550
1018 2093
1019 1773
1020 1821
1020 2129
1020 2856
1020 3855
1021 2104
1021 3483
1021 3498
1022 1259
1022 2505
1022 3918
1023 1242
1023 2547
1023 3033
1023 3378
1024 2236
1024 3264
1024 3557
1024 3633
1025 2145
1025 3660
1026 1570
1026 2694
1026 3696
1026 3872
1027 1166
1027 1421
1027 1733
1027 2570
1027 3109
1027 3692
1027 3877
1028 2330
1028 2845
1028 3864
1029 2189
1029 2464
1029 2680
1029 3782
1030 1312
1030 1596
1030 2795
1031 1111
1031 1237
1031 2225
1031 3630
1031 3825
1032 2173
1032 2854
1032 3253
1033 1194
1033 2568
1033 2890
1034 3020
1035 3121
1035 3260
1035 3607
1036 1923
1036 2129
1036 2243
1036 2658
1036 3690
1037 1998
1037 2873
1038 2025
1038 2198
1038 2304
1038 3648
1039 1977
1040 2451
1040 3177
1041 2280
1042 2034
1042 2203
1042 2356
1042 3070
1043 1979
1044 1099
1044 1733
1044 2026
1044 2792
1044 3098
1045 1162
1045 1199
1045 1773
1045 3196
1045 3237
1046 1521
1046 3184
1046 3227
1046 3809
1047 1940
1047 3309
1048 1429
1048 1908
1048 2371
1048 3474
1048 3998
1049 1791
1049 3147
1049 3815
1050 1483
1050 3128
1051 1269
1051 1332
1051 2020
1051 2652
1051 3682
1052 2206
1052 2497
1052 2841
1052 3179
1052 3470
1053 1791
1053 2003
1053 2512
1053 3424
1053 3486
1053 3926
1054 1501
1054 3294
1054 3917
1056 2276
1057 1379
1057 3907
1058 1163
1058 1425
1058 1743
1058 2872
1058 2883
1059 2067
1059 3246
1060 3217
1060 3657
1061 2127
1062 1933
1062 2287
1063 1414
1063 1531
1063 1845
1063 3131
1063 3478
1064 1452
1065 1854
1065 2520
1066 1326
1066 3540
1066 3653
1067 2774
1067 3302
1067 3652
1068 2244
1069 1239
1069 3603
1070 2086
1070 2114
1070 2150
1070 3672
1070 3796
1071 2292
1071 2658
1072 1642
1072 1909
1072 2606
1072 3206
1072 3577
1073 1943
1073 2549
1073 3271
1074 1558
1075 1956
1075 2455
1075 3768
1076 1373
1076 2019
1076 2022
1076 2423
1076 2965
1077 1240
1077 2364
1077 3338
1078 1203
1078 2415
1078 3244
1079 1781
1079 2322
1080 2380
1081 3101
1081 3720
1082 2435
1082 2546
1082 3913
1082 3924
1083 2225
1083 3552
1084 2337
1084 2445
1084 2682
1084 3205
1084 3902
1085 1287
1085 1411
1085 3803
1086 1247
1086 1360
1086 1810
1086 3543
1087 1139
1087 1551
1087 2473
1087 2518
1087 2787
1087 2948
1087 3069
1088 1750
1088 2065
1088 3577
1089 3022
1089 3613
1090 1864
1090 2779
1092 1416
1092 2287
1092 3246
1092 3802
1093 3879
1094 2525
1094 2672
1094 2679
1095 1688
1096 2255
1096 3347
1096 3699
1097 2870
1097 3640
1098 1270
1098 1704
1098 1715
1098 1778
1098 2132
1098 3260
1099 2787
1099 2923
1099 3845
1100 1160
1100 1971
1100 2395
1100 2856
1100 3975
1101 1822
1101 2666
1101 3296
1102 1220
1102 2327
1102 2445
1102 3573
1103 1568
1103 2776
1104 3093
1105 1412
1105 3125
1105 3526
1105 3625
1106 1625
1106 1970
1106 2953
1106 3078
1106 3464
1107 3572
1107 3781
1108 2086
1108 3662
1109 1590
1109 2109
1109 3971
1110 2515
1110 3369
1111 1790
1111 2204
1112 1167
1113 2537
1114 1450
1114 2153
1114 2437
1115 1226
1115 2012
1115 3695
1116 2203
1117 1500
1117 1997
1117 2754
1117 3084
1117 3850
1118 1219
1118 1339
1118 1842
1118 2038
1118 2922
1118 2944
1119 2042
1119 2882
1119 3221
1120 1523
1120 2945
1120 3267
1120 3803
1121 1206
1121 2200
1123 2035
1124 1383
1124 2484
1124 2516
1124 2825
1124 3985
1125 1410
1125 3293
1125 3822
1126 1826
1127 2079
1128 1345
1129 2262
1130 2761
1130 3005
1130 3685
1131 1719
1131 1749
1131 2497
1131 2995
1131 3387
1132 2775
1132 2812
1132 3280
1133 1412
1133 1892
1133 1906
1133 2034
1133 2311
1133 2359
1133 3526
1134 1388
1134 3540
1134 3926
1135 3316
1135 3450
1136 1370
1136 3323
1137 2138
1137 2289
1137 3509
1137 3989
1138 1278
1138 2155
1138 2404
1139 3878
1141 1344
1141 3468
1141 3722
1141 3941
1142 3379
1143 1436
1143 2051
1143 3619
1144 3915
1146 2678
1147 2133
1147 2505
1147 2707
1147 2762
1148 1211
1148 1474
1148 1670
1148 2003
1148 3807
1149 1598
1149 2956
1149 3630
1150 1766
1150 2113
1150 2919
1150 3323
1151 1714
1151 3298
1152 1467
1152 3236
1152 3717
1153 1580
1153 1808
1153 3321
1153 3863
1153 3920
1154 1567
1154 1889
1154 3275
1154 3586
1155 1936
1155 2627
1155 2975
1156 1275
1156 1335
1156 2976
1156 3305
1157 1912
1157 2484
1157 2855
1157 2928
1158 1966
1158 2376
1158 2581
1158 2911
1159 1330
1159 1888
1159 3196
1159 3876
1160 1546
1160 3292
1161 3270
1162 2416
1162 3457
1162 3985
1163 1598
1163 3120
1163 3424
1163 3823
1164 2539
1164 2592
1164 2618
1164 3339
1164 3746
1164 3845
1166 1295
1166 2651
1166 2672
1166 2868
1167 2448
1168 3213
1170 1282
1170 2134
1172 2437
1173 1730
1173 2217
1173 3593
1174 3024
1174 3063
1175 3366
1175 3686
1176 1357
1176 1616
1176 2053
1176 2218
1176 2807
1176 3755
1177 1511
1177 1769
1177 1789
1177 2398
1177 3025
1177 3456
1179 3397
1180 1565
1181 2119
1181 2909
1181 3215
1181 3219
1182 1266
1182 2450
1182 3965
1183 1584
1184 3350
1184 3815
1184 3988
1185 3528
1185 3875
1185 3964
1185 3993
1186 2104
1188 1504
1189 1538
1189 1967
1189 3557
1190 1537
1190 2097
1190 2201
1190 2563
1191 1475
1191 1842
1191 2308
1191 3297
1192 1209
1192 1680
1192 2810
1192 3527
1192 3968
1193 1532
1193 1850
1193 2465
1193 2718
1193 3061
1194 2488
1194 2534
1194 2685
1194 2766
1195 1358
1195 1543
1195 2008
1196 1509
1196 1733
1196 1972
1196 3585
1197 2016
1197 2907
1198 2503
1198 3123
1198 3485
1198 3963
1199 2767
1199 2906
1200 1503
1200 2812
1201 1566
1201 3380
1202 1813
1202 3097
1202 3490
1202 3708
1203 2027
1203 2906
1204 1725
1204 2125
1205 1484
1205 1707
1206 3716
1206 3811
1207 1772
1207 2044
1207 2275
1207 2295
1207 3356
1207 3669
1208 1301
1208 2173
1208 2655
1208 3163
1209 1847
1209 2438
1209 2566
1209 3905
1210 1539
1210 1690
1210 2516
1210 2616
1210 3387
1210 3616
1210 3798
1211 3242
1211 3255
1211 3485
1212 2592
1212 3687
1213 2389
1213 3341
1214 2148
1214 2315
1214 2744
1214 3222
1215 1605
1215 2095
1215 3068
1216 1940
1216 2066
1216 2352
1216 3225
1216 3586
1217 1948
1217 3217
1217 3571
1218 1251
1218 2559
1220 3044
1220 3088
1221 1342
1221 2455
1221 2495
1221 3092
1222 3284
1222 3344
1223 2318
1223 2549
1223 3603
1224 1253
1224 1807
1225 1584
1225 1788
1225 2695
1225 3162
1225 3406
1225 3681
1226 2922
1226 3640
1228 1260
1228 2276
1228 2956
1228 3326
1228 3422
1228 3701
1229 2139
1229 2991
1229 3520
1230 2647
1230 2982
1230 3849
1231 2893
1231 3132
1232 3124
1233 1425
1233 2543
1233 2560
1233 2715
1234 2248
1234 3232
1235 1808
1235 2275
1235 2775
1235 3713
1236 1602
1236 1832
1236 2007
1237 1809
1237 2023
1237 2272
1237 2869
1238 2991
1238 3328
1240 1379
1240 3401
1240 3970
1241 1971
1241 2129
1241 2430
1241 3522
1241 3745
1241 3861
1242 3420
1243 2849
1243 3478
1243 3586
1244 1494
1244 2357
1244 3319
1244 3700
1245 2360
1246 2496
1246 2650
1247 1641
1247 2119
1247 3417
1247 3872
1249 3964
1250 2049
1250 2732
1250 3745
1250 3906
1252 2548
1252 3309
1252 3699
1253 2920
1254 1494
1254 2580
1254 3212
1255 2432
1255 3614
1255 3959
1256 1913
1256 2357
1256 2594
1256 2838
1258 1306
1258 2734
1258 2795
1259 1279
1259 3010
1260 1364
1262 1289
1262 1565
1262 1968
1262 2318
1262 2730
1262 2970
1262 2989
1262 3725
1263 1949
1264 3759
1265 1779
1265 3873
1266 1333
1266 1923
1268 2009
1268 2224
1268 3429
1269 2698
1269 2741
1270 1400
1270 2497
1270 2675
1270 2721
1270 3817
1271 3619
1271 3645
1271 3920
1272 1346
1272 1654
1272 2450
1273 2225
1273 2895
1274 1876
1274 3972
1275 1648
1275 1891
1277 1934
1278 1431
1278 2119
1278 2474
1278 3250
1278 3866
1279 1374
1279 1400
1279 2080
1280 1429
1280 1781
1281 3187
1281 3571
1282 1434
1282 1941
1282 2306
1282 3454
1283 1577
1283 1710
1283 1796
1283 2783
1283 2855
1283 3188
1283 3322
1283 3922
1284 1625
1284 3107
1284 3199
1284 3958
1285 3157
1286 1378
1286 2053
1287 2025
1287 3100
1288 1623
1288 3631
1289 2325
1289 3774
1290 2622
1290 3579
1290 3676
1290 3902
1291 3674
1291 3702
1292 1969
1292 2044
1293 1431
1293 2135
1293 2921
1293 3125
1293 3571
1294 1749
1294 3068
1296 2284
1298 2124
1299 1805
1299 1953
1299 3484
1300 1895
1300 3182
1301 1389
1301 2595
1301 2741
1301 2964
1302 2755
1302 3472
1302 3846
1302 3968
1303 3017
1304 1344
1304 1509
1304 2358
1305 1461
1305 2265
1305 3529
1305 3748
1306 1582
1306 1783
1306 2177
1306 2959
1306 3941
1306 3973
1307 1942
1307 2018
1308 2024
1308 3770
1309 1694
1309 3989
1310 2427
1310 2641
1310 2679
1310 3141
1310 3276
1311 3687
1312 2576
1312 3071
1312 3797
1314 1439
1314 1917
1314 2250
1314 2584
1314 2996
1314 3409
1315 1964
1315 2397
1315 2926
1316 1553
1316 2328
1316 2476
1316 2656
1316 2946
1317 1336
1317 3663
1318 1907
1318 2479
1318 2772
1320 3943
1321 1873
1321 2659
1321 2860
1321 3021
1322 2606
1322 3257
1323 1604
1323 2348
1323 3857
1324 2445
1324 3126
1324 3813
1325 3253
1326 3421
1327 2159
1328 3040
1329 2462
1330 1878
1330 3057
1331 1768
1331 3678
1331 3835
1331 3955
1332 1346
1332 1496
1332 1915
1332 3359
1334 2063
1335 2600
1336 2223
1336 2368
1336 3208
1337 2790
1337 3664
1338 2183
1338 2826
1338 3080
1338 3381
1339 2136
1340 1743
1340 1780
1340 2710
1340 3042
1341 2931
1341 3330
1341 3668
1341 3890
1341 3944
1342 2939
1342 3446
1343 1524
1343 3706
1343 3743
1344 1991
1344 3296
1345 2381
1347 1759
1347 3271
1347 3356
1347 3442
1348 3179
1348 3470
1349 1783
1349 2335
1349 3313
1349 3452
1350 1497
1350 2110
1350 2521
1351 1720
1351 3961
1352 1994
1353 1570
1353 1645
1353 2845
1353 3992
1354 3636
1354 3677
1355 2911
1355 3806
1356 2109
1357 1417
1357 1960
1357 3806
1358 1771
1358 2005
1358 2223
1358 2288
1358 3159
1359 1496
1359 2525
1360 1463
1360 1492
1360 1647
1360 2094
1360 2607
1360 3213
1361 3651
1362 2437
1362 3827
1362 3873
1363 1527
1363 2259
1363 2298
1363 3029
1363 3511
1364 1405
1364 3112
1364 3309
1364 3806
1365 1794
1365 2492
1365 3136
1366 1652
1366 1919
1366 2303
1366 2368
1366 2848
1366 3030
1367 1715
1367 1779
1367 1960
1367 3389
1369 1996
1369 2539
1369 3103
1370 1398
1370 1589
1370 2209
1370 2597
1370 3157
1370 3670
1370 3796
1371 3630
1372 2361
1372 2916
1372 3467
1372 3675
1372 3981
1373 1490
1373 3243
1374 1375
1374 1811
1374 2431
1374 3096
1374 3780
1375 3744
1376 2460
1376 3577
1377 1964
1377 2271
1377 2751
1378 1691
1378 2411
1378 3834
1379 2073
1379 3013
1380 2109
1380 2747
1380 3203
1380 3590
1381 2140
1381 2188
1381 2370
1382 3714
1382 3967
1383 1457
1383 1561
1383 2420
1383 3138
1384 1796
1384 2093
1384 3472
1385 2509
1385 2682
1385 3947
1386 3390
1387 1725
1387 3517
1387 3608
1388 2280
1389 1683
1389 2420
1389 2656
1389 3312
1390 2913
1390 2923
1390 3960
1391 1439
1391 2908
1392 1779
1392 3774
1392 3832
1393 3147
1393 3677
1394 1752
1395 1605
1395 2600
1396 1861
1396 3578
1397 1894
1397 2600
1398 1451
1398 2464
1398 2566
1398 3633
1399 1786
1400 1758
1400 2338
1401 1828
1401 1986
1401 2838
1401 3046
1401 3555
1401 3802
1402 1616
1402 3851
1403 2761
1404 1445
1404 1584
1404 2756
1404 3446
1405 2115
1406 2626
1406 2936
1406 3483
1407 1807
1407 2715
1407 2790
1407 3405
1408 1518
1408 2466
1408 3669
1408 3862
1409 2566
1410 1656
1410 1702
1410 2435
1411 2310
1412 2371
1412 3649
1412 3829
1413 2059
1413 2109
1414 3433
1415 2263
1415 2635
1415 2721
1416 1479
1416 2667
1417 1960
1417 3849
1418 3762
1419 1628
1419 1672
1419 2835
1419 2931
1420 1664
1420 2206
1420 2527
1420 3015
1420 3268
1421 1628
1421 1950
1421 3981
1422 1984
1422 2266
1423 1469
1423 1534
1423 2320
1423 2550
1423 3921
1424 2976
1424 3579
1424 3709
1425 1927
1425 2241
1425 3096
1426 2021
1426 2721
1426 2777
1426 3383
1426 3939
1430 3476
1430 3658
1431 2621
1432 1639
1432 3482
1433 2998
1433 3705
1433 3941
1434 1754
1434 1819
1434 3103
1434 3111
1434 3239
1435 2039
1435 2113
1437 3373
1437 3472
1438 1645
1438 1905
1438 3812
1439 2934
1439 3083
1439 3422
1440 1531
1440 1961
1440 1991
1440 2026
1440 3583
1440 3640
1441 3150
1442 3721
1443 1606
1443 1952
1443 3258
1443 3527
1444 3506
1445 1692
1445 1950
1445 2346
1445 3739
1445 3801
1446 1696
1446 2574
1446 3100
1446 3414
1446 3505
1448 2190
1448 3910
1449 3652
1450 1914
1450 2700
1450 2980
1451 1854
1451 2697
1451 3881
1452 1856
1452 2261
1453 3053
1454 1614
1454 2065
1454 2824
1454 3748
1454 3814
1455 2176
1455 2761
1455 2953
1455 3062
1455 3114
1455 3254
1455 3935
1456 2176
1456 2683
1457 1682
1457 2279
1457 2515
1457 2549
1457 2703
1458 1692
1458 2004
1458 2609
1458 3274
1459 1739
1459 1928
1459 2677
1460 2379
1460 3240
1460 3875
1461 2617
1462 2160
1462 3064
1462 3965
1463 1717
1463 1784
1463 3131
1463 3338
1463 3705
1463 3955
1464 1741
1464 3723
1464 3970
1466 2781
1467 1668
1467 3126
1468 2108
1468 3907
1468 3925
1469 2641
1469 2786
1469 3791
1471 2088
1472 2544
1472 2939
1472 3898
1473 1557
1473 2727
1474 2251
1474 2503
1476 3433
1477 1564
1477 2170
1478 3185
1478 3232
1478 3432
1478 3719
1479 2425
1479 2885
1479 3016
1479 3379
1480 1570
1480 2497
1480 3041
1480 3199
1480 3334
1481 2969
1481 3347
1481 3526
1481 3623
1482 1564
1482 2484
1482 3514
1483 2423
1483 2649
1483 3824
1484 3209
1485 1925
1485 2141
1485 2489
1487 2546
1487 2884
1488 1722
1488 2746
1489 2328
1489 2778
1489 3189
1489 3479
1489 3669
1489 3895
1489 3976
1490 2720
1490 2775
1490 2898
1490 3542
1490 3874
1491 1521
1491 1614
1491 1686
1491 1859
1491 2225
1491 2969
1492 2377
1493 2025
1493 3070
1493 3216
1493 3609
1494 2121
1494 2143
1494 3633
1495 2610
1496 2971
1496 3599
1497 2362
1498 1856
1498 2499
1498 2940
1498 3030
1498 3151
1499 3275
1500 3213
1501 2863
1502 2490
1502 3907
1503 1785
1503 1878
1505 1928
1506 2158
1506 2286
1507 2922
1507 2935
1507 3529
1507 3711
1508 2332
1508 3063
1508 3091
1508 3543
1508 3674
1508 3697
1509 1812
1509 2283
1509 3295
1509 3477
1509 3696
1510 3278
1511 2772
1512 1802
1512 3335
1513 3449
1514 2317
1514 3326
1514 3702
1515 3916
1516 2112
1516 2129
1516 3452
1516 3804
1516 3882
1517 2892
1517 3708
1518 3428
1518 3798
1519 1698
1519 1795
1519 3457
1520 2312
1520 2371
1520 2825
1521 1652
1521 2917
1521 3510
1522 1636
1522 3353
1524 1904
1524 2736
1525 1603
1525 1610
1525 3052
1525 3759
1526 1863
1526 1866
1526 3853
1526 3886
1527 1548
1527 2418
1527 3097
1527 3190
1527 3852
1528 2119
1529 1737
1529 1865
1529 3428
1530 2989
1531 2173
1531 3309
1531 3425
1531 3842
1533 2851
1534 2369
1534 2422
1535 1756
1538 2272
1539 2846
1539 3728
1539 3888
1540 1549
1541 1737
1541 2316
1542 3049
1543 1997
1543 2036
1544 1555
1544 3317
1545 2117
1546 1790
1546 2471
1546 3792
1547 1664
1547 2029
1547 2512
1547 2657
1547 2717
1547 3747
1548 1753
1548 1766
1548 2132
1548 2347
1548 2374
1548 2568
1548 2864
1548 3740
1549 1581
1549 3646
1550 2720
1550 3350
1550 3531
1551 2370
1551 2852
1552 1847
1552 1917
1552 2873
1552 3772
1554 1746
1555 1699
1555 1886
1555 2984
1555 3233
1555 3531
1556 3734
1557 3460
1558 2180
1558 2522
1558 3749
1559 1759
1559 3766
1560 3701
1561 1824
1561 3007
1561 3622
1562 2260
1562 2452
1562 2640
1562 3977
1563 1650
1563 2598
1563 3115
1563 3977
1564 3406
1564 3495
1565 2763
1565 3564
1565 3579
1566 1837
1566 2903
1566 3926
1567 1922
1567 2832
1568 1631
1568 1776
1568 3439
1569 1619
1569 1757
1570 3133
1572 3124
1573 1975
1573 1982
1573 2628
1573 3477
1574 2077
1575 1841
1575 2299
1575 2653
1576 1867
1577 1989
1578 3082
1579 2636
1579 3793
1580 3773
1581 2910
1581 2990
1581 3366
1581 3471
1581 3615
1582 1670
1582 2234
1582 2391
1582 3607
1582 3664
1583 2294
1583 3132
1583 3711
1584 1713
1584 2618
1584 3807
1585 1891
1585 2420
1585 2854
1585 3244
1586 2298
1586 2457
1586 2639
1586 3168
1586 3281
1586 3702
1587 1860
1587 3161
1587 3417
1588 3629
1588 3888
1588 3913
1589 1596
1589 2820
1590 2721
1590 3042
1591 1886
1591 2065
1591 3213
1591 3749
1591 3867
1592 1866
1593 2405
1594 1934
1594 2005
1594 2845
1594 3354
1594 3685
1595 2071
1595 2374
1596 2395
1596 2664
1597 1958
1597 3043
1597 3990
1598 1914
1598 3900
1599 3585
1600 1610
1601 3488
1602 1665
1602 2695
1602 3281
1602 3377
1603 1877
1603 2528
1603 2531
1603 2619
1603 3201
1604 1650
1604 3052
1604 3585
1605 2167
1606 1807
1606 2040
1606 3223
1606 3820
1606 3999
1607 3837
1608 1659
1608 2796
1609 2344
1609 2595
1610 2472
1612 2331
1612 3101
1612 3551
1614 1880
1614 1904
1614 2321
1614 3630
1614 3797
1615 3140
1616 1832
1616 2591
1616 3249
1616 3493
1617 3410
1618 2149
1618 2536
1619 2436
1619 2595
1619 3308
1619 3888
1620 2801
1620 3612
1621 2263
1621 2314
1621 2382
1622 3106
1623 1673
1623 1951
1624 2200
1625 3215
1625 3229
1625 3436
1626 3658
1628 2388
1629 3145
1630 2718
1630 3712
1631 3058
1631 3584
1631 3908
1632 2116
1632 2163
1632 2181
1632 3618
1632 3716
1633 2397
1633 3470
1634 2625
1634 3077
1634 3385
1635 2802
1635 3481
1635 3620
1636 1935
1636 3215
1636 3797
1637 2669
1637 2793
1637 3824
1638 3538
1639 3762
1640 1677
1640 2008
1640 2133
1640 2357
1640 2543
1640 3559
1641 1675
1641 2396
1641 2647
1641 2856
1642 2381
1643 2853
1643 3823
1644 2307
1644 2792
1646 3570
1647 1766
1647 2403
1647 2586
1647 3408
1648 3440
1648 3837
1649 2138
1650 2150
1650 2152
1650 2762
1651 1867
1651 3377
1652 1755
1652 2462
1652 3398
1653 1917
1654 2368
1654 2390
1654 2685
1655 2430
1655 3964
1656 1962
1656 2156
1656 2205
1656 3226
1656 3295
1656 3691
1656 3953
1657 1910
1658 2264
1658 3469
1659 1782
1659 2181
1659 2759
1660 2121
1660 2478
1660 3811
1662 3453
1663 2852
1664 2473
1665 1793
1665 3549
1666 1711
1666 2766
1666 3482
1666 3510
1666 3535
1666 3840
1666 3863
1667 3224
1667 3575
1668 2194
1668 2544
1668 3406
1669 3111
1670 2315
1670 2378
1670 2726
1670 2915
1670 2932
1671 1709
1671 1755
1671 1945
1671 3091
1672 2141
1672 3069
1673 1851
1673 2250
1674 2603
1674 2888
1674 2995
1674 3348
1674 3616
1675 3193
1675 3576
1676 3387
1677 1881
1678 3343
1678 3789
1679 2051
1679 3542
1679 3898
1680 2080
1680 2419
1680 2637
1680 3768
1681 2292
1682 3440
1682 3613
1683 1755
1683 1932
1683 2751
1683 3355
1683 3531
1683 3852
1684 3623
1685 3933
1686 1751
1686 3117
1686 3119
1687 3060
1687 3300
1687 3563
1687 3728
1687 3953
1688 2176
1688 2355
1688 3865
1689 2008
1689 2758
1689 3111
1690 1945
1690 2047
1690 2822
1690 3815
1690 3876
1692 3176
1692 3525
1693 2626
1693 2698
1693 2791
1694 1958
1694 3054
1695 1923
1695 2034
1695 2455
1695 2812
1695 3168
1696 2406
1696 3338
1696 3405
1696 3809
1697 2655
1698 1966
1698 2097
1698 2873
1698 3689
1699 2446
1699 3021
1699 3039
1699 3241
1699 3306
1699 3860
1700 3415
1701 1898
1701 3549
1702 2049
1702 2592
1702 3039
1702 3086
1703 2571
1703 2992
1703 3822
1703 3851
1704 1832
1704 3583
1705 1828
1705 2481
1705 2882
1705 3768
1705 3847
1706 2161
1706 3420
1706 3530
1706 3663
1706 3713
1706 3875
1707 3480
1708 2434
1708 2900
1709 1879
1709 3529
1709 3899
1710 3402
1712 2422
1712 3967
1713 2003
1713 2284
1713 2783
1713 3567
1714 1963
1714 2462
1715 1860
1715 2560
1715 2594
1715 3500
1716 1935
1716 3645
1717 1919
1717 2772
1717 3241
1718 2200
1718 3054
1718 3418
1719 1928
1719 3533
1720 1795
1720 1803
1720 2015
1720 2428
1721 2428
1721 3084
1721 3189
1722 2419
1723 3105
1724 2367
1725 2454
1725 3665
1726 1733
1726 3071
1726 3976
1727 2616
1727 3690
1729 2031
1729 3225
1729 3228
1730 2135
1731 1879
1731 2161
1731 2626
1731 3350
1732 1745
1732 2095
1732 2852
1732 3081
1732 3223
1732 3248
1733 1932
1734 3207
1734 3827
1735 3087
1736 3081
1736 3084
1736 3085
1737 1883
1737 2952
1738 1854
1738 2652
1738 3622
1739 3554
1740 2711
1740 2839
1741 2244
1741 2573
1741 2888
1742 2977
1742 3030
1742 3895
1743 2075
1743 2126
1743 2228
1743 3151
1743 3764
1744 2130
1744 2787
1744 3408
1744 3464
1745 2138
1745 2267
1745 2484
1746 2476
1746 3850
1747 1964
1747 2549
1747 2925
1747 3895
1748 2853
1748 3398
1748 3609
1749 2243
1749 3125
1750 3073
1750 3462
1750 3628
1751 2308
1751 2549
1751 2588
1751 2842
1753 2944
1754 1765
1754 1910
1754 2116
1754 2132
1754 2858
1755 2485
1755 3188
1756 1802
1756 2937
1756 3061
1756 3614
1757 2309
1757 2601
1757 2809
1757 3059
1757 3527
1757 3871
1758 2118
1759 2493
1759 3719
1760 2234
1761 2002
1761 3620
1761 3915
1762 1772
1762 2639
1762 2826
1762 3220
1762 3723
1764 2092
1765 1937
1765 2889
1765 3976
1766 2864
1767 3189
1768 3496
1769 3060
1770 2044
1770 3317
1771 2078
1771 2276
1771 2447
1771 2478
1773 2032
1773 3100
1773 3166
1773 3546
1773 3824
1774 1889
1775 2559
1775 2710
1775 3898
1777 2494
1777 2840
1777 3697
1778 1985
1778 2388
1779 2379
1779 2500
1780 3044
1781 2067
1781 2993
1781 3406
1782 1812
1783 3048
1785 2789
1785 3618
1785 3995
1786 1798
1786 2371
1787 3901
1788 2146
1788 3782
1789 2510
1789 3576
1789 3659
1791 2356
1792 3094
1792 3891
1794 2865
1794 2916
1794 2932
1794 3964
1795 2464
1795 2949
1795 3024
1795 3387
1796 3978
1797 2955
1797 3709
1797 3994
1798 2197
1798 2686
1798 3538
1798 3779
1798 3961
1799 2170
1799 2182
1799 2672
1799 3040
1800 1995
1800 2540
1800 2696
1800 2817
1800 3228
1802 2232
1803 2142
1803 2207
1803 3173
1803 3538
1804 3387
1806 2194
1806 2338
1806 3127
1806 3693
1807 2177
1807 2837
1808 1827
1809 2591
1810 2493
1810 3361
1810 3513
1811 1869
1811 2769
1811 2878
1811 3762
1812 1837
1813 2057
1813 2358
1813 2726
1814 2804
1814 3493
1814 3563
1815 2443
1815 2676
1815 2749
1815 2818
1815 3704
1816 2552
1816 2652
1818 2983
1819 2046
1819 2560
1819 3296
1820 2166
1820 3690
1821 3983
1822 1823
1822 2931
1822 3134
1823 2130
1823 2372
1823 2471
1823 3515
1825 2630
1825 3636
1826 3991
1827 2897
1827 3133
1828 1885
1828 3583
1828 3759
1828 3887
1830 2169
1830 2813
1831 2882
1833 2492
1833 3232
1835 2489
1835 3607
1835 3680
1836 2500
1836 2615
1837 3848
1838 2410
1839 2261
1839 3005
1839 3058
1839 3094
1839 3810
1840 2929
1840 3515
1841 3692
1841 3833
1841 3844
1841 3898
1842 1873
1845 2010
1845 2886
1845 2891
1845 2921
1845 3366
1846 2399
1847 2597
1847 2824
1847 3386
1848 3213
1848 3363
1848 3367
1849 2179
1849 3390
1849 3734
1850 1866
1850 2079
1850 3161
1851 2435
1851 3280
1851 3642
1852 1973
1852 3822
1853 2076
1853 2543
1853 3844
1854 2990
1856 3121
1856 3717
1858 2627
1858 2972
1858 3077
1859 2452
1859 2631
1860 2003
1860 2528
1860 2802
1861 3109
1861 3508
1861 3569
1861 3671
1862 2615
1862 2720
1862 3654
1863 2436
1863 2584
1863 3677
1863 3684
1863 3972
1864 2029
1864 2419
1864 3397
1864 3788
1865 2058
1865 3894
1866 2241
1866 2317
1866 2796
1867 2528
1867 3635
1867 3935
1869 2078
1870 3103
1871 2758
1872 2475
1872 3076
1872 3891
1873 2013
1873 2689
1873 3303
1873 3910
1874 2334
1874 2906
1874 2966
1874 3337
1874 3708
1875 2746
1875 3128
1875 3330
1875 3708
1876 2143
1876 2398
1876 3708
1876 3768
1877 2059
1877 2315
1877 2363
1877 3693
1878 2765
1879 2289
1880 1986
1880 3468
1880 3695
1881 3496
1882 3713
1882 3874
1883 1904
1884 2655
1884 3128
1885 3548
1886 2737
1886 2950
1886 3072
1887 2514
1887 3185
1888 3667
1889 2766
1890 2742
1891 3011
1891 3857
1892 2444
1892 2869
1892 2886
1893 2259
1893 2958
1893 2980
1894 2785
1894 3518
1894 3880
1896 2417
1896 2514
1896 2866
1897 3758
1898 2996
1898 3265
1899 3846
1900 3668
1902 3589
1903 3153
1904 3944
1905 2816
1905 2887
1905 3175
1905 3359
1906 2406
1906 3454
1907 3036
1907 3046
1908 2248
1908 2340
1908 2774
1908 2834
1908 3897
1910 2285
1910 3326
1911 2547
1912 3011
1913 2712
1913 3841
1914 2174
1914 2972
1916 2924
1916 3813
1917 2581
1917 3721
1917 3738
1918 2537
1918 2573
1918 3269
1918 3799
1919 2593
1919 2665
1919 2780
1919 3378
1919 3602
1919 3713
1920 2683
1920 3509
1921 2995
1922 2031
1922 2347
1922 2397
1922 2965
1922 3180
1922 3989
1923 3789
1923 3830
1924 3072
1924 3710
1925 2938
1925 3303
1926 2003
1926 2650
1926 3383
1926 3506
1927 2932
1928 1979
1928 2763
1928 2913
1929 2667
1930 2902
1930 3986
1931 2192
1931 3465
1932 2629
1932 3685
1933 2675
1934 2820
1934 3086
1935 2178
1935 3061
1935 3779
1936 2568
1937 2265
1938 2404
1938 2529
1938 3958
1939 3276
1940 2693
1940 2992
1940 3055
1940 3445
1941 3978
1942 2347
1942 3502
1942 3524
1942 3528
1943 3523
1944 2575
1944 2859
1944 2965
1944 3942
1945 2538
1945 3083
1945 3915
1946 2592
1946 3506
1948 3726
1949 2734
1949 2781
1950 2567
1950 2733
1951 2783
1952 2416
1952 3035
1952 3682
1953 2844
1953 3745
1954 2446
1954 3329
1954 3961
1955 3343
1956 2321
1956 2562
1956 3216
1956 3825
1957 3195
1957 3534
1958 2172
1958 2638
1960 2534
1960 3319
1961 2250
1961 3517
1962 2620
1962 2962
1962 3702
1962 3951
1963 2755
1963 3945
1964 2277
1964 2280
1964 3057
1966 2506
1966 3380
1967 2666
1967 3744
1968 2269
1968 2811
1968 3859
1969 2809
1969 3412
1969 3482
1970 2771
1970 3846
1971 3576
1972 2095
1972 2104
1972 2754
1973 2793
1973 3239
1973 3325
1973 3533
1974 2046
1974 2924
1974 3609
1975 2342
1976 2379
1976 2731
1976 3249
1976 3515
1977 3911
1978 2058
1978 3342
1979 3973
1980 2403
1980 3001
1980 3004
1981 2734
1981 3613
1982 2736
1982 2903
1982 3470
1983 2280
1983 2500
1983 2915
1984 2469
1984 3639
1984 3775
1986 2184
1986 3968
1987 3240
1988 2344
1988 2882
1988 2918
1988 3388
1988 3831
1989 2688
1989 3523
1989 3738
1990 1994
1992 3862
1993 2954
1993 3098
1994 3841
1994 3923
1995 2177
1995 2876
1996 3525
1997 2851
1997 3129
1997 3760
1998 2088
1999 2172
1999 2335
1999 2405
2000 3447
2001 2310
2001 3334
2001 3957
2003 3013
2003 3899
2004 2270
2004 3069
2006 2164
2007 2404
2007 3191
2007 3975
2008 2686
2008 3111
2008 3399
2008 3498
2008 3511
2008 3719
2009 2837
2009 3946
2010 3961
2011 2181
2011 2226
2011 2285
2011 3150
2012 3428
2013 3600
2014 2365
2014 2610
2016 3165
2016 3688
2018 2468
2019 2416
2019 2804
2019 3385
2019 3587
2020 3274
2021 3694
2021 3959
2022 3416
2022 3790
2023 2245
2023 3219
2024 2167
2024 2306
2024 3556
2025 2298
2026 3299
2026 3626
2028 2929
2029 3504
2029 3915
2029 3934
2030 2036
2030 2904
2031 2521
2031 2691
2031 3209
2032 3304
2032 3419
2032 3923
2033 2634
2033 2641
2033 3544
2033 3823
2034 2771
2035 3087
2035 3248
2035 3283
2036 2378
2036 3496
2037 2096
2037 3577
2038 3198
2038 3615
2039 3216
2040 2135
2040 2388
2040 2608
2042 2722
2042 3210
2043 2173
2043 3459
2044 2883
2044 3426
2045 2424
2045 3147
2045 3233
2046 2065
2046 3509
2047 3403
2047 3855
2048 2940
2048 3723
2050 2567
2050 3064
2050 3088
2050 3181
2051 3613
2052 2967
2052 3099
2053 3468
2055 2187
2055 3228
2056 2417
2056 2420
2056 2678
2056 3862
2057 2318
2057 3381
2058 3058
2058 3253
2058 3284
2058 3934
2059 3814
2061 2307
2061 2341
2061 2599
2061 3075
2061 3700
2062 2103
2062 2295
2062 3443
2062 3542
2063 2165
2065 2306
2065 2471
2065 3609
2065 3646
2065 3913
2066 3636
2067 2269
2067 3135
2067 3226
2067 3432
2067 3764
2068 2666
2070 2526
2070 3904
2072 2248
2072 2749
2073 2654
2074 3812
2075 2298
2075 2423
2075 2877
2075 3726
2075 3835
2077 2098
2077 3067
2077 3075
2077 3956
2078 2147
2078 2472
2078 2845
2078 3087
2078 3491
2079 2660
2079 2924
2079 3122
2081 2336
2082 2130
2082 3133
2082 3425
2083 2111
2085 2377
2086 2191
2087 2627
2088 2162
2088 3315
2089 2412
2089 3038
2090 2292
2090 2425
2090 2573
2090 3783
2090 3990
2092 3555
2093 2129
2093 3238
2093 3374
2094 3525
2094 3881
2095 2282
2095 2389
2095 3363
2096 3536
2097 3613
2098 2316
2098 3130
2099 2645
2099 3736
2101 3203
2102 3490
2103 2446
2103 2509
2103 3117
2103 3148
2103 3603
2104 2455
2104 2668
2104 2751
2104 3419
2104 3457
2104 3941
2105 3323
2106 2751
2107 2778
2107 3750
2108 2450
2109 2179
2109 2514
2109 2711
2110 2549
2111 2233
2111 2313
2111 3326
2112 2669
2112 3621
2114 2163
2115 2175
2115 3827
2116 3847
2117 2133
2117 3457
2118 2958
2119 2133
2119 2631
2119 3330
2119 3651
2120 2517
2120 3397
2120 3763
2121 3554
2122 2981
2123 3732
2124 2336
2124 2587
2124 2854
2124 2912
2125 2580
2125 2880
2125 3465
2125 3768
2126 2206
2126 3121
2127 3394
2128 2756
2128 2856
2128 3046
2128 3999
2130 2610
2132 3844
2133 2677
2133 3006
2133 3525
2133 3922
2134 2702
2134 2831
2136 3520
2137 2515
2137 3020
2138 2740
2138 3487
2138 3711
2139 2770
2140 2347
2140 2434
2140 2629
2140 2806
2140 2856
2140 3545
2141 2792
2141 3107
2141 3370
2142 2169
2142 2296
2143 3461
2144 2520
2144 2713
2144 3286
2144 3465
2144 3597
2145 2656
2145 3784
2146 2417
2146 2826
2146 3838
2147 3039
2147 3805
2148 2372
2148 3302
2148 3921
2148 3967
2149 2780
2149 2788
2150 2656
2150 2706
2151 3331
2153 2379
2153 2878
2153 3846
2154 3798
2155 3610
2156 2242
2156 2265
2156 2951
2156 3274
2156 3317
2158 3344
2158 3999
2160 3298
2160 3908
2161 2788
2163 3160
2163 3459
2163 3507
2164 3440
2164 3590
2165 2254
2165 2613
2165 3910
2166 2249
2166 2352
2166 2648
2166 2749
2166 3787
2166 3901
2168 2683
2168 3570
2168 3795
2169 2731
2169 3770
2170 2600
2171 3282
2171 3548
2172 2518
2172 2751
2172 3150
2172 3873
2173 2324
2173 3593
2174 2986
2175 3081
2175 3375
2176 2434
2176 3993
2178 2565
2178 3192
2178 3644
2179 2490
2179 3640
2180 2908
2180 3719
2181 3007
2182 2691
2182 2775
2182 2913
2182 3356
2182 3762
2183 2646
2183 2963
2184 2334
2184 2715
2187 2676
2188 2954
2189 3338
2189 3627
2189 3929
2190 2984
2190 3654
2192 3462
2194 2732
2194 3059
2194 3930
2195 2513
2197 2443
2197 2564
2197 3201
2197 3605
2198 2613
2199 2933
2199 3077
2199 3273
2199 3635
2200 2389
2200 2762
2200 2905
2201 2499
2201 3041
2201 3584
2202 2435
2202 3154
2203 3032
2204 3469
2205 3530
2206 2673
2206 3084
2206 3716
2206 3857
2206 3966
2208 2886
2208 3624
2209 3551
2210 2474
2210 2742
2210 3442
2210 3842
2211 3483
2211 3540
2212 3110
2213 3741
2214 3697
2215 2867
2216 2622
2216 3183
2216 3189
2216 3938
2216 3983
2217 2461
2218 2350
2218 2560
2218 3215
2218 3347
2218 3359
2218 3519
2219 2784
2219 2925
2220 2701
2220 2768
2220 3054
2220 3810
2220 3912
2221 2538
2221 3737
2221 3761
2222 2998
2223 2354
2227 3011
2227 3267
2228 2295
2229 2913
2229 3150
2229 3616
2230 2344
2230 2632
2230 2879
2230 3526
2230 3869
2231 2608
2231 2739
2231 3373
2231 3449
2232 3518
2233 2621
2233 3244
2234 3080
2234 3085
2235 3351
2236 2735
2236 2855
2238 3111
2239 2673
2239 3923
2240 3205
2242 2825
2245 2435
2245 2440
2245 2746
2245 3416
2246 2826
2246 2980
2246 3480
2247 2388
2247 2708
2247 2741
2247 2941
2247 3568
2248 3900
2249 3529
2249 3571
2250 2660
2250 2847
2251 2759
2252 3134
2252 3922
2253 2550
2255 2390
2255 2856
2255 3128
2256 2283
2256 2521
2256 2914
2256 2970
2256 3621
2256 3825
2257 2377
2257 3475
2258 3959
2259 3064
2260 2782
2260 2831
2260 3320
2261 3978
2262 3185
2263 2651
2264 2706
2266 2862
2266 3200
2267 2998
2267 3642
2268 2537
2268 2669
2269 2692
2269 3637
2269 3835
2271 2413
2271 3694
2271 3768
2272 2866
2274 2431
2274 3252
2275 2832
2275 3595
2276 2794
2276 3256
2277 3983
2278 2429
2278 2934
2278 2990
2278 3850
2279 3971
2280 3300
2280 3506
2280 3855
2281 2419
2282 2459
2282 3112
2282 3861
2284 3947
2286 2339
2286 3880
2288 2304
2288 2574
2289 3399
2290 2575
2290 2869
2291 3928
2292 2535
2292 3062
2293 3645
2293 3712
2294 3806
2296 2403
2296 2896
2296 3791
2296 3986
2298 2409
2298 2750
2298 3102
2300 3045
2300 3067
2300 3150
2300 3659
2301 3549
2302 2379
2302 3159
2302 3381
2302 3933
2303 2324
2303 3215
2304 2868
2305 3190
2305 3961
2306 2502
2306 3531
2307 3513
2308 2615
2308 3133
2308 3670
2309 2547
2309 3548
2310 2596
2311 2565
2312 2393
2314 2489
2314 2702
2315 3648
2316 2437
2316 3623
2316 3632
2317 3025
2317 3473
2318 2597
2318 3283
2320 3002
2321 3558
2322 3792
2323 3246
2324 3511
2326 3468
2328 3391
2330 3976
2331 2780
2332 2898
2332 2947
2332 3177
2332 3995
2333 2542
2333 3295
2334 3258
2334 3771
2335 2349
2335 2623
2335 3563
2336 3896
2337 3365
2337 3391
2338 2536
2339 2428
2339 3425
2339 3635
2340 2348
2340 3716
2340 3929
2342 2523
2342 2818
2342 2879
2342 3685
2342 3728
2342 3788
2343 3651
2343 3836
2344 2611
2345 3018
2345 3548
2346 3851
2349 2965
2350 2461
2350 2620
2350 3381
2350 3526
2351 3217
2353 3721
2354 3404
2355 2954
2355 3953
2356 2494
2356 3679
2357 3907
2358 2647
2359 2960
2359 3013
2359 3221
2359 3242
2359 3549
2360 2896
2360 3379
2360 3604
2361 2599
2361 2909
2362 3194
2362 3533
2362 3639
2363 3124
2366 3161
2369 2372
2369 2779
2369 3530
2369 3798
2370 3324
2372 2544
2372 3287
2372 3615
2372 3630
2373 2426
2373 2555
2373 3495
2374 2440
2374 2784
2374 3281
2375 2846
2375 2961
2375 3262
2375 3362
2376 2686
2376 3008
2376 3647
2376 3781
2377 3866
2378 2715
2378 3313
2378 3764
2379 2493
2379 2606
2379 3119
2379 3644
2379 3932
2380 2620
2380 3474
2380 3549
2380 3988
2385 3858
2386 3374
2387 2463
2388 2697
2388 2812
2389 2967
2389 3102
2391 2469
2391 3015
2392 2613
2393 3250
2394 2641
2394 2837
2395 2883
2395 3177
2395 3643
2396 2461
2396 3283
2396 3340
2397 3805
2398 2550
2398 3835
2399 3096
2400 2605
2400 3297
2400 3388
2400 3963
2401 2810
2401 3381
2402 3139
2403 2964
2404 3906
2405 2528
2405 3406
2405 3706
2406 3787
2406 3879
2406 3956
2407 3199
2408 2601
2409 2451
2409 3569
2410 2482
2410 3485
2413 3277
2414 2766
2414 3560
2414 3938
2415 2496
2416 2437
2416 3395
2416 3480
2416 3853
2418 2660
2418 2870
2418 3112
2418 3144
2419 3129
2421 3089
2422 2427
2422 2438
2422 2556
2423 3731
2423 3896
2424 3585
2425 2905
2425 2921
2425 3309
2426 3273
2428 3257
2428 3267
2428 3520
2430 2847
2431 2923
2432 3207
2432 3786
2432 3838
2433 2446
2433 3348
2435 3316
2437 2887
2437 3464
2437 3722
2437 3766
2439 2881
2439 3907
2440 2822
2440 3286
2441 2636
2441 2945
2441 3082
2443 2836
2443 2848
2443 3687
2445 2778
2445 2948
2445 3037
2445 3106
2446 3207
2446 3476
2446 3899
2447 2618
2447 2819
2447 2828
2448 3940
2450 2688
2450 3102
2450 3638
2451 3623
2451 3791
2452 2853
2452 3999
2454 3787
2454 3892
2454 3952
2455 2787
2455 3614
2457 2497
2457 2943
2457 2994
2457 3304
2458 3055
2458 3156
2458 3873
2458 3932
2459 3071
2460 3478
2461 3113
2462 2856
2462 3820
2464 2478
2465 3100
2467 2701
2467 2911
2467 3306
2468 3556
2468 3977
2469 3186
2469 3452
2469 3878
2470 3511
2471 2626
2472 3079
2473 2679
2473 3384
2474 2540
2474 3942
2475 3292
2476 2786
2477 3249
2478 3461
2478 3752
2479 2893
2479 2933
2479 3813
2480 2683
2480 2832
2480 3100
2480 3271
2480 3343
2481 2576
2481 2599
2484 2613
2484 2739
2484 2906
2484 3083
2484 3434
2484 3711
2485 2822
2486 2882
2486 2920
2486 3298
2486 3568
2487 3269
2487 3620
2489 2823
2489 3143
2489 3340
2490 2861
2490 3970
2491 2961
2492 3664
2493 2520
2493 3927
2494 3069
2494 3664
2495 2621
2495 3697
2496 3921
2498 3584
2499 3701
2499 3740
2499 3893
2499 3916
2500 2815
2501 2903
2501 3467
2501 3828
2502 3389
2504 3967
2506 3612
2507 3915
2509 3839
2510 3028
2510 3933
2511 2962
2512 2538
2513 3427
2514 2676
2514 3147
2514 3157
2514 3883
2515 3780
2520 3793
2521 2850
2521 3431
2522 3712
2524 3406
2524 3462
2524 3782
2527 3710
2529 3736
2530 2656
2530 3100
2531 3224
2533 2662
2533 2672
2533 3248
2534 3057
2536 2954
2536 3705
2537 3295
2537 3326
2537 3540
2538 3082
2539 2548
2539 3638
2540 2575
2540 2863
2540 2940
2540 2942
2543 3037
2544 3745
2545 2777
2545 3036
2545 3114
2545 3893
2546 3147
2546 3468
2546 3994
2547 3067
2547 3085
2547 3740
2548 3398
2549 3845
2549 3953
2550 3554
2551 2729
2551 3135
2552 2866
2552 3808
2553 2948
2553 3213
2554 2733
2555 2643
2556 2973
2559 3153
2560 2921
2561 3599
2561 3893
2563 3649
2563 3784
2564 3924
2565 3926
2566 2627
2566 2882
2566 2949
2567 2948
2567 3038
2567 3329
2567 3606
2568 2588
2568 3036
2568 3120
2569 3147
2570 3288
2571 3942
2572 2579
2572 3233
2573 2758
2573 2895
2573 3176
2574 3321
2575 3520
2577 2953
2577 3343
2577 3701
2578 2916
2578 3149
2578 3714
2581 3345
2582 2797
2583 3644
2585 3010
2585 3528
2585 3667
2585 3854
2585 3872
2586 3615
2587 3765
2587 3824
2588 3090
2588 3792
2590 2905
2590 3465
2590 3526
2591 3007
2591 3122
2591 3306
2591 3993
2593 3574
2595 2680
2595 3890
2596 3275
2596 3662
2597 2802
2597 3762
2597 3911
2598 3835
2599 3472
2599 3856
2599 3906
2600 3138
2600 3678
2601 3383
2602 3399
2602 3603
2602 3627
2603 2759
2603 3392
2603 3425
2604 3909
2605 2848
2605 3343
2605 3547
2606 2806
2606 3187
2606 3353
2608 3764
2609 2663
2609 2671
2611 3221
2611 3573
2611 3752
2611 3785
2611 3990
2612 2726
2612 3622
2612 3712
2613 3943
2615 2798
2617 2709
2617 3615
2618 3137
2618 3434
2618 3643
2619 3150
2619 3861
2620 3805
2623 3249
2624 2713
2624 3574
2624 3679
2625 2936
2627 3120
2628 2777
2628 3279
2629 3099
2629 3803
2630 2809
2630 3291
2631 3322
2632 2866
2632 2931
2632 2982
2634 3111
2634 3853
2636 2973
2637 3154
2637 3551
2638 2783
2638 3487
2639 2729
2639 2732
2639 3101
2639 3181
2639 3437
2639 3804
2641 2687
2641 3176
2643 3129
2643 3194
2644 3007
2646 2865
2646 3240
2647 3113
2648 3600
2649 3032
2649 3166
2649 3260
2650 2678
2650 3066
2650 3084
2650 3501
2651 2797
2651 2888
2652 3823
2653 3061
2654 3262
2655 3866
2657 2667
2658 2969
2658 3600
2660 2664
2661 3639
2661 3827
2662 2998
2663 2750
2663 3153
2663 3460
2667 3581
2669 3263
2669 3580
2670 3463
2671 2682
2671 2981
2671 2999
2671 3605
2672 2731
2672 2781
2672 3988
2673 3427
2673 3936
2674 3030
2675 3942
2676 3337
2676 3358
2676 3567
2676 3807
2678 2691
2678 3164
2678 3617
2679 2688
2680 3733
2680 3816
2681 3649
2681 3650
2682 3632
2684 3833
2686 3139
2687 3445
2687 3837
2688 3276
2688 3683
2688 3812
2690 3636
2690 3703
2693 3632
2693 3885
2694 3516
2695 2783
2695 3089
2695 3664
2695 3759
2696 2928
2696 3117
2696 3436
2698 3548
2698 3761
2700 3257
2700 3556
2700 3881
2701 2993
2701 3458
2702 3969
2703 3340
2703 3419
2704 2741
2704 3140
2704 3170
2705 2747
2705 3400
2706 2925
2708 2882
2709 3724
2710 3181
2710 3567
2711 3387
2712 3337
2713 3713
2714 3029
2714 3092
2715 3858
2716 2752
2716 2999
2716 3037
2716 3041
2716 3929
2717 3681
2718 3378
2720 2980
2721 3126
2721 3393
2721 3458
2721 3983
2723 2802
2724 3081
2725 3106
2726 3226
2726 3345
2726 3465
2727 3564
2727 3568
2728 3343
2728 3544
2729 3415
2729 3682
2729 3793
2731 3572
2732 2779
2732 2981
2735 2782
2735 3058
2735 3510
2735 3758
2736 3025
2736 3340
2737 2978
2737 3523
2737 3873
2738 2997
2738 3564
2738 3959
2739 3167
2739 3421
2739 3601
2740 2809
2740 2972
2740 3610
2741 3857
2743 2941
2743 3279
2743 3669
2745 3277
2745 3823
2747 3589
2747 3756
2748 3257
2748 3406
2749 2941
2749 3041
2749 3105
2750 3164
2750 3423
2750 3667
2751 3021
2752 3085
2753 3495
2753 3673
2753 3756
2754 3355
2756 3804
2757 3417
2758 2993
2758 3364
2758 3581
2759 3175
2759 3378
2760 2883
2762 3865
2763 3940
2764 3573
2767 3245
2768 3202
2768 3338
2769 3225
2769 3329
2770 3708
2771 3737
2772 2783
2773 2876
2775 3525
2777 3083
2777 3589
2778 3109
2779 3718
2780 3675
2781 3619
2783 2913
2783 3035
2784 3859
2785 3442
2785 3519
2785 3903
2786 3287
2787 3238
2787 3250
2788 3982
2790 2975
2790 3350
2790 3830
2791 3274
2791 3916
2793 3274
2793 3695
2793 3976
2794 2802
2796 3160
2797 2866
2797 3198
2798 3412
2799 3006
2800 3705
2801 2838
2801 3847
2802 3244
2802 3388
2802 3464
2803 3231
2803 3608
2804 3366
2805 3820
2807 3732
2808 3076
2808 3267
2808 3354
2808 3411
2808 3574
2809 3743
2810 3652
2812 3011
2812 3576
2813 3076
2815 3388
2817 3380
2817 3405
2818 3239
2818 3856
2819 3643
2820 3582
2823 3582
2823 3673
2824 3839
2824 3980
2825 3605
2827 3079
2827 3103
2828 2906
2829 2987
2830 3586
2832 3250
2832 3795
2833 3158
2833 3825
2835 3033
2835 3254
2835 3313
2836 3440
2836 3464
2836 3692
2836 3934
2838 3917
2839 3216
2840 3590
2842 3225
2843 3350
2843 3701
2844 2924
2845 3671
2846 2860
2847 3460
2848 3399
2849 3348
2850 3795
2853 3781
2854 3285
2854 3340
2854 3712
2854 3864
2854 3961
2855 3877
2857 3217
2859 3171
2859 3360
2861 3929
2862 2926
2862 3719
2863 3232
2863 3825
2864 3830
2865 3604
2867 3240
2867 3445
2868 3167
2869 2992
2871 3913
2875 3028
2875 3152
2875 3814
2876 3658
2877 3254
2879 3028
2879 3918
2881 3181
2881 3678
2882 3435
2883 2915
2883 2978
2883 3247
2884 3797
2884 3955
2885 2934
2887 3808
2888 3660
2888 3751
2889 3622
2892 3427
2894 3186
2894 3575
2894 3605
2896 3063
2896 3133
2896 3783
2897 3434
2897 3777
2897 3787
2901 3052
2901 3144
2901 3457
2903 3028
2903 3803
2903 3916
2905 2991
2908 3051
2908 3169
2908 3506
2908 3592
2908 3735
2910 3358
2911 3383
2913 3930
2914 3048
2914 3078
2915 3524
2916 3180
2916 3232
2917 3294
2917 3530
2919 3165
2920 3983
2921 3236
2922 2933
2922 3773
2923 3036
2923 3911
2927 3043
2928 3330
2928 3516
2931 3108
2931 3164
2931 3471
2931 3994
2933 3268
2935 3352
2935 3599
2936 3470
2937 2950
2937 3649
2938 3033
2938 3630
2938 3819
2942 3201
2943 3041
2943 3061
2943 3736
2944 3274
2944 3580
2947 3568
2947 3987
2948 3927
2949 3631
2949 3878
2951 3422
2951 3841
2954 3669
2955 3266
2955 3319
2955 3497
2955 3585
2955 3654
2956 3579
2956 3712
2956 3740
2957 3173
2958 3374
2959 3404
2960 3037
2960 3065
2960 3328
2960 3526
2961 3832
2962 2983
2963 3638
2965 3248
2966 3328
2967 3287
2968 3015
2970 3252
2971 3635
2973 3767
2974 3101
2974 3803
2975 3939
2976 3169
2979 3135
2979 3719
2980 3560
2980 3844
2981 3171
2981 3986
2982 3477
2983 3259
2983 3897
2984 3079
2984 3155
2984 3535
2986 3527
2987 3248
2987 3499
2989 3814
2989 3852
2990 3044
2990 3519
2993 3620
2993 3988
2995 3608
2995 3966
2996 3243
2997 3247
2998 3227
2998 3959
3000 3398
3001 3331
3001 3864
3001 3987
3003 3685
3006 3309
3006 3784
3008 3644
3008 3833
3010 3051
3010 3586
3012 3203
3013 3322
3013 3439
3014 3829
3014 3901
3015 3142
3015 3265
3015 3522
3016 3520
3018 3127
3018 3739
3019 3905
3019 3950
3020 3817
3021 3085
3021 3353
3022 3743
3023 3878
3025 3427
3026 3651
3032 3189
3033 3246
3033 3559
3036 3277
3036 3640
3037 3994
3038 3057
3038 3153
3041 3163
3041 3272
3041 3332
3044 3644
3044 3894
3045 3180
3046 3263
3048 3947
3049 3789
3051 3165
3052 3573
3052 3665
3053 3955
3055 3424
3056 3647
3057 3392
3057 3573
3058 3424
3059 3536
3060 3234
3060 3375
3060 3577
3061 3721
3061 3783
3064 3837
3064 3848
3066 3488
3070 3216
3071 3934
3072 3323
3072 3550
3073 3463
3075 3769
3076 3200
3076 3856
3077 3623
3078 3239
3078 3647
3080 3146
3081 3588
3081 3590
3083 3994
3086 3296
3087 3654
3089 3485
3092 3711
3093 3759
3095 3676
3096 3522
3098 3690
3100 3474
3103 3261
3103 3796
3104 3385
3104 3517
3104 3816
3105 3763
3105 3891
3107 3661
3107 3754
3109 3447
3109 3583
3111 3378
3112 3658
3113 3325
3114 3876
3115 3461
3117 3431
3120 3281
3121 3309
3121 3936
3123 3239
3123 3569
3125 3217
3126 3456
3129 3137
3132 3560
3135 3200
3135 3434
3137 3407
3137 3581
3137 3883
3138 3650
3140 3168
3140 3258
3143 3689
3147 3292
3147 3683
3148 3822
3150 3289
3151 3212
3152 3565
3152 3678
3153 3217
3155 3257
3156 3888
3157 3428
3157 3745
3158 3703
3159 3509
3159 3807
3161 3300
3161 3753
3163 3276
3164 3415
3164 3455
3165 3830
3166 3563
3167 3189
3167 3319
3167 3411
3168 3540
3169 3388
3173 3222
3173 3322
3173 3832
3176 3525
3176 3619
3176 3997
3177 3581
3178 3630
3181 3309
3181 3549
3181 3624
3182 3335
3182 3591
3184 3197
3184 3258
3185 3459
3186 3259
3187 3446
3188 3249
3188 3659
3189 3386
3190 3338
3192 3452
3195 3287
3197 3696
3200 3573
3200 3850
3201 3739
3202 3215
3208 3482
3210 3339
3210 3738
3212 3773
3212 3781
3215 3813
3217 3258
3217 3857
3217 3973
3219 3590
3219 3842
3219 3995
3220 3480
3221 3984
3222 3247
3222 3416
3222 3565
3223 3235
3224 3736
3225 3991
3227 3387
3227 3414
3228 3747
3230 3606
3231 3254
3233 3833
3237 3905
3240 3521
3241 3679
3252 3345
3252 3792
3253 3550
3253 3630
3254 3610
3256 3912
3257 3505
3257 3561
3258 3349
3258 3393
3258 3498
3258 3914
3259 3525
3260 3984
3261 3859
3262 3695
3262 3990
3264 3409
3265 3514
3265 3556
3266 3870
3271 3427
3271 3492
3273 3448
3273 3981
3277 3411
3277 3792
3277 3841
3278 3710
3279 3547
3279 3790
3279 3913
3283 3817
3285 3857
3286 3301
3291 3322
3292 3623
3300 3517
3300 3619
3301 3926
3305 3647
3305 3921
3307 3546
3308 3543
3310 3543
3311 3762
3312 3346
3316 3911
3318 3394
3324 3506
3326 3471
3329 3625
3329 3629
3329 3702
3330 3364
3330 3563
3331 3915
3332 3495
3334 3610
3334 3620
3336 3599
3336 3980
3336 3987
3338 3425
3338 3608
3343 3649
3346 3933
3347 3611
3350 3741
3352 3441
3353 3901
3355 3982
3356 3521
3356 3637
3358 3917
3359 3476
3360 3935
3363 3745
3365 3430
3365 3807
3367 3423
3367 3641
3367 3659
3367 3741
3367 3836
3368 3991
3369 3680
3373 3587
3373 3631
3375 3618
3375 3682
3375 3950
3376 3512
3376 3583
3377 3704
3379 3634
3380 3637
3382 3790
3383 3895
3387 3952
3388 3725
3390 3910
3391 3905
3395 3777
3395 3832
3396 3540
3396 3594
3396 3703
3396 3715
3397 3677
3398 3815
3399 3670
3400 3838
3402 3592
3402 3657
3402 3814
3402 3856
3402 3892
3403 3600
3403 3707
3407 3994
3409 3712
3410 3814
3412 3565
3415 3427
3415 3511
3418 3519
3419 3775
3419 3923
3420 3936
3423 3677
3425 3595
3426 3881
3431 3848
3432 3468
3434 3648
3435 3826
3438 3983
3441 3892
3444 3541
3444 3857
3444 3957
3444 3981
3454 3510
3455 3756
3458 3861
3459 3997
3460 3774
3468 3715
3469 3607
3470 3494
3472 3812
3472 3887
3475 3648
3475 3763
3480 3762
3480 3929
3482 3975
3484 3568
3486 3589
3486 3607
3487 3557
3487 3810
3490 3885
3493 3772
3494 3600
3494 3959
3495 3550
3496 3666
3497 3523
3499 3942
3501 3704
3509 3546
3509 3552
3509 3766
3509 3815
3512 3528
3513 3661
3514 3541
3514 3662
3519 3615
3522 3560
3525 3778
3525 3936
3531 3758
3532 3570
3535 3608
3536 3609
3536 3818
3539 3666
3540 3965
3546 3708
3548 3708
3553 3860
3555 3787
3564 3984
3566 3940
3577 3748
3577 3808
3577 3984
3578 3705
3581 3714
3583 3877
3583 3937
3584 3801
3584 3841
3590 3950
3591 3600
3600 3906
3601 3811
3602 3618
3603 3780
3603 3921
3606 3618
3611 3930
3613 3945
3618 3763
3620 3741
3620 3772
3620 3975
3621 3628
3621 3987
3633 3795
3635 3811
3635 3925
3642 3872
3644 3698
3647 3695
3647 3857
3649 3848
3657 3896
3660 3940
3672 3914
3672 3965
3674 3695
3676 3971
3679 3734
3682 3806
3690 3754
3691 3748
3694 3775
3695 3817
3697 3781
3710 3781
3710 3791
3710 3987
3715 3982
3716 3820
3720 3855
3721 3952
3724 3995
3725 3733
3726 3871
3732 3962
3740 3827
3740 3884
3744 3996
3745 3798
3745 3834
3757 3896
3760 3885
3768 3773
3768 3883
3776 3878
3777 3803
3780 3818
3785 3899
3802 3885
3809 3894
3811 3956
3813 3927
3814 3931
3819 3884
3825 3940
3826 3927
3831 3877
3834 3859
3840 3925
3873 3922
3875 3955
3883 3957
3886 3934
3892 3992
3904 3971
3910 3911
3927 3933
