0 1
1 25
2 3
5 6
6 7
7 8
8 9
8 32
9 33
10 11
11 35
12 36
13 14
13 37
16 40
17 18
17 41
18 19
18 42
19 20
19 43
20 44
21 22
21 45
22 23
24 48
25 26
25 49
26 27
26 50
27 28
28 52
29 30
30 31
31 55
32 33
32 56
33 34
33 57
34 58
36 37
37 38
38 39
39 40
40 64
41 42
41 65
42 43
42 66
43 44
43 67
44 45
45 46
46 47
49 50
50 51
50 74
51 52
52 53
52 76
53 77
54 55
54 78
55 56
55 79
56 80
57 58
58 59
58 82
60 61
62 63
63 64
64 65
64 88
65 89
66 67
67 68
68 92
69 93
72 73
73 97
74 75
75 76
75 99
76 77
76 100
77 101
78 79
80 81
81 82
82 83
82 106
83 107
84 85
85 86
85 109
86 110
87 111
88 112
89 113
90 114
92 93
92 116
93 94
93 117
94 95
95 119
96 97
97 98
97 121
98 99
99 100
99 123
102 103
103 104
104 128
105 129
107 108
107 131
108 109
108 132
109 133
110 134
111 112
111 135
113 137
114 115
114 138
116 117
116 140
117 118
118 119
119 143
120 121
120 144
122 123
122 146
123 124
124 125
125 126
125 149
126 127
126 150
128 129
128 152
130 131
131 132
131 155
132 156
133 134
135 136
135 159
136 137
136 160
138 139
140 141
140 164
141 142
141 165
142 143
142 166
143 167
145 146
146 170
147 171
148 149
148 172
149 150
150 174
151 175
152 176
154 155
155 156
156 157
157 158
158 159
158 182
159 160
160 161
160 184
161 162
161 185
162 163
163 164
163 187
164 165
165 166
165 189
166 167
168 169
169 170
169 193
170 171
171 172
172 196
173 197
174 175
175 199
177 201
178 179
178 202
179 180
180 181
181 182
182 183
182 206
183 207
184 208
185 186
185 209
186 187
186 210
187 188
188 212
189 213
190 214
192 193
193 217
195 196
196 220
197 198
197 221
198 199
199 200
199 223
200 201
201 225
202 226
203 204
203 227
204 205
206 207
206 230
207 208
207 231
208 232
209 233
212 213
212 236
213 214
213 237
214 238
215 239
217 218
218 219
219 220
220 221
220 244
221 222
221 245
222 223
222 246
223 247
224 225
224 248
225 226
226 227
227 228
227 251
228 252
229 230
229 253
230 231
230 254
231 232
231 255
232 233
232 256
233 234
233 257
234 258
235 259
236 260
237 238
237 261
238 239
238 262
239 263
240 264
243 244
244 268
245 246
246 247
247 248
249 250
249 273
250 251
252 253
252 276
253 254
254 278
255 256
255 279
256 280
257 258
257 281
258 282
259 260
260 284
261 262
262 263
262 286
264 265
265 266
265 289
266 267
266 290
267 291
268 269
269 270
269 293
270 271
270 294
271 272
271 295
272 273
272 296
274 275
274 298
275 299
276 277
276 300
277 278
278 279
278 302
279 303
280 281
281 282
282 283
282 306
283 307
284 285
284 308
286 287
286 310
287 311
288 289
289 290
289 313
292 316
293 294
294 295
295 296
296 297
296 320
297 298
297 321
299 300
299 323
300 324
301 302
301 325
302 303
303 304
303 327
304 305
304 328
305 306
305 329
306 307
306 330
307 308
308 332
310 311
310 334
312 336
313 337
315 316
315 339
316 317
316 340
317 318
318 319
319 320
319 343
320 344
321 322
322 323
322 346
323 347
325 326
325 349
326 327
326 350
329 330
330 354
331 355
332 356
333 334
333 357
334 358
335 359
336 337
336 360
337 361
338 362
339 340
339 363
341 365
343 344
345 346
345 369
346 370
347 348
347 371
348 349
348 372
349 350
350 351
351 352
351 375
353 354
353 377
354 378
355 379
356 357
357 358
357 381
358 382
359 383
360 361
360 384
362 363
363 364
364 365
364 388
365 366
365 389
366 367
366 390
367 368
367 391
368 369
368 392
369 370
369 393
370 371
370 394
371 372
371 395
372 373
372 396
373 374
374 375
374 398
375 376
375 399
376 377
378 379
382 406
384 385
385 386
385 409
386 387
386 410
387 388
390 391
392 393
394 418
395 419
396 420
397 398
398 422
399 400
399 423
400 401
400 424
401 402
401 425
402 403
403 404
404 405
404 428
405 406
405 429
406 407
407 431
408 432
409 410
409 433
410 434
411 435
412 413
412 436
413 437
414 438
415 416
416 417
417 418
418 442
419 420
419 443
420 444
421 422
422 423
422 446
423 424
423 447
424 425
424 448
425 426
425 449
426 427
429 430
430 454
433 457
434 435
435 436
435 459
436 437
436 460
437 461
438 439
438 462
439 463
440 441
442 443
442 466
445 446
446 470
447 448
447 471
448 472
449 450
449 473
451 452
451 475
452 476
453 454
453 477
454 455
455 479
456 457
456 480
457 481
458 459
458 482
459 460
459 483
460 461
460 484
461 462
461 485
462 486
463 464
464 465
464 488
465 466
465 489
466 467
466 490
468 469
468 492
469 493
470 471
470 494
472 473
473 497
474 498
475 476
476 477
476 500
477 478
477 501
478 479
478 502
480 481
480 504
481 482
481 505
483 507
485 486
486 487
486 510
487 488
489 490
489 513
491 515
492 493
492 516
493 517
494 495
495 496
496 497
497 498
498 522
499 500
500 524
503 527
504 505
504 528
506 507
507 508
507 531
508 532
511 512
511 535
512 513
514 515
514 538
515 516
515 539
516 540
517 518
517 541
518 542
519 520
519 543
520 544
521 522
521 545
522 523
524 525
524 548
525 526
525 549
528 552
529 530
531 532
532 533
533 534
533 557
534 535
534 558
535 536
535 559
536 537
536 560
537 538
537 561
538 539
539 563
540 541
541 542
541 565
542 543
542 566
543 544
543 567
544 545
544 568
545 546
545 569
546 547
546 570
548 572
549 550
550 551
552 553
554 555
557 558
558 559
559 560
560 561
561 562
562 563
564 565
565 566
566 567
569 570
571 572
572 573
574 575
