0 1
1 2
2 3
2 34
3 4
4 5
4 36
5 6
5 37
6 38
7 8
7 39
9 10
9 41
10 11
10 42
11 12
11 43
12 44
14 15
14 46
15 47
16 48
17 18
18 19
18 50
20 21
20 52
21 22
22 23
23 55
24 25
24 56
25 26
26 27
27 28
27 59
29 30
29 61
31 63
33 65
34 66
35 36
35 67
36 37
36 68
37 38
39 40
39 71
40 41
41 42
42 43
42 74
43 44
43 75
44 45
44 76
45 46
45 77
46 47
48 49
50 82
51 52
52 84
53 54
53 85
54 55
54 86
55 56
55 87
56 88
58 90
59 91
60 61
60 92
61 62
62 63
62 94
63 95
64 65
65 66
65 97
66 67
67 68
67 99
68 69
69 70
69 101
70 71
71 103
72 73
73 105
74 106
77 109
78 79
78 110
79 80
80 81
80 112
81 113
82 83
82 114
83 84
83 115
84 116
85 86
86 87
86 118
87 119
88 120
89 90
89 121
90 91
90 122
92 93
93 125
94 95
95 127
100 101
100 132
101 102
101 133
102 103
103 104
104 105
104 136
105 106
105 137
106 107
107 108
108 109
109 110
110 111
110 142
111 112
111 143
112 113
113 114
113 145
114 115
114 146
115 147
116 117
116 148
117 149
118 150
119 120
120 121
121 153
122 154
123 124
124 125
126 127
126 158
127 159
128 129
128 160
129 130
129 161
130 131
131 163
132 133
133 134
133 165
134 135
134 166
135 136
135 167
136 168
137 138
138 139
139 171
140 172
141 142
142 143
142 174
143 175
144 176
145 177
146 178
147 148
149 150
149 181
150 151
150 182
151 183
152 184
153 185
154 186
155 156
155 187
156 157
157 158
157 189
158 159
158 190
160 161
161 193
162 163
162 194
163 164
164 165
165 166
165 197
166 167
166 198
167 168
167 199
168 200
170 202
171 172
171 203
173 174
173 205
174 175
176 208
178 210
179 180
179 211
180 181
180 212
181 213
183 184
183 215
184 185
184 216
185 186
186 218
188 189
189 221
190 191
190 222
191 223
192 193
192 224
193 194
194 226
195 196
195 227
196 197
196 228
197 198
197 229
198 230
199 200
199 231
200 232
201 202
202 234
203 204
204 205
204 236
205 206
205 237
206 207
206 238
207 208
207 239
208 209
208 240
209 210
209 241
210 242
211 212
211 243
212 213
212 244
213 214
213 245
215 247
216 217
216 248
217 218
219 220
219 251
220 252
222 254
223 255
224 225
224 256
225 226
225 257
226 227
226 258
228 229
230 231
230 262
232 233
233 234
234 235
235 236
236 237
237 269
238 239
238 270
239 240
240 241
240 272
241 242
241 273
242 243
242 274
243 244
244 245
244 276
245 246
246 278
249 250
250 251
250 282
251 252
251 283
252 284
253 254
253 285
254 255
255 287
256 288
257 289
258 290
259 260
259 291
261 293
262 263
262 294
263 295
264 296
265 266
266 267
266 298
267 268
268 269
268 300
269 301
270 271
270 302
271 272
272 273
273 274
273 305
275 307
276 277
277 278
277 309
278 310
280 281
281 282
282 283
284 285
285 317
286 287
286 318
287 319
288 289
289 290
289 321
290 322
292 293
292 324
293 294
293 325
295 296
296 297
296 328
297 298
297 329
298 330
300 332
303 304
305 306
305 337
306 307
306 338
307 308
307 339
308 309
308 340
309 341
310 342
311 312
313 345
314 346
316 317
317 349
318 319
320 352
321 322
322 323
323 355
324 356
328 360
329 361
330 362
331 332
331 363
333 334
334 335
335 336
336 337
336 368
337 338
337 369
338 370
339 371
342 343
343 375
344 345
345 346
346 347
346 378
347 379
348 380
349 350
350 382
351 383
352 353
352 384
353 354
354 355
354 386
355 356
355 387
356 357
357 389
359 360
359 391
360 392
361 393
362 363
362 394
363 364
363 395
364 365
364 396
366 398
368 400
370 402
371 372
372 404
373 405
374 375
374 406
375 407
377 409
378 379
378 410
379 411
381 413
384 385
384 416
385 386
385 417
386 418
387 419
388 420
390 391
390 422
391 392
391 423
392 424
393 394
393 425
394 426
395 396
396 397
396 428
397 429
399 400
400 401
400 432
402 403
402 434
403 404
403 435
404 405
405 406
406 407
406 438
408 409
408 440
409 441
410 411
410 442
411 412
411 443
412 413
412 444
413 414
414 446
415 447
416 417
416 448
417 418
418 450
419 420
419 451
421 453
423 455
424 456
425 457
426 427
427 428
427 459
428 429
428 460
429 430
429 461
430 431
430 462
431 432
432 433
432 464
433 465
434 435
434 466
435 467
436 437
436 468
437 438
437 469
438 470
439 440
439 471
440 441
440 472
442 474
443 444
443 475
444 445
444 476
445 446
446 478
447 479
448 449
450 482
452 484
453 454
454 486
455 487
456 457
456 488
458 459
458 490
459 460
459 491
460 492
461 462
461 493
462 463
463 464
464 496
466 467
467 499
468 469
468 500
469 470
469 501
470 471
470 502
472 473
472 504
476 508
477 478
477 509
478 479
478 510
481 482
482 514
483 484
483 515
484 485
485 517
486 487
487 519
488 489
488 520
490 522
493 525
494 495
494 526
496 497
496 528
497 498
498 530
499 500
499 531
500 532
501 502
501 533
502 503
502 534
503 504
504 536
505 537
506 507
506 538
507 508
508 509
509 510
509 541
510 511
512 513
512 544
515 547
517 549
518 519
518 550
519 520
519 551
521 553
522 523
522 554
523 524
524 525
524 556
525 526
525 557
526 527
528 560
529 561
531 532
531 563
532 533
532 564
534 535
534 566
535 536
536 537
537 538
537 569
538 539
539 540
539 571
540 541
540 572
541 542
541 573
542 543
542 574
543 575
544 545
544 576
547 548
548 580
549 550
549 581
550 551
550 582
551 583
552 553
552 584
553 554
553 585
554 555
554 586
555 556
556 557
557 558
558 590
559 591
560 561
560 592
561 562
561 593
564 596
565 566
565 597
566 567
567 599
568 569
568 600
569 570
570 571
571 572
572 573
572 604
573 574
573 605
575 607
576 577
577 578
577 609
579 611
580 581
581 582
581 613
582 583
583 584
584 585
584 616
585 586
585 617
586 618
587 588
587 619
588 589
588 620
589 590
589 621
590 622
591 623
592 593
594 595
594 626
595 596
595 627
596 597
596 628
597 598
598 599
599 631
600 601
601 602
601 633
602 603
603 604
603 635
604 636
605 606
606 638
608 609
608 640
609 641
610 611
611 612
611 643
612 613
612 644
613 614
613 645
614 646
617 618
617 649
618 650
619 620
619 651
620 621
620 652
621 622
623 655
624 656
625 626
626 627
626 658
627 628
627 659
629 661
630 631
630 662
632 633
633 634
633 665
634 635
635 667
636 668
637 638
637 669
638 670
639 671
640 641
641 642
642 674
646 678
647 648
647 679
648 680
649 650
650 651
650 682
651 652
651 683
652 653
652 684
654 655
654 686
655 656
655 687
657 689
658 690
659 660
661 693
662 663
662 694
665 666
665 697
667 668
667 699
668 669
668 700
669 670
670 671
671 703
673 674
673 705
674 706
675 676
675 707
676 708
677 709
679 711
680 681
680 712
681 682
683 715
685 686
685 717
686 687
686 718
688 720
689 690
690 691
691 692
692 693
693 694
694 726
695 727
696 697
697 698
697 729
698 699
699 700
699 731
700 732
702 703
702 734
703 735
704 705
704 736
705 737
706 738
707 739
708 709
708 740
709 710
709 741
710 742
712 713
713 714
713 745
714 715
715 716
716 717
718 719
718 750
719 720
720 721
721 753
722 723
722 754
723 755
724 725
724 756
725 726
725 757
726 727
726 758
728 729
728 760
729 761
730 731
730 762
731 732
731 763
732 733
734 735
735 767
736 737
737 769
738 739
738 770
739 740
739 771
741 773
742 743
743 775
744 776
746 747
746 778
747 748
748 749
748 780
750 751
750 782
751 783
754 755
756 788
757 789
759 760
759 791
760 761
761 762
762 794
763 764
763 795
764 796
765 766
765 797
766 767
768 769
768 800
769 770
769 801
770 771
771 803
772 773
772 804
774 775
774 806
775 776
775 807
776 808
777 778
777 809
778 810
779 780
780 812
781 782
781 813
783 784
783 815
784 785
784 816
786 818
787 788
788 820
789 821
790 791
791 792
791 823
792 793
792 824
794 795
795 827
796 828
797 798
798 799
798 830
800 801
801 802
801 833
802 803
805 806
805 837
807 808
808 840
809 810
810 811
811 843
812 813
812 844
813 814
814 846
815 816
817 849
818 819
819 851
820 821
820 852
821 822
822 854
823 824
824 825
824 856
825 826
825 857
826 827
826 858
827 828
827 859
828 829
828 860
829 830
829 861
830 862
831 863
832 864
833 834
833 865
835 836
836 837
837 869
838 839
838 870
841 873
842 843
842 874
843 844
843 875
844 845
844 876
845 877
847 848
847 879
848 849
848 880
849 850
849 881
850 851
850 882
851 852
851 883
852 853
853 885
854 855
856 857
857 858
857 889
859 860
859 891
860 861
861 862
861 893
862 863
863 895
865 866
865 897
866 867
867 868
867 899
868 869
868 900
869 870
870 871
872 873
872 904
874 875
874 906
875 876
875 907
876 908
877 878
877 909
878 910
879 880
879 911
880 881
880 912
881 882
883 884
884 885
884 916
885 886
885 917
886 887
886 918
888 889
888 920
889 890
890 922
891 892
892 893
892 924
893 894
893 925
895 927
896 897
896 928
897 929
898 930
899 900
900 901
901 902
901 933
902 903
902 934
903 935
904 905
905 937
906 938
907 908
908 940
909 910
909 941
910 942
911 912
911 943
912 944
913 945
914 946
916 917
916 948
917 918
917 949
918 919
918 950
919 920
919 951
920 921
921 953
922 923
923 955
924 925
926 927
927 959
928 929
928 960
930 931
931 963
932 964
933 965
935 967
936 968
937 938
938 970
939 940
940 941
941 942
941 973
942 943
942 974
943 944
944 945
945 946
946 947
946 978
947 948
947 979
948 949
949 950
949 981
950 951
950 982
951 983
952 984
953 954
953 985
954 955
954 986
955 956
955 987
956 957
956 988
957 989
958 990
959 991
960 961
960 992
961 962
962 963
962 994
964 996
966 967
967 968
968 1000
969 970
969 1001
970 1002
972 973
973 974
974 975
976 977
978 979
980 981
980 1012
981 982
981 1013
982 983
983 1015
984 985
985 986
986 987
987 988
987 1019
988 989
988 1020
989 990
989 1021
990 1022
991 1023
992 993
993 994
995 996
996 997
997 998
1000 1001
1001 1002
1003 1004
1005 1006
1007 1008
1008 1009
1010 1011
1011 1012
1013 1014
1014 1015
1015 1016
1016 1017
1017 1018
1018 1019
1020 1021
1021 1022
1022 1023
