0 105
0 204
0 341
0 399
0 441
0 450
1 40
1 143
1 226
1 233
1 396
1 472
2 76
2 441
3 282
4 95
4 196
4 428
5 44
5 425
5 491
6 16
6 23
6 37
6 79
6 217
6 270
6 406
7 284
7 477
8 73
8 80
8 81
8 255
8 263
8 349
8 374
8 464
8 493
9 140
9 182
9 294
10 77
10 96
10 160
11 34
11 92
11 110
11 114
11 201
11 298
11 388
11 465
11 492
12 87
12 107
12 124
12 388
12 446
12 476
13 245
13 492
14 50
14 462
15 164
16 58
16 395
16 499
17 48
17 271
17 412
18 29
18 121
18 158
19 196
19 349
19 374
20 79
20 107
20 115
20 384
21 302
21 466
21 490
22 176
22 267
23 63
23 227
23 244
23 299
23 463
24 42
24 68
24 77
24 206
24 340
24 456
25 154
25 191
25 281
25 305
25 489
26 203
26 206
26 281
26 427
27 170
27 493
28 42
28 444
29 83
29 227
29 263
29 356
29 468
30 131
30 253
30 388
31 69
31 174
31 210
31 396
32 174
32 211
32 305
32 322
32 346
32 351
33 158
33 166
33 205
33 262
34 157
34 312
35 474
36 180
36 222
36 258
36 428
37 55
37 309
37 458
38 63
39 83
39 92
39 192
39 478
40 128
40 496
41 184
42 131
42 133
42 369
42 415
43 99
43 185
43 414
43 447
44 54
44 115
44 168
44 204
44 219
44 247
44 258
44 293
44 450
45 208
45 417
46 62
46 427
46 435
47 191
47 380
48 180
48 314
48 325
48 366
48 454
49 323
50 54
50 167
50 229
50 434
51 214
51 219
51 263
51 319
52 188
52 397
53 85
53 164
53 410
54 323
55 157
55 189
55 194
55 258
56 128
56 217
56 286
57 71
57 78
57 205
58 74
58 245
59 171
59 453
60 114
60 488
61 263
61 362
62 239
62 327
63 286
63 290
63 352
63 467
63 476
64 164
64 206
64 333
64 388
64 444
65 140
65 221
65 289
66 94
66 321
67 160
67 198
67 255
67 446
68 92
68 108
68 143
68 171
68 382
68 411
69 162
69 201
69 278
69 355
70 159
70 301
70 434
70 468
70 484
71 203
71 399
71 417
71 452
72 93
72 281
72 312
72 325
73 166
73 183
74 110
75 361
76 136
76 284
76 406
76 440
77 80
77 262
77 268
77 296
77 370
77 424
78 202
78 348
78 410
79 105
79 250
79 413
80 287
80 288
80 421
81 189
81 204
81 440
81 448
81 454
82 149
82 312
82 393
83 219
83 250
83 277
83 290
84 180
84 435
85 312
85 395
85 419
86 349
86 357
86 495
87 206
87 480
88 260
88 335
89 164
89 424
91 406
92 158
92 163
92 168
92 244
93 221
93 301
94 256
94 417
95 223
95 373
95 392
95 416
95 478
96 205
96 370
96 480
97 126
97 282
97 293
97 329
97 407
98 441
99 199
99 238
99 400
99 479
100 134
100 311
100 352
101 130
101 179
101 264
101 388
101 419
101 428
101 450
102 222
103 175
103 238
104 255
104 282
104 444
105 123
105 259
105 286
105 419
105 435
105 470
105 497
106 139
106 311
106 419
106 485
107 114
107 240
107 357
107 364
107 396
107 472
108 178
108 296
108 389
108 413
109 144
109 189
109 298
109 442
109 451
110 128
110 164
110 348
110 424
110 468
111 445
111 473
111 497
112 213
112 368
112 423
112 465
113 201
113 307
115 313
115 365
116 418
116 473
117 197
117 325
117 436
117 450
117 474
118 287
118 337
119 229
119 265
119 266
119 452
120 190
120 384
121 181
121 411
121 493
122 388
123 234
123 250
123 256
123 320
124 199
124 279
124 328
124 372
125 167
125 183
126 197
126 244
126 323
126 336
126 443
127 277
127 328
127 440
128 145
128 189
128 221
128 315
128 326
128 336
129 173
129 279
129 291
129 335
130 208
130 232
130 255
130 291
130 347
130 457
131 141
131 273
132 279
133 306
134 347
134 486
135 294
135 347
136 312
137 211
137 449
138 481
139 293
139 342
140 189
142 205
142 267
142 277
142 395
142 403
142 461
143 194
143 234
143 251
143 266
143 312
143 455
143 459
144 218
144 228
144 295
144 468
144 475
144 481
145 156
145 264
145 415
145 489
146 184
146 255
146 296
146 344
147 317
147 338
147 346
148 346
149 176
149 264
149 398
149 496
150 380
150 461
151 388
151 421
152 229
152 411
152 428
152 478
153 155
153 191
153 203
153 351
153 386
153 402
154 249
154 482
155 225
155 230
155 255
155 304
155 328
155 491
156 260
156 355
156 455
156 496
157 275
158 195
158 219
158 263
158 394
158 412
158 439
159 173
159 261
159 299
159 300
160 344
160 345
160 475
161 184
161 232
161 266
161 328
161 404
162 168
162 195
162 473
163 307
163 314
164 252
164 272
164 348
165 362
166 266
166 297
166 456
166 457
167 294
167 408
168 201
168 340
169 419
169 431
169 471
170 220
170 240
170 320
171 225
171 282
171 368
171 389
171 469
172 395
173 261
173 268
173 395
173 463
174 259
174 275
174 298
174 317
174 410
174 450
175 219
176 365
176 451
177 224
177 258
177 272
178 280
178 297
178 302
179 303
179 312
180 449
181 482
182 445
182 446
183 291
183 325
183 455
183 470
183 481
184 207
184 258
184 339
185 292
185 441
186 313
186 342
186 385
186 397
186 448
186 472
187 217
187 296
187 307
188 328
188 329
188 422
188 459
189 222
189 322
191 225
191 231
191 351
192 276
192 317
192 414
193 206
193 314
194 455
194 477
194 478
195 196
195 229
195 319
195 409
195 434
196 338
196 347
198 240
198 277
198 352
198 479
200 287
200 395
201 344
201 371
201 394
201 454
202 394
202 471
202 472
203 215
204 411
205 310
206 378
206 391
207 324
207 357
208 247
208 277
209 236
210 296
210 404
210 416
211 378
211 433
211 457
212 245
212 308
212 356
212 439
213 248
213 309
213 475
214 419
216 329
217 364
218 252
218 458
219 410
220 230
220 259
220 319
220 328
220 401
220 416
220 424
221 235
221 239
224 273
224 315
224 367
224 479
224 484
224 494
225 404
225 441
226 228
226 420
227 291
227 425
227 496
228 276
228 365
228 405
228 456
229 342
230 319
230 357
230 393
231 314
231 330
231 392
232 311
232 453
233 449
233 486
234 406
235 246
235 260
235 381
235 435
236 255
236 292
236 302
237 374
238 269
239 475
241 329
241 364
241 450
242 245
242 476
243 402
243 454
243 462
245 410
245 445
246 253
246 302
246 411
246 486
247 324
247 361
247 378
247 488
248 424
249 260
249 473
250 277
250 337
250 400
250 416
251 417
251 457
252 299
253 307
253 488
254 499
256 276
256 335
256 349
256 363
256 474
257 356
257 395
258 352
259 297
259 498
260 264
260 361
260 400
260 477
261 343
261 346
261 379
262 329
263 331
263 363
264 420
265 457
266 468
267 309
267 313
268 426
268 433
269 363
269 498
270 305
271 383
272 420
272 457
273 488
274 351
275 314
275 321
275 414
276 322
276 401
276 444
278 480
279 326
279 408
279 424
279 448
281 392
281 399
281 488
282 306
282 311
283 441
283 476
285 346
285 395
285 441
285 470
286 341
286 342
286 366
287 294
287 445
287 461
288 399
288 467
290 358
290 423
291 308
291 377
291 468
291 479
292 341
292 374
292 480
293 420
293 480
293 493
294 358
295 398
296 330
296 449
297 313
297 369
297 497
299 422
299 492
300 476
301 378
302 398
303 392
303 402
305 330
305 440
306 346
306 368
306 450
306 464
306 495
307 344
307 389
307 434
307 474
308 425
308 445
309 391
311 399
312 479
312 489
313 491
315 316
315 333
315 368
315 399
315 426
315 484
315 496
316 356
316 408
316 460
317 409
317 445
318 375
318 394
318 410
319 358
319 497
320 361
320 456
321 335
321 418
323 390
325 420
325 444
326 427
326 448
327 396
327 404
327 439
329 343
329 378
330 413
331 417
331 464
332 344
332 397
333 341
333 410
333 467
335 349
335 373
335 386
336 492
337 399
337 490
338 366
338 419
338 495
339 497
340 348
340 393
341 370
341 421
341 474
344 470
344 498
345 378
345 385
345 391
346 426
347 367
347 408
347 482
348 445
349 413
351 387
352 431
352 494
355 424
356 395
356 396
356 427
356 499
357 413
357 441
357 471
359 414
359 435
360 484
360 487
364 447
366 407
367 479
368 386
368 403
368 463
368 480
369 485
370 449
371 476
372 388
372 408
374 496
375 466
376 434
377 459
378 401
378 494
379 442
379 480
380 455
381 401
382 424
382 445
382 464
382 466
383 409
383 439
384 422
384 425
384 427
384 472
384 478
384 490
385 483
387 402
387 457
388 467
389 442
392 433
392 461
393 462
394 404
397 495
398 427
400 408
402 416
403 473
407 440
409 435
409 451
410 434
411 424
412 430
416 457
416 460
419 466
420 474
420 486
420 493
422 450
424 458
424 490
426 483
426 486
426 488
428 461
430 447
430 450
430 486
436 457
439 450
440 477
442 465
442 485
443 469
446 465
448 489
449 462
455 466
455 497
468 480
469 485
472 496
