0 214
0 288
0 321
0 494
0 796
0 924
1 57
1 62
1 200
1 245
1 327
1 459
1 539
1 790
2 580
2 752
2 809
2 887
3 284
3 885
4 601
5 318
5 435
5 531
5 893
6 125
6 406
7 28
7 150
7 585
8 12
8 304
8 429
8 476
9 244
9 713
9 909
10 661
10 720
10 728
10 812
11 304
11 351
11 622
12 339
13 209
13 977
13 994
14 19
14 308
14 316
14 467
15 404
15 432
15 854
15 908
15 951
16 35
17 237
17 486
17 690
17 964
18 326
18 416
18 443
18 608
19 145
19 440
19 466
19 477
19 479
19 794
20 38
20 81
20 287
20 840
21 27
21 61
21 155
21 798
21 815
22 254
22 257
22 325
22 711
23 296
24 403
24 663
24 811
25 65
25 637
25 751
26 197
26 235
26 435
26 447
26 788
27 53
27 831
27 902
28 279
28 305
28 412
28 812
30 81
30 241
30 769
30 791
30 867
31 277
31 319
31 580
31 847
31 905
32 115
32 410
32 460
32 529
32 812
32 955
32 956
32 991
33 150
33 238
33 355
33 358
33 613
33 729
33 736
33 871
34 90
34 201
34 827
35 585
35 802
35 929
37 298
37 394
37 419
37 420
37 429
37 466
37 602
37 616
37 988
38 300
38 316
38 518
38 585
38 923
39 128
39 321
39 488
39 857
40 190
40 212
40 418
40 524
40 665
41 114
41 266
41 400
41 701
41 827
42 333
42 513
43 85
43 404
43 626
43 635
43 992
44 121
44 537
44 947
44 949
44 962
45 646
45 656
45 689
46 366
46 562
46 632
47 70
47 100
47 142
47 316
47 698
47 794
47 847
47 928
48 839
48 956
49 118
49 767
49 839
50 254
50 378
50 642
50 650
50 717
50 719
51 156
51 386
51 414
51 706
51 880
51 927
53 93
53 116
53 283
53 751
53 834
53 855
54 66
54 178
54 351
54 542
54 652
55 70
55 173
55 200
55 467
55 712
55 958
56 429
56 439
56 807
56 936
57 742
57 814
57 854
57 959
58 95
58 97
58 670
58 718
58 951
59 501
59 507
59 634
59 710
59 997
60 621
60 642
60 995
61 108
61 508
61 607
61 859
62 252
62 440
62 588
62 650
62 778
63 479
64 368
64 575
64 737
64 781
64 884
64 914
65 168
65 312
65 706
66 249
66 298
66 404
66 504
66 789
67 176
67 400
67 496
67 867
68 474
68 520
68 779
69 226
69 490
69 771
69 810
70 614
70 656
70 783
70 905
71 283
71 387
71 563
71 726
71 813
71 869
72 299
72 565
72 742
73 214
73 234
73 346
73 735
73 814
73 834
74 99
74 523
74 571
74 855
74 896
74 964
75 253
75 312
76 86
76 218
76 492
76 700
77 123
77 302
77 373
77 657
77 734
78 107
78 269
79 483
79 715
79 737
80 184
80 548
80 879
80 895
81 318
81 524
81 939
82 170
82 382
83 92
83 93
83 474
83 483
83 600
84 436
84 530
84 668
84 694
84 791
84 906
86 385
86 745
86 872
87 479
87 710
87 900
88 271
88 781
88 997
89 206
89 226
89 733
89 929
89 930
89 986
90 232
90 238
90 352
90 626
90 793
90 977
91 687
91 694
91 715
91 857
91 911
92 420
93 321
93 758
94 135
94 614
94 810
94 847
95 235
95 275
95 515
95 578
95 653
96 314
96 412
96 568
96 743
97 212
97 301
97 405
97 415
97 481
97 687
97 776
98 446
98 576
98 799
99 938
100 238
100 402
100 754
100 862
101 408
101 453
101 477
101 510
102 281
103 556
103 741
103 762
103 862
103 891
104 180
104 329
104 522
104 785
104 851
104 872
105 220
105 820
105 863
105 889
105 913
106 127
106 371
106 606
106 734
107 221
107 318
107 393
107 606
107 646
107 703
107 979
108 125
108 127
108 331
108 946
108 992
109 189
109 446
109 558
109 653
109 720
110 112
110 275
110 523
111 163
111 583
111 644
111 770
112 320
112 540
112 578
112 592
112 658
113 158
113 592
113 746
113 926
113 970
114 681
114 809
115 721
116 246
117 124
117 787
118 162
118 316
118 347
118 459
118 513
118 901
118 971
119 154
119 255
119 587
119 721
120 317
120 396
120 578
121 204
121 260
121 338
121 432
121 467
122 999
123 298
123 770
123 837
125 162
125 390
127 231
127 708
127 829
127 954
128 185
128 686
128 864
128 990
129 427
129 701
130 785
131 293
131 371
131 551
131 629
131 756
131 768
131 783
131 900
132 153
132 483
132 623
134 603
134 735
134 822
135 612
135 770
135 904
135 995
136 153
136 234
136 286
136 411
136 790
137 547
137 846
137 876
138 233
138 458
139 425
139 440
139 795
139 892
140 577
140 801
140 837
140 980
141 439
142 253
142 338
142 437
142 602
142 749
143 181
143 376
143 380
143 456
143 493
143 560
143 631
143 843
144 165
144 188
144 319
144 372
144 400
144 747
144 809
145 871
146 189
146 692
146 707
146 876
147 164
147 527
147 563
147 807
148 162
148 237
148 845
149 571
149 579
149 730
150 276
150 516
150 520
150 574
150 605
150 845
151 382
151 643
152 296
152 412
152 502
152 531
153 249
153 406
153 459
153 476
153 625
153 933
153 964
154 193
154 688
154 841
155 319
155 373
155 839
155 889
156 342
156 862
157 676
158 625
158 819
159 162
159 184
159 773
160 730
160 946
160 995
161 239
161 460
161 528
161 647
161 947
162 613
162 706
162 868
163 305
163 357
163 669
164 329
164 599
164 766
164 913
165 429
166 230
166 503
166 741
166 971
167 434
167 526
167 947
167 972
168 376
168 480
168 594
168 875
169 183
169 250
169 398
169 795
170 597
170 689
170 795
171 317
171 938
172 299
172 312
173 733
173 845
173 918
174 259
174 339
174 415
174 634
174 701
174 876
174 944
175 193
175 335
175 680
176 265
176 659
176 792
176 870
176 949
177 190
177 350
177 363
178 236
178 353
178 431
179 674
180 295
181 722
182 188
182 531
183 258
183 651
183 698
183 894
184 252
184 342
184 374
184 719
185 676
185 779
186 300
186 552
186 804
187 288
187 451
187 729
188 219
188 373
188 748
188 975
189 598
189 899
189 995
190 578
191 646
191 655
191 910
192 454
192 460
192 535
192 870
193 256
193 871
194 236
194 263
194 313
194 399
194 908
195 525
196 244
196 294
196 842
197 580
197 597
198 217
198 741
199 384
199 442
199 675
199 768
199 797
200 253
200 429
200 662
200 720
200 751
201 459
202 542
202 706
202 769
203 298
203 488
203 497
203 512
203 620
203 887
205 234
205 731
205 952
206 566
207 263
207 274
207 663
207 845
208 380
209 472
209 671
210 468
211 262
211 557
211 684
211 838
211 854
212 411
212 444
212 887
213 638
213 915
214 601
215 628
215 815
216 451
216 463
217 774
217 817
218 426
218 841
218 886
219 588
220 352
220 381
220 491
220 819
221 781
222 281
222 466
223 461
223 479
223 929
224 812
224 941
225 418
225 538
225 719
225 827
225 968
226 412
227 433
227 504
227 528
227 789
228 252
228 644
229 833
229 954
230 250
230 631
230 680
230 683
230 732
231 792
232 679
232 905
233 801
234 268
234 413
234 735
235 402
235 489
235 767
235 788
235 952
236 597
236 963
237 552
238 290
238 300
238 409
238 506
239 297
239 701
240 420
240 638
240 853
241 358
241 786
241 917
242 338
242 444
242 795
242 875
242 919
242 965
243 255
243 269
243 612
244 299
244 461
244 473
244 688
244 951
245 550
245 703
245 874
245 885
246 395
246 802
247 483
247 502
247 563
247 590
247 648
247 716
248 424
248 744
248 997
249 295
249 323
249 943
250 316
250 482
250 896
250 906
251 287
251 314
251 487
251 496
251 814
251 860
252 281
252 301
252 798
253 266
253 808
254 271
254 329
254 450
254 591
254 756
254 786
255 396
255 624
255 956
256 313
257 436
257 494
257 767
258 359
258 457
258 882
259 306
259 435
259 873
260 656
260 941
261 435
261 522
261 736
261 828
262 366
262 761
263 465
263 659
263 677
263 856
263 902
264 459
264 645
264 987
265 784
265 816
266 443
266 474
266 816
266 858
266 961
267 469
267 587
267 967
267 971
268 343
268 428
268 517
268 690
269 535
269 917
270 958
271 652
271 769
271 781
271 947
272 407
272 680
273 494
273 530
273 564
273 849
273 979
274 537
274 600
274 664
275 523
275 698
276 281
277 941
278 279
278 761
279 295
279 386
279 546
279 583
280 780
280 831
281 284
281 786
281 799
281 921
282 410
282 481
282 821
282 907
283 555
283 747
283 939
284 290
285 498
285 591
285 653
286 671
286 946
287 339
287 389
287 419
287 471
288 300
288 567
288 625
288 952
289 297
289 572
290 373
290 420
290 574
290 719
290 820
290 959
291 428
291 570
291 571
291 776
292 664
292 665
293 660
293 700
294 439
294 566
294 583
294 661
295 404
295 411
295 570
295 601
295 979
296 333
296 334
296 894
297 497
297 501
297 586
297 699
297 817
298 751
298 869
298 891
298 998
299 458
299 552
300 327
300 624
300 718
301 439
301 483
301 941
302 822
302 926
303 714
304 343
304 454
304 581
304 955
304 983
305 314
305 328
305 353
305 996
306 434
306 485
306 488
306 598
306 672
306 963
307 337
307 524
308 860
308 907
309 617
309 622
309 682
309 700
309 919
310 580
310 614
310 694
310 706
311 332
311 425
311 567
311 770
312 424
312 429
312 564
312 590
312 625
312 813
312 966
313 553
313 631
313 990
314 332
314 502
314 633
314 717
314 737
315 455
315 561
315 710
315 787
315 871
316 495
316 709
317 722
318 389
318 396
318 526
319 404
319 424
319 796
320 478
320 725
321 406
321 545
322 886
323 332
323 541
324 394
324 829
325 874
325 996
326 764
326 814
326 833
326 866
327 434
327 706
327 905
327 968
328 334
328 471
328 792
329 423
329 494
329 647
329 892
330 344
330 831
331 488
331 968
332 665
332 989
333 468
333 916
334 591
334 862
335 577
335 868
336 941
337 360
337 410
337 433
337 628
338 965
339 400
339 667
339 784
339 963
340 500
340 617
341 508
341 560
341 860
341 968
343 407
343 455
343 549
343 590
344 730
345 479
345 505
345 767
346 419
346 472
346 720
346 764
346 941
347 409
347 471
348 880
348 986
349 441
349 988
350 672
351 379
351 454
351 894
352 747
352 787
353 650
353 676
354 926
354 980
355 408
355 468
355 481
356 383
356 542
356 950
357 788
359 393
359 561
359 780
359 918
359 958
360 369
360 747
360 764
361 521
361 694
361 789
361 993
362 422
362 484
362 511
363 589
363 904
364 899
365 896
366 406
366 423
366 632
366 704
366 855
367 428
367 844
367 907
368 492
368 620
368 884
369 560
369 791
370 541
370 787
371 758
371 956
372 642
372 896
373 898
374 432
374 512
375 541
375 794
375 818
376 968
377 400
377 674
377 865
377 976
378 675
378 731
378 772
378 855
379 415
379 697
379 747
379 755
379 806
380 586
380 925
381 749
381 989
382 901
384 598
384 695
384 861
385 470
385 526
385 659
385 908
386 611
387 664
387 951
388 719
388 807
389 837
389 862
390 484
390 525
391 493
391 516
391 664
392 562
392 641
392 683
392 692
392 722
393 703
393 804
393 933
394 442
395 926
396 590
396 635
396 741
396 800
397 544
397 645
397 768
398 555
398 826
399 613
399 744
399 887
399 939
400 559
400 638
400 860
400 904
401 498
403 838
404 813
404 958
405 865
405 898
406 529
406 657
406 837
407 471
407 510
407 621
407 738
407 781
407 811
407 888
408 556
411 460
411 506
411 531
411 843
411 902
412 418
412 497
412 695
412 903
413 719
413 781
414 694
414 752
414 837
415 440
415 442
415 838
415 872
415 931
416 478
416 784
416 933
417 653
417 784
417 927
417 989
418 422
418 475
418 636
419 524
419 525
419 749
419 876
420 537
421 647
421 876
422 976
423 614
423 926
424 484
424 880
424 934
425 432
425 514
426 935
426 955
426 964
427 432
427 564
427 612
427 697
428 499
428 682
428 876
429 482
429 663
429 845
429 933
430 989
432 748
432 850
432 917
433 857
434 531
435 591
435 598
438 507
438 697
439 564
440 641
440 689
441 474
441 744
441 810
441 956
442 487
442 706
442 826
442 986
443 710
444 620
444 683
444 801
444 807
445 845
447 973
448 760
449 709
449 962
450 502
451 478
451 765
452 697
453 872
454 631
455 457
455 908
456 559
456 968
457 756
458 608
458 758
459 849
460 707
461 694
461 947
463 606
463 775
463 874
464 575
464 819
466 474
466 605
467 604
468 775
469 653
470 570
470 689
470 774
470 845
470 888
471 990
472 531
472 760
472 935
473 613
474 506
474 575
474 779
475 739
475 808
476 892
476 962
478 881
479 618
480 810
481 485
481 701
482 528
482 601
482 913
482 950
483 640
484 823
484 851
484 878
485 727
486 571
486 847
486 979
487 780
489 575
489 683
492 604
492 780
492 987
493 875
493 972
493 990
495 650
495 759
497 653
497 990
498 573
499 659
500 622
501 548
501 753
501 876
503 969
503 994
504 690
504 755
504 842
505 608
505 614
505 619
505 627
505 631
505 694
506 678
506 710
506 745
506 802
507 712
508 525
508 708
508 752
509 878
510 518
510 584
510 751
510 833
510 914
511 573
513 549
513 765
513 903
514 565
514 618
514 625
514 762
515 615
517 567
517 960
518 530
518 659
519 962
520 567
520 818
520 823
522 728
523 594
524 780
524 915
525 679
525 899
525 951
526 544
526 742
526 756
526 818
526 920
527 750
527 793
527 863
527 900
528 877
529 667
529 861
529 932
530 933
532 898
534 545
535 939
536 601
536 777
536 923
537 602
537 770
538 587
538 735
538 805
539 562
539 750
539 832
539 860
540 814
540 826
540 846
540 889
541 947
542 758
542 870
542 931
543 641
543 990
544 646
546 752
547 927
547 978
548 761
550 797
550 827
550 877
551 780
552 580
552 601
552 762
552 835
553 604
553 787
554 577
554 582
554 740
555 858
555 925
555 932
557 611
557 756
558 825
558 842
559 652
559 653
559 655
559 667
559 731
560 777
560 907
561 662
561 812
561 907
561 940
561 953
562 874
562 953
563 745
564 586
565 852
566 749
566 855
566 954
569 629
570 869
570 915
571 714
572 583
572 878
572 958
573 716
574 645
574 717
574 872
575 670
576 607
576 660
578 709
578 775
578 966
579 624
579 853
580 644
580 805
581 603
581 920
582 791
583 668
584 586
584 657
584 669
584 934
584 974
585 636
585 975
586 829
587 651
587 686
587 755
587 998
590 909
591 736
591 981
592 856
595 998
597 923
597 983
598 707
598 710
598 846
598 933
598 989
601 861
602 719
603 683
603 766
604 714
604 954
605 700
605 815
605 897
606 763
607 890
607 963
609 649
609 901
610 801
610 825
610 936
610 996
612 856
613 643
613 914
613 956
614 688
614 708
614 772
615 865
616 832
617 737
618 790
618 941
619 924
620 984
622 835
623 653
624 802
625 967
626 762
627 916
627 949
628 826
628 897
629 725
629 776
630 641
630 932
631 781
631 850
631 919
632 969
633 743
633 758
633 982
634 814
634 834
635 686
635 898
636 800
636 854
636 903
636 940
637 685
637 711
639 974
640 694
640 799
640 854
642 707
642 987
643 733
644 667
645 668
645 842
645 972
648 869
649 671
649 727
650 698
650 732
651 862
654 749
654 798
654 978
654 998
656 678
656 886
656 911
659 663
659 776
660 683
661 779
662 664
662 721
662 974
663 862
663 929
663 943
664 697
665 879
666 835
667 794
668 878
668 915
671 983
672 740
672 924
673 932
673 987
674 688
674 777
676 737
676 832
676 862
677 814
677 969
677 970
677 979
678 885
679 888
679 980
680 714
682 869
683 768
684 798
684 955
686 777
687 920
688 903
689 759
689 930
691 939
692 874
694 957
695 863
695 944
695 953
697 879
698 762
700 729
700 846
701 884
701 916
702 717
702 907
704 852
704 856
705 758
706 873
706 922
707 773
707 880
710 801
711 846
712 939
714 804
714 987
716 918
717 765
719 859
719 909
721 839
721 874
721 934
722 944
723 874
724 760
726 966
728 885
728 971
730 809
730 819
730 825
731 733
732 768
732 941
733 802
733 829
733 928
733 981
734 991
735 740
735 805
737 904
737 915
740 841
740 929
742 746
742 940
743 819
743 896
743 964
744 842
744 953
744 972
745 836
746 769
746 943
746 986
750 787
751 800
751 847
751 955
752 769
755 826
755 942
756 865
757 971
758 836
758 981
760 857
760 993
761 932
762 951
764 909
767 831
767 888
770 837
770 956
772 827
772 898
775 894
776 989
777 792
777 898
778 801
780 881
781 873
783 883
789 821
791 847
796 920
796 981
797 972
798 857
798 872
801 897
802 922
803 981
803 995
804 807
804 901
807 954
808 845
809 935
812 860
815 981
816 906
816 982
817 943
817 958
818 970
819 984
820 865
822 939
825 905
829 864
829 957
831 878
834 874
834 924
841 920
843 923
844 865
844 913
844 915
845 846
846 974
849 917
852 975
856 891
856 936
858 980
860 942
863 892
863 983
867 881
869 933
871 989
872 876
872 960
873 965
875 986
879 971
883 915
884 906
889 962
890 986
891 993
892 949
893 904
894 945
897 995
899 908
907 961
919 976
927 984
935 936
936 976
937 938
943 985
944 955
946 975
952 963
955 995
981 985
