0 1
0 2
0 3
0 4
0 5
0 6
0 7
0 8
0 11
0 12
0 16
0 17
0 19
0 22
0 25
0 30
0 34
0 35
0 37
0 38
0 40
0 41
0 45
0 51
0 56
0 61
0 62
0 67
0 69
0 76
0 78
0 82
0 88
0 93
0 103
0 105
0 106
0 110
0 112
0 115
0 116
0 118
0 122
0 123
0 127
0 133
0 136
0 138
0 145
0 151
0 153
0 154
0 156
0 168
0 187
0 206
0 210
0 213
0 219
0 229
0 230
0 234
0 241
0 262
0 268
0 270
0 273
0 274
0 275
0 277
0 280
0 286
0 290
0 298
0 304
0 308
0 324
0 326
0 335
0 336
0 346
0 358
0 359
0 365
0 368
0 373
0 388
0 389
0 393
0 409
0 413
0 420
0 425
0 447
0 468
0 492
0 501
0 506
0 519
0 529
0 541
0 544
0 551
0 552
0 554
0 562
0 573
0 586
0 595
0 611
0 612
0 615
0 627
0 628
0 636
0 638
0 656
0 667
0 680
0 686
0 694
0 723
0 727
0 730
0 734
0 738
0 741
0 762
0 763
0 778
0 780
0 787
0 788
0 789
0 827
0 839
0 840
0 844
0 846
0 852
0 860
0 876
0 883
0 884
0 892
0 908
0 917
0 934
0 980
0 997
1 2
1 3
1 4
1 5
1 6
1 7
1 10
1 15
1 19
1 20
1 31
1 42
1 46
1 50
1 54
1 59
1 62
1 73
1 80
1 83
1 85
1 109
1 111
1 114
1 120
1 126
1 127
1 130
1 136
1 141
1 154
1 155
1 166
1 169
1 172
1 178
1 181
1 184
1 185
1 191
1 205
1 218
1 222
1 227
1 231
1 239
1 242
1 253
1 254
1 266
1 268
1 278
1 281
1 292
1 300
1 305
1 308
1 318
1 322
1 325
1 327
1 345
1 354
1 355
1 357
1 358
1 361
1 371
1 372
1 376
1 379
1 387
1 393
1 411
1 433
1 437
1 442
1 449
1 464
1 475
1 490
1 503
1 534
1 536
1 539
1 542
1 550
1 557
1 582
1 594
1 596
1 604
1 622
1 624
1 642
1 643
1 659
1 664
1 696
1 717
1 758
1 768
1 783
1 784
1 795
1 825
1 844
1 845
1 855
1 862
1 866
1 885
1 894
1 896
1 922
1 927
1 948
1 956
1 959
1 966
2 9
2 13
2 16
2 39
2 40
2 46
2 60
2 64
2 70
2 74
2 79
2 83
2 87
2 91
2 95
2 105
2 122
2 128
2 129
2 131
2 152
2 174
2 186
2 192
2 205
2 213
2 216
2 217
2 234
2 242
2 244
2 246
2 249
2 250
2 266
2 272
2 313
2 365
2 368
2 372
2 378
2 423
2 442
2 472
2 473
2 474
2 476
2 480
2 487
2 498
2 511
2 512
2 517
2 559
2 565
2 566
2 576
2 602
2 605
2 663
2 670
2 672
2 693
2 704
2 790
2 795
2 815
2 875
2 914
2 933
2 954
3 12
3 14
3 17
3 18
3 22
3 23
3 27
3 28
3 29
3 33
3 34
3 38
3 39
3 44
3 55
3 59
3 71
3 73
3 75
3 77
3 78
3 86
3 94
3 99
3 102
3 114
3 118
3 119
3 124
3 125
3 134
3 142
3 148
3 161
3 163
3 165
3 171
3 199
3 203
3 208
3 214
3 237
3 240
3 243
3 256
3 258
3 275
3 285
3 326
3 328
3 330
3 341
3 344
3 390
3 417
3 426
3 429
3 436
3 440
3 448
3 454
3 469
3 471
3 477
3 494
3 503
3 504
3 505
3 517
3 535
3 577
3 587
3 589
3 594
3 606
3 613
3 619
3 627
3 630
3 675
3 687
3 720
3 786
3 796
3 803
3 839
3 843
3 850
3 860
3 869
3 883
3 930
3 937
3 976
3 992
3 998
4 8
4 9
4 26
4 42
4 47
4 53
4 54
4 77
4 81
4 82
4 87
4 98
4 102
4 104
4 124
4 131
4 135
4 144
4 146
4 148
4 157
4 166
4 173
4 180
4 186
4 192
4 194
4 207
4 221
4 253
4 264
4 269
4 283
4 291
4 329
4 357
4 415
4 431
4 435
4 446
4 485
4 491
4 495
4 498
4 525
4 527
4 537
4 544
4 588
4 593
4 675
4 686
4 720
4 723
4 735
4 765
4 828
4 849
4 853
4 858
4 867
4 868
4 906
4 941
4 948
4 984
5 121
5 255
5 303
5 362
5 432
5 459
5 818
5 909
6 13
6 15
6 24
6 36
6 45
6 137
6 146
6 170
6 220
6 267
6 389
6 395
6 398
6 456
6 480
6 537
6 591
6 637
6 658
6 684
6 814
6 874
6 945
7 10
7 11
7 23
7 70
7 74
7 96
7 157
7 209
7 210
7 223
7 232
7 249
7 252
7 259
7 298
7 335
7 367
7 423
7 427
7 447
7 506
7 561
7 574
7 583
7 585
7 591
7 610
7 649
7 655
7 673
7 732
7 777
7 830
7 916
7 929
7 951
7 989
9 26
9 29
9 37
9 61
9 66
9 98
9 110
9 164
9 167
9 212
9 251
9 306
9 310
9 323
9 327
9 353
9 366
9 373
9 384
9 414
9 415
9 419
9 467
9 494
9 549
9 597
9 620
9 646
9 659
9 691
9 707
9 733
9 739
9 751
9 776
9 878
9 893
9 894
9 898
9 981
9 985
9 990
9 996
10 28
10 32
10 92
10 107
10 193
10 267
10 318
10 500
10 533
10 685
10 803
10 880
10 881
10 965
11 24
11 57
11 96
11 100
11 137
11 139
11 140
11 169
11 191
11 199
11 228
11 316
11 332
11 394
11 434
11 459
11 467
11 488
11 502
11 583
11 637
11 678
11 718
11 804
11 819
11 887
11 949
11 974
12 520
12 713
13 14
13 21
13 25
13 48
13 90
13 95
13 97
13 103
13 113
13 119
13 246
13 297
13 301
13 313
13 332
13 341
13 421
13 427
13 501
13 522
13 550
13 660
13 670
13 682
13 697
13 724
13 725
13 766
13 785
13 787
13 791
13 823
13 867
13 908
13 919
13 927
13 946
14 18
14 21
14 35
14 55
14 72
14 75
14 111
14 161
14 183
14 238
14 244
14 337
14 356
14 526
14 559
14 607
14 660
14 714
14 729
14 746
14 780
14 865
14 889
15 63
15 202
15 380
15 592
16 31
16 76
16 89
16 158
16 182
16 245
16 269
16 273
16 288
16 401
16 431
16 460
16 497
16 543
16 552
16 621
16 623
16 629
16 674
16 794
17 20
17 27
17 30
17 33
17 36
17 49
17 53
17 60
17 68
17 72
17 85
17 109
17 120
17 132
17 135
17 144
17 149
17 183
17 232
17 254
17 255
17 297
17 302
17 312
17 317
17 319
17 346
17 359
17 363
17 383
17 390
17 402
17 424
17 433
17 443
17 499
17 514
17 540
17 545
17 566
17 582
17 606
17 622
17 632
17 651
17 701
17 709
17 711
17 740
17 742
17 756
17 778
17 779
17 857
17 884
17 906
17 935
17 976
17 979
18 89
18 160
18 356
18 832
19 339
20 41
20 58
20 117
20 138
20 179
20 198
20 285
20 296
20 352
20 464
20 581
20 799
20 994
21 48
21 57
21 319
21 758
21 885
22 47
22 56
22 162
22 225
22 274
22 278
22 287
22 338
22 436
22 499
22 548
22 625
22 657
22 677
22 716
22 793
22 960
23 101
23 820
26 58
26 69
26 208
26 263
26 300
26 470
26 672
26 767
27 49
27 79
27 84
27 158
27 175
27 204
27 226
27 236
27 277
27 286
27 295
27 362
27 391
27 483
27 651
27 679
27 700
27 801
27 814
27 879
27 938
27 958
28 32
28 52
28 65
28 67
28 108
28 143
28 150
28 181
28 201
28 209
28 248
28 265
28 293
28 294
28 329
28 333
28 375
28 392
28 454
28 484
28 486
28 497
28 525
28 528
28 571
28 626
28 632
28 638
28 696
28 708
28 710
28 716
28 739
28 747
28 751
28 782
28 900
28 918
29 339
29 838
30 43
30 90
30 176
30 188
30 216
30 218
30 291
30 405
30 567
30 753
30 779
30 966
30 996
31 65
31 66
31 71
31 97
31 104
31 106
31 117
31 125
31 153
31 174
31 179
31 187
31 194
31 224
31 230
31 294
31 351
31 366
31 370
31 392
31 487
31 491
31 568
31 584
31 643
31 648
31 653
31 654
31 658
31 664
31 702
31 733
31 752
31 775
31 790
31 836
31 848
31 859
31 897
31 913
31 944
31 958
31 998
32 676
33 63
33 86
33 88
33 93
33 149
33 155
33 159
33 165
33 211
33 352
33 410
33 449
33 456
33 489
33 588
33 613
33 617
33 640
33 698
33 705
33 771
33 821
33 915
33 940
33 967
34 101
34 147
34 718
35 112
35 222
35 321
35 688
35 792
36 44
36 81
36 130
36 172
36 324
36 381
36 403
36 556
36 587
36 649
36 715
37 307
37 749
38 170
38 271
38 505
38 529
38 590
39 990
40 129
40 399
40 600
40 692
41 235
41 316
41 395
41 539
41 811
42 43
42 52
42 68
42 100
42 132
42 185
42 204
42 217
42 226
42 228
42 272
42 406
42 472
42 519
42 621
42 671
42 740
42 870
42 991
43 307
43 386
43 462
43 863
43 899
44 198
44 260
44 531
44 666
44 761
44 877
44 920
45 91
45 123
45 422
45 509
45 710
45 812
45 878
46 207
46 348
46 441
46 798
46 988
47 50
47 400
47 477
47 599
48 64
48 133
48 193
48 195
48 215
48 263
48 421
48 445
48 722
48 745
48 789
48 877
48 881
48 889
48 972
49 51
49 94
49 99
49 227
49 292
49 354
49 484
49 507
49 512
49 608
49 614
49 644
49 665
49 693
49 772
49 817
50 139
50 160
50 251
50 276
50 410
50 516
50 538
50 683
50 802
50 841
50 995
52 84
52 143
52 145
52 220
52 334
52 458
52 528
52 699
52 715
52 722
52 848
52 849
52 869
52 962
52 965
52 983
53 140
53 152
53 243
54 247
54 260
54 279
54 330
54 331
54 617
54 765
55 171
55 233
55 295
55 320
55 349
55 374
55 514
55 532
55 558
55 626
55 721
57 116
57 200
57 261
57 513
57 871
57 928
58 151
58 264
59 618
60 80
60 164
60 215
60 290
60 361
60 482
60 685
60 743
60 847
60 852
60 868
61 141
61 162
61 163
61 189
61 680
61 697
61 706
61 756
61 951
62 201
62 238
62 271
62 360
62 428
62 837
62 910
63 196
63 214
63 457
63 909
64 347
64 443
65 257
65 349
65 367
66 432
66 536
66 662
66 717
66 783
66 888
66 961
67 478
67 826
68 126
68 257
68 280
68 387
68 654
68 655
68 673
68 771
68 903
68 946
69 92
69 175
69 196
69 256
69 364
69 496
69 547
69 595
69 677
69 764
70 195
70 321
70 328
70 470
70 661
71 545
71 560
71 897
73 248
75 351
76 403
76 798
76 837
77 156
78 107
78 134
78 147
78 211
78 289
78 303
78 422
78 473
78 524
78 555
78 618
78 809
78 861
78 886
78 945
79 382
79 794
82 240
82 311
82 325
82 418
82 426
82 558
84 312
84 602
85 424
85 661
85 986
87 108
87 115
87 250
87 314
87 417
87 568
87 603
87 726
87 865
87 900
90 200
90 233
90 531
90 893
91 755
92 113
92 190
92 380
92 381
92 526
92 604
92 682
92 823
92 833
93 564
95 128
95 212
95 320
95 450
95 468
95 507
95 726
95 931
97 437
97 574
98 176
98 235
98 691
100 190
100 229
100 305
100 905
101 262
101 342
101 892
102 396
102 554
102 557
102 585
102 735
102 785
104 202
104 287
104 406
104 455
104 681
104 701
104 810
104 955
105 159
106 369
106 419
106 515
106 538
108 510
109 121
109 188
109 276
109 391
109 553
109 652
109 768
109 818
109 827
111 396
111 420
111 439
111 504
111 807
111 808
111 810
111 912
113 570
116 887
117 759
118 616
119 408
120 184
120 590
120 970
123 150
123 206
123 635
124 259
124 669
126 142
126 167
126 223
126 797
126 843
126 936
127 743
127 907
130 203
131 947
132 695
132 804
133 225
133 334
133 625
133 694
135 483
135 490
136 283
136 288
136 399
136 471
136 476
136 515
136 596
136 678
136 891
136 961
136 999
138 189
138 237
138 252
138 265
138 592
138 736
138 851
139 282
139 284
139 343
139 509
139 565
139 820
139 997
140 370
140 451
140 774
141 971
142 173
142 197
142 706
142 772
142 834
143 221
143 270
143 304
143 355
145 920
148 363
152 261
152 279
152 281
152 331
152 377
152 439
152 478
152 479
152 609
152 645
152 646
152 788
152 806
154 299
154 800
155 376
155 400
157 516
157 689
157 853
158 177
158 338
158 935
159 629
160 178
160 746
160 863
161 412
161 452
162 168
162 282
162 776
163 430
164 598
165 258
165 385
165 404
165 708
165 928
166 182
166 311
166 444
166 469
166 481
166 615
166 880
166 923
168 180
168 547
168 835
169 284
169 676
170 960
172 197
172 375
172 378
172 401
172 461
172 463
172 493
172 530
172 692
172 744
172 786
172 938
172 959
174 177
175 345
181 644
181 796
181 808
181 973
182 650
185 405
185 488
186 309
186 314
186 333
186 453
186 463
186 541
186 573
186 586
186 630
186 631
186 634
186 713
186 822
186 831
186 911
186 952
188 993
191 992
192 236
192 247
192 563
193 231
193 402
193 450
193 578
193 647
193 702
193 734
193 748
193 931
196 455
196 793
196 829
200 350
200 479
200 642
200 859
201 416
201 910
201 940
202 224
202 350
202 508
202 767
202 829
204 397
204 502
204 641
205 408
205 445
205 569
206 383
206 460
206 939
207 695
208 219
208 418
208 457
209 575
211 315
211 317
211 414
211 611
211 846
211 870
212 344
212 777
212 836
216 388
216 699
217 289
217 407
217 430
217 933
218 301
219 518
219 690
221 742
222 245
222 727
224 466
225 353
226 974
229 310
229 412
229 496
229 548
229 858
229 921
229 941
231 239
231 296
231 302
231 322
231 343
231 482
231 495
231 578
231 684
231 732
231 792
231 857
232 527
236 704
236 832
236 962
236 964
238 241
238 631
240 369
240 963
244 293
244 306
244 508
244 681
244 719
244 791
245 599
250 458
250 570
253 754
256 323
257 348
259 438
260 411
260 667
262 340
262 711
264 337
264 657
264 671
264 769
264 774
268 465
269 397
269 441
269 522
269 612
270 741
271 385
271 394
271 409
271 492
271 656
271 802
274 523
275 700
275 978
276 510
277 398
278 921
280 438
282 666
282 747
282 826
282 854
282 952
284 377
284 500
285 511
285 616
285 753
290 299
290 429
290 542
290 639
290 773
293 806
294 384
294 546
295 382
295 575
295 579
295 601
296 698
296 750
296 809
296 895
297 416
297 561
297 761
298 481
298 833
299 309
300 744
301 336
301 347
302 364
302 425
303 888
304 647
307 342
307 567
307 597
307 762
307 864
308 315
308 340
308 434
308 705
308 874
310 521
310 707
310 813
319 446
319 532
319 610
319 620
319 653
319 725
320 461
320 581
320 719
320 947
323 619
324 551
324 728
325 451
325 474
325 608
326 668
326 904
328 736
331 466
332 360
332 589
332 687
333 605
333 838
335 665
337 379
339 428
341 520
342 623
342 750
345 371
346 840
347 668
347 689
347 842
347 929
349 982
350 374
350 493
350 784
357 413
357 549
357 968
360 731
362 572
362 663
362 730
362 738
362 856
363 475
363 614
364 737
366 856
367 709
368 553
368 598
368 764
368 811
368 975
369 915
370 577
370 712
370 982
371 635
371 993
374 975
376 404
376 576
376 967
377 782
377 812
377 955
378 444
379 979
380 386
380 448
380 636
382 440
382 607
382 639
382 652
383 978
386 465
386 925
393 580
393 912
396 934
399 564
401 435
402 485
402 943
404 911
405 407
407 534
412 555
416 462
418 453
419 770
419 825
419 917
419 957
421 569
422 609
423 781
428 556
428 845
428 970
429 560
430 633
430 712
430 775
430 969
431 489
431 523
431 925
432 633
432 886
435 634
437 972
438 486
442 902
443 452
443 572
443 731
447 535
447 926
448 562
448 571
451 540
456 800
461 600
462 770
464 936
466 977
474 872
474 988
475 871
476 601
476 937
477 773
478 563
478 603
478 901
482 994
483 579
485 862
486 781
486 939
487 683
492 724
493 872
495 513
497 524
499 533
499 546
501 584
503 521
505 530
505 543
506 593
507 754
508 954
512 855
515 518
515 648
515 766
515 813
515 841
515 964
515 999
516 991
517 645
517 971
518 760
519 819
523 580
523 876
529 805
529 882
533 690
533 816
535 759
535 989
536 628
540 956
541 650
541 815
541 973
543 763
547 745
548 866
551 737
553 986
558 662
562 824
564 873
566 953
569 640
571 905
572 703
572 749
580 817
582 641
582 801
582 942
586 835
586 873
587 674
587 828
589 755
592 882
594 842
594 904
598 891
599 624
599 834
601 769
603 977
607 916
607 918
611 679
612 851
612 896
618 987
619 830
619 950
620 816
621 943
624 760
624 821
624 983
632 703
633 987
640 890
641 688
642 861
644 757
644 850
647 721
647 944
652 757
653 903
656 669
658 728
662 822
662 924
664 919
665 932
666 913
678 714
678 729
679 901
679 968
684 748
684 752
684 807
688 953
690 797
697 824
714 831
715 926
722 890
725 942
736 969
738 799
738 854
748 932
750 984
752 805
752 922
759 902
767 907
769 930
770 995
782 879
788 899
792 957
798 924
801 847
801 981
802 914
809 875
811 864
823 895
859 898
860 985
872 963
889 950
894 923
898 949
924 980
