0 18
0 26
0 30
0 55
0 68
0 70
0 86
0 100
1 34
1 64
1 96
2 27
2 35
2 56
2 106
3 14
3 114
4 14
4 48
4 65
4 110
5 6
5 11
5 31
5 42
5 51
5 89
5 114
6 12
6 103
7 63
7 122
8 47
8 76
8 95
8 104
9 32
9 61
9 91
9 108
10 57
10 65
10 86
10 88
10 94
10 118
11 34
11 38
11 51
11 52
11 65
11 66
11 75
12 38
13 40
13 51
13 53
13 56
13 84
14 17
14 30
14 46
14 57
14 72
14 78
14 79
15 32
15 83
16 63
16 66
16 85
16 112
17 34
17 55
17 65
17 105
17 118
18 37
18 61
18 83
18 120
19 47
19 120
20 29
20 33
20 63
20 64
20 68
20 84
22 36
22 37
22 38
22 61
22 112
22 119
23 61
23 94
24 29
24 57
24 58
25 43
25 79
26 32
26 43
26 99
26 102
27 29
27 49
27 60
27 89
29 63
29 86
29 94
29 96
31 50
32 64
32 65
33 43
33 45
33 77
33 97
34 50
34 63
34 124
36 76
36 113
36 118
37 38
37 42
37 118
39 80
41 45
41 57
42 48
43 54
43 80
43 108
43 119
44 51
44 54
44 57
44 99
45 67
46 50
46 120
47 64
47 81
48 121
49 80
49 118
50 83
50 91
51 68
51 96
51 117
51 121
52 79
52 93
52 102
52 104
53 69
56 113
56 117
56 121
57 66
57 85
57 97
59 72
59 108
60 80
60 91
60 99
60 104
61 102
62 67
62 106
63 66
64 78
64 84
65 83
65 91
65 116
66 94
66 117
67 105
67 116
68 71
68 86
68 110
69 95
70 87
70 124
72 89
72 104
73 87
75 87
75 116
77 90
77 101
78 81
78 83
78 93
79 116
82 119
83 85
83 97
83 114
84 114
85 87
85 88
86 97
86 110
87 100
87 122
88 107
90 114
91 92
92 99
96 106
102 119
104 124
106 122
106 123
110 119
111 116
115 121
116 123
