0 84
0 112
0 120
0 122
0 178
0 222
1 15
1 44
1 100
3 46
3 124
3 191
4 34
4 233
5 28
5 164
5 210
5 240
6 19
6 168
6 230
6 231
7 93
7 117
7 126
7 167
7 193
7 249
8 41
8 79
8 109
8 115
8 129
8 164
8 184
8 232
8 249
9 111
10 69
10 102
10 193
11 83
11 212
11 213
12 16
12 81
12 92
12 99
12 123
12 134
12 135
12 138
12 144
12 145
12 166
12 181
13 17
13 44
13 84
13 95
13 109
13 127
13 164
13 211
14 60
14 213
14 242
15 40
15 79
15 182
15 189
15 225
16 181
16 209
17 36
17 199
18 60
18 82
18 144
19 70
19 216
20 67
20 246
21 51
21 74
21 84
21 208
22 56
22 71
22 104
22 158
22 226
22 234
23 68
23 237
23 239
23 242
24 36
24 115
24 126
24 218
25 164
25 179
25 248
26 154
26 168
26 189
27 39
27 51
27 68
27 100
27 110
27 113
27 166
27 169
27 177
27 222
28 51
28 110
28 248
29 50
29 127
29 151
30 162
30 184
31 64
31 222
31 239
32 149
33 36
33 93
33 164
34 82
34 94
34 99
34 197
34 224
35 91
35 95
35 127
35 171
35 245
36 231
37 76
37 112
37 124
37 213
38 160
39 64
39 93
39 97
40 64
40 132
41 138
41 218
41 228
42 131
42 169
42 185
42 234
43 106
43 161
43 183
44 81
44 227
44 228
45 54
45 101
45 138
45 169
46 57
46 94
46 216
46 219
47 140
47 175
47 208
47 226
47 234
47 238
48 81
48 134
48 157
48 216
49 55
49 75
49 81
49 207
49 221
50 216
51 162
53 81
53 115
53 208
53 220
54 108
54 182
54 206
55 137
56 144
57 71
57 121
57 127
57 175
57 188
57 214
58 65
58 84
58 147
58 168
58 240
59 94
59 123
59 125
59 204
59 218
59 232
60 173
60 198
60 229
60 238
61 71
61 86
61 152
61 169
61 219
62 230
63 68
63 91
64 110
64 134
64 157
64 184
64 194
65 157
66 95
67 222
68 88
68 95
68 103
68 193
69 100
70 132
70 193
70 247
71 119
72 77
72 121
72 165
72 220
72 234
73 80
74 99
74 161
75 146
75 187
76 164
77 174
77 197
77 217
77 241
78 118
78 140
78 141
78 165
79 220
80 83
80 111
80 174
80 194
80 247
81 121
82 103
82 159
83 97
83 132
83 165
83 168
83 230
84 93
84 97
84 102
84 225
84 230
84 246
85 87
85 146
85 161
85 202
86 177
87 95
87 157
87 161
88 106
88 131
88 168
88 190
88 239
89 126
89 134
90 102
90 234
92 228
93 98
93 128
93 162
93 178
94 143
94 220
94 221
95 101
96 137
96 213
97 211
98 125
98 161
98 222
98 231
99 100
99 143
99 196
100 150
100 173
101 110
101 114
101 146
101 169
102 115
102 243
103 115
103 185
104 172
104 175
104 186
105 171
105 244
106 154
106 183
106 212
107 141
108 212
109 110
109 112
109 167
109 168
109 211
109 213
110 135
110 188
111 211
111 242
112 117
112 130
112 165
113 146
114 121
114 192
114 203
114 247
115 117
115 173
116 173
117 162
118 145
118 176
118 188
118 216
119 131
119 209
119 212
120 159
121 161
121 201
121 214
121 216
121 237
123 213
123 230
124 186
124 246
126 142
126 225
126 231
127 144
127 175
127 211
127 224
128 191
128 230
130 212
131 132
131 185
131 188
132 166
132 168
132 205
132 226
133 215
133 229
134 221
135 176
136 156
136 171
136 215
136 225
137 178
138 152
138 213
139 196
139 205
140 238
141 181
142 146
142 153
142 175
142 222
143 172
143 198
147 175
148 240
149 184
149 206
150 177
150 192
150 227
150 228
151 198
154 247
155 214
155 225
156 186
157 241
157 245
158 194
158 213
158 225
159 173
159 204
159 230
161 184
161 242
162 212
163 173
163 177
163 189
165 187
165 215
167 199
167 211
170 231
172 180
172 191
172 231
173 175
175 179
175 191
179 187
179 208
181 241
182 208
183 241
183 246
184 191
185 193
186 236
187 213
188 207
189 225
191 204
192 196
193 208
194 218
195 223
200 220
201 241
202 221
206 221
211 220
211 232
212 236
213 245
213 248
214 226
216 229
219 224
221 236
226 237
229 241
234 244
238 248
240 244
