0 2295
0 3080
1 523
1 1545
1 2910
2 813
2 1426
2 2296
2 3483
2 3884
3 1293
3 1298
3 1311
3 1367
3 1663
3 2330
3 3126
3 3237
3 3535
4 354
4 825
4 1497
4 1867
4 3836
5 567
6 426
6 3598
6 3835
7 358
7 1800
7 2064
7 2371
8 1235
8 2334
9 301
9 898
9 3199
10 191
10 371
10 1551
10 1917
10 1961
10 2622
10 2847
11 145
11 370
11 1487
11 2130
11 2148
12 1044
12 3899
13 1994
13 2564
13 2799
14 515
14 549
14 2453
14 2552
15 504
15 547
16 598
16 628
16 3444
17 443
17 948
17 2488
17 3286
17 3420
17 3540
18 778
18 1536
18 3467
18 3621
18 3882
19 1052
19 1967
20 2443
20 2480
20 2551
20 3512
21 402
21 2877
21 3886
21 3940
22 1494
22 1970
23 1400
23 3121
23 3498
23 3553
24 1702
24 2373
24 2676
24 3293
25 2694
25 3471
25 3713
26 2057
26 3062
26 3808
27 1807
27 2235
28 2339
28 2443
28 3968
29 848
29 1125
29 1568
30 850
30 2044
30 2322
30 2629
30 2804
30 3278
30 3619
31 1546
31 2769
31 2916
32 1075
32 1255
32 2042
32 3756
33 1429
33 1997
33 2047
33 2748
33 3838
34 55
34 1319
34 3933
35 40
35 541
35 1764
35 3775
36 2755
36 3762
37 111
37 680
37 2549
38 947
38 2589
38 2929
38 2932
38 3480
38 3512
39 118
39 614
39 2117
39 3644
40 2240
40 2485
40 2811
40 3556
40 3572
41 881
41 1374
41 2384
41 3931
42 1612
42 2460
42 2933
42 3709
42 3832
43 464
43 654
43 2563
43 2650
43 2931
43 3648
43 3873
44 510
44 856
44 1402
44 2103
44 2249
44 3438
44 3598
45 1507
46 1046
46 1459
47 850
47 2097
47 2411
47 2419
47 3068
47 3464
47 3703
48 1167
48 2447
48 2762
48 3753
49 201
49 313
49 346
50 448
50 1214
50 1336
50 3312
51 658
51 1285
51 1676
51 3504
52 484
52 1486
53 2780
54 92
54 1463
54 3752
55 806
55 3083
55 3383
55 3513
56 491
56 807
56 2145
56 2925
57 839
57 1086
57 1988
58 2556
58 2815
59 384
59 2021
59 2876
59 3254
60 293
60 2359
60 3293
61 72
61 1488
61 3106
62 1552
62 1639
62 2629
63 1290
63 1327
63 2321
63 2992
63 3047
63 3342
64 1117
64 2042
64 3970
65 752
65 913
65 1111
65 2260
65 2538
65 3000
66 767
66 2131
66 2408
67 2079
67 2510
67 2606
68 986
68 3056
69 682
69 1985
69 2910
70 818
70 2221
70 2350
70 2569
70 3702
70 3986
71 668
71 2104
71 2316
71 2945
71 3648
72 1023
72 1105
73 420
73 491
73 711
73 2848
73 2895
74 985
74 2222
74 2589
74 2753
74 3086
75 2589
76 300
76 1891
76 2170
76 2853
77 523
78 392
78 834
78 3837
79 2985
80 1898
80 2397
80 2552
80 3213
80 3692
81 477
81 825
81 3153
82 842
82 1822
82 2030
82 2647
83 331
83 899
83 1225
83 1785
83 3815
84 237
84 1051
84 1942
84 2697
84 3656
84 3789
85 373
85 2746
85 2836
85 3625
85 3627
86 210
86 1097
86 2442
86 3005
87 341
87 1480
87 3683
88 116
88 398
88 519
88 535
88 1110
88 2170
88 3497
89 685
89 1602
89 1607
90 1315
90 1509
91 3089
91 3334
92 1229
92 1490
92 3106
92 3156
92 3238
92 3888
93 3302
94 1102
94 1555
94 2547
94 3363
95 888
95 1121
95 1509
95 2702
95 3573
96 1605
96 2963
97 508
97 823
97 1325
97 2279
97 2468
98 244
98 914
98 1051
98 2411
98 3517
99 167
99 942
99 1543
99 2031
99 2394
100 1252
100 1469
100 1744
101 2770
101 3574
101 3811
102 1071
102 1656
103 733
103 2170
103 3551
104 698
104 1133
104 2385
104 2705
104 3287
104 3487
105 186
105 224
105 1527
105 1789
105 1889
105 2106
105 2508
105 2616
105 3577
106 1022
106 1274
106 2990
106 3029
107 114
107 187
107 1200
107 2054
108 1338
108 1576
108 2198
108 2718
108 2739
108 3375
109 2140
110 312
110 2631
111 160
111 582
111 1104
111 1336
112 963
112 1017
112 2408
113 1018
113 1236
113 2688
113 3751
114 553
114 779
114 1938
115 1092
115 3567
116 1751
117 126
117 1668
117 2116
117 2949
117 3449
118 564
118 648
118 1759
118 2847
119 145
119 151
119 1741
119 2755
120 322
120 630
120 1835
120 3268
121 1036
121 3854
122 380
122 671
122 1620
123 2700
124 350
124 1626
124 2488
125 1244
125 1723
125 2284
125 2484
125 3444
126 295
126 657
126 1661
126 1845
126 2413
126 3222
126 3829
127 388
127 515
127 1752
127 1916
127 3941
128 957
128 1155
128 1223
128 2252
128 3268
128 3574
129 925
129 1364
130 1396
131 321
131 1083
131 2283
131 2601
131 3201
132 3178
132 3576
133 299
133 1796
133 2634
134 2014
134 2917
134 3144
134 3382
135 960
135 3806
136 215
136 630
136 1621
136 1827
136 3963
137 762
137 948
137 2069
137 2408
137 2714
137 2845
138 773
138 3050
139 1157
139 3780
140 1027
140 2957
141 417
141 537
141 2015
141 3013
141 3326
141 3899
142 2040
142 2050
143 519
143 3210
143 3842
144 623
144 691
144 1445
144 3306
144 3822
144 3840
145 1880
145 3079
145 3085
145 3288
145 3901
146 2482
146 2897
147 475
147 593
147 1114
147 2326
148 642
148 3533
149 152
149 306
149 2727
150 233
150 798
150 951
150 1118
150 1400
150 3464
151 349
151 512
151 1054
151 1563
151 1791
151 1881
151 2221
151 2579
151 3139
151 3342
151 3469
152 1276
152 1640
152 2214
152 2779
152 3106
152 3196
153 969
153 1517
153 2029
153 2885
154 1466
154 3751
155 708
155 828
155 3309
155 3607
156 1619
156 1781
156 3021
156 3174
157 1391
157 2731
157 3275
158 684
158 3182
159 1414
159 1641
159 2316
159 3372
159 3583
160 2414
160 3105
161 369
161 3101
161 3109
162 2274
162 2916
163 491
163 1542
163 3459
164 2022
164 3259
164 3464
165 827
165 1425
166 1542
166 2160
166 2420
166 3190
166 3732
167 1103
167 1359
167 1508
167 3401
168 572
168 2392
169 483
169 1143
169 1438
169 2277
169 3096
169 3281
170 1656
170 2088
170 2150
171 605
171 1220
171 2228
172 1525
172 2459
172 3071
172 3188
173 1054
174 369
174 1060
174 1382
174 1471
174 3283
174 3919
175 1066
175 2015
175 2156
175 2200
175 3037
175 3090
176 536
177 200
177 431
177 665
177 1057
177 1133
177 1307
177 2859
177 2938
177 3252
177 3277
177 3801
178 185
178 620
178 2143
178 2530
178 2786
178 3963
179 1098
179 2444
180 1911
180 2029
180 3189
180 3537
181 812
181 1352
181 1440
181 2899
182 2170
183 686
183 778
183 2940
184 1877
184 3060
184 3620
184 3874
185 1446
185 2395
185 2512
185 3015
186 266
186 2349
186 2540
186 2790
186 3227
186 3410
187 1359
187 2062
187 2073
187 2826
187 3971
188 967
188 1174
188 1297
188 2286
188 3749
188 3809
188 3981
189 929
189 1543
189 2799
189 2881
189 3367
190 461
190 2373
190 3110
190 3196
190 3291
190 3604
191 1134
191 1788
191 2296
191 2537
191 3140
192 1827
192 2826
192 3130
193 648
194 2490
194 2783
194 3468
195 1222
195 1712
196 1188
196 3552
197 1023
197 1544
197 3956
198 2325
198 2696
198 2866
198 3435
199 559
199 3229
199 3287
199 3426
200 543
201 442
201 3111
202 1154
202 1794
202 2288
202 2385
202 3665
202 3996
203 2416
203 3238
204 288
204 723
204 1231
205 1250
205 1508
205 1905
205 2568
205 2858
205 2904
205 3538
206 576
206 3343
208 1017
208 1375
208 1564
208 2287
208 2408
208 2692
209 812
209 1113
209 2544
209 3204
209 3830
210 2708
210 3193
211 2713
212 1774
213 3612
214 344
214 3102
215 3014
215 3112
216 1483
216 1624
216 3036
217 1292
217 2553
217 3090
217 3161
217 3366
218 343
218 1764
218 2034
218 2056
218 3078
219 756
219 1004
219 2723
219 2797
219 3488
219 3508
219 3887
220 2257
220 2683
220 2979
221 2450
221 3479
222 523
222 2045
222 2792
222 3140
222 3558
222 3573
223 678
223 804
223 2222
223 2653
223 3091
223 3588
223 3638
223 3782
223 3962
224 369
224 761
224 2153
224 2826
224 3785
224 3888
225 502
225 1312
225 1319
225 1454
225 1941
225 2164
225 2526
225 2630
226 1242
226 1847
226 3145
226 3454
226 3481
227 1038
227 2134
227 2136
229 1078
230 653
230 2173
230 2480
230 2992
231 1915
231 2882
231 3880
232 2119
232 3518
232 3955
233 1492
233 2347
233 2950
233 3935
234 2841
234 3152
234 3262
234 3522
234 3651
235 1162
235 1413
235 1937
235 2138
235 2685
235 3621
235 3876
236 1233
236 2743
236 3483
237 286
237 1817
237 2182
237 2537
237 2561
238 755
238 1696
238 2376
238 2510
238 3758
238 3818
239 642
239 1124
239 1621
239 2500
239 2917
239 3011
240 1308
240 1933
240 2247
241 581
241 2128
242 668
242 2465
242 2891
242 3093
242 3442
243 1597
243 2217
243 2361
244 1185
244 1844
244 2150
244 3644
244 3966
245 1655
246 2625
247 3228
248 787
248 1230
248 2289
248 3542
248 3823
248 3913
249 3264
250 291
250 2604
250 3477
250 3810
251 679
251 1527
251 2440
251 2668
251 3745
252 1061
252 1340
252 3071
253 1859
253 2569
253 2608
253 3910
254 1469
254 2619
255 2103
255 2191
255 2768
255 3801
256 1483
256 1611
256 1899
256 2316
256 3845
257 2364
257 2902
257 3856
258 963
258 1939
259 3805
260 513
260 558
260 937
260 2718
260 3079
261 1501
261 2082
261 2672
261 3827
262 1276
262 1530
262 2098
262 2947
262 3665
262 3874
262 3875
263 2516
264 344
264 985
264 1871
264 2166
265 2828
266 600
266 2572
266 2776
266 3274
267 355
267 667
267 3610
268 2453
269 646
269 942
269 1315
269 3547
269 3828
270 886
270 1117
270 1562
270 1789
270 2306
270 3798
271 1825
271 2614
272 767
272 968
272 1322
272 1630
272 3342
272 3841
273 1471
274 392
274 742
274 1242
274 2055
274 2579
274 3508
274 3883
275 3373
276 637
276 766
276 886
276 3511
277 411
277 1871
277 2083
277 2175
277 2883
278 856
278 1986
279 359
279 574
279 1997
279 3294
280 449
280 1158
281 1577
281 2451
281 2502
281 3756
281 3818
282 462
282 1672
282 1799
282 3315
282 3496
283 782
283 1356
283 3892
284 967
284 1591
284 2842
285 1797
285 1968
285 2249
285 3549
285 3657
286 353
286 3040
286 3286
286 3484
287 863
287 1088
287 1469
287 1581
287 1794
287 2599
287 2613
288 992
288 1463
288 1498
288 2148
288 3534
288 3906
289 572
289 651
289 2465
289 2846
289 3273
290 647
290 711
290 865
290 2530
290 3573
290 3686
291 623
291 1014
291 1338
291 1362
291 2412
291 3212
291 3420
291 3612
291 3727
292 1142
292 1734
292 2101
292 2724
293 707
293 758
293 1674
293 2924
293 3151
294 2060
294 2319
294 2471
294 2638
294 2991
296 349
296 2202
297 987
297 1120
297 1377
297 2704
297 3495
297 3832
298 626
298 1336
298 1494
298 2735
298 3184
299 519
299 844
299 1475
299 3355
300 1026
300 2987
300 3004
300 3856
301 1778
301 3638
301 3673
301 3864
302 2726
302 3348
303 381
303 565
303 879
303 999
303 1243
303 2102
303 2336
304 1669
304 2428
304 2720
304 3273
304 3345
304 3553
305 1440
305 1763
305 2652
305 2887
305 2990
305 3339
305 3911
306 1380
306 2667
306 3863
306 3883
307 771
307 1580
307 3666
308 513
308 2787
308 3633
309 776
309 3579
310 1375
310 1418
310 3411
311 1609
311 2912
311 3016
312 2537
312 3117
313 1028
313 1249
313 2143
313 3794
314 3306
314 3360
315 2486
315 2881
315 3350
316 550
316 3692
317 1654
317 2524
317 2540
317 2952
317 3110
317 3844
318 877
318 1390
318 1647
318 2654
318 3000
318 3327
319 1748
320 1116
320 2260
320 3703
320 3782
321 574
321 593
321 1035
321 1038
321 1415
321 1708
321 3197
322 1257
322 1861
322 2871
322 3261
322 3904
322 3942
323 396
323 505
323 659
323 1614
324 1037
324 1668
324 2635
324 3202
325 480
325 537
325 823
325 844
325 3298
326 2343
326 3708
327 752
327 3296
329 1350
329 1431
329 1564
330 1277
330 1807
330 2637
331 1103
331 1524
331 2463
332 480
332 2182
332 3041
333 807
333 2591
333 3366
334 482
334 3176
335 581
335 1056
335 1941
336 888
336 1214
336 1415
336 2004
337 1261
337 1566
337 1801
337 2906
338 1561
338 2078
339 593
339 1532
339 1818
339 1942
339 2123
339 2475
340 439
340 1489
340 1500
340 1866
341 1778
341 1826
341 2278
341 2584
341 3038
341 3616
341 3728
342 2015
342 3687
342 3688
343 1294
343 2630
343 3197
343 3216
344 559
344 1089
344 1118
344 1198
344 3285
345 2211
345 2960
345 3230
345 3350
346 769
346 895
346 3004
347 1033
347 1777
347 1860
347 2041
347 2428
347 2759
347 3342
347 3581
347 3838
347 3978
348 409
348 529
348 1752
348 3177
349 354
349 1246
350 1072
350 1338
350 2107
350 2346
350 2966
350 3427
351 819
351 1146
351 2584
351 2872
351 3023
351 3269
351 3292
352 821
352 1449
352 2957
353 2844
354 1672
355 577
355 2268
355 2968
356 620
356 1259
356 1384
356 1487
356 1976
356 3876
357 809
357 1532
357 2027
357 3490
358 468
358 862
358 1419
358 3434
359 1638
359 2317
359 2374
359 3325
359 3668
359 3688
360 415
360 698
360 796
360 2088
360 2437
360 2516
360 2880
360 3351
360 3671
361 2191
361 2564
361 2979
362 601
362 1237
362 2604
362 3117
362 3661
362 3846
363 2725
363 3130
364 1070
364 1213
364 1361
364 3072
365 1840
365 1891
365 1957
365 2180
365 3083
365 3941
366 610
366 1753
366 1757
366 1901
366 2617
366 3011
366 3062
366 3938
367 924
367 1936
367 1992
367 2722
367 2901
367 2968
367 3779
367 3933
368 820
368 1102
368 2336
368 3843
369 373
369 571
369 1490
369 2155
370 861
370 972
370 1505
370 1955
370 1994
371 1186
371 2816
371 3644
371 3961
372 1684
372 1985
372 2206
372 2859
373 1658
373 2545
373 2971
374 432
374 612
374 1044
374 1160
374 1418
374 2115
374 3264
374 3337
375 384
375 630
375 1411
375 2728
375 2731
375 2744
375 3659
375 3744
377 1324
377 2905
377 3064
378 396
378 1207
378 1467
378 3315
379 1109
379 1907
379 2413
379 2530
379 2573
379 2806
380 779
380 1135
380 2830
380 2927
380 3746
381 1261
381 3632
382 639
382 1943
382 2202
382 3580
383 648
383 893
383 1590
383 3903
384 1122
384 1562
384 3529
384 3971
385 1483
385 2227
385 2517
385 2928
385 3197
385 3229
385 3487
385 3848
386 895
386 1894
386 2528
386 3301
387 860
387 1321
387 1519
387 2056
387 2111
387 3852
388 2173
388 2448
388 2747
388 3221
389 1374
389 3861
390 678
390 1879
390 3080
391 701
391 942
392 821
392 2543
392 2789
392 3321
393 647
393 1395
393 2721
393 3034
393 3058
393 3898
394 726
394 795
394 1754
394 2922
394 3063
394 3848
395 402
395 682
395 974
395 1675
395 3130
395 3286
395 3903
396 1149
396 2709
396 2982
397 3084
397 3837
397 3880
398 1480
398 2854
398 3861
399 480
399 1047
399 2576
400 532
400 2709
400 2803
401 1781
402 437
402 768
402 1604
402 2517
402 3930
402 3960
403 442
403 945
403 1956
404 3506
405 3605
405 3622
406 2436
406 3809
407 1773
407 3461
408 1701
408 2765
409 443
409 551
409 2138
410 1788
410 2602
410 2613
411 710
411 1902
411 2160
411 3299
411 3695
412 2170
412 3033
412 3819
412 3940
413 786
413 2322
413 3135
413 3319
413 3685
414 1148
414 2417
414 2559
416 1008
416 2077
416 2402
417 700
417 1416
417 1467
417 1888
417 2059
417 2308
417 2447
418 769
418 2150
418 2261
418 3718
419 1252
419 1880
419 2241
419 2747
419 3879
420 1334
420 2312
421 3443
422 494
422 1014
422 2028
422 2535
422 2702
422 3536
423 1166
423 1619
423 1787
423 2920
423 3630
423 3911
423 3995
424 1854
424 2888
424 2943
424 2964
424 3704
426 526
428 1944
428 2353
428 2594
429 2019
429 2317
430 1362
430 1895
430 3436
431 1251
431 3744
431 3835
432 936
432 2082
432 3157
432 3641
432 3798
433 1299
433 3268
434 575
434 2138
434 3320
434 3887
435 1506
435 2117
435 2672
435 2975
436 2311
436 3021
437 2043
437 3027
437 3728
438 2942
438 3199
439 576
440 1126
441 1434
441 1868
441 2259
441 2535
441 2790
441 3819
442 1077
442 2544
442 2979
442 3079
442 3130
443 1005
443 1525
443 1656
444 1333
444 1703
444 2563
444 2661
444 3125
444 3764
444 3796
445 699
445 1781
445 2686
445 3254
445 3917
446 740
446 1908
446 2358
446 3057
447 1777
447 2205
447 3363
447 3372
447 3708
447 3886
447 3951
448 1874
448 3970
450 1801
450 3420
451 1110
451 1605
451 3129
452 1586
453 734
453 1511
453 1663
453 2596
453 2985
453 3286
454 809
454 1077
454 1286
454 2310
454 3103
454 3162
455 1690
456 3427
457 1078
457 1238
457 2101
459 487
459 1632
459 2475
459 3348
459 3483
460 2333
460 2819
461 508
461 815
462 1349
462 2707
462 3230
462 3426
462 3572
463 673
463 774
463 883
463 904
463 1375
463 1686
463 1711
463 1915
463 3870
464 1928
464 2570
464 2826
465 2048
465 2896
465 3730
466 2024
466 2057
466 3324
466 3939
467 839
467 906
467 1406
467 1915
467 3294
467 3814
468 520
468 1163
468 2045
468 2103
468 2800
468 2804
468 2932
468 3315
469 1536
469 1670
469 1962
469 2565
469 3121
469 3638
470 653
470 1344
470 2752
470 2993
471 900
471 1512
471 1774
471 2709
471 3168
472 821
472 859
472 860
472 1865
472 2083
472 3337
473 3692
474 2771
474 3304
474 3464
474 3848
475 1829
475 2834
475 3466
475 3476
476 2280
477 3731
478 617
478 2067
478 2141
478 2151
478 2690
478 3261
478 3365
479 856
479 3207
480 1544
480 1620
481 1756
481 2174
481 2458
481 2794
482 1272
482 1917
482 2278
482 3389
483 3116
483 3433
483 3866
484 804
484 1729
484 3562
485 761
485 2273
485 2650
485 3279
485 3410
485 3431
485 3436
486 1060
486 1070
486 2400
486 2443
486 3387
486 3421
487 1365
487 2839
488 674
488 1129
488 3436
489 886
489 1112
489 2416
489 2571
489 2951
489 3468
489 3477
490 1223
490 1396
490 1515
490 1651
490 2512
490 3368
490 3598
491 1278
491 2181
491 2501
491 3417
492 1930
492 2728
492 2798
492 3389
492 3701
493 3168
493 3569
493 3602
493 3830
494 2055
494 2685
494 2738
494 3369
495 960
495 1372
495 2870
496 1422
496 2064
496 2168
496 2906
496 3907
497 1067
497 1729
497 2399
497 2622
497 2968
498 1154
498 2603
498 3589
498 3760
499 1123
499 1471
499 1851
499 2024
499 2489
500 2565
500 2969
501 823
501 1914
502 1473
502 3404
502 3695
502 3796
503 999
503 3874
504 1930
505 2084
506 2475
506 3735
507 510
507 2320
507 3907
508 1158
508 1598
508 1992
508 2404
508 2987
508 3365
508 3782
509 3489
510 1191
510 1206
510 1774
510 2254
510 2927
510 2995
510 3031
510 3191
511 1668
511 1836
512 3350
512 3755
513 3020
514 636
514 970
514 1025
514 1554
514 1653
514 2207
514 2513
515 1222
516 608
516 1753
517 1251
517 1302
517 1385
517 2111
517 2439
518 1413
518 2778
518 3563
518 3662
519 588
519 2195
520 1192
520 1747
520 3765
520 3953
521 927
521 1967
521 1994
521 2247
521 2292
521 2350
521 2552
522 2713
522 2883
523 607
523 715
523 1023
523 1199
523 1273
523 2211
523 2428
524 1416
524 1708
524 3217
524 3263
525 2507
526 1266
526 1483
526 2732
526 3097
527 1917
527 3757
528 597
528 2610
528 3349
528 3829
529 695
529 891
529 1423
530 658
530 1286
530 2597
530 3251
530 3798
530 3866
531 1172
531 3170
531 3907
531 3930
532 2129
532 2569
532 2691
532 3334
532 3567
532 3998
533 709
533 902
533 1821
534 967
534 1587
534 3721
534 3874
535 2403
536 1989
536 2958
536 3943
537 1382
537 1576
537 2182
538 3392
538 3551
539 555
539 572
539 607
539 985
539 2341
539 2392
539 2847
539 2880
539 2933
540 603
540 704
540 2151
540 2459
540 3516
541 1441
541 1628
541 2103
541 2909
542 773
542 1569
543 955
543 1645
543 3394
543 3937
544 1233
544 1374
545 887
545 2981
545 3922
546 1604
546 1757
546 2077
546 3242
546 3696
546 3880
547 653
547 3612
549 732
549 1520
549 3237
549 3451
549 3544
549 3713
550 1529
550 1706
550 2535
550 3550
551 814
551 816
551 842
551 2243
551 2255
551 3253
551 3610
551 3945
552 2059
552 2074
552 3290
553 1122
553 1706
553 2506
553 3053
554 979
554 1872
554 2486
554 2510
555 603
555 1172
555 1860
555 2121
555 2525
555 2744
555 2755
555 3249
555 3794
556 880
556 1199
556 1212
557 824
557 1939
557 2943
557 3918
558 871
558 1663
558 3348
558 3667
558 3996
559 1707
559 3031
559 3584
560 1306
560 2288
560 2309
560 2613
561 1027
561 1093
561 2159
562 1605
562 1739
562 2645
562 2861
563 1383
564 790
564 1820
564 3355
565 1603
565 2029
565 2050
565 3081
565 3122
565 3453
565 3615
566 1693
566 2484
566 3855
567 2453
568 2636
568 3279
568 3441
569 1016
569 1767
569 2108
569 2126
569 2427
569 3889
570 1092
570 1516
571 1075
571 1948
571 2749
572 1835
572 2552
572 2780
572 2894
573 1642
573 3355
574 1603
574 1663
574 3271
574 3850
575 1327
575 1362
575 2601
575 3317
575 3975
576 2216
577 1078
577 2189
577 3534
578 1189
578 3212
578 3308
579 594
579 1419
579 1901
579 3117
580 714
580 2462
580 2532
581 1027
581 1291
581 1358
581 1477
581 1499
581 1961
581 3813
582 3079
582 3086
582 3764
583 2342
583 2883
583 3826
583 3840
584 630
584 2196
585 2532
585 3274
585 3359
585 3583
585 3887
586 1921
586 2122
586 2694
586 3228
588 3766
589 875
589 2707
590 696
590 1193
590 2027
590 2057
590 2081
590 3219
590 3350
590 3938
591 921
591 1546
591 2225
591 3896
592 1172
592 1225
592 1248
592 1827
592 3115
592 3770
593 2282
593 3530
593 3797
594 1196
594 1410
594 2008
595 659
595 1288
595 2483
595 2951
595 3867
596 1612
596 3835
597 1841
597 2628
598 1437
598 3170
598 3199
598 3512
599 698
599 929
599 3991
600 817
600 1086
600 1446
600 2889
600 2943
600 2990
600 3750
601 742
601 913
601 3609
602 1053
602 1445
602 1483
602 3065
602 3879
603 838
603 1243
603 1271
603 1525
603 3372
604 1605
604 1918
604 2536
604 2824
604 3596
605 1267
606 2762
606 3404
606 3859
607 3493
607 3587
607 3839
607 3940
608 2652
608 2763
608 2942
609 1142
609 1577
609 1760
609 2821
609 3686
609 3995
610 1766
610 2465
610 2684
610 3410
611 820
612 1046
612 2565
612 2995
612 3914
613 2242
613 3159
614 768
614 969
614 2452
614 2493
614 3050
614 3308
614 3466
615 2058
615 3662
615 3972
616 1235
616 1322
616 1434
616 1839
616 2371
616 3162
616 3531
617 2004
617 2198
617 2687
617 3594
617 3754
617 3818
618 1640
619 1396
619 1669
619 2397
619 3008
620 1322
620 2747
620 3524
622 1126
622 1301
622 2133
622 3783
623 1768
623 1962
623 3169
623 3479
624 2121
624 2179
624 2375
624 2718
624 3476
625 2244
625 3137
625 3481
626 869
626 3552
627 1131
627 1562
627 1570
627 1845
627 3005
627 3548
628 1202
628 1736
628 1807
629 907
629 1855
629 2686
631 2269
631 3356
631 3425
632 1366
632 1839
633 1185
634 1382
634 1441
634 1830
634 2190
634 2753
635 3437
636 756
636 1098
637 2411
637 3351
637 3918
638 1019
638 1428
639 1390
639 2114
640 1206
640 1239
640 1609
640 1728
640 1731
640 2844
640 3044
640 3883
641 1995
641 2996
641 3443
641 3477
642 2443
642 2580
642 3842
643 930
643 1108
644 1736
644 2432
644 2516
644 2694
644 3512
644 3879
644 3897
645 710
645 2424
645 3742
645 3785
646 975
646 2372
646 2527
646 2588
647 1175
647 2854
647 3932
648 940
649 1914
649 3145
650 1417
650 1684
650 2348
650 2883
650 3920
651 2890
652 1744
652 2320
653 932
653 2399
653 2936
654 1327
654 1335
654 3896
655 1109
655 1680
656 742
656 1172
656 3100
656 3756
657 777
657 2616
657 3072
657 3680
658 1266
658 1319
658 2239
658 2278
658 3195
658 3296
658 3819
659 2061
660 942
660 996
660 1460
660 2267
660 3127
660 3946
660 3998
661 1124
661 2705
661 3058
663 2125
663 2364
664 1511
664 1747
664 2466
664 2607
664 3060
664 3240
664 3780
665 672
665 2869
665 3803
666 2467
666 2507
666 3139
666 3284
666 3895
667 1477
667 2241
667 2646
667 3071
667 3472
668 3522
669 1575
669 2568
670 3811
670 3824
671 1275
671 1324
671 1509
671 1580
671 1828
671 2441
671 3022
671 3033
672 1039
672 1514
672 1971
672 2402
672 2893
672 3241
672 3338
672 3537
673 1053
673 1604
673 3125
673 3635
673 3826
674 1004
674 2369
674 2799
674 2826
674 2998
674 3164
674 3231
674 3686
675 1160
675 2434
676 2339
677 705
677 2869
678 1133
678 2147
678 2347
678 2366
678 2409
678 3109
678 3163
678 3509
679 881
679 2396
679 3546
680 761
680 2007
681 1410
681 2680
681 2785
681 2817
681 3474
682 1181
682 3354
682 3706
682 3926
683 755
683 882
683 2106
683 3901
684 1055
684 2580
684 2930
684 3405
685 1102
685 1147
685 1449
685 1740
685 2380
685 3399
686 1649
686 3042
687 961
687 1003
687 1516
687 1618
687 1624
687 3159
687 3746
688 888
688 1104
688 2712
688 2768
688 3123
688 3562
689 1553
689 1915
689 2722
690 1118
690 1147
690 2664
690 3795
691 949
691 1192
691 2704
692 3236
693 758
693 1091
693 1464
693 1498
693 3778
694 1253
694 3269
694 3425
694 3568
695 2209
695 2233
695 2241
695 2401
695 2693
695 2702
695 2885
695 3579
695 3788
695 3896
696 815
696 2363
696 3096
697 1974
697 2618
697 2770
697 3910
698 2241
698 3107
698 3416
699 1135
699 1469
699 3366
699 3435
699 3677
700 1944
701 1410
702 3852
702 3855
703 1339
703 1532
703 2161
703 2483
703 3620
703 3750
704 1175
704 2580
704 2728
705 782
705 1047
705 1626
705 1686
706 725
706 2608
706 3055
707 3288
707 3575
708 985
708 1600
708 1817
708 2860
708 3196
709 3094
709 3332
709 3850
711 1372
711 1602
711 3847
712 3024
713 975
713 1074
713 1463
713 1538
713 1871
713 1877
713 2012
713 3134
714 1420
714 1761
714 2967
714 3787
715 1672
715 2659
715 2759
716 1020
716 2714
716 3458
717 994
717 1520
718 1011
718 1066
718 1489
718 1685
718 1690
719 2588
719 2655
719 2980
720 1076
720 1563
720 2333
720 2585
721 740
721 923
721 1520
721 1732
721 2315
721 2605
721 2942
721 3544
722 2261
722 2670
722 3402
722 3735
723 1543
723 1684
724 1056
724 3629
724 3776
725 1766
725 2507
726 1173
727 1142
727 2172
727 2972
727 3785
728 1389
728 1745
728 2599
728 3921
729 808
729 1191
729 1966
730 789
730 1619
730 2539
730 2614
731 1165
731 2768
731 3025
731 3128
731 3953
732 1199
733 855
733 857
733 1590
733 2170
733 2391
733 3058
734 3335
734 3966
735 1086
735 2568
736 2359
737 945
737 2592
737 3658
738 1425
739 1976
739 2608
739 3313
740 1113
740 1239
740 1964
741 1105
741 2521
742 1912
742 2631
743 1361
743 1627
743 1745
743 1790
743 1960
743 2622
743 3479
743 3509
744 1097
744 2281
745 1174
745 2122
745 3338
745 3827
745 3868
746 3156
746 3375
746 3540
747 855
747 1121
747 1603
747 2362
748 1829
748 3071
749 1302
750 2146
750 3194
751 1352
751 1528
751 2937
751 3194
752 888
752 1837
752 2210
752 3002
753 1987
753 3934
754 845
754 864
754 1653
754 2508
754 3975
755 788
755 3512
755 3689
755 3800
755 3848
756 2897
757 1205
757 1833
757 2066
757 2123
757 3260
758 2978
760 1744
760 2762
760 3917
761 2745
761 3146
761 3995
762 1949
763 1919
763 3724
764 1017
764 2071
764 2753
764 3826
764 3840
765 1142
765 2803
765 2884
765 3993
766 1520
767 3262
767 3723
768 2060
768 2729
768 3254
768 3987
769 3356
770 2749
770 3159
770 3269
771 1390
771 1803
771 3181
771 3952
772 2141
772 3403
773 1097
773 2374
773 3441
773 3939
774 1196
774 1885
774 3923
775 1009
775 1201
775 1302
775 2122
775 2277
775 2954
776 795
776 1275
776 2736
776 2866
776 3984
777 799
777 807
777 1533
777 2152
777 2324
779 1153
779 1707
779 3489
780 1500
780 3664
780 3745
781 1036
781 2063
781 3373
782 3483
783 1980
783 2809
783 3903
784 983
784 2447
784 2484
784 2566
785 1626
785 2573
785 2747
786 2537
786 3242
787 979
787 1281
787 2771
787 2953
787 3018
788 1144
788 2523
788 2799
788 3055
789 2349
789 2585
789 3875
790 887
790 1501
790 2151
791 1080
792 1456
792 1581
792 3306
793 1107
793 2289
793 2705
793 3049
793 3414
794 1716
794 3927
795 988
795 2384
795 2997
795 3493
796 910
796 2753
796 3255
796 3277
797 866
797 1422
797 1709
798 918
798 2274
799 1337
799 3208
799 3212
799 3230
800 2126
800 2144
800 2573
800 3067
800 3218
800 3278
801 1197
801 1422
801 1596
801 3201
802 1708
802 2671
803 1372
803 1804
803 2132
804 3482
805 1152
805 2759
805 3382
805 3778
806 1387
806 1418
806 2554
806 3757
807 1210
807 1953
807 3413
808 2392
808 2739
808 3822
809 1410
809 1514
809 2055
810 1101
810 1354
810 1403
810 2459
810 3577
810 3625
811 1480
811 2228
811 3870
812 2219
812 3090
813 1382
813 2758
813 2977
813 3205
814 2512
814 2776
814 3008
815 900
815 932
815 3529
815 3743
815 3959
816 1305
816 1741
816 2345
816 2633
816 2765
816 3866
817 1098
817 1541
817 2679
817 3351
817 3812
818 981
818 1223
818 3233
819 2256
819 3483
820 1028
820 1603
820 1914
820 2706
821 1565
821 2393
821 2557
821 2601
821 2925
821 3564
822 1243
822 2322
822 2367
823 1678
823 2159
823 2727
824 1207
824 1349
824 2237
824 2302
824 3959
825 2915
826 1309
826 1934
826 1943
826 2021
826 2536
826 2775
826 3503
827 1812
827 2378
827 3015
827 3991
828 1092
828 2461
828 2794
828 3140
828 3173
828 3591
829 980
829 1061
829 1427
829 2043
829 2661
829 3048
829 3520
831 852
831 1490
831 1999
831 2187
831 2650
831 3984
832 1971
832 3268
832 3884
835 2190
835 3101
835 3333
836 2905
836 3942
837 1256
837 1410
837 3631
838 1350
838 2115
839 917
839 3877
840 1480
840 2650
841 1694
841 1927
841 2943
841 3054
842 1054
842 1084
842 2732
842 2925
842 3220
842 3941
843 1983
843 2782
844 3176
845 1018
845 1034
845 2348
845 2714
845 2981
845 3276
845 3331
846 1521
846 2418
846 3074
847 1576
847 1616
847 1644
847 2771
847 2869
847 2934
847 3216
848 3664
849 1283
849 2073
849 3510
850 2972
850 3191
851 1045
851 1053
852 1314
852 1485
852 1836
852 2352
852 3175
852 3696
853 1367
853 1523
853 2595
853 2875
853 3222
853 3306
853 3912
855 912
855 1072
855 1174
855 2231
855 3924
855 3961
856 1820
856 1954
856 2359
856 3056
856 3601
857 1941
857 2359
858 2029
858 2147
858 2205
859 1578
859 3152
859 3325
861 2878
861 3227
862 2198
862 2807
862 3793
862 3928
863 3288
863 3415
863 3761
864 1121
864 1164
864 3363
865 1019
865 1708
865 2257
865 3957
866 1750
866 2882
867 1429
867 1583
867 1945
867 2401
867 2798
868 914
868 3037
869 2147
869 3077
869 3451
870 1026
870 1177
870 2495
871 2020
872 2444
873 885
873 2066
873 2472
874 3112
874 3983
875 937
875 2438
875 3384
875 3596
876 1878
876 1884
876 2374
877 1927
877 3372
878 1129
878 1278
879 1535
879 3082
880 1978
880 3737
881 2441
882 2468
883 1378
883 2399
883 3603
883 3704
884 1300
884 2280
884 3925
885 2429
885 3932
886 2736
887 1101
887 2090
887 2160
887 2415
887 2921
888 3408
888 3545
889 903
889 2888
889 3574
890 1780
890 1830
890 1877
890 2222
890 2784
890 2932
890 3939
891 2707
891 3536
891 3908
892 1282
892 2832
892 3942
892 3954
893 1034
893 2012
893 3628
894 1678
894 2002
894 2813
894 3064
895 1105
895 1734
895 2078
895 2602
895 2815
896 1606
896 3160
896 3202
897 2771
897 3960
897 3970
898 1392
898 1962
898 2140
899 986
899 1648
899 1676
899 3438
900 1815
900 1946
900 2551
900 3836
901 2948
901 3324
901 3725
903 1524
903 2118
903 2212
903 2246
903 3759
904 946
905 2392
905 3517
906 2279
906 2319
906 3715
907 1087
907 1837
907 2001
907 3546
908 1090
908 1472
908 1480
908 1886
908 2726
909 2048
909 2328
909 2796
909 2858
910 1583
910 2406
910 2459
911 1017
911 1364
911 1824
911 1892
911 2924
912 1099
912 2954
913 1341
913 1386
913 2515
913 2677
913 2762
913 3897
914 1111
914 2974
914 3410
915 965
915 1530
915 1836
917 1575
917 3597
918 2282
918 2908
919 2927
919 3407
920 1762
920 3934
921 3150
921 3812
922 1042
922 2329
922 3227
922 3724
923 1175
923 2428
923 2583
924 991
925 2531
926 2221
926 3943
927 2265
927 2757
927 2766
927 3800
928 991
928 1984
928 3088
929 2370
929 3274
930 2133
930 3347
930 3387
931 1065
931 2852
932 1283
932 2056
932 3311
933 1268
933 1392
933 3747
934 1367
934 1651
934 1892
934 1893
934 2139
934 2501
934 3731
934 3874
935 2780
935 3504
936 1281
936 1625
936 2100
936 3339
937 1009
937 2381
937 2909
938 1473
938 1498
938 2286
938 3746
938 3998
939 2748
939 2758
939 2927
940 1472
941 1740
941 2454
941 3779
942 1758
942 2672
942 2792
943 964
943 978
943 1059
943 1310
943 2370
944 3198
944 3875
945 2622
946 2800
946 3258
946 3331
946 3601
946 3699
946 3710
947 3744
947 3749
947 3946
948 1742
948 3196
949 1461
949 2055
949 2854
949 3640
950 1665
950 2392
950 2565
950 2572
950 3017
950 3083
950 3926
951 1628
951 2358
951 2554
952 2729
953 1742
953 2464
953 3064
953 3432
954 1605
954 2623
955 1169
956 3119
956 3125
957 1834
957 3374
957 3932
958 1649
959 1490
959 1491
959 2097
959 2524
959 3328
960 1927
960 2049
960 2555
960 3559
961 1281
961 1512
961 1744
961 1889
961 2327
961 3697
962 3803
963 2415
963 3014
963 3217
964 1687
964 2048
964 2332
964 2513
964 2522
964 2904
964 3118
965 2274
965 2319
965 2744
965 3004
965 3227
965 3928
966 1668
966 2497
966 2510
967 1114
967 2546
967 2833
968 1248
968 1604
969 2810
970 1496
970 1656
970 2605
970 3546
972 1031
972 1535
972 1843
972 2073
972 2189
972 2267
972 3243
972 3843
973 1656
973 2631
974 1119
974 1555
975 1700
976 1442
976 1571
976 2007
976 2747
976 3093
976 3376
976 3738
976 3740
976 3859
977 980
977 1841
977 3558
977 3824
977 3827
978 1123
978 1176
978 1369
978 2696
978 3641
979 3380
979 3586
980 1549
980 1910
980 2361
980 2920
980 3757
981 1334
981 2618
981 3327
982 1820
982 2414
982 2835
983 1693
984 1076
984 1263
984 1971
984 2044
984 2785
984 2854
984 3186
984 3682
985 2139
985 3764
986 1561
986 1677
986 1772
986 2063
986 2155
986 3285
987 2484
987 3983
988 2053
988 2349
988 2482
988 2570
988 3229
989 1627
989 2257
989 3594
989 3850
989 3903
990 1367
990 1697
990 1709
990 2552
990 3769
991 1652
991 3092
991 3433
992 1562
992 1727
992 1758
992 2628
994 1764
994 2708
995 1457
995 1715
995 3444
995 3558
995 3688
996 1984
996 2308
997 1240
998 1301
998 3126
999 1133
1001 1478
1001 3047
1001 3489
1001 3699
1002 1134
1002 1276
1002 1558
1002 2123
1003 2650
1004 1217
1004 1286
1004 2226
1004 2938
1004 3896
1005 1859
1005 2173
1005 3245
1006 1625
1006 3088
1006 3333
1006 3695
1007 3033
1007 3059
1007 3102
1008 2982
1008 3803
1009 1741
1009 2342
1009 2864
1009 2888
1009 3486
1010 1221
1010 1384
1010 2312
1010 2701
1010 2715
1010 3112
1010 3936
1011 2126
1011 2367
1011 3084
1012 2876
1013 3294
1013 3822
1014 1391
1014 2919
1014 3881
1015 1512
1015 1589
1015 3413
1015 3683
1016 1842
1016 1890
1016 2005
1016 2140
1017 2102
1017 3468
1018 1256
1018 1374
1019 2522
1020 1095
1020 1771
1020 2364
1020 2430
1020 2596
1021 2959
1022 1213
1023 2780
1023 3369
1024 1646
1025 1075
1025 1771
1025 1929
1026 3499
1027 2099
1027 2431
1027 2803
1028 1794
1029 2212
1029 2386
1029 3726
1030 1738
1030 2134
1030 3587
1031 1547
1031 1966
1031 2236
1031 3433
1032 1119
1032 1791
1032 1987
1032 2532
1033 3272
1034 2235
1035 2789
1035 3113
1035 3450
1036 1535
1036 2649
1036 3206
1036 3207
1037 2069
1037 2644
1037 3861
1038 1222
1038 1329
1038 2018
1038 2265
1038 2336
1038 3631
1038 3853
1039 2769
1040 1244
1040 2266
1040 3094
1041 2011
1041 2168
1041 3946
1042 1247
1043 2527
1044 1107
1044 2737
1044 3117
1045 1858
1045 2229
1045 2546
1045 2835
1045 3837
1046 2237
1046 3252
1046 3452
1046 3453
1046 3952
1047 2311
1047 2819
1047 3655
1047 3706
1048 1866
1048 2486
1048 2585
1048 2737
1049 1687
1049 3201
1049 3614
1049 3990
1050 2432
1050 3118
1051 1716
1051 2871
1051 3330
1052 2822
1052 3240
1053 1439
1053 3776
1054 1874
1054 3388
1055 2299
1055 2321
1055 2379
1055 3242
1055 3489
1056 2373
1056 3374
1056 3522
1057 1833
1057 2079
1057 3604
1058 1323
1058 1634
1058 1939
1058 2606
1059 1415
1059 2685
1059 2780
1059 3582
1060 3108
1060 3390
1061 1198
1061 1838
1061 1871
1062 1825
1062 1904
1062 3041
1064 1242
1064 2458
1066 2009
1066 2100
1066 2723
1066 3135
1066 3686
1067 1143
1067 3246
1068 1301
1068 2224
1068 3122
1068 3831
1069 1558
1069 2758
1069 2829
1069 3594
1070 1686
1070 3997
1071 2175
1072 1242
1072 3404
1073 1658
1073 1713
1073 3445
1074 1110
1074 1832
1075 1273
1075 1311
1075 1763
1075 2433
1075 3217
1075 3270
1075 3878
1076 2868
1077 2587
1077 3541
1078 1412
1078 1720
1078 2002
1078 3289
1078 3569
1078 3804
1080 2997
1080 3182
1080 3717
1081 1273
1081 2152
1081 3034
1082 2523
1082 2712
1082 2745
1082 2824
1082 3143
1082 3493
1083 2719
1084 1465
1084 2076
1084 3529
1085 3417
1085 3996
1086 1821
1086 2028
1086 2173
1087 1158
1087 1973
1087 2921
1087 3290
1088 2527
1088 3064
1089 1765
1089 2344
1089 3059
1089 3608
1090 1258
1090 1952
1090 2437
1090 2554
1090 3184
1090 3826
1091 2293
1091 2411
1091 3916
1092 1787
1092 2168
1092 2995
1093 1478
1093 3560
1093 3855
1094 2053
1094 2801
1094 3584
1094 3920
1095 1343
1095 3521
1096 1577
1096 2876
1097 1269
1097 1378
1097 1922
1097 2082
1098 1173
1098 2965
1098 3385
1098 3769
1099 1115
1099 2294
1099 3456
1100 1400
1100 1401
1100 3560
1101 3871
1102 2439
1103 2837
1103 3099
1104 1125
1104 1705
1104 2822
1105 2372
1106 1177
1106 1690
1106 1958
1106 1967
1106 2167
1106 3016
1107 3216
1107 3852
1107 3876
1108 3177
1108 3180
1108 3567
1109 1555
1109 2253
1109 2517
1110 1359
1110 2249
1110 3029
1111 1719
1111 2207
1111 3490
1111 3774
1112 2533
1112 3064
1113 2303
1113 2705
1113 3031
1114 1432
1114 2357
1114 3525
1115 3788
1116 2468
1116 3515
1116 3601
1116 3856
1117 2113
1117 3436
1117 3583
1118 1255
1118 1411
1118 2217
1119 3029
1120 2150
1120 2528
1120 3325
1121 2425
1122 1591
1122 3925
1124 3698
1125 1841
1125 2128
1125 2310
1126 2641
1126 3636
1127 3948
1128 1776
1128 2209
1129 2903
1129 3690
1131 2092
1131 3568
1132 1673
1132 2512
1132 3533
1133 1555
1133 1658
1133 1835
1133 2003
1133 2659
1133 3305
1134 3084
1134 3105
1135 1355
1135 1852
1135 2305
1136 1809
1136 1847
1136 2760
1136 3763
1138 1758
1138 2726
1138 3339
1139 3000
1139 3200
1139 3642
1140 2316
1140 2365
1140 2942
1140 3564
1140 3911
1141 3224
1141 3275
1142 3191
1143 1897
1143 2093
1143 2194
1143 3254
1143 3306
1143 3987
1145 3156
1145 3352
1145 3831
1146 1885
1146 2798
1147 2578
1147 3479
1147 3486
1149 1269
1149 2316
1149 3011
1149 3307
1149 3987
1150 1343
1150 2542
1150 2880
1150 2915
1150 3829
1150 3945
1151 1450
1151 2954
1151 3441
1151 3966
1152 2341
1153 1204
1153 1493
1153 2378
1153 2568
1153 3105
1154 1307
1154 1917
1154 2852
1154 3020
1154 3359
1155 1482
1155 1766
1155 3006
1156 3080
1157 1234
1157 2521
1157 3131
1157 3202
1157 3550
1158 3058
1158 3191
1159 1704
1160 2273
1161 3248
1162 3495
1162 3721
1163 1999
1163 3313
1164 1436
1164 3958
1164 3985
1165 1343
1165 2459
1165 2549
1165 3287
1165 3460
1167 1412
1168 1541
1168 2592
1169 1435
1169 1499
1169 1800
1169 2980
1169 3593
1170 3626
1170 3856
1171 2121
1171 2132
1171 2487
1171 2614
1171 3384
1171 3402
1172 2348
1172 2704
1173 2891
1173 2991
1174 2381
1174 2655
1174 2887
1174 3328
1174 3604
1175 1516
1175 1797
1175 2300
1175 2676
1175 3534
1175 3679
1176 1440
1176 2118
1176 2351
1176 3177
1176 3190
1177 1326
1177 2046
1177 3606
1178 1337
1179 2085
1179 3751
1179 3848
1180 1386
1180 1488
1180 2320
1180 2684
1180 3832
1181 1299
1181 2859
1181 2984
1181 3180
1182 1810
1183 1683
1183 1827
1183 3242
1184 1395
1184 1468
1184 2639
1184 3134
1184 3312
1184 3700
1185 1732
1186 2900
1187 1309
1187 1414
1187 1682
1187 1854
1187 2026
1187 2449
1188 1395
1188 2028
1188 2111
1188 2214
1188 2386
1189 1965
1189 2035
1189 2458
1190 1300
1190 1470
1190 3254
1191 1364
1191 1746
1191 3025
1192 2379
1192 2671
1192 3786
1193 3634
1194 1259
1194 2952
1195 3649
1196 1875
1196 2056
1196 2947
1196 3192
1196 3353
1196 3538
1197 2227
1197 2992
1198 1588
1198 1600
1198 1909
1198 3062
1199 3341
1199 3356
1200 1885
1200 2053
1200 2126
1200 2718
1201 1255
1201 1854
1201 1891
1201 2924
1202 1740
1202 2363
1202 3232
1202 3697
1203 1837
1203 2332
1204 2411
1204 2985
1205 1733
1205 1871
1205 2156
1205 2668
1205 2937
1205 3963
1206 1438
1206 1575
1206 1877
1206 3292
1207 1687
1207 3420
1207 3653
1208 1425
1208 1447
1208 2268
1208 2721
1208 3843
1209 1738
1209 2754
1210 2529
1210 3032
1210 3183
1210 3875
1211 1257
1211 3513
1211 3570
1212 2438
1212 2966
1212 3564
1212 3608
1212 3659
1213 3672
1214 1327
1214 2274
1214 2474
1215 1474
1215 2022
1215 2293
1215 2432
1215 3239
1216 1522
1216 1582
1216 2077
1216 2319
1216 2758
1216 3718
1217 1497
1217 1502
1218 1922
1219 1482
1219 1620
1219 1833
1219 3409
1219 3505
1219 3923
1221 2976
1222 1888
1223 3079
1224 1513
1225 3455
1225 3542
1226 1721
1227 1631
1227 3806
1228 2369
1228 3256
1228 3563
1229 2917
1229 3807
1230 2011
1230 2046
1230 3454
1230 3600
1231 1473
1231 3549
1232 3861
1233 1374
1233 1582
1233 2614
1233 2624
1234 3144
1234 3689
1235 1325
1235 2272
1235 3263
1235 3430
1236 1475
1236 1485
1236 2719
1237 1349
1237 1394
1237 3706
1237 3866
1238 1437
1238 1517
1238 3163
1238 3578
1239 1948
1239 2751
1239 3918
1240 3439
1241 3125
1242 3735
1243 3707
1243 3851
1244 1706
1245 2091
1245 2175
1245 2984
1245 2999
1245 3097
1246 2146
1246 2297
1246 2713
1247 2329
1247 3797
1247 3804
1248 1362
1248 1412
1248 2876
1248 3045
1249 2294
1249 2509
1249 3744
1251 2691
1251 3057
1251 3415
1252 1869
1252 2339
1252 3021
1252 3873
1253 1463
1253 3574
1254 1308
1254 1709
1254 2072
1254 2410
1254 3735
1255 1295
1255 1830
1255 2514
1256 2002
1256 2528
1256 2532
1256 2574
1257 1868
1257 2193
1257 2630
1257 2797
1258 1520
1258 2815
1259 2243
1259 2768
1259 3079
1259 3585
1260 1446
1260 2929
1261 2009
1261 2789
1261 3129
1261 3419
1262 2434
1263 2066
1263 2874
1263 3226
1263 3726
1263 3732
1264 1351
1264 1895
1264 2152
1264 3300
1265 1560
1265 3279
1265 3797
1267 2266
1267 2623
1268 1360
1268 2464
1268 2507
1268 3487
1269 2597
1269 2960
1270 2031
1270 2075
1270 3182
1271 3302
1273 3704
1274 2660
1274 3059
1274 3127
1274 3764
1274 3871
1275 2980
1275 3913
1276 2894
1276 3385
1277 2079
1277 3533
1277 3538
1278 3986
1279 1953
1279 2927
1279 3542
1279 3687
1279 3761
1280 2624
1280 3213
1280 3833
1280 3852
1281 1902
1281 2515
1281 3372
1281 3557
1282 3615
1283 1808
1283 2126
1283 3269
1284 1772
1284 2272
1284 2562
1284 3137
1284 3209
1284 3306
1284 3634
1285 1760
1286 3230
1287 1687
1287 1958
1288 2061
1289 2625
1289 2896
1289 3310
1289 3520
1291 2098
1291 2560
1292 3037
1292 3912
1292 3943
1293 3611
1294 1397
1294 2107
1294 2698
1294 3440
1294 3682
1295 1826
1295 1967
1295 2382
1295 3702
1295 3802
1296 1947
1296 3092
1296 3120
1297 1602
1297 3594
1297 3806
1298 2024
1298 2672
1298 2897
1299 1783
1299 2092
1299 2692
1299 2939
1300 1851
1300 3312
1300 3703
1301 2656
1301 3515
1301 3862
1302 1802
1302 2403
1303 1667
1303 2953
1303 3620
1304 2343
1304 2388
1304 2872
1305 2448
1305 3472
1306 2353
1306 2898
1306 3622
1307 1429
1307 2484
1307 2567
1308 2134
1308 2816
1308 3064
1309 2241
1310 2310
1310 3899
1311 1544
1311 2768
1311 3470
1312 3242
1312 3999
1313 1454
1313 1972
1313 2489
1313 2528
1314 1762
1314 2460
1314 3626
1315 1944
1315 3061
1315 3947
1316 3094
1318 2319
1318 2813
1318 3054
1318 3657
1319 3054
1320 1571
1320 2560
1321 2415
1321 2741
1321 3139
1322 2042
1322 2790
1322 3059
1323 2763
1323 2938
1323 3423
1324 1849
1324 3256
1324 3453
1325 1645
1325 3853
1326 1907
1326 2369
1326 2636
1326 2653
1326 2939
1326 3451
1326 3800
1327 2558
1327 2781
1327 2844
1327 3429
1328 3129
1328 3464
1329 2468
1329 3471
1330 1998
1330 2026
1330 2222
1330 2893
1330 3290
1331 2914
1331 3285
1332 2616
1332 3235
1333 2012
1333 2307
1334 1397
1334 1804
1334 1821
1334 2065
1334 2606
1334 2793
1335 2484
1335 3058
1335 3832
1336 2426
1336 2983
1338 1559
1338 2706
1338 3630
1338 3698
1338 3952
1339 1348
1339 3540
1339 3709
1340 1611
1340 2900
1340 2925
1340 3598
1341 2019
1341 2955
1342 2651
1342 3612
1343 1459
1343 1542
1343 2531
1343 2541
1343 2955
1343 3403
1345 2171
1346 2064
1346 3065
1346 3174
1346 3404
1347 1504
1347 3906
1348 1842
1348 2532
1348 2811
1348 3101
1349 2900
1351 2010
1351 2284
1351 2760
1352 1820
1352 2688
1352 3351
1353 3199
1353 3589
1353 3778
1354 1485
1354 1535
1354 3086
1354 3806
1355 1547
1355 1761
1355 3133
1355 3335
1356 2152
1356 2227
1356 3484
1357 3587
1358 1735
1358 2361
1358 3093
1358 3177
1359 1959
1359 2165
1359 2374
1359 2839
1360 2794
1360 2980
1362 2704
1362 2749
1362 2807
1362 3562
1363 1373
1363 3593
1365 3245
1365 3754
1365 3946
1366 2555
1366 3919
1367 1445
1367 1997
1367 3590
1368 3591
1369 1409
1369 1415
1369 2112
1369 2548
1369 3775
1370 1429
1371 3017
1371 3988
1372 1898
1372 2143
1372 3040
1372 3093
1372 3326
1372 3800
1373 1757
1374 3116
1374 3272
1375 1927
1375 2078
1376 1544
1376 1653
1376 2488
1376 3108
1376 3596
1377 2207
1377 2368
1378 2428
1378 3893
1379 1596
1379 2750
1379 3579
1380 3784
1381 2007
1382 1434
1382 1475
1382 1947
1382 2845
1382 3069
1384 1490
1385 1746
1385 2983
1385 3281
1385 3466
1385 3885
1386 1655
1386 3374
1387 1520
1387 2812
1387 2998
1388 2563
1388 3495
1389 2885
1389 3940
1390 3184
1392 2223
1392 2323
1393 2334
1393 2970
1393 3205
1393 3777
1394 2409
1394 2695
1394 3289
1394 3867
1395 2024
1395 2551
1395 3484
1395 3959
1396 2089
1396 2192
1396 3627
1396 3677
1397 1555
1397 2669
1397 3350
1397 3761
1398 1501
1398 1931
1399 1763
1399 2398
1399 2838
1400 1635
1400 1700
1400 2007
1400 3296
1401 2607
1401 2898
1401 3014
1401 3984
1402 1779
1402 1850
1402 2851
1402 2993
1402 3048
1402 3134
1403 1603
1404 3764
1405 2304
1407 2422
1407 3196
1408 2184
1408 2368
1408 2808
1408 3743
1409 2088
1409 2156
1409 3616
1410 1779
1411 2850
1411 3542
1412 3741
1412 3761
1413 3717
1414 1659
1414 2900
1415 1525
1415 1719
1416 2975
1416 3466
1417 1767
1418 2631
1419 2284
1419 3744
1420 1986
1420 3562
1421 2025
1422 3051
1422 3191
1422 3342
1422 3854
1423 1457
1423 1875
1423 3532
1423 3691
1424 2381
1424 2600
1424 3244
1425 2645
1425 3318
1425 3463
1425 3536
1426 1591
1426 2047
1426 2612
1426 3144
1427 2855
1427 3579
1428 1583
1428 2845
1428 3179
1428 3833
1429 1933
1429 2270
1429 3286
1429 3502
1430 1993
1430 2733
1431 2430
1432 1491
1432 1552
1432 3112
1434 2881
1434 3409
1435 2994
1435 3674
1436 1951
1436 2260
1437 2087
1438 3209
1438 3268
1438 3281
1438 3317
1440 3677
1441 2374
1441 3384
1441 3475
1442 1448
1442 3386
1443 2381
1443 2824
1445 2722
1445 3777
1445 3960
1446 1901
1446 2704
1446 2727
1447 3946
1448 1550
1448 1874
1448 2551
1448 3114
1449 2130
1449 2533
1450 1844
1450 3404
1450 3871
1450 3898
1451 2077
1452 2475
1452 2523
1453 1989
1453 3852
1454 1702
1454 2466
1455 3378
1456 2580
1456 2729
1456 3757
1457 1785
1457 1948
1457 2533
1457 2632
1457 3089
1457 3142
1457 3482
1457 3794
1458 2042
1458 2690
1458 3202
1458 3921
1459 1690
1459 2437
1460 2465
1460 3548
1461 1757
1461 2516
1461 2957
1461 3293
1461 3912
1462 2396
1463 2734
1464 3696
1465 3104
1465 3147
1466 2234
1466 2326
1466 2897
1466 2994
1467 3166
1468 1477
1468 1634
1468 2199
1468 2809
1468 2955
1469 2407
1469 3938
1470 1671
1470 1740
1470 3939
1471 1553
1471 3195
1471 3827
1472 1600
1472 1680
1472 2637
1472 2707
1472 3033
1472 3799
1473 1668
1473 2584
1474 3072
1476 1497
1476 2924
1477 2420
1477 2699
1477 3128
1479 2886
1479 3873
1480 3675
1480 3944
1481 2290
1481 2885
1482 2317
1483 2563
1483 3604
1484 3703
1485 3015
1485 3251
1486 2933
1489 2322
1489 2393
1490 1696
1490 2201
1490 2546
1490 2757
1491 1506
1491 1878
1491 3178
1492 3865
1493 1987
1494 3236
1495 1548
1496 2338
1497 1499
1497 2379
1497 2880
1497 2916
1497 3815
1498 3738
1499 2658
1499 3274
1499 3521
1500 2730
1501 1994
1501 2412
1502 1721
1502 3597
1503 2895
1503 3405
1504 2103
1504 3850
1504 3981
1506 1997
1506 3995
1507 1895
1507 2338
1507 3878
1508 3440
1509 3002
1509 3661
1509 3782
1509 3938
1510 3189
1510 3987
1511 3185
1511 3605
1512 3090
1512 3660
1513 1856
1513 2487
1513 3248
1515 3357
1515 3929
1516 2677
1516 3952
1517 3010
1518 1927
1519 2611
1519 2919
1519 2978
1519 3283
1519 3338
1519 3830
1520 2885
1520 3243
1521 1589
1521 2099
1521 2754
1521 3141
1523 3514
1523 3759
1523 3874
1524 2015
1524 2598
1524 2726
1524 3086
1524 3915
1525 1895
1525 2042
1525 2113
1525 3342
1525 3571
1526 1763
1526 3309
1526 3354
1526 3406
1526 3860
1527 1925
1527 2335
1527 2829
1527 3444
1527 3753
1527 3842
1528 1950
1528 2248
1528 2256
1528 2843
1530 2765
1531 2106
1531 2312
1531 3288
1532 2760
1534 1595
1534 2144
1534 2467
1534 3616
1535 2291
1535 2300
1535 3209
1536 3643
1537 2256
1537 2440
1537 2496
1537 2896
1537 3198
1537 3809
1538 1861
1538 1973
1538 2820
1538 2983
1539 3524
1539 3761
1540 1547
1540 3485
1541 2074
1541 2152
1541 3919
1542 3047
1542 3287
1542 3760
1543 1934
1543 3621
1544 1566
1544 3415
1545 2375
1545 3442
1545 3700
1546 1867
1546 2567
1546 3560
1547 2034
1547 2309
1547 3267
1548 1587
1548 2755
1548 2876
1549 1554
1549 2222
1549 2741
1549 3224
1549 3612
1550 2301
1552 2691
1552 3712
1552 3812
1553 2801
1553 3112
1553 3194
1553 3903
1554 1785
1555 1559
1555 1802
1555 2540
1555 3410
1556 3014
1557 2399
1557 3910
1558 2098
1558 2173
1558 3906
1559 1787
1559 2760
1559 3721
1559 3953
1560 1968
1560 2608
1560 2610
1560 3489
1561 2328
1561 2671
1561 2734
1561 2993
1561 3487
1562 1793
1562 2525
1563 3677
1564 1913
1564 3643
1565 2242
1565 3944
1566 1667
1566 2339
1566 3304
1566 3543
1567 2502
1567 2572
1567 3198
1568 2135
1569 1667
1569 2014
1569 2389
1570 2175
1570 3496
1570 3665
1571 2363
1571 2951
1572 1840
1572 3182
1573 2336
1573 2693
1574 2106
1574 3189
1574 3315
1574 3657
1575 3214
1575 3343
1575 3386
1576 1680
1576 3466
1577 1834
1577 3917
1578 2029
1578 3003
1579 1686
1581 1641
1581 2076
1581 3031
1581 3090
1581 3523
1581 3837
1581 3896
1582 1968
1582 2440
1582 2546
1583 1826
1583 3162
1583 3743
1583 3974
1584 1846
1585 1657
1586 1813
1586 1890
1586 2004
1586 2270
1586 3802
1587 3198
1587 3822
1588 2349
1588 3480
1589 2068
1589 2989
1589 3838
1590 2692
1590 3753
1591 1642
1591 1836
1591 2640
1591 3958
1592 2674
1593 2200
1593 2831
1593 2936
1594 1653
1595 1949
1595 3019
1596 2775
1596 3258
1596 3845
1597 1602
1597 1609
1597 3328
1598 3177
1599 2062
1599 3189
1600 1905
1600 3039
1601 3738
1603 1609
1603 3593
1604 2201
1604 3024
1605 1873
1605 3067
1606 2861
1606 3566
1607 2070
1607 3789
1608 1730
1608 2388
1608 3971
1609 2576
1609 3177
1610 2279
1611 2273
1611 3838
1612 3268
1612 3632
1612 3641
1613 2369
1613 2870
1613 3713
1613 3961
1614 2004
1614 2404
1614 2944
1614 3237
1614 3758
1615 1912
1615 3058
1615 3175
1615 3339
1615 3940
1616 2830
1616 3167
1617 1907
1617 2078
1617 3495
1618 3266
1619 2689
1619 3479
1620 1925
1620 2797
1620 3831
1621 2766
1621 2932
1622 2632
1622 3433
1623 1709
1623 2303
1623 2654
1624 2195
1624 2608
1624 3630
1624 3947
1626 2341
1626 2575
1626 3276
1628 2674
1628 2896
1628 3082
1629 2079
1629 2157
1629 2165
1630 2602
1630 3220
1631 2093
1631 2164
1631 2744
1632 2279
1632 2476
1632 3190
1632 3202
1633 1852
1633 3350
1634 2036
1634 2442
1634 2778
1635 2406
1636 2005
1636 2233
1636 2452
1637 1858
1637 3992
1638 1907
1638 2371
1638 2597
1639 1911
1639 2819
1639 3859
1640 1881
1640 3008
1640 3104
1641 1776
1641 3021
1641 3398
1642 2410
1642 2979
1643 1703
1643 2326
1643 2675
1643 3942
1643 3991
1644 2063
1644 2373
1645 1786
1645 2036
1645 2270
1645 3915
1646 2685
1646 3032
1647 2048
1647 2178
1647 2822
1648 2105
1648 3364
1648 3409
1649 3181
1650 2632
1651 1668
1651 2080
1652 3521
1652 3753
1652 3881
1653 2132
1653 2543
1653 2921
1653 3192
1654 2492
1654 2611
1654 2843
1654 3136
1654 3768
1655 1815
1656 3021
1656 3189
1656 3299
1656 3331
1656 3683
1656 3868
1657 2425
1657 2781
1657 3979
1658 2656
1658 3004
1658 3510
1659 2215
1660 2308
1660 3032
1660 3351
1661 2224
1661 2530
1661 3495
1662 3107
1663 2832
1663 3202
1664 2902
1664 3510
1664 3692
1665 3112
1665 3495
1666 3872
1667 1919
1667 2881
1668 2268
1668 2454
1668 3092
1669 2190
1669 2427
1669 2567
1669 2804
1669 3354
1669 3394
1669 3876
1669 3963
1670 2223
1670 2405
1670 3749
1670 3756
1671 1923
1671 2216
1671 2980
1671 3856
1671 3867
1672 2018
1672 2225
1672 2358
1672 2389
1672 3397
1673 2382
1674 2577
1674 3452
1675 3198
1676 1714
1676 2069
1676 2376
1677 2621
1678 2915
1679 2887
1680 1884
1680 2672
1680 2866
1680 3198
1681 1853
1681 3642
1681 3868
1681 3970
1682 1770
1682 3529
1682 3600
1682 3754
1683 1783
1683 2121
1683 3120
1683 3486
1683 3782
1684 2113
1684 3179
1685 2735
1685 3221
1686 2994
1686 3298
1687 2340
1688 1998
1688 3358
1689 1758
1690 3804
1691 2720
1691 3546
1693 2400
1693 3024
1693 3266
1694 2527
1694 2962
1695 2225
1696 2704
1696 3343
1697 3330
1697 3662
1697 3951
1698 2495
1698 2591
1699 3005
1699 3823
1699 3999
1700 3293
1700 3943
1701 1782
1702 2061
1702 2564
1702 2882
1702 3503
1703 2397
1703 2917
1703 2926
1703 2979
1703 3140
1703 3639
1704 2034
1704 3615
1705 1727
1705 1740
1706 2392
1708 2905
1709 1726
1709 3236
1709 3312
1709 3694
1710 1732
1710 2173
1710 2299
1710 3923
1712 2139
1712 2573
1712 3185
1713 1833
1713 3261
1714 1813
1714 3299
1716 1734
1716 3147
1717 2278
1717 2351
1718 2530
1718 2843
1719 1832
1719 3579
1720 1837
1720 2123
1721 2424
1722 2291
1722 2785
1722 3634
1723 1827
1723 2238
1724 2083
1724 3457
1725 3969
1726 2702
1726 3081
1726 3095
1726 3656
1727 2934
1728 3981
1729 2255
1729 3010
1729 3497
1731 1854
1731 3750
1732 1802
1732 2983
1732 3550
1732 3576
1734 2111
1734 2781
1735 1960
1736 2326
1736 2338
1736 3586
1737 1912
1738 2106
1738 2336
1738 2833
1738 3673
1738 3682
1739 1855
1739 2385
1740 2217
1741 2560
1742 2522
1742 3102
1742 3434
1743 2686
1743 3086
1744 2075
1744 2378
1744 2867
1744 3862
1745 2736
1745 3969
1745 3978
1746 2857
1747 2620
1747 3502
1747 3619
1748 2043
1748 2641
1749 2869
1749 2872
1749 3435
1750 3124
1751 3166
1751 3432
1751 3812
1752 2167
1752 2940
1752 3162
1753 2244
1754 2186
1754 2555
1754 2883
1754 2968
1754 3012
1754 3029
1754 3251
1754 3775
1756 3074
1756 3587
1757 2223
1758 2175
1758 3059
1758 3117
1758 3739
1759 2215
1759 2459
1759 2654
1759 3931
1760 2274
1760 3802
1761 1927
1761 2442
1761 2868
1762 2452
1762 2603
1762 3225
1762 3418
1762 3530
1763 1795
1763 2665
1763 2815
1763 3193
1764 3091
1764 3360
1764 3382
1764 3498
1765 3041
1765 3143
1766 1876
1766 3390
1766 3475
1766 3513
1767 2452
1767 2825
1767 3160
1767 3769
1768 1867
1769 3151
1770 1860
1770 2055
1770 3506
1770 3645
1771 2262
1771 3844
1771 3862
1772 2493
1772 3382
1773 2306
1773 2317
1773 3982
1774 2117
1774 2721
1774 2908
1774 3695
1775 2159
1775 3439
1775 3599
1776 2522
1776 3582
1777 3496
1780 1932
1780 3205
1782 1920
1782 3500
1783 2451
1784 3051
1784 3172
1784 3213
1784 3780
1784 3912
1786 2713
1787 2319
1787 2792
1787 3409
1788 2346
1788 2569
1788 3930
1789 2764
1789 2948
1790 2184
1790 2232
1790 2605
1791 2723
1792 1894
1792 1996
1792 3862
1792 3877
1792 3933
1793 2031
1793 2250
1793 3170
1793 3785
1794 3563
1795 2795
1795 2884
1795 3791
1795 3975
1796 2176
1797 2560
1798 2536
1798 3290
1798 3674
1799 2554
1799 3378
1801 2625
1802 2172
1802 3812
1804 3997
1805 2053
1805 2151
1805 3066
1805 3249
1806 1890
1806 2141
1806 2742
1806 3275
1806 3647
1807 2938
1807 3206
1807 3885
1808 2194
1808 2536
1808 3669
1808 3895
1809 2629
1809 3224
1809 3920
1811 2553
1811 2776
1811 3145
1811 3814
1812 2156
1812 2769
1812 2886
1814 2477
1814 2910
1814 3178
1814 3504
1814 3814
1815 3141
1815 3785
1816 2889
1817 2876
1818 3680
1819 2678
1819 2945
1819 3453
1821 2901
1821 2957
1821 3638
1821 3724
1822 2380
1822 2430
1822 2613
1822 2747
1822 3830
1823 2278
1823 3554
1824 1918
1824 2198
1824 2330
1825 2567
1826 2051
1826 2948
1826 3741
1828 3191
1829 2527
1829 3102
1829 3410
1829 3593
1830 3583
1831 2400
1831 3409
1831 3913
1833 2501
1833 2915
1833 3112
1834 2703
1835 2151
1835 3202
1837 1897
1837 2292
1837 2975
1838 2826
1838 2976
1838 3340
1839 1993
1839 2097
1839 3069
1840 2951
1841 2251
1841 2610
1841 3231
1841 3754
1843 2795
1843 3160
1843 3423
1844 2235
1844 2584
1845 2351
1845 2948
1846 2410
1847 2009
1847 3623
1847 3701
1848 2052
1848 2436
1848 2533
1848 3243
1849 3211
1849 3267
1849 3504
1849 3867
1849 3870
1850 1975
1850 2669
1850 2996
1851 2445
1851 3152
1851 3587
1852 2133
1853 3303
1854 3608
1854 3691
1855 2688
1856 3633
1856 3767
1856 3936
1857 3221
1857 3905
1858 1875
1858 2655
1858 3966
1859 3216
1859 3384
1860 3728
1862 2681
1863 3504
1863 3607
1864 2031
1865 2108
1866 2922
1866 3589
1867 2683
1867 2920
1867 3065
1867 3906
1868 2342
1869 3097
1870 2988
1871 2194
1872 1910
1872 3762
1873 2232
1873 3529
1874 2264
1874 3575
1874 3581
1875 2735
1875 2962
1875 3502
1877 2535
1877 3520
1877 3752
1878 2687
1878 3482
1878 3725
1878 3767
1879 1901
1879 3513
1880 3133
1880 3241
1881 2254
1882 1981
1882 2039
1882 2060
1884 3816
1884 3924
1885 2760
1885 3907
1886 1930
1886 1983
1887 3647
1890 1916
1890 2501
1890 3408
1890 3767
1891 2356
1891 3171
1891 3687
1892 2559
1892 3840
1893 2194
1893 3193
1893 3854
1893 3889
1894 2501
1894 3091
1894 3663
1896 2077
1896 2551
1896 3889
1897 2628
1897 2718
1897 3229
1897 3404
1898 2229
1899 2871
1899 3401
1899 3688
1900 2068
1900 3905
1901 2605
1901 3885
1902 1953
1902 1970
1902 2022
1902 2480
1902 3287
1902 3542
1903 1920
1903 3401
1904 2248
1904 2657
1905 3242
1906 3059
1907 3473
1908 3843
1909 2044
1909 2312
1909 2497
1909 3114
1909 3534
1910 1948
1910 3484
1910 3868
1912 2041
1912 3882
1913 2623
1914 2526
1914 2909
1915 2147
1915 3428
1916 2019
1916 2084
1916 2107
1916 2986
1918 2906
1918 3126
1919 2172
1919 2573
1920 2807
1921 2168
1921 2890
1922 2618
1922 3046
1922 3284
1922 3285
1923 3376
1923 3536
1924 2210
1924 3710
1925 2852
1928 2188
1928 2428
1929 2026
1929 3227
1930 3433
1931 3999
1932 3698
1933 2378
1933 2403
1933 2669
1934 2330
1934 2641
1934 3901
1935 2405
1935 2709
1935 3101
1935 3869
1936 2783
1936 3575
1936 3671
1937 2195
1937 2457
1937 3129
1937 3301
1938 2532
1938 2621
1938 2892
1938 3178
1938 3819
1938 3872
1939 2303
1939 3514
1940 3838
1941 2109
1941 2488
1941 3015
1942 2138
1942 3034
1942 3365
1943 3320
1943 3468
1944 2090
1944 2256
1945 3636
1947 2972
1947 3915
1947 3971
1948 2304
1948 2308
1948 2659
1949 2622
1949 2678
1949 3922
1950 2376
1950 2675
1950 3224
1950 3711
1951 2478
1951 3621
1952 2417
1952 2808
1952 3262
1953 2194
1953 3204
1954 2375
1956 2185
1956 2981
1956 3687
1956 3965
1957 2228
1957 2338
1957 2428
1957 2710
1957 2985
1958 3216
1959 2783
1960 2421
1960 3318
1960 3949
1961 2166
1961 3019
1961 3026
1962 2047
1962 2269
1962 3377
1962 3450
1962 3711
1963 2897
1963 3383
1964 3948
1965 2946
1965 3133
1966 2155
1966 3680
1967 3064
1967 3160
1968 2253
1968 2636
1969 2083
1970 2075
1971 2081
1972 2988
1972 3816
1973 2156
1973 3289
1973 3985
1974 2384
1974 3206
1974 3536
1974 3642
1974 3808
1975 2827
1975 3335
1975 3840
1977 2272
1977 3687
1977 3983
1979 2400
1979 3051
1979 3625
1980 2657
1980 2819
1980 3751
1981 2022
1981 3009
1982 2064
1982 2582
1982 3386
1984 3250
1985 3357
1986 2271
1986 2909
1986 3873
1988 3418
1988 3863
1989 2006
1990 3697
1990 3890
1991 2623
1992 2561
1994 2833
1994 3747
1996 2214
1996 2218
1997 2847
1997 3961
1998 2601
1998 2792
1999 2167
1999 2481
1999 3660
2000 2618
2000 2677
2000 3249
2000 3846
2001 2566
2001 3098
2001 3440
2001 3723
2002 2289
2002 3797
2003 2395
2003 2869
2003 3394
2004 2388
2004 2654
2004 3330
2005 2416
2005 3491
2006 2861
2007 2214
2008 2765
2008 3251
2008 3661
2008 3930
2009 2819
2009 3416
2009 3539
2010 2537
2010 3248
2011 2365
2011 3041
2011 3250
2011 3282
2012 3075
2012 3175
2014 3816
2015 2251
2016 2298
2016 3274
2017 2876
2017 2935
2017 3278
2017 3313
2018 2289
2020 3000
2021 2970
2021 3670
2022 2131
2022 2436
2022 2852
2023 2651
2023 2822
2023 3019
2023 3391
2024 3915
2025 2046
2025 3027
2025 3388
2025 3607
2025 3645
2026 3080
2026 3505
2026 3948
2027 2238
2027 3140
2027 3822
2028 2645
2028 2701
2030 2127
2030 2533
2030 2872
2030 3348
2031 2457
2031 2679
2031 3462
2031 3791
2032 3469
2032 3499
2034 2263
2035 2879
2035 3222
2036 2325
2036 3769
2037 2571
2037 2790
2037 3416
2038 2287
2038 2789
2039 2196
2039 2597
2039 3566
2039 3770
2040 2954
2040 3112
2041 2650
2041 2969
2042 3088
2043 2626
2043 3094
2044 2194
2044 2413
2044 2801
2044 3323
2044 3655
2044 3718
2045 2798
2046 3068
2047 3794
2048 3230
2048 3415
2048 3492
2049 3024
2049 3177
2049 3451
2050 3625
2050 3832
2050 3860
2051 2898
2051 3870
2052 2599
2052 3398
2053 2182
2053 2368
2053 2500
2054 3802
2056 2110
2056 2279
2056 2604
2057 2879
2058 3791
2059 2518
2059 2557
2060 2231
2060 2238
2061 3453
2062 2185
2062 3117
2062 3662
2063 2670
2063 2787
2063 2899
2063 2918
2065 2827
2065 2995
2065 3487
2066 2533
2066 2606
2066 3252
2068 2712
2068 3947
2069 3712
2069 3935
2071 2446
2071 2928
2072 2746
2072 2910
2072 3043
2072 3097
2073 2312
2073 2938
2073 2951
2074 2449
2074 2523
2074 3032
2074 3664
2075 2916
2075 3357
2077 2998
2077 3873
2078 2635
2078 2644
2078 3446
2080 3121
2080 3187
2080 3990
2081 2186
2081 2967
2081 3764
2082 3067
2082 3513
2082 3614
2083 2894
2083 2906
2083 3223
2084 2261
2084 3398
2084 3413
2084 3542
2085 2196
2085 3433
2087 2590
2089 2987
2089 3213
2089 3496
2090 2654
2090 2894
2090 3169
2091 3020
2091 3107
2091 3309
2092 2336
2092 2586
2092 2924
2093 2863
2093 3264
2094 2121
2094 2695
2094 3022
2095 2922
2095 3877
2096 2201
2096 2271
2096 2482
2096 3260
2096 3850
2097 3598
2098 3036
2098 3579
2098 3945
2099 3226
2099 3986
2100 3585
2100 3733
2102 3364
2102 3497
2102 3768
2104 2191
2104 2808
2104 3655
2105 2417
2105 3771
2106 2206
2106 3831
2107 3028
2108 2434
2108 2625
2108 2820
2109 3639
2110 2433
2111 2789
2111 3088
2112 3431
2113 3548
2115 3791
2116 2631
2116 3617
2117 2137
2117 2711
2117 2815
2118 3180
2118 3828
2119 2448
2119 2851
2120 2561
2120 2583
2120 3927
2121 2315
2121 2419
2121 3292
2121 3520
2122 2193
2122 3052
2124 2467
2124 3480
2124 3695
2125 2309
2125 2769
2126 2812
2126 3264
2126 3662
2127 2510
2127 3784
2127 3838
2128 3211
2128 3855
2129 2594
2130 2216
2130 2254
2130 2934
2131 3273
2131 3834
2132 2390
2132 2501
2132 2697
2132 2948
2132 2980
2132 3230
2132 3545
2132 3929
2133 2904
2134 2493
2134 3341
2135 3294
2136 3030
2136 3079
2136 3309
2137 3748
2139 2988
2139 3737
2140 2524
2140 3694
2141 3432
2142 2144
2142 2234
2142 2675
2142 3246
2142 3643
2143 2333
2143 2668
2143 2784
2144 3022
2144 3248
2144 3756
2145 3724
2146 2519
2146 2901
2147 2659
2147 3199
2147 3952
2148 3092
2148 3299
2150 3639
2150 3789
2153 2446
2153 3974
2153 3978
2154 2605
2154 3214
2154 3857
2155 3775
2156 2412
2156 3594
2156 3968
2157 2228
2157 3236
2158 2245
2158 3085
2158 3332
2159 3040
2159 3352
2160 2419
2160 2980
2160 3505
2160 3534
2160 3641
2161 2904
2164 2357
2164 2966
2164 3253
2165 2939
2165 3137
2166 2354
2166 3682
2167 2930
2167 3268
2167 3367
2168 3060
2170 2265
2171 3021
2171 3525
2172 3099
2172 3477
2173 3689
2174 3067
2174 3510
2176 2751
2177 2393
2177 2708
2178 2681
2179 2281
2179 2594
2180 3193
2180 3438
2182 2553
2182 2571
2183 2248
2183 3162
2183 3324
2184 3112
2184 3685
2184 3845
2185 3000
2186 2565
2186 2877
2186 3065
2187 2886
2187 3246
2187 3825
2187 3959
2188 2406
2190 2802
2191 2224
2191 3034
2191 3364
2191 3405
2191 3995
2192 2979
2192 3266
2193 2580
2193 3147
2194 3014
2195 2630
2195 3352
2195 3758
2195 3981
2196 2921
2196 2970
2196 2999
2197 2326
2197 2797
2197 3447
2198 3620
2199 2834
2199 2955
2200 2582
2200 3138
2202 2970
2202 3057
2203 3789
2204 2233
2204 2468
2205 2902
2206 2275
2206 3157
2207 2316
2207 2763
2207 3048
2207 3088
2210 3609
2211 2517
2211 2684
2212 2291
2213 2612
2214 2864
2214 2871
2214 3562
2215 3943
2216 2300
2216 3066
2219 2839
2219 3023
2219 3080
2219 3837
2220 2813
2220 3979
2221 2699
2221 3798
2222 2907
2222 3810
2224 2315
2224 2497
2224 3097
2224 3567
2225 2816
2225 3558
2225 3707
2227 3518
2227 3631
2228 3527
2230 2585
2230 2894
2230 3820
2230 3945
2230 3948
2231 2255
2231 2760
2231 2863
2232 2366
2232 3379
2234 3260
2234 3664
2235 3414
2236 2624
2237 2536
2237 2862
2238 2427
2238 3978
2239 2303
2239 3613
2240 3231
2240 3664
2241 2255
2241 2264
2241 2519
2241 3213
2243 3710
2243 3810
2243 3917
2244 2784
2244 3857
2245 3053
2245 3359
2247 2639
2247 2704
2247 2940
2247 3556
2248 3800
2249 2757
2249 3703
2250 2270
2250 3286
2251 2596
2251 3928
2253 2333
2254 3729
2255 3395
2255 3706
2255 3834
2255 3893
2256 2457
2257 2526
2257 2798
2257 3013
2258 2777
2258 3798
2258 3835
2259 3868
2260 3425
2260 3850
2261 2267
2261 2587
2263 3075
2264 2430
2265 2869
2265 3218
2266 2407
2266 3754
2267 2284
2267 2884
2267 3601
2269 3907
2270 3267
2271 2798
2271 2800
2272 2876
2272 3600
2273 3454
2274 2275
2274 3717
2276 2339
2276 2455
2276 3567
2277 2684
2277 3739
2278 2689
2278 3103
2279 2622
2279 3412
2280 2781
2280 3356
2281 3134
2281 3643
2282 2777
2282 2945
2283 3361
2284 3574
2285 2295
2285 3128
2285 3620
2285 3904
2286 2588
2287 3707
2287 3739
2288 3387
2289 3002
2291 3331
2291 3339
2293 3817
2294 2396
2294 3016
2295 3463
2295 3757
2296 3464
2298 2795
2298 2959
2299 3068
2300 2992
2300 3505
2301 3187
2301 3601
2301 3938
2302 2788
2302 3457
2302 3723
2304 2585
2304 2591
2304 3620
2304 3869
2305 3644
2306 3406
2306 3966
2307 2702
2307 3130
2307 3799
2308 3137
2308 3797
2308 3831
2309 2687
2309 2741
2309 3852
2309 3859
2310 3208
2311 3011
2311 3659
2311 3989
2312 3108
2312 3479
2312 3518
2312 3704
2313 2619
2314 2816
2314 3632
2315 3740
2316 3766
2319 3865
2320 2602
2320 3128
2321 2411
2321 2447
2321 3663
2322 2423
2323 2832
2323 3551
2324 2998
2324 3014
2324 3185
2324 3706
2325 2398
2325 2430
2325 2444
2326 3449
2326 3558
2326 3955
2328 3685
2328 3763
2329 2934
2329 3183
2329 3807
2330 3889
2331 3036
2332 2878
2332 2909
2332 3883
2333 3282
2333 3830
2335 3238
2337 2991
2337 3373
2338 2353
2339 3577
2339 3876
2339 3904
2339 3970
2340 2993
2341 3355
2341 3429
2341 3879
2342 3701
2342 3777
2343 3053
2343 3602
2344 3266
2345 2415
2346 2943
2346 3649
2347 2632
2347 3104
2347 3317
2347 3485
2347 3634
2347 3815
2348 2582
2348 3625
2350 3144
2350 3497
2350 3652
2351 3104
2351 3789
2351 3815
2351 3920
2352 2689
2354 3284
2355 3258
2355 3702
2356 2491
2357 2796
2357 3215
2357 3580
2357 3717
2357 3811
2359 3104
2361 2613
2361 2941
2362 3812
2363 3013
2363 3204
2364 3859
2365 3375
2365 3739
2366 2648
2367 3155
2367 3408
2368 2885
2368 3586
2369 2985
2369 3540
2369 3863
2370 3163
2371 2588
2371 3799
2372 2572
2374 2639
2375 3524
2375 3918
2376 2500
2376 2552
2376 2697
2376 2813
2376 3224
2376 3899
2377 2671
2377 3531
2378 2662
2378 3960
2379 2935
2380 3915
2381 2461
2381 3768
2381 3875
2382 2396
2382 2478
2382 2603
2382 3939
2385 2417
2385 3354
2386 2460
2386 2794
2387 2442
2387 2828
2388 3174
2388 3268
2389 2666
2389 2812
2389 3598
2389 3729
2389 3975
2391 3117
2391 3638
2391 3695
2392 3040
2393 2993
2393 3161
2393 3913
2395 2559
2396 2551
2396 2849
2397 3311
2397 3400
2397 3751
2397 3927
2398 2697
2398 3125
2399 3325
2400 2475
2400 2504
2400 3760
2402 2524
2402 3276
2403 2595
2403 2635
2403 3566
2406 2777
2406 3091
2406 3732
2407 3622
2410 2512
2410 2980
2410 3293
2412 3237
2415 2456
2415 2564
2415 2729
2415 2962
2416 3129
2416 3780
2417 2815
2418 3586
2419 2454
2419 2845
2419 3151
2419 3925
2420 2611
2420 3001
2420 3080
2421 3122
2421 3618
2421 3972
2423 2949
2424 2947
2424 3599
2426 3013
2426 3778
2427 2631
2428 2443
2428 3248
2428 3626
2429 2641
2429 3397
2429 3827
2430 3283
2430 3320
2432 2458
2432 3458
2433 2895
2433 3857
2435 2593
2435 3635
2436 2836
2436 3675
2437 3223
2438 2928
2439 2581
2439 3354
2440 3544
2440 3863
2441 2729
2441 3323
2442 2538
2443 3158
2443 3677
2444 3144
2445 2669
2446 2490
2446 3413
2446 3921
2447 3094
2447 3551
2448 2585
2449 3030
2451 2625
2451 2772
2451 3552
2451 3563
2451 3754
2453 3948
2454 3798
2455 2837
2456 3466
2458 3391
2458 3658
2459 2908
2459 2982
2459 3019
2460 3013
2461 2969
2464 3344
2465 2576
2465 2852
2467 2871
2468 2959
2468 3888
2469 3816
2470 3658
2470 3846
2471 3012
2471 3164
2471 3285
2472 3149
2472 3411
2472 3835
2473 3051
2473 3379
2474 3775
2476 2522
2476 2632
2476 2637
2476 2833
2476 3086
2477 2903
2477 2995
2478 3750
2480 2725
2480 2802
2480 3095
2480 3535
2480 3844
2481 3194
2482 3557
2482 3807
2483 3857
2484 3137
2485 3012
2485 3435
2485 3615
2486 3129
2486 3380
2487 3983
2489 3091
2490 3925
2491 3415
2491 3833
2492 2566
2492 2575
2492 2697
2492 2715
2493 3474
2493 3781
2493 3988
2494 3111
2494 3656
2496 3310
2497 3591
2498 2881
2499 2720
2499 3674
2500 3553
2502 3297
2503 2542
2505 3468
2507 3126
2507 3340
2507 3413
2508 2911
2508 2933
2510 2833
2510 3271
2510 3873
2511 3546
2514 2993
2514 3216
2514 3261
2514 3264
2514 3443
2515 2649
2515 2713
2515 3440
2515 3804
2516 3328
2516 3657
2516 3900
2518 3066
2518 3204
2520 2894
2521 3994
2522 3285
2523 3511
2524 3349
2524 3351
2525 3536
2527 2770
2527 3401
2527 3633
2529 3203
2531 2730
2531 3136
2532 3834
2533 2773
2533 3237
2533 3505
2535 3532
2537 3383
2538 3529
2538 3723
2539 2962
2539 3334
2540 3096
2540 3539
2541 3590
2541 3760
2543 2784
2543 2798
2543 3472
2543 3552
2546 3993
2547 2787
2547 2891
2547 3959
2548 3417
2549 3423
2549 3725
2550 2693
2550 3010
2552 3151
2552 3385
2552 3519
2553 3585
2553 3886
2555 3099
2556 3483
2557 2982
2557 3028
2558 3057
2559 2799
2560 3819
2561 3006
2561 3125
2562 2856
2562 3577
2563 3443
2563 3464
2563 3947
2564 3206
2564 3297
2564 3956
2565 3255
2566 2901
2566 3344
2566 3436
2567 2897
2569 2718
2569 2873
2569 3563
2569 3854
2570 3084
2570 3456
2571 3409
2572 2730
2572 3098
2572 3453
2572 3795
2573 3124
2574 3388
2575 3207
2575 3360
2576 2752
2576 2989
2576 3499
2576 3680
2576 3869
2577 3256
2577 3954
2578 2928
2578 3211
2578 3760
2579 3215
2580 3335
2581 2833
2581 2912
2581 3688
2583 3773
2583 3938
2584 3088
2584 3230
2585 3083
2586 3322
2587 2969
2587 3294
2587 3897
2588 3445
2589 2897
2589 3070
2589 3988
2591 2792
2592 3170
2592 3604
2592 3894
2593 3777
2593 3996
2595 2779
2595 3339
2596 2739
2596 3108
2596 3284
2596 3510
2597 3898
2598 3387
2599 3128
2599 3256
2599 3681
2599 3856
2602 2828
2602 3500
2604 3925
2604 3988
2605 3357
2605 3476
2605 3719
2606 2768
2606 3581
2607 2703
2607 3543
2608 2923
2608 3738
2609 3243
2610 3152
2610 3468
2610 3580
2610 3776
2611 3167
2612 3128
2614 3623
2614 3840
2616 2624
2617 2679
2617 2736
2617 2783
2617 2960
2617 3524
2618 2959
2618 3147
2619 2944
2621 3341
2621 3573
2623 2635
2623 3213
2623 3496
2624 3218
2624 3256
2624 3366
2625 3673
2625 3931
2626 3534
2627 3430
2628 2652
2629 2871
2634 3422
2634 3934
2635 3062
2636 2825
2636 3264
2639 3050
2640 3072
2640 3149
2641 2839
2641 2883
2641 3152
2641 3676
2642 2725
2642 3989
2644 2660
2645 2915
2645 3227
2645 3613
2646 2858
2646 2952
2647 3228
2649 2784
2651 3768
2652 2718
2652 3746
2653 2923
2655 3458
2655 3702
2657 3272
2659 2849
2661 3395
2662 2761
2663 2888
2664 2744
2667 3532
2667 3634
2668 3916
2670 3496
2671 3228
2671 3334
2671 3890
2672 2970
2673 3215
2673 3882
2674 3715
2675 3055
2676 3625
2677 3285
2677 3338
2679 3250
2680 3165
2680 3224
2681 3061
2681 3219
2685 3218
2687 3652
2687 3668
2688 3433
2689 3025
2689 3674
2689 3680
2690 3353
2691 2922
2691 3089
2693 2845
2693 3053
2695 3650
2696 3281
2697 3230
2698 3671
2699 3692
2700 3562
2701 2823
2701 3745
2702 3810
2703 3847
2704 2832
2705 3409
2707 2793
2707 3499
2707 3556
2707 3957
2708 3611
2709 3061
2709 3802
2711 2811
2711 3949
2712 3519
2712 3627
2712 3682
2713 3772
2714 3663
2715 3580
2716 2870
2716 3343
2717 3991
2719 3470
2719 3509
2719 3726
2720 3218
2721 3325
2721 3886
2724 3742
2726 3009
2726 3580
2728 3032
2729 2842
2730 2761
2730 2937
2730 3176
2730 3713
2731 2738
2732 3639
2732 3679
2733 3670
2734 3192
2734 3297
2735 2770
2735 3798
2736 3071
2736 3084
2736 3134
2736 3746
2738 2900
2738 3519
2738 3627
2738 3751
2739 3854
2740 2835
2741 3451
2741 3502
2743 3402
2745 2831
2746 2842
2746 3011
2746 3712
2747 3165
2748 2873
2751 3913
2752 3426
2753 2848
2753 3668
2754 2812
2755 3458
2755 3663
2757 3495
2757 3504
2759 2991
2761 3305
2761 3563
2761 3787
2762 3491
2762 3838
2763 3659
2764 3214
2764 3966
2765 3018
2766 3786
2767 2845
2767 3197
2768 3547
2768 3830
2769 3589
2770 2999
2770 3197
2770 3911
2775 3235
2776 3604
2777 3216
2778 3732
2781 3674
2782 3872
2782 3903
2783 3147
2783 3374
2784 3184
2784 3390
2785 3098
2786 2858
2786 2900
2786 2955
2787 3466
2787 3642
2788 3707
2789 3337
2793 3062
2793 3673
2796 3337
2796 3957
2797 3341
2797 3410
2797 3669
2798 3255
2798 3563
2798 3889
2804 3333
2804 3630
2806 3600
2808 3381
2809 3463
2809 3949
2810 3765
2811 3451
2811 3889
2812 2962
2813 3635
2814 3397
2816 3987
2818 3355
2818 3374
2819 2842
2821 3188
2821 3838
2823 3973
2824 3152
2824 3367
2824 3500
2824 3813
2826 3754
2826 3755
2827 2895
2828 3233
2828 3234
2829 3399
2830 3033
2830 3108
2830 3146
2830 3983
2833 2936
2833 3131
2834 3333
2835 3566
2836 3159
2836 3983
2837 3294
2837 3595
2838 3860
2839 3614
2842 3512
2845 3554
2847 3976
2848 3569
2851 3180
2853 3375
2857 3348
2857 3716
2858 3373
2859 3150
2860 2905
2861 2904
2861 3625
2864 3728
2865 3220
2866 3270
2866 3553
2868 3758
2869 2962
2871 3393
2871 3876
2872 3977
2873 2992
2873 3931
2875 2884
2875 3446
2877 3796
2881 2907
2881 3246
2881 3270
2882 3120
2882 3257
2882 3318
2882 3433
2883 3488
2885 3410
2886 3595
2888 3312
2888 3787
2889 3598
2891 3158
2892 3586
2893 2969
2893 3596
2894 3653
2895 3649
2897 3243
2899 3584
2900 3920
2901 3131
2903 3326
2903 3359
2904 2963
2904 3318
2904 3693
2905 3067
2905 3527
2906 3676
2906 3680
2907 3195
2907 3777
2909 3318
2909 3357
2909 3952
2910 2967
2910 3270
2910 3887
2911 3344
2917 3004
2918 3580
2920 3141
2921 3148
2921 3915
2923 3335
2924 3765
2924 3943
2926 3317
2928 3217
2928 3615
2928 3775
2929 2957
2930 3054
2932 3628
2935 3534
2936 3186
2936 3416
2936 3474
2939 3285
2939 3777
2942 3606
2942 3750
2945 3580
2946 3362
2951 3110
2951 3247
2951 3431
2952 3032
2953 3255
2953 3882
2954 2976
2954 3870
2956 3540
2958 2993
2958 3272
2958 3422
2959 3232
2959 3596
2959 3817
2960 3122
2960 3939
2961 3347
2961 3998
2962 3093
2962 3931
2965 3061
2965 3712
2966 3685
2968 3815
2970 3867
2971 3167
2971 3530
2971 3539
2971 3782
2972 3481
2973 3763
2975 3029
2975 3121
2975 3504
2975 3886
2976 3913
2977 3167
2977 3578
2979 3178
2979 3392
2979 3562
2982 3076
2983 3281
2984 3801
2986 3294
2987 3885
2987 3921
2992 3153
2992 3167
2996 3234
2996 3411
2997 3207
2999 3444
3000 3120
3000 3220
3001 3069
3001 3719
3002 3484
3003 3831
3004 3262
3005 3119
3005 3895
3006 3058
3006 3393
3007 3923
3008 3160
3008 3174
3009 3166
3009 3392
3009 3955
3010 3865
3012 3404
3013 3866
3014 3647
3015 3902
3016 3519
3018 3764
3019 3286
3020 3352
3022 3065
3022 3187
3023 3481
3026 3089
3027 3559
3027 3926
3028 3032
3029 3402
3029 3754
3030 3925
3033 3595
3033 3613
3034 3105
3034 3473
3035 3110
3035 3523
3035 3736
3036 3355
3038 3822
3041 3140
3043 3701
3043 3714
3044 3130
3045 3765
3045 3919
3046 3302
3046 3351
3048 3975
3049 3585
3051 3979
3055 3790
3058 3212
3058 3231
3058 3382
3058 3478
3060 3321
3060 3552
3064 3560
3067 3330
3068 3934
3069 3123
3070 3714
3070 3875
3071 3371
3071 3476
3073 3105
3073 3820
3074 3477
3074 3925
3075 3489
3075 3664
3077 3119
3077 3379
3078 3788
3079 3138
3082 3815
3085 3454
3086 3560
3088 3870
3090 3466
3091 3437
3092 3421
3092 3720
3093 3646
3093 3902
3094 3983
3096 3846
3098 3766
3104 3248
3104 3368
3104 3416
3105 3291
3106 3464
3107 3288
3107 3911
3108 3364
3108 3605
3109 3538
3110 3442
3113 3187
3113 3739
3114 3498
3115 3244
3115 3322
3115 3352
3115 3767
3116 3214
3118 3891
3119 3302
3120 3216
3122 3619
3122 3884
3123 3866
3124 3897
3127 3429
3127 3539
3127 3792
3128 3700
3128 3724
3128 3908
3129 3194
3129 3256
3129 3584
3130 3580
3130 3968
3131 3713
3132 3317
3132 3435
3132 3884
3133 3405
3133 3546
3133 3704
3134 3189
3134 3298
3134 3422
3136 3157
3136 3699
3137 3147
3138 3232
3139 3642
3139 3742
3140 3736
3143 3925
3144 3252
3144 3833
3144 3933
3145 3376
3146 3671
3149 3246
3149 3476
3150 3156
3153 3946
3155 3755
3157 3518
3157 3784
3158 3557
3160 3350
3160 3365
3162 3277
3163 3521
3163 3948
3163 3962
3166 3313
3171 3524
3172 3210
3176 3486
3176 3917
3177 3592
3177 3632
3177 3665
3179 3477
3180 3835
3180 3902
3181 3529
3182 3368
3182 3963
3186 3973
3187 3588
3188 3735
3189 3913
3190 3677
3192 3818
3193 3781
3199 3694
3201 3685
3204 3303
3204 3360
3205 3695
3207 3213
3208 3980
3209 3382
3210 3524
3211 3907
3212 3669
3213 3891
3215 3791
3216 3632
3217 3376
3219 3268
3221 3234
3222 3250
3222 3326
3222 3336
3222 3982
3223 3298
3223 3977
3224 3584
3224 3996
3227 3369
3228 3493
3231 3372
3234 3302
3234 3321
3234 3501
3236 3358
3236 3754
3236 3862
3237 3345
3237 3964
3238 3293
3238 3936
3240 3649
3240 3720
3241 3733
3242 3586
3243 3319
3243 3353
3248 3582
3248 3664
3249 3336
3249 3503
3249 3613
3252 3507
3253 3879
3255 3831
3255 3909
3255 3973
3256 3592
3256 3877
3256 3967
3257 3791
3260 3832
3262 3572
3262 3653
3264 3353
3267 3532
3268 3384
3269 3373
3269 3454
3269 3478
3271 3475
3271 3836
3272 3586
3274 3312
3276 3424
3279 3939
3281 3890
3283 3740
3284 3679
3284 3817
3285 3637
3285 3898
3286 3461
3286 3579
3287 3626
3288 3314
3288 3602
3289 3509
3293 3807
3296 3315
3296 3747
3297 3947
3298 3661
3298 3705
3299 3873
3300 3596
3302 3994
3303 3918
3307 3935
3309 3493
3309 3798
3309 3824
3312 3455
3313 3936
3314 3996
3316 3568
3319 3740
3322 3606
3322 3946
3324 3846
3324 3903
3325 3384
3326 3512
3329 3448
3329 3682
3330 3553
3330 3764
3334 3865
3335 3452
3335 3695
3336 3405
3340 3385
3341 3956
3342 3840
3343 3406
3343 3421
3343 3512
3346 3574
3348 3493
3349 3754
3350 3445
3350 3474
3352 3793
3352 3949
3354 3616
3355 3682
3357 3725
3362 3845
3365 3651
3365 3750
3366 3541
3366 3803
3368 3665
3370 3545
3372 3403
3372 3733
3373 3878
3376 3455
3377 3867
3381 3861
3385 3526
3385 3586
3388 3440
3390 3438
3391 3470
3392 3529
3393 3717
3396 3419
3396 3450
3396 3813
3398 3510
3399 3621
3399 3975
3408 3835
3411 3450
3413 3871
3414 3422
3414 3695
3416 3754
3417 3586
3420 3847
3421 3546
3421 3614
3423 3449
3425 3523
3426 3710
3427 3863
3431 3458
3432 3970
3437 3780
3438 3807
3440 3947
3445 3484
3446 3850
3448 3522
3449 3767
3450 3703
3450 3713
3452 3748
3452 3842
3453 3487
3455 3666
3455 3970
3456 3804
3456 3934
3463 3675
3466 3508
3466 3509
3466 3727
3468 3687
3472 3978
3473 3772
3475 3697
3476 3971
3477 3989
3478 3595
3478 3719
3479 3728
3480 3960
3483 3838
3486 3888
3487 3927
3488 3499
3488 3566
3490 3517
3493 3823
3496 3697
3499 3740
3503 3863
3510 3760
3511 3704
3520 3832
3523 3807
3532 3567
3534 3798
3538 3601
3540 3566
3546 3587
3546 3859
3549 3896
3550 3807
3550 3979
3551 3833
3552 3752
3553 3644
3553 3817
3557 3979
3558 3882
3562 3646
3564 3742
3567 3829
3567 3915
3571 3997
3573 3695
3574 3597
3574 3728
3575 3851
3578 3854
3581 3671
3581 3743
3587 3676
3588 3766
3594 3896
3597 3829
3599 3936
3601 3975
3605 3677
3610 3715
3610 3940
3615 3846
3618 3624
3618 3829
3619 3813
3619 3921
3623 3846
3623 3927
3624 3736
3627 3737
3630 3699
3635 3767
3635 3978
3636 3971
3645 3809
3649 3854
3653 3896
3654 3834
3654 3870
3655 3947
3657 3884
3658 3879
3661 3813
3664 3954
3669 3879
3676 3724
3678 3939
3679 3797
3685 3938
3690 3887
3690 3932
3691 3769
3691 3877
3695 3921
3695 3975
3695 3994
3696 3878
3699 3719
3708 3784
3711 3857
3712 3803
3721 3858
3721 3906
3722 3758
3725 3995
3726 3734
3727 3784
3729 3889
3733 3805
3735 3823
3737 3927
3738 3847
3741 3945
3747 3925
3748 3829
3752 3763
3754 3764
3760 3993
3766 3847
3766 3907
3767 3768
3767 3775
3767 3985
3769 3925
3778 3995
3781 3861
3790 3823
3791 3890
3810 3847
3811 3983
3814 3941
3821 3986
3823 3927
3832 3985
3835 3988
3838 3972
3839 3929
3848 3951
3849 3918
3858 3880
3866 3871
3867 3948
3879 3933
3885 3919
3895 3963
3907 3934
3908 3941
3924 3941
3938 3952
3945 3970
