0 282
0 595
0 844
0 1817
1 290
1 546
1 1754
1 1941
2 1538
3 326
3 1242
3 1664
3 1757
3 1969
4 174
4 609
4 1214
4 1403
4 1903
5 175
5 457
6 320
6 495
6 1204
6 1373
6 1413
7 32
7 120
7 318
7 645
7 776
7 1057
7 1682
8 1053
8 1139
9 33
9 108
9 657
9 759
9 882
9 1084
9 1622
10 189
10 826
10 1075
11 825
11 1150
11 1373
12 639
12 778
12 914
12 1400
14 36
14 235
14 279
14 1672
14 1825
14 1921
15 534
15 1805
16 584
16 1035
16 1479
16 1711
16 1951
17 806
17 879
17 1071
17 1945
18 469
18 522
18 1077
18 1184
18 1331
19 462
19 1142
19 1991
20 715
20 754
20 946
20 1238
20 1940
21 911
21 913
21 1697
22 202
22 467
22 1180
22 1300
23 96
23 108
23 164
23 697
23 863
23 1180
23 1898
23 1974
24 1156
24 1868
25 195
25 988
25 1184
25 1910
26 70
26 1466
26 1976
27 161
27 536
27 583
28 806
28 860
28 1119
28 1179
28 1874
29 175
29 664
29 1131
29 1474
29 1670
30 119
30 133
30 581
30 952
30 1672
30 1793
30 1889
31 74
31 641
31 722
31 1286
32 665
32 878
32 940
32 1425
33 253
33 648
33 690
33 894
34 895
34 1044
34 1627
35 338
35 686
35 757
35 1388
35 1802
35 1888
36 1590
36 1705
37 168
37 880
38 412
38 1481
38 1527
39 66
39 943
39 1161
39 1423
39 1555
39 1576
39 1984
40 258
40 1103
40 1297
41 1255
41 1810
42 184
42 360
42 642
43 663
43 1016
43 1423
43 1874
44 607
44 1592
45 444
45 1068
45 1112
45 1282
45 1447
45 1771
45 1904
46 183
46 336
46 804
46 911
46 1551
46 1567
46 1935
46 1936
47 154
47 294
47 1871
48 265
48 430
49 215
49 292
49 483
50 672
50 867
50 894
50 901
51 355
51 460
51 585
51 762
51 887
51 1172
51 1745
51 1974
52 340
52 422
52 1263
52 1790
53 400
53 1652
55 423
55 1715
56 624
56 1923
57 58
57 229
57 536
57 692
57 1330
58 248
58 667
58 965
58 1452
58 1535
58 1856
59 381
60 624
60 649
60 911
61 148
61 370
61 486
61 655
62 247
62 970
62 1077
62 1345
62 1902
63 1401
63 1867
64 197
64 313
64 575
64 588
64 1425
65 166
65 944
65 1245
65 1490
65 1687
65 1858
65 1927
67 258
67 392
67 657
67 1305
67 1978
68 156
68 662
68 912
68 977
69 1454
69 1708
69 1767
70 822
71 325
71 1568
71 1714
72 113
72 655
72 691
72 1131
72 1403
72 1670
73 442
73 843
73 1053
73 1410
73 1597
74 853
74 1689
74 1933
75 234
75 1861
75 1941
76 293
77 166
77 812
77 1176
77 1594
77 1830
78 619
78 1959
79 222
79 921
79 996
80 273
80 823
80 878
80 1301
80 1489
80 1694
80 1939
81 1420
81 1532
82 120
82 584
82 625
82 1178
82 1291
82 1330
82 1694
83 396
83 451
83 959
83 1173
83 1327
84 1706
84 1748
84 1777
84 1821
84 1941
85 149
85 637
85 673
85 789
85 950
85 1274
85 1279
85 1520
86 451
86 997
87 240
87 314
87 380
87 1401
87 1607
88 1020
88 1110
88 1292
88 1627
88 1886
89 248
89 263
89 592
89 596
89 1462
90 94
90 319
90 546
90 1944
91 362
91 498
91 505
91 900
91 1284
91 1697
91 1926
92 1373
92 1828
93 239
93 1259
94 393
94 951
94 1021
94 1266
95 484
96 665
96 760
96 1227
96 1242
96 1969
97 1720
98 280
98 1009
98 1973
99 312
99 494
99 989
99 1470
99 1625
99 1881
100 809
100 1148
100 1531
100 1790
101 715
101 1650
101 1738
102 252
102 549
102 941
102 1401
102 1643
103 390
103 391
103 589
103 1459
103 1742
104 143
104 413
104 759
104 870
105 533
105 1226
105 1612
105 1839
106 870
106 1339
107 983
107 1105
107 1683
107 1808
107 1859
107 1866
107 1873
108 163
108 233
108 665
108 1149
110 127
110 192
110 226
110 465
110 533
110 933
111 172
111 1108
111 1591
112 563
112 1000
113 618
113 1392
113 1547
113 1634
114 137
114 326
114 776
114 1176
114 1899
115 369
115 1055
115 1693
116 223
116 312
116 533
116 1072
116 1514
117 198
117 1936
118 254
118 1427
118 1644
118 1944
119 534
119 1814
119 1914
119 1952
120 246
120 1726
121 403
121 1521
122 204
122 793
123 480
125 173
125 276
125 944
126 527
126 911
126 1094
126 1229
126 1587
126 1652
126 1763
126 1820
127 1430
128 672
128 963
128 1618
128 1753
128 1892
129 342
129 722
129 1806
130 187
130 431
130 817
130 1358
131 185
131 188
131 468
131 995
131 1638
133 463
133 1965
134 1525
134 1844
135 617
135 696
135 1187
135 1992
136 280
136 1986
137 154
137 280
137 1201
137 1217
137 1581
138 154
138 1262
139 1070
139 1751
139 1857
140 581
140 648
140 1092
140 1147
140 1566
140 1809
141 156
141 382
141 1288
141 1918
141 1999
142 368
142 1074
142 1394
142 1701
143 199
143 340
143 352
143 1290
144 521
144 1735
144 1921
144 1998
145 279
145 583
145 1139
145 1318
145 1353
145 1362
146 357
147 365
147 1177
147 1194
147 1299
147 1890
147 1997
148 609
148 640
149 1396
149 1542
149 1781
150 640
150 1897
151 332
151 1274
152 427
153 259
153 590
153 1158
153 1623
153 1958
155 738
155 861
155 1295
156 391
156 699
156 1584
157 298
157 471
157 711
157 790
158 486
158 699
158 1434
158 1568
158 1781
159 224
159 693
160 299
160 580
161 1294
161 1332
161 1775
162 1285
163 1157
163 1358
164 489
164 533
164 1164
164 1593
164 1654
165 942
165 1499
165 1763
166 408
166 729
166 859
166 964
167 1005
167 1076
168 1037
168 1078
168 1270
169 449
169 550
170 306
170 486
170 686
170 1338
170 1625
171 738
171 946
171 1122
171 1329
171 1395
171 1542
171 1595
172 503
172 1301
172 1401
172 1421
172 1777
173 379
173 491
173 739
173 913
173 923
174 391
174 738
174 1253
174 1259
175 338
175 452
175 1208
175 1233
175 1495
176 1085
176 1742
177 209
177 322
177 643
177 823
177 1298
178 235
178 323
178 1402
178 1939
179 734
180 932
180 963
180 1954
181 438
181 699
181 1252
182 827
182 1727
183 768
184 347
184 466
184 1272
184 1557
185 702
185 1194
185 1213
185 1732
186 739
187 424
187 640
187 1762
187 1777
188 424
188 1387
188 1404
188 1700
189 1042
190 1532
191 412
191 769
191 1416
192 240
192 824
192 871
192 1071
192 1153
192 1199
192 1653
193 477
193 1055
193 1102
194 747
194 1269
194 1526
194 1917
195 813
195 1055
195 1685
196 669
196 985
196 1401
196 1537
196 1875
196 1948
197 726
197 1426
198 612
198 1311
198 1410
199 451
199 1004
199 1746
200 830
201 375
201 978
202 453
202 1217
202 1418
202 1904
203 392
203 405
203 516
203 1987
204 224
204 572
204 1249
204 1508
205 212
205 400
205 1171
205 1862
205 1973
206 570
206 1508
207 495
207 1315
207 1466
208 259
208 1403
208 1464
208 1516
209 702
209 886
209 1851
210 420
210 640
210 807
210 1078
211 449
211 1510
212 447
212 1555
212 1929
213 584
213 1012
214 273
214 720
214 1394
214 1732
214 1750
215 707
215 988
215 1306
216 1768
217 572
217 615
217 824
217 1720
217 1864
219 224
219 340
219 445
219 1643
220 482
220 701
220 1119
221 1007
221 1882
221 1948
222 359
222 629
222 1669
223 494
223 652
223 1066
223 1646
223 1815
224 519
224 1208
224 1364
224 1973
225 1331
225 1594
226 957
226 987
226 1785
227 1454
227 1726
228 483
228 956
228 1441
229 574
229 1212
229 1516
229 1711
230 420
230 1818
230 1825
231 560
231 683
231 700
231 1189
231 1729
232 691
232 925
233 557
233 1360
233 1626
234 567
234 774
234 1018
234 1032
235 414
235 647
235 856
235 1884
235 1918
236 346
236 1005
237 1875
238 653
238 1870
239 318
239 350
239 1706
240 417
240 846
240 1330
240 1390
240 1893
241 1138
242 432
242 683
242 1943
243 270
243 514
243 1292
243 1417
244 1589
244 1997
246 703
246 894
246 1189
246 1423
246 1545
247 702
247 929
247 1145
247 1385
247 1492
247 1923
248 280
248 389
248 1367
248 1653
248 1695
249 744
249 1406
249 1573
249 1739
250 329
250 405
250 788
250 862
250 1160
250 1761
250 1834
251 390
251 961
251 1836
252 485
252 839
252 1624
253 529
253 1680
253 1723
254 346
254 400
254 1063
254 1341
255 476
255 1101
256 613
256 646
256 1229
256 1264
257 564
257 1834
258 1124
259 1566
259 1581
259 1711
259 1887
260 611
260 634
260 781
260 1478
261 309
261 1883
262 266
262 455
262 492
262 762
262 1104
262 1516
263 1799
264 779
264 1185
264 1668
265 762
265 1005
265 1095
265 1858
266 702
267 1166
267 1356
268 1230
268 1251
268 1434
268 1738
269 754
269 793
269 1381
269 1635
269 1683
270 936
270 1976
271 391
271 1374
271 1476
272 851
273 532
273 662
273 1056
273 1884
274 1712
274 1860
274 1902
275 277
275 441
275 579
275 1337
275 1423
275 1802
275 1982
276 340
276 1308
277 703
277 1304
278 1632
278 1848
279 715
279 1039
279 1223
279 1455
279 1738
279 1814
280 1189
280 1713
281 748
281 1011
281 1431
282 530
282 1365
282 1765
283 631
283 653
283 974
283 1350
284 328
284 448
285 372
285 421
285 611
286 966
286 1140
286 1409
286 1597
286 1612
286 1920
287 1613
287 1643
288 1076
289 1048
289 1232
289 1770
289 1814
290 338
290 786
290 1044
290 1053
290 1886
291 344
291 1124
291 1192
291 1665
292 428
292 1196
292 1465
292 1469
292 1492
292 1842
293 587
293 693
293 1307
293 1433
293 1467
294 1776
294 1977
295 1369
295 1522
295 1630
296 342
296 426
296 573
297 901
297 1852
298 913
298 1312
298 1447
298 1587
298 1943
299 1114
299 1385
299 1393
300 412
300 1022
300 1035
300 1112
300 1169
300 1517
300 1936
301 311
301 415
301 667
301 1849
301 1924
302 1263
302 1610
302 1699
303 1136
303 1699
303 1793
303 1796
304 932
304 1440
304 1798
305 628
305 757
305 1087
306 428
306 1501
306 1717
306 1869
307 1094
308 1876
308 1894
308 1904
309 371
309 419
309 1204
309 1456
309 1834
310 1157
310 1225
310 1324
311 461
312 781
312 799
312 1405
313 571
313 1431
314 322
314 398
314 524
314 1738
314 1792
315 528
315 1233
315 1649
315 1949
316 521
316 660
316 1280
316 1797
317 542
318 338
318 1341
318 1350
318 1585
318 1938
319 806
319 942
319 1382
320 690
320 1027
320 1099
320 1122
320 1451
321 799
322 400
322 1088
322 1169
322 1777
323 492
323 615
323 1911
324 599
324 945
324 1225
324 1644
324 1718
325 746
325 785
325 1218
325 1479
325 1493
325 1611
325 1814
326 431
327 362
327 888
327 980
327 1319
327 1472
327 1560
328 468
328 637
328 743
328 1060
328 1178
328 1429
328 1908
329 1768
329 1769
330 729
330 882
330 892
330 1040
330 1820
330 1877
331 661
332 484
332 694
332 811
332 1674
332 1737
333 462
333 1047
333 1410
334 1579
335 1362
335 1660
335 1779
335 1825
336 510
336 1005
336 1396
337 390
337 1480
337 1753
338 411
338 474
338 542
338 1633
339 1213
339 1233
339 1263
339 1486
340 1611
340 1863
341 369
341 443
341 1096
341 1421
342 607
342 1550
342 1557
343 548
343 576
344 408
344 666
344 1115
344 1660
345 554
345 881
345 993
345 1487
346 1805
347 408
347 1408
348 650
348 736
348 777
348 1912
348 1942
349 1001
350 428
350 645
350 1656
351 672
351 1147
351 1233
351 1704
352 701
352 1355
352 1658
353 800
353 1027
353 1230
354 1160
355 695
355 737
355 1237
356 581
356 1207
356 1286
356 1695
357 974
357 1405
358 967
358 991
358 1280
358 1440
359 1021
359 1509
359 1735
360 987
360 996
360 1045
360 1571
360 1802
361 1019
361 1337
361 1466
361 1700
361 1864
362 472
362 549
362 781
362 1117
362 1647
362 1804
362 1997
363 929
363 1290
364 544
364 703
364 1012
364 1082
364 1088
364 1176
364 1455
364 1501
364 1711
364 1926
364 1968
365 1255
365 1556
365 1727
365 1953
366 388
366 628
366 1630
366 1707
366 1746
367 420
367 802
367 988
367 1553
368 827
368 1319
369 688
369 927
369 1072
369 1081
369 1909
370 969
370 1077
370 1096
370 1853
371 495
371 799
371 1330
371 1941
372 641
372 700
372 905
372 1192
373 1717
374 541
374 680
374 1238
374 1281
374 1483
374 1618
375 464
375 526
375 625
375 1074
376 959
376 1662
376 1666
376 1709
376 1888
377 1318
377 1538
377 1757
378 441
378 530
378 959
379 698
379 1189
379 1531
381 412
381 1145
381 1286
381 1318
381 1625
383 394
383 496
383 1211
383 1277
383 1835
384 404
384 1317
384 1727
384 1799
384 1905
385 542
385 672
385 1219
385 1646
385 1717
385 1778
386 782
386 840
386 1286
386 1383
387 849
387 1299
387 1318
387 1454
388 1071
388 1327
389 741
389 981
389 1346
389 1926
390 566
390 698
390 821
390 1158
390 1796
391 1589
392 1317
392 1478
392 1520
392 1973
393 1263
394 1819
394 1930
395 474
395 1023
395 1642
395 1771
395 1996
396 540
396 610
396 956
396 985
396 1635
396 1825
397 914
397 1042
397 1283
397 1999
398 725
398 751
399 810
399 1272
399 1995
400 430
400 443
400 470
400 581
400 1469
400 1853
401 1161
402 870
402 946
402 991
402 1323
402 1621
403 484
403 1379
403 1869
403 1999
404 666
405 485
405 1158
405 1311
405 1500
407 992
407 1322
408 619
408 1622
409 629
409 1354
410 610
410 740
410 949
410 1136
410 1746
410 1896
410 1959
411 616
411 641
411 1425
411 1775
412 429
412 833
413 949
413 1197
413 1687
414 441
414 1008
414 1294
415 1198
416 1133
416 1483
417 429
417 974
417 1603
417 1863
418 433
418 1806
419 1201
419 1261
419 1428
419 1734
419 1810
420 1044
420 1795
421 449
421 486
421 1430
422 549
422 1055
422 1772
423 1186
423 1553
423 1928
424 918
424 960
424 1503
425 562
425 1165
425 1293
425 1800
426 776
426 1862
427 633
427 1218
428 781
428 894
428 1123
428 1539
429 530
429 697
429 914
429 1326
429 1327
429 1934
431 1880
432 541
432 1367
432 1371
432 1751
432 1795
432 1821
433 1852
434 753
434 1343
434 1755
434 1904
435 771
436 455
436 1246
436 1383
436 1946
437 1744
438 1275
439 772
439 1059
439 1529
440 1073
441 774
441 1404
441 1447
441 1511
441 1515
441 1768
441 1899
442 445
442 1447
442 1451
442 1930
443 582
443 1785
444 617
444 948
444 1486
444 1546
445 579
445 654
445 726
445 846
446 681
446 1019
446 1227
446 1800
447 493
447 1006
447 1992
448 604
448 622
448 1232
448 1569
449 967
450 797
450 1395
450 1744
450 1903
452 488
452 744
452 1561
452 1719
452 1993
453 1254
453 1936
453 1972
454 916
454 1244
454 1289
455 1076
455 1798
455 1886
456 634
456 1523
456 1804
457 887
457 923
457 1009
457 1261
457 1409
458 608
458 1197
458 1247
458 1462
459 617
459 1339
459 1629
459 1871
460 946
460 1106
460 1403
460 1719
461 590
461 892
462 1084
462 1748
463 1031
463 1115
463 1227
464 658
464 1285
464 1302
464 1386
466 1062
466 1638
467 903
468 586
468 836
468 1146
468 1773
468 1991
469 1016
469 1317
470 1628
470 1762
471 811
471 884
472 1768
472 1910
472 1937
473 608
473 640
474 605
474 945
474 1168
474 1620
474 1800
475 633
475 761
475 1205
475 1363
475 1918
476 935
476 1568
477 872
477 882
478 564
478 692
478 1908
479 899
479 986
479 1473
479 1491
479 1811
480 1094
480 1210
481 1487
482 647
482 954
482 1653
483 1006
483 1145
483 1246
484 1263
484 1566
484 1724
484 1790
484 1970
485 1205
486 1184
487 854
487 966
487 1210
487 1291
488 1011
488 1179
489 534
489 1667
490 578
490 1093
490 1102
490 1160
490 1812
490 1873
491 692
492 859
492 876
492 1445
492 1535
492 1757
493 612
493 1351
493 1451
493 1985
494 622
494 1368
494 1795
495 562
495 1057
495 1470
495 1963
496 876
497 627
498 533
498 696
499 573
499 1103
499 1627
499 1891
500 685
500 913
500 989
500 1231
500 1269
500 1366
500 1916
501 687
501 1398
502 862
502 1027
502 1636
502 1957
503 586
503 1103
503 1388
503 1413
503 1542
504 1343
504 1781
505 815
505 1562
506 1063
506 1089
506 1266
507 719
507 1237
507 1351
507 1772
508 1202
508 1503
508 1517
510 786
510 1356
510 1946
511 1606
512 779
512 1400
512 1473
512 1480
512 1940
513 570
513 1086
513 1516
514 552
515 540
515 1353
516 568
516 1891
517 681
517 790
517 1013
517 1112
517 1362
517 1502
518 1317
519 765
519 1394
519 1504
520 1612
521 1218
521 1400
521 1903
522 594
522 838
522 947
522 1646
522 1783
523 1954
524 1495
524 1622
525 1507
525 1806
526 560
526 1030
526 1107
526 1122
527 1614
527 1986
528 759
528 1184
528 1629
528 1754
529 904
529 1326
529 1389
529 1867
529 1887
529 1928
529 1944
530 824
530 1750
532 729
532 1689
533 676
533 868
533 1783
534 719
534 1841
535 1002
535 1094
535 1316
536 877
536 1090
537 1109
537 1600
537 1956
538 728
539 1389
539 1749
540 573
541 716
541 922
541 1025
543 647
543 881
543 1248
544 1901
544 1957
545 1868
546 897
546 1421
547 1299
548 1335
548 1520
548 1673
548 1674
549 936
549 1085
550 1194
550 1831
550 1923
551 764
551 1429
552 1460
553 1891
554 1296
554 1332
554 1378
555 933
555 1013
555 1201
555 1376
556 631
556 656
556 1041
556 1929
557 1109
557 1272
558 568
558 909
558 1054
558 1336
558 1358
559 896
559 1490
559 1676
560 683
560 981
560 1324
560 1400
560 1682
561 1081
561 1421
561 1513
561 1991
562 612
562 819
562 1244
562 1771
563 736
563 746
563 1540
563 1575
563 1797
564 618
564 877
564 1939
565 1008
565 1990
566 619
566 737
567 872
568 927
568 1197
568 1318
569 1544
570 691
571 1018
571 1315
571 1419
571 1425
571 1812
572 796
572 970
572 1428
573 736
573 1611
574 735
574 1027
574 1755
574 1806
575 888
575 1544
575 1628
575 1666
576 1033
576 1425
576 1458
576 1643
576 1746
577 889
578 807
578 1063
578 1610
578 1828
579 602
579 836
579 1074
579 1383
579 1854
580 933
580 1714
581 943
581 1071
581 1500
581 1962
582 712
582 880
582 945
582 1861
583 634
583 1206
583 1333
583 1432
583 1679
583 1764
585 1393
585 1930
586 1612
587 1098
587 1571
587 1923
588 715
588 1234
588 1347
589 699
590 1182
590 1728
591 988
591 1038
591 1571
592 1090
592 1226
592 1410
593 926
593 1335
593 1454
594 1000
594 1636
594 1866
595 1279
595 1545
596 976
597 1293
598 1010
598 1075
598 1185
598 1388
598 1787
599 612
599 743
599 858
599 1093
599 1137
599 1730
600 1370
600 1379
600 1408
600 1625
601 765
601 1377
601 1574
602 631
602 1091
602 1973
603 613
603 1361
603 1936
605 1671
606 1768
607 766
607 1356
607 1407
607 1700
608 1268
608 1659
608 1848
609 1124
609 1388
611 1447
612 1002
612 1077
612 1787
612 1859
613 1007
613 1759
614 809
614 1048
614 1076
614 1342
614 1743
614 1982
615 858
615 1897
615 1911
616 1700
617 890
617 1286
618 795
618 1984
619 1714
620 656
620 1247
620 1965
621 1657
622 1025
622 1135
622 1363
624 1403
624 1647
625 1065
625 1231
626 1236
626 1604
628 1658
628 1719
629 829
629 1059
629 1232
629 1753
630 718
630 1020
630 1030
630 1105
630 1986
631 1208
631 1901
631 1971
632 1241
633 655
633 823
633 1435
634 1421
634 1438
634 1598
635 1137
635 1298
636 666
636 905
636 988
636 1639
636 1718
637 1681
637 1894
638 673
638 945
638 1181
638 1189
638 1590
638 1729
638 1830
638 1839
639 902
639 1327
639 1423
639 1725
640 661
640 826
640 1325
641 788
641 1562
641 1643
642 887
642 927
642 945
642 1431
642 1763
644 1278
646 1260
646 1440
647 1009
647 1452
647 1626
648 1139
648 1897
648 1927
649 1453
649 1955
650 790
650 829
650 957
650 1299
650 1377
650 1847
650 1987
651 1095
651 1613
652 882
652 907
653 725
653 1168
653 1361
653 1411
653 1509
654 949
654 1470
655 1394
655 1625
655 1724
656 1244
656 1398
657 987
657 998
657 1760
657 1915
658 1776
659 1444
659 1624
660 670
660 706
660 939
660 1142
660 1486
660 1576
660 1582
660 1644
660 1939
661 805
661 1131
661 1460
661 1527
661 1751
661 1845
661 1890
661 1949
662 830
662 970
662 1209
662 1325
662 1510
662 1826
662 1853
662 1940
663 837
663 1333
663 1368
664 1966
665 1750
666 684
666 821
666 1747
667 729
668 900
669 795
669 807
669 1092
669 1326
670 1433
671 1070
671 1577
671 1655
671 1869
671 1975
672 985
672 1362
672 1460
673 1761
673 1926
674 1109
674 1396
674 1565
674 1588
674 1775
675 1105
675 1128
675 1349
675 1543
675 1988
676 1418
676 1518
676 1896
676 1999
677 1286
678 964
679 1339
679 1473
679 1498
680 1102
680 1414
681 1282
682 887
682 1548
684 1416
684 1843
685 1537
685 1769
686 1066
686 1168
686 1944
687 1470
687 1889
688 1286
688 1470
688 1761
689 917
689 1384
690 1091
690 1176
690 1455
690 1578
690 1581
692 1487
692 1757
694 836
694 1261
694 1697
694 1986
695 700
695 731
695 904
695 1376
695 1853
696 1767
698 1873
699 1993
700 821
700 845
700 871
700 1949
701 756
701 789
701 1413
702 1817
703 1323
704 1343
704 1565
704 1912
705 949
705 1095
705 1363
706 1027
706 1451
706 1784
707 1324
707 1697
707 1713
708 718
708 1040
708 1284
709 878
709 1415
710 1376
710 1571
711 1266
711 1398
713 919
714 747
714 1557
714 1805
716 1126
716 1527
716 1757
717 936
717 1335
717 1811
718 865
718 969
718 1755
719 1779
720 1426
720 1650
721 1209
721 1440
721 1791
721 1978
722 957
722 1858
723 763
723 1360
723 1730
724 1005
724 1526
725 1474
726 1564
726 1799
727 1447
727 1509
727 1907
728 1836
730 1033
730 1386
730 1847
731 872
731 1180
731 1626
731 1670
731 1741
731 1853
732 859
733 872
733 1956
734 761
734 858
734 1488
736 1975
737 753
737 836
738 767
738 1544
738 1567
738 1641
738 1911
739 1597
739 1771
740 1312
740 1355
740 1951
741 845
741 846
741 1030
741 1758
742 854
742 1205
743 883
743 1495
743 1677
743 1735
743 1927
744 1069
744 1552
744 1658
744 1684
744 1739
744 1948
745 1175
746 768
746 967
746 1216
746 1248
746 1761
746 1918
747 862
747 1307
748 1095
748 1110
748 1595
748 1830
748 1985
749 955
749 1146
749 1607
749 1846
750 1367
750 1629
751 836
751 1083
752 807
752 1323
752 1456
752 1806
754 782
754 977
754 985
754 1510
754 1754
755 1187
756 790
756 1107
756 1148
756 1362
756 1961
757 1312
757 1347
757 1961
757 1999
758 864
758 1361
758 1922
759 1078
759 1418
760 1377
760 1570
760 1584
760 1778
761 817
761 926
761 1074
761 1867
762 1026
763 1904
764 982
764 987
765 977
765 1816
766 923
766 1040
767 1324
767 1896
767 1910
768 1565
768 1962
769 1105
769 1950
769 1968
770 1173
771 992
772 1149
772 1800
772 1962
773 1310
775 1624
775 1997
776 953
776 1364
776 1397
777 851
777 990
777 1261
777 1607
779 1203
779 1458
779 1543
779 1753
781 1465
781 1504
784 924
784 1173
785 1037
785 1162
785 1273
785 1525
786 1298
786 1871
787 1186
787 1427
787 1553
787 1820
788 1812
789 1254
790 844
790 1465
790 1846
791 1447
791 1683
792 1457
792 1678
792 1752
793 1249
793 1261
793 1531
793 1655
794 1042
794 1511
795 802
795 974
795 1145
795 1176
795 1250
795 1559
795 1903
796 1119
797 958
797 1459
797 1775
797 1902
798 1124
798 1494
798 1547
798 1987
799 1419
799 1447
799 1944
800 821
800 1829
802 947
802 1785
804 886
804 1309
804 1636
804 1833
805 817
805 1093
805 1264
805 1770
806 843
806 1403
806 1833
807 1518
807 1534
807 1681
807 1883
808 1081
808 1202
809 1097
809 1301
810 1288
810 1929
811 826
811 1124
811 1328
812 1508
812 1557
813 996
813 1211
813 1214
813 1218
814 945
814 1558
814 1585
815 1775
816 833
816 875
816 1633
817 1297
817 1982
818 981
820 1085
820 1112
820 1259
820 1412
820 1594
820 1597
820 1776
821 1287
821 1733
821 1745
822 1850
822 1903
823 1068
823 1245
823 1304
824 978
824 1045
824 1137
824 1846
825 1635
825 1766
825 1827
825 1931
826 1880
827 1227
827 1297
827 1922
828 1356
828 1432
829 1291
829 1597
829 1750
829 1885
830 880
830 1244
830 1290
830 1476
831 837
831 1591
831 1641
831 1741
832 983
832 1017
832 1472
833 982
833 1874
834 1774
835 900
835 1650
836 1181
837 873
838 1166
838 1415
838 1462
838 1574
839 915
839 1353
839 1610
840 902
841 1696
841 1877
843 1961
845 896
845 1375
845 1499
845 1926
847 1161
849 945
849 1061
849 1394
849 1715
850 867
850 1035
850 1251
850 1257
851 1072
851 1834
852 1276
853 1421
854 1652
854 1734
854 1834
855 1145
855 1843
856 1144
857 1014
857 1995
858 963
858 1364
858 1836
859 1818
859 1958
860 880
860 888
860 1054
860 1108
860 1914
861 1317
862 1222
862 1335
862 1489
863 1006
863 1366
864 924
864 1934
865 1053
866 1093
866 1144
866 1607
866 1920
867 1055
867 1894
868 917
868 1833
869 1211
870 930
870 1358
870 1544
871 1012
871 1394
872 1001
872 1168
872 1828
873 1346
873 1587
875 1118
876 993
876 1822
877 1560
878 1701
878 1915
879 1101
879 1179
879 1319
879 1531
880 1467
880 1961
881 980
881 1849
882 1470
883 1224
883 1339
883 1374
883 1613
885 1014
885 1601
887 918
887 1182
887 1563
887 1702
887 1824
887 1933
890 971
891 949
891 1053
891 1104
891 1935
892 1516
892 1657
893 1886
893 1969
894 946
894 1616
894 1982
895 1795
896 987
896 1155
896 1374
897 1264
898 1066
898 1690
899 1226
900 1568
901 1292
901 1602
902 1082
902 1984
903 973
903 1742
903 1744
904 1167
904 1334
904 1444
904 1497
904 1847
905 1359
905 1610
905 1993
906 1287
906 1623
906 1635
906 1864
907 1101
908 1209
908 1314
909 918
909 1098
909 1484
910 1518
911 1301
911 1698
911 1788
911 1927
911 1987
912 1874
913 1321
913 1621
914 931
915 1259
916 1648
916 1711
917 947
917 1309
918 1155
920 928
920 1447
921 994
921 1071
921 1356
921 1573
924 1369
924 1953
925 1245
925 1289
927 1599
928 1273
929 1284
929 1533
930 962
930 978
930 1288
930 1469
930 1612
930 1772
930 1827
931 1044
931 1055
931 1774
931 1943
933 1583
933 1652
934 942
934 1559
935 942
935 1384
935 1560
936 1203
936 1602
937 1248
937 1294
937 1348
937 1548
937 1647
938 1022
938 1262
938 1703
939 944
939 1058
939 1254
939 1285
940 1046
941 1587
941 1737
941 1789
941 1839
941 1956
942 1022
942 1398
942 1401
942 1537
942 1636
942 1876
943 962
943 1022
943 1594
943 1658
943 1672
943 1977
944 1467
945 1055
945 1790
946 1589
946 1735
947 954
947 1061
947 1637
947 1638
948 1543
949 1315
949 1324
949 1712
949 1871
950 1120
950 1410
950 1542
950 1759
951 1222
951 1569
951 1659
951 1872
952 1526
953 1390
953 1750
953 1781
953 1972
954 1361
954 1434
954 1661
954 1817
955 1303
955 1584
956 1063
957 1477
957 1823
958 1834
960 1465
961 1020
961 1040
961 1122
961 1488
962 1649
962 1874
963 1350
963 1409
965 1212
965 1489
966 1026
966 1093
966 1189
967 1137
968 997
968 1058
969 1645
970 1037
970 1371
970 1516
970 1576
971 1026
971 1259
971 1317
971 1516
971 1651
972 1321
972 1341
973 1188
973 1253
973 1616
974 1061
974 1068
976 1266
978 1063
978 1318
978 1334
978 1770
979 1768
981 1579
982 1220
982 1344
983 1100
983 1215
983 1305
983 1846
984 1390
984 1597
984 1741
984 1842
984 1932
985 1920
986 1024
986 1033
986 1734
987 1271
987 1336
987 1766
987 1813
989 1634
990 1040
992 1051
992 1377
992 1762
992 1800
993 1206
993 1804
994 1836
995 1184
996 1676
996 1924
997 1709
998 1065
998 1123
998 1349
998 1502
1000 1480
1001 1142
1001 1457
1002 1019
1002 1377
1002 1627
1002 1750
1003 1014
1003 1495
1003 1684
1005 1286
1006 1967
1007 1261
1007 1428
1008 1303
1008 1552
1009 1434
1009 1754
1009 1845
1010 1791
1010 1821
1011 1648
1011 1960
1012 1582
1014 1188
1014 1331
1015 1351
1015 1663
1016 1449
1016 1945
1017 1053
1017 1364
1017 1391
1017 1403
1018 1621
1020 1746
1020 1943
1021 1562
1021 1772
1022 1033
1023 1092
1023 1902
1023 1928
1024 1193
1024 1805
1025 1308
1025 1547
1025 1585
1026 1488
1026 1536
1026 1680
1027 1846
1029 1703
1029 1884
1030 1160
1031 1687
1031 1760
1032 1116
1033 1479
1033 1711
1035 1059
1035 1802
1036 1096
1036 1787
1037 1103
1037 1174
1039 1086
1039 1525
1039 1547
1039 1883
1040 1963
1041 1102
1042 1053
1042 1329
1042 1355
1042 1666
1044 1347
1044 1349
1044 1920
1045 1461
1045 1596
1047 1203
1047 1393
1047 1458
1048 1072
1048 1494
1048 1989
1049 1345
1050 1319
1051 1053
1052 1631
1053 1355
1053 1551
1054 1136
1054 1741
1054 1839
1056 1075
1056 1430
1057 1404
1057 1798
1057 1917
1058 1630
1058 1770
1059 1204
1059 1580
1059 1691
1059 1744
1059 1749
1059 1763
1061 1977
1062 1076
1062 1438
1063 1258
1063 1480
1063 1611
1063 1799
1064 1452
1064 1629
1064 1845
1065 1358
1065 1530
1065 1606
1065 1699
1066 1565
1066 1571
1067 1387
1067 1628
1068 1385
1069 1276
1069 1286
1070 1467
1070 1764
1071 1714
1071 1781
1071 1788
1071 1826
1072 1782
1073 1417
1073 1956
1076 1471
1076 1830
1076 1981
1077 1233
1077 1421
1077 1968
1078 1311
1078 1965
1079 1528
1079 1751
1080 1579
1082 1387
1082 1539
1082 1698
1083 1478
1083 1556
1083 1787
1083 1915
1084 1299
1084 1387
1085 1190
1085 1520
1085 1525
1085 1756
1086 1383
1087 1117
1087 1475
1087 1485
1087 1844
1088 1481
1089 1694
1089 1806
1090 1182
1090 1398
1091 1791
1095 1448
1096 1166
1096 1987
1097 1198
1098 1132
1098 1191
1098 1988
1099 1577
1100 1144
1100 1987
1101 1387
1101 1632
1101 1885
1102 1725
1103 1711
1103 1924
1104 1202
1104 1624
1105 1394
1106 1133
1107 1131
1107 1421
1107 1620
1107 1687
1107 1771
1108 1161
1108 1214
1108 1601
1108 1816
1109 1122
1109 1501
1110 1141
1110 1172
1111 1127
1111 1243
1111 1832
1111 1984
1112 1493
1112 1804
1112 1965
1112 1999
1114 1708
1115 1865
1115 1883
1116 1164
1116 1403
1116 1964
1117 1532
1120 1377
1121 1561
1121 1582
1121 1660
1121 1941
1123 1776
1124 1338
1124 1743
1124 1827
1125 1304
1125 1535
1126 1595
1127 1982
1128 1597
1128 1736
1130 1341
1130 1452
1131 1667
1132 1232
1132 1624
1133 1385
1133 1879
1134 1245
1134 1791
1134 1980
1135 1188
1135 1608
1136 1294
1136 1403
1136 1486
1136 1759
1136 1806
1136 1809
1137 1224
1137 1381
1137 1774
1138 1386
1138 1474
1138 1729
1139 1390
1139 1446
1141 1212
1141 1794
1142 1271
1142 1800
1142 1998
1143 1311
1144 1842
1146 1500
1146 1706
1147 1639
1148 1532
1149 1232
1149 1254
1149 1391
1150 1213
1151 1309
1151 1427
1152 1190
1153 1281
1153 1996
1154 1213
1154 1473
1155 1300
1155 1393
1155 1567
1155 1944
1156 1838
1157 1757
1158 1516
1158 1937
1159 1482
1159 1878
1162 1182
1162 1749
1163 1823
1163 1926
1165 1817
1169 1583
1169 1947
1170 1177
1170 1774
1172 1196
1172 1214
1174 1394
1174 1969
1176 1857
1177 1371
1177 1715
1178 1219
1178 1806
1178 1819
1179 1333
1180 1352
1180 1623
1181 1197
1181 1243
1181 1270
1181 1274
1181 1480
1181 1928
1182 1681
1182 1741
1184 1700
1185 1578
1187 1260
1187 1670
1187 1999
1188 1246
1188 1817
1189 1431
1189 1585
1189 1787
1190 1197
1190 1629
1190 1678
1191 1456
1191 1645
1191 1834
1193 1607
1194 1338
1194 1446
1194 1480
1194 1519
1195 1308
1196 1611
1197 1213
1197 1664
1197 1797
1197 1975
1199 1513
1200 1327
1200 1714
1202 1225
1202 1650
1203 1682
1204 1342
1204 1388
1205 1671
1206 1685
1206 1833
1207 1463
1207 1608
1208 1262
1208 1289
1208 1492
1210 1365
1211 1297
1211 1352
1211 1392
1211 1451
1211 1983
1212 1494
1212 1706
1213 1978
1214 1693
1215 1230
1215 1359
1215 1382
1215 1547
1215 1891
1216 1611
1217 1360
1217 1855
1219 1359
1221 1266
1221 1482
1221 1490
1222 1257
1222 1901
1223 1269
1223 1651
1225 1477
1225 1669
1226 1330
1226 1372
1226 1962
1226 1967
1227 1299
1227 1388
1227 1481
1227 1735
1227 1910
1228 1262
1228 1702
1228 1980
1229 1712
1230 1338
1230 1751
1230 1795
1231 1391
1232 1707
1234 1638
1234 1893
1235 1415
1235 1437
1236 1247
1236 1696
1237 1493
1237 1612
1238 1843
1238 1937
1239 1606
1241 1954
1242 1690
1242 1874
1243 1284
1243 1424
1243 1665
1244 1519
1244 1563
1244 1624
1245 1746
1246 1624
1247 1610
1247 1996
1248 1519
1248 1570
1249 1787
1252 1464
1252 1488
1252 1660
1252 1709
1253 1517
1253 1562
1254 1883
1255 1952
1257 1265
1257 1403
1257 1525
1257 1698
1257 1816
1259 1941
1260 1787
1261 1366
1261 1612
1261 1615
1263 1665
1264 1410
1266 1301
1266 1565
1266 1670
1267 1292
1267 1298
1267 1492
1267 1602
1267 1732
1268 1325
1270 1984
1271 1437
1271 1961
1272 1622
1273 1951
1274 1471
1274 1603
1275 1336
1275 1351
1275 1554
1277 1368
1277 1431
1277 1795
1278 1918
1280 1623
1281 1282
1281 1318
1281 1402
1281 1893
1282 1624
1283 1450
1284 1810
1284 1830
1285 1408
1285 1922
1287 1314
1288 1538
1290 1517
1290 1793
1292 1403
1292 1865
1294 1581
1294 1628
1294 1892
1295 1493
1295 1826
1295 1834
1295 1920
1296 1472
1297 1894
1298 1393
1298 1730
1299 1429
1301 1768
1302 1543
1304 1544
1304 1668
1306 1378
1306 1788
1306 1842
1307 1322
1308 1691
1309 1518
1309 1757
1309 1998
1310 1825
1311 1932
1312 1377
1314 1785
1315 1791
1316 1456
1316 1940
1317 1765
1318 1337
1318 1394
1320 1599
1320 1802
1321 1584
1321 1864
1323 1896
1324 1336
1324 1466
1325 1553
1326 1338
1326 1671
1327 1643
1327 1815
1328 1671
1329 1339
1329 1652
1329 1875
1331 1719
1332 1427
1332 1460
1333 1825
1333 1840
1333 1865
1333 1879
1333 1950
1335 1529
1335 1884
1338 1581
1338 1703
1338 1998
1339 1581
1340 1417
1340 1883
1341 1480
1341 1636
1342 1923
1343 1480
1343 1535
1345 1897
1346 1541
1349 1848
1350 1545
1352 1379
1352 1581
1352 1655
1353 1394
1353 1460
1353 1958
1354 1540
1355 1587
1355 1949
1356 1604
1356 1807
1357 1604
1357 1826
1357 1953
1358 1529
1358 1803
1359 1384
1359 1514
1360 1875
1361 1373
1361 1762
1366 1724
1366 1983
1367 1666
1367 1968
1368 1838
1370 1377
1370 1576
1370 1727
1371 1392
1371 1542
1372 1572
1372 1796
1373 1444
1373 1775
1373 1922
1373 1966
1375 1672
1375 1938
1376 1764
1377 1831
1378 1810
1378 1886
1379 1609
1380 1813
1382 1421
1383 1415
1383 1728
1384 1506
1384 1958
1384 1979
1386 1894
1387 1892
1388 1812
1389 1880
1391 1651
1392 1870
1394 1634
1395 1534
1397 1617
1397 1836
1398 1609
1402 1613
1403 1582
1405 1780
1407 1705
1407 1899
1408 1733
1409 1634
1410 1509
1410 1844
1411 1927
1413 1654
1414 1454
1416 1638
1417 1567
1418 1994
1418 1997
1422 1822
1422 1883
1424 1919
1425 1476
1426 1661
1426 1848
1427 1853
1428 1877
1428 1931
1430 1732
1431 1466
1431 1506
1431 1668
1432 1839
1432 1911
1433 1680
1433 1986
1434 1887
1435 1538
1435 1636
1435 1671
1436 1499
1441 1711
1443 1488
1443 1977
1445 1724
1445 1867
1447 1664
1447 1904
1447 1908
1448 1941
1450 1848
1452 1479
1453 1772
1453 1785
1454 1993
1455 1552
1455 1560
1456 1510
1456 1541
1456 1548
1457 1944
1459 1597
1463 1481
1463 1568
1465 1885
1466 1725
1466 1747
1466 1889
1467 1683
1469 1474
1469 1972
1470 1598
1470 1611
1470 1882
1471 1603
1472 1700
1474 1670
1475 1817
1477 1784
1477 1826
1478 1796
1481 1950
1482 1575
1484 1603
1487 1604
1488 1774
1488 1926
1489 1675
1490 1619
1491 1981
1492 1897
1497 1561
1497 1593
1497 1598
1497 1649
1498 1665
1498 1981
1499 1801
1500 1743
1500 1889
1502 1656
1502 1741
1503 1641
1504 1915
1507 1577
1507 1753
1507 1769
1510 1760
1515 1670
1516 1530
1517 1669
1517 1945
1518 1563
1518 1964
1519 1591
1519 1895
1520 1699
1520 1759
1520 1780
1524 1912
1526 1599
1527 1679
1529 1665
1530 1613
1530 1969
1533 1707
1534 1720
1534 1757
1535 1737
1535 1798
1536 1620
1536 1642
1537 1923
1538 1539
1538 1604
1542 1851
1545 1944
1546 1608
1546 1831
1548 1639
1549 1794
1551 1654
1554 1618
1554 1828
1555 1619
1556 1929
1559 1699
1559 1997
1561 1819
1561 1957
1562 1715
1562 1914
1563 1790
1566 1794
1569 1570
1570 1772
1570 1777
1571 1863
1572 1799
1572 1809
1574 1722
1575 1798
1575 1887
1575 1974
1576 1578
1576 1831
1577 1655
1578 1607
1578 1758
1581 1687
1581 1690
1584 1612
1586 1998
1587 1876
1588 1606
1588 1825
1590 1738
1591 1627
1591 1718
1592 1714
1593 1837
1594 1998
1595 1698
1595 1843
1595 1919
1597 1724
1601 1697
1602 1713
1604 1628
1604 1799
1604 1814
1604 1998
1605 1929
1607 1969
1608 1720
1609 1615
1611 1745
1612 1740
1613 1845
1616 1770
1618 1706
1618 1967
1619 1797
1622 1880
1623 1977
1625 1788
1625 1848
1629 1875
1630 1804
1630 1818
1630 1854
1631 1890
1631 1922
1632 1678
1632 1776
1633 1866
1634 1836
1634 1845
1634 1950
1636 1729
1636 1778
1639 1831
1641 1811
1642 1670
1644 1935
1647 1907
1649 1708
1649 1710
1649 1836
1650 1689
1650 1718
1650 1854
1652 1948
1654 1795
1654 1997
1655 1756
1656 1796
1656 1846
1656 1964
1657 1676
1659 1932
1660 1676
1660 1683
1661 1926
1662 1706
1662 1976
1664 1721
1665 1727
1666 1797
1671 1809
1675 1994
1676 1686
1676 1808
1678 1718
1681 1749
1681 1832
1689 1949
1695 1759
1696 1886
1697 1921
1701 1838
1702 1824
1703 1972
1706 1827
1708 1870
1708 1919
1712 1844
1714 1842
1720 1883
1723 1771
1728 1765
1734 1816
1735 1760
1737 1845
1737 1926
1739 1846
1743 1839
1743 1952
1744 1994
1748 1856
1750 1861
1752 1943
1754 1842
1757 1990
1758 1781
1758 1972
1766 1834
1767 1873
1767 1911
1774 1804
1774 1825
1783 1848
1785 1798
1788 1856
1790 1873
1791 1904
1792 1977
1794 1988
1798 1860
1805 1837
1825 1970
1829 1899
1830 1897
1831 1926
1832 1937
1833 1972
1836 1992
1837 1962
1837 1973
1841 1947
1844 1896
1844 1946
1846 1942
1846 1990
1847 1974
1853 1903
1854 1973
1861 1890
1863 1883
1868 1904
1870 1928
1884 1898
1884 1950
1901 1988
1909 1997
1912 1968
1925 1932
1926 1975
1950 1964
1953 1971
1957 1992
1959 1982
1961 1995
1983 1989
1985 1993
