0 437
0 580
0 1109
0 1738
0 1869
0 2820
0 3043
1 1677
1 1840
1 2553
1 3713
2 607
2 922
2 1617
2 1650
2 3511
2 3683
3 114
3 881
3 1631
3 2110
3 2647
4 1040
4 2277
4 2958
4 3275
5 543
5 764
5 1565
5 2614
5 3533
5 3536
6 139
6 140
6 745
6 1208
6 1547
6 1717
6 2460
6 3422
7 512
7 1163
7 1414
7 2423
7 2472
8 3183
9 141
9 2223
9 2482
9 2748
10 2164
10 2868
10 2929
10 3200
11 113
11 238
11 420
11 537
11 701
11 1465
11 2023
11 2517
11 2596
11 2613
11 2636
11 2867
11 3071
11 3239
11 3399
11 3429
12 1274
12 1462
12 2381
14 906
14 1348
14 2140
14 2495
14 3977
15 478
15 525
15 3110
15 3401
16 1726
16 2784
16 3487
17 281
17 1212
17 1788
17 3360
17 3519
17 3658
18 1847
18 2124
18 3201
19 2840
19 3430
20 2817
20 2875
21 1659
21 2460
22 2312
23 1399
23 2063
23 2445
23 2609
23 2635
23 2674
23 2755
24 450
24 768
24 1291
24 2160
24 2245
24 2509
24 2587
24 2731
24 2768
24 3444
25 519
26 156
26 2440
27 254
27 1413
27 1443
27 1820
27 2606
28 44
28 250
28 1016
28 1233
28 1700
28 2472
28 2929
28 3069
29 180
29 1037
29 1470
29 2009
29 2381
30 492
30 2094
30 2672
30 3997
31 1955
31 1972
31 2544
31 3215
31 3410
32 630
32 2113
32 3404
33 1786
33 2307
33 3341
34 857
34 1128
34 1798
34 2620
34 2732
34 3103
35 3653
35 3928
36 1023
36 1831
36 2164
36 2551
36 3523
37 590
37 813
37 2010
37 2410
38 2107
38 2667
38 3209
39 471
39 1048
39 2415
39 3299
40 1368
40 1859
40 2691
40 3137
40 3837
41 932
41 1031
41 1863
41 2056
41 2420
41 3235
41 3330
42 215
42 1108
42 2603
43 868
43 1045
43 1218
43 2106
43 2379
44 1391
44 1474
44 2348
44 2481
44 3681
44 3751
44 3876
45 2482
45 2529
46 95
46 1321
46 1452
46 1708
46 2521
46 3191
46 3413
46 3787
47 322
47 355
47 449
47 473
47 2325
47 3849
48 290
48 1187
48 1700
49 782
49 3829
50 164
50 237
50 789
50 3265
50 3664
51 546
51 2987
51 3937
52 403
52 578
52 956
52 1318
52 2104
53 1191
53 1667
53 2439
53 3082
53 3275
54 3743
55 1353
55 2591
56 107
56 719
56 1257
56 1823
56 3644
57 2015
57 3718
57 3866
58 1508
58 2297
58 2504
59 71
59 603
59 1048
59 1170
59 2073
59 2344
59 3808
60 1341
60 2305
60 3259
61 2908
61 3257
62 367
62 445
62 953
62 2843
62 3030
62 3383
63 205
63 804
63 934
64 1208
64 3082
64 3168
65 720
65 1345
65 2603
65 2999
66 643
66 1968
66 3697
67 575
67 2227
68 182
68 581
68 676
68 2698
68 2942
68 3256
69 731
69 1927
69 2013
69 3425
70 398
70 1891
70 2960
70 3152
71 623
71 1373
71 3232
71 3426
72 420
72 2438
72 2540
72 2977
72 3532
72 3894
73 1394
73 2967
74 1132
74 1443
74 1757
74 2058
74 2408
74 3208
74 3759
75 692
75 810
75 1715
75 1888
75 2874
76 2357
76 3255
77 1114
77 1946
77 2618
77 2909
78 154
78 2158
78 2894
78 3313
79 1156
79 1560
79 1659
79 3350
80 471
80 3669
81 1760
81 3437
82 627
82 1468
82 2745
82 2831
82 3934
83 403
83 1147
83 2428
83 2687
83 2913
84 1407
84 1450
84 1511
84 1650
85 1605
85 1788
85 2313
85 2930
85 3294
85 3469
86 144
86 1350
86 1385
86 2201
86 2759
86 3362
87 252
87 1824
87 2635
88 3159
89 176
89 721
89 1288
89 1951
89 3791
90 259
90 1970
90 2826
91 591
91 1338
91 2108
91 3436
92 880
92 918
92 2629
92 2856
92 3605
93 507
93 2835
94 263
94 516
94 718
94 1587
94 2945
94 3155
94 3733
94 3987
95 1931
95 2064
95 2678
95 3366
96 353
96 873
96 1211
96 1390
96 1834
96 2080
96 2687
96 3148
96 3735
97 154
97 695
97 1255
97 1903
97 2453
97 2883
97 3223
99 151
99 909
99 1765
99 3359
100 3614
100 3939
101 916
101 1460
101 1642
102 1200
102 2571
102 2940
102 3206
102 3615
103 1043
103 1585
103 2513
103 2541
103 2741
104 1755
104 2190
104 2315
104 2420
104 3549
105 247
105 889
105 1116
105 3002
105 3645
106 263
106 2612
106 2709
106 3644
107 247
107 765
107 856
108 2579
108 2622
108 2690
108 3205
109 1703
109 2332
110 824
110 1648
110 1701
110 2380
111 298
111 979
111 2362
111 2843
112 855
112 1206
112 2159
112 3867
113 3395
114 1160
114 2452
114 3147
115 1006
115 1061
115 1635
115 1638
115 3669
116 283
116 547
116 1724
117 153
117 569
117 1691
117 2006
117 3180
117 3845
118 1100
118 1385
118 1639
118 3253
118 3346
119 997
119 2214
120 352
120 592
120 1900
120 3330
121 1523
121 3641
122 3170
123 1380
123 2640
124 386
124 498
124 689
124 1357
124 2888
125 1099
125 1333
125 1342
125 2101
125 3589
126 1283
126 2721
126 3256
126 3501
127 525
127 1832
127 2331
127 2784
128 1147
128 2594
128 2985
129 1881
129 2199
129 2297
129 2696
129 2893
129 3011
129 3493
130 884
130 2025
130 2094
130 2590
130 2826
130 3267
131 2285
131 2313
131 3242
131 3589
131 3851
132 1085
132 1570
132 2373
132 2690
132 3101
132 3202
132 3285
132 3553
132 3715
133 1516
133 2251
134 3461
134 3624
135 607
135 1978
136 638
136 1539
136 1814
136 2639
137 233
137 399
137 904
137 2216
137 3353
138 440
138 1141
138 2237
138 2316
138 2694
138 3084
138 3182
139 2130
139 2521
139 3028
140 741
141 1770
141 2076
141 2953
141 2958
142 319
142 896
143 435
143 583
143 959
143 2035
143 2994
143 3573
143 3834
144 403
144 1586
144 1820
144 3086
145 497
145 1124
145 1536
145 1686
145 2032
145 3137
145 3282
146 1146
146 1236
147 3043
147 3281
147 3343
147 3870
148 1474
148 1602
148 1706
148 3444
149 518
149 758
149 1336
149 1983
149 2597
149 2954
150 243
150 447
150 1283
150 1901
150 3663
151 1829
151 3109
152 512
152 1697
152 1951
152 3381
152 3668
153 322
153 2586
153 2840
154 238
154 1399
155 1373
155 1381
155 2234
155 3573
156 588
156 1262
157 355
157 1931
157 2467
158 242
158 249
158 776
158 1248
158 2526
158 2531
158 2968
158 3260
158 3699
159 995
159 1212
159 1410
159 2632
159 2998
160 1317
160 2247
160 2680
160 3622
161 358
161 476
161 2605
161 2643
161 2995
162 216
162 275
162 625
162 1009
162 1778
162 2161
162 2240
162 2915
163 308
163 506
163 3896
164 1595
164 2191
164 2697
164 3207
165 240
165 2320
165 3496
166 513
166 2448
166 3696
166 3844
167 1359
167 1381
167 3153
168 1151
168 1434
168 1716
168 2031
168 2143
168 2366
168 2712
168 3710
168 3841
169 1986
170 2603
170 2642
171 201
171 3351
171 3831
173 178
173 377
173 2249
173 2743
173 2839
173 3444
174 2703
176 2834
176 3584
177 794
177 1958
177 2720
177 3119
177 3433
178 1659
178 1862
178 2782
179 462
179 861
179 1775
180 1038
180 1504
180 2259
180 3926
181 345
181 1589
181 2394
182 1022
182 3124
183 382
183 1009
183 1039
183 1092
183 1648
183 1811
184 1085
185 593
185 2286
186 257
186 1314
186 2802
186 2880
187 825
187 971
187 1891
188 678
188 1206
189 1433
189 1759
189 3566
190 2540
191 902
191 2084
191 2434
191 3170
192 1044
192 1615
192 2206
192 3358
192 3582
193 266
193 789
193 1194
193 1933
194 695
194 1200
194 2103
195 360
195 455
195 1566
195 2445
195 2738
196 284
196 1629
197 1077
197 1493
197 2920
197 3295
197 3996
198 1007
198 1287
198 2008
198 3915
199 868
200 323
200 2030
200 3569
200 3869
201 824
201 1585
201 2076
201 2820
201 3115
201 3328
201 3372
202 750
202 3504
203 1237
203 1495
203 1850
204 743
204 793
204 1748
204 2787
204 3034
205 973
205 1289
205 2716
206 403
206 1722
206 3011
206 3601
207 1829
207 3155
208 648
208 681
208 2269
208 3016
208 3549
208 3553
209 375
209 467
209 899
209 2702
209 2997
209 3114
210 640
210 2342
210 2855
211 1168
211 2014
211 2795
212 2496
212 2805
212 2814
212 3985
213 1894
213 3343
213 3429
213 3907
214 2618
214 3986
215 2098
216 841
216 1040
216 3125
217 2277
219 438
219 826
219 1608
219 1927
219 2145
220 366
220 2269
220 3231
220 3255
220 3370
221 273
221 357
221 1919
221 2808
222 692
222 918
222 3998
223 1506
223 3523
223 3983
224 678
224 2154
224 3083
224 3115
224 3654
224 3717
226 1241
226 2708
227 373
227 1252
227 1596
227 1662
227 2782
227 3225
227 3995
228 463
228 2834
228 3030
229 696
229 1989
229 2259
229 2693
229 3020
229 3229
230 1174
230 3029
231 1090
231 1100
231 1240
231 2361
231 2701
231 2944
232 1353
232 1514
232 3381
233 474
233 738
233 2742
233 2815
233 2824
234 258
234 751
234 2130
234 2389
234 3052
234 3721
235 1697
235 3612
235 3740
236 828
236 972
236 2563
237 404
237 542
237 2181
237 2952
237 3441
239 1686
239 1861
239 2007
239 2826
240 1921
240 2637
240 3560
241 1718
241 2379
241 2418
241 3127
242 1448
242 3617
243 481
243 891
243 1003
243 1687
243 3098
244 1588
244 1861
244 2400
245 888
245 1837
245 2625
245 2893
246 1031
246 1238
246 1469
246 1490
246 2161
246 2980
247 254
247 1694
247 2288
247 3173
247 3502
247 3702
248 1165
248 1905
248 2018
248 2263
248 2548
248 2656
249 254
249 900
249 1112
249 1678
250 539
250 900
250 3603
250 3868
251 2487
252 588
252 2235
252 2842
252 3804
252 3931
253 1132
253 1328
253 2889
253 2898
253 2916
253 2986
254 2228
254 2675
254 2812
255 1050
255 1805
255 1972
255 3273
255 3281
255 3728
255 3961
256 1526
256 2002
256 2252
257 830
257 1575
257 2919
257 3797
258 958
258 1485
258 2085
258 2814
259 2309
259 2566
259 2597
259 3132
259 3459
259 3794
260 2709
262 753
262 2635
262 2952
262 3336
262 3485
263 1184
263 1837
264 335
264 979
264 1199
264 1695
264 2410
264 3142
265 1478
265 1783
265 2905
265 3398
265 3709
266 3936
267 520
267 783
267 1336
267 3231
267 3833
268 761
268 929
268 2976
268 3869
269 2744
269 2782
269 3201
269 3370
269 3707
270 2840
270 3588
270 3677
271 442
272 670
272 1190
272 2032
272 2187
272 2507
272 2556
272 2750
272 3062
273 750
273 1667
273 3486
273 3694
274 748
274 1133
274 1975
274 3374
274 3392
275 1880
275 2845
276 948
276 1244
276 1452
276 2043
276 2104
276 2295
276 3133
276 3238
277 1268
277 2172
278 1097
278 2172
278 2444
278 3289
278 3680
279 1838
279 2072
280 376
280 1658
280 1831
280 1872
280 1985
280 2658
281 2172
281 3278
282 542
282 715
282 1146
282 1527
282 1582
282 1971
282 2452
282 2693
283 944
283 3188
284 370
285 459
285 1021
285 3226
286 1243
286 1404
286 2138
286 2422
286 2670
286 2793
286 3384
287 3759
288 439
288 2830
288 3500
288 3923
289 479
289 2277
290 863
290 2008
290 2950
291 1266
291 2211
292 2348
292 2620
292 2914
293 1679
293 1884
293 3111
295 3013
296 1247
296 2217
296 2499
296 2900
297 950
297 2942
298 519
298 1022
298 1905
298 2930
298 3461
299 3056
300 354
300 777
300 1069
300 3853
301 1038
301 1635
301 1732
301 1929
301 3832
302 988
303 595
303 718
303 1647
303 1659
304 356
304 467
304 2791
304 3466
304 3642
305 552
305 586
305 1551
305 1943
305 3263
306 328
306 544
306 871
306 1361
306 1586
306 2695
306 3001
307 1110
307 2420
307 3506
307 3924
308 350
308 363
308 807
308 996
308 2250
308 2572
308 3324
309 1089
309 1802
309 2063
309 2301
310 701
310 795
310 881
310 3217
310 3751
311 2318
311 2422
311 2511
312 1244
312 2105
313 2013
313 3998
314 349
314 550
314 1807
315 1035
315 1048
315 1947
316 354
316 1468
316 3185
316 3470
316 3848
317 1629
317 1887
317 3052
318 612
318 823
318 1862
318 3136
318 3526
318 3880
319 692
319 702
319 857
319 1085
320 720
320 1312
320 2882
320 3499
320 3597
321 1519
321 1827
321 2541
322 875
322 1120
322 2742
322 2816
322 3102
323 948
323 1785
323 2072
323 3289
324 511
324 1311
324 2301
324 3079
324 3654
324 3880
324 3980
325 2993
325 3717
326 1236
326 3557
327 1872
327 2531
327 3705
328 396
328 473
328 900
328 1997
328 2783
328 3401
329 690
329 1008
329 1553
329 1901
330 1349
330 1720
330 3840
331 1044
331 1197
331 1912
331 2093
331 3268
331 3583
332 335
332 947
332 2726
333 739
333 1991
333 2139
333 2632
334 1430
334 1482
334 3232
335 2789
335 3190
336 1080
336 1626
338 3013
338 3448
339 2155
339 3332
340 1343
340 3522
340 3537
342 1335
342 1852
342 3897
343 3888
344 408
344 2961
344 3525
345 551
345 1706
345 1726
345 1779
345 2281
345 3338
345 3971
346 394
346 1611
346 2445
346 2919
347 1354
347 1630
348 623
348 1400
348 1919
348 2313
348 2898
349 1394
349 1736
349 1750
349 3316
350 389
350 1400
350 1485
350 1822
350 2142
350 2375
350 2785
350 3744
351 2986
352 2199
352 3467
352 3929
353 576
353 940
353 948
353 987
353 1913
353 2446
353 3974
354 2294
354 3207
355 417
355 1162
355 1394
355 1435
355 2213
355 3513
356 1505
356 2847
356 3020
356 3858
357 446
357 1743
357 2023
357 2866
357 3476
358 772
359 620
359 2628
359 3209
359 3422
359 3533
359 3698
359 3993
360 439
360 754
360 2252
360 2372
360 2619
360 2994
360 3078
361 796
361 3143
361 3172
361 3601
361 3697
362 2288
362 2579
362 2893
363 1016
363 1157
363 1547
363 1652
363 2458
364 690
365 587
365 3981
366 883
366 2613
367 1337
367 1674
368 806
368 3142
369 660
369 3109
370 2091
370 3795
371 2183
371 2184
371 3200
371 3433
371 3867
372 2120
373 1015
373 1178
373 1552
373 2028
373 2317
373 2465
373 2907
374 2010
374 2110
375 1977
375 2305
375 2834
376 1840
376 2635
376 2926
377 1790
377 2795
377 3483
378 923
378 1680
378 1792
378 2115
378 3101
378 3593
379 1746
379 3257
379 3748
380 1686
380 1736
380 2037
380 2818
380 3317
382 831
382 2922
383 2477
383 3094
383 3739
384 391
384 691
384 1389
384 1688
384 1698
384 2162
384 2778
384 3090
384 3468
384 3965
386 425
386 2064
386 2280
386 3567
387 813
387 1039
387 2310
387 2528
387 2728
388 1491
388 1612
388 1697
388 2105
388 2936
388 3387
389 1902
390 856
390 1330
390 1962
390 2973
390 3210
390 3653
391 663
391 1890
391 2806
391 3082
392 565
392 3582
393 1984
393 2164
393 3245
393 3393
394 1528
394 1919
395 1071
395 2388
395 2840
396 952
396 2353
396 2985
396 3554
397 1469
397 2215
398 1116
398 1418
398 3874
399 1770
399 1982
399 3966
400 851
401 588
401 1782
401 2310
401 2489
401 2962
401 3617
402 1158
402 2213
402 2215
402 2854
403 800
403 1698
403 2229
403 2857
403 3302
403 3897
404 1505
404 1842
404 3285
405 1500
405 3325
406 547
406 810
406 970
406 1125
406 2104
406 3732
406 3742
406 3760
406 3899
407 704
407 1741
408 846
408 2024
408 2616
408 2998
408 3602
409 532
409 1540
409 1896
409 2293
409 2864
410 416
410 3307
410 3375
411 1257
411 1507
411 2095
411 3148
411 3573
411 3975
412 2058
412 2578
412 2764
412 2929
413 2082
413 2297
413 2676
414 834
414 1148
414 2585
414 2752
414 3222
415 669
415 1700
415 1968
415 2441
416 947
416 3822
417 2223
417 3407
418 1022
418 2103
418 2703
419 795
419 810
419 1981
419 2120
419 2646
420 658
420 796
420 1242
420 2952
420 3657
420 3881
421 1166
421 1308
421 1422
422 3180
423 1762
423 2667
423 3698
424 594
424 1668
424 3183
424 3405
425 887
425 1804
425 2200
425 2332
425 2747
425 3945
426 3315
427 2107
427 2168
427 2402
428 438
428 1411
428 2901
428 3155
428 3353
429 1225
429 1609
429 1917
429 2120
429 2205
429 3123
429 3541
430 3100
430 3662
431 1347
431 1597
431 1701
431 3102
431 3826
432 685
432 2062
433 463
433 515
433 1718
433 3188
433 3797
434 495
434 711
434 1331
434 2325
434 2804
434 3183
435 682
435 863
435 1107
435 2158
436 1585
436 1593
436 1709
437 2113
438 440
438 1327
438 1904
438 3665
440 968
440 1636
440 2195
441 903
442 3191
443 1459
443 3485
444 503
444 652
444 1277
444 1335
444 1607
444 3427
444 3479
445 612
445 661
445 943
445 1732
445 1988
445 2868
446 1608
447 1922
448 1330
448 1761
449 468
449 1728
449 3008
449 3954
450 893
450 1503
450 1653
450 2206
450 2514
451 952
451 1745
451 1974
452 966
452 3772
453 1694
453 2856
453 3667
454 2655
454 2755
454 3358
454 3434
455 1104
455 1420
455 2532
455 2978
455 3642
456 1599
456 1897
457 1649
457 2202
457 3503
458 1445
458 2067
458 3161
458 3176
458 3310
458 3650
459 1226
460 901
460 1543
460 2661
460 2714
460 2719
460 3137
460 3685
461 3855
462 670
462 700
462 1686
462 3727
462 3992
464 1383
464 2993
464 3887
465 2181
465 3048
465 3982
466 3817
467 485
467 538
467 1215
467 1374
467 2068
467 2467
467 2648
467 3800
468 1211
468 2983
469 724
469 3938
470 634
470 2152
470 2556
470 2622
470 2739
470 3447
471 924
471 1493
471 1668
471 3303
472 798
472 896
472 1355
472 3876
473 1340
473 2095
473 2357
473 2984
473 3386
474 662
475 1796
475 3133
475 3136
475 3616
476 1069
476 2390
477 506
477 1096
478 521
478 2775
478 3677
479 1333
479 1524
479 1638
479 3168
480 763
480 2404
481 1166
481 1621
481 1761
481 2730
481 2975
481 3069
481 3676
481 3970
482 1605
482 2073
483 1226
483 2085
483 2171
483 2661
483 3478
484 528
484 848
484 2296
484 3283
484 3418
484 3527
485 3933
486 914
486 3217
486 3364
487 1994
487 3310
488 527
488 1067
489 1313
489 1374
489 1781
490 598
490 1038
490 1208
490 1686
490 1826
490 2178
490 3318
491 801
491 951
491 1064
491 1083
491 2220
491 2773
491 3934
492 3586
493 644
493 750
493 930
493 971
493 1315
493 1526
493 1978
493 2087
493 3008
493 3488
494 580
494 2365
494 3165
494 3249
494 3256
495 808
495 1672
495 2934
495 3027
495 3091
495 3501
496 1390
496 1679
496 3230
496 3258
496 3306
497 573
497 1911
497 2144
497 2316
497 2689
498 679
498 1041
498 1449
498 1478
498 1562
498 2722
498 2840
498 3129
498 3692
499 1473
499 1552
499 1659
499 2129
499 3172
499 3205
500 2529
500 3799
501 1298
501 3017
501 3185
501 3921
502 817
503 1458
503 2881
503 3587
504 1293
504 2510
504 2598
504 3849
505 531
505 2040
505 2610
505 2807
505 2974
505 3063
506 899
506 1350
506 2167
506 2420
506 2672
506 3180
507 612
507 636
507 1703
507 1896
507 3236
508 751
508 1822
509 1045
509 1123
511 2178
512 1884
512 2999
512 3381
512 3401
512 3529
512 3609
512 3672
513 839
513 887
513 897
513 1110
513 1791
513 2329
514 1412
514 1799
514 2163
514 2868
516 1492
517 3850
518 1181
518 1699
518 2270
518 3136
519 1053
519 1989
519 2286
520 1341
520 1519
520 3208
520 3245
520 3365
520 3915
521 1567
521 2191
522 1196
522 2691
522 3040
522 3145
522 3214
522 3633
523 2067
523 2139
523 2442
524 1233
525 766
525 891
525 1783
525 2030
525 2258
526 1318
526 2050
527 1621
527 2388
527 2883
528 2498
528 2900
529 1513
529 1825
529 2772
530 902
530 3100
530 3594
531 986
531 1512
531 2270
531 2369
531 3648
532 583
532 3139
532 3651
533 2468
533 3667
533 3897
534 1227
534 2031
534 3232
535 860
535 3985
536 947
536 1329
536 2400
536 2574
536 2758
536 3697
537 1147
537 3450
538 1664
538 1832
539 731
539 1350
539 1673
539 2890
539 3009
540 966
540 2039
540 2718
541 3349
541 3741
542 669
542 785
542 830
542 862
542 1700
543 911
543 2237
543 2620
544 1189
544 1969
544 3714
545 933
545 1358
545 1643
545 1705
545 2462
545 2893
545 3624
546 1473
547 1503
548 786
548 1546
548 1740
549 1678
549 2600
549 2959
549 3368
549 3398
549 3566
549 3817
550 1910
550 3311
550 3597
550 3792
550 3915
551 1219
551 1922
551 2179
552 608
552 1931
552 3865
552 3990
553 2119
553 3314
554 1389
554 2108
555 1801
555 1929
555 2425
555 3676
556 1992
556 3347
556 3773
557 3640
558 1598
558 1867
558 2892
558 3143
559 858
559 1779
559 3419
559 3659
559 3837
560 651
561 1761
561 3526
561 3720
561 3741
562 679
562 751
562 875
562 1879
562 1977
562 2493
563 2355
563 2479
563 2522
563 2698
563 3445
563 3966
563 3968
564 1577
564 3244
564 3807
565 2520
565 2643
566 1582
566 3818
567 2237
567 2379
567 3818
567 3947
568 1775
568 3387
568 3806
569 794
569 802
569 1662
569 1780
570 590
570 2949
570 3138
571 898
572 838
572 1857
572 2030
572 2543
572 2650
573 610
573 837
573 1518
573 1558
573 2268
574 2155
574 2293
574 2348
574 2877
574 3398
575 2111
575 3813
576 1890
576 2999
577 974
577 1566
577 1892
577 2371
577 2539
577 2959
577 2967
578 1354
578 2002
578 2212
579 1069
579 1198
579 1291
579 2528
579 3033
580 702
580 719
580 896
580 999
580 3421
580 3490
580 3780
580 3945
581 1124
581 1363
581 2526
582 821
582 3328
582 3395
582 3552
584 796
584 1517
584 3858
585 2801
585 2909
585 3838
586 2045
586 3206
587 1154
587 1407
587 1743
587 2399
587 3391
587 3508
587 3769
587 3905
588 1733
588 1967
588 2324
588 2878
589 967
589 2029
590 1626
590 1993
590 2581
590 3447
591 1487
591 2607
591 3345
592 660
592 2847
592 2986
593 1217
593 1496
594 855
594 1222
594 1772
595 1873
595 2177
595 2632
596 1784
596 2376
596 3413
597 657
597 2969
597 3199
597 3562
597 3698
598 1765
598 2275
600 1099
600 1129
600 1931
600 2265
600 3646
601 1263
601 2586
601 3089
602 1231
602 1781
602 3361
602 3568
603 1639
603 2227
603 2587
603 2970
603 3111
603 3484
603 3741
604 3263
604 3628
605 619
605 801
606 3515
606 3931
607 784
607 1303
607 3400
607 3439
608 671
608 3555
608 3592
609 2512
609 3075
609 3173
610 622
610 2350
610 2591
610 2777
612 898
612 1203
612 1325
612 1962
612 2429
612 3450
612 3923
613 1856
613 2716
613 3374
614 1042
614 1768
614 1798
614 2035
614 3860
614 3962
615 1080
616 2831
616 3092
616 3652
616 3749
617 768
617 799
617 1035
618 1179
618 3464
619 784
619 1558
619 2064
619 2380
619 2778
620 950
621 1899
621 2182
621 2470
621 2515
621 2825
621 3160
621 3725
622 1639
622 1646
622 2052
622 2985
623 771
623 1680
623 3249
624 3101
624 3922
625 1157
625 1283
625 1677
625 2776
625 3291
626 818
626 2188
626 3067
626 3461
627 1230
627 1555
627 2488
628 1571
628 1765
628 3340
628 3402
628 3685
629 1224
629 1673
630 1255
630 1913
630 1970
630 3166
630 3608
630 3910
631 1133
631 3972
632 1159
632 1977
632 2685
633 1873
633 2701
634 990
634 2979
635 774
635 2956
635 3981
636 2900
636 2994
636 3064
636 3845
637 875
637 1160
637 2260
637 2473
637 2817
638 798
638 2165
638 2923
639 697
639 706
639 1541
639 2004
639 2549
640 1166
641 1754
641 2562
641 3082
642 1030
642 2210
643 1497
643 1685
643 1849
643 2539
644 887
644 2566
644 2947
645 946
645 2612
645 2822
647 1095
647 2272
647 3233
648 1170
648 1229
648 3746
648 3948
649 3150
650 758
650 2780
650 3024
650 3823
651 1397
651 1503
651 1786
652 2151
652 3024
652 3205
653 1540
653 2565
654 1937
654 2326
654 2738
654 3133
655 867
655 923
655 1237
655 1912
655 2521
656 3045
656 3189
656 3858
657 1329
657 2318
657 2537
657 3229
657 3389
658 1940
658 2665
658 3588
659 661
659 811
659 3672
660 1514
660 2113
660 3003
660 3444
661 1449
661 2731
661 3150
662 1080
662 1151
662 1283
662 2413
662 3753
663 1230
663 2089
663 2184
664 1380
665 1033
665 1267
665 2461
665 3184
666 1526
666 2910
666 3468
667 1296
667 1557
667 1860
667 2646
667 2972
667 3094
667 3205
667 3764
668 1361
668 2726
669 2177
669 3208
669 3613
669 3903
670 726
670 1448
670 2118
670 3408
671 1892
672 1961
672 2166
672 2851
672 3991
673 1203
673 1483
673 1521
673 1573
673 1797
673 1873
673 2552
673 3069
674 695
674 1082
674 2685
674 3164
674 3383
674 3624
674 3626
675 1277
675 2085
675 3998
676 754
676 854
676 1086
676 2234
676 3566
677 845
677 1165
677 1483
677 1795
678 2906
678 3510
679 1515
679 2472
679 2739
679 3317
680 1237
680 1603
680 2255
680 3380
681 742
681 1982
681 2396
682 1120
682 1146
682 2117
682 2216
682 3403
683 1132
684 1614
684 1856
684 3899
685 821
685 1182
685 1204
685 1842
685 1871
685 3076
686 1060
686 1506
686 1598
686 3031
686 3141
686 3296
686 3671
687 3460
688 1316
688 3089
688 3159
689 1683
689 1819
689 2527
689 2546
689 2768
689 3402
690 2556
690 2756
691 1386
691 3287
692 1375
692 1604
692 2284
692 3533
693 1466
693 2063
694 1417
694 2871
694 3152
694 3494
694 3781
695 803
695 2313
695 2521
695 2531
695 3015
695 3489
696 796
696 1849
696 2144
696 2964
697 1190
698 2273
698 3189
698 3342
698 3964
699 1146
699 1313
699 2263
699 2446
700 1986
701 795
701 3076
701 3654
702 1075
702 1387
702 1713
702 2573
702 3902
703 2324
703 2390
703 2618
703 2929
703 3622
703 3689
703 3967
704 1184
704 2672
705 3131
706 969
706 1007
706 1748
706 3257
707 1740
707 1962
707 2820
707 2927
707 3829
708 798
708 1433
708 1982
708 2332
708 2359
709 2477
709 3876
709 3956
710 720
710 1937
710 2320
710 3970
711 1313
711 2118
711 3105
711 3789
711 3800
712 1333
712 1679
712 3982
713 1487
713 3332
714 1410
714 1516
714 2175
714 3529
715 3162
715 3373
716 1379
716 2015
716 3021
717 1513
717 3988
718 3214
718 3589
718 3805
719 1592
719 2042
719 2043
719 3079
719 3788
719 3891
720 860
720 939
720 2016
720 2202
720 2470
720 3674
721 2018
721 2426
721 2647
721 3682
722 1613
722 3670
723 961
724 940
724 1039
724 2068
724 3347
724 3852
724 3957
725 1606
725 1922
725 2338
725 2887
725 3860
726 1231
726 1937
726 2615
726 2779
726 2914
727 1852
727 2656
727 3930
727 3953
728 1851
728 2247
729 1749
729 2175
729 2820
730 835
731 1546
731 2120
731 2897
731 2982
731 3392
731 3834
732 2347
732 3432
732 3448
733 1017
733 1184
733 2386
734 1882
734 2464
735 947
735 1408
735 3485
735 3663
736 951
736 1562
737 949
738 1901
738 2134
739 2324
740 1207
740 2257
740 2890
741 1560
741 2421
742 1132
742 1978
742 3385
743 2230
744 2347
745 1302
745 1402
745 2846
745 2914
745 3298
745 3837
746 1837
746 1876
746 2738
747 1419
747 1989
748 1085
748 1450
748 1836
748 2007
749 1093
749 1551
749 3773
750 2031
750 3622
750 3857
750 3958
751 994
751 2011
751 3083
752 1029
752 1842
752 3769
753 1214
753 3351
754 2870
755 3302
755 3449
756 1885
756 2002
756 2495
756 2703
756 2821
756 3186
757 2171
757 3033
758 1170
758 1411
758 2332
758 3189
758 3298
759 933
759 1402
759 2121
759 2248
759 3860
760 2193
760 3969
760 3999
761 1147
761 1607
761 1902
761 3210
761 3417
761 3439
761 3882
762 1432
762 2183
762 2992
762 3395
762 3785
763 1914
764 833
764 1110
764 1858
764 2054
764 2185
765 1141
765 2012
765 2668
766 1393
766 2107
766 2983
766 3036
766 3709
767 1919
767 2331
767 3622
768 1848
768 2886
769 3729
770 1056
770 1376
770 1710
770 1867
770 2399
770 3873
771 1791
771 1978
771 3097
771 3346
771 3464
772 836
772 1100
774 832
774 1125
774 1383
774 2586
775 814
775 1347
775 2320
775 2894
775 3308
775 3335
775 3896
776 2654
776 3108
777 3405
778 2869
779 3196
780 829
780 913
780 1867
780 2472
780 3359
781 1330
781 2917
782 1813
782 3003
782 3804
782 3882
782 3965
783 869
783 2356
783 2382
783 2618
784 1214
784 1389
784 2452
784 3729
785 1128
785 1318
786 2356
786 3571
787 1130
787 2584
788 919
788 1099
788 1200
788 1784
788 2554
788 3428
788 3440
788 3531
788 3960
789 1182
789 2986
789 3888
790 795
790 1049
790 1113
790 1579
790 1709
790 1818
790 2906
791 1999
791 2367
791 3305
791 3518
791 3874
792 1818
792 2983
792 3152
792 3494
793 1457
793 2391
793 2818
793 3651
794 1210
794 2815
794 3178
795 837
795 1410
795 3663
796 1308
796 1699
796 2938
797 1034
797 1125
797 2259
797 3601
797 3681
798 1189
798 1563
799 1113
799 1561
799 2022
799 2369
801 1125
801 1140
801 2524
802 876
802 893
802 1505
802 1952
802 2259
802 2264
802 3305
803 2740
803 3619
804 1295
804 1873
804 3317
806 2176
806 3566
806 3974
807 959
807 1787
807 2108
808 1316
808 2262
808 2677
808 3757
809 2018
811 1152
811 1520
811 1854
811 2473
811 3118
812 965
812 1165
812 3188
813 994
814 1425
814 3209
815 1164
815 3255
816 873
816 1695
816 2054
816 3100
817 1394
817 1612
817 2061
817 3826
818 2118
818 2715
818 3513
819 945
819 1454
819 2062
819 3344
820 1070
820 2240
820 2717
821 1146
822 2184
822 2334
823 1091
823 1094
823 1777
823 2768
823 3190
824 3488
824 3607
825 1164
825 1192
825 1340
825 2644
825 3209
826 1570
826 3756
827 3096
827 3365
828 1325
828 2047
828 2896
828 3062
829 2930
829 3685
829 3842
830 2215
830 3095
830 3230
830 3446
831 1593
831 1628
831 1714
831 3601
831 3647
831 3654
831 3728
831 3999
832 1312
832 2364
832 2921
832 3484
832 3662
832 3718
833 1230
833 2780
833 3015
833 3352
834 1575
834 1710
834 1824
834 2957
835 1125
835 1390
835 2580
835 2875
835 2931
836 930
837 1008
837 1043
837 2244
837 2540
837 3526
838 2980
839 1926
839 2964
839 3606
840 1386
840 1557
840 2527
840 3639
841 890
841 3070
842 1664
842 3943
843 3228
844 2033
844 2049
844 2336
844 2862
844 3707
845 1147
845 2760
845 3648
846 1209
846 2249
846 2433
846 2947
847 1867
847 3122
847 3129
847 3530
847 3584
847 3946
848 1667
848 2162
848 2456
849 1972
849 2762
849 2795
849 3323
849 3379
850 1523
850 2708
851 911
853 1669
853 2886
853 2920
854 1951
855 1641
855 2788
856 927
856 1782
856 2158
856 2301
856 3610
857 2109
857 2585
857 2853
857 3724
857 3903
858 1238
858 1623
859 1847
859 2014
859 2324
859 2697
860 923
860 1117
860 1308
860 1449
860 1836
860 1949
861 1821
861 2322
861 2715
863 1460
863 2439
863 2768
863 3853
864 3380
864 3670
864 3797
865 1469
865 1596
865 2293
865 3211
866 1006
866 1669
866 2551
866 2637
866 3029
866 3452
866 3760
867 869
867 996
867 2552
868 1058
868 1489
868 2065
868 3215
869 1108
869 3817
870 1302
870 1430
870 3111
870 3252
870 3883
871 1791
871 1833
871 3489
872 2091
872 2207
872 3426
872 3926
873 986
873 1310
873 1329
873 2073
874 2581
874 2675
874 3758
875 2210
875 3310
876 2654
876 3037
877 2221
877 2501
877 3209
877 3360
877 3686
879 909
879 1945
879 3996
880 2850
880 3670
882 1067
882 1358
882 1552
882 2729
883 2938
883 3035
883 3379
883 3567
883 3581
883 3700
884 1410
884 3491
885 1956
885 2062
886 1020
886 2336
886 2688
886 3485
887 1553
888 2052
888 2317
888 2652
889 2336
890 3216
891 1820
891 1930
891 2253
891 2297
891 2496
891 2880
891 3650
891 3772
892 1507
892 1985
892 3690
893 1094
893 1752
893 1837
893 3327
893 3941
894 1028
895 1877
895 2334
895 3630
895 3712
896 949
896 1718
897 1288
897 2122
897 2247
897 2807
897 3290
897 3667
898 1289
898 2185
898 2322
898 2465
898 2597
898 2764
898 2781
898 3609
899 1714
899 3429
900 2077
900 3904
901 1123
901 1673
902 1465
902 1511
902 2606
902 2663
903 1903
903 1971
903 2301
903 2699
904 3846
904 3881
905 1684
906 1592
907 1354
907 1696
908 1011
909 1717
909 3713
910 960
910 1998
910 2183
910 2424
910 2810
911 2600
911 3254
912 1492
912 2442
913 3413
913 3561
914 992
914 2135
914 2587
914 2627
915 1398
915 1800
915 1861
915 2040
915 2068
916 1958
916 2356
916 3310
916 3388
917 1404
917 2822
918 3205
919 1193
919 2174
919 2712
919 3345
919 3772
920 1084
920 1444
920 2577
920 3429
921 2040
922 1017
922 1155
922 1297
922 3228
923 1070
923 2931
924 1456
924 1458
924 2938
925 1477
925 1966
925 2892
925 3420
925 3639
925 3699
926 1397
926 1513
926 2347
926 3910
927 1700
927 1831
927 2610
928 1692
928 1876
929 1120
930 1022
930 1924
930 2919
930 3248
932 1315
932 2599
932 2846
933 1602
933 2493
934 1126
934 1746
934 2913
934 3930
935 2299
935 2556
935 3181
936 2115
936 3056
937 1804
937 2732
938 2903
938 3176
938 3985
939 2418
939 2738
939 2945
939 3853
940 2919
941 1352
941 2594
941 2922
941 3018
942 1556
942 3247
942 3548
943 1072
943 1105
943 2267
944 2224
944 2702
944 3238
944 3559
944 3868
944 3904
945 2215
945 3365
946 1260
946 3782
947 1875
947 2556
947 3966
948 1612
948 2939
948 3165
949 1148
949 2542
949 3990
950 1801
950 1933
950 2045
950 3951
951 1596
951 2149
951 2296
951 3241
951 3481
952 2313
952 3359
952 3775
953 1097
953 1444
953 1577
953 2531
953 2749
954 1054
954 3628
955 1560
956 985
956 1042
956 1361
956 3823
957 2034
957 3996
958 2098
958 2427
958 2988
959 3263
960 2785
960 2841
962 1193
962 3114
962 3143
963 1373
964 1138
964 2285
964 2702
964 2823
964 3729
964 3917
965 1221
965 1341
965 1986
965 3615
965 3761
965 3969
967 1249
967 1274
967 2875
967 3135
967 3638
968 1864
968 2102
968 3171
968 3560
968 3895
968 3896
969 1429
969 1801
970 1152
970 3870
971 1612
971 2359
971 2862
972 1118
972 2290
972 3272
972 3822
973 1627
975 1135
975 3664
976 1888
976 3549
978 1428
978 1978
978 3011
978 3162
979 1195
979 1737
979 2303
980 1345
980 1967
980 2143
980 2451
980 2878
980 3595
981 2578
982 1896
983 2312
983 3249
983 3304
983 3703
985 1355
986 1421
986 2505
986 3010
987 1779
987 2007
987 2498
988 2185
988 2442
988 2752
988 3613
988 3881
989 1169
989 1482
989 1940
989 2177
990 1502
990 1552
990 1596
990 3394
990 3643
991 1491
991 3047
991 3606
992 1370
992 2182
993 1328
993 1348
993 2625
993 3684
994 1383
994 1441
994 2296
994 2446
994 2739
994 3955
995 1356
995 1597
995 2215
996 1217
996 1666
996 2818
996 3166
996 3645
997 1946
997 2574
997 3019
997 3314
997 3327
998 2670
998 2725
998 3453
999 1199
999 1315
999 3539
999 3862
1000 1945
1000 2429
1000 2582
1000 2851
1001 2513
1001 2824
1002 2592
1002 3165
1003 1784
1003 3748
1004 1031
1004 1249
1004 2173
1004 2315
1004 2584
1005 1150
1005 1283
1005 2338
1005 2808
1005 3739
1006 1472
1006 2771
1006 2839
1006 2983
1007 1337
1007 1410
1008 1774
1008 1896
1009 3822
1010 1493
1010 1833
1010 2463
1010 3044
1010 3705
1011 1104
1011 1492
1011 1938
1011 2384
1011 2796
1011 3965
1012 3528
1012 3917
1013 3495
1014 2191
1014 2343
1014 2785
1015 1092
1015 2895
1016 1251
1016 1531
1016 2342
1016 3893
1017 1288
1017 2658
1017 2821
1018 2008
1018 2312
1018 2550
1018 2804
1018 2947
1018 3540
1018 3579
1019 1354
1019 1624
1020 1480
1020 2323
1020 3580
1021 1413
1021 1569
1021 1664
1021 1974
1021 1995
1021 2534
1021 2897
1022 1839
1022 3173
1022 3515
1023 3130
1024 1920
1024 2128
1025 2957
1025 3201
1025 3301
1026 2756
1026 2822
1027 2913
1028 1320
1028 1401
1028 1498
1028 3904
1029 1713
1029 3252
1029 3434
1029 3848
1031 1033
1031 1579
1031 3612
1032 3655
1033 1343
1033 1667
1033 1856
1033 2047
1033 2162
1034 1115
1034 1844
1034 1957
1034 2886
1034 3713
1035 1051
1035 3434
1036 2352
1036 3066
1037 1308
1037 1830
1037 2271
1037 2376
1037 2394
1037 2971
1037 3254
1037 3391
1038 2329
1038 2359
1038 2945
1038 3751
1039 1290
1039 2474
1039 2698
1039 3013
1039 3347
1039 3787
1040 1323
1040 1599
1040 2498
1041 1428
1041 1593
1041 2125
1041 2674
1041 3082
1041 3300
1041 3872
1042 2032
1043 1294
1043 3489
1044 2480
1045 1188
1045 1555
1045 2411
1045 3496
1046 2160
1047 2465
1047 2997
1047 3740
1048 2043
1048 3152
1048 3918
1049 1169
1049 1356
1049 1585
1049 2578
1049 3157
1050 1763
1050 2972
1050 3040
1050 3059
1050 3227
1050 3355
1050 3871
1051 1606
1051 1958
1052 2401
1053 1505
1053 2283
1053 3187
1053 3258
1053 3442
1053 3667
1053 3746
1054 2798
1055 1565
1055 1725
1056 1689
1057 1255
1057 1458
1058 1839
1058 2596
1058 3168
1059 2125
1059 3465
1060 3432
1061 1514
1061 2968
1062 2217
1062 2240
1062 2658
1062 3385
1063 2095
1063 2355
1063 2404
1063 3037
1063 3206
1063 3927
1064 1295
1065 1565
1065 2829
1066 2129
1066 3640
1067 1683
1067 2665
1067 3392
1068 1073
1068 2157
1069 2806
1070 1575
1071 1671
1071 1891
1071 1929
1071 2039
1071 2145
1071 2328
1071 2734
1071 3243
1071 3650
1072 1411
1072 2984
1072 3719
1072 3854
1073 3104
1073 3515
1074 1985
1074 2013
1074 2697
1074 3410
1074 3535
1074 3687
1075 1553
1075 2888
1075 3575
1076 1113
1076 1263
1076 3824
1077 1141
1077 1993
1077 2259
1077 3351
1078 1579
1078 2054
1078 2094
1079 1293
1079 1335
1079 1379
1079 3536
1080 1224
1080 1311
1080 1380
1080 1616
1080 1808
1080 3826
1081 1103
1081 1145
1081 1336
1081 1662
1081 2456
1081 3024
1082 1330
1082 2223
1082 3260
1083 1219
1083 1742
1084 3062
1086 1385
1086 1557
1086 1612
1086 2374
1086 2840
1086 3913
1087 2374
1087 2620
1087 2824
1087 3516
1087 3891
1088 1271
1088 2166
1088 2675
1088 2873
1088 3693
1089 1728
1089 2682
1089 3138
1090 2795
1090 3822
1091 3502
1091 3883
1092 1407
1092 2122
1092 2386
1092 2739
1092 3956
1093 2416
1093 2917
1094 1210
1094 1456
1094 1634
1094 2143
1094 2457
1094 3669
1094 3752
1095 1453
1095 3744
1096 1221
1096 1269
1096 3571
1097 1389
1097 3673
1097 3860
1098 1446
1098 3043
1099 2082
1099 2360
1099 2459
1099 3188
1100 2857
1100 3184
1100 3607
1101 1603
1101 2002
1101 2610
1102 2591
1102 2833
1102 3588
1103 1630
1103 2525
1104 1508
1104 3218
1105 1381
1105 1880
1105 3035
1106 2124
1106 2447
1106 2499
1106 3764
1107 1744
1107 3738
1108 1132
1108 2250
1108 3819
1109 3742
1110 1851
1110 1935
1111 2760
1111 3436
1111 3637
1112 1288
1112 2409
1112 3222
1112 3455
1112 3904
1113 3546
1114 1412
1114 3021
1115 1563
1115 1905
1115 2006
1115 2371
1115 2865
1115 3683
1116 2255
1116 2504
1116 2667
1116 3055
1117 1444
1117 2835
1117 3276
1118 2399
1118 2732
1118 2973
1118 3576
1119 1694
1119 2041
1119 3380
1119 3444
1120 1955
1120 2401
1120 3526
1120 3692
1121 2073
1121 2485
1121 3305
1121 3586
1121 3974
1122 1637
1122 1907
1122 1940
1123 1724
1124 1988
1124 2282
1124 2299
1124 3544
1125 3103
1125 3231
1125 3669
1126 1805
1126 1941
1126 3667
1127 2453
1127 2859
1127 3388
1128 1244
1128 1675
1128 2196
1128 2771
1128 3018
1128 3422
1128 3765
1129 2126
1129 2929
1129 3022
1129 3267
1129 3413
1130 1671
1130 1840
1130 2694
1130 2722
1130 2793
1130 3179
1130 3276
1131 1906
1131 2851
1131 3337
1132 1752
1133 1401
1133 3379
1133 3583
1133 3675
1134 3479
1134 3595
1135 1852
1135 3200
1135 3759
1138 3395
1139 2265
1139 2430
1139 2503
1139 3887
1140 1360
1140 3485
1140 3902
1142 1417
1142 1484
1142 1516
1142 2246
1142 2283
1142 2683
1142 3491
1142 3906
1142 3960
1143 2055
1143 2102
1143 2167
1143 2575
1143 3768
1144 2937
1144 3621
1145 1890
1145 1953
1147 1693
1147 3676
1148 1652
1149 1594
1149 2023
1150 2574
1150 2662
1151 3913
1152 1721
1152 3489
1152 3571
1153 2269
1153 2432
1153 2572
1153 2731
1154 3204
1155 1208
1155 1329
1155 3983
1156 1309
1156 1504
1156 2331
1156 2600
1156 2925
1156 3205
1157 1201
1159 2314
1160 1760
1160 2471
1161 1999
1162 2346
1162 3072
1162 3145
1164 3250
1165 1236
1165 1730
1165 2807
1166 1191
1166 1435
1166 2401
1166 2646
1166 3012
1167 2186
1168 1222
1168 1655
1168 1953
1168 2666
1169 3880
1170 1207
1170 3889
1171 3774
1172 1827
1172 2355
1173 1313
1173 1970
1173 2023
1173 2527
1173 3191
1173 3584
1173 3616
1174 1275
1175 1621
1175 2833
1176 1586
1177 1319
1177 2894
1177 3384
1177 3646
1178 3354
1178 3389
1179 2158
1179 3664
1180 1433
1180 2449
1180 2522
1180 2962
1180 3578
1181 1661
1181 3829
1182 1281
1182 1303
1182 1373
1182 3549
1182 3668
1183 2140
1183 2826
1184 1409
1184 2016
1184 2076
1184 2770
1184 3258
1185 1963
1185 2739
1185 3609
1185 3816
1186 3988
1187 2512
1187 3554
1188 1430
1188 1744
1188 1797
1188 2978
1188 3355
1189 1478
1189 1736
1189 2190
1191 1898
1191 1990
1191 3429
1192 2267
1192 3003
1192 3006
1192 3154
1192 3190
1192 3935
1193 1480
1193 2215
1193 2746
1193 3064
1194 1820
1194 2736
1194 2815
1195 1196
1195 2753
1195 3357
1195 3731
1196 1352
1196 2074
1196 2645
1197 2474
1197 3268
1197 3276
1198 2082
1198 2405
1198 3447
1199 1426
1199 1599
1199 2848
1199 3699
1199 3981
1200 1378
1200 3142
1201 1277
1201 1582
1201 2894
1202 2606
1202 2851
1202 2951
1203 1244
1203 1765
1203 2053
1204 2551
1204 3534
1205 1694
1205 1857
1205 2311
1205 3068
1205 3267
1205 3839
1206 2554
1206 3759
1208 3319
1209 2162
1209 2486
1210 2677
1210 2839
1211 1403
1211 1802
1211 3376
1211 3690
1212 1575
1212 2044
1212 2997
1212 3522
1214 1256
1214 1576
1214 2425
1215 1569
1215 1687
1216 1508
1216 2703
1216 2807
1218 1714
1218 3439
1219 1982
1219 2645
1220 2081
1220 3940
1221 3285
1221 3315
1222 1407
1222 2164
1223 3017
1224 1623
1224 2459
1224 2475
1224 3118
1224 3693
1225 1917
1225 2175
1225 3208
1225 3578
1225 3685
1225 3964
1226 1510
1226 1533
1226 2803
1226 3289
1227 1744
1227 2268
1227 3027
1229 1919
1229 2315
1229 2930
1229 3262
1230 1558
1230 1848
1230 2257
1231 1901
1231 3362
1231 3370
1232 1786
1232 3628
1233 1316
1233 1468
1233 2065
1233 3068
1233 3697
1234 1623
1234 2801
1234 3678
1234 3861
1234 3905
1235 1242
1235 2080
1236 1824
1236 2404
1236 3073
1236 3927
1237 1388
1237 1439
1237 1701
1237 3211
1237 3215
1237 3806
1237 3808
1238 2373
1239 3074
1239 3984
1240 1567
1241 1339
1241 1361
1241 1583
1241 2447
1241 3507
1242 2187
1242 3334
1242 3870
1243 3006
1243 3367
1243 3916
1244 1888
1245 1467
1245 1540
1245 3110
1247 2926
1247 3084
1247 3110
1248 1392
1248 3573
1248 3809
1249 1385
1250 2342
1250 3099
1250 3174
1250 3559
1250 3961
1251 1458
1251 1792
1251 2187
1251 3007
1251 3942
1251 3946
1252 1855
1254 1991
1254 2256
1254 2314
1254 2560
1254 3414
1255 1531
1255 2454
1255 3406
1255 3579
1256 2735
1257 1426
1257 1843
1257 2745
1257 2774
1258 1508
1258 1530
1258 2418
1258 3437
1259 3851
1260 2646
1260 3238
1260 3361
1261 2376
1261 3730
1262 1503
1262 3329
1262 3339
1262 3466
1262 3962
1263 2805
1263 2924
1263 3017
1263 3820
1264 1839
1264 3800
1265 2614
1266 2952
1267 1439
1267 2219
1268 2240
1268 2438
1268 3128
1268 3178
1268 3907
1269 1512
1269 2127
1269 2733
1269 3914
1270 1360
1270 2029
1270 2321
1270 3133
1270 3400
1270 3670
1271 1795
1271 1835
1271 2225
1271 2619
1271 3587
1271 3655
1272 2292
1272 3050
1273 1769
1273 1920
1273 2774
1273 3209
1273 3281
1273 3516
1274 2683
1274 3116
1275 1940
1275 2629
1275 2829
1275 2875
1275 3004
1275 3184
1276 2991
1276 3391
1277 3155
1277 3469
1277 3546
1277 3926
1278 1918
1278 2320
1279 1662
1280 1402
1280 2811
1280 3993
1281 1310
1281 1659
1282 2078
1283 1400
1283 3847
1284 1542
1284 1943
1284 2432
1284 2870
1286 1317
1286 3085
1287 1386
1287 2742
1288 1538
1288 1835
1288 2070
1288 3030
1288 3334
1288 3922
1288 3966
1289 2214
1289 2711
1289 3983
1290 2141
1291 1639
1291 3271
1291 3472
1291 3819
1292 1928
1293 2486
1293 2496
1293 3332
1293 3888
1294 2991
1294 3987
1295 2441
1295 2827
1295 3349
1296 1585
1296 2990
1296 3941
1297 2065
1297 2668
1297 3219
1298 2030
1298 2229
1299 1539
1299 1886
1299 2002
1299 3112
1300 1530
1300 1997
1300 3936
1301 3930
1302 3126
1303 1469
1303 3540
1304 1431
1304 2915
1304 2965
1305 2031
1305 2264
1306 1457
1306 2881
1306 2945
1307 1482
1307 1595
1307 3069
1308 1589
1308 1608
1308 1772
1308 2119
1308 2464
1308 2822
1309 2384
1309 2711
1309 3761
1310 2572
1310 3747
1311 1923
1311 2781
1311 3612
1312 1776
1312 2128
1312 2605
1312 3398
1312 3985
1313 1328
1313 3332
1313 3430
1314 1426
1314 1929
1314 3496
1314 3909
1315 2740
1315 3110
1315 3600
1316 2623
1316 2877
1317 1557
1317 1813
1317 2627
1318 2633
1318 3782
1319 1414
1319 2367
1320 2016
1320 2070
1320 2166
1320 2189
1320 3662
1321 2308
1321 3145
1321 3192
1321 3625
1321 3743
1321 3820
1322 3305
1323 1375
1323 2071
1323 3891
1324 3522
1324 3916
1325 1340
1325 2670
1325 3423
1326 2041
1326 3253
1326 3507
1327 2145
1328 1674
1328 2113
1329 1746
1330 1430
1330 2822
1331 1446
1331 1628
1331 2122
1331 2495
1331 3203
1331 3680
1332 2537
1333 1456
1333 1779
1333 3162
1334 1878
1334 2235
1334 3779
1335 1446
1336 2702
1336 3275
1338 3508
1339 1448
1339 1544
1340 2349
1340 3013
1340 3633
1341 1739
1341 3637
1341 3668
1341 3693
1342 1711
1342 2507
1343 2774
1343 2972
1344 1531
1344 1932
1344 2115
1344 2374
1344 2459
1344 2491
1344 2826
1344 3517
1344 3535
1344 3870
1345 3197
1345 3338
1345 3939
1347 2385
1347 3184
1347 3387
1347 3614
1348 3129
1349 2666
1350 1588
1350 1648
1350 3437
1350 3853
1351 1405
1351 2040
1353 2127
1353 2717
1353 3505
1354 1445
1354 2623
1354 3433
1355 2418
1356 1543
1356 1633
1356 1707
1356 3513
1357 3470
1357 3886
1358 2301
1358 2677
1358 2703
1358 3267
1358 3364
1358 3832
1359 3962
1360 2727
1360 3469
1361 1484
1361 1560
1361 2556
1361 3292
1361 3650
1361 3908
1362 1581
1362 2481
1362 2816
1362 3265
1362 3555
1362 3666
1362 3833
1363 3562
1364 1388
1364 1478
1364 1521
1364 1940
1364 2016
1365 2090
1365 2342
1365 2902
1365 3278
1366 2538
1367 1373
1367 1572
1367 2081
1367 2270
1367 3247
1368 1608
1368 1857
1368 2753
1368 2967
1368 3100
1368 3156
1368 3505
1368 3585
1369 2294
1369 3229
1370 1577
1370 2447
1370 3976
1371 1687
1371 2682
1371 2858
1371 2985
1371 3502
1372 1911
1372 2128
1372 2932
1373 1926
1373 3026
1373 3094
1373 3456
1374 2815
1375 2485
1376 1787
1377 1575
1377 3476
1378 1475
1378 1523
1378 1654
1378 2348
1379 3296
1381 1922
1381 2057
1381 2853
1381 3428
1381 3890
1382 2464
1382 2659
1382 3502
1382 3602
1383 2580
1383 2651
1385 1939
1385 2167
1386 2278
1386 2382
1387 2400
1387 2881
1388 1874
1388 2331
1388 2493
1389 2437
1389 2546
1389 3753
1390 3003
1390 3106
1391 2050
1391 2289
1391 2542
1391 2595
1391 2626
1391 2829
1391 3445
1394 1430
1394 2314
1394 2549
1394 2894
1395 2425
1395 3394
1396 2490
1396 3506
1397 1775
1397 3024
1398 2073
1398 2995
1398 3563
1398 3727
1399 1970
1399 2728
1399 2771
1399 2859
1399 3203
1401 1844
1401 2088
1401 3202
1401 3659
1402 1940
1402 2074
1402 3091
1404 1413
1404 1593
1404 2219
1405 1438
1405 1498
1405 1791
1406 2160
1406 3549
1406 3561
1406 3666
1406 3912
1408 1545
1408 2257
1408 2543
1409 2864
1410 2407
1410 2990
1411 2274
1411 2926
1411 3106
1411 3422
1411 3817
1412 1472
1412 2191
1412 2562
1412 2643
1412 2778
1412 3176
1412 3610
1412 3950
1413 1850
1413 2535
1413 2813
1414 1468
1414 1829
1414 1983
1414 2185
1415 1643
1415 2385
1415 3001
1415 3626
1416 1771
1416 2947
1416 3669
1417 1596
1417 3015
1418 1622
1418 2595
1418 2755
1418 3741
1419 1964
1419 1976
1419 3916
1419 3944
1420 1606
1420 1975
1422 1484
1423 3603
1424 1639
1424 2639
1424 3463
1425 1538
1426 1703
1426 2132
1427 3458
1427 3480
1428 1737
1428 2363
1428 2454
1428 3646
1429 3286
1430 1655
1430 2222
1430 2383
1430 2600
1430 2798
1430 3258
1431 2762
1432 2859
1433 1819
1433 1886
1434 2116
1436 3480
1438 2422
1438 3211
1438 3422
1438 3950
1439 2451
1439 3345
1439 3392
1439 3826
1440 2039
1441 2084
1441 2651
1441 2676
1441 3689
1441 3728
1442 1565
1442 2119
1442 2649
1443 1532
1443 2463
1443 2790
1444 3805
1445 1613
1445 2520
1446 2309
1446 2448
1446 2569
1446 2987
1447 3271
1448 1452
1448 2739
1448 3222
1448 3489
1449 2622
1450 2166
1451 1473
1451 1892
1451 3036
1451 3752
1452 2310
1453 2290
1453 2407
1453 3286
1453 3353
1453 3575
1454 1993
1454 2518
1454 3247
1454 3465
1454 3856
1454 3970
1455 1721
1455 2731
1455 2832
1455 3879
1456 2540
1456 2996
1456 3276
1456 3455
1458 1938
1458 2339
1459 1569
1459 2611
1460 1599
1460 2998
1461 1682
1461 1761
1464 3124
1464 3552
1464 3639
1464 3781
1465 2144
1465 3598
1465 3932
1466 1938
1467 1541
1467 2283
1467 2514
1467 3092
1468 2837
1469 3201
1469 3996
1470 1686
1470 2786
1471 1673
1472 1626
1472 2917
1473 2829
1474 2117
1474 2129
1474 2415
1475 3653
1476 1899
1476 2270
1476 2525
1477 2289
1477 3136
1477 3670
1477 3734
1478 1543
1478 1640
1478 3792
1480 2028
1480 2145
1481 2838
1481 3745
1482 2928
1482 2958
1483 1680
1483 1708
1484 2828
1484 3732
1485 1591
1485 2433
1485 2698
1485 2775
1485 2816
1486 2928
1486 3512
1487 2034
1487 2749
1487 3691
1488 2650
1488 2912
1489 1675
1489 3238
1489 3255
1489 3641
1490 1556
1490 2942
1490 3643
1491 1568
1491 1939
1491 2311
1491 3320
1492 2706
1492 3211
1493 2759
1493 3076
1494 3576
1495 1805
1495 2384
1496 2803
1496 3665
1497 2133
1497 3080
1497 3840
1498 2706
1498 3506
1499 3132
1499 3679
1500 2345
1500 2445
1500 3253
1501 1654
1501 2264
1501 2570
1502 2037
1503 1801
1503 2178
1503 2379
1503 3009
1503 3742
1504 1960
1504 2596
1504 2818
1504 2889
1504 3634
1505 1927
1505 2462
1505 3657
1506 1595
1506 1696
1506 3217
1506 3357
1506 3587
1506 3776
1507 2426
1508 1841
1508 2000
1508 2385
1508 2406
1509 2307
1509 2976
1510 1730
1510 2065
1511 1550
1511 2146
1511 3630
1512 2564
1512 2643
1512 2852
1512 2979
1512 3914
1513 3930
1514 2206
1514 2323
1514 3191
1514 3216
1514 3552
1514 3639
1515 3113
1516 2683
1516 3479
1517 2347
1517 2468
1519 1623
1519 1701
1519 1781
1519 2901
1519 3670
1520 1677
1520 2157
1520 2584
1520 3776
1521 1971
1522 2685
1522 3012
1522 3079
1522 3851
1523 2238
1524 1764
1524 1778
1524 2390
1524 2526
1525 2276
1525 2769
1525 3841
1527 1735
1527 1932
1528 2044
1528 2655
1529 2810
1529 3662
1529 3775
1529 3858
1530 1626
1530 3884
1531 1883
1531 2705
1531 2871
1531 3276
1532 1595
1532 3145
1532 3364
1533 2958
1533 3207
1533 3334
1533 3479
1534 1558
1534 2989
1535 2728
1535 3142
1536 1542
1536 1827
1536 2021
1536 2613
1537 3262
1537 3822
1538 2539
1538 2856
1538 2947
1538 2954
1538 3508
1539 1791
1539 3414
1540 2249
1540 3446
1541 2616
1541 2618
1542 3324
1543 1871
1543 2096
1543 2374
1543 3105
1543 3386
1544 2055
1545 2948
1546 3618
1547 1906
1547 2259
1548 2601
1549 1657
1549 2732
1550 1765
1550 3403
1551 2473
1551 3198
1551 3765
1551 3790
1552 2040
1552 2403
1552 2523
1553 1571
1553 2241
1553 3482
1553 3671
1553 3947
1554 1990
1554 3245
1554 3330
1554 3397
1555 2008
1555 2521
1555 3127
1556 1863
1557 1637
1557 3007
1557 3653
1557 3932
1557 3966
1557 3982
1558 1657
1558 2442
1558 3261
1558 3340
1558 3457
1559 1605
1559 2122
1559 2165
1559 2480
1559 2510
1560 2923
1561 2159
1561 2902
1562 2603
1563 2214
1564 3058
1565 3166
1565 3706
1565 3947
1567 2990
1567 3603
1568 1939
1568 2090
1569 3194
1570 1667
1570 2500
1570 2801
1571 1665
1571 3080
1571 3095
1571 3139
1571 3871
1573 1877
1574 1722
1574 2612
1574 3082
1574 3200
1576 1920
1576 1945
1577 2765
1577 2824
1577 3247
1577 3384
1577 3737
1578 2572
1578 3202
1579 2015
1579 3040
1579 3689
1579 3877
1580 3696
1580 3890
1581 2414
1581 2516
1582 2915
1583 1895
1584 2391
1584 3366
1585 1740
1585 3296
1586 1590
1587 2340
1588 3086
1588 3991
1589 1680
1589 2809
1589 3313
1591 3248
1592 2090
1592 2816
1592 3668
1593 2886
1593 3267
1593 3308
1594 1605
1595 2091
1595 3227
1596 1792
1596 2084
1596 2413
1596 2947
1596 3230
1596 3654
1596 3915
1597 1738
1598 1696
1598 2097
1598 2280
1598 3154
1599 1980
1599 3251
1599 3923
1600 3453
1601 1942
1601 3367
1601 3511
1602 1897
1602 2317
1602 2796
1602 3174
1603 1954
1603 3228
1603 3585
1604 1799
1604 2319
1604 2725
1604 3515
1606 2672
1606 3125
1606 3916
1606 3952
1607 3423
1608 2206
1609 1999
1609 2209
1609 2510
1609 3624
1610 2375
1610 2377
1610 3492
1611 1702
1611 3217
1611 3584
1613 1997
1613 2013
1613 2454
1614 1787
1614 2386
1615 1898
1615 3094
1615 3460
1616 1896
1617 2964
1618 2333
1618 2459
1619 3189
1620 2309
1620 2466
1621 1731
1621 1766
1621 2076
1621 2518
1622 2561
1622 2997
1622 3844
1622 3935
1623 2456
1624 2264
1625 2072
1625 2159
1625 2278
1625 2580
1625 2912
1625 3015
1625 3452
1625 3627
1625 3921
1626 1848
1626 3017
1626 3096
1626 3192
1626 3270
1627 2342
1627 2513
1627 2793
1627 3248
1629 2782
1629 2795
1630 1654
1630 2994
1631 2116
1631 2409
1631 2459
1631 3588
1631 3852
1632 1915
1632 2021
1632 2109
1633 3641
1634 2219
1634 3075
1635 1703
1635 2190
1635 3486
1636 3978
1637 1698
1637 1709
1637 2211
1638 2439
1638 3049
1638 3793
1638 3795
1639 2147
1639 2794
1639 2942
1639 3342
1639 3444
1639 3474
1640 3253
1640 3881
1641 2446
1641 2673
1641 2690
1642 2109
1642 2346
1642 2376
1642 3205
1642 3961
1643 2983
1643 3302
1643 3396
1645 1759
1645 2524
1645 2961
1645 2990
1645 3327
1645 3591
1646 3172
1647 2422
1647 2850
1647 3175
1647 3691
1647 3720
1648 2488
1649 1726
1649 3837
1649 3905
1650 2778
1651 2456
1651 3543
1652 2041
1652 2511
1653 2754
1653 3106
1653 3943
1655 2084
1655 3363
1655 3975
1656 2484
1656 2891
1657 2093
1658 2910
1658 3660
1659 3873
1660 1855
1660 2017
1660 3986
1661 1737
1661 2765
1661 2843
1661 2877
1661 3766
1662 3208
1662 3534
1662 3740
1663 1914
1663 1969
1663 1995
1663 3341
1663 3468
1664 1778
1664 3144
1664 3293
1664 3343
1664 3794
1665 2015
1665 2423
1665 3397
1665 3417
1666 1675
1666 1807
1666 1993
1666 2403
1666 2428
1667 2339
1667 3197
1667 3318
1667 3927
1669 2156
1670 2738
1671 2469
1672 3612
1673 3720
1674 2049
1674 3204
1675 1753
1675 1959
1675 2359
1675 2518
1676 1680
1676 3115
1676 3391
1676 3498
1677 2381
1677 2823
1679 2062
1679 2093
1679 3013
1679 3153
1679 3918
1680 2470
1681 3073
1683 2424
1684 3007
1685 2582
1685 2980
1685 3543
1685 3730
1689 2003
1689 2556
1689 2954
1690 1866
1690 1892
1690 2017
1690 2408
1690 3514
1691 1884
1691 1930
1691 2253
1691 2723
1691 3798
1691 3811
1692 2041
1693 3415
1694 1741
1695 2015
1695 2579
1695 3208
1695 3327
1696 1817
1696 2639
1696 2726
1696 2934
1696 3022
1697 2121
1698 2157
1698 2660
1699 1822
1699 2238
1699 2402
1699 2600
1700 1880
1700 1943
1700 3132
1701 2349
1701 3414
1701 3870
1702 2567
1702 2903
1702 3739
1703 2040
1704 1937
1704 3109
1704 3748
1705 2530
1705 2607
1706 2322
1706 2451
1706 2797
1706 2950
1707 2619
1707 3999
1708 2444
1708 2925
1708 3910
1709 2293
1709 2380
1709 3816
1710 2047
1710 2241
1710 2933
1710 3053
1711 3294
1711 3584
1712 1744
1712 1767
1712 1960
1712 1981
1712 2389
1712 2666
1712 3869
1713 3009
1713 3679
1715 1875
1715 2069
1717 3587
1717 3610
1717 3687
1718 3510
1719 2719
1719 3777
1720 2148
1720 2315
1721 2374
1722 2517
1722 2708
1724 2208
1724 2309
1724 3786
1724 3974
1726 2195
1726 2457
1727 2408
1727 3314
1728 2255
1728 2845
1728 3018
1728 3505
1729 2242
1729 2980
1729 3402
1730 2817
1731 1901
1731 2756
1732 2012
1732 2842
1732 2993
1733 2226
1735 3003
1735 3185
1736 3037
1736 3440
1737 2166
1739 2414
1739 3320
1739 3487
1740 2169
1740 3803
1741 2590
1742 3633
1742 3906
1743 2569
1743 3349
1744 2571
1744 3234
1744 3607
1744 3929
1745 2560
1745 3928
1746 1821
1746 2171
1746 2781
1746 3870
1747 3074
1748 2631
1748 2720
1748 3717
1750 2448
1750 3013
1750 3775
1751 2207
1753 1922
1753 3894
1754 2337
1754 3866
1754 3868
1756 2160
1756 2277
1756 2933
1756 3120
1756 3746
1757 2611
1757 3019
1758 3177
1759 2523
1759 2602
1759 2918
1759 3187
1760 3758
1761 1888
1761 1910
1761 2300
1761 2641
1761 3382
1762 2293
1762 2636
1762 3116
1763 3044
1763 3808
1764 2743
1764 3057
1764 3529
1765 2192
1765 3058
1765 3381
1765 3557
1766 1995
1767 3648
1767 3782
1768 2416
1769 3021
1769 3780
1769 3841
1770 2082
1772 2388
1772 2482
1772 3421
1772 3493
1773 3475
1775 2239
1775 3799
1776 1883
1776 2198
1776 2589
1776 2908
1777 2145
1777 2569
1777 2577
1777 2704
1778 2001
1778 3025
1779 2981
1779 3874
1780 2584
1780 2681
1782 1859
1782 2368
1783 2161
1783 2776
1784 1828
1784 1862
1784 3546
1785 2444
1785 3378
1785 3940
1785 3979
1786 3047
1786 3775
1787 3857
1787 3876
1787 3889
1788 1902
1788 3507
1788 3746
1789 2128
1789 2399
1789 3693
1790 2053
1790 3560
1791 3833
1791 3882
1793 2803
1793 2907
1794 1995
1794 3006
1795 2327
1795 3121
1795 3163
1795 3915
1795 3953
1796 2664
1796 2798
1796 3749
1797 2342
1797 2405
1797 2727
1797 2884
1797 2888
1797 3046
1799 2617
1799 2631
1799 3945
1800 1920
1800 2483
1800 3068
1801 3328
1802 1837
1802 2780
1802 3365
1802 3737
1803 3483
1805 1850
1805 2324
1805 3541
1806 2499
1806 2734
1807 2520
1808 1955
1808 2536
1808 3777
1809 3059
1809 3085
1810 1983
1810 2309
1810 2789
1810 2944
1811 1836
1811 2567
1811 2822
1811 3239
1811 3447
1811 3475
1811 3671
1811 3823
1812 1832
1812 2798
1812 3892
1813 1937
1813 2476
1813 3575
1814 2490
1814 3380
1815 2325
1815 3248
1815 3545
1815 3620
1816 2239
1817 2881
1818 2365
1820 2303
1820 2704
1821 1831
1821 2013
1822 2055
1822 2697
1822 2721
1822 2800
1824 3306
1825 3634
1825 3655
1825 3697
1826 3970
1827 2948
1828 2691
1829 3412
1830 2009
1830 2246
1830 2668
1831 2652
1831 3339
1832 2257
1832 3923
1833 2191
1833 2254
1833 3171
1833 3799
1833 3938
1834 3003
1835 2635
1835 3250
1835 3504
1836 3832
1837 2414
1837 2821
1837 3454
1838 2170
1839 1859
1839 3092
1839 3754
1840 3176
1841 2128
1841 2349
1841 2500
1841 2948
1841 3450
1842 2142
1842 2345
1842 2365
1842 2656
1842 3441
1843 2597
1844 2835
1844 3288
1844 3929
1845 3376
1845 3622
1846 2605
1846 3184
1846 3499
1847 3360
1848 2105
1848 2598
1848 3812
1849 2925
1850 2240
1850 2489
1851 2249
1851 3808
1852 1916
1854 2024
1854 2350
1854 2544
1854 2716
1855 2643
1855 2943
1855 3956
1856 3023
1856 3253
1856 3415
1857 3963
1858 2216
1858 2266
1858 3292
1858 3794
1858 3855
1859 2420
1860 2095
1860 2733
1861 2230
1861 3476
1862 2437
1863 1962
1863 2648
1863 3305
1863 3425
1863 3634
1865 1946
1865 2215
1865 2350
1865 3472
1866 3006
1867 2359
1867 2417
1867 3425
1867 3728
1868 2801
1868 3545
1868 3669
1869 2001
1869 2793
1869 3280
1870 2662
1870 3077
1871 3732
1871 3866
1872 2351
1872 2452
1872 3637
1873 2789
1873 3976
1874 1924
1874 3841
1875 2566
1876 1952
1877 2776
1878 2964
1879 3816
1880 2514
1881 2267
1882 2401
1882 3297
1882 3535
1883 2089
1886 3394
1888 1953
1888 2715
1888 2769
1889 3025
1890 2462
1890 2503
1891 2109
1892 3454
1892 3497
1892 3589
1894 3440
1894 3735
1895 2072
1895 2319
1895 2609
1895 3910
1896 3891
1897 2479
1897 3950
1899 2313
1899 3405
1899 3596
1899 3670
1899 3970
1900 2307
1900 3566
1900 3842
1902 3409
1903 3080
1903 3828
1903 3991
1905 3451
1905 3587
1905 3740
1906 2341
1906 2596
1906 3615
1907 2112
1907 3191
1908 2706
1908 2970
1908 3203
1908 3473
1909 2094
1909 2458
1909 3078
1910 2120
1912 2193
1912 2380
1912 2824
1912 2883
1912 2894
1912 3276
1912 3381
1913 2770
1915 3613
1916 2063
1916 2666
1916 3027
1916 3350
1917 2021
1918 2006
1918 3142
1918 3257
1920 2089
1920 3008
1920 3409
1921 2300
1921 2907
1921 3657
1921 3777
1922 1990
1922 2509
1922 3461
1922 3602
1922 3833
1923 3196
1923 3345
1924 3777
1925 3112
1925 3353
1926 2673
1927 2092
1927 2756
1927 2937
1927 2938
1927 3356
1928 3935
1929 2048
1929 3673
1930 2101
1931 2490
1931 3194
1932 2534
1932 2610
1932 2696
1933 2341
1933 3403
1933 3536
1934 3156
1934 3822
1935 2078
1935 3359
1936 2045
1936 2096
1936 2444
1936 2616
1937 3644
1937 3750
1938 2256
1938 2462
1938 2512
1938 3086
1938 3349
1938 3835
1941 2298
1942 2532
1943 2258
1943 2860
1944 2323
1944 3861
1945 2328
1945 3115
1945 3535
1946 3152
1946 3477
1950 2504
1950 3386
1951 2943
1951 3162
1952 3970
1953 2525
1954 2986
1954 3201
1955 2499
1956 2123
1956 2723
1956 3236
1956 3356
1957 3505
1957 3927
1958 2380
1958 3209
1959 3358
1959 3920
1960 3649
1960 3991
1961 2331
1961 3155
1962 2796
1962 3333
1963 2660
1964 3137
1964 3243
1964 3466
1965 2783
1965 3516
1965 3821
1966 3440
1967 2171
1967 2274
1967 3054
1967 3293
1967 3394
1967 3833
1968 2074
1969 2047
1969 3587
1970 3009
1970 3628
1972 2361
1972 2555
1972 2907
1972 2936
1972 3040
1973 3628
1974 2924
1974 3213
1975 2491
1975 2915
1975 3390
1976 2365
1976 2736
1976 3051
1976 3564
1976 3775
1977 2558
1977 2969
1977 3204
1978 2591
1978 3874
1979 2664
1979 3037
1979 3833
1980 3121
1980 3996
1981 2973
1981 3028
1982 2559
1982 2677
1982 2891
1983 3662
1984 2988
1984 3001
1984 3356
1984 3555
1985 2102
1985 3900
1986 2075
1986 2648
1986 2786
1987 2965
1987 3391
1988 2062
1988 2883
1988 3294
1988 3637
1988 3680
1991 3719
1992 2654
1992 2693
1992 2957
1992 3417
1992 3587
1993 2184
1994 3538
1995 3177
1995 3939
1996 2483
1997 2182
1999 2085
1999 3055
1999 3508
1999 3627
1999 3793
2000 2142
2000 2839
2003 2404
2004 2517
2004 3066
2004 3780
2005 3249
2006 2159
2006 2563
2006 3147
2006 3198
2006 3271
2007 2907
2007 3097
2007 3253
2008 2372
2008 2399
2008 2946
2008 3379
2008 3722
2010 2514
2010 3888
2012 3436
2012 3550
2012 3822
2014 2086
2014 2119
2014 2245
2014 2774
2014 3686
2015 2560
2015 2736
2016 2673
2017 2122
2017 2635
2017 2953
2017 3007
2018 3341
2019 2410
2020 3095
2022 2575
2024 2215
2024 2500
2024 2649
2024 3289
2024 3536
2025 2711
2025 3107
2025 3837
2025 3944
2026 2100
2026 3360
2028 3921
2029 3583
2030 3087
2031 3508
2032 3197
2032 3262
2032 3777
2033 2881
2033 3553
2034 2077
2035 3490
2035 3610
2036 2193
2036 3546
2037 3606
2038 3360
2038 3886
2039 2393
2039 2442
2039 2465
2040 2746
2040 2872
2040 2952
2040 3168
2041 2898
2041 3409
2041 3905
2041 3992
2042 3201
2042 3433
2043 2987
2044 2667
2044 2726
2045 2449
2046 2201
2046 2739
2046 3312
2046 3884
2047 2936
2047 3137
2047 3447
2048 2791
2048 2941
2049 2101
2049 2789
2049 3298
2049 3728
2050 3016
2051 3367
2051 3460
2051 3727
2052 2620
2052 3180
2053 3531
2053 3946
2054 2308
2055 2186
2056 2802
2056 2918
2056 3232
2056 3682
2056 3739
2057 3067
2057 3615
2058 3597
2058 3621
2059 2432
2059 2731
2060 2128
2060 3234
2061 3325
2062 3451
2062 3475
2062 3892
2063 3682
2064 2372
2065 2104
2065 2717
2065 3650
2066 3205
2066 3396
2067 2438
2067 3540
2068 3844
2069 2509
2069 2917
2069 3588
2070 3328
2070 3972
2071 3608
2072 3238
2072 3368
2074 2517
2074 3895
2075 2464
2075 2706
2075 2968
2076 3500
2077 2351
2077 3225
2077 3979
2078 2143
2078 2634
2078 3725
2080 2337
2080 2655
2080 3739
2080 3961
2081 2110
2081 2627
2081 3451
2081 3456
2081 3534
2082 2303
2082 3626
2083 2612
2084 3771
2085 3028
2086 2725
2087 3980
2088 3324
2088 3836
2089 2295
2089 2385
2089 2778
2090 2411
2090 2507
2090 2738
2090 3230
2090 3956
2091 2578
2091 2580
2091 3095
2092 3160
2092 3537
2094 2176
2094 2522
2094 3535
2096 3398
2097 2729
2097 3031
2097 3239
2099 3105
2099 3297
2100 2192
2100 2782
2101 2611
2102 3739
2102 3830
2103 2124
2104 3523
2104 3602
2104 3715
2105 2220
2105 3420
2106 2379
2106 2800
2106 2868
2106 3327
2107 2577
2107 3461
2108 3432
2109 2386
2109 3172
2109 3346
2110 2877
2110 3308
2110 3678
2111 2154
2111 2470
2111 2627
2112 2199
2112 2810
2112 2892
2112 3725
2113 3320
2115 3733
2116 2626
2116 2744
2116 3152
2118 2175
2118 2429
2119 2682
2119 3253
2120 3345
2121 2249
2121 2335
2121 3917
2123 2953
2123 3312
2123 3384
2123 3608
2125 2226
2125 3444
2125 3813
2126 2384
2126 3407
2127 2149
2127 3702
2128 2560
2128 3620
2131 2432
2132 2703
2132 3658
2133 2289
2133 2910
2133 3927
2134 2376
2134 2861
2134 3477
2135 2251
2136 2823
2136 3633
2137 3086
2138 2556
2138 3484
2139 3020
2140 3127
2141 2144
2141 2454
2141 2678
2141 3632
2141 3786
2142 2359
2142 3448
2142 3479
2142 3898
2142 3905
2143 3018
2144 2273
2144 2349
2145 2211
2145 3094
2146 2692
2146 2828
2146 3102
2147 2554
2147 3248
2147 3643
2148 3184
2148 3601
2148 3913
2149 3658
2150 3278
2150 3533
2150 3922
2150 3963
2151 2797
2151 3111
2152 2297
2152 3155
2152 3405
2153 2854
2153 3372
2154 3788
2154 3847
2155 3196
2155 3623
2156 2737
2156 2936
2156 3718
2157 2336
2157 3568
2157 3944
2159 2352
2159 2667
2159 2709
2159 2846
2159 2917
2159 3038
2159 3730
2159 3961
2160 2897
2160 3129
2160 3419
2161 3589
2162 3302
2162 3748
2163 3340
2165 2801
2165 3202
2165 3969
2167 3424
2167 3521
2168 2204
2168 3349
2169 2713
2169 2795
2169 3328
2170 2494
2170 2504
2170 2575
2170 2747
2170 3574
2171 3572
2171 3691
2172 3381
2172 3543
2172 3913
2173 2370
2173 2670
2174 2375
2175 3465
2175 3953
2176 3790
2176 3793
2177 2781
2178 2264
2178 3276
2179 2741
2179 3264
2180 2399
2180 2796
2180 2884
2180 3602
2181 3669
2181 3775
2181 3877
2182 3032
2183 3554
2184 3097
2185 3464
2185 3783
2187 2390
2187 2688
2187 3505
2188 3298
2189 2325
2190 2637
2191 2516
2191 2957
2192 3026
2193 2756
2193 3517
2194 2557
2195 2560
2195 3968
2196 2850
2196 3464
2196 3677
2197 3010
2197 3481
2198 2199
2198 2935
2198 3750
2199 2930
2199 3818
2200 2543
2201 2700
2201 2882
2203 2407
2203 3559
2204 3809
2205 3119
2206 3332
2207 2565
2207 3129
2208 2769
2208 3088
2208 3442
2209 2292
2209 2574
2209 3532
2210 2568
2210 3297
2210 3310
2211 2630
2211 2760
2211 3353
2211 3474
2211 3574
2211 3802
2212 3239
2212 3484
2213 2439
2213 2532
2213 2828
2214 3079
2214 3945
2215 3185
2215 3932
2216 2615
2217 3823
2217 3905
2218 3530
2218 3980
2219 2882
2219 3374
2219 3692
2221 2583
2221 3291
2222 3708
2223 2804
2224 2289
2224 2522
2224 2527
2225 2568
2225 3545
2226 2409
2226 2468
2228 2270
2229 3824
2230 2246
2230 3404
2231 2586
2231 3089
2231 3327
2232 2641
2232 3372
2233 2546
2233 2939
2233 3201
2233 3448
2233 3536
2233 3844
2234 3723
2235 3245
2236 2624
2236 3347
2236 3714
2237 2307
2240 2798
2240 3659
2240 3879
2242 3067
2243 2542
2243 3249
2243 3465
2244 2388
2244 3221
2245 2644
2246 2342
2246 2415
2246 2884
2246 3250
2247 2728
2247 3456
2248 2630
2250 3206
2251 2752
2251 3042
2251 3320
2251 3850
2252 2399
2253 2421
2253 2441
2253 2839
2253 3706
2253 3807
2254 2323
2254 2693
2258 2260
2258 2349
2258 2775
2259 2366
2259 2412
2259 2622
2259 3333
2260 3217
2261 2655
2261 3331
2262 2600
2262 3965
2262 3992
2263 3930
2264 2458
2264 3326
2264 3399
2264 3591
2265 2989
2265 3815
2266 2755
2266 2762
2266 2888
2266 2905
2266 3103
2266 3950
2266 3967
2267 2689
2267 3528
2268 3370
2269 2787
2269 2834
2270 2323
2270 2468
2270 3116
2270 3944
2271 3094
2271 3539
2272 2331
2272 2695
2272 3470
2274 3086
2274 3213
2275 3196
2275 3690
2277 2730
2277 3102
2278 3000
2278 3355
2280 3221
2281 3346
2282 2918
2284 2495
2284 3210
2284 3276
2285 2998
2285 3343
2286 2458
2286 2776
2286 2898
2286 3921
2287 3185
2288 3813
2289 2416
2289 2453
2289 3794
2291 2877
2291 3042
2293 2573
2293 3417
2294 2682
2295 2684
2295 3948
2296 2469
2296 3038
2296 3074
2297 3080
2297 3357
2297 3579
2299 2639
2299 2722
2300 2446
2300 3791
2301 2517
2301 3303
2301 3756
2303 3368
2304 2424
2305 2527
2305 2856
2306 2664
2306 2910
2307 2519
2307 3080
2308 2958
2308 3455
2309 2556
2309 2855
2310 2495
2310 2499
2310 3171
2310 3257
2310 3638
2311 2319
2311 3985
2313 3253
2313 3794
2314 2967
2314 3109
2314 3830
2314 3903
2315 2856
2315 2875
2315 3470
2315 3553
2317 2676
2318 2696
2319 2885
2320 2472
2320 2804
2322 2924
2322 3925
2323 2784
2323 3034
2323 3494
2323 3621
2328 2960
2329 2484
2329 3008
2329 3385
2331 2561
2331 2809
2331 2860
2331 3730
2332 2734
2332 3585
2333 3848
2334 2793
2335 2685
2335 2782
2336 2735
2337 3569
2338 2634
2340 2652
2340 3943
2341 2558
2341 3811
2341 3859
2342 3124
2342 3570
2342 3859
2343 3351
2344 3211
2345 2428
2345 3484
2346 3069
2346 3330
2347 2746
2347 2813
2347 3499
2347 3635
2347 3800
2348 2783
2348 3238
2348 3594
2348 3600
2349 2378
2350 3147
2351 2426
2351 2737
2351 2849
2351 3170
2352 3067
2352 3714
2353 2995
2354 2892
2354 2943
2355 3134
2356 3842
2357 2853
2357 3216
2357 3320
2358 3597
2359 3069
2359 3375
2359 3953
2360 2720
2363 2570
2363 2580
2363 2759
2365 2746
2365 2773
2366 3276
2367 3758
2368 2483
2368 3360
2369 2550
2370 3262
2371 3249
2372 3196
2375 3184
2375 3235
2376 2656
2377 2506
2377 3364
2377 3467
2378 3035
2379 3929
2380 2822
2381 3311
2382 2952
2382 3057
2383 2497
2384 2728
2384 2896
2384 3767
2384 3801
2385 3963
2386 2833
2387 2650
2387 3213
2387 3837
2388 2833
2389 2478
2389 2646
2389 2850
2389 2890
2391 3079
2392 2511
2392 2967
2394 3435
2398 3272
2399 3558
2400 3327
2400 3634
2400 3934
2401 2848
2401 3068
2402 2711
2402 3548
2404 2416
2405 2968
2406 2925
2406 3446
2408 3804
2409 2418
2409 3243
2410 2715
2411 3944
2413 3427
2413 3601
2414 2658
2418 2717
2420 3031
2420 3738
2421 3058
2421 3379
2421 3453
2421 3842
2421 3938
2423 3994
2425 2776
2425 3690
2426 3499
2427 3274
2428 3437
2428 3671
2429 2476
2429 2970
2429 3914
2430 3737
2431 3355
2432 2997
2432 3012
2433 2704
2433 3114
2435 3560
2438 2715
2439 3064
2439 3590
2440 2666
2441 3319
2441 3564
2441 3922
2443 2913
2443 3594
2444 3355
2446 2998
2449 3303
2449 3634
2450 3033
2450 3440
2450 3763
2450 3845
2451 2815
2453 2719
2453 3011
2453 3291
2454 3234
2455 2791
2455 2856
2455 3561
2456 2825
2456 3352
2457 3692
2458 2460
2459 3777
2460 3131
2461 3515
2462 3803
2462 3853
2464 2719
2464 2720
2464 3034
2464 3246
2465 3357
2466 3115
2467 2816
2468 2634
2470 3963
2472 3097
2474 2880
2477 3225
2477 3809
2478 3866
2478 3992
2479 3187
2479 3279
2480 2935
2480 3043
2481 3459
2481 3811
2481 3867
2482 2744
2483 2678
2483 3148
2485 2932
2486 3658
2487 2566
2488 2679
2488 2696
2488 2927
2488 2943
2491 3844
2493 2613
2493 2940
2493 3002
2494 2546
2494 3000
2494 3083
2494 3157
2496 3815
2497 3624
2497 3725
2499 2782
2499 3388
2501 3238
2501 3386
2503 2524
2503 2784
2503 2828
2503 3016
2503 3202
2504 2706
2504 2970
2504 3073
2504 3561
2506 2745
2508 3225
2509 3640
2511 3017
2511 3571
2513 3178
2514 2784
2514 3564
2515 3546
2515 3761
2518 2606
2518 2739
2518 3707
2518 3758
2520 3278
2520 3412
2521 2608
2521 3869
2522 2792
2523 3148
2523 3421
2524 3359
2525 2933
2525 3863
2526 3116
2526 3633
2526 3858
2527 3526
2528 2781
2528 3010
2528 3224
2528 3986
2529 3408
2529 3778
2530 2561
2530 3116
2530 3818
2531 3099
2534 2688
2534 2958
2535 2982
2535 3063
2536 2665
2536 2712
2536 2742
2537 3635
2538 3141
2538 3532
2540 2789
2540 3056
2540 3967
2541 3493
2541 3573
2542 2766
2542 2914
2542 3199
2542 3413
2542 3769
2544 2701
2544 2702
2545 2667
2546 2927
2547 3059
2547 3189
2547 3394
2547 3921
2548 3389
2549 3339
2550 2810
2550 2837
2550 3345
2550 3486
2551 3712
2552 3277
2552 3667
2554 3624
2555 2990
2556 3052
2556 3197
2557 3779
2557 3788
2559 3294
2560 3283
2560 3793
2560 3831
2561 3897
2561 3996
2562 2609
2562 2983
2562 3153
2563 3052
2563 3543
2565 3118
2566 3344
2567 3049
2567 3293
2568 3692
2569 2625
2569 2995
2570 3225
2570 3693
2571 3013
2571 3185
2572 3894
2573 2873
2573 3224
2575 2884
2577 2797
2577 2815
2577 3029
2578 2714
2578 2961
2578 3943
2579 2850
2579 3150
2579 3192
2579 3292
2579 3789
2579 3840
2581 3074
2581 3717
2582 2653
2582 2740
2582 3521
2583 3937
2586 3344
2586 3777
2588 3773
2589 2725
2592 3546
2593 2787
2593 3101
2593 3813
2593 3841
2594 2758
2594 3043
2594 3716
2595 2729
2595 3620
2598 3579
2598 3748
2599 2846
2600 2673
2600 3916
2602 2734
2602 3055
2603 2657
2604 2732
2605 3314
2605 3474
2605 3595
2605 3721
2606 2814
2606 3406
2607 3970
2608 3908
2608 3912
2610 3308
2610 3811
2611 2780
2611 3048
2611 3585
2612 2677
2612 2928
2612 3840
2614 3383
2615 3542
2615 3861
2617 3620
2618 2680
2619 2686
2620 3787
2622 2985
2622 3029
2622 3858
2624 3111
2624 3318
2624 3456
2628 2975
2628 3885
2629 2919
2630 3853
2631 3755
2631 3970
2632 3861
2633 3372
2633 3644
2634 3795
2635 3982
2639 2994
2640 3402
2640 3419
2641 3661
2641 3784
2642 3050
2644 2919
2644 3124
2644 3545
2645 3530
2646 2802
2646 3083
2647 2849
2647 3715
2647 3869
2648 3689
2650 3288
2650 3523
2651 2840
2651 3967
2652 2802
2652 3460
2653 2865
2654 2890
2656 3853
2657 2884
2659 3200
2659 3302
2660 3038
2660 3469
2660 3684
2661 2706
2661 2842
2661 3528
2661 3660
2662 3209
2662 3300
2664 3567
2664 3633
2666 2676
2666 3419
2667 2768
2667 3088
2668 3338
2670 2712
2670 2882
2670 3378
2670 3834
2671 2686
2672 3198
2676 3766
2677 3419
2678 3361
2679 3282
2679 3890
2682 3364
2683 2826
2684 3129
2684 3747
2686 2770
2686 2999
2687 3792
2688 3791
2689 3180
2689 3587
2690 3747
2691 3551
2693 3384
2693 3435
2694 2992
2695 2833
2695 2938
2695 3074
2695 3443
2695 3596
2696 3626
2696 3933
2697 3878
2698 2925
2699 3331
2699 3631
2700 3190
2701 2960
2701 2963
2701 3163
2702 3086
2702 3797
2703 2723
2705 3679
2705 3831
2706 3547
2706 3617
2706 3714
2708 3527
2709 3172
2709 3527
2709 3809
2710 2714
2710 2938
2710 3265
2710 3540
2710 3808
2711 3785
2711 3931
2712 3864
2713 3736
2714 2940
2714 3581
2717 2725
2718 3977
2719 3009
2720 2736
2720 3317
2720 3903
2721 2842
2722 2960
2723 3329
2725 3224
2727 2960
2728 2872
2729 2851
2729 3548
2731 3776
2732 2804
2732 3974
2734 2892
2735 3606
2735 3839
2737 3599
2738 3672
2739 3133
2740 2768
2740 3537
2740 3975
2742 3426
2742 3855
2743 3572
2745 3857
2746 2897
2746 3249
2746 3523
2747 3083
2747 3583
2747 3752
2748 2902
2749 3538
2749 3978
2750 2914
2750 3115
2750 3730
2751 3801
2751 3845
2752 3972
2754 3515
2755 3025
2756 3208
2756 3695
2756 3893
2759 3083
2760 3876
2761 2913
2761 3230
2761 3413
2761 3467
2762 3328
2762 3351
2762 3525
2763 3217
2763 3499
2764 3833
2765 2967
2765 3846
2767 3192
2767 3805
2768 3567
2770 2778
2770 2884
2770 2933
2770 3288
2771 2855
2772 2902
2772 3333
2775 2951
2775 2955
2776 2970
2776 3302
2777 3554
2778 3018
2778 3952
2779 3807
2780 3474
2780 3945
2781 3553
2781 3755
2781 3805
2781 3941
2784 3580
2784 3893
2785 3272
2785 3330
2785 3500
2786 3807
2787 2795
2787 2895
2787 3076
2789 3222
2790 2966
2790 2993
2791 2961
2791 3638
2793 3035
2793 3788
2793 3802
2797 3653
2799 3468
2801 3146
2803 3940
2804 3886
2807 2947
2807 3046
2808 2854
2808 3272
2808 3283
2808 3388
2808 3579
2809 3693
2811 3162
2811 3286
2811 3806
2812 3079
2812 3379
2813 3326
2813 3678
2814 3295
2816 3393
2816 3590
2818 3419
2820 2995
2823 2940
2824 2985
2825 3895
2826 3873
2828 3116
2828 3815
2829 3534
2830 3506
2831 3037
2832 3329
2832 3457
2832 3960
2833 3316
2834 3424
2834 3608
2834 3716
2836 3882
2837 3899
2838 3236
2838 3450
2839 3334
2839 3947
2840 3983
2843 3036
2843 3585
2844 3899
2844 3910
2844 3966
2845 3277
2845 3635
2846 3165
2847 2879
2847 3340
2848 3891
2849 3194
2849 3250
2849 3961
2850 3501
2850 3950
2851 3610
2852 3693
2853 3277
2854 3272
2855 3635
2856 3249
2857 2902
2859 3356
2860 3069
2863 3222
2863 3900
2864 3292
2865 3819
2865 3958
2867 3140
2868 3399
2868 3444
2869 3132
2870 3001
2870 3134
2870 3579
2870 3611
2871 3471
2872 3230
2873 3480
2873 3604
2873 3673
2874 2914
2874 3129
2874 3689
2875 3423
2875 3531
2875 3758
2876 3047
2876 3777
2876 3970
2877 3105
2877 3739
2878 3318
2878 3731
2881 3198
2881 3467
2883 2945
2884 3051
2888 3037
2888 3070
2888 3314
2889 3116
2889 3205
2889 3593
2890 3564
2891 3481
2892 3696
2893 3352
2893 3685
2894 3807
2895 3550
2895 3618
2895 3631
2897 3507
2899 2904
2899 3089
2899 3147
2900 2967
2900 3136
2900 3841
2901 3484
2902 3124
2903 3068
2910 3209
2912 3192
2913 3324
2913 3435
2917 3067
2918 3351
2918 3484
2918 3621
2919 3409
2923 3351
2923 3638
2924 3044
2924 3322
2924 3475
2925 3708
2926 3278
2926 3967
2927 3822
2928 3424
2929 2930
2930 3037
2931 3774
2932 3458
2932 3994
2935 3151
2935 3316
2937 3567
2938 3015
2943 3018
2945 3247
2945 3678
2945 3895
2946 3691
2947 3048
2947 3162
2947 3420
2947 3710
2948 3923
2949 2982
2951 3326
2951 3818
2952 3810
2954 3314
2957 3962
2958 3010
2958 3052
2958 3887
2959 3794
2960 3812
2960 3876
2961 3305
2963 3519
2963 3966
2964 3516
2964 3530
2966 3493
2969 3771
2969 3899
2970 3453
2973 3625
2976 3733
2977 3057
2977 3121
2977 3556
2978 3816
2981 3636
2982 3798
2983 3003
2983 3334
2983 3571
2985 3285
2986 3038
2986 3084
2987 3143
2987 3740
2992 3002
2993 3017
2993 3807
2994 3083
2994 3733
2997 3476
2997 3991
2998 3686
2998 3889
2998 3935
3001 3455
3001 3501
3005 3429
3006 3592
3009 3218
3009 3588
3009 3757
3010 3145
3010 3988
3011 3367
3014 3158
3014 3758
3015 3947
3016 3754
3018 3720
3018 3919
3021 3266
3022 3667
3022 3860
3024 3260
3024 3307
3025 3144
3025 3446
3028 3631
3029 3998
3032 3429
3032 3801
3034 3145
3035 3708
3038 3261
3040 3124
3042 3125
3042 3311
3042 3896
3043 3824
3043 3960
3044 3664
3045 3591
3048 3756
3049 3270
3049 3718
3050 3870
3051 3604
3052 3695
3054 3274
3054 3936
3055 3262
3055 3868
3057 3677
3058 3103
3058 3156
3058 3312
3058 3564
3059 3617
3060 3563
3064 3888
3065 3291
3067 3953
3068 3355
3071 3756
3073 3636
3074 3708
3075 3401
3075 3624
3076 3260
3076 3363
3077 3749
3081 3273
3082 3596
3082 3856
3084 3260
3084 3943
3085 3114
3085 3672
3087 3659
3087 3971
3088 3726
3088 3809
3091 3385
3091 3574
3091 3975
3093 3249
3095 3142
3095 3603
3095 3666
3101 3255
3101 3782
3102 3243
3102 3698
3102 3862
3102 3889
3106 3214
3107 3607
3109 3829
3110 3274
3110 3347
3110 3712
3111 3427
3112 3271
3112 3421
3112 3545
3117 3200
3118 3384
3119 3997
3120 3646
3124 3945
3125 3433
3126 3140
3126 3718
3129 3833
3130 3620
3131 3734
3133 3479
3134 3600
3143 3437
3143 3804
3145 3555
3152 3643
3152 3935
3153 3609
3156 3470
3157 3272
3157 3496
3157 3530
3161 3184
3161 3751
3162 3513
3163 3444
3165 3314
3166 3483
3166 3947
3168 3298
3168 3554
3169 3375
3169 3548
3171 3519
3172 3236
3172 3397
3172 3548
3176 3573
3179 3968
3181 3213
3183 3219
3183 3352
3184 3326
3185 3801
3186 3446
3186 3474
3187 3533
3188 3343
3189 3360
3189 3639
3192 3935
3193 3271
3193 3428
3195 3400
3198 3798
3200 3261
3201 3264
3201 3438
3205 3285
3205 3703
3206 3496
3206 3576
3207 3624
3209 3644
3211 3395
3213 3219
3213 3277
3216 3627
3217 3339
3217 3365
3217 3799
3217 3941
3218 3575
3218 3953
3220 3312
3220 3445
3220 3970
3221 3281
3227 3584
3227 3997
3235 3469
3235 3528
3236 3350
3239 3269
3244 3965
3250 3382
3250 3611
3254 3605
3254 3621
3256 3450
3256 3491
3256 3812
3262 3783
3264 3776
3265 3988
3267 3277
3268 3470
3270 3852
3272 3805
3274 3637
3281 3791
3281 3941
3287 3532
3287 3975
3288 3357
3290 3348
3294 3680
3295 3317
3296 3589
3297 3936
3298 3357
3298 3505
3300 3669
3301 3488
3302 3347
3304 3632
3304 3748
3309 3455
3310 3564
3310 3837
3317 3858
3322 3581
3325 3390
3326 3586
3328 3364
3331 3751
3332 3939
3335 3398
3336 3338
3337 3790
3339 3810
3340 3591
3340 3852
3344 3701
3349 3644
3351 3466
3353 3905
3356 3382
3357 3405
3357 3829
3359 3638
3363 3457
3363 3913
3364 3503
3367 3592
3368 3478
3371 3920
3374 3585
3374 3821
3374 3961
3375 3913
3378 3551
3380 3674
3383 3434
3385 3762
3386 3572
3386 3621
3386 3782
3387 3613
3387 3965
3393 3687
3397 3784
3399 3570
3400 3566
3401 3802
3402 3413
3402 3617
3402 3902
3403 3694
3404 3463
3405 3546
3405 3860
3406 3411
3406 3829
3410 3790
3411 3552
3415 3531
3415 3909
3416 3791
3418 3655
3423 3820
3431 3676
3431 3962
3433 3457
3438 3643
3440 3584
3440 3944
3444 3532
3450 3730
3451 3758
3455 3796
3459 3508
3459 3710
3459 3740
3468 3977
3472 3706
3474 3592
3474 3846
3480 3920
3481 3720
3481 3968
3482 3588
3482 3596
3483 3885
3486 3510
3486 3819
3491 3802
3492 3787
3496 3906
3497 3988
3499 3660
3503 3538
3504 3704
3507 3590
3507 3946
3508 3653
3515 3650
3517 3662
3517 3819
3523 3595
3530 3559
3531 3924
3532 3666
3533 3596
3534 3746
3535 3563
3536 3604
3536 3656
3536 3913
3537 3596
3537 3855
3538 3630
3539 3609
3539 3650
3540 3748
3545 3721
3545 3859
3545 3926
3547 3802
3551 3748
3559 3665
3563 3858
3566 3867
3573 3636
3579 3987
3581 3943
3582 3953
3586 3696
3587 3859
3595 3931
3595 3981
3601 3659
3603 3641
3607 3768
3614 3634
3615 3972
3617 3865
3619 3931
3622 3710
3627 3910
3627 3982
3636 3945
3640 3700
3641 3663
3642 3731
3642 3860
3645 3726
3646 3863
3652 3989
3653 3993
3655 3717
3655 3923
3662 3692
3667 3683
3669 3955
3671 3831
3672 3886
3676 3873
3680 3711
3692 3995
3699 3757
3702 3846
3707 3968
3709 3939
3714 3818
3715 3797
3717 3859
3729 3953
3730 3923
3732 3990
3733 3986
3735 3820
3745 3785
3746 3895
3751 3895
3753 3825
3761 3830
3761 3879
3768 3896
3769 3844
3770 3822
3777 3863
3779 3988
3783 3895
3783 3953
3797 3863
3798 3963
3802 3996
3805 3806
3809 3818
3812 3875
3818 3961
3822 3840
3823 3997
3829 3966
3833 3959
3836 3921
3840 3916
3845 3961
3846 3855
3846 3914
3847 3871
3868 3870
3876 3921
3883 3897
3888 3953
3889 3998
3892 3946
3895 3946
3898 3963
3901 3941
3906 3987
3912 3938
3947 3998
3956 3968
