0 32
1 2
2 34
3 4
4 5
4 36
6 7
7 8
7 39
8 9
8 40
9 10
9 41
10 11
11 12
11 43
12 44
13 14
13 45
14 46
15 16
15 47
16 17
17 18
17 49
18 19
18 50
19 51
20 52
21 53
22 54
24 56
26 58
27 59
28 29
30 31
30 62
31 63
32 33
33 34
34 35
35 36
35 67
36 37
36 68
37 38
38 70
39 40
39 71
40 72
41 42
42 74
43 44
44 45
44 76
45 46
45 77
46 47
46 78
47 48
47 79
48 49
48 80
52 84
53 85
54 86
55 56
55 87
56 88
57 89
59 60
60 92
61 62
62 94
63 95
64 96
65 66
65 97
66 67
66 98
67 99
69 101
70 71
71 72
72 104
73 105
74 106
75 76
76 77
77 78
77 109
78 79
78 110
79 80
79 111
80 81
82 83
82 114
83 84
83 115
85 117
86 87
86 118
87 88
88 89
88 120
89 90
90 91
90 122
91 123
92 124
93 125
94 95
94 126
95 127
96 97
97 129
98 99
99 131
100 132
101 102
102 103
102 134
103 104
105 106
106 138
107 139
109 110
109 141
110 111
110 142
111 112
111 143
112 113
112 144
114 146
115 116
115 147
116 148
117 118
117 149
118 119
118 150
119 120
120 121
121 122
121 153
122 123
123 124
124 125
125 126
126 127
128 160
129 130
131 163
133 134
134 135
134 166
135 136
135 167
136 137
136 168
137 169
138 170
139 140
139 171
140 141
141 173
142 143
142 174
143 144
144 145
145 146
145 177
146 147
146 178
147 148
147 179
148 180
149 150
150 151
151 183
152 153
152 184
153 154
153 185
154 186
155 187
156 188
157 189
158 159
158 190
159 191
160 161
161 162
161 193
162 163
162 194
163 164
164 165
165 166
166 167
167 168
168 169
168 200
169 170
170 202
171 172
172 173
172 204
173 174
173 205
174 175
174 206
175 207
176 177
176 208
177 178
177 209
179 180
180 212
181 182
182 183
182 214
183 184
183 215
184 185
184 216
185 186
185 217
186 187
186 218
187 188
187 219
188 220
190 191
190 222
191 223
192 193
194 226
195 227
198 230
199 231
200 201
200 232
201 202
202 203
206 207
207 208
207 239
208 209
209 210
209 241
210 211
211 212
212 244
213 214
213 245
215 216
215 247
216 217
216 248
217 249
218 219
218 250
219 220
219 251
220 221
222 223
222 254
223 255
224 225
224 256
225 257
226 258
227 259
228 229
228 260
229 230
231 232
232 264
234 235
235 267
236 237
236 268
238 270
239 240
240 241
241 242
241 273
243 244
243 275
244 245
244 276
245 277
246 247
247 248
248 280
249 250
250 251
250 282
251 283
252 284
253 254
253 285
255 287
256 257
258 259
258 290
259 291
260 261
261 262
261 293
262 263
262 294
263 264
264 265
264 296
265 297
266 267
266 298
267 268
267 299
268 269
268 300
269 270
270 302
271 272
272 273
273 274
274 275
275 307
276 277
279 280
280 281
281 282
282 283
283 284
283 315
284 285
285 286
286 287
286 318
287 319
289 290
289 321
290 322
292 324
293 294
293 325
294 295
295 296
296 297
296 328
297 298
297 329
298 299
298 330
299 300
299 331
300 332
301 302
301 333
302 303
304 305
305 306
306 338
307 308
307 339
308 309
308 340
309 310
309 341
310 342
311 312
311 343
312 313
312 344
313 314
314 315
316 348
317 349
320 321
320 352
321 353
322 323
322 354
323 355
324 325
324 356
325 326
325 357
326 358
327 328
328 329
328 360
330 362
331 363
332 333
332 364
333 365
334 335
336 368
337 369
338 339
338 370
339 371
340 341
341 342
343 344
344 376
347 348
347 379
348 349
349 350
349 381
350 351
351 383
352 353
353 385
354 355
354 386
355 356
355 387
356 357
356 388
357 358
357 389
358 390
360 392
361 362
361 393
362 363
362 394
363 395
364 365
364 396
365 366
365 397
366 398
367 368
368 369
368 400
369 370
370 371
370 402
371 403
373 374
374 375
374 406
375 376
377 378
377 409
378 379
378 410
379 380
379 411
380 381
381 413
382 383
382 414
386 387
387 419
388 389
389 390
389 421
391 392
391 423
392 424
394 395
394 426
395 427
396 397
397 429
398 399
399 431
400 432
401 433
402 403
402 434
403 404
403 435
405 437
406 407
407 408
409 410
409 441
410 442
411 412
412 413
412 444
413 414
415 447
417 418
418 450
419 420
419 451
421 422
421 453
422 423
423 424
423 455
424 425
424 456
425 426
425 457
426 458
427 428
428 429
429 430
430 462
431 432
432 433
433 434
434 466
435 467
437 438
437 469
438 439
438 470
439 440
440 441
440 472
441 442
443 444
443 475
444 445
445 446
445 477
446 478
448 449
448 480
449 450
449 481
450 482
452 453
453 454
453 485
454 486
455 456
455 487
456 457
456 488
457 489
458 459
460 492
461 493
462 463
465 466
465 497
466 467
466 498
467 468
468 469
468 500
469 470
469 501
470 502
471 472
471 503
472 504
473 505
474 475
474 506
475 507
476 477
477 478
477 509
478 479
478 510
479 511
480 481
480 512
481 513
482 483
482 514
484 516
485 486
485 517
486 487
487 488
487 519
488 489
488 520
490 491
491 492
492 493
493 494
493 525
494 495
494 526
496 497
496 528
497 498
497 529
498 499
498 530
499 531
500 501
500 532
501 502
502 503
502 534
503 504
505 506
505 537
506 507
507 508
507 539
508 509
508 540
509 510
509 541
510 542
511 543
512 513
512 544
513 514
513 545
514 515
514 546
517 518
518 519
518 550
519 520
522 554
523 555
524 525
524 556
527 528
528 529
528 560
529 561
531 563
532 533
532 564
533 565
534 566
535 536
536 568
538 570
539 540
539 571
540 572
541 573
542 543
542 574
543 575
544 545
544 576
546 547
546 578
547 579
548 549
549 550
550 551
551 583
552 553
553 554
553 585
554 586
555 587
556 557
557 558
558 559
558 590
559 591
561 593
562 563
562 594
563 564
564 565
564 596
565 566
565 597
566 598
568 569
568 600
570 571
571 572
571 603
573 605
574 606
576 577
576 608
577 578
578 610
579 580
579 611
580 581
580 612
581 582
583 615
584 585
584 616
585 617
586 587
586 618
587 588
587 619
588 589
588 620
589 590
589 621
590 591
590 622
591 592
592 593
594 595
595 596
595 627
596 597
597 598
597 629
598 599
598 630
599 600
599 631
600 632
601 602
602 603
602 634
603 604
604 605
604 636
605 606
605 637
606 607
608 609
608 640
609 610
610 611
610 642
611 643
612 613
613 614
613 645
614 646
615 647
616 617
617 649
618 619
618 650
619 651
620 621
620 652
622 623
623 624
624 625
624 656
625 657
626 627
627 628
629 630
629 661
630 662
631 632
631 663
634 635
634 666
635 636
636 668
637 638
637 669
639 671
640 641
641 673
642 643
643 644
644 645
644 676
645 646
647 679
648 649
648 680
651 652
651 683
652 684
653 654
653 685
654 655
654 686
655 656
655 687
656 688
657 658
657 689
658 690
659 660
660 661
660 692
661 662
661 693
662 663
662 694
663 664
663 695
664 665
664 696
665 666
668 669
668 700
669 670
669 701
670 671
670 702
671 703
672 673
672 704
673 674
673 705
674 675
675 707
676 677
678 710
679 680
679 711
680 712
681 713
682 683
682 714
683 684
684 685
685 686
685 717
686 687
686 718
688 689
689 690
691 692
691 723
693 725
694 695
694 726
695 696
695 727
696 697
697 729
699 731
700 732
701 733
702 734
705 737
706 707
707 739
708 709
708 740
709 741
710 711
710 742
711 712
712 744
713 714
713 745
714 715
715 716
716 717
716 748
718 719
719 720
719 751
720 721
721 753
722 754
723 724
723 755
724 725
724 756
726 727
726 758
727 728
727 759
728 760
729 730
729 761
730 731
730 762
731 763
733 765
735 767
736 768
737 738
739 740
739 771
740 772
741 773
742 743
742 774
744 776
745 746
746 747
746 778
747 779
748 780
750 751
751 783
752 784
753 754
758 759
758 790
759 791
760 792
762 763
762 794
763 764
764 765
764 796
765 766
765 797
766 798
768 769
768 800
769 770
769 801
770 771
770 802
771 772
772 773
772 804
775 807
777 778
777 809
778 779
778 810
779 811
780 781
780 812
781 782
781 813
782 814
783 815
785 786
785 817
787 788
787 819
788 789
789 790
789 821
791 792
792 793
793 794
793 825
794 795
794 826
795 796
796 797
797 829
798 830
799 831
800 801
800 832
801 802
803 804
804 805
805 806
806 807
806 838
807 839
808 809
808 840
809 841
810 811
811 812
811 843
812 813
813 814
813 845
814 815
814 846
815 816
816 817
816 848
818 819
821 822
821 853
825 826
826 827
826 858
828 829
828 860
829 830
829 861
830 831
832 833
832 864
833 865
834 866
835 867
836 837
837 838
839 871
840 841
840 872
841 842
843 844
844 845
844 876
845 846
845 877
846 878
848 849
849 881
850 851
851 852
852 853
853 854
854 886
855 856
855 887
856 857
857 858
857 889
858 859
858 890
859 860
859 891
860 861
860 892
861 862
862 863
862 894
863 895
864 865
864 896
865 866
866 867
867 868
867 899
868 869
869 870
870 871
871 872
872 873
872 904
873 874
873 905
874 875
874 906
875 876
876 877
876 908
877 878
877 909
878 910
879 911
880 881
881 882
881 913
882 883
882 914
883 884
883 915
884 885
885 886
885 917
886 887
886 918
887 888
888 889
888 920
889 890
890 922
891 923
893 894
893 925
894 926
896 897
896 928
897 929
898 899
899 900
899 931
900 901
900 932
901 933
902 903
903 935
904 905
904 936
905 906
905 937
906 907
906 938
907 908
907 939
908 909
908 940
911 912
911 943
912 944
913 945
915 916
916 948
917 918
922 923
922 954
923 924
923 955
924 925
927 959
928 929
928 960
930 931
930 962
931 932
931 963
932 964
933 934
934 935
934 966
935 967
936 968
937 969
938 970
940 941
941 942
942 943
942 974
943 944
943 975
944 945
946 947
946 978
947 979
948 949
948 980
949 981
950 951
951 983
952 984
953 954
954 955
955 956
955 987
957 958
958 990
959 991
961 962
962 963
962 994
963 964
963 995
964 996
965 966
965 997
966 967
966 998
967 999
969 1001
972 973
973 1005
974 975
975 976
975 1007
976 977
976 1008
977 1009
978 1010
979 1011
980 981
980 1012
981 982
984 985
986 987
986 1018
987 988
987 1019
988 989
988 1020
989 990
989 1021
990 991
990 1022
991 1023
992 993
995 996
996 997
997 998
1001 1002
1002 1003
1003 1004
1004 1005
1005 1006
1006 1007
1008 1009
1009 1010
1013 1014
1014 1015
1015 1016
1018 1019
1021 1022
