0 1
0 2
0 3
0 4
0 7
0 8
0 9
0 10
0 12
0 18
0 23
0 26
0 28
0 29
0 30
0 31
0 35
0 42
0 45
0 46
0 48
0 58
0 69
0 80
0 81
0 90
0 97
0 102
0 118
0 119
0 120
0 130
0 140
0 144
0 147
0 149
0 155
0 159
0 164
0 169
0 172
0 175
0 187
0 191
0 197
0 207
0 211
0 213
0 215
0 217
0 237
0 243
0 244
0 249
0 256
0 257
0 279
0 289
0 295
0 300
0 306
0 317
0 326
0 330
0 337
0 349
0 355
0 369
0 370
0 371
0 377
0 390
0 393
0 396
0 403
0 413
0 421
0 425
0 430
0 445
0 447
0 452
0 457
0 470
0 476
0 478
0 484
0 500
0 503
0 507
0 508
0 517
0 533
0 535
0 539
0 540
0 541
0 580
0 588
0 600
0 602
0 608
0 624
0 657
0 666
0 673
0 676
0 696
0 703
0 711
0 713
0 723
0 725
0 733
0 739
0 756
0 757
0 769
0 772
0 795
0 796
0 797
0 798
0 808
0 814
0 824
0 853
0 870
0 875
0 898
0 916
0 975
0 1003
0 1009
0 1026
0 1027
0 1043
0 1055
0 1072
0 1082
0 1110
0 1114
0 1152
0 1212
0 1216
0 1251
0 1256
0 1268
0 1279
0 1292
0 1298
0 1301
0 1303
0 1315
0 1328
0 1329
0 1352
0 1354
0 1359
0 1373
0 1383
0 1385
0 1387
0 1402
0 1406
0 1424
0 1428
0 1432
0 1444
0 1447
0 1469
0 1495
0 1499
0 1505
0 1527
0 1532
0 1542
0 1543
0 1550
0 1571
0 1573
0 1603
0 1604
0 1621
0 1624
0 1627
0 1633
0 1640
0 1643
0 1648
0 1658
0 1680
0 1683
0 1689
0 1691
0 1700
0 1727
0 1733
0 1745
0 1763
0 1768
0 1779
0 1799
0 1815
0 1848
0 1877
0 1886
0 1913
0 1921
0 1946
0 1948
0 1973
0 1977
0 2000
0 2007
0 2012
0 2031
0 2037
0 2047
0 2059
0 2067
0 2081
0 2086
0 2097
0 2111
0 2112
0 2117
0 2122
0 2132
0 2143
0 2149
0 2165
0 2189
0 2192
0 2196
0 2205
0 2207
0 2241
0 2243
0 2244
0 2257
0 2277
0 2279
0 2287
0 2309
0 2312
0 2316
0 2333
0 2344
0 2351
0 2355
0 2373
0 2383
0 2395
0 2412
0 2495
0 2506
0 2529
0 2531
0 2547
0 2553
0 2562
0 2579
0 2589
0 2598
0 2602
0 2626
0 2628
0 2647
0 2652
0 2653
0 2654
0 2672
0 2685
0 2729
0 2731
0 2732
0 2735
0 2753
0 2767
0 2769
0 2772
0 2777
0 2810
0 2811
0 2832
0 2833
0 2836
0 2837
0 2838
0 2852
0 2863
0 2901
0 2918
0 2954
0 2977
0 2982
0 2985
0 2994
0 2995
0 3008
0 3018
0 3019
0 3022
0 3036
0 3062
0 3072
0 3075
0 3091
0 3104
0 3118
0 3194
0 3198
0 3229
0 3244
0 3277
0 3280
0 3350
0 3358
0 3374
0 3390
0 3402
0 3408
0 3454
0 3460
0 3506
0 3519
0 3527
0 3530
0 3536
0 3546
0 3554
0 3580
0 3620
0 3650
0 3652
0 3662
0 3666
0 3668
0 3675
0 3677
0 3685
0 3686
0 3693
0 3694
0 3699
0 3705
0 3710
0 3723
0 3727
0 3739
0 3763
0 3771
0 3772
0 3821
0 3850
0 3852
0 3863
0 3887
0 3897
0 3928
0 3931
0 3943
0 3979
1 2
1 3
1 4
1 6
1 7
1 12
1 13
1 21
1 22
1 31
1 33
1 59
1 60
1 63
1 75
1 76
1 94
1 103
1 117
1 136
1 141
1 165
1 204
1 205
1 236
1 252
1 276
1 283
1 286
1 311
1 325
1 345
1 373
1 392
1 406
1 407
1 424
1 456
1 458
1 467
1 488
1 591
1 600
1 605
1 623
1 625
1 632
1 734
1 812
1 832
1 843
1 844
1 864
1 915
1 916
1 930
1 947
1 958
1 963
1 981
1 1000
1 1029
1 1095
1 1108
1 1153
1 1157
1 1174
1 1187
1 1285
1 1309
1 1311
1 1348
1 1380
1 1392
1 1470
1 1479
1 1490
1 1511
1 1514
1 1517
1 1597
1 1626
1 1634
1 1669
1 1751
1 1755
1 1781
1 1788
1 1879
1 1976
1 1979
1 2020
1 2036
1 2051
1 2082
1 2124
1 2134
1 2141
1 2160
1 2195
1 2202
1 2253
1 2260
1 2324
1 2494
1 2524
1 2525
1 2535
1 2548
1 2554
1 2560
1 2563
1 2578
1 2629
1 2710
1 2715
1 2735
1 2741
1 2809
1 2825
1 2826
1 2853
1 2872
1 2907
1 2955
1 2958
1 2963
1 3031
1 3107
1 3115
1 3139
1 3150
1 3197
1 3204
1 3252
1 3314
1 3327
1 3394
1 3447
1 3495
1 3608
1 3671
1 3711
1 3753
1 3757
1 3797
1 3821
1 3858
1 3881
1 3886
1 3897
2 5
2 13
2 15
2 17
2 39
2 42
2 53
2 61
2 65
2 78
2 83
2 96
2 101
2 103
2 109
2 139
2 154
2 157
2 166
2 167
2 168
2 180
2 189
2 235
2 244
2 266
2 275
2 286
2 296
2 303
2 305
2 323
2 338
2 351
2 363
2 372
2 375
2 394
2 396
2 400
2 401
2 404
2 414
2 451
2 489
2 492
2 504
2 520
2 536
2 576
2 594
2 596
2 597
2 613
2 615
2 636
2 640
2 646
2 652
2 693
2 727
2 733
2 735
2 753
2 770
2 832
2 848
2 855
2 893
2 903
2 927
2 933
2 951
2 1014
2 1019
2 1031
2 1035
2 1094
2 1126
2 1147
2 1171
2 1214
2 1226
2 1231
2 1331
2 1374
2 1400
2 1423
2 1425
2 1433
2 1485
2 1515
2 1524
2 1586
2 1587
2 1590
2 1610
2 1612
2 1616
2 1625
2 1671
2 1690
2 1709
2 1711
2 1738
2 1780
2 1787
2 1834
2 1856
2 1877
2 1931
2 1937
2 1943
2 1966
2 2009
2 2029
2 2041
2 2045
2 2058
2 2084
2 2115
2 2193
2 2212
2 2332
2 2403
2 2424
2 2425
2 2439
2 2440
2 2459
2 2499
2 2519
2 2614
2 2661
2 2710
2 2721
2 2737
2 2775
2 2790
2 2807
2 2867
2 2879
2 2881
2 3043
2 3116
2 3134
2 3146
2 3177
2 3224
2 3357
2 3360
2 3382
2 3472
2 3494
2 3530
2 3562
2 3564
2 3647
2 3689
2 3692
2 3735
2 3753
2 3792
2 3795
2 3829
2 3847
2 3856
2 3921
2 3974
3 8
3 9
3 11
3 15
3 24
3 25
3 26
3 28
3 33
3 44
3 85
3 88
3 89
3 100
3 105
3 124
3 139
3 140
3 156
3 169
3 181
3 189
3 198
3 201
3 212
3 217
3 266
3 269
3 290
3 294
3 303
3 308
3 333
3 335
3 357
3 370
3 374
3 394
3 398
3 403
3 411
3 481
3 516
3 522
3 528
3 547
3 555
3 558
3 568
3 569
3 574
3 582
3 587
3 627
3 630
3 642
3 650
3 665
3 758
3 766
3 785
3 802
3 874
3 881
3 890
3 906
3 933
3 935
3 939
3 965
3 978
3 994
3 999
3 1023
3 1068
3 1110
3 1118
3 1135
3 1166
3 1170
3 1183
3 1243
3 1326
3 1330
3 1353
3 1373
3 1374
3 1391
3 1393
3 1417
3 1428
3 1475
3 1487
3 1521
3 1566
3 1657
3 1658
3 1670
3 1676
3 1718
3 1752
3 1769
3 1775
3 1843
3 1887
3 1897
3 1958
3 1966
3 1972
3 1994
3 2009
3 2010
3 2013
3 2019
3 2040
3 2075
3 2079
3 2106
3 2112
3 2125
3 2146
3 2198
3 2222
3 2248
3 2308
3 2318
3 2326
3 2360
3 2372
3 2399
3 2421
3 2423
3 2437
3 2446
3 2497
3 2515
3 2521
3 2539
3 2550
3 2611
3 2616
3 2626
3 2709
3 2733
3 2792
3 2808
3 2812
3 2825
3 2841
3 2906
3 2910
3 2944
3 2964
3 2972
3 2976
3 3008
3 3016
3 3064
3 3086
3 3107
3 3141
3 3178
3 3184
3 3197
3 3269
3 3288
3 3312
3 3321
3 3332
3 3361
3 3474
3 3479
3 3485
3 3577
3 3656
3 3688
3 3719
3 3732
3 3779
3 3780
3 3789
3 3902
4 5
4 6
4 17
4 20
4 34
4 43
4 49
4 56
4 65
4 109
4 123
4 131
4 132
4 137
4 176
4 197
4 203
4 209
4 221
4 223
4 248
4 265
4 343
4 368
4 399
4 410
4 413
4 418
4 454
4 459
4 513
4 514
4 539
4 548
4 581
4 591
4 598
4 615
4 621
4 651
4 662
4 690
4 755
4 762
4 777
4 840
4 850
4 852
4 868
4 896
4 919
4 920
4 936
4 937
4 984
4 1016
4 1018
4 1020
4 1058
4 1094
4 1109
4 1198
4 1220
4 1240
4 1269
4 1294
4 1308
4 1343
4 1365
4 1375
4 1394
4 1481
4 1508
4 1557
4 1589
4 1671
4 1705
4 1706
4 1724
4 1731
4 1735
4 1792
4 1804
4 1815
4 1987
4 2007
4 2032
4 2062
4 2107
4 2137
4 2167
4 2240
4 2291
4 2309
4 2328
4 2331
4 2334
4 2360
4 2409
4 2435
4 2436
4 2450
4 2457
4 2470
4 2487
4 2498
4 2599
4 2606
4 2681
4 2718
4 2813
4 2831
4 2973
4 2998
4 3015
4 3068
4 3133
4 3327
4 3422
4 3456
4 3484
4 3493
4 3602
4 3610
4 3619
4 3623
4 3633
4 3655
4 3694
4 3732
4 3795
4 3798
4 3813
4 3850
4 3910
4 3935
4 3937
5 56
5 2443
5 2786
5 3426
6 16
6 84
6 174
6 236
6 254
6 273
6 287
6 352
6 387
6 450
6 531
6 582
6 583
6 636
6 822
6 838
6 893
6 1142
6 1165
6 1168
6 1306
6 1331
6 1336
6 1338
6 1380
6 1475
6 1591
6 1624
6 1627
6 1802
6 1811
6 2034
6 2747
6 3017
6 3032
6 3227
6 3323
6 3350
6 3391
6 3568
6 3668
6 3858
7 14
7 16
7 18
7 19
7 66
7 81
7 97
7 105
7 116
7 232
7 234
7 295
7 321
7 324
7 327
7 362
7 443
7 449
7 455
7 456
7 472
7 493
7 602
7 616
7 628
7 665
7 700
7 803
7 869
7 898
7 908
7 911
7 922
7 956
7 1083
7 1093
7 1108
7 1186
7 1222
7 1235
7 1258
7 1278
7 1281
7 1320
7 1446
7 1473
7 1480
7 1489
7 1492
7 1548
7 1604
7 1648
7 1713
7 1728
7 1823
7 1847
7 1909
7 1947
7 2003
7 2026
7 2124
7 2171
7 2180
7 2223
7 2288
7 2329
7 2457
7 2505
7 2588
7 2592
7 2594
7 2690
7 2749
7 2793
7 2865
7 2923
7 2925
7 2996
7 3073
7 3115
7 3174
7 3300
7 3307
7 3325
7 3490
7 3615
7 3809
7 3901
7 3917
7 3944
7 3965
8 2245
8 2774
9 10
9 36
9 50
9 54
9 70
9 76
9 95
9 133
9 153
9 160
9 191
9 239
9 285
9 300
9 319
9 329
9 381
9 432
9 435
9 449
9 490
9 593
9 608
9 617
9 688
9 719
9 778
9 854
9 881
9 924
9 1016
9 1022
9 1092
9 1097
9 1099
9 1109
9 1136
9 1167
9 1251
9 1315
9 1355
9 1477
9 1574
9 1622
9 1729
9 1747
9 1749
9 1797
9 1808
9 1825
9 1854
9 1910
9 2076
9 2274
9 2338
9 2353
9 2402
9 2405
9 2469
9 2505
9 2530
9 2561
9 2615
9 2622
9 2679
9 2694
9 2785
9 2802
9 2847
9 2904
9 2937
9 3063
9 3078
9 3079
9 3119
9 3126
9 3152
9 3185
9 3275
9 3298
9 3301
9 3314
9 3412
9 3438
9 3594
9 3600
9 3716
9 3796
9 3832
9 3851
9 3890
9 3994
10 11
10 14
10 62
10 73
10 87
10 151
10 215
10 242
10 291
10 292
10 322
10 560
10 562
10 683
10 723
10 729
10 777
10 928
10 983
10 1084
10 1127
10 1225
10 1445
10 1458
10 1707
10 1782
10 1855
10 1953
10 2096
10 2176
10 2185
10 2190
10 2395
10 2465
10 2482
10 2678
10 3289
10 3335
10 3376
10 3393
10 3443
10 3653
10 3810
10 3829
10 3836
10 3874
10 3992
11 129
11 274
11 682
11 1209
11 1620
11 1653
11 1662
11 2269
11 3059
11 3957
12 48
12 120
12 152
12 199
12 208
12 276
12 297
12 530
12 578
12 716
12 788
12 791
12 869
12 1061
12 1305
12 1316
12 1523
12 1682
12 1725
12 2001
12 2252
12 2449
12 2472
12 2600
12 2719
12 3837
12 3853
13 19
13 24
13 70
13 80
13 84
13 92
13 107
13 111
13 131
13 141
13 235
13 259
13 261
13 262
13 277
13 318
13 334
13 361
13 373
13 384
13 393
13 453
13 516
13 552
13 554
13 633
13 653
13 698
13 706
13 789
13 803
13 862
13 872
13 991
13 1044
13 1064
13 1253
13 1273
13 1367
13 1378
13 1436
13 1466
13 1482
13 1526
13 1570
13 1586
13 1699
13 1799
13 1961
13 2044
13 2216
13 2218
13 2254
13 2265
13 2274
13 2343
13 2374
13 2411
13 2425
13 2432
13 2508
13 2517
13 2605
13 2758
13 2762
13 3026
13 3085
13 3093
13 3241
13 3274
13 3360
13 3439
13 3465
13 3589
13 3749
13 3785
13 3868
13 3916
13 3987
14 49
14 50
14 64
14 71
14 78
14 92
14 104
14 126
14 127
14 135
14 178
14 196
14 208
14 221
14 239
14 281
14 302
14 359
14 383
14 388
14 420
14 422
14 440
14 469
14 537
14 569
14 595
14 631
14 702
14 711
14 730
14 742
14 747
14 766
14 809
14 929
14 973
14 979
14 1090
14 1103
14 1104
14 1119
14 1218
14 1226
14 1233
14 1296
14 1358
14 1360
14 1422
14 1460
14 1461
14 1505
14 1554
14 1673
14 1730
14 1741
14 1848
14 1923
14 1985
14 2128
14 2161
14 2206
14 2244
14 2275
14 2337
14 2712
14 2743
14 2773
14 2781
14 2806
14 2827
14 2901
14 3052
14 3227
14 3256
14 3338
14 3387
14 3392
14 3394
14 3675
14 3713
14 3738
14 3773
14 3774
14 3813
14 3815
14 3817
14 3818
14 3871
14 3877
14 3887
14 3914
14 3949
15 20
15 25
15 27
15 32
15 38
15 41
15 45
15 55
15 59
15 73
15 74
15 77
15 98
15 101
15 106
15 114
15 119
15 121
15 135
15 148
15 177
15 179
15 192
15 214
15 230
15 253
15 258
15 279
15 282
15 293
15 313
15 314
15 335
15 346
15 366
15 395
15 428
15 434
15 447
15 461
15 470
15 474
15 478
15 506
15 525
15 527
15 549
15 554
15 570
15 604
15 605
15 612
15 616
15 633
15 647
15 678
15 728
15 738
15 763
15 769
15 779
15 781
15 787
15 806
15 815
15 831
15 849
15 851
15 856
15 859
15 868
15 888
15 895
15 908
15 921
15 934
15 966
15 974
15 987
15 990
15 998
15 1021
15 1040
15 1046
15 1051
15 1104
15 1148
15 1175
15 1215
15 1216
15 1289
15 1295
15 1325
15 1354
15 1461
15 1471
15 1472
15 1531
15 1533
15 1546
15 1644
15 1674
15 1698
15 1721
15 1748
15 1749
15 1779
15 1829
15 1830
15 1867
15 1871
15 1893
15 1920
15 1951
15 1964
15 1978
15 1986
15 2100
15 2109
15 2110
15 2120
15 2135
15 2154
15 2214
15 2236
15 2304
15 2327
15 2330
15 2331
15 2341
15 2342
15 2347
15 2388
15 2417
15 2429
15 2437
15 2447
15 2461
15 2475
15 2486
15 2619
15 2634
15 2792
15 2813
15 2836
15 2855
15 2856
15 2930
15 2948
15 2970
15 2971
15 2976
15 2980
15 3045
15 3058
15 3186
15 3187
15 3207
15 3216
15 3235
15 3251
15 3415
15 3458
15 3487
15 3532
15 3559
15 3571
15 3579
15 3617
15 3673
15 3697
15 3717
15 3745
15 3775
15 3776
15 3843
15 3861
15 3924
15 3972
15 3993
16 27
16 57
16 115
16 143
16 218
16 224
16 271
16 408
16 425
16 450
16 473
16 493
16 635
16 735
16 783
16 900
16 966
16 1005
16 1038
16 1053
16 1145
16 1208
16 1296
16 1298
16 1369
16 1396
16 1398
16 1690
16 1771
16 2151
16 2250
16 2285
16 2289
16 2298
16 2311
16 2373
16 2452
16 2629
16 2682
16 2793
16 3076
16 3230
16 3279
16 3367
16 3434
16 3452
16 3462
16 3575
16 3591
16 3595
16 3621
16 3674
16 3711
16 3831
16 3923
16 3949
17 21
17 37
17 40
17 66
17 72
17 128
17 241
17 261
17 305
17 338
17 410
17 468
17 475
17 584
17 610
17 670
17 792
17 865
17 1033
17 1042
17 1161
17 1196
17 1227
17 1261
17 1310
17 1382
17 1537
17 1544
17 1564
17 1685
17 1737
17 1742
17 1808
17 1833
17 1890
17 1952
17 2110
17 2150
17 2169
17 2313
17 2501
17 2507
17 2706
17 3032
17 3082
17 3232
17 3260
17 3347
17 3403
17 3475
17 3488
17 3684
17 3750
18 44
18 52
18 133
18 195
18 487
18 551
18 807
18 3665
19 511
19 821
19 1013
19 1057
19 1173
19 1239
19 1635
19 1841
19 1891
19 2071
19 2087
19 2829
19 2844
19 2858
19 2891
19 2945
19 3191
19 3440
19 3596
19 3820
19 3865
20 825
20 2284
21 22
21 41
21 58
21 69
21 83
21 336
21 454
21 585
21 590
21 601
21 761
21 817
21 1027
21 1079
21 1476
21 1582
21 1798
21 1958
21 2060
21 2320
21 2489
21 2648
21 2675
21 2824
21 3035
21 3058
21 3662
22 23
22 43
22 47
22 146
22 170
22 190
22 194
22 248
22 329
22 483
22 532
22 764
22 797
22 1159
22 1250
22 1288
22 1395
22 1568
22 1720
22 1723
22 1794
22 1805
22 1901
22 1935
22 1977
22 2067
22 2164
22 2240
22 2477
22 2601
22 2631
22 2640
22 2756
22 2854
22 2924
22 3005
22 3014
22 3113
22 3221
22 3384
22 3389
22 3425
22 3523
22 3611
23 787
24 274
24 538
24 2255
25 29
25 30
25 32
25 34
25 38
25 52
25 61
25 85
25 110
25 129
25 171
25 184
25 193
25 200
25 243
25 245
25 308
25 311
25 356
25 389
25 391
25 417
25 426
25 460
25 479
25 530
25 533
25 565
25 571
25 572
25 648
25 743
25 785
25 810
25 846
25 874
25 877
25 894
25 913
25 962
25 965
25 979
25 980
25 1015
25 1024
25 1040
25 1048
25 1056
25 1071
25 1195
25 1242
25 1274
25 1314
25 1338
25 1350
25 1366
25 1407
25 1419
25 1435
25 1506
25 1518
25 1536
25 1601
25 1643
25 1652
25 1659
25 1667
25 1699
25 1706
25 1709
25 1736
25 1759
25 1772
25 1917
25 1918
25 1969
25 1971
25 1983
25 1988
25 1989
25 2029
25 2361
25 2394
25 2513
25 2566
25 2576
25 2577
25 2620
25 2786
25 2950
25 2962
25 2965
25 2981
25 3006
25 3164
25 3182
25 3217
25 3230
25 3362
25 3431
25 3583
25 3670
25 3681
25 3683
25 3762
25 3822
25 3836
25 3842
25 3857
25 3882
25 3904
25 3929
25 3951
25 3959
25 3999
26 55
26 113
26 114
26 125
26 162
26 171
26 210
26 289
26 310
26 337
26 443
26 464
26 506
26 518
26 613
26 629
26 659
26 681
26 696
26 748
26 781
26 1125
26 1276
26 1454
26 1472
26 1486
26 1552
26 1619
26 1646
26 1695
26 1715
26 1803
26 1853
26 2089
26 2158
26 2281
26 2380
26 2404
26 2551
26 2583
26 2739
26 2751
26 2801
26 3100
26 3372
26 3450
26 3468
26 3572
26 3893
26 3991
27 36
27 87
27 99
27 130
27 283
27 304
27 344
27 433
27 529
27 903
27 995
27 1007
27 1025
27 1279
27 1686
27 1824
27 1831
27 2037
27 2119
27 2251
27 2295
27 2469
27 2720
27 2765
27 2895
27 3091
27 3114
27 3470
27 3526
27 3569
28 102
28 113
28 160
28 179
28 427
28 433
28 604
28 746
28 800
28 921
28 997
28 1082
28 1105
28 1162
28 1347
28 1387
28 1397
28 1559
28 1692
28 1722
28 1834
28 1919
28 2131
28 2232
28 2354
28 2557
28 2618
28 2625
28 3101
28 3224
28 3332
28 3363
28 3509
28 3743
28 3859
28 3894
29 51
29 177
29 298
29 414
29 461
29 752
29 957
29 1174
29 1229
29 1302
29 1306
29 1718
29 2123
29 2532
29 2623
29 2685
29 3040
29 3624
29 3946
30 96
30 106
30 188
30 199
30 233
30 287
30 765
30 899
30 1042
30 1175
30 1242
30 1339
30 1385
30 1553
30 1596
30 2081
30 2241
30 2279
30 2520
30 2678
30 2684
30 2700
30 2830
30 3025
30 3054
30 3432
30 3541
30 3646
30 3832
30 3918
30 3981
31 35
31 47
31 67
31 72
31 91
31 122
31 148
31 204
31 267
31 285
31 301
31 350
31 360
31 361
31 374
31 420
31 426
31 430
31 444
31 446
31 476
31 491
31 501
31 565
31 629
31 635
31 643
31 667
31 699
31 724
31 795
31 799
31 858
31 901
31 914
31 924
31 941
31 946
31 963
31 1006
31 1128
31 1264
31 1286
31 1288
31 1325
31 1357
31 1390
31 1415
31 1432
31 1440
31 1468
31 1501
31 1525
31 1619
31 1674
31 1688
31 1767
31 1850
31 1922
31 1937
31 1940
31 1963
31 2031
31 2106
31 2177
31 2179
31 2209
31 2221
31 2335
31 2419
31 2445
31 2448
31 2503
31 2521
31 2532
31 2575
31 2606
31 2740
31 2741
31 2742
31 2764
31 2935
31 3049
31 3053
31 3189
31 3208
31 3284
31 3294
31 3298
31 3302
31 3349
31 3384
31 3473
31 3575
31 3581
31 3827
31 3844
32 318
32 2387
32 2496
32 3291
33 216
33 331
33 382
33 387
33 432
33 866
33 928
33 969
33 1177
33 1211
33 1272
33 1768
33 1825
33 2014
33 2049
33 2158
33 2215
33 2473
33 2722
33 2738
33 3007
33 3395
33 3399
34 39
34 40
34 60
34 237
34 269
34 299
34 1062
34 1160
34 1246
34 1579
34 1855
34 1974
34 2030
34 2590
34 2912
34 3044
34 3786
36 37
36 57
36 82
36 86
36 108
36 126
36 132
36 138
36 226
36 313
36 348
36 380
36 388
36 435
36 480
36 524
36 607
36 637
36 661
36 675
36 692
36 759
36 773
36 852
36 860
36 867
36 912
36 925
36 927
36 1004
36 1052
36 1054
36 1089
36 1102
36 1126
36 1128
36 1161
36 1162
36 1180
36 1184
36 1205
36 1227
36 1249
36 1416
36 1429
36 1532
36 1549
36 1623
36 1729
36 1769
36 1791
36 1859
36 1892
36 1897
36 2077
36 2173
36 2185
36 2197
36 2322
36 2371
36 2428
36 2433
36 2451
36 2470
36 2729
36 2979
36 3027
36 3149
36 3392
36 3573
36 3783
36 3840
36 3851
37 67
37 89
37 603
37 717
37 891
37 1063
37 1163
37 1164
37 1355
37 1370
37 1670
37 1798
37 1870
37 2396
37 2538
37 3121
37 3695
37 3934
38 117
38 298
38 879
38 1023
38 1141
38 1290
38 1431
38 1541
38 3287
39 54
39 183
39 915
39 2494
39 2571
39 3433
40 679
40 774
40 798
40 1911
40 2455
40 2829
41 408
41 559
41 2504
41 2632
41 2673
41 3778
41 3885
42 68
42 98
42 111
42 175
42 799
42 1335
42 2074
42 2500
42 2540
42 2682
42 2860
42 2872
42 2984
42 3187
42 3406
42 3703
42 3968
42 3969
42 3976
43 71
43 74
43 112
43 115
43 143
43 154
43 163
43 201
43 202
43 225
43 229
43 240
43 245
43 246
43 260
43 264
43 326
43 354
43 364
43 401
43 402
43 406
43 434
43 444
43 464
43 474
43 519
43 527
43 572
43 598
43 614
43 619
43 620
43 621
43 641
43 658
43 664
43 683
43 698
43 708
43 714
43 715
43 800
43 840
43 876
43 985
43 1001
43 1008
43 1030
43 1049
43 1083
43 1089
43 1107
43 1139
43 1150
43 1155
43 1169
43 1190
43 1222
43 1245
43 1300
43 1318
43 1376
43 1438
43 1449
43 1510
43 1529
43 1533
43 1568
43 1572
43 1576
43 1657
43 1686
43 1764
43 1803
43 1822
43 1828
43 1872
43 1900
43 1913
43 2030
43 2065
43 2174
43 2192
43 2216
43 2280
43 2319
43 2356
43 2381
43 2398
43 2414
43 2452
43 2473
43 2481
43 2552
43 2651
43 2714
43 2719
43 2821
43 2869
43 2942
43 2948
43 2961
43 2972
43 3014
43 3041
43 3162
43 3180
43 3196
43 3201
43 3205
43 3211
43 3213
43 3399
43 3403
43 3519
43 3572
43 3629
43 3635
43 3757
43 3797
43 3826
43 3838
43 3908
43 3913
43 3921
44 46
44 121
44 218
44 339
44 344
44 350
44 465
44 508
44 513
44 515
44 596
44 730
44 732
44 763
44 783
44 841
44 935
44 939
44 959
44 1320
44 1358
44 1365
44 1381
44 1483
44 1704
44 1721
44 1790
44 1941
44 2147
44 2171
44 2209
44 2249
44 2519
44 2697
44 2778
44 2789
44 2838
44 2914
44 3175
44 3248
44 3337
44 3590
44 3745
44 3862
44 3866
45 62
45 200
45 320
45 330
45 376
45 557
45 716
45 827
45 838
45 849
45 882
45 919
45 1117
45 1159
45 1200
45 1327
45 1330
45 1484
45 1507
45 1700
45 1823
45 1827
45 1851
45 1895
45 1926
45 2048
45 2092
45 2099
45 2226
45 2374
45 2484
45 2591
45 2666
45 2919
45 3033
45 3087
45 3090
45 3195
45 3217
45 3348
45 3446
45 3489
45 3552
45 3712
45 3855
45 3938
45 3998
46 51
46 272
46 1766
46 3319
46 3800
47 64
47 68
47 100
47 107
47 181
47 275
47 427
47 670
47 720
47 761
47 780
47 1041
47 1076
47 1078
47 1079
47 1732
47 1838
47 2078
47 2093
47 2178
47 2351
47 2652
47 2684
47 2870
47 2928
47 3173
47 3188
47 3258
47 3373
47 3496
47 3702
47 3747
47 3768
48 2566
49 79
49 354
49 378
49 475
49 667
49 710
49 1994
49 2016
49 2723
49 3027
49 3052
49 3079
49 3203
49 3901
50 238
50 624
50 804
50 1236
50 1260
50 1479
50 1714
50 1874
50 1912
50 2220
50 2359
50 2368
50 2930
50 3110
50 3165
50 3234
50 3333
50 3485
50 3825
51 53
51 178
51 315
51 431
51 466
51 520
51 678
51 1144
51 1213
51 1990
51 2129
51 2292
51 2819
51 3375
51 3796
52 75
52 79
52 82
52 88
52 220
52 263
52 284
52 341
52 367
52 522
52 577
52 586
52 611
52 650
52 699
52 718
52 745
52 759
52 835
52 848
52 961
52 1007
52 1081
52 1103
52 1186
52 1207
52 1303
52 1450
52 1607
52 1678
52 1726
52 1732
52 1807
52 1813
52 1918
52 2085
52 2191
52 2334
52 2533
52 2689
52 2698
52 3012
52 3039
52 3069
52 3312
52 3363
52 3501
52 3535
52 3557
52 3561
52 3895
52 3935
52 3962
53 222
53 2134
53 2232
53 2408
53 2636
53 3238
53 3405
54 138
54 174
54 219
54 270
54 358
54 486
54 564
54 584
54 661
54 708
54 784
54 836
54 900
54 902
54 912
54 1036
54 1080
54 1112
54 1131
54 1166
54 1545
54 1679
54 2397
54 2410
54 2422
54 2426
54 2574
54 2580
54 2612
54 3119
54 3558
54 3736
54 3776
54 3825
54 3891
54 3984
55 63
55 116
55 118
55 167
55 224
55 453
55 581
55 609
55 686
55 957
55 1032
55 1341
55 1370
55 1912
55 2147
55 2172
55 2237
55 3834
55 3890
56 134
56 158
56 259
56 312
56 331
56 458
56 482
56 909
56 910
56 1093
56 1106
56 1199
56 1284
56 2922
56 2946
56 3161
56 3335
56 3411
56 3567
56 3611
56 3639
56 3907
56 3951
57 146
57 1006
57 2592
58 93
58 270
58 1211
58 1681
58 1826
58 2408
58 2690
58 2758
59 1661
59 1693
59 2168
59 2875
59 3433
60 793
60 1191
60 3200
61 606
61 1637
62 99
62 206
62 242
62 252
62 534
62 592
62 845
62 897
62 974
62 993
62 1143
62 1231
62 1333
62 1766
62 1826
62 1925
62 2827
62 3443
63 463
63 704
63 1404
63 1463
63 1595
63 1739
63 1755
63 1801
63 2118
63 2875
63 3969
64 187
64 192
64 459
64 771
64 856
64 863
64 1120
64 1437
64 2053
64 2103
64 2650
64 3083
65 136
65 316
65 479
65 498
65 507
65 589
65 660
65 671
65 772
65 833
65 952
65 967
65 1102
65 1130
65 1270
65 1312
65 1341
65 1406
65 1731
65 1771
65 2088
65 2157
65 2509
65 2555
65 2823
65 2890
65 2898
65 2996
65 3180
65 3393
65 3466
65 3693
65 3831
65 3872
65 3950
66 95
66 127
66 1133
66 1609
66 1876
66 2346
66 2634
66 2773
66 3305
66 3313
67 145
67 511
67 1637
67 1838
67 2482
67 2624
67 3089
67 3506
67 3521
68 227
68 594
68 684
68 712
68 1508
68 1698
68 1761
68 1765
68 2385
68 2543
68 2760
68 3806
69 123
69 359
69 415
69 644
69 748
69 923
69 1113
69 1389
69 1653
69 2125
69 2156
69 2483
69 3011
69 3096
69 3926
70 77
70 93
70 124
70 347
70 385
70 442
70 545
70 641
70 655
70 656
70 805
70 892
70 905
70 1061
70 1114
70 1217
70 1264
70 1332
70 1361
70 1459
70 2077
70 2105
70 2109
70 2350
70 2514
70 2665
70 2708
70 2736
70 2985
70 3037
70 3656
70 3971
71 655
71 1073
72 112
72 172
72 176
72 210
72 229
72 230
72 232
72 247
72 471
72 500
72 558
72 754
72 779
72 828
72 871
72 1069
72 1257
72 1474
72 1480
72 1595
72 1612
72 1725
72 1742
72 1765
72 1833
72 2062
72 2159
72 2179
72 2202
72 2379
72 2568
72 2788
72 2868
72 2877
72 2880
72 3055
72 3219
72 3346
72 3381
72 3622
72 3658
72 3875
73 90
73 3410
74 277
74 552
74 644
74 1015
74 1813
74 2603
74 3048
76 104
76 144
76 155
76 411
76 542
76 780
76 960
76 1185
76 1255
76 1267
76 1439
76 1773
76 1951
76 2243
76 2285
76 2314
76 2990
76 3090
76 3425
76 3773
76 3800
76 3967
77 149
77 157
77 173
77 353
77 424
77 601
77 669
77 685
77 694
77 722
77 744
77 790
77 791
77 947
77 1050
77 1098
77 1134
77 1662
77 1915
77 2018
77 2102
77 2184
77 2220
77 2273
77 2655
77 2665
77 2944
77 3320
77 3579
77 3669
77 3900
78 128
78 162
78 288
78 428
78 637
78 648
78 657
78 1342
78 1933
78 1978
78 2042
78 2181
78 2304
78 2534
78 3132
78 3163
78 3212
78 3513
78 3524
78 3658
79 186
79 195
80 212
80 405
80 634
80 1050
80 1053
80 1245
80 1390
80 1639
80 1856
80 2512
80 2555
80 3233
80 3552
80 3586
81 379
81 381
81 697
81 2476
81 3407
82 86
82 94
82 214
82 263
82 480
82 548
82 638
82 758
82 1060
82 1153
82 1160
82 1164
82 1313
82 1713
82 2052
82 2055
82 2070
82 2311
82 2366
82 2485
82 2621
82 2651
82 2720
82 2754
82 2885
82 2990
82 3024
82 3084
82 3539
82 3547
82 3644
82 3777
83 137
83 170
83 512
83 666
83 706
83 709
83 884
83 1845
83 1906
83 2063
83 2659
83 2843
83 3277
84 91
84 342
84 964
84 972
84 1337
84 1403
84 1583
84 1591
84 2524
84 3257
85 278
85 294
85 309
85 362
85 379
85 446
85 775
85 884
85 1195
85 1455
85 1464
85 2305
85 2618
85 2824
85 3387
85 3723
85 3785
85 3876
85 3939
85 3963
85 3973
86 494
86 1062
86 2691
87 463
87 854
87 1481
87 1656
87 3910
88 161
88 262
88 319
88 369
88 466
88 765
88 1534
88 1754
88 2094
88 2432
88 2434
88 2816
88 2863
88 3388
88 3805
88 3880
89 546
89 918
89 932
89 1430
89 1649
89 2746
89 3071
89 3199
89 3647
90 575
90 1204
90 1307
90 1760
90 3105
91 749
91 1433
91 1439
91 2199
91 2565
91 2759
91 2779
91 2973
92 280
92 416
92 1606
92 2054
92 2820
92 3165
92 3272
92 3830
93 948
93 1655
93 2020
93 3215
93 3678
94 163
94 792
94 1065
94 1356
94 1712
94 1748
94 1849
94 3955
95 145
95 188
95 357
95 376
95 634
95 923
95 1437
95 1557
95 1770
95 2700
95 3216
95 3270
96 142
96 153
96 182
96 184
96 198
96 219
96 241
96 442
96 537
96 555
96 593
96 697
96 701
96 938
96 1260
96 1409
96 1566
96 1655
96 1789
96 2066
96 2361
96 2463
96 2740
96 2909
96 3023
96 3166
96 3630
96 3633
96 3751
96 3815
97 147
97 190
97 877
97 1630
97 1711
97 2368
97 2730
97 2898
97 2993
97 3063
97 3236
97 3966
98 385
98 1995
98 2963
98 3676
99 194
99 223
99 227
99 315
99 991
99 1259
99 1555
99 1563
99 1889
99 1900
99 2339
99 2600
99 3657
99 3766
99 3802
99 3804
100 278
100 486
100 2023
100 2365
100 2706
102 292
102 839
102 876
102 1067
102 1857
102 2585
103 1673
104 108
104 110
104 1054
104 1169
104 1343
104 1453
104 2219
104 2357
104 2802
104 3204
104 3205
104 3864
105 328
105 540
105 768
105 859
105 1116
105 1202
105 1629
105 2577
105 2878
105 3965
105 3988
106 233
106 307
106 1210
106 1344
106 1401
106 1427
106 1807
106 2181
106 2730
107 211
107 255
107 284
107 309
107 407
107 498
107 550
107 592
107 712
107 741
107 767
107 819
107 833
107 1036
107 1223
107 1299
107 1756
107 1788
107 1950
107 2365
107 2424
107 2621
107 2646
107 2669
107 2783
107 2887
107 2908
107 2992
107 3213
107 3331
107 3367
107 3533
107 3605
107 3650
107 3948
108 1661
109 280
109 567
109 843
109 944
109 1821
109 1923
109 1936
109 2064
109 2141
109 2523
109 2569
109 2586
109 2884
109 3236
109 3330
109 3636
109 3948
109 3960
110 161
110 429
110 802
110 1414
110 1682
110 1774
110 2104
110 2197
110 2458
110 2650
110 3207
110 3266
111 247
111 1138
111 2242
111 3228
112 1237
113 268
113 389
113 1247
114 122
114 228
114 332
114 367
114 649
114 807
114 845
114 902
114 1188
114 1846
114 2266
114 2511
114 2628
114 3276
114 3989
115 705
115 1538
115 1555
115 2354
115 2956
115 3092
116 610
116 673
116 1642
117 125
117 185
117 226
117 351
117 375
117 382
117 473
117 563
117 625
117 689
117 691
117 806
117 830
117 907
117 909
117 937
117 1065
117 1132
117 1163
117 1223
117 1291
117 1337
117 1448
117 1489
117 1565
117 1688
117 1762
117 1832
117 1942
117 1970
117 2042
117 2070
117 2087
117 2328
117 2348
117 2551
117 2558
117 2570
117 2677
117 2756
117 2918
117 3001
117 3126
117 3206
117 3338
117 3391
117 3420
117 3628
117 3639
117 3798
118 436
118 462
118 502
118 532
118 1297
118 2233
118 2644
118 2835
119 180
119 1606
120 664
122 158
122 222
122 231
122 312
122 412
122 457
122 489
122 505
122 707
122 740
122 1035
122 1092
122 1187
122 1202
122 1362
122 1601
122 1717
122 2065
122 2155
122 2367
122 2488
122 2522
122 2557
122 2904
122 2947
122 2974
122 3156
122 3181
122 3301
122 3503
122 3613
123 166
123 207
123 327
123 1348
123 2225
123 2572
123 2645
123 2835
123 3265
123 3763
123 3873
124 989
124 1467
124 1547
124 2639
125 152
125 246
125 282
125 1208
125 2547
125 2578
125 3563
126 134
126 325
126 1916
127 371
127 3006
127 3161
127 3811
128 1366
130 267
130 1561
131 164
131 436
131 663
131 741
131 816
131 825
131 1440
131 1660
131 1975
131 2017
131 2082
131 2508
131 2598
131 2789
131 2892
131 3905
131 3972
132 314
132 1142
132 1898
132 2688
133 535
133 559
133 721
133 1426
133 3490
134 940
134 1078
134 1097
134 1203
134 3557
134 3888
135 1150
135 1155
135 2444
135 3142
136 1179
136 1558
136 1596
136 3342
137 185
137 205
137 297
137 372
137 521
137 523
137 860
137 1115
137 1156
137 1960
137 2084
137 2581
137 2687
137 2810
137 2889
137 3303
137 3553
138 202
138 496
138 521
138 551
138 557
138 738
138 982
138 1197
138 1381
138 2090
138 2352
138 2419
138 2717
138 3143
138 3183
138 3469
138 3823
139 142
139 332
139 2489
139 3368
139 3979
140 620
140 1046
140 1741
140 2068
140 2864
140 2890
140 3627
141 150
141 151
141 159
141 165
141 220
141 225
141 240
141 301
141 341
141 366
141 392
141 429
141 438
141 488
141 586
141 622
141 631
141 654
141 871
141 926
141 949
141 950
141 985
141 1001
141 1010
141 1011
141 1074
141 1095
141 1139
141 1182
141 1219
141 1262
141 1280
141 1281
141 1363
141 1377
141 1392
141 1429
141 1443
141 1492
141 1540
141 1615
141 1641
141 1694
141 1735
141 1783
141 1784
141 1785
141 1786
141 1883
141 1940
141 1962
141 1991
141 2028
141 2127
141 2207
141 2253
141 2257
141 2284
141 2317
141 2326
141 2400
141 2401
141 2407
141 2567
141 2607
141 2609
141 2648
141 2656
141 2680
141 2705
141 2728
141 2752
141 2812
141 2823
141 2847
141 2894
141 2916
141 3045
141 3087
141 3114
141 3162
141 3168
141 3218
141 3247
141 3309
141 3331
141 3344
141 3397
141 3401
141 3473
141 3481
141 3504
141 3582
141 3602
141 3679
141 3733
141 3770
141 3803
141 3824
141 3847
141 3919
141 3939
142 317
142 431
142 823
142 1020
142 1268
142 1413
142 1459
142 1578
142 1694
142 1967
142 2164
142 2247
142 2359
142 2663
142 2698
142 2891
142 3846
143 691
143 1192
143 3413
143 3507
145 156
145 182
145 378
145 1932
145 2233
145 2255
145 3936
146 302
147 168
147 1498
147 1810
147 2953
148 251
148 656
148 955
148 3430
149 150
149 186
149 822
149 1037
149 1080
149 1181
149 2997
150 196
150 1002
150 1597
150 2128
150 2795
151 183
151 627
151 824
151 934
151 1210
151 1618
151 1783
151 1868
151 2513
151 2850
151 3926
152 250
152 462
152 834
152 847
152 2493
152 3482
153 1442
154 651
155 1066
155 2649
155 3172
156 343
156 404
156 863
156 914
156 1336
156 1598
156 1836
156 2564
156 2640
156 2938
156 2975
156 3239
156 3247
156 3700
157 528
157 846
157 2567
157 2881
159 333
159 346
159 2501
159 2724
160 173
160 265
160 324
160 487
160 496
160 578
160 585
160 948
160 1212
160 1376
160 1581
160 2099
160 2536
160 2787
160 3071
160 3281
160 3788
160 3791
160 3861
160 3947
161 1283
161 2902
162 2267
164 3018
165 1125
167 472
167 482
167 1252
167 1650
167 1743
167 1952
167 2674
167 3055
167 3226
167 3617
168 203
168 209
168 273
168 334
168 386
168 940
168 1254
168 1395
168 1878
168 1996
168 2738
168 3130
168 3736
169 1987
169 2259
170 364
170 1087
170 3147
171 762
171 907
171 1008
171 1304
171 1488
171 1701
171 1817
171 1896
171 2083
171 2299
171 2474
171 2765
171 3705
172 296
172 438
172 451
172 485
172 606
172 609
172 736
172 811
172 878
172 971
172 1086
172 1275
172 1290
172 1295
172 1339
172 1431
172 1554
172 1589
172 1902
172 2086
172 3209
172 3401
172 3486
172 3624
172 3865
172 3892
173 193
173 228
173 1257
173 1420
173 2017
173 2256
173 3003
174 253
174 1115
174 1377
174 1561
176 1316
177 391
177 751
177 864
177 999
177 1217
177 1594
177 1927
177 2107
177 2186
177 3774
178 660
178 889
178 2358
178 2594
178 3382
178 3690
179 1634
179 2622
181 268
181 2367
182 1846
183 418
183 510
183 617
183 669
183 776
183 996
183 1205
183 2000
183 2203
183 2458
183 2625
183 3220
183 3974
184 231
184 588
184 1106
184 1587
184 1809
184 2528
185 339
185 448
185 485
185 494
185 534
185 672
185 987
185 1056
185 1085
185 1158
185 1170
185 1371
185 1460
185 2619
185 2888
185 2921
185 3046
185 3148
185 3493
186 3476
186 3569
187 754
187 2122
188 255
188 770
188 841
188 880
188 955
188 988
188 1244
188 3270
188 3396
188 3686
189 216
189 264
189 307
189 360
189 639
189 695
189 705
189 737
189 793
189 890
189 1024
189 1041
189 1312
189 1573
189 1575
189 1959
189 1967
189 2160
189 2204
189 2364
189 2603
189 3009
189 3099
189 3104
189 3631
189 3937
190 345
190 455
190 460
190 560
190 626
190 703
190 1623
190 1654
190 1938
190 2186
190 2406
190 2768
190 2840
190 3066
190 3841
191 206
191 213
191 1055
191 1072
191 1703
191 2022
191 3465
193 251
193 1723
193 2512
193 2727
193 2849
194 368
194 1466
194 1906
195 1543
195 2427
196 441
197 293
197 547
197 574
197 1263
197 1372
197 2286
197 3320
197 3945
198 422
198 626
198 1059
198 1135
198 1319
198 1820
198 1864
198 2443
198 2751
198 2879
198 2959
198 3017
198 3203
198 3739
200 256
200 662
200 1077
200 1201
200 1605
200 1882
200 2422
200 2661
200 3132
200 3302
200 3446
200 3511
200 3535
200 3548
200 3986
201 254
201 353
201 448
201 502
201 529
201 713
201 812
201 892
201 961
201 1486
201 1522
201 1837
201 1839
201 2857
201 2969
201 3078
201 3480
201 3555
201 3714
203 347
203 720
203 3531
203 3731
204 355
204 718
204 931
204 1469
204 1618
204 2130
204 2398
204 2807
205 250
205 356
205 409
205 491
205 501
205 517
205 677
205 938
205 972
205 977
205 1009
205 1672
205 1708
205 1761
205 1785
205 1871
205 1903
205 1943
205 1981
205 1985
205 2011
205 2025
205 2329
205 2806
205 2969
205 3038
205 3178
205 3222
205 3591
205 3619
205 3854
206 249
206 658
206 1420
206 1580
206 1931
206 2056
206 2725
206 3345
206 3982
207 1244
207 1868
207 2090
207 3653
208 1747
208 2927
209 352
209 883
209 1201
209 1318
209 1651
209 2878
209 3516
210 340
210 358
210 395
210 786
210 962
210 1140
210 1346
210 1796
210 1895
210 2024
210 2038
210 2184
210 2217
210 2262
210 2321
210 2444
210 2587
210 2593
210 2966
210 2989
210 3117
210 3451
210 3453
210 3730
210 3817
211 1178
211 1998
211 2347
211 3437
211 3536
211 3879
212 257
212 756
212 1529
212 3075
214 895
215 2921
216 316
216 525
216 686
216 826
216 1512
216 2420
216 2500
216 2790
216 2804
216 2987
216 3589
216 3787
216 3854
217 2968
218 288
218 514
218 997
218 1488
218 1592
218 2072
218 2230
218 3463
219 398
219 519
219 639
219 1224
219 2552
221 234
221 589
221 870
221 2726
221 3070
221 3649
222 1060
222 1663
222 1842
222 2228
222 2637
222 3628
224 1473
224 2003
224 3157
225 320
226 714
226 1220
226 1299
226 1393
226 1474
226 1801
226 1880
226 1904
226 2224
226 2263
226 3036
226 3123
226 3171
227 238
227 299
227 707
227 813
227 1378
227 1615
227 1841
227 2300
227 2535
227 2868
227 3326
227 3857
229 281
229 291
229 310
229 518
229 545
229 566
229 687
229 989
229 1012
229 1193
229 1198
229 1248
229 1367
229 1415
229 1416
229 1616
229 1861
229 1878
229 1965
229 1970
229 2442
229 2695
229 2839
229 3113
229 3145
229 3198
229 3223
229 3751
229 3755
229 3768
230 409
230 688
230 1456
230 2917
230 3449
231 544
231 880
231 1499
231 1902
231 1928
231 3243
231 3696
233 1230
234 328
234 1018
234 1310
234 2607
234 3601
234 3713
235 886
235 1194
235 3084
237 2170
237 3176
238 1129
238 1386
238 1519
238 3044
239 258
240 1028
240 1945
241 1795
241 2327
242 804
242 867
242 995
242 2294
242 2865
244 681
244 1189
244 2079
244 3108
246 2671
246 3852
246 3913
247 1308
248 323
248 1965
248 3459
249 709
249 3199
250 272
250 421
250 1047
250 1326
250 2474
250 3193
250 3438
251 336
251 717
251 826
251 3294
252 495
252 1172
252 1494
252 1520
252 1577
252 1679
252 2217
252 2413
252 3031
252 3345
252 3580
252 3837
253 1236
254 397
254 469
254 746
256 321
256 543
256 857
256 2019
257 563
257 1621
257 2966
257 3330
257 3511
257 3560
257 3992
258 260
258 271
258 290
258 363
258 543
258 607
258 875
258 882
258 1063
258 1085
258 1334
258 1412
258 1632
258 2486
258 2492
258 2540
258 2989
258 3171
258 3357
258 3409
258 3498
258 3875
258 3964
259 423
259 926
259 1124
259 1986
259 2479
259 3253
260 1342
260 1517
260 2613
260 2941
260 3295
260 3982
261 1806
261 3513
262 2346
262 3604
263 468
263 497
263 1927
264 573
264 1241
264 1359
264 1873
264 1885
265 550
265 747
265 1178
265 1675
265 1696
265 1704
265 1751
265 2004
265 2119
265 3069
265 3423
266 2138
268 340
268 445
268 571
268 920
268 1241
268 1441
268 2287
268 2384
268 2722
268 2753
268 3431
268 3491
268 3631
268 3729
268 3760
269 1817
269 2358
269 2675
269 3799
270 827
271 702
271 1558
271 1851
271 1863
272 490
273 365
273 515
273 2315
273 2893
273 3669
275 1946
275 1974
276 397
276 595
276 646
276 672
276 1188
276 1811
276 2707
276 2713
276 3144
277 2074
277 3843
278 1138
278 2369
279 1322
279 1548
279 3356
280 348
280 701
280 774
280 998
280 1019
280 1043
280 1172
280 1270
280 1401
280 1498
280 2002
280 2073
280 2488
280 2490
280 2642
280 2817
280 3240
280 3848
281 3127
282 412
282 959
282 3004
283 304
283 399
283 768
283 885
283 1105
283 1197
283 1304
283 1513
283 1602
283 2231
283 2546
283 2657
283 2699
283 3130
283 3316
283 3407
283 3696
283 3718
285 2415
285 2426
285 2894
285 3912
286 1756
286 2721
287 567
287 778
287 2683
287 2984
287 3819
288 467
288 553
288 724
288 820
288 894
288 1819
288 3520
288 3570
288 3587
288 3991
289 390
289 704
289 873
289 1345
289 1889
289 2021
289 2239
289 2518
289 3620
290 1409
290 3371
290 3597
291 632
291 1854
293 342
293 801
293 3166
294 495
295 687
295 771
295 815
295 1896
296 483
296 3029
296 3738
297 818
297 942
297 1256
297 1584
297 1775
297 2196
298 349
298 740
298 1570
298 2341
298 2796
298 3022
299 710
299 1045
299 1219
299 1422
299 2290
299 2402
299 2406
299 3051
299 3229
299 3267
299 3534
299 3666
300 816
300 1929
300 2435
300 3242
300 3509
301 306
301 3545
302 2187
302 2589
304 499
304 1435
304 1493
304 2250
305 794
305 1317
305 1353
305 1471
306 471
306 2961
306 3685
306 3725
307 546
307 790
307 1509
307 1746
307 2101
308 1617
308 2040
309 481
309 628
309 2116
310 809
312 612
312 614
312 731
312 918
312 1112
312 1204
312 2047
312 2314
312 2438
312 3747
313 953
313 1791
313 2049
313 3987
315 504
315 679
315 1131
315 1777
315 1950
315 2295
315 3794
316 1171
316 1379
316 3703
316 3954
317 465
317 689
317 1324
317 1346
317 1519
317 1805
317 2246
317 2293
317 2471
317 2993
317 3011
317 3108
318 322
318 419
318 423
318 509
318 553
318 573
318 599
318 695
318 904
318 971
318 1005
318 1221
318 1509
318 1563
318 1625
318 1758
318 1812
318 2378
318 2537
318 2646
318 2736
318 2780
318 2945
318 3200
318 3282
318 3419
319 622
319 760
319 1324
319 1405
319 1777
319 2393
319 3366
320 3120
323 437
323 630
323 693
323 1447
323 1924
323 2277
323 2290
323 2462
323 2785
323 3884
324 542
325 654
325 1382
325 1436
325 1762
325 1852
325 3563
325 3866
325 3916
327 3127
327 3801
328 597
328 990
328 1314
328 1651
328 1722
328 1947
328 2660
328 3556
329 405
329 782
329 1442
329 1575
329 2584
329 2766
329 3057
329 3137
329 3290
329 3752
330 497
330 1233
330 1405
330 1685
330 1724
330 1969
330 2166
330 2308
330 2375
330 2635
330 3050
330 3444
330 3659
332 1148
334 417
334 556
334 611
334 623
334 675
334 1014
334 1185
334 1772
334 2026
334 2157
334 2208
334 2273
334 2946
334 3097
334 3517
335 439
335 1116
335 1177
335 1287
335 1730
335 2139
335 3778
336 757
336 1388
336 1844
336 2553
336 2752
336 2974
336 3085
336 3429
337 2146
338 400
338 556
338 684
338 685
338 1026
338 1151
338 1384
338 1452
338 1553
338 1630
338 1716
338 3421
338 3504
338 3794
339 568
339 694
339 731
339 736
339 821
339 842
339 1120
339 1127
339 1267
339 1364
339 1410
339 1714
339 2294
339 2922
339 2994
339 3297
341 1806
341 2554
341 3884
342 441
342 645
342 752
342 1514
342 2140
342 2481
342 3030
342 3637
342 3807
342 3809
344 386
344 808
344 883
344 899
344 911
344 954
344 1928
344 1935
344 2138
344 2283
344 2434
344 2490
344 2817
344 2846
344 3278
344 3660
344 3840
345 415
345 1647
345 3089
345 3609
346 1206
346 1228
346 1525
346 2942
346 3730
346 3878
347 983
347 1356
347 1936
347 1942
347 2071
347 2370
347 2389
347 2941
349 663
350 1071
350 1101
350 1494
350 1562
350 1845
350 3118
350 3306
351 377
351 380
351 943
351 1617
351 1865
351 2100
351 2363
352 526
352 888
352 1434
352 1495
352 2130
352 2818
352 3328
352 3370
353 1599
353 2643
354 3904
355 649
355 1289
355 1349
355 1872
355 1887
355 2145
355 2296
355 2908
355 2933
355 3896
355 3899
356 1238
358 2183
359 1778
359 2323
359 3136
359 3764
359 3874
360 383
360 562
360 1010
360 1389
360 1660
360 1681
360 2658
360 3059
360 3784
361 365
361 819
361 1029
361 1840
361 2860
362 1483
363 728
363 1402
363 1411
363 3933
364 544
364 668
364 829
364 1146
365 536
365 784
365 967
365 2069
365 3254
365 3281
365 3673
365 3977
366 541
366 671
366 993
366 1750
366 3221
366 3548
368 776
368 1277
368 1294
368 1418
368 2932
369 1292
369 1861
370 1386
370 2201
370 2478
371 439
371 917
371 1465
371 1588
371 2335
371 3515
373 579
373 1034
373 1477
373 3636
373 3871
375 782
375 1491
375 3343
376 2899
377 505
377 810
377 872
377 1167
377 2471
377 3616
377 3849
378 524
378 721
378 925
378 1313
378 2041
378 2188
378 2400
378 2768
378 2851
378 3214
378 3986
379 384
379 1350
379 1444
379 2131
380 1101
380 1572
380 2958
381 1754
381 2022
381 2027
381 2586
381 2761
382 2072
382 3709
384 575
385 1410
386 1669
386 2711
387 599
387 726
387 1096
387 1130
387 1632
387 2797
387 2949
389 416
389 1608
389 2006
389 2977
391 897
391 3003
392 640
392 3123
392 3317
392 3538
393 2167
393 2602
393 2882
396 945
396 1328
396 2541
396 3016
397 692
397 930
397 1888
397 1960
397 3474
398 1594
398 1901
399 419
399 1357
399 2278
399 2704
399 3310
399 3766
400 1979
400 2005
400 2104
400 2259
400 2449
401 402
401 477
401 492
401 1776
401 1968
401 2120
403 1145
404 1047
404 1800
404 3398
408 1457
408 1684
410 1955
410 2008
411 3618
412 744
412 1154
412 1491
412 1560
412 2570
412 3271
413 1048
413 1507
413 1990
413 1996
413 2503
413 2803
413 3074
413 3568
414 503
414 823
414 964
414 1781
414 3234
414 3377
415 1351
415 1470
415 2180
415 2405
415 3033
416 561
416 1149
416 1154
416 3405
417 1271
417 1787
418 538
418 722
418 742
418 1073
418 1515
418 1528
418 1556
418 2091
418 2096
418 2569
418 2610
418 3117
418 3191
418 3420
418 3455
418 3701
419 3726
420 618
420 941
420 1239
420 2998
421 440
421 564
421 1002
421 1240
421 1463
421 1668
421 2050
421 2246
421 2924
421 3888
422 437
422 853
422 1497
422 1885
422 2340
422 2538
422 2596
422 2633
422 2800
423 1571
423 3206
423 3437
424 905
425 3269
427 1207
427 3604
428 512
428 1959
428 2608
428 2627
428 2732
428 2859
429 1122
429 1710
429 1789
429 1862
429 1875
429 1982
429 2951
429 3635
431 1695
431 1865
431 3048
433 452
433 886
433 977
433 981
433 1039
433 1123
433 1249
433 1250
433 1504
433 2132
433 2409
433 2544
433 3042
433 3418
433 3561
433 3906
434 642
434 3210
434 3334
435 2417
438 2676
438 2815
438 3826
440 484
440 2339
440 2559
440 2692
440 3414
441 865
441 1577
441 1879
442 2215
443 2275
445 1122
445 2657
445 3637
446 929
446 1863
446 2763
446 2999
446 3000
446 3284
447 583
447 2133
447 2143
448 587
448 811
448 1044
448 1291
448 1332
448 1501
448 1538
448 1659
448 1680
448 2035
448 2045
448 2115
448 2173
448 2268
448 2522
448 3156
448 3244
448 3688
448 3716
448 3720
448 3883
449 580
450 2145
450 3134
451 1076
451 3775
452 1391
452 2315
453 1462
455 618
455 773
455 1321
455 1530
455 2757
456 700
457 1484
457 2794
457 3464
459 2791
460 901
460 1905
460 3578
462 1136
463 1086
464 1254
464 1881
465 531
465 1246
465 1421
465 2988
466 510
466 674
466 1859
466 2002
466 2604
466 3990
467 745
467 1243
467 1636
467 3830
469 2463
470 1419
470 3881
471 1468
471 1528
471 1567
471 1892
471 2464
471 3400
471 3576
472 477
472 1866
472 2245
472 3537
473 3157
475 1235
476 1058
476 1192
476 1329
476 1860
476 2129
476 2876
476 3609
478 647
478 976
478 1780
478 1984
478 2376
478 3295
478 3864
479 891
479 906
479 1224
480 499
480 566
480 1451
480 1687
480 2265
480 2666
480 3153
481 1278
481 1521
481 1539
481 1613
481 1776
481 1968
481 2498
481 3337
481 3426
481 3762
481 3962
482 1253
482 1917
482 2262
483 2068
483 2148
483 2169
483 2645
483 3153
485 549
485 847
485 1141
485 1541
485 2624
485 3311
485 3361
485 3551
485 3790
485 3956
487 676
487 1340
487 3626
489 2390
491 946
491 1132
492 509
492 561
492 749
492 1070
492 2043
492 2060
495 643
495 1107
495 1317
495 1352
495 2095
495 2357
495 2549
495 2940
495 3764
495 3922
496 2043
497 668
497 1956
497 2033
497 2080
497 2609
497 3189
498 992
499 2849
499 2869
500 2223
500 3932
501 526
501 805
501 3067
502 3728
505 968
505 2784
506 1607
508 1052
508 1265
508 1989
508 2200
508 2822
508 3223
508 3264
508 3359
509 958
509 2761
510 1070
510 1581
510 3021
511 638
511 682
512 1770
512 1930
512 3970
513 576
513 850
513 917
513 1238
514 570
514 1890
514 2703
514 3522
515 1173
517 3160
518 753
518 945
518 1255
518 1502
518 1599
518 1692
518 1719
518 2142
518 2219
518 2874
518 2954
518 3307
518 3667
518 3908
518 3975
519 1051
519 1997
519 2795
519 3041
521 1611
522 523
522 750
522 1490
522 1665
522 1744
522 2034
522 3231
523 2018
523 2711
525 1894
526 577
526 2364
526 2531
526 3486
527 1576
527 2723
527 3088
527 3500
528 2163
528 2934
528 3464
529 1152
529 2971
530 975
530 1275
530 1702
530 2105
530 2983
530 3116
530 3629
531 813
531 2781
531 3060
534 2614
536 954
536 1427
537 943
537 1124
537 1837
537 1880
537 2195
537 2597
537 2804
537 3054
537 3355
537 3761
537 3894
538 590
539 796
539 1025
539 1030
539 1904
539 2013
539 2048
539 2917
539 3300
539 3551
539 3600
539 3610
541 653
541 1004
541 1045
541 1383
541 2303
541 3093
541 3793
541 3927
542 2620
542 3848
543 922
543 996
543 1608
543 1620
543 1809
543 2121
543 2745
543 3954
545 680
545 879
545 2527
545 2926
545 3250
545 3956
549 734
549 1017
549 3043
549 3129
550 836
550 1182
550 1465
551 659
551 3598
552 2776
553 3559
554 2897
554 3593
556 913
556 1181
556 2978
557 830
557 2166
557 3510
558 750
558 2203
558 3648
558 3806
559 2659
562 619
563 677
563 755
563 1075
563 1111
563 1156
563 1398
563 2136
563 2412
563 3072
563 3283
563 3324
563 3698
566 982
566 3505
566 3664
566 3779
567 3154
568 2579
568 3343
569 2193
570 1157
570 1549
570 1645
572 1000
573 1585
574 988
575 579
575 858
575 1322
575 1333
575 1368
575 1520
575 1650
575 2366
575 3614
576 1588
576 1633
576 1666
579 603
579 1032
579 1351
580 729
582 1137
582 2663
582 3632
583 1069
583 1096
583 1176
583 2140
583 3110
583 3765
586 2950
587 726
587 1033
587 1804
588 1760
588 2271
588 3953
589 727
589 862
589 968
589 1598
589 1600
590 1840
590 2913
591 2093
591 2114
591 3542
591 3588
592 3436
599 1119
599 1259
599 1335
599 1412
599 1423
599 1516
599 1745
599 2153
599 2205
599 2465
599 2734
603 652
603 680
603 789
603 814
603 1179
603 1487
603 1677
603 2381
603 3065
603 3240
603 3499
604 1137
606 719
606 837
606 1149
606 1565
606 2670
606 2681
606 3708
606 3870
606 3876
607 1800
608 737
608 1397
608 1719
608 1764
608 1980
608 2726
608 3846
609 732
609 839
609 1088
609 3056
610 1574
612 2842
612 2906
612 3276
613 3309
613 3418
614 861
614 986
614 1022
614 1203
614 1736
614 2870
614 2983
614 3228
614 3321
614 3428
614 3492
614 3497
614 3588
615 1087
615 1664
615 3722
617 1039
618 980
619 1715
619 2218
619 2336
619 2529
620 1899
620 2805
620 3856
621 1583
622 1518
623 1184
623 1277
623 1379
623 1454
623 1666
623 1955
623 2269
623 3124
625 1665
625 2899
625 3046
625 3724
626 775
626 1028
627 645
627 1445
627 1485
627 1907
627 2861
627 3070
627 3154
627 3305
629 2525
630 885
630 2499
630 3964
631 835
631 844
633 904
633 1209
633 1452
633 1849
633 3316
634 2495
634 2564
634 3057
635 953
635 3182
638 2866
638 3098
638 3920
639 3480
642 2210
643 1628
643 1746
643 1876
643 2442
643 2716
643 3365
643 3457
644 857
645 1134
646 932
646 1176
646 1493
646 1821
646 2460
646 2717
648 1467
648 1629
648 1944
648 2064
648 2585
648 2679
648 3787
648 3938
650 1074
650 2688
650 3245
650 3889
652 1319
652 1592
652 2931
652 3015
652 3625
652 3812
653 786
653 1708
653 3562
654 1067
654 1287
654 1364
654 2856
657 674
657 837
657 970
657 1129
657 1464
657 2121
657 2239
657 2779
659 861
659 1237
660 3066
661 931
661 1773
662 828
662 2302
663 950
663 1542
663 1734
664 788
665 1456
665 1696
665 2282
666 715
669 1100
669 1451
669 1727
669 2270
669 2390
669 2421
669 2562
669 3593
670 2427
670 2794
672 2033
673 3623
675 1011
675 1862
675 3279
675 3812
675 3909
676 3760
677 1371
678 1824
679 3333
683 1831
684 1099
685 690
685 829
685 1948
685 2857
685 3445
685 3585
685 3648
685 3816
687 2905
688 2701
688 3278
688 3499
689 2163
689 2770
689 3283
690 2742
690 2911
690 3911
692 818
692 2046
693 739
693 820
693 1133
693 1476
693 1795
693 1930
693 2001
693 3550
693 3735
696 760
696 1140
696 1272
696 1757
696 1835
696 2475
696 3340
697 1956
697 1988
697 3525
697 3933
698 794
698 1206
698 2213
699 994
700 1500
700 2407
700 3214
702 751
702 866
705 2091
705 3643
706 725
706 1034
706 1300
706 1323
706 1613
706 2828
706 3210
707 2515
707 2591
707 2967
708 3268
709 3385
709 3880
711 3706
714 1280
714 1734
714 2397
714 2888
714 3167
714 3397
714 3746
716 1191
717 896
717 910
717 1482
717 1786
717 3398
718 1551
718 2371
718 3020
719 2208
719 3547
720 2190
721 1919
721 2199
721 3139
723 956
723 986
723 1654
723 2089
723 2206
723 2237
723 2647
723 3013
723 3541
723 3584
724 1190
724 1510
725 1321
725 1975
726 887
726 2344
727 887
727 970
727 2159
727 2523
727 3734
727 3844
728 2006
728 2135
728 2667
732 1504
733 743
733 1183
733 1677
733 2198
733 2630
733 2915
733 2960
733 3508
733 3925
735 1013
736 3246
737 3402
738 1362
739 1158
739 1894
739 3000
739 3495
742 1547
743 1430
745 1293
745 2420
745 3001
746 1635
746 1641
746 3549
747 2691
749 1733
749 2098
749 2696
749 2757
749 3566
750 764
750 1271
751 1478
752 1117
752 2039
753 2133
753 2251
753 2464
753 2468
756 1151
756 1225
756 2759
756 2876
758 3346
759 1388
759 3215
760 2639
760 2858
760 3598
760 3599
761 3940
762 767
763 1144
763 1375
763 1560
763 3351
763 3640
765 2148
765 2211
765 2247
765 2431
765 2713
765 3167
766 1707
766 1796
766 3047
766 3898
767 1503
767 1535
769 2952
771 842
772 1827
773 2174
773 3879
774 1100
774 2556
774 2777
774 3124
776 3293
776 3595
777 2305
777 2744
777 3953
778 1282
778 3238
779 1497
779 1763
779 2058
779 2884
780 3024
780 3594
781 1361
781 3209
782 1744
784 1274
784 1649
785 973
785 1200
785 1784
785 1964
785 2439
785 3842
786 1248
786 2281
787 2874
787 3349
787 3661
788 831
788 1037
788 1064
788 1143
788 1740
789 1345
792 801
792 1118
792 2683
792 3050
792 3471
792 3750
793 2055
793 2301
793 3834
794 873
794 978
794 1193
794 1441
794 1822
794 2448
794 2776
794 3862
798 851
799 1875
799 2605
800 1496
800 2189
800 3248
801 1301
801 3664
803 1059
803 2453
804 2038
805 2379
806 2117
807 1579
807 1644
807 3481
807 3704
808 960
808 1550
808 1914
808 2059
808 2310
808 2392
808 2669
808 3061
808 3714
808 3918
809 992
809 1285
809 2228
809 3814
810 817
811 2416
812 3634
813 834
814 3603
815 942
815 984
815 1252
815 1266
815 1282
815 1418
815 1980
815 2016
815 3243
815 3460
816 976
816 1399
816 3478
818 3975
819 1881
821 3435
821 3615
821 3958
822 878
822 3642
823 1739
823 2200
823 2805
824 3073
827 3271
828 1448
828 2654
829 3717
830 1853
830 2530
830 3172
830 3326
830 3573
830 3651
830 3652
832 1263
832 1384
832 1569
832 2727
832 3103
834 1647
834 2053
834 2057
834 3250
835 3370
836 889
836 1284
836 1552
836 1939
836 2004
836 2480
836 3416
838 1258
838 2230
839 1582
839 3428
841 855
842 1891
842 2511
845 3037
845 3155
847 949
847 1091
847 1434
847 2324
847 3516
848 2054
848 2229
848 3456
848 3507
850 1276
850 2152
850 2479
855 1394
855 3726
856 2150
857 1691
857 3601
859 2815
861 1782
862 2542
864 2582
868 1057
868 1590
869 3769
870 3094
872 1580
872 2893
872 2952
872 3262
872 3643
872 3807
874 1077
874 2714
875 1066
875 1165
875 1215
875 1363
875 1678
875 3102
877 951
877 1017
877 2123
877 2350
877 3354
877 3369
877 3395
878 1611
880 1038
880 1234
880 2599
881 2955
883 1286
883 1982
883 2177
883 2231
884 2493
886 1512
886 1642
886 1922
886 2877
886 3086
888 3128
889 1407
889 1567
890 2097
890 2293
890 2595
890 2880
890 3272
890 3315
890 3558
892 1999
892 2102
892 2612
892 3698
893 1372
893 2024
893 2745
893 3488
894 944
895 1631
895 3917
897 1400
897 1450
898 2556
899 1905
899 2641
900 952
900 1600
900 1716
900 1717
900 3131
900 3514
901 1626
901 2787
901 3971
902 1820
905 2563
906 1049
906 2044
906 2587
907 1262
907 1976
907 3242
909 2213
909 2545
909 2798
916 969
916 1012
918 1414
918 1546
920 1196
920 1844
920 2943
923 1893
923 3159
924 1081
925 3458
927 936
928 2015
928 2981
929 3679
930 3364
932 1180
932 1334
932 1551
932 1857
932 2188
932 2248
932 2677
936 1455
936 2892
938 1911
940 1360
940 2127
940 2516
940 2965
940 3125
941 1984
941 3111
942 3341
942 3435
943 3467
945 3835
946 1265
946 1636
946 2172
946 2674
946 2809
946 3222
946 3743
948 1003
948 2242
948 2485
948 2656
949 1213
949 1797
949 2175
951 1535
953 1031
953 1121
953 1656
954 3868
956 1194
957 3687
957 3947
958 1218
958 2076
959 1920
959 2886
959 2928
959 3375
959 3514
959 3985
960 2316
960 3707
962 1068
962 2454
962 2949
963 1743
964 2320
967 1123
967 3062
969 1869
969 2903
969 3759
970 1652
971 1536
971 3158
972 2769
974 1247
974 1369
974 1921
974 2182
974 2261
974 2268
974 2573
974 2873
979 1111
979 1503
985 1347
985 2288
987 2136
987 2707
987 3441
992 1228
992 2760
992 2936
993 2477
993 3376
995 1866
995 2355
995 3607
996 1084
996 1426
996 1545
996 1953
996 2113
997 1740
997 2887
997 3303
998 1021
998 1531
998 2085
1001 1273
1001 1702
1001 2349
1001 3025
1002 1610
1002 1684
1002 2859
1004 1814
1006 2276
1006 2542
1006 3470
1006 3922
1007 1767
1007 2061
1007 2956
1007 3319
1008 1556
1008 2411
1008 2447
1008 3026
1010 1091
1010 2289
1016 1526
1016 1622
1016 2459
1018 2393
1020 2210
1020 2384
1021 1302
1021 3749
1023 3120
1024 1146
1025 3152
1026 1424
1026 2763
1026 3249
1027 3423
1028 2325
1028 2718
1031 1221
1031 1794
1031 2282
1031 3758
1032 2178
1034 2069
1034 2301
1034 3184
1035 1703
1037 3539
1037 3983
1039 1564
1039 2496
1039 3040
1039 3492
1040 1998
1040 3638
1040 3782
1041 2693
1041 3190
1043 1793
1043 1954
1044 2601
1045 2151
1047 3002
1047 3261
1048 3928
1051 1417
1051 1534
1051 2008
1051 2370
1052 2113
1052 2161
1052 2572
1052 2696
1053 1676
1054 2387
1055 1121
1055 1578
1055 3386
1059 1603
1059 1609
1059 2642
1059 2767
1060 1090
1060 2375
1060 2616
1060 3737
1061 1075
1061 1816
1061 2611
1061 2670
1061 3109
1061 3373
1064 1323
1066 1938
1067 1168
1069 2066
1069 2430
1069 2576
1069 2796
1069 3265
1069 3733
1070 1639
1070 2258
1073 1425
1073 3296
1074 2108
1074 2149
1075 1869
1075 2078
1076 1689
1076 2073
1076 2882
1076 3374
1076 3704
1077 1088
1077 1283
1077 1697
1077 2052
1077 2165
1078 1614
1078 2436
1078 2687
1078 3814
1079 2467
1080 3622
1082 1907
1082 1925
1082 3021
1086 1234
1086 1839
1086 2312
1086 3697
1088 1230
1088 1438
1088 1882
1088 1944
1088 2266
1088 2445
1089 1667
1089 2297
1089 2791
1089 2947
1090 1569
1091 2092
1091 2467
1091 2667
1091 3325
1091 3422
1091 3691
1092 1098
1092 1981
1092 2418
1092 3142
1092 3930
1094 2414
1094 2451
1094 2855
1094 2957
1096 2536
1096 2750
1097 1631
1097 2270
1097 3235
1099 2388
1099 3241
1100 2170
1105 2155
1106 3644
1107 1830
1107 1993
1107 2036
1107 2094
1107 3028
1107 3151
1110 3076
1110 3630
1112 1113
1112 1305
1112 2728
1112 2862
1112 3869
1113 2749
1114 1147
1114 1852
1114 1926
1114 3380
1114 3510
1114 3946
1115 1500
1115 3549
1116 2743
1116 3475
1117 2851
1118 1949
1118 2461
1118 3160
1118 3421
1121 1199
1121 1513
1121 1675
1121 2005
1121 3782
1123 1413
1123 2204
1124 1269
1124 2845
1126 1614
1126 1886
1126 2853
1126 2939
1126 2975
1126 3289
1129 3855
1130 1818
1131 1478
1131 1524
1131 1593
1131 3339
1133 1421
1135 1229
1135 1411
1135 2336
1135 3263
1137 1214
1137 2935
1137 3170
1139 2507
1141 1261
1141 1697
1141 2345
1141 3941
1142 1396
1144 1540
1144 3254
1144 3692
1145 1753
1147 1453
1147 2883
1148 2032
1150 3501
1151 2410
1153 2345
1153 2453
1153 3144
1153 3202
1154 1973
1154 1995
1154 2631
1157 1941
1157 3155
1158 1266
1158 2834
1158 2938
1159 2737
1160 2095
1162 2831
1164 2638
1164 3545
1164 3740
1165 3955
1168 1814
1168 3608
1169 2401
1170 1683
1170 1758
1170 2635
1171 2934
1171 3833
1172 2343
1174 3450
1179 2468
1181 1309
1182 1189
1183 1884
1184 1757
1184 2389
1184 2658
1185 2352
1185 2480
1185 3249
1187 1403
1189 2431
1190 1449
1190 2841
1192 1232
1195 1672
1196 1858
1197 1516
1197 1701
1197 2023
1199 2286
1202 1232
1202 1971
1203 1908
1203 3980
1204 2701
1208 2830
1209 2103
1209 2504
1209 2873
1209 2951
1209 3306
1209 3439
1209 3518
1210 1340
1210 1368
1210 3998
1211 1307
1211 1502
1212 2560
1212 3980
1213 3195
1214 3103
1214 3280
1215 1929
1215 2544
1216 2162
1216 2323
1217 3029
1218 1687
1219 1327
1219 2212
1220 1884
1224 1903
1224 3841
1225 1945
1225 2943
1225 3903
1227 1640
1227 1812
1227 2826
1227 3914
1229 1726
1229 3533
1230 1297
1236 2098
1240 3570
1240 3873
1241 1443
1241 1638
1241 2703
1241 2839
1241 3380
1243 3945
1244 1293
1246 2673
1248 1462
1250 2571
1250 3212
1253 1344
1253 2404
1254 3186
1258 2861
1260 2462
1261 2383
1261 3366
1261 3767
1264 2986
1265 2771
1267 1638
1268 2926
1268 3417
1268 3430
1268 3463
1268 3578
1269 3818
1270 1496
1270 2137
1270 2356
1270 2664
1270 3719
1272 1562
1272 2382
1272 3211
1272 3282
1272 3786
1276 2816
1277 1759
1279 1404
1279 1537
1279 3409
1280 2641
1281 1446
1281 3742
1284 2063
1285 2866
1286 2716
1287 1511
1287 2416
1288 1349
1288 1457
1288 1802
1288 2588
1288 3728
1290 2902
1290 3839
1291 2441
1291 2770
1291 3356
1295 2261
1296 1527
1296 2238
1299 3412
1302 1910
1304 1311
1305 3791
1310 3297
1313 2559
1315 2680
1318 1693
1322 1829
1322 2584
1322 3012
1326 3342
1327 1559
1327 1991
1327 3860
1329 3064
1329 3185
1329 3477
1332 1408
1332 2537
1332 3150
1337 2126
1341 2896
1345 3368
1345 3452
1346 2455
1346 3098
1346 3895
1350 2385
1350 2733
1351 1843
1351 2046
1351 2296
1351 3587
1352 3721
1353 1924
1353 2630
1355 3893
1356 3146
1357 2322
1357 2413
1357 2502
1357 2533
1358 3288
1360 2526
1360 3449
1362 1850
1362 2450
1363 2276
1363 2353
1364 3542
1367 3748
1370 1458
1370 1836
1370 2380
1370 2403
1370 3262
1370 3518
1372 3528
1373 1399
1373 1712
1373 2643
1373 2821
1373 2852
1373 3310
1373 3500
1373 3534
1374 1506
1376 1819
1376 2565
1377 2303
1377 2310
1377 2333
1377 2363
1377 2676
1377 3476
1377 3540
1380 1530
1380 2774
1380 2997
1381 3417
1383 2583
1383 3177
1384 2573
1388 1750
1388 1909
1388 1934
1388 2144
1388 2709
1390 3313
1391 1793
1391 3285
1394 2176
1394 3960
1395 1522
1395 3700
1396 3151
1396 3772
1397 1774
1397 2028
1397 3260
1398 2015
1398 2506
1398 2915
1398 3727
1399 3427
1400 2101
1401 1934
1403 1408
1403 3255
1404 1962
1404 3943
1405 2377
1406 3567
1407 2376
1407 2378
1408 1523
1408 2668
1408 3034
1408 3318
1410 1605
1412 2183
1417 1883
1418 2075
1419 1705
1420 2234
1420 3790
1421 2662
1422 2156
1423 1949
1424 3793
1427 1870
1427 3942
1428 3997
1433 2152
1435 2272
1435 2518
1436 1585
1436 1997
1436 2546
1436 2699
1436 3445
1436 3783
1436 3958
1440 2260
1441 1818
1441 2108
1441 2224
1441 3571
1442 2520
1445 2803
1445 3097
1447 3308
1449 1778
1450 2319
1450 3179
1450 3708
1452 1860
1452 2962
1454 3424
1454 3683
1454 3970
1455 3129
1457 3051
1457 3957
1459 2342
1460 2460
1462 3477
1466 1847
1466 1874
1466 3627
1472 3102
1474 2644
1476 1816
1476 3105
1477 1602
1477 2168
1477 2377
1477 2932
1484 2784
1485 1645
1486 1646
1486 2313
1486 2991
1486 3352
1487 1544
1487 2144
1488 2211
1488 3722
1489 2221
1490 2039
1490 2637
1492 1663
1492 1908
1495 3359
1497 1710
1498 2916
1499 3978
1505 1584
1508 3149
1511 3364
1514 1539
1517 1668
1521 3555
1523 3286
1523 3899
1527 1593
1528 2027
1530 2959
1532 2235
1532 2782
1533 2057
1535 2925
1536 3358
1537 3659
1538 1858
1538 2337
1539 2764
1539 3267
1539 3931
1540 1864
1540 2704
1540 3219
1542 2694
1542 3872
1546 1963
1549 1728
1552 2510
1554 2686
1555 2693
1557 2142
1557 2227
1557 2936
1557 3135
1560 2153
1560 2369
1561 2126
1564 3936
1565 3824
1566 2441
1567 3816
1570 2051
1570 3543
1571 1738
1571 2386
1571 3523
1571 3529
1572 2423
1575 3196
1576 2256
1578 2264
1584 2271
1584 3077
1584 3985
1589 2478
1596 2903
1597 2568
1598 3680
1600 1628
1600 3174
1601 2226
1601 2910
1603 3082
1604 2291
1604 3141
1605 1720
1605 2491
1605 3870
1609 2664
1609 3801
1610 1873
1614 1752
1616 1792
1616 3190
1616 3400
1616 3434
1619 1810
1620 3138
1621 2010
1621 2660
1621 2801
1622 3950
1627 1664
1627 1916
1627 2914
1632 3892
1635 1932
1635 2021
1635 2545
1639 1898
1639 2118
1639 2617
1639 2799
1639 3074
1639 3577
1641 1957
1644 2828
1646 3136
1647 3287
1654 3808
1656 1842
1656 3068
1656 3122
1659 2692
1667 2235
1667 2649
1668 3122
1668 3988
1669 2843
1669 2979
1670 2487
1672 1835
1672 2746
1672 2940
1675 3371
1676 3202
1676 3253
1679 3354
1680 1992
1680 2035
1680 2283
1680 3304
1682 2744
1683 2201
1684 2362
1684 3676
1685 2348
1685 3192
1685 3930
1686 2929
1687 1993
1689 2575
1689 3479
1691 1899
1691 2300
1697 1933
1698 3257
1702 1790
1702 3665
1703 2249
1706 3255
1710 2014
1710 2842
1710 3112
1711 3860
1713 3663
1723 2194
1724 2428
1724 2848
1727 2330
1727 3902
1729 2561
1729 2689
1730 1832
1730 2061
1730 3138
1731 1737
1731 2267
1731 3019
1731 3053
1732 2539
1733 3655
1734 3748
1736 3990
1740 2116
1742 2912
1742 3912
1743 2929
1745 2194
1747 1753
1747 2307
1747 2834
1747 3347
1747 3556
1749 1983
1749 2234
1749 2528
1750 1828
1750 2632
1751 2298
1753 3348
1755 3290
1760 2739
1760 3646
1760 3799
1764 3315
1765 2655
1768 2050
1768 3741
1773 2391
1773 3927
1777 1867
1777 2871
1778 2633
1778 2750
1778 2818
1780 2867
1782 1888
1782 2931
1782 3047
1783 2548
1784 2509
1785 3702
1790 2484
1790 2517
1793 2862
1793 3625
1796 2672
1797 2638
1797 2653
1799 2895
1801 3193
1802 3246
1803 3061
1803 3441
1805 3208
1805 3999
1806 3977
1808 2083
1811 3028
1812 2456
1812 3340
1814 3030
1814 3641
1821 3164
1824 2278
1824 2668
1825 2854
1829 2850
1829 3369
1831 2229
1833 3259
1836 3137
1836 3581
1837 2822
1837 3468
1838 2702
1839 2182
1839 3742
1841 3389
1845 2238
1845 3106
1848 1992
1848 2846
1848 3038
1848 3304
1848 3597
1849 2715
1851 1939
1851 3179
1851 3440
1853 2317
1853 2604
1853 2968
1853 3640
1857 2399
1858 3088
1859 2225
1860 3406
1862 2252
1863 2391
1863 2454
1863 2920
1863 3285
1866 2386
1866 3351
1869 2886
1870 3065
1875 2541
1875 2933
1875 3170
1875 3634
1875 3995
1877 3911
1881 1914
1881 1915
1881 3095
1882 2307
1883 3494
1884 2497
1885 2476
1892 2114
1895 3710
1897 3353
1899 2162
1899 2332
1899 3484
1899 3663
1901 2725
1901 3869
1901 3996
1903 2747
1914 1999
1914 2191
1915 2321
1918 2012
1918 2297
1918 3701
1921 1961
1922 2318
1922 3322
1924 2011
1924 2056
1924 2272
1924 2543
1924 2783
1924 3929
1925 2227
1925 2382
1929 2154
1929 3963
1931 3546
1933 3621
1933 3755
1934 3135
1934 3614
1940 2025
1941 2527
1946 3995
1949 3838
1953 1954
1953 1957
1953 3487
1955 2466
1955 2492
1955 3225
1955 3715
1958 2396
1960 3498
1962 1972
1962 2080
1964 2814
1965 3175
1974 2919
1975 3292
1981 2900
1981 3362
1981 3415
1983 3095
1983 3218
1988 2814
1988 3606
1989 3432
1992 2762
1992 3729
1995 2306
1997 2446
1997 2987
2002 2833
2004 2550
2004 2613
2004 2782
2004 2840
2004 3612
2005 2580
2006 3920
2011 3596
2012 3828
2013 2883
2013 3819
2017 2088
2017 3143
2021 2429
2024 2456
2028 3654
2031 2534
2031 3903
2032 3967
2033 3436
2039 2111
2040 2222
2040 3942
2041 2980
2045 3734
2046 3020
2049 3039
2050 2780
2051 3496
2052 3352
2052 3461
2056 2280
2056 2372
2056 2671
2057 2362
2059 3469
2062 2615
2062 2905
2065 2610
2067 3109
2069 2864
2072 2731
2072 2920
2074 2175
2074 2766
2075 2292
2077 2349
2077 3258
2077 3266
2079 3176
2079 3336
2080 3429
2082 2392
2082 2909
2086 2502
2090 2832
2092 2214
2092 3009
2094 2516
2094 2627
2094 2797
2095 2986
2097 2819
2097 3822
2098 2724
2103 3324
2106 2923
2106 3599
2107 2187
2107 2254
2107 2440
2107 3466
2107 3524
2107 3670
2112 2263
2112 3096
2112 3291
2112 3584
2112 3605
2115 3318
2115 3396
2119 3101
2119 3259
2119 3651
2121 3125
2122 2472
2124 2597
2124 3684
2125 3264
2125 3996
2126 2139
2126 2871
2129 3419
2131 2236
2132 2636
2132 3273
2132 3471
2134 3788
2136 2778
2137 2686
2137 3081
2137 3372
2140 3447
2143 2695
2143 2712
2143 3010
2143 3756
2147 2755
2152 2705
2152 3863
2153 3010
2153 3678
2154 3613
2155 3915
2157 2299
2158 2483
2163 2418
2163 3201
2164 2430
2170 3322
2172 2306
2174 3981
2176 3845
2179 2394
2179 2748
2182 3442
2182 3741
2185 2258
2185 2907
2186 3721
2186 3820
2191 2338
2191 2937
2192 2466
2192 3334
2197 3896
2199 3341
2200 2510
2200 2526
2200 2911
2200 2999
2212 2964
2213 2340
2213 3451
2213 3502
2216 2302
2219 3532
2222 3411
2224 3390
2231 3169
2236 2617
2236 2848
2236 3296
2238 2415
2239 2772
2241 2264
2241 2325
2246 3159
2250 3293
2260 2845
2264 2697
2268 2808
2268 3007
2268 3489
2272 3603
2275 3336
2275 3672
2279 2754
2284 2590
2284 3299
2284 3483
2287 2820
2287 3483
2290 3455
2294 3060
2295 2438
2299 2896
2299 3592
2308 3900
2311 2593
2312 3158
2334 3508
2335 3163
2335 3512
2335 3586
2340 3121
2354 3442
2356 3915
2359 2491
2359 2702
2359 3379
2359 3771
2360 3737
2367 3923
2369 3544
2372 2433
2372 2581
2372 3781
2381 3606
2383 3344
2383 3718
2384 3233
2384 3404
2387 3699
2389 3034
2391 3525
2399 2596
2400 3712
2402 2811
2402 3194
2402 3654
2402 3941
2405 3550
2405 3709
2411 3317
2412 3462
2417 3833
2420 3649
2423 3968
2425 2995
2429 2900
2430 2608
2433 3237
2433 3497
2434 3067
2435 2558
2435 3299
2436 3035
2437 3232
2444 3767
2449 3444
2449 3784
2449 3978
2450 3638
2452 2549
2452 3478
2453 3681
2464 2889
2466 3140
2469 2514
2469 2788
2469 2957
2470 3803
2470 3961
2481 3188
2484 3527
2488 3886
2490 3482
2490 3966
2497 2800
2500 3377
2500 3448
2502 2574
2506 2595
2506 3133
2507 2708
2507 2798
2510 2897
2510 3408
2512 3181
2512 3574
2515 3379
2517 3004
2519 3005
2521 3885
2522 2775
2529 2991
2529 3889
2532 3094
2532 3311
2532 3457
2544 3740
2548 3056
2554 3225
2554 3502
2557 3454
2559 2582
2563 3538
2567 3932
2571 3226
2572 3140
2572 3641
2576 2970
2577 3323
2577 3823
2579 2927
2580 2734
2580 3642
2583 2748
2583 3752
2584 3168
2584 3192
2586 3329
2588 3808
2599 3505
2602 2662
2602 2755
2607 3554
2609 2623
2623 3365
2635 3537
2635 3607
2638 3731
2640 3042
2645 2837
2645 3531
2645 3682
2646 3905
2656 2960
2668 3667
2669 3416
2669 3672
2683 2844
2683 3106
2683 3522
2697 3386
2701 3099
2708 3853
2709 2771
2713 3512
2717 2953
2719 3583
2722 2982
2726 3590
2732 3308
2735 3674
2737 3746
2739 3618
2747 3802
2756 2799
2759 3080
2759 3725
2762 3414
2767 3404
2771 2913
2771 3707
2774 2967
2775 3898
2778 2939
2779 3661
2781 3769
2798 3553
2800 3378
2803 3689
2804 3292
2805 3565
2806 3077
2813 3023
2816 3131
2823 3560
2824 3758
2827 3339
2827 3459
2829 3173
2830 3632
2832 2885
2839 3049
2846 3252
2851 3148
2851 3273
2852 3147
2855 3805
2856 2978
2871 3100
2876 3924
2878 3013
2878 3263
2883 3410
2885 3940
2887 2992
2903 3274
2903 3867
2903 3952
2914 3789
2917 3111
2920 3780
2923 3503
2932 3112
2932 3997
2934 3169
2934 3934
2935 3080
2936 3002
2936 3413
2942 3810
2944 3877
2945 3961
2949 3706
2953 3261
2953 3286
2963 3528
2969 3576
2970 3145
2971 3083
2975 3220
2987 2988
2989 3882
2995 3944
2999 3671
3000 3427
3001 3574
3009 3952
3013 3564
3014 3183
3015 3517
3029 3811
3036 3081
3036 3770
3045 3275
3046 3781
3049 3381
3053 3448
3057 3245
3059 3128
3075 3592
3080 3691
3084 3515
3085 3092
3086 3239
3089 3256
3089 3424
3090 3540
3097 3906
3099 3268
3109 3378
3114 3461
3114 3777
3124 3792
3129 3231
3141 3329
3146 3657
3157 3237
3158 3251
3161 3353
3182 3520
3189 3616
3224 3491
3237 3993
3241 3543
3244 3328
3246 3839
3251 3383
3251 3467
3254 3565
3256 3744
3258 3529
3258 3989
3262 3355
3268 3453
3271 3883
3282 3867
3283 3388
3288 3521
3303 3566
3314 3472
3315 3687
3315 3891
3343 3385
3361 3585
3366 3383
3385 3907
3391 3715
3396 3626
3403 3526
3418 3680
3420 3645
3421 3695
3427 3724
3440 3845
3446 3660
3450 3827
3463 3612
3464 3754
3464 3835
3486 3645
3486 3756
3515 3690
3526 3544
3527 3828
3541 3582
3555 3804
3556 3720
3563 3849
3575 3959
3615 3682
3626 3984
3630 3909
3632 3761
3637 3677
3655 3744
3656 3754
3660 3878
3680 3973
3685 3759
3720 3983
3733 3925
3740 3765
3784 3859
3812 3994
3826 3919
3921 3976
