0 1
0 12
1 2
1 13
5 17
6 7
6 18
7 19
8 20
9 10
9 21
10 22
11 23
12 24
13 25
14 15
14 26
15 16
16 28
17 18
18 30
19 31
20 21
25 37
26 38
28 40
29 30
29 41
30 31
30 42
31 32
31 43
32 44
33 34
33 45
34 35
34 46
36 37
36 48
37 38
37 49
38 39
39 40
40 41
41 42
41 53
42 54
43 44
43 55
45 57
46 58
47 59
48 49
49 61
50 62
51 63
52 53
54 55
54 66
55 56
55 67
56 57
56 68
57 69
58 59
58 70
59 71
60 72
61 62
62 74
63 64
64 65
65 66
65 77
66 67
66 78
67 68
67 79
68 69
69 70
69 81
70 71
70 82
71 83
72 73
73 74
74 75
74 86
75 76
76 77
77 78
78 90
79 80
81 82
81 93
83 95
85 86
85 97
86 98
87 99
88 89
88 100
89 101
90 91
92 93
92 104
93 94
93 105
94 95
95 107
96 97
96 108
97 98
97 109
98 99
98 110
99 100
99 111
100 101
100 112
101 113
104 105
105 117
106 107
106 118
107 119
108 109
109 110
110 111
110 122
111 112
111 123
113 114
113 125
114 115
115 116
115 127
116 128
117 118
117 129
118 119
118 130
119 131
121 122
122 123
124 136
126 127
126 138
128 129
128 140
130 131
130 142
131 143
132 133
136 137
137 138
139 140
141 142
142 143
