0 43
0 391
0 431
0 631
0 883
1 374
1 679
1 699
1 972
2 8
2 256
2 395
2 505
2 681
2 824
3 25
4 118
4 942
5 15
5 170
5 390
5 511
5 679
5 725
6 198
6 210
6 266
6 410
6 423
6 851
6 966
7 55
7 119
7 256
7 451
7 499
7 539
7 624
7 945
8 135
8 168
8 286
8 329
8 457
8 634
8 726
9 19
9 276
9 769
10 319
10 589
10 594
10 675
10 997
11 324
11 447
11 475
11 585
12 33
12 893
12 898
12 987
12 996
13 34
13 277
13 350
13 527
13 663
13 859
14 21
14 363
14 460
14 508
14 752
14 769
15 139
15 904
16 49
16 378
16 971
17 130
17 320
17 699
18 349
18 798
19 82
19 277
19 346
19 378
19 425
19 779
19 918
20 117
20 332
20 362
20 847
21 292
21 313
22 86
22 184
23 232
23 306
23 644
24 178
24 242
24 398
24 500
24 684
24 747
24 776
25 41
25 126
25 382
25 452
25 868
25 871
26 560
26 674
26 712
26 878
27 40
27 66
27 345
27 960
28 275
28 824
28 838
28 938
30 127
30 453
32 219
32 653
32 806
33 729
34 329
34 503
34 751
34 930
35 344
35 374
35 420
36 142
36 387
36 406
36 408
36 853
36 896
37 45
37 86
37 343
37 800
37 886
37 921
38 230
38 346
38 466
38 480
39 262
40 213
40 228
40 482
40 529
40 875
41 324
41 387
41 455
41 538
41 579
41 774
41 941
41 955
42 726
43 378
43 395
43 947
43 969
44 48
44 217
44 358
44 423
44 942
45 53
45 178
45 191
45 272
45 427
45 564
46 215
46 639
47 431
48 619
48 973
49 303
49 362
49 861
49 906
50 266
50 426
50 525
50 640
50 696
50 736
50 872
51 484
51 518
51 579
51 849
52 530
52 751
52 778
52 914
52 923
52 937
53 237
53 287
53 328
53 583
54 361
54 598
55 708
55 779
56 205
56 559
56 562
56 934
57 137
57 745
57 754
58 184
58 812
58 985
59 210
59 302
59 381
59 503
59 941
60 118
60 388
60 552
60 741
60 863
61 405
61 622
62 136
62 283
62 337
62 563
62 571
62 676
63 158
63 174
63 918
64 606
64 657
64 669
64 708
64 874
64 898
64 952
65 384
65 810
65 860
66 389
67 102
67 759
67 912
68 590
69 121
69 336
69 367
69 628
70 567
70 750
71 309
71 585
72 133
72 162
72 719
72 986
73 79
73 350
73 588
74 202
74 669
74 753
74 854
75 414
75 950
76 207
76 480
76 821
77 393
77 395
77 611
77 932
77 943
78 265
78 305
78 690
78 692
78 842
78 861
78 872
79 229
79 617
80 109
80 180
80 257
80 354
81 174
81 296
81 302
81 696
82 244
82 365
82 567
83 105
83 254
83 736
83 921
84 912
84 926
84 961
84 979
85 143
85 164
85 265
85 270
85 618
85 645
85 802
86 103
86 726
87 288
87 739
88 349
88 521
88 792
88 865
88 977
89 314
89 759
89 793
89 825
89 850
90 138
90 349
90 514
90 603
90 789
91 180
91 793
92 270
92 801
93 326
93 690
93 828
93 867
94 937
95 443
95 528
95 569
95 738
96 564
96 581
96 925
97 331
97 378
97 910
97 943
98 99
98 173
98 274
98 459
98 794
98 843
99 219
99 271
99 629
99 758
100 189
100 467
100 685
101 159
101 279
101 289
101 427
101 710
102 121
102 379
102 797
102 829
102 971
103 884
104 133
104 148
104 309
104 849
105 417
105 485
105 616
105 863
106 401
106 526
106 741
106 946
107 247
107 293
107 561
108 585
108 658
108 692
108 701
110 157
110 168
110 465
110 723
111 188
111 326
111 726
112 172
112 486
112 639
113 574
113 960
114 547
114 701
114 835
114 960
115 297
115 462
115 585
115 587
115 934
116 155
116 353
117 197
117 306
117 972
118 179
118 556
118 576
118 586
118 598
118 873
119 281
119 440
119 456
119 941
120 147
120 420
121 375
121 670
121 768
121 883
122 341
123 407
123 530
124 657
125 198
125 281
125 360
125 870
125 962
126 508
126 656
127 335
127 455
127 536
128 519
128 674
128 944
128 973
129 651
129 951
130 371
130 406
130 561
131 458
131 486
131 628
131 780
131 826
133 170
133 686
134 383
134 584
134 736
134 886
135 272
135 303
135 474
136 376
136 615
136 975
136 984
137 591
138 446
138 477
138 825
139 267
139 282
139 427
139 952
139 954
140 141
140 348
140 518
140 825
140 948
141 177
141 386
141 400
142 232
142 613
142 624
142 801
143 324
143 605
143 823
143 930
144 561
144 781
144 826
145 791
145 883
146 721
146 935
146 964
147 162
147 343
147 491
147 931
148 244
148 460
148 547
148 591
149 188
149 327
149 599
149 630
149 648
150 521
150 596
150 727
151 744
151 763
152 188
152 234
152 507
152 659
153 289
153 642
153 937
154 448
154 492
155 356
155 890
156 211
156 413
156 628
156 634
156 665
156 892
157 205
157 348
157 465
157 476
157 668
158 392
158 436
158 578
159 229
159 312
159 505
159 821
159 842
160 247
160 252
160 315
160 355
160 638
160 782
161 375
161 391
161 446
161 993
162 177
162 229
162 401
162 605
162 749
163 238
163 294
163 471
163 944
164 180
164 243
164 364
164 419
164 467
164 591
165 181
165 276
165 494
165 764
166 672
166 889
167 638
167 658
167 670
168 216
168 503
168 712
168 888
169 377
169 466
169 499
169 725
169 757
170 222
171 272
171 341
171 430
171 535
171 583
171 683
172 182
172 212
172 975
173 763
173 791
173 851
173 907
173 921
174 350
174 394
175 458
175 809
176 455
176 640
176 679
176 711
176 835
177 182
177 267
177 717
178 375
178 623
178 987
179 364
179 374
179 424
179 862
180 242
180 245
180 759
180 899
181 381
181 445
181 584
182 211
182 326
182 525
182 646
182 731
182 758
182 911
183 696
183 820
184 668
185 241
185 284
185 432
185 493
186 311
186 907
187 282
187 289
187 989
188 358
188 452
188 622
188 917
188 996
189 596
189 706
190 203
190 243
190 640
190 957
191 622
191 648
191 776
191 949
192 394
192 428
192 568
192 604
192 874
193 359
193 775
193 918
193 923
193 935
194 687
195 880
195 952
196 361
196 402
196 665
196 792
196 860
196 898
196 916
197 367
197 386
197 519
197 766
197 792
198 325
198 948
199 389
199 979
200 921
201 285
201 452
201 470
201 617
201 792
201 973
202 370
202 862
202 946
203 460
203 896
204 357
204 588
204 738
204 830
205 527
205 588
206 461
206 622
207 789
207 892
207 947
208 704
208 904
208 909
209 357
209 488
209 696
209 759
209 913
210 419
210 748
211 714
211 976
212 424
213 217
213 248
213 562
213 623
213 956
213 970
214 811
214 822
215 401
215 406
215 840
215 883
216 239
216 343
216 943
217 603
217 636
217 729
218 394
219 369
219 613
219 709
220 521
220 605
220 612
220 878
221 279
221 839
221 897
221 999
222 398
222 457
222 844
223 278
223 970
223 982
224 276
224 932
225 510
225 605
225 956
226 367
226 913
227 307
227 593
227 715
227 725
228 531
228 639
229 527
229 615
231 429
231 722
231 756
232 870
232 986
233 236
233 245
233 310
233 735
233 755
233 817
234 805
234 950
234 964
235 504
235 523
235 535
235 619
235 951
237 769
237 898
238 861
238 876
238 880
239 323
239 506
239 629
239 844
239 981
240 459
240 557
240 707
241 268
241 576
242 338
242 701
242 746
242 812
242 920
242 954
242 974
243 570
243 807
243 844
245 286
245 545
247 507
247 830
247 832
247 878
248 445
248 454
248 530
248 537
249 472
250 571
250 992
251 835
251 890
252 409
252 421
252 970
252 986
253 297
253 452
253 810
253 852
254 652
255 391
255 500
255 629
255 648
256 975
257 957
258 808
258 908
259 388
259 407
260 596
262 411
262 490
262 543
262 835
263 404
263 503
263 551
264 747
265 940
266 707
267 351
267 575
267 841
267 853
267 901
269 461
270 349
270 397
270 911
271 629
272 855
272 860
273 308
273 669
273 982
274 319
274 375
274 667
275 470
275 640
276 434
277 453
277 456
278 607
278 697
278 837
279 616
279 853
281 625
281 912
282 547
282 622
282 756
283 304
283 404
283 719
283 943
285 578
285 891
286 445
287 311
287 395
287 736
287 829
288 588
288 590
288 684
288 757
289 315
289 541
289 670
289 889
291 384
291 466
291 684
291 859
292 508
292 602
292 687
292 806
293 528
293 704
294 313
294 387
294 639
294 724
294 792
295 760
295 905
295 938
296 565
296 622
296 771
297 385
297 496
298 911
298 912
299 677
299 801
300 460
300 543
300 614
300 793
301 430
301 915
302 342
302 377
302 410
302 704
302 795
302 924
303 533
303 606
303 983
304 499
304 900
304 916
305 473
305 673
305 801
306 373
306 400
306 598
306 647
306 685
306 728
307 382
307 441
308 700
308 890
309 641
309 668
309 884
309 972
310 706
310 896
311 383
311 656
311 671
311 997
312 444
312 925
313 543
313 580
313 689
314 346
315 622
316 384
316 393
316 791
316 866
317 463
318 404
318 976
319 466
319 940
320 583
320 746
320 883
320 998
321 577
321 686
321 837
322 945
323 585
323 798
323 869
324 896
325 395
325 479
326 339
326 373
326 533
326 871
326 889
327 483
327 571
327 643
328 332
328 572
328 709
328 802
329 384
329 453
329 655
330 400
330 638
331 550
332 403
332 554
332 905
332 965
333 967
334 523
334 617
334 629
335 363
335 399
335 673
337 474
337 563
337 788
337 939
338 408
338 608
338 737
339 419
339 648
339 905
340 474
340 635
340 653
340 677
340 930
341 346
341 796
342 357
342 747
343 535
343 682
343 799
343 895
343 970
344 644
345 452
345 605
345 995
346 714
346 736
346 738
347 621
347 623
347 712
347 765
347 821
348 509
348 622
348 736
348 827
349 370
349 565
349 740
350 679
350 736
350 863
351 354
351 583
351 976
353 530
353 716
353 949
354 444
354 533
354 631
354 676
355 727
357 520
358 584
359 440
359 487
359 875
359 918
360 482
360 519
360 837
360 919
360 933
361 887
362 622
363 445
363 492
363 774
363 777
363 892
364 502
364 634
364 746
364 921
365 433
365 821
367 851
368 714
370 371
370 756
370 863
370 932
371 666
371 672
371 833
371 849
371 973
372 832
372 879
372 931
372 993
373 416
373 810
375 419
375 606
375 699
375 879
376 747
376 978
376 980
377 720
377 775
377 911
378 497
378 687
378 705
378 736
378 754
378 785
378 948
378 983
379 418
379 511
379 999
383 473
383 999
384 904
384 951
385 485
386 694
386 737
387 795
388 985
389 778
389 832
389 869
390 532
390 985
391 719
391 850
391 871
391 898
391 949
392 611
393 477
393 530
393 734
393 991
394 584
396 878
397 445
397 461
397 607
397 624
397 870
397 880
397 948
398 493
398 644
398 705
399 509
399 962
400 705
400 777
400 832
400 883
401 496
401 563
401 720
401 871
401 900
401 913
401 981
402 474
402 567
402 631
402 825
403 672
404 470
404 758
405 495
405 545
405 671
405 773
405 956
407 675
407 726
407 936
408 422
408 892
409 957
410 432
411 497
411 732
411 752
411 938
412 735
413 661
414 654
414 859
414 928
415 545
415 799
415 806
416 639
417 660
417 792
418 442
418 972
420 981
421 445
421 453
422 811
424 439
424 444
424 526
424 918
425 476
425 534
425 873
425 921
426 913
427 620
427 845
427 909
429 437
429 540
429 633
431 613
431 683
431 999
432 606
433 463
433 981
434 471
434 606
434 954
435 692
436 673
436 806
437 644
437 668
437 830
438 638
438 646
438 928
440 594
440 676
442 453
442 583
442 866
442 868
443 608
443 704
443 914
443 997
444 643
446 861
446 966
447 501
447 557
447 850
447 897
448 542
448 623
448 689
448 802
448 966
449 693
450 631
450 713
451 685
451 747
451 826
453 560
453 687
455 536
455 828
456 571
456 636
456 843
457 493
458 470
459 584
459 626
459 668
459 788
459 823
459 953
461 671
461 925
462 526
462 788
462 814
463 912
464 789
464 982
464 983
465 924
465 979
466 776
466 954
466 988
467 767
467 846
468 734
468 892
468 947
469 538
469 745
469 815
469 922
470 531
470 891
471 499
471 828
471 928
472 560
472 911
472 921
474 584
474 651
474 708
475 576
475 846
475 852
476 684
477 636
478 637
478 788
478 888
478 953
480 510
480 613
480 914
481 526
481 558
481 647
482 514
483 569
483 673
483 739
483 960
484 683
484 867
486 914
487 674
487 778
489 561
489 575
489 966
490 502
491 623
491 719
492 847
492 863
493 755
494 886
495 962
496 838
496 976
498 612
499 729
499 836
499 906
499 988
500 793
501 568
501 872
502 566
502 702
502 808
502 891
503 664
503 986
504 521
504 625
504 998
506 604
507 823
508 519
508 654
508 683
508 849
508 865
509 544
509 706
510 774
510 817
511 603
511 976
512 823
513 583
513 763
514 644
515 728
516 866
516 881
518 912
519 658
520 656
520 972
521 657
521 836
521 967
522 702
522 918
522 929
523 532
523 824
523 934
524 629
525 923
526 661
526 904
526 990
527 534
527 617
527 780
527 847
528 718
528 810
528 917
530 833
531 952
532 822
533 776
533 870
533 929
534 549
534 979
535 644
535 677
535 786
536 738
537 554
537 666
538 602
539 683
539 689
539 977
540 917
541 811
542 783
542 838
542 981
543 649
543 662
543 968
544 760
545 572
545 863
545 864
546 796
546 942
547 876
548 670
548 737
549 710
550 750
550 837
552 852
553 659
553 844
553 961
554 911
554 951
555 946
555 984
558 805
560 744
560 855
560 903
561 923
562 657
562 821
563 596
563 805
565 951
566 792
566 844
566 858
567 586
568 578
568 710
568 814
569 962
570 675
570 732
571 675
572 653
572 963
573 807
573 904
575 663
575 950
575 960
576 584
576 621
576 758
576 782
576 946
577 970
578 605
578 943
580 940
581 876
582 607
583 976
584 689
587 715
588 730
588 832
589 911
590 968
591 695
591 703
591 825
591 874
592 949
593 757
593 823
593 838
593 968
595 729
595 786
595 961
596 951
597 898
597 947
598 809
599 798
599 997
600 946
601 651
601 737
601 811
602 735
602 750
602 970
604 681
605 619
606 664
606 775
606 837
607 963
608 698
609 683
609 736
609 927
609 977
612 844
613 784
613 998
614 697
615 668
615 784
615 844
616 908
616 957
617 734
618 864
618 932
619 782
619 823
620 721
620 736
620 851
621 834
622 659
623 633
623 903
625 823
626 791
626 891
627 676
627 703
627 860
628 919
629 937
630 707
630 771
630 799
635 729
635 934
636 658
636 662
636 927
637 680
639 709
639 965
640 761
640 948
641 662
642 765
642 992
644 812
644 830
645 664
646 728
647 994
648 733
648 984
649 797
649 807
650 937
653 693
653 759
653 783
654 789
654 926
655 723
655 757
659 742
659 757
660 696
660 749
663 850
664 715
665 957
667 746
668 682
668 917
669 708
669 914
669 968
670 998
672 680
672 823
672 869
674 797
674 876
674 941
676 696
676 880
677 997
678 901
680 855
681 683
681 767
682 813
682 864
682 983
683 874
684 708
685 812
685 848
685 851
685 969
686 763
686 842
687 931
688 813
688 888
688 968
689 764
690 929
691 852
691 905
692 837
694 740
694 832
694 974
695 730
695 829
695 936
695 996
696 813
697 923
698 836
701 725
702 963
704 781
705 959
706 713
706 946
708 723
708 971
709 822
709 945
710 873
711 877
712 728
714 877
715 963
717 840
718 791
718 796
718 832
718 873
718 939
719 817
719 820
719 893
719 935
719 975
720 829
723 741
723 862
724 910
724 960
725 818
725 855
725 996
727 771
727 857
730 780
730 908
731 956
732 965
733 883
734 826
734 924
738 764
739 839
740 810
740 887
740 960
741 760
741 789
741 812
741 833
742 965
743 938
744 896
745 951
747 834
748 812
749 795
749 865
750 884
751 752
751 875
751 994
754 952
755 915
755 981
756 936
757 833
757 967
758 875
758 993
759 817
759 822
759 841
761 868
761 975
762 813
762 817
762 842
762 900
762 986
763 908
765 898
765 968
768 916
770 968
771 841
771 906
772 912
773 857
774 824
774 944
775 804
775 815
776 990
777 890
777 916
779 908
780 824
782 850
782 953
783 938
786 821
786 975
787 833
787 902
791 887
791 927
794 812
795 837
795 933
795 952
796 913
796 975
797 965
798 861
799 848
799 910
800 896
801 948
804 966
805 910
806 862
806 903
808 820
808 924
809 969
810 905
810 912
810 955
814 974
814 979
815 856
816 868
816 956
817 859
818 916
821 843
821 912
822 858
822 869
824 853
824 976
825 927
829 987
834 901
835 836
835 944
835 955
835 993
838 921
839 867
840 889
840 891
845 938
848 968
849 863
851 919
851 995
857 981
857 996
864 899
865 893
867 873
869 944
870 873
877 984
879 938
881 884
884 991
885 949
891 900
894 899
894 976
899 926
900 908
901 915
906 979
909 913
915 981
926 963
926 973
927 937
930 981
933 980
935 937
937 986
946 991
947 985
951 995
959 998
967 974
968 991
