0 91
0 97
0 208
1 67
1 74
1 145
1 211
1 230
2 78
2 159
2 218
3 48
3 105
3 140
3 186
3 232
4 136
4 170
5 43
5 67
5 78
5 118
5 128
5 236
6 116
6 138
6 170
7 100
7 124
7 163
8 28
8 73
8 80
8 116
9 28
9 164
10 27
10 93
10 159
11 20
11 82
11 93
11 108
11 126
11 167
11 201
11 230
11 249
12 98
12 118
12 120
12 154
12 241
13 126
13 196
13 223
14 67
14 113
14 164
14 165
14 223
15 104
15 182
15 203
16 18
16 72
17 100
17 125
17 148
17 177
18 93
18 154
19 72
19 191
19 245
20 32
20 118
20 145
20 181
20 202
20 221
21 70
21 137
21 140
21 145
21 215
21 230
21 245
22 37
22 92
22 124
22 220
22 221
23 45
23 53
24 147
24 221
24 238
25 52
25 158
25 164
25 218
26 41
26 104
27 102
27 116
27 141
27 222
28 47
28 98
28 149
28 203
29 116
29 194
29 210
30 90
30 98
30 134
31 47
32 81
32 139
33 141
33 197
34 159
34 174
34 209
35 40
35 46
35 67
35 141
35 159
35 240
35 242
36 208
36 213
37 83
37 210
38 44
38 61
38 188
38 249
39 79
39 133
39 182
39 191
40 194
40 213
40 219
41 42
41 83
41 190
41 211
41 240
42 44
42 125
42 138
42 147
42 192
43 79
43 80
43 113
43 194
44 57
44 211
45 140
45 203
46 106
46 185
46 249
47 67
47 160
47 179
47 225
47 245
48 108
48 172
49 50
49 63
49 76
49 98
49 207
50 95
53 244
54 55
54 60
54 72
54 138
54 185
54 200
55 225
55 232
56 91
56 107
56 152
56 229
56 245
57 92
57 160
57 220
58 80
58 104
58 105
58 179
58 194
58 203
59 182
59 233
60 71
60 140
60 142
61 72
61 107
61 147
61 240
62 92
62 157
62 170
62 237
64 124
66 242
67 139
67 154
68 218
69 144
69 154
69 185
70 158
70 217
71 72
71 180
72 192
72 193
72 233
73 225
73 246
74 136
74 190
75 241
75 242
76 138
76 204
76 211
77 136
78 247
79 80
79 160
79 186
80 132
80 166
80 181
80 221
81 146
82 157
84 147
85 97
85 148
85 189
85 238
86 170
86 174
87 126
87 143
87 177
88 90
88 117
88 143
88 151
88 229
88 248
90 107
90 157
90 195
91 114
91 137
91 198
91 202
92 93
92 149
92 177
93 97
93 118
93 152
93 221
94 114
94 122
94 145
94 180
94 221
95 101
95 112
95 200
96 102
96 107
97 156
97 159
97 183
99 141
99 192
99 244
100 185
102 141
104 171
105 113
106 167
107 147
107 193
107 194
107 234
108 126
108 211
108 233
108 244
109 125
109 129
109 136
109 240
110 134
111 133
111 195
111 249
112 148
113 187
113 190
113 221
113 225
113 241
114 119
114 193
115 121
115 132
116 137
116 153
116 176
116 179
116 214
116 236
117 135
117 155
117 158
117 194
118 159
118 237
119 128
119 232
119 239
119 241
122 182
122 201
123 142
123 239
124 243
125 144
125 176
126 154
126 191
126 203
126 226
127 165
128 171
129 233
130 153
130 172
130 177
130 236
131 211
133 156
133 245
134 145
134 245
135 147
135 219
136 138
136 152
136 165
137 157
138 171
138 244
140 158
140 185
143 206
144 157
144 167
144 169
144 210
144 236
145 154
146 153
146 165
146 230
147 194
147 226
148 175
149 183
149 187
149 200
149 230
149 232
149 239
150 186
150 230
151 183
152 153
152 220
152 243
153 173
153 237
154 238
155 197
155 221
156 182
157 206
157 217
157 230
158 162
158 235
158 243
159 166
160 176
160 216
162 207
162 215
164 165
164 216
164 235
165 220
166 185
166 206
167 239
169 211
171 228
173 235
176 224
176 226
178 223
180 186
182 198
182 205
182 213
182 214
185 188
186 244
188 189
188 246
191 236
194 205
194 212
194 249
198 199
198 207
198 233
198 238
200 236
202 215
204 209
205 219
207 225
207 240
209 212
209 221
212 241
213 231
213 249
215 228
216 226
219 241
219 249
220 237
220 244
221 223
222 233
223 238
224 236
225 235
230 243
233 246
238 249
242 246
