0 1082
1 138
1 1399
2 2396
2 3736
3 2666
3 3097
3 3922
4 118
4 1515
4 1899
5 227
5 765
5 798
5 1092
5 1155
5 1888
6 1240
6 1703
7 77
7 439
7 1201
7 2991
7 3198
8 2180
8 3592
8 3632
9 2120
9 3541
10 1729
10 2538
10 2811
11 3393
11 3658
12 494
12 1167
12 2995
12 3001
12 3084
12 3599
12 3746
12 3829
13 171
13 1999
13 2588
13 2884
13 3634
13 3679
13 3841
14 628
14 2765
14 3930
15 21
15 973
15 2073
15 2538
16 477
17 1002
17 1417
17 3258
18 1082
18 1438
18 2029
18 2042
18 2845
19 1996
20 363
20 2608
20 2885
20 3749
21 2244
21 2827
22 564
22 749
22 1418
22 1862
22 3075
23 2228
23 2681
24 1073
24 1319
24 2717
24 3396
24 3506
24 3657
25 1239
25 3357
25 3879
26 726
26 2014
26 2907
26 3690
27 3063
27 3349
27 3415
28 897
28 2418
28 3294
29 128
29 1662
30 2235
31 279
31 936
31 1502
31 1535
31 1800
31 2045
31 2263
31 2305
31 2484
31 3136
31 3661
32 327
32 459
32 546
32 954
32 1055
32 3709
33 127
33 258
33 457
33 1241
33 2115
33 3458
34 382
35 361
35 899
35 1214
35 1517
35 2606
35 2615
35 3107
35 3502
36 986
36 1523
36 1804
36 2936
36 3363
36 3483
37 743
37 977
37 1655
38 232
38 3868
39 929
39 1128
39 2103
39 2890
40 691
40 1333
40 3267
41 303
41 827
41 3767
42 575
42 1644
42 1687
42 1721
42 2749
42 2833
43 1232
43 1792
43 2784
44 67
44 855
44 1254
44 2466
45 1113
45 1278
45 1397
45 1456
45 1958
45 3152
46 343
46 509
46 923
46 2011
46 2054
46 2462
46 2651
47 1092
47 1145
47 1674
47 1717
47 1721
47 2346
47 2984
47 3586
48 1092
49 266
49 1027
49 1478
49 2376
49 2435
49 2607
50 68
50 1583
50 2939
51 60
51 721
51 1180
51 2045
51 2351
51 2560
52 517
52 787
52 904
52 1939
52 2434
52 3185
52 3536
53 938
53 1468
53 1647
53 2981
53 3641
53 3852
55 3192
55 3482
55 3849
56 1177
56 1685
56 1869
56 2554
57 871
58 423
58 908
58 2152
58 3027
58 3317
58 3965
59 1439
59 2279
59 2794
60 250
60 1635
60 2103
61 324
61 2133
61 2319
61 2597
62 676
62 2016
62 3486
63 428
63 542
63 1089
63 3318
63 3349
64 2607
64 2708
64 3178
65 845
65 1505
65 3565
66 913
66 2543
66 2967
66 3109
67 491
67 868
67 1288
67 1902
67 2574
67 3360
67 3440
68 1033
68 1783
68 3626
69 327
69 670
69 3763
70 461
70 971
70 1222
70 1223
70 1959
71 222
71 508
71 1319
71 3777
72 1105
72 1432
72 1831
72 2105
72 2506
72 2530
73 1559
73 3525
74 1077
74 1360
74 3354
75 643
77 415
77 526
77 1419
77 3112
77 3577
78 1275
78 1288
78 1448
78 1655
78 2101
78 2155
78 2165
78 2528
78 3586
78 3745
78 3753
79 1576
79 1929
79 2273
79 2941
79 3872
80 1285
81 2173
82 1018
83 1279
83 1317
84 270
84 1409
84 2254
85 830
85 1137
85 1376
86 240
86 322
86 868
86 3650
87 374
87 572
87 579
87 3423
87 3431
88 854
88 2264
88 3186
89 911
89 2199
90 1517
91 892
91 2317
91 3909
92 1988
92 2796
93 1779
93 1837
93 2207
93 2459
93 2464
94 2079
94 3736
95 2081
95 3361
96 239
96 2428
96 3363
97 588
97 944
97 2266
98 251
98 1945
98 2346
98 2588
98 2950
98 3334
99 228
99 1559
99 1636
99 3275
99 3669
100 1139
100 1698
100 2443
101 979
101 2928
102 431
102 1028
103 568
103 1234
103 1585
103 1992
103 2315
103 2646
103 3200
103 3877
104 371
104 1094
104 2380
104 3201
104 3890
105 2745
107 159
107 392
107 1324
107 1364
107 3275
108 754
108 1154
108 1211
108 1931
108 2742
108 3229
109 156
109 1220
109 2788
109 2892
110 260
110 984
110 2042
110 2986
110 2998
111 450
111 2452
111 2498
112 714
112 1928
112 3066
112 3155
113 1177
113 1456
113 3299
114 428
114 1164
114 2073
115 631
115 1726
115 2468
115 2819
116 457
116 2358
117 315
117 520
117 598
117 1916
118 1698
118 1930
118 2558
119 250
119 673
119 885
119 887
119 1196
119 1226
119 2438
119 3929
120 441
120 779
120 1122
120 2028
120 2054
120 2334
120 2560
120 2954
121 350
121 2015
121 2702
121 3391
121 3729
122 1641
122 1804
122 2063
122 3263
122 3531
123 919
123 1480
123 2642
123 3859
124 1040
124 1419
124 3356
124 3994
125 689
125 2089
125 2935
126 1360
126 1608
126 1860
126 2743
126 3253
126 3622
127 313
127 2533
127 2627
127 3162
128 2248
128 2268
129 3695
130 820
130 1663
130 2615
130 2792
130 3051
130 3534
132 800
132 1993
134 2148
135 493
135 1203
135 1222
135 2516
135 2983
135 3104
135 3469
136 1966
136 2383
136 2410
136 2848
137 786
137 1314
137 1373
138 1611
139 376
139 385
139 867
139 1703
139 1843
139 2474
139 2509
140 319
140 461
140 1786
140 2441
141 391
141 1549
141 2225
141 2870
141 3539
141 3541
142 1014
142 2877
144 255
144 522
144 3683
144 3992
145 878
145 1180
145 1730
145 2770
145 3026
145 3926
146 239
146 289
146 2565
146 3236
147 1293
147 2781
147 3491
148 1041
148 1844
148 2166
148 3835
149 223
149 647
150 782
150 1189
150 1285
150 1299
150 1427
150 3987
151 379
151 2984
152 559
152 2897
153 944
153 1270
153 3138
153 3563
154 379
154 1398
155 884
155 1446
155 1534
155 2462
155 2749
156 1435
156 2499
158 362
158 1099
158 1163
158 1221
158 1306
158 2533
159 1608
159 2526
159 3662
160 1046
160 2305
160 2681
160 2933
160 3081
160 3940
161 3195
162 1519
162 2098
162 2576
162 2639
163 1009
163 2359
163 3787
163 3895
164 1968
164 2729
165 3843
166 1074
166 1148
166 2290
167 909
167 1514
167 2812
167 3233
168 398
168 1210
168 3741
169 702
169 965
169 1842
169 2646
169 2810
169 3262
170 1218
170 1311
170 2806
170 3439
170 3988
171 373
171 613
171 688
171 1677
171 1712
171 2887
171 3310
172 554
172 1314
172 2526
172 2774
172 3985
173 211
173 616
174 955
174 1255
174 1981
174 2492
174 3095
175 438
175 544
175 1363
175 2850
176 472
176 1070
177 994
178 1795
178 3354
179 604
179 901
179 1007
179 2864
179 3389
179 3652
180 360
180 1097
180 2090
180 2806
181 1828
181 2079
181 2191
181 2285
181 3170
182 2372
182 2499
182 3539
183 1356
183 1371
183 1533
183 1758
183 2568
184 785
184 1255
184 1696
184 1875
184 3161
185 806
185 1661
185 3040
185 3603
186 2337
186 2806
186 3403
186 3538
187 1562
188 324
188 404
188 2244
188 3020
188 3360
188 3521
189 2077
189 3604
190 719
190 1773
190 1861
190 3594
191 308
191 1815
192 1690
192 3163
192 3222
192 3503
192 3828
193 1514
193 1560
193 1620
193 3584
194 290
194 3156
195 299
195 994
195 1644
195 2792
195 3230
195 3975
196 795
196 1418
196 1494
196 2507
197 1030
197 1271
197 2194
197 3517
198 428
198 2960
199 720
199 1371
199 1815
199 2511
199 2884
199 3118
200 1121
200 1992
201 3699
202 575
202 666
202 1285
202 2071
202 3188
203 563
203 1927
203 3427
203 3825
204 248
204 3173
204 3780
205 796
205 2002
205 2951
206 535
206 1036
206 1697
206 2066
206 2117
206 3452
207 1100
207 1779
207 2405
207 2725
207 3427
208 840
208 1388
208 1422
208 1837
208 3312
208 3760
208 3863
208 3886
209 890
209 1123
209 1498
209 3466
209 3826
210 855
210 1451
210 3745
211 660
211 1794
211 2570
212 2945
212 3418
213 415
213 719
214 1742
215 1076
215 1414
215 2890
216 1415
216 2149
216 3322
217 1987
217 2139
218 1533
218 3080
219 2476
219 3151
219 3925
220 1813
220 1863
221 1453
222 1411
222 3801
223 1092
223 1570
223 2867
223 3115
224 917
224 1232
224 1239
224 2152
224 2833
224 3340
224 3485
225 494
225 1215
225 1360
225 2852
226 829
226 1780
226 2319
227 244
227 3201
227 3265
227 3497
228 371
228 774
228 1544
228 2924
229 343
229 989
229 1114
229 2104
229 3803
229 3972
230 1089
230 1175
230 2091
230 3524
231 805
231 2162
231 3278
231 3383
232 878
232 2469
232 2722
232 2910
232 3627
232 3673
232 3710
233 278
233 411
233 741
233 1502
233 1556
233 2313
233 3528
233 3922
234 857
234 2478
234 3925
235 358
235 1119
235 1975
236 595
236 1094
236 1507
236 1906
237 1977
237 3146
238 653
238 2809
238 3164
239 258
239 1189
239 1962
239 2515
239 3670
240 2139
240 2335
240 3158
241 404
241 2253
241 2524
242 2563
243 576
243 851
243 1097
243 1468
243 3194
244 372
244 3674
244 3698
245 1366
245 3572
245 3905
246 1324
246 1663
246 2396
246 2933
246 3259
246 3899
247 2842
247 2991
248 2629
249 669
249 1325
250 1199
250 1272
250 1892
250 3712
251 869
251 1288
252 2469
253 2732
253 2744
253 3024
254 525
254 1863
254 3065
254 3221
255 527
255 548
255 939
255 3209
255 3750
256 1305
256 2541
257 703
257 1876
257 3367
257 3440
258 705
258 1383
258 2147
258 2622
259 1498
259 1703
259 3296
259 3382
260 447
260 908
260 3039
261 3372
261 3404
261 3617
262 642
262 2130
262 2944
262 3102
262 3697
262 3981
263 396
263 3391
264 440
264 3790
264 3879
265 681
265 2526
265 3433
266 847
266 2086
266 2321
267 335
267 862
267 1619
267 2205
267 2394
267 2889
267 3548
267 3630
268 1951
269 471
269 740
269 2809
270 1079
270 1752
271 1150
271 1269
271 1361
271 1406
271 1835
271 2030
271 2428
271 3363
272 1800
272 3168
273 360
273 424
273 2289
273 2480
273 2509
273 2539
273 3912
274 728
274 1288
274 2184
274 3114
275 1101
275 1242
276 3311
276 3475
276 3928
277 2164
277 3699
278 2503
278 2981
278 3512
278 3910
279 1902
279 2375
280 682
280 1012
280 3426
281 1789
281 1910
281 1924
281 3027
282 889
282 1187
282 3086
283 759
283 887
283 911
283 1401
283 2000
283 2426
283 2471
283 2719
283 3622
284 1126
284 2829
284 3843
285 2725
286 358
286 1295
286 2973
286 3042
286 3202
286 3351
286 3422
287 458
287 1798
287 2576
288 958
288 1867
288 2810
289 1689
289 3314
289 3405
291 2434
292 3444
292 3484
292 3640
292 3985
294 959
294 1714
295 1478
295 1683
296 1221
296 1314
296 3743
297 3092
297 3535
297 3809
298 1422
298 2025
298 2465
298 3139
299 1103
299 2318
300 306
300 1073
300 1805
300 2494
301 1346
301 1968
301 2795
301 3573
301 3660
302 2035
302 2198
303 745
303 1793
303 2947
304 756
304 2519
304 2908
304 3153
304 3856
305 525
305 1027
305 1389
305 2728
306 952
306 2280
306 3167
306 3375
306 3666
306 3799
307 3028
307 3746
308 1597
308 2688
308 3827
309 1634
310 655
310 2711
310 2971
311 426
311 1891
311 3624
312 723
312 773
312 1745
312 2910
312 3256
312 3895
313 1933
313 2407
313 2507
313 3421
313 3699
314 1353
314 2397
314 3401
315 950
315 1084
316 376
316 937
316 2944
316 3398
317 2573
318 1611
318 1867
318 2413
318 2419
318 2965
319 1050
319 2306
319 2881
319 3314
319 3635
320 465
320 1575
320 2375
321 1051
321 3062
321 3573
322 382
322 907
322 1953
322 2703
323 1054
323 1384
323 2035
323 2261
323 2370
323 2653
323 3606
324 800
324 905
324 1847
324 2481
324 2542
324 2863
325 1763
325 2731
325 3558
326 674
326 1111
326 1567
326 1723
326 3208
327 2264
328 421
328 3174
330 3486
331 455
331 990
331 994
331 2427
332 900
332 1099
332 1949
332 2730
332 3763
333 2052
333 2813
334 1190
335 1004
336 1546
336 2032
336 3436
337 437
337 951
337 1788
337 3433
337 3827
338 2029
338 3547
338 3714
339 529
339 724
339 1109
339 1589
339 1615
339 1861
339 2063
339 2425
340 427
340 793
340 1479
340 2765
340 2956
341 514
341 2934
341 2946
342 1270
342 3286
343 2140
344 1253
344 2179
344 3045
344 3691
345 2662
345 3437
346 1387
346 1551
346 3325
346 3575
346 3806
347 840
348 2076
348 3290
348 3920
348 3923
349 3445
350 1143
350 3244
350 3558
351 420
351 716
351 911
351 1213
351 1646
351 2834
351 3087
351 3877
352 493
352 642
352 1148
352 1317
352 1330
352 1832
352 1841
352 2133
352 3575
353 1563
353 1961
353 2724
353 3008
353 3410
354 1164
354 2178
354 2185
354 3844
355 1139
355 2159
355 2846
355 2911
355 3082
356 633
356 1798
356 1955
356 3464
357 1448
357 3568
357 3714
358 642
358 692
358 1328
359 1686
360 1230
360 2470
360 2996
360 3788
361 3824
362 2190
362 3341
362 3843
363 2910
363 3457
364 1828
364 1836
364 1908
364 2617
365 811
365 1642
365 3719
366 3023
367 865
367 1235
367 2350
367 2769
367 2789
368 2135
368 2395
368 3223
369 3312
370 3298
370 3382
371 419
371 956
371 1301
371 2719
371 2958
371 3467
372 1177
372 1547
372 1896
372 2822
372 3322
372 3454
373 803
373 1106
373 1444
373 3657
374 1297
374 1663
374 1888
375 1507
375 2117
375 2855
375 2919
375 3412
375 3463
377 875
377 1252
377 2924
377 3406
378 1215
378 2037
378 3590
379 1074
379 1632
379 2741
379 3932
380 1114
380 1333
380 1799
380 1920
380 3434
381 397
381 3646
382 985
382 1469
382 1660
382 1875
382 1987
382 2599
382 3549
382 3697
383 1713
383 1794
384 1185
384 1636
384 2631
384 2994
385 2088
386 2426
386 2743
386 3971
387 1283
387 1317
387 1718
387 2331
387 2490
387 3121
387 3370
387 3795
388 460
388 658
388 1265
388 2255
388 3987
389 460
389 2302
390 3716
391 434
391 1613
391 2141
391 2656
391 3230
392 402
392 1725
392 1843
392 3426
392 3595
392 3878
393 1113
393 3756
394 1121
394 1361
394 1983
394 2363
394 3429
394 3852
395 448
395 793
395 1355
395 2519
395 3769
396 721
396 1839
396 2137
396 3171
396 3605
396 3742
397 616
398 2998
398 3055
398 3163
398 3211
398 3220
399 765
399 911
399 1102
399 3042
399 3283
400 1382
400 1683
400 1783
401 1356
401 1759
401 2482
401 2723
401 3670
403 3535
403 3837
404 1586
404 1945
404 2135
404 2744
405 1876
405 2634
405 3704
406 1402
406 1844
406 1900
406 3771
407 786
407 1128
407 2990
408 1845
408 2117
408 2619
408 3457
408 3639
409 507
409 1143
409 1294
409 2193
410 2127
410 3208
411 1274
411 1439
411 1528
411 1910
411 2333
411 2518
411 2721
412 492
412 587
412 876
412 2160
412 2361
412 3113
413 3171
413 3948
414 795
414 915
414 1287
414 2202
414 2322
414 2901
414 3460
414 3532
415 1618
415 2410
415 3590
416 669
416 1851
416 1985
416 2042
416 2192
416 2617
416 3027
416 3579
416 3741
417 752
417 1645
417 1785
417 1906
417 2643
417 2910
417 2994
417 3811
419 891
419 1883
419 2820
419 3073
419 3191
420 432
420 1809
420 2987
420 3433
420 3621
421 521
421 2370
421 2590
422 474
422 501
422 1314
422 2027
422 3401
423 532
423 855
423 1416
423 3173
423 3934
424 2129
424 2147
424 2834
425 740
425 788
425 2453
425 3936
426 1253
426 2694
426 3791
427 1058
427 3354
427 3874
428 663
428 1218
428 2487
428 3370
429 2665
429 2870
429 3731
430 2266
430 3085
430 3608
430 3861
431 451
431 1309
431 1771
431 2011
431 2515
431 2542
432 991
432 1131
432 1317
432 1863
433 2283
433 3399
433 3861
434 972
435 2261
435 2353
435 2884
435 3078
436 2126
436 2575
436 3287
436 3751
437 611
437 1625
437 2104
437 2831
438 827
438 860
438 1653
438 1909
439 1074
440 660
440 814
440 1138
440 2091
440 2294
440 2652
440 3500
441 725
441 1094
441 1253
441 2120
441 2850
442 950
443 3180
443 3709
444 1030
444 2882
444 3069
444 3216
444 3858
444 3920
445 3501
446 1189
446 2093
446 3650
447 924
447 1627
447 2507
447 3943
448 2123
448 3494
449 1156
449 1892
449 2319
449 3111
450 2369
451 556
451 705
451 1196
451 1213
451 1456
451 2824
451 3266
452 1489
452 1971
452 2231
453 1934
453 3636
454 844
454 906
454 1166
455 586
455 819
455 1180
455 2253
455 2267
456 1336
456 3432
457 802
457 833
457 897
457 3300
457 3389
457 3995
458 570
458 948
458 1299
459 1833
459 2415
459 2698
459 2830
459 3279
460 1370
460 1713
460 2466
460 2518
461 1816
461 2352
462 629
462 662
462 1147
462 1400
462 2915
462 3211
462 3417
462 3484
463 637
463 926
463 1392
463 1561
463 1565
463 2318
463 2435
463 3819
463 3825
463 3978
464 1277
464 1539
464 2766
464 3177
465 1393
465 2076
465 2616
465 2817
465 3397
465 3551
466 709
466 1835
466 2164
466 2858
466 2930
466 3867
467 2913
467 3856
468 746
468 2701
468 3119
469 945
469 1060
469 3345
470 1114
471 1198
471 2497
471 3672
472 640
472 1889
472 2832
472 2908
472 3450
473 966
473 1481
473 1557
473 2122
473 3634
474 697
474 1257
474 1906
474 3186
474 3201
474 3805
474 3995
475 530
475 662
475 1225
475 1247
475 2314
475 3329
475 3956
476 802
476 1644
476 3008
476 3252
476 3284
477 939
477 2972
477 3987
478 487
478 663
478 1090
478 1265
478 1577
478 3495
479 2064
479 3323
480 2083
480 2466
480 3110
480 3415
480 3579
481 923
481 2258
481 3304
481 3335
482 3964
483 2805
483 2982
483 3563
484 2033
484 2332
484 2637
484 3074
484 3318
484 3571
484 3580
484 3906
486 1565
486 1689
486 2098
487 2631
488 1634
488 1877
488 3212
489 540
489 2896
489 3645
489 3988
490 2250
491 3369
492 2283
492 2663
492 3095
492 3666
493 638
493 879
493 1487
493 2790
493 2801
493 3012
493 3070
493 3462
494 1494
495 1753
495 3100
496 1039
496 1537
496 2153
496 2968
496 2970
496 3001
496 3139
496 3384
497 1870
497 3437
498 1435
498 2941
498 3707
499 1996
500 780
500 2198
500 3292
500 3462
501 3076
502 781
504 2696
504 3285
505 1462
505 1976
505 2558
505 3496
505 3882
506 1217
506 2003
506 2575
507 772
507 2017
507 2654
507 2744
507 3603
508 782
508 1108
508 1171
508 1860
508 3440
509 3147
510 2177
510 2930
510 3491
511 1052
511 1639
511 3072
511 3895
512 3451
512 3967
513 1229
513 3235
515 2004
515 3652
516 784
516 2771
516 3676
517 639
517 1655
517 3219
518 3721
519 931
519 1229
519 1806
519 2112
519 3161
520 749
520 1546
520 1701
521 1124
521 2323
521 2553
522 1593
522 1631
522 1803
522 2155
522 2709
522 3306
523 1381
523 1458
523 1640
523 2687
523 2755
523 3349
524 2054
524 2895
524 2912
525 594
525 1164
527 757
527 2122
527 2434
527 2467
527 3333
528 845
528 3252
528 3970
529 1234
529 1667
530 1101
530 3338
531 1821
531 2586
531 3043
531 3970
532 2699
533 1241
534 2507
535 811
535 994
535 2367
536 1450
536 2327
536 3102
536 3924
537 1507
537 2287
538 909
538 1721
538 2299
538 2318
538 3287
539 2511
540 991
540 2304
540 2361
540 3749
542 734
542 791
542 1263
542 3166
542 3899
543 616
543 1123
543 2055
544 1424
544 2688
544 3534
545 2235
545 3144
546 1523
546 2519
546 2964
547 2142
547 2561
547 3282
548 1948
548 1953
548 2649
548 3503
548 3673
549 1685
549 1695
549 2993
550 1832
550 2343
550 3110
550 3451
551 3096
551 3210
552 2252
552 3222
552 3888
553 559
553 841
553 1237
553 1571
553 1704
553 3172
553 3570
554 736
554 966
555 911
555 2319
555 2322
555 2531
555 2739
555 3302
555 3639
556 1513
556 3646
557 1230
558 661
558 1913
558 2611
558 2676
559 2121
560 966
560 1010
561 679
561 1222
562 2898
563 808
563 950
563 3482
563 3601
564 2308
564 2382
564 2833
564 3408
565 1533
565 1723
565 2549
565 3285
565 3512
566 1645
566 2142
566 2387
566 3387
567 1607
567 1970
567 2017
567 2631
567 3808
568 1255
568 1790
568 1996
568 2319
569 1115
570 834
570 2710
571 794
571 837
571 1342
571 1630
571 2203
571 2908
571 3956
572 1468
572 1511
572 1842
572 2739
574 2795
574 3982
575 1616
575 1897
575 3493
576 717
576 1934
576 1990
576 2110
576 2927
577 2171
577 2958
577 3217
578 669
578 1916
578 2724
578 3192
578 3312
579 1325
579 2152
579 3618
579 3708
580 686
580 1051
580 1777
580 2218
580 3893
581 2597
581 2935
581 3271
581 3606
582 691
583 865
583 1221
584 3129
585 660
585 990
585 2677
585 2886
585 3398
586 3142
587 3207
587 3232
588 3534
589 2997
590 3230
591 2676
591 3060
591 3757
592 1054
592 1414
593 776
593 2715
594 1241
594 1951
594 2046
594 2065
594 3316
595 610
595 1369
595 1845
596 2086
597 1477
597 1529
598 1185
598 2057
598 2188
598 2909
598 2936
599 1894
600 1241
600 1639
600 2150
600 2827
601 3786
602 3117
603 2034
603 2102
603 2703
603 2844
603 3104
603 3986
604 1377
604 1678
604 1680
605 1300
605 3076
605 3235
605 3979
606 1711
606 2519
606 3452
606 3506
607 1111
607 1299
607 1753
607 2178
608 825
608 1446
610 1015
610 1601
610 1764
610 3001
610 3679
612 1743
612 2044
612 2475
612 2644
613 2238
613 2728
613 2866
613 3000
614 658
614 2143
614 2315
615 1582
615 1922
616 1249
616 2160
616 2473
616 2597
616 3867
617 1255
617 1955
617 2070
617 2237
617 3759
618 941
618 3402
618 3547
619 2146
619 2354
619 3060
619 3483
620 1004
620 1409
621 1149
621 1362
622 2046
622 2054
622 3267
622 3525
623 1583
623 2688
623 3541
624 637
625 758
625 928
625 3920
626 2050
626 2077
627 1786
627 2120
627 2777
627 3978
628 1495
628 3038
628 3598
629 2219
629 2651
629 3250
630 1483
630 2872
630 3349
630 3832
631 2518
631 2522
631 2562
632 914
632 1572
633 760
633 852
633 2101
633 2137
634 1680
634 3497
635 865
635 1756
636 1635
636 3254
636 3525
637 1036
637 1058
637 1580
637 1735
637 2808
638 1821
638 2387
638 3008
638 3563
639 1743
639 3233
640 1416
640 1510
640 2279
640 2970
640 3023
640 3302
641 886
641 1361
641 2459
641 2618
641 3436
641 3722
642 778
642 1754
642 2645
642 2692
643 1948
643 3580
644 670
644 1221
645 985
645 1040
645 1434
645 2761
645 2867
645 3097
645 3120
646 1632
646 2504
646 3821
647 1358
647 1661
647 2248
647 2859
647 3248
647 3412
647 3917
648 1310
648 2459
648 2783
648 2891
648 3480
649 1271
649 1665
649 2190
649 3630
649 3680
650 1608
650 2132
650 3254
651 1265
651 1461
651 1923
651 2326
651 2699
651 3035
652 740
653 3944
654 3476
654 3478
654 3599
654 3880
655 853
655 1672
655 1876
655 3097
655 3647
656 1262
656 2638
656 3308
656 3358
656 3938
657 974
657 1358
657 1571
657 2826
658 3126
659 2599
659 3730
660 3069
660 3266
660 3491
661 2841
661 3809
662 2446
662 3756
662 3894
663 973
663 1119
663 1481
663 2110
663 3248
663 3295
664 918
664 1383
664 1709
664 2368
664 3681
665 2818
666 832
666 2743
666 3601
666 3622
667 1373
667 2282
667 3026
667 3640
668 1126
668 1572
668 2028
668 2631
668 3030
669 1194
669 3165
670 2726
670 2743
670 2978
670 3997
671 1646
671 3198
672 911
672 2240
673 1422
673 2444
673 3185
674 788
674 2314
675 3224
676 3885
676 3956
677 709
677 1345
677 1641
677 1775
677 2869
678 2116
678 2475
678 2545
679 1743
679 1766
679 3039
681 1465
681 1947
681 3570
682 1337
682 2291
682 2740
682 3698
683 1643
683 1992
683 2067
683 3985
684 1576
684 2177
684 2936
685 1617
685 2148
685 2166
685 2421
685 2686
685 2959
685 3155
686 693
686 1066
686 1638
686 1758
686 3853
687 794
687 3267
688 853
688 2723
688 3677
688 3893
689 1116
689 1945
689 2746
690 1505
690 3055
690 3887
691 1849
691 2373
692 709
692 3443
693 774
693 2288
693 2616
693 2928
693 2933
693 3933
694 2912
694 3638
695 3228
695 3503
696 1634
696 2669
697 2173
697 2250
697 2645
697 2707
697 2754
698 997
698 1167
698 2579
698 3145
699 2581
699 2637
699 2901
699 3222
700 2290
701 2766
701 2858
701 3147
702 2560
702 3778
703 708
703 1137
703 2154
703 2507
703 3474
703 3837
704 3293
704 3628
705 1151
705 2685
705 3180
705 3487
705 3609
705 3920
706 1162
706 3275
706 3383
706 3480
707 2949
707 3861
707 3915
708 3130
709 1128
709 1168
709 2812
709 3770
710 1314
712 1245
712 1863
713 1706
713 2202
713 3325
714 1807
714 1960
714 2372
715 1057
715 1797
715 1898
715 3871
716 2911
716 2985
716 3500
716 3720
717 1173
717 1183
717 1830
717 2396
717 3123
717 3287
718 1702
718 3080
718 3634
718 3858
719 857
719 1379
719 3783
720 924
720 1815
720 2072
720 2621
720 3231
720 3284
720 3342
720 3748
720 3986
721 1053
721 3797
722 997
723 1588
723 2815
723 3622
724 833
724 1462
724 1774
724 1817
724 2848
724 3840
724 3977
725 2828
725 2960
725 3817
726 2710
726 2862
726 3363
728 2750
728 3857
729 1938
729 3077
730 953
730 2140
730 2779
731 842
731 930
731 1752
731 2562
731 2877
732 1201
732 1664
732 2022
733 1380
733 1410
733 3219
733 3657
734 1130
734 1711
734 3414
734 3616
735 1129
735 1256
735 2711
735 2799
735 2890
735 3313
736 3129
737 1346
737 2730
737 3424
737 3597
738 792
738 954
738 1269
738 1543
738 2541
738 2893
738 3768
739 1799
739 2982
740 2370
741 3220
741 3526
741 3816
742 2190
742 2633
742 2872
742 3003
743 862
743 1130
745 779
746 983
746 1323
746 1890
746 1969
746 2861
746 3481
747 1017
747 1360
747 2005
747 2049
748 1482
748 3221
748 3258
748 3373
749 1083
749 1699
749 1826
749 1854
749 2943
749 3229
750 1657
750 2730
750 3115
750 3461
750 3537
750 3956
751 1962
751 2585
751 3232
752 1396
752 2288
752 2344
752 3802
753 1328
753 1613
753 2798
754 1936
754 1973
754 2439
754 2729
754 2940
754 2941
754 3151
754 3329
755 871
755 2425
755 2460
755 3013
756 2161
756 2296
756 2981
756 3703
757 2762
758 1663
758 2045
759 3186
760 2188
760 3079
760 3563
761 933
761 3044
761 3707
762 1173
762 2457
762 2522
763 1016
763 1962
763 2987
765 1379
765 1551
765 3050
765 3143
766 823
766 1140
766 1175
766 3256
766 3727
766 3847
767 1443
767 1514
767 1681
767 2787
767 2990
767 3417
768 1597
768 3293
769 2206
769 2950
769 3521
770 794
770 1565
770 2183
770 2528
771 772
771 1126
771 1457
771 1804
771 2486
772 1071
772 2678
772 3262
772 3619
773 3058
775 921
775 974
775 1103
775 2526
775 3476
776 1225
776 2545
776 2597
776 3029
776 3260
776 3469
777 806
778 1498
778 1750
778 2370
778 3023
778 3159
779 1071
779 1939
780 928
780 2790
780 3859
781 1501
781 2275
781 2496
781 2599
782 1117
782 1755
782 1868
782 2418
782 2474
782 3659
783 1177
784 908
784 1317
784 1729
784 2431
784 3304
785 1760
785 2625
786 3097
787 996
787 1766
787 2266
787 3944
788 2302
788 3709
789 1002
789 1263
790 1064
790 2680
790 2788
791 1220
791 3065
791 3598
792 810
792 1100
792 1554
792 2621
793 928
793 2353
793 2773
794 1454
794 1463
794 1765
794 2066
794 3820
795 3706
796 1144
796 2197
796 2408
796 2571
796 3033
797 2389
797 2926
798 949
798 1456
798 2507
799 1448
799 3160
799 3791
800 1102
800 3089
801 1476
801 2834
802 974
802 3051
802 3080
802 3122
803 2802
803 3212
804 837
804 1487
804 1913
804 2437
804 2800
804 2915
805 1142
805 1752
805 2806
805 3411
805 3779
806 1106
806 1968
807 859
808 1037
808 2221
808 2734
808 2981
808 3109
808 3754
809 1070
809 1497
809 1918
810 1863
810 1912
810 2571
810 3121
811 878
811 1905
811 2733
811 2926
811 3228
811 3406
811 3435
812 1565
812 2167
812 3604
813 2510
814 3881
815 911
815 2713
816 895
816 1976
816 2660
817 1161
817 1828
817 3181
818 985
818 2026
818 2563
819 966
819 1401
819 1431
819 1629
819 1710
819 1831
819 3327
820 2555
820 2685
820 3313
820 3345
820 3673
821 1085
821 1193
821 3111
822 2215
822 2492
822 2963
822 3564
822 3840
823 1488
823 1676
825 1301
825 1661
826 1371
826 1576
826 1731
826 3875
827 982
827 1063
827 1230
827 2300
827 2496
827 3121
827 3639
828 1687
828 1688
828 2417
828 2679
829 2760
829 3036
829 3231
830 3623
831 2135
831 2488
831 2904
832 1088
832 1958
832 2520
832 2685
832 2694
832 2760
833 880
833 1238
833 1397
833 1901
833 3292
834 1986
835 955
835 3673
836 2575
836 3545
837 2087
837 2668
837 3422
838 2044
838 2307
838 3499
839 2332
841 2624
841 2795
841 3499
841 3531
842 1087
842 1603
842 2524
844 1225
844 2232
844 3730
845 1748
845 3154
845 3275
846 1509
846 1518
846 1529
846 2693
846 3263
847 1436
847 1517
847 2586
847 2755
847 3748
847 3848
847 3879
848 893
848 3316
848 3779
849 1353
849 1373
849 3562
850 984
850 1583
850 2264
850 3009
850 3551
850 3797
852 1389
852 2824
852 3630
853 2200
853 2287
853 2343
854 1667
854 1725
854 1971
854 3226
855 1165
855 1519
855 1543
855 2426
856 1726
856 2274
856 2617
856 3660
858 1370
858 2837
859 2355
860 1274
860 1289
860 2055
861 2110
861 2208
861 2563
861 2884
862 1215
862 1875
862 2485
862 3704
863 995
863 1507
863 2523
863 2841
863 3231
863 3259
863 3442
863 3466
863 3898
863 3943
864 2279
865 1107
865 1587
865 3630
866 1300
866 1466
866 2696
866 3760
866 3805
867 2393
867 2667
867 2858
867 3826
868 1909
868 2797
868 2952
869 3475
869 3797
870 1448
870 1651
870 1854
871 1090
873 1575
873 2133
873 2984
873 3327
874 971
874 1465
874 1750
874 2078
874 3136
875 978
877 3661
878 967
878 1204
878 1216
878 1289
878 2284
878 2439
879 1067
879 1867
879 1965
879 2766
879 3950
880 1040
880 1185
880 1225
880 1611
880 2914
880 3032
880 3735
881 1061
881 1257
881 1708
881 2598
881 3663
882 1357
882 1510
882 1631
882 2861
882 3707
883 1583
883 2210
883 2731
883 3557
883 3668
884 1727
884 2097
885 2068
885 2464
885 2565
886 3066
886 3955
887 1526
887 1872
887 2421
887 3552
888 1593
888 1630
888 2107
888 2286
888 2996
888 3635
889 976
889 3740
890 1361
890 1696
890 1925
890 3027
891 1824
892 2802
892 2984
892 3031
892 3432
893 1126
893 3619
894 1222
894 2490
895 1771
895 1887
895 2499
896 992
896 2322
896 3463
897 1108
897 1359
897 1709
897 1715
897 2626
897 2668
898 1049
898 1334
898 1532
898 1967
898 2487
898 2893
898 2998
898 3520
899 3830
901 1103
901 1115
901 2319
901 2924
901 3281
902 949
902 1683
902 1712
902 1949
902 2240
902 2593
902 3299
902 3619
902 3639
903 1639
904 1947
904 2890
905 1124
905 2052
905 3722
906 2655
906 3081
907 1009
907 1163
907 1592
907 1601
907 3138
908 1176
908 2105
908 3443
909 3361
909 3847
910 1666
910 2995
911 1246
911 2338
911 3283
911 3958
912 2164
913 3637
913 3820
914 1086
914 1848
914 3982
915 1644
915 3674
916 1153
916 1940
916 2413
917 1046
917 2212
917 2924
917 3026
917 3334
918 1782
918 2956
918 3345
919 2760
919 3806
919 3971
920 2162
920 2192
920 2528
920 2963
920 3098
920 3255
921 978
921 1019
922 1639
923 2666
923 3124
923 3193
923 3893
924 994
924 1331
925 1647
925 2341
925 2517
926 992
926 1737
927 1695
927 3523
928 2692
928 3037
928 3143
928 3345
929 1666
929 2736
930 1735
930 3194
930 3331
930 3731
931 1626
931 1629
931 2732
932 1354
932 1355
932 1610
932 2326
932 3699
933 1109
933 1227
933 2997
933 3603
933 3924
934 1679
934 3086
935 970
936 1315
937 1948
937 3971
938 1032
938 1041
938 2125
938 2493
938 3137
938 3259
938 3771
939 3185
940 2833
940 2982
941 2628
941 2971
942 2401
942 2857
943 1057
943 2771
944 1253
944 1797
944 2029
945 1910
945 2051
945 3094
945 3483
946 1271
947 1192
947 1677
948 1445
949 1862
950 2295
950 2386
950 2752
950 3789
951 1699
951 1889
951 2405
952 960
952 3317
952 3666
953 1025
953 1475
953 2030
953 3854
954 1658
954 1734
954 1749
954 3951
955 1822
955 2575
956 2763
956 2898
956 3641
957 1131
957 1419
957 2587
958 3164
958 3205
958 3565
959 1067
959 1154
959 2416
960 1296
961 1104
961 1631
961 2524
961 2562
961 3912
962 1456
962 2233
962 2457
962 2728
962 2831
963 1336
963 1495
963 2389
963 3213
963 3245
963 3860
963 3886
964 1967
964 2045
964 3984
966 2882
967 1367
967 1891
967 3619
967 3758
968 2015
968 3134
968 3550
969 2893
969 3493
970 1320
970 2469
970 3482
970 3595
970 3819
971 1340
971 1919
971 2028
971 3690
972 1380
972 3017
973 1059
973 1406
973 3009
974 2009
974 2481
974 2860
974 3239
975 1328
975 2590
976 1660
976 2645
976 3382
976 3445
977 3934
978 3274
978 3343
979 1626
979 2013
979 2117
979 2319
979 3535
979 3728
980 1321
980 2655
981 1079
981 3078
982 1031
982 1734
982 2578
982 2721
982 3506
983 3745
984 1316
984 1796
984 2354
984 3198
984 3878
985 1098
985 3706
986 1547
987 1699
987 1868
987 2802
987 3189
987 3385
987 3853
988 999
988 2721
989 1466
989 2079
989 2162
989 2530
989 3432
989 3546
989 3770
989 3931
990 1718
990 2468
990 3986
991 1289
991 1849
991 2482
992 1631
992 1771
992 2844
992 2949
993 1203
993 2034
993 3003
993 3686
994 2503
994 2778
995 2354
995 3115
996 1551
996 1828
996 2916
997 2242
997 2289
998 3895
999 1276
999 2397
999 3694
999 3969
1000 1317
1000 1742
1000 2183
1001 3145
1002 1535
1002 3311
1003 1931
1003 2801
1003 3204
1003 3782
1004 1365
1004 2081
1004 2206
1004 3333
1005 1562
1005 3693
1006 1060
1006 3687
1007 2703
1007 2873
1007 3035
1007 3200
1007 3362
1008 1506
1008 1645
1008 2285
1008 2672
1009 1265
1009 2157
1010 2025
1010 2688
1011 1251
1011 1312
1011 3363
1011 3569
1011 3696
1011 3708
1012 1207
1012 2769
1013 1229
1013 2153
1014 3438
1014 3523
1015 1799
1015 3158
1015 3543
1015 3811
1016 2232
1016 2636
1016 3554
1017 2893
1018 1320
1018 2132
1018 2750
1018 3232
1018 3474
1019 1370
1019 1372
1019 3909
1021 1109
1021 3249
1022 1859
1022 3077
1022 3186
1023 1515
1023 3126
1024 1772
1024 2617
1024 2892
1024 3224
1024 3246
1024 3679
1025 1619
1025 2283
1025 2900
1026 1389
1026 3191
1027 3790
1028 1255
1028 1696
1028 2453
1029 1391
1029 1559
1029 2596
1029 3078
1029 3933
1030 1762
1030 1982
1030 3447
1030 3797
1030 3846
1031 3412
1031 3813
1031 3901
1032 1663
1032 2774
1032 3267
1032 3718
1033 1816
1033 2877
1034 1391
1034 1653
1034 1863
1034 2029
1034 2373
1034 2840
1035 1476
1035 2242
1036 3485
1036 3524
1037 3700
1038 1210
1038 2038
1038 2947
1039 1134
1039 1497
1039 1823
1039 3726
1041 1931
1041 1948
1042 2530
1043 1462
1044 2035
1045 1082
1045 2737
1045 3662
1046 1876
1047 1137
1047 3122
1047 3670
1048 1921
1048 3463
1049 1884
1049 3408
1049 3487
1050 1526
1050 3032
1050 3835
1051 1519
1051 2298
1052 1499
1052 2074
1052 2898
1053 1522
1054 2026
1054 2249
1054 3069
1054 3491
1054 3745
1055 3294
1055 3528
1055 3613
1055 3794
1055 3873
1056 2425
1056 3592
1057 1752
1057 2899
1057 3743
1058 3828
1059 1540
1060 1664
1060 2181
1060 3105
1061 2605
1061 2979
1061 3588
1061 3950
1062 1518
1062 1599
1062 3479
1063 1381
1063 1587
1063 2523
1063 3057
1063 3578
1063 3921
1064 2066
1065 2266
1066 2579
1066 2881
1067 1796
1067 2645
1067 2693
1067 3581
1068 1192
1068 3511
1068 3652
1069 1125
1069 2130
1069 2177
1069 2971
1069 3496
1070 1553
1070 2544
1070 2839
1070 3530
1071 1611
1071 1668
1071 2164
1071 2737
1073 1479
1073 2158
1073 2510
1073 2542
1074 1207
1074 2493
1074 3815
1075 1520
1075 2984
1076 3150
1077 2359
1077 2878
1077 3246
1077 3819
1077 3984
1078 2023
1078 2524
1078 3312
1078 3465
1079 2435
1079 3617
1080 2997
1080 3032
1080 3211
1081 1447
1081 2876
1081 3712
1082 1471
1082 2490
1082 2755
1083 1251
1083 1427
1083 1601
1083 2082
1083 2410
1083 2841
1083 3345
1083 3562
1084 1773
1085 1216
1085 1340
1085 1436
1085 1676
1085 1940
1086 2255
1086 3073
1086 3074
1086 3427
1086 3563
1087 1920
1087 2057
1087 2293
1088 1864
1088 2360
1091 1335
1091 1396
1091 2864
1093 1488
1093 1598
1093 3155
1093 3348
1093 3637
1093 3728
1094 1462
1094 2303
1094 2369
1094 3060
1094 3284
1095 1167
1095 1475
1095 2141
1095 2653
1096 1239
1096 2891
1097 2945
1098 1395
1098 1480
1098 1702
1098 3025
1098 3689
1099 1494
1099 1881
1099 2764
1099 3126
1099 3755
1099 3806
1100 1945
1100 3236
1101 1130
1101 2611
1101 2671
1101 3240
1102 2509
1104 1627
1104 1782
1104 2353
1104 2803
1104 3167
1104 3542
1104 3833
1105 2440
1105 3329
1105 3411
1106 2162
1106 2899
1107 1984
1107 2318
1107 2817
1108 2565
1108 3120
1109 1537
1109 1850
1109 2351
1109 2642
1110 1380
1110 1544
1110 3859
1111 1149
1111 1884
1112 1650
1112 1975
1112 2435
1112 3508
1112 3524
1113 2371
1115 2074
1115 2275
1115 3078
1115 3786
1116 1166
1116 2114
1116 2344
1116 2408
1117 1992
1117 3452
1117 3649
1118 1971
1118 3035
1118 3735
1118 3932
1119 2337
1119 3445
1120 2065
1122 1275
1122 2105
1123 1395
1123 1820
1123 2323
1123 2511
1124 1359
1124 1872
1125 2605
1125 3127
1125 3575
1126 1670
1126 1862
1126 2624
1126 3173
1126 3211
1127 2086
1127 2845
1127 3204
1128 1564
1128 2096
1128 2102
1128 2312
1128 3833
1129 2595
1129 2694
1129 3490
1129 3774
1130 1760
1131 2612
1131 3188
1132 2866
1132 2889
1132 3075
1133 2205
1133 3289
1133 3819
1134 2951
1136 2663
1136 2713
1137 3095
1137 3363
1137 3990
1138 3187
1138 3427
1138 3746
1139 1330
1139 1526
1139 2523
1139 3479
1140 2037
1140 2393
1140 2430
1140 2510
1140 2680
1140 3472
1140 3533
1140 3611
1140 3794
1140 3891
1141 1346
1141 3158
1142 3833
1143 1255
1143 1678
1143 1986
1143 3399
1144 2039
1144 2572
1144 3771
1145 1326
1145 1519
1145 2307
1145 3159
1146 2088
1146 3488
1147 1360
1147 2275
1147 2698
1147 3122
1147 3614
1148 1286
1148 3288
1149 1731
1150 2162
1150 2324
1150 2638
1150 2866
1150 3222
1150 3985
1151 2387
1151 2696
1151 3367
1152 2747
1153 2205
1153 2422
1153 2566
1153 3455
1153 3587
1154 1598
1154 2245
1154 2295
1154 2520
1154 3840
1155 3547
1156 1895
1156 2607
1157 3432
1158 2518
1158 2831
1159 1319
1159 2260
1159 3919
1160 1380
1160 3605
1161 3381
1162 2068
1162 2436
1162 3592
1162 3811
1162 3969
1163 1281
1163 1710
1163 1769
1163 3619
1164 1677
1164 1919
1164 2136
1164 2422
1165 3200
1166 2889
1166 2919
1166 3902
1167 1482
1167 2667
1168 2327
1169 1479
1169 1772
1169 3534
1170 2149
1170 3592
1171 3175
1172 2297
1172 3966
1173 3037
1173 3622
1174 2168
1174 2587
1175 1414
1175 2319
1176 1981
1176 2121
1176 2390
1176 3531
1176 3682
1177 2607
1177 2864
1177 2956
1177 3618
1177 3653
1178 2772
1178 3143
1179 1949
1179 2360
1179 3871
1180 1915
1182 1453
1182 1642
1182 1890
1182 3694
1182 3975
1183 1710
1183 1802
1183 1970
1183 2094
1183 3242
1184 1253
1184 1516
1184 1637
1184 2321
1184 3370
1185 1624
1185 2448
1185 3010
1185 3250
1186 1414
1186 1465
1186 1627
1188 2129
1188 2304
1188 2640
1188 3034
1188 3318
1188 3564
1188 3883
1189 2075
1189 3900
1190 1579
1190 1678
1190 2156
1190 3648
1191 3941
1192 3079
1192 3360
1192 3808
1192 3828
1192 3948
1193 2516
1193 2598
1193 3112
1194 1455
1194 2301
1195 1790
1195 2264
1195 3813
1196 2948
1197 2169
1198 1551
1198 2580
1198 2763
1199 3116
1199 3900
1200 3222
1201 1818
1201 2790
1202 1824
1202 1874
1203 1564
1203 2805
1203 3037
1203 3394
1204 1729
1204 1770
1205 3270
1206 1439
1206 3043
1207 2229
1207 3526
1208 2062
1208 3297
1208 3413
1209 1490
1209 1519
1209 3148
1209 3474
1210 3167
1211 2499
1212 2794
1212 3181
1214 1775
1214 2663
1215 3446
1216 1586
1216 2073
1217 1927
1217 2664
1217 3148
1217 3476
1218 2315
1219 2163
1219 2899
1220 2187
1220 2507
1220 2516
1220 3591
1220 3905
1221 1837
1221 2417
1221 3434
1222 2285
1222 2304
1222 2713
1222 3892
1223 1590
1223 1704
1223 1814
1223 2297
1223 2470
1224 1252
1224 1603
1224 1945
1224 3976
1225 1235
1225 1267
1225 1521
1225 1808
1225 2652
1225 2700
1227 2386
1227 2452
1227 3953
1228 1347
1228 1573
1229 2306
1230 3539
1231 2050
1231 3023
1232 1941
1233 1503
1233 1719
1233 2673
1234 2356
1235 2774
1235 2893
1235 3525
1236 2171
1237 2069
1237 3833
1238 1657
1238 2701
1238 2960
1239 1354
1239 1503
1239 2655
1239 3317
1239 3607
1240 1515
1240 3950
1241 2336
1241 3139
1241 3364
1241 3598
1243 1283
1243 1381
1243 2415
1243 3887
1244 1427
1244 1935
1244 3313
1245 1483
1245 2320
1246 1603
1246 1705
1246 2453
1246 2594
1246 3386
1247 1571
1247 1677
1247 2000
1247 2571
1247 3716
1249 1426
1249 1884
1249 3792
1249 3909
1250 1967
1250 2761
1250 3882
1251 1295
1251 1882
1251 2252
1251 2479
1251 3516
1251 3776
1251 3802
1251 3907
1252 1305
1252 1461
1252 1640
1252 2969
1252 3249
1252 3945
1253 2927
1256 2026
1256 3193
1257 1311
1257 1818
1257 2936
1257 3268
1258 1892
1258 3121
1258 3197
1258 3355
1258 3409
1261 1310
1261 2696
1262 3089
1262 3488
1263 2072
1263 3811
1264 1696
1265 2218
1266 1891
1266 2185
1266 2227
1266 2738
1267 1304
1267 2340
1267 2733
1268 1276
1268 2109
1268 2797
1268 3567
1269 1460
1269 2668
1269 3114
1269 3435
1270 2671
1271 2543
1271 2630
1272 1337
1272 2914
1275 2744
1275 3075
1275 3109
1275 3144
1275 3350
1275 3782
1275 3986
1276 2594
1276 2770
1276 3240
1276 3755
1276 3783
1277 2732
1277 3054
1277 3977
1278 1328
1279 2970
1279 3032
1279 3394
1279 3611
1279 3691
1280 1759
1280 2863
1280 3233
1280 3251
1280 3655
1280 3886
1280 3969
1281 1338
1281 2751
1281 3177
1282 2558
1282 3568
1285 1896
1285 2510
1285 2550
1285 3121
1285 3259
1286 1755
1286 2763
1287 1626
1287 2345
1287 3558
1288 1426
1288 2580
1288 3150
1288 3195
1289 3022
1289 3189
1289 3827
1290 1354
1290 2445
1290 2484
1290 3362
1291 2269
1291 2489
1291 2643
1291 3322
1291 3359
1291 3459
1291 3720
1292 3233
1293 1319
1293 2781
1294 1847
1294 2635
1294 3406
1294 3729
1295 2360
1296 1963
1296 2453
1296 2810
1297 2515
1297 3761
1298 2707
1298 3096
1298 3407
1298 3619
1299 2073
1299 2382
1299 3603
1299 3654
1300 1431
1300 2235
1300 2961
1301 1903
1301 2991
1301 3595
1302 1443
1302 1777
1302 2331
1302 2606
1302 3589
1303 2127
1304 1484
1304 2149
1304 2500
1304 3932
1305 1458
1305 1544
1305 1802
1305 2013
1305 2037
1305 2727
1306 1402
1306 1909
1306 2344
1306 2479
1306 2481
1307 2089
1307 2441
1308 1675
1308 3074
1308 3219
1308 3397
1309 3659
1309 3772
1311 1363
1311 2471
1311 2981
1311 3017
1312 1496
1312 2018
1312 2867
1312 2900
1312 3833
1313 1532
1313 3274
1313 3598
1314 1387
1315 1696
1316 1871
1316 2069
1316 2417
1316 2488
1316 2561
1317 3309
1318 2218
1319 2833
1320 2078
1320 2546
1321 2064
1321 2106
1321 2697
1322 1788
1322 2160
1322 3720
1323 1631
1323 2093
1323 2162
1323 2730
1323 3247
1323 3972
1323 3995
1324 1699
1324 1847
1324 1910
1324 3717
1325 1328
1325 2245
1325 2325
1325 2852
1325 3245
1326 1519
1326 2600
1326 2878
1326 3402
1327 1691
1327 2160
1327 2277
1327 2316
1327 2373
1327 3050
1328 1673
1328 2433
1328 2480
1328 2669
1328 3644
1329 1500
1330 3273
1332 1347
1332 1376
1332 1504
1332 1835
1332 2572
1332 2574
1332 3931
1333 2267
1333 2848
1333 3315
1334 2449
1334 2677
1335 1952
1335 3820
1335 3962
1336 1436
1336 2906
1336 2959
1336 3266
1337 1426
1338 2050
1338 2126
1338 2149
1338 2316
1338 2783
1339 3285
1340 3451
1341 2095
1341 3102
1341 3577
1342 2537
1342 2665
1342 3158
1343 3164
1344 2366
1344 3619
1344 3780
1344 3936
1344 3970
1345 1753
1345 2256
1345 3087
1345 3262
1345 3306
1345 3440
1345 3983
1346 2602
1346 3994
1347 3554
1348 2837
1348 2942
1348 2993
1348 3494
1349 1398
1349 1425
1349 3630
1350 2228
1351 2412
1351 3860
1352 1787
1352 1932
1352 3370
1353 1992
1353 3397
1354 3392
1354 3613
1355 1493
1356 2856
1356 3141
1357 1525
1357 2171
1358 1443
1358 2539
1358 2980
1358 3263
1359 1398
1359 1468
1359 1587
1359 2332
1360 1509
1360 1601
1360 1728
1360 3369
1360 3398
1360 3796
1361 2903
1361 3071
1361 3351
1362 2984
1362 3834
1363 1736
1363 2433
1363 3046
1364 2819
1364 2939
1364 3933
1365 2203
1365 2958
1367 1476
1367 1808
1367 2523
1367 2661
1367 2967
1367 3605
1367 3814
1368 1383
1368 2380
1368 2601
1368 2699
1369 1892
1369 2115
1370 1412
1371 1450
1371 1674
1371 2240
1371 3923
1372 3443
1372 3872
1373 1905
1373 1911
1373 2875
1373 3205
1374 3167
1374 3693
1374 3898
1376 2604
1376 2816
1376 3381
1377 2484
1377 3466
1377 3890
1377 3954
1378 2575
1378 2626
1378 3433
1379 1634
1379 2562
1379 3112
1381 2554
1381 2845
1381 3036
1381 3357
1381 3431
1381 3895
1383 1812
1384 1722
1384 1953
1384 2725
1384 3661
1384 3762
1385 2426
1385 3544
1385 3851
1386 1455
1386 2606
1386 3037
1386 3690
1388 2154
1389 2262
1389 2627
1391 2792
1391 3296
1391 3601
1392 1938
1392 2743
1393 1695
1393 3458
1393 3564
1394 1516
1394 2087
1394 2816
1395 2364
1395 2378
1396 2342
1397 3252
1397 3690
1398 1466
1398 2065
1398 2914
1399 2107
1399 2393
1399 3749
1399 3865
1402 1522
1402 3028
1402 3433
1402 3657
1403 1495
1403 1952
1404 3852
1405 3255
1405 3483
1405 3656
1406 2275
1406 3837
1407 1434
1407 2821
1407 3176
1408 2050
1408 2522
1408 3566
1409 3136
1410 2224
1410 3881
1411 1806
1412 2013
1412 2868
1412 3471
1413 1919
1414 1459
1414 3575
1414 3596
1414 3855
1414 3945
1415 1781
1415 2321
1415 3375
1416 3625
1417 1458
1417 2662
1418 1532
1418 2798
1418 3997
1419 2739
1420 1774
1420 3771
1420 3924
1421 2860
1422 1788
1422 1858
1423 1877
1424 1696
1424 3233
1425 2093
1425 2953
1426 1550
1426 1688
1426 3338
1427 3109
1428 3615
1429 3187
1429 3781
1430 2591
1430 3321
1432 1588
1432 1752
1432 3702
1433 1924
1433 2644
1433 2696
1433 3865
1434 2301
1434 2939
1434 3893
1434 3940
1435 2733
1437 1951
1437 2112
1437 2252
1438 3277
1439 1547
1439 1835
1439 2601
1439 3828
1439 3947
1440 3086
1441 3037
1441 3504
1442 2071
1442 3327
1442 3375
1443 2789
1443 3517
1443 3640
1444 2422
1445 3122
1446 2022
1447 3226
1447 3945
1448 2958
1449 2501
1449 3600
1449 3877
1450 1478
1450 2282
1450 3095
1451 3763
1454 1803
1454 2884
1455 1741
1456 1914
1456 3203
1456 3602
1457 2107
1458 2610
1458 3182
1459 2903
1459 3041
1459 3150
1460 1959
1460 2391
1461 1718
1462 1844
1462 1857
1462 1951
1462 2578
1462 2920
1462 3874
1462 3879
1463 3090
1464 3408
1465 1836
1465 2912
1465 3097
1466 1561
1466 2096
1466 2342
1466 2414
1466 2648
1466 2723
1466 3279
1466 3477
1467 1810
1467 2529
1468 2333
1468 2688
1469 3780
1470 1748
1470 1819
1471 1781
1471 3602
1472 1478
1472 1747
1472 2202
1473 1954
1473 2892
1473 2998
1473 3354
1473 3612
1474 1510
1474 1825
1474 1982
1475 2246
1476 2022
1476 2029
1476 3206
1476 3254
1477 2193
1477 2574
1477 2712
1478 3934
1478 3964
1481 1512
1481 1554
1481 2067
1481 2801
1482 3598
1482 3604
1483 2133
1483 2340
1483 3442
1484 2842
1484 2978
1484 3252
1485 1509
1485 1581
1485 2650
1485 3470
1485 3565
1485 3599
1486 3505
1486 3529
1486 3610
1486 3871
1487 1912
1487 2980
1487 3003
1487 3506
1487 3602
1488 2347
1488 3008
1489 3744
1490 2063
1490 2590
1491 3247
1492 2251
1492 2833
1492 3116
1493 1836
1493 3231
1494 2430
1494 3015
1494 3398
1495 2427
1495 2486
1495 3292
1496 2401
1496 2670
1497 3167
1498 1510
1498 2618
1499 1511
1499 2393
1499 2852
1500 2030
1500 2474
1500 3063
1500 3297
1500 3621
1502 2523
1502 3486
1502 3892
1503 1747
1503 3203
1503 3314
1504 1687
1504 2161
1504 2578
1504 2805
1505 1624
1505 1988
1505 3078
1505 3658
1506 2184
1506 3262
1507 1803
1507 2151
1507 3259
1507 3352
1508 1695
1508 2557
1509 3088
1511 1571
1511 2105
1511 2244
1511 2627
1511 3458
1512 2931
1512 3332
1513 2113
1513 2905
1514 3156
1515 2161
1515 2562
1515 2852
1515 3142
1516 2743
1516 3387
1516 3533
1516 3872
1516 3893
1517 1688
1517 2921
1517 3507
1518 2520
1518 2959
1519 1981
1519 2643
1519 3620
1521 2861
1522 2407
1524 1975
1524 2270
1524 2490
1524 2700
1524 3384
1524 3629
1526 2281
1526 2366
1526 2375
1526 2418
1526 3149
1526 3732
1526 3880
1526 3969
1527 1567
1527 2427
1527 2503
1527 3886
1528 1768
1528 1835
1528 3475
1529 2147
1529 3510
1530 1617
1530 1998
1530 3163
1530 3494
1530 3498
1531 3034
1531 3760
1532 1800
1532 2431
1532 2855
1532 2991
1533 2328
1533 2333
1533 2705
1533 3940
1534 1593
1535 2885
1535 3395
1535 3716
1536 2599
1537 2198
1537 3112
1537 3714
1537 3897
1538 2703
1539 2215
1539 2558
1539 2695
1539 2841
1540 2514
1540 2702
1540 3342
1541 1703
1541 2318
1541 2938
1543 2214
1543 3253
1544 2559
1544 3044
1544 3478
1546 3287
1546 3756
1547 2126
1547 2335
1547 2368
1548 2102
1548 2381
1548 3240
1549 1710
1549 2211
1549 3290
1549 3499
1552 2209
1552 2444
1552 2583
1552 3134
1552 3561
1552 3837
1552 3989
1553 1701
1553 3929
1554 1932
1554 2253
1554 2756
1555 1778
1555 2197
1555 2710
1555 2754
1555 3618
1555 3806
1556 3983
1557 1992
1557 2454
1557 2730
1557 2888
1558 3279
1559 2287
1559 3556
1559 3653
1559 3910
1560 1642
1561 3973
1562 1975
1562 3519
1563 1984
1563 3002
1563 3075
1563 3295
1564 3184
1564 3914
1565 2416
1565 2557
1565 3367
1566 3034
1566 3424
1567 1978
1567 3509
1568 3303
1568 3544
1570 2204
1571 1765
1571 3991
1572 1637
1573 1693
1573 2246
1573 3134
1575 2135
1575 2516
1575 2554
1575 2825
1576 1702
1578 1766
1578 2080
1578 2458
1578 2603
1578 2714
1578 2820
1578 3340
1579 2572
1579 2746
1579 3705
1580 2260
1580 2627
1580 3001
1580 3603
1581 2882
1583 1965
1583 2436
1583 2606
1584 1625
1584 1808
1584 2468
1584 2518
1584 2863
1584 2928
1585 3364
1585 3829
1586 1702
1586 1859
1586 2350
1586 2587
1586 2688
1586 3743
1587 2471
1587 2600
1587 3674
1587 3691
1589 3286
1590 1891
1590 3618
1590 3799
1591 1634
1591 1901
1591 3764
1592 1670
1592 1769
1592 1935
1592 3372
1593 1792
1593 2369
1594 2127
1594 2871
1595 2418
1595 3355
1595 3550
1596 3823
1596 3891
1597 2947
1597 3938
1599 1620
1599 3320
1600 3884
1601 1763
1601 2883
1602 1862
1602 2298
1602 2497
1602 3677
1602 3997
1603 3243
1604 1836
1604 3075
1604 3136
1605 2038
1605 2445
1605 2935
1605 3443
1605 3646
1605 3686
1606 2930
1607 2150
1607 2222
1608 3022
1608 3969
1609 1715
1609 1781
1609 2102
1609 2896
1609 3760
1609 3972
1610 1816
1610 3588
1611 1948
1611 1977
1611 2118
1612 2632
1612 3293
1612 3902
1613 1903
1613 1980
1613 2225
1613 3947
1615 1790
1615 3175
1616 3263
1616 3763
1617 1823
1617 2413
1617 2536
1617 2544
1617 3663
1618 1785
1618 2517
1619 2492
1620 2565
1620 2581
1620 3841
1621 1750
1621 2237
1621 2677
1621 2929
1622 2087
1622 2567
1622 3331
1623 2107
1623 2298
1623 2435
1623 3724
1623 3999
1624 1640
1624 2722
1624 3460
1626 2120
1627 2076
1627 3395
1628 1868
1628 1973
1629 1879
1629 2478
1630 2222
1630 3186
1630 3490
1630 3699
1630 3948
1632 1656
1632 3600
1633 2654
1633 3631
1633 3712
1635 2038
1635 2055
1635 3592
1635 3624
1636 2241
1636 2582
1636 3313
1636 3510
1637 1788
1637 2077
1637 2197
1637 2591
1637 3541
1637 3742
1638 1976
1638 2785
1639 1925
1639 3213
1639 3908
1640 2643
1640 3636
1641 2098
1641 2362
1641 2745
1641 3099
1641 3635
1642 2103
1645 2162
1645 3467
1645 3607
1646 2015
1646 2635
1646 3232
1647 3540
1648 1871
1649 1984
1649 3536
1650 3267
1650 3711
1650 3780
1651 2590
1651 3202
1651 3259
1651 3636
1652 1881
1653 1793
1653 1852
1653 2147
1653 2402
1653 3007
1653 3840
1653 3936
1654 1906
1654 2067
1654 2209
1654 3309
1655 2141
1655 3847
1656 1835
1657 3136
1658 1958
1658 2071
1659 1801
1659 2178
1659 2386
1660 3994
1661 2561
1662 2041
1662 2205
1662 3279
1662 3499
1663 1947
1663 3530
1664 2056
1664 2855
1664 3792
1665 3574
1665 3854
1666 2326
1666 2637
1667 1896
1667 2090
1667 2922
1667 3331
1668 2173
1669 1854
1671 2208
1671 2566
1671 3277
1672 2027
1672 3545
1673 2240
1673 2937
1673 3255
1674 3096
1675 2675
1675 3627
1676 1726
1676 1835
1677 2145
1677 2530
1678 3686
1680 1718
1680 2151
1680 2205
1682 2559
1682 3615
1683 1831
1683 2468
1683 3360
1684 3105
1684 3449
1684 3954
1685 2848
1686 2478
1686 3310
1686 3907
1687 3592
1688 2034
1688 3363
1689 2459
1689 2611
1689 3045
1690 2963
1690 3457
1691 2100
1691 2485
1691 2670
1692 2064
1692 2278
1692 2701
1693 2700
1693 2850
1694 1986
1694 2397
1696 2636
1697 3045
1697 3392
1698 2016
1698 3303
1698 3841
1699 2375
1699 3394
1700 2210
1700 2409
1700 3771
1700 3864
1701 1997
1701 2345
1701 3017
1701 3036
1701 3400
1701 3666
1702 3393
1703 2934
1704 1768
1704 1896
1704 2252
1704 3388
1705 2290
1705 3360
1709 2104
1709 3362
1709 3439
1710 2898
1711 1716
1711 2034
1711 3620
1712 1758
1714 1780
1714 2138
1714 3591
1714 3656
1715 3641
1716 1897
1716 2662
1716 3946
1717 2569
1718 2395
1718 3360
1719 2226
1719 3446
1719 3636
1719 3765
1721 3394
1722 1852
1723 2560
1723 2885
1724 1807
1725 1956
1725 2773
1725 3958
1726 2355
1726 2596
1726 2638
1727 2996
1727 3343
1728 2208
1728 3401
1729 1986
1730 1785
1731 2040
1731 3424
1732 2073
1732 2089
1732 2451
1732 2684
1732 3050
1733 3869
1733 3942
1734 2910
1734 3413
1735 1751
1735 1797
1735 2178
1735 2342
1735 3413
1736 1798
1736 2311
1737 1754
1737 3450
1737 3686
1738 2412
1738 2560
1738 3021
1739 1746
1739 3427
1740 3731
1741 2717
1742 1779
1742 3654
1743 2062
1743 3166
1744 3188
1745 2125
1746 3029
1746 3646
1746 3931
1747 3145
1747 3564
1748 2446
1748 2991
1748 3650
1749 2958
1750 1955
1752 2834
1752 3361
1752 3992
1753 2123
1753 2469
1753 2729
1753 3125
1757 2409
1757 2858
1757 3134
1758 3793
1759 2877
1759 3246
1759 3788
1760 2533
1760 2707
1761 2755
1761 2837
1762 3346
1763 2028
1763 2755
1763 3407
1764 2244
1765 2274
1765 3487
1767 2453
1767 3249
1767 3281
1767 3454
1767 3567
1767 3664
1767 3937
1767 3967
1767 3987
1768 2062
1769 1968
1769 2381
1769 3102
1770 2019
1770 3349
1770 3402
1770 3407
1770 3419
1771 3581
1772 1925
1772 2441
1772 2839
1772 3619
1773 1895
1773 2049
1773 2727
1773 2973
1773 3386
1774 3004
1774 3573
1775 1942
1775 3636
1776 1783
1776 2652
1776 2837
1776 3229
1776 3508
1776 3733
1777 2295
1777 3133
1778 2720
1778 3826
1779 2671
1779 3062
1780 1965
1780 2371
1780 3348
1782 2247
1782 2626
1782 3600
1783 3004
1783 3287
1784 3458
1785 2379
1786 3769
1788 3081
1789 2165
1790 1898
1790 2027
1790 2789
1790 3083
1790 3566
1790 3886
1791 2772
1791 2987
1791 3316
1793 1902
1793 3850
1794 2617
1795 1969
1795 2760
1795 3317
1796 3577
1797 1914
1797 2880
1799 2838
1800 2630
1801 1895
1801 2198
1803 2321
1803 3190
1803 3263
1803 3783
1804 2633
1804 2803
1804 3474
1805 1958
1805 2407
1805 3520
1806 2371
1806 2713
1806 3306
1806 3484
1806 3688
1806 3947
1807 2684
1807 2756
1807 3127
1808 2278
1808 3245
1809 3230
1809 3233
1809 3863
1810 3669
1811 1873
1811 3149
1811 3672
1812 2785
1813 3748
1814 2750
1814 3024
1815 1944
1815 2355
1816 2432
1816 2908
1816 3631
1817 3480
1818 2784
1819 1865
1819 2676
1820 2027
1820 2431
1820 2665
1820 2985
1820 3353
1820 3476
1821 2075
1821 2387
1821 2860
1822 2457
1823 3565
1823 3957
1824 2833
1824 3090
1825 3050
1825 3134
1825 3137
1825 3144
1826 3056
1826 3098
1826 3693
1827 2155
1827 3950
1828 1875
1828 3789
1829 3986
1830 3420
1830 3781
1831 2777
1832 3736
1833 2003
1833 2306
1834 2487
1835 3693
1835 3810
1836 1935
1837 2304
1837 3085
1838 1966
1838 2204
1838 2429
1838 2676
1838 2982
1838 3477
1840 3016
1840 3741
1841 3264
1842 3078
1843 3751
1844 3374
1846 3185
1846 3350
1846 3493
1847 2881
1847 3858
1848 2667
1849 2262
1849 3941
1850 3165
1850 3407
1853 1868
1853 3955
1854 2536
1854 2608
1854 2659
1854 2749
1854 3562
1854 3592
1854 3803
1855 2239
1856 2374
1856 3670
1858 2294
1858 3048
1858 3538
1859 2566
1860 2036
1860 2183
1860 2351
1860 3124
1860 3631
1861 3578
1861 3699
1862 3089
1863 2562
1863 3302
1863 3556
1863 3775
1864 2943
1865 2629
1865 2903
1866 1884
1866 1988
1866 2468
1866 3211
1866 3819
1867 2472
1867 2584
1867 3992
1869 2494
1869 3461
1870 2738
1871 1916
1872 2642
1872 3095
1873 3302
1873 3660
1874 2569
1874 3066
1874 3628
1874 3789
1875 2164
1875 2786
1875 3083
1875 3434
1876 1971
1877 3422
1878 2008
1878 2085
1878 2089
1878 2424
1878 3511
1878 3652
1878 3988
1879 3299
1879 3346
1880 3337
1880 3538
1882 2013
1882 3225
1883 1980
1883 2629
1883 2778
1883 3123
1884 2048
1885 2311
1886 2846
1887 2193
1887 3444
1887 3908
1887 3913
1888 1984
1888 3166
1889 2335
1889 2633
1889 2675
1890 3471
1891 3047
1891 3353
1891 3815
1893 1961
1893 2303
1894 2215
1894 3067
1894 3832
1895 2621
1896 2972
1896 3407
1897 3970
1898 3192
1899 2733
1900 1940
1900 2665
1900 2770
1900 2975
1901 2502
1902 2085
1902 2159
1902 2531
1902 2608
1902 3116
1902 3169
1903 2443
1903 3517
1903 3880
1906 2413
1906 3579
1907 2672
1908 2406
1909 3639
1909 3924
1910 2682
1911 2708
1914 3955
1915 2175
1915 2254
1915 3025
1915 3076
1915 3144
1915 3401
1915 3546
1915 3547
1916 2756
1916 3006
1917 2011
1918 3015
1918 3028
1918 3497
1919 2070
1919 2680
1919 3303
1919 3769
1920 3024
1921 2241
1921 3234
1922 2458
1922 3067
1923 2658
1923 3517
1923 3665
1925 2706
1925 2881
1926 2181
1926 3552
1928 2871
1928 3121
1928 3329
1930 3362
1930 3822
1931 2005
1931 2377
1931 2575
1931 2577
1931 3762
1932 2082
1932 2443
1933 2064
1933 2448
1933 3497
1934 2756
1935 2089
1935 2110
1935 2753
1935 3435
1936 2104
1936 3454
1937 2307
1937 3735
1937 3989
1938 3007
1940 3198
1941 1958
1942 3301
1942 3350
1942 3736
1943 3794
1946 3931
1947 2050
1947 2715
1948 1996
1948 2488
1948 3263
1948 3435
1949 2061
1949 3477
1949 3556
1949 3705
1950 2032
1950 2037
1950 2240
1950 2615
1950 3452
1951 3589
1952 2531
1952 2776
1953 3035
1953 3899
1954 2501
1954 3735
1955 2939
1956 2561
1956 2930
1957 2165
1957 3131
1957 3892
1958 2234
1958 3056
1959 2809
1959 3255
1959 3924
1960 2589
1961 2272
1961 3350
1962 2016
1962 2081
1962 2131
1962 2834
1964 3414
1965 3191
1965 3365
1965 3614
1965 3749
1966 2100
1970 2394
1970 2967
1971 2040
1971 3152
1973 1981
1973 2038
1973 2077
1973 2504
1973 3350
1973 3590
1973 3856
1974 2900
1974 3038
1975 2590
1977 2832
1977 3252
1977 3354
1977 3640
1977 3709
1978 3751
1978 3760
1979 2292
1979 3028
1979 3501
1979 3916
1980 2585
1981 3227
1981 3513
1983 2783
1983 3393
1984 3061
1984 3396
1984 3493
1985 3434
1985 3466
1986 2090
1986 2145
1986 2962
1987 2304
1987 2520
1987 2643
1987 3195
1988 3384
1989 2065
1989 2278
1990 2310
1990 3668
1990 3965
1991 3507
1991 3576
1992 2141
1992 2332
1992 2876
1992 3049
1992 3474
1992 3675
1993 3780
1994 2173
1994 2306
1995 2194
1995 2221
1995 2315
1995 2355
1995 3603
1996 2866
1996 3420
1997 2259
1997 2601
1999 2569
1999 3657
1999 3944
2000 2293
2000 3215
2001 2031
2001 2756
2001 3891
2001 3910
2002 2919
2002 3320
2003 2156
2003 3610
2004 2832
2004 3126
2004 3374
2004 3810
2004 3960
2005 3521
2006 2801
2007 2184
2007 3458
2007 3679
2009 3503
2009 3881
2010 3489
2010 3857
2011 2078
2011 2320
2011 2364
2011 2938
2011 3290
2011 3570
2013 2217
2013 3817
2014 3533
2015 2937
2015 3472
2016 2313
2016 2668
2017 2826
2019 2901
2020 2077
2022 2931
2022 2942
2022 3427
2023 2200
2024 2309
2025 2817
2025 3825
2026 2327
2026 2760
2026 3732
2027 2050
2027 2663
2028 2393
2028 2581
2028 2739
2028 3765
2029 2989
2029 2992
2029 3231
2029 3318
2030 2101
2030 2445
2030 2628
2030 2890
2031 2158
2031 3689
2032 2744
2032 3682
2034 2667
2034 3408
2035 2059
2035 2752
2035 3666
2036 2594
2036 2742
2036 2987
2038 3872
2039 2629
2039 3363
2039 3751
2039 3885
2040 2927
2041 2477
2041 3872
2042 3403
2042 3794
2043 2854
2043 2902
2044 2114
2044 2839
2044 3735
2045 2897
2045 3556
2045 3782
2046 2291
2046 2448
2046 2961
2047 2332
2047 2390
2048 3201
2049 2081
2049 3046
2049 3925
2050 2198
2050 3251
2051 2994
2051 3208
2052 2879
2053 2764
2053 3692
2053 3708
2054 2635
2054 3239
2054 3295
2055 2596
2056 3012
2057 2934
2058 2773
2059 2090
2059 2340
2060 2212
2060 2719
2060 3985
2061 2214
2061 2536
2062 2069
2062 2877
2063 2436
2064 2403
2064 3049
2064 3584
2065 2638
2065 2660
2065 2839
2066 3335
2066 3970
2067 2528
2067 3372
2067 3870
2068 2977
2070 2391
2070 2734
2070 2767
2071 3421
2071 3686
2071 3945
2072 2528
2072 3166
2072 3320
2072 3828
2073 3321
2074 2411
2074 2461
2074 3108
2075 2166
2075 2520
2076 3638
2078 2407
2078 3206
2078 3398
2078 3933
2079 2379
2079 3194
2079 3419
2079 3918
2080 2747
2080 2964
2080 2994
2080 3586
2081 3345
2082 2313
2082 2603
2083 2133
2083 3552
2084 3567
2086 2265
2086 2955
2086 3518
2086 3582
2086 3592
2087 2279
2087 2977
2088 3461
2092 2151
2093 2642
2094 2153
2094 2348
2097 2115
2098 2697
2098 3624
2099 3574
2099 3607
2101 2231
2101 2761
2101 3697
2101 3885
2103 2295
2103 3040
2105 2789
2105 3339
2106 2511
2107 3425
2108 3602
2109 3474
2109 3726
2110 2276
2110 2423
2110 2837
2111 2420
2111 3067
2112 2856
2112 3579
2113 3196
2114 2313
2115 2257
2115 2699
2115 3589
2116 2827
2116 3177
2117 2561
2117 2790
2118 2480
2118 3246
2118 3401
2120 3193
2121 2124
2121 3290
2121 3307
2121 3790
2122 3719
2123 2668
2124 2395
2124 2789
2124 2894
2125 2464
2125 3136
2126 2550
2128 3071
2128 3430
2131 2714
2131 3607
2132 3980
2133 2392
2133 2848
2134 3292
2134 3835
2136 2418
2136 3949
2137 2232
2137 3038
2137 3667
2137 3725
2138 2470
2138 2536
2138 2578
2138 2764
2138 2769
2138 3728
2139 2723
2139 3123
2139 3244
2140 2319
2140 2407
2140 3084
2141 2319
2141 2704
2141 3029
2141 3329
2141 3729
2142 3013
2142 3635
2143 2145
2143 3310
2143 3551
2143 3643
2144 2522
2144 2870
2144 3032
2144 3039
2145 2191
2145 3025
2145 3825
2146 2384
2146 2972
2147 2560
2147 2617
2147 2649
2148 3991
2149 3596
2150 3128
2151 2222
2151 3488
2152 3778
2153 2558
2155 2405
2155 2621
2155 3656
2156 2562
2156 3394
2156 3966
2157 2466
2157 3347
2158 2227
2159 3240
2159 3545
2160 2195
2160 3120
2160 3234
2160 3437
2160 3785
2161 3904
2162 3002
2163 3319
2163 3995
2164 2409
2164 2813
2164 3310
2166 2823
2166 3046
2166 3114
2166 3374
2167 2294
2167 3055
2167 3106
2168 2457
2169 2364
2169 3709
2171 2271
2172 2483
2172 2942
2172 3915
2173 2441
2173 2709
2173 3659
2174 3066
2174 3368
2174 3637
2174 3960
2175 2776
2176 2256
2177 2564
2177 3019
2177 3659
2177 3730
2177 3893
2177 3970
2178 2940
2178 3571
2178 3976
2179 3904
2180 2440
2180 2856
2181 3256
2183 2800
2183 3442
2184 2705
2184 2757
2184 3145
2184 3931
2185 3244
2187 2621
2187 3538
2188 2869
2188 3558
2188 3842
2190 2584
2190 3458
2191 3130
2191 3597
2192 2855
2192 3823
2192 3972
2193 2761
2193 3518
2194 2268
2194 3770
2195 3409
2195 3610
2197 2226
2197 2568
2197 2717
2197 3344
2198 2430
2198 2686
2198 2715
2198 3006
2199 2975
2200 2407
2201 2677
2201 3162
2202 2661
2202 2851
2203 2277
2203 3302
2204 3205
2204 3924
2205 3552
2205 3614
2206 3096
2206 3482
2206 3558
2206 3975
2206 3990
2207 2862
2207 3238
2207 3544
2209 2544
2209 3656
2209 3868
2210 2528
2210 2925
2211 2505
2211 2778
2211 2814
2211 3510
2212 3695
2212 3801
2212 3922
2215 2590
2215 2696
2216 3576
2217 2537
2217 2760
2217 3388
2218 2762
2218 3879
2219 3778
2220 2341
2220 2392
2220 2895
2220 3622
2220 3682
2221 3510
2222 2804
2222 3481
2222 3798
2223 2316
2223 2393
2223 2735
2224 3247
2226 3251
2226 3591
2227 3575
2228 2481
2228 3084
2228 3479
2229 2313
2229 3361
2229 3825
2233 2896
2233 3445
2234 2380
2234 2505
2234 2810
2235 3447
2236 2598
2236 3353
2236 3423
2237 3369
2238 2607
2238 2724
2238 2998
2238 3650
2238 3662
2239 3786
2240 3765
2242 2933
2242 3277
2242 3802
2242 3955
2244 2477
2244 2585
2244 2786
2245 2883
2245 3266
2245 3387
2245 3778
2245 3802
2246 2337
2247 3040
2247 3435
2247 3893
2248 3216
2249 2803
2249 3817
2250 2300
2250 2544
2250 3656
2251 3433
2252 2255
2252 3267
2252 3456
2253 3192
2253 3663
2254 2877
2254 2935
2254 3838
2254 3952
2255 3397
2255 3601
2256 2471
2256 2795
2256 3940
2256 3954
2257 2590
2258 2715
2258 2913
2258 3654
2259 2814
2259 2924
2259 3594
2259 3763
2259 3851
2262 2611
2262 3908
2263 2938
2263 3198
2263 3320
2263 3443
2264 2431
2264 2795
2265 2948
2265 2981
2266 2842
2269 2322
2269 3071
2269 3574
2270 3975
2271 2742
2272 2285
2272 3793
2273 3125
2274 2712
2274 2736
2275 2691
2275 2713
2275 2717
2276 3910
2277 2283
2278 2702
2282 2424
2282 3823
2283 2302
2284 2490
2284 2983
2285 3785
2285 3956
2286 3629
2287 2859
2288 2711
2288 3324
2289 2778
2290 3455
2292 2364
2292 3534
2294 3304
2294 3500
2296 2747
2297 2360
2297 3272
2298 3143
2298 3197
2299 3492
2299 3812
2300 2506
2301 2400
2301 3940
2302 3106
2303 2491
2304 3286
2304 3472
2305 2467
2305 2666
2305 2790
2306 2384
2306 2499
2306 3416
2306 3714
2307 3391
2307 3406
2307 3451
2308 2969
2308 3010
2308 3451
2309 2753
2310 2992
2312 3832
2313 3799
2315 2877
2315 3062
2315 3094
2315 3782
2316 3986
2317 2343
2317 3713
2318 2444
2318 3930
2319 2545
2319 3413
2320 3043
2320 3280
2321 3214
2321 3240
2322 2778
2322 2934
2323 3884
2324 3247
2327 2690
2327 2849
2328 3009
2328 3125
2330 3728
2330 3837
2332 2452
2332 2828
2332 3483
2332 3766
2333 3444
2333 3770
2335 2456
2335 2662
2335 2761
2336 3243
2336 3948
2337 3146
2337 3892
2337 3902
2338 3512
2338 3929
2339 2745
2339 3102
2340 2631
2340 2719
2340 3752
2340 3808
2341 3721
2342 2396
2342 2473
2342 2880
2343 2859
2344 3335
2345 2577
2345 3494
2346 2775
2346 3663
2347 3467
2348 2958
2348 2993
2348 3392
2349 3072
2349 3526
2350 2813
2350 3639
2351 2610
2351 3029
2351 3976
2352 2941
2352 3071
2352 3075
2353 3741
2353 3772
2354 3851
2355 3162
2355 3940
2356 2912
2356 3520
2357 3990
2358 3239
2359 3109
2359 3690
2360 2510
2361 3387
2361 3896
2361 3901
2361 3963
2366 3645
2367 3290
2367 3616
2368 2592
2368 3558
2369 3195
2370 3238
2371 2551
2371 3967
2372 3255
2373 2830
2373 2998
2373 3031
2374 3792
2375 3648
2375 3857
2376 3462
2376 3810
2376 3958
2377 2500
2377 3716
2377 3744
2378 2463
2378 3902
2379 2430
2379 2653
2379 2900
2379 3344
2380 2865
2380 3237
2380 3294
2380 3295
2381 3439
2381 3859
2381 3920
2383 2821
2383 3541
2384 2492
2385 2721
2385 3258
2385 3929
2386 2847
2386 2923
2386 3472
2387 3419
2387 3844
2390 3033
2393 2728
2393 2826
2393 3389
2393 3594
2393 3667
2394 3281
2396 3286
2397 2419
2397 2772
2397 2835
2397 2869
2398 2741
2398 3943
2399 2801
2399 3219
2401 3006
2401 3673
2402 3537
2403 2943
2404 2995
2404 3251
2404 3848
2405 3481
2405 3830
2406 2513
2406 2651
2407 2771
2409 3584
2410 3644
2411 2534
2411 3036
2412 2702
2412 3015
2413 3431
2413 3611
2414 2794
2414 2947
2415 2753
2415 3334
2418 2950
2418 3900
2419 3254
2419 3360
2423 3845
2423 3979
2424 3323
2426 3474
2426 3726
2426 3868
2428 3890
2429 3343
2429 3581
2431 2976
2431 3544
2432 3029
2432 3081
2432 3685
2433 2830
2434 2442
2434 2776
2434 2878
2435 3399
2436 2670
2436 3202
2439 3081
2439 3240
2439 3366
2440 3675
2446 2610
2446 2666
2446 2925
2446 3695
2447 2620
2447 2916
2448 3464
2449 3083
2449 3497
2449 3520
2450 2794
2450 3026
2451 2678
2451 3862
2452 2582
2452 3574
2453 3147
2453 3682
2455 3396
2457 2537
2458 2561
2458 3054
2458 3352
2459 3588
2460 2783
2460 3514
2460 3955
2461 3157
2461 3541
2462 2607
2462 2984
2463 2993
2463 3192
2464 2504
2464 2679
2464 3493
2464 3747
2465 3517
2466 3152
2466 3374
2467 2574
2467 3177
2468 3796
2468 3999
2469 3814
2470 3003
2470 3411
2473 2835
2473 3118
2473 3186
2473 3980
2474 3409
2475 3004
2475 3973
2476 3109
2476 3130
2478 3354
2478 3914
2479 3125
2479 3583
2480 3051
2480 3074
2480 3263
2480 3346
2481 2796
2481 3076
2481 3283
2481 3309
2482 2980
2482 3212
2482 3247
2482 3447
2482 3493
2482 3989
2483 3037
2484 2825
2484 3507
2484 3728
2485 3552
2486 2609
2486 2910
2487 2822
2487 3735
2489 2617
2489 2851
2490 3048
2490 3142
2490 3847
2491 3112
2491 3602
2492 2684
2492 2833
2493 3367
2494 2821
2495 2616
2496 2825
2496 3783
2498 3242
2498 3744
2499 3958
2500 2980
2500 3267
2500 3272
2502 2944
2502 3939
2503 2809
2503 3639
2504 3733
2505 3272
2505 3363
2508 2832
2510 2654
2510 3316
2511 2806
2511 3219
2512 3527
2513 3046
2513 3421
2514 2762
2514 3129
2516 3572
2517 3470
2517 3937
2518 2976
2518 3618
2518 3685
2519 3427
2520 2655
2520 2834
2520 3146
2520 3842
2521 3277
2521 3684
2521 3784
2521 3921
2522 3170
2522 3199
2523 2609
2524 3081
2525 2878
2525 3639
2525 3680
2526 2683
2526 3255
2526 3364
2526 3638
2526 3777
2529 3651
2530 3353
2530 3377
2532 3207
2532 3305
2532 3641
2533 3169
2533 3568
2533 3966
2534 2665
2535 2651
2535 2745
2535 2761
2535 2866
2535 3632
2535 3900
2536 2668
2536 2845
2538 2621
2538 3604
2541 2626
2542 3554
2543 2831
2543 3109
2543 3496
2543 3721
2544 3427
2544 3884
2545 2552
2545 3612
2545 3745
2546 3035
2546 3540
2547 2924
2547 3058
2548 3676
2549 2803
2549 3729
2552 2671
2554 2647
2554 3645
2555 3874
2556 3115
2558 2817
2560 3142
2560 3439
2560 3621
2560 3953
2561 2990
2562 3794
2563 2676
2563 2739
2563 3484
2564 3983
2565 2874
2565 3666
2566 2873
2566 3149
2566 3321
2569 3192
2569 3962
2570 3459
2571 3887
2573 3275
2574 2733
2574 3203
2575 2665
2575 2868
2575 3091
2577 2938
2577 3101
2578 2750
2578 3024
2578 3680
2578 3876
2579 3400
2580 2662
2581 3861
2582 3272
2583 2694
2583 3305
2583 3688
2583 3797
2584 3256
2585 3391
2586 3014
2586 3166
2586 3860
2587 2601
2587 2803
2587 2916
2587 2929
2589 2871
2589 2924
2589 3621
2589 3875
2590 2957
2590 3662
2590 3788
2591 2882
2591 3461
2592 3152
2592 3574
2593 3029
2593 3475
2594 2608
2595 2680
2596 2796
2596 3602
2597 3698
2598 2809
2599 2815
2600 2724
2600 2782
2601 3018
2602 3486
2603 2921
2603 3593
2604 3866
2605 3562
2605 3973
2606 2867
2606 3455
2606 3850
2606 3902
2607 3793
2608 3988
2610 3801
2611 3849
2612 2935
2613 2648
2613 3153
2613 3389
2614 3092
2615 3592
2616 2932
2616 3465
2617 3033
2617 3675
2619 2724
2621 3722
2622 3057
2622 3223
2622 3381
2622 3803
2624 2903
2624 2927
2624 3686
2625 3096
2628 3748
2629 3093
2629 3186
2629 3443
2630 2794
2630 3836
2630 3864
2631 3630
2634 3329
2635 3778
2636 2657
2636 2963
2638 3635
2641 2992
2642 3114
2642 3396
2643 3685
2644 3409
2646 3277
2646 3700
2646 3885
2646 3979
2647 3319
2648 3134
2649 2821
2649 3449
2649 3497
2650 3392
2650 3631
2652 2688
2652 2956
2654 3653
2654 3922
2654 3933
2656 2946
2657 2862
2657 3129
2657 3227
2657 3701
2658 2737
2658 2755
2658 2987
2658 3977
2659 3950
2660 2849
2660 2935
2660 3038
2661 3522
2662 2831
2662 2968
2664 3272
2664 3730
2666 3594
2666 3839
2666 3989
2667 2867
2668 2793
2668 3538
2669 3158
2669 3233
2669 3300
2670 3307
2672 3649
2675 3045
2675 3840
2676 3863
2677 3071
2677 3568
2677 3600
2677 3723
2677 3967
2678 3300
2678 3782
2680 3196
2681 3019
2681 3051
2681 3603
2682 3461
2685 3592
2685 3638
2686 3585
2689 3200
2690 3034
2691 3168
2692 2891
2692 3132
2693 3131
2693 3569
2694 3125
2695 2864
2696 3979
2697 3980
2698 2804
2698 2876
2699 3720
2700 3222
2701 3951
2702 3388
2702 3652
2703 3308
2704 2998
2705 2809
2705 3847
2706 3503
2707 3289
2707 3532
2709 3121
2709 3835
2710 3170
2710 3545
2711 3710
2713 3720
2714 2794
2717 2851
2717 3360
2717 3996
2718 3605
2718 3827
2719 2800
2720 2750
2722 3878
2723 3742
2724 3006
2725 2983
2725 3479
2725 3828
2726 2755
2726 2825
2726 3340
2726 3663
2726 3738
2728 2943
2729 3171
2729 3693
2729 3895
2730 3165
2730 3224
2730 3313
2731 2981
2732 2866
2732 2871
2733 3982
2734 3859
2735 3653
2736 3665
2738 2757
2738 3328
2739 2989
2740 3004
2741 2960
2742 3166
2743 2877
2743 3696
2746 3718
2747 2893
2747 3195
2749 3370
2749 3671
2751 3087
2751 3119
2751 3245
2751 3771
2752 3888
2753 3035
2753 3693
2754 3905
2755 2982
2755 3085
2756 3397
2758 2795
2758 3601
2759 2845
2759 3018
2761 3568
2762 3325
2762 3527
2763 3838
2764 3689
2764 3727
2764 3970
2765 2837
2765 3976
2766 3080
2766 3539
2766 3628
2767 3845
2769 3887
2771 3337
2771 3361
2771 3685
2772 3089
2772 3749
2773 2851
2773 3161
2773 3330
2773 3574
2774 3957
2776 3456
2776 3800
2776 3812
2777 3495
2777 3542
2779 2815
2779 3036
2779 3060
2779 3720
2780 3255
2780 3930
2781 2855
2781 3920
2782 3659
2787 3052
2787 3259
2788 2874
2788 2997
2790 3105
2791 3238
2792 2893
2792 3972
2793 3352
2794 2969
2794 3248
2794 3680
2796 3542
2797 3877
2798 3413
2799 2934
2799 3212
2799 3797
2802 2914
2802 3197
2804 3173
2804 3541
2805 2922
2805 3367
2805 3512
2806 2950
2808 3107
2808 3958
2809 2906
2809 2964
2810 3164
2810 3222
2811 3813
2812 3191
2812 3570
2812 3675
2814 3975
2815 3463
2815 3928
2816 3814
2817 3076
2819 3879
2820 3169
2821 3304
2821 3461
2821 3689
2823 3378
2823 3485
2823 3527
2823 3608
2826 3346
2826 3745
2827 3015
2827 3290
2827 3380
2831 3436
2833 2967
2833 3988
2834 3016
2834 3677
2834 3911
2835 2938
2835 3644
2838 3033
2838 3828
2839 3338
2840 3438
2841 3046
2841 3927
2843 3353
2844 2949
2844 3408
2846 3203
2846 3426
2847 3302
2848 3897
2851 3393
2852 3181
2854 3111
2854 3459
2855 2982
2855 3456
2856 3212
2857 2933
2857 2934
2858 3279
2859 3743
2860 3637
2861 2927
2861 3214
2861 3934
2862 3186
2862 3810
2863 3254
2863 3757
2863 3836
2865 3337
2867 3998
2868 3870
2869 3040
2869 3794
2870 3064
2873 2989
2878 3714
2879 3645
2879 3701
2880 3066
2884 3029
2884 3364
2884 3744
2884 3980
2885 3804
2889 2928
2893 3043
2894 3798
2895 2969
2895 3315
2896 3794
2898 3783
2900 3142
2900 3253
2901 3703
2904 3253
2906 3672
2907 2911
2907 3254
2910 3302
2912 3214
2912 3239
2912 3937
2913 3822
2915 3404
2915 3461
2918 3797
2918 3895
2919 3019
2920 3362
2921 3184
2924 3121
2924 3481
2926 3217
2927 3668
2927 3951
2928 3536
2928 3952
2928 3961
2930 3214
2930 3392
2930 3528
2931 2945
2933 3691
2934 3025
2935 3752
2935 3758
2938 3520
2939 3019
2941 3857
2942 3276
2942 3728
2942 3879
2943 3698
2943 3779
2944 3988
2945 3732
2945 3984
2946 3332
2946 3587
2947 3029
2949 3739
2950 3456
2951 3949
2952 3803
2953 3079
2953 3814
2956 3788
2957 3661
2957 3999
2959 3059
2959 3661
2960 3167
2960 3545
2960 3685
2961 3416
2966 3590
2967 3049
2969 3005
2969 3966
2970 3264
2971 3583
2972 3079
2973 3126
2973 3827
2974 3390
2975 3055
2975 3749
2977 3237
2977 3423
2977 3656
2978 3754
2979 3355
2980 3539
2981 3122
2981 3591
2985 3740
2989 3116
2989 3879
2991 3188
2991 3673
2991 3676
2992 3306
2992 3539
2993 3707
2993 3805
2995 3735
2995 3865
2996 3298
2999 3354
3003 3100
3003 3266
3003 3419
3004 3422
3005 3598
3005 3856
3006 3211
3006 3782
3007 3064
3007 3423
3007 3968
3008 3929
3008 3932
3009 3696
3010 3163
3011 3694
3012 3192
3015 3728
3015 3972
3016 3570
3018 3248
3020 3913
3021 3446
3021 3469
3022 3735
3025 3698
3027 3340
3028 3055
3029 3073
3029 3722
3030 3618
3033 3106
3034 3342
3034 3464
3035 3874
3038 3355
3039 3140
3040 3695
3041 3947
3043 3058
3043 3176
3046 3567
3047 3456
3048 3196
3048 3204
3048 3554
3049 3111
3049 3331
3049 3538
3050 3393
3052 3200
3052 3237
3053 3481
3053 3833
3054 3143
3056 3529
3057 3169
3057 3193
3057 3596
3057 3965
3058 3734
3059 3241
3060 3077
3061 3751
3062 3830
3064 3181
3064 3469
3066 3363
3066 3403
3067 3616
3069 3606
3069 3947
3070 3254
3073 3204
3073 3658
3073 3733
3075 3132
3077 3712
3078 3150
3081 3170
3082 3171
3082 3603
3083 3678
3085 3488
3086 3686
3087 3817
3089 3826
3090 3160
3090 3412
3090 3428
3091 3879
3091 3943
3095 3361
3095 3725
3096 3170
3096 3686
3097 3791
3098 3228
3098 3438
3098 3719
3101 3305
3101 3728
3101 3816
3103 3314
3103 3822
3104 3682
3104 3793
3104 3909
3105 3302
3106 3429
3108 3344
3108 3382
3108 3749
3109 3894
3114 3713
3115 3374
3116 3859
3118 3972
3119 3880
3120 3676
3120 3913
3123 3939
3124 3970
3125 3260
3125 3785
3126 3187
3126 3219
3128 3424
3128 3807
3129 3554
3130 3486
3131 3472
3132 3397
3132 3408
3132 3744
3133 3162
3133 3320
3133 3966
3134 3457
3137 3205
3137 3748
3140 3351
3143 3244
3144 3905
3145 3326
3145 3555
3146 3166
3146 3262
3146 3478
3147 3407
3148 3869
3149 3369
3149 3694
3152 3942
3155 3494
3156 3672
3157 3665
3158 3175
3158 3812
3160 3546
3162 3531
3164 3392
3166 3524
3166 3647
3168 3551
3170 3532
3172 3312
3175 3475
3176 3792
3177 3278
3179 3286
3179 3446
3179 3940
3181 3703
3182 3651
3185 3220
3185 3893
3186 3640
3186 3927
3187 3217
3187 3295
3188 3442
3191 3761
3194 3381
3200 3874
3202 3211
3204 3985
3205 3931
3207 3259
3207 3833
3208 3283
3208 3560
3208 3985
3210 3370
3211 3401
3211 3677
3212 3623
3212 3782
3216 3803
3218 3482
3218 3689
3218 3875
3221 3672
3223 3856
3225 3692
3226 3838
3229 3260
3229 3306
3229 3946
3231 3273
3233 3936
3234 3380
3234 3451
3234 3908
3235 3764
3238 3427
3239 3698
3240 3262
3241 3958
3242 3471
3242 3496
3242 3678
3245 3297
3245 3503
3247 3400
3247 3402
3258 3521
3258 3994
3259 3292
3260 3941
3262 3318
3262 3667
3264 3883
3267 3514
3269 3576
3269 3952
3272 3693
3273 3707
3276 3605
3278 3955
3279 3447
3281 3300
3282 3556
3282 3647
3282 3784
3285 3780
3286 3686
3286 3828
3287 3485
3287 3593
3289 3480
3290 3296
3291 3916
3293 3934
3294 3332
3294 3397
3297 3722
3299 3380
3300 3563
3301 3893
3306 3673
3308 3502
3311 3389
3311 3918
3312 3387
3312 3701
3313 3401
3314 3323
3320 3580
3322 3417
3322 3732
3324 3990
3332 3399
3332 3626
3333 3713
3337 3998
3338 3356
3338 3536
3339 3553
3340 3410
3342 3497
3342 3814
3345 3600
3345 3729
3347 3877
3348 3379
3352 3776
3353 3460
3353 3657
3354 3897
3354 3920
3356 3513
3356 3705
3357 3945
3361 3996
3362 3789
3364 3911
3365 3990
3369 3928
3370 3771
3370 3904
3374 3422
3374 3593
3378 3691
3381 3597
3382 3527
3382 3872
3384 3979
3385 3767
3385 3874
3386 3981
3387 3718
3389 3572
3390 3659
3391 3517
3397 3853
3399 3539
3399 3595
3400 3709
3401 3541
3401 3772
3401 3832
3401 3952
3404 3561
3404 3570
3404 3948
3404 3985
3416 3551
3416 3588
3416 3978
3417 3516
3418 3789
3420 3891
3420 3998
3422 3783
3424 3790
3426 3927
3432 3590
3433 3698
3445 3800
3445 3955
3449 3697
3452 3626
3454 3695
3457 3534
3457 3555
3462 3482
3466 3550
3469 3643
3469 3689
3469 3841
3469 3974
3472 3958
3472 3971
3473 3674
3473 3883
3476 3803
3476 3943
3478 3923
3480 3790
3481 3951
3482 3821
3489 3606
3489 3702
3490 3518
3490 3857
3498 3600
3499 3682
3499 3850
3501 3672
3501 3837
3502 3594
3503 3650
3504 3885
3507 3951
3509 3523
3510 3732
3511 3884
3511 3890
3512 3622
3516 3582
3518 3627
3519 3979
3524 3992
3526 3590
3535 3947
3540 3593
3540 3885
3541 3876
3542 3866
3544 3588
3545 3611
3548 3791
3550 3802
3553 3746
3553 3915
3555 3642
3556 3598
3558 3869
3561 3582
3561 3902
3562 3862
3566 3987
3569 3761
3570 3603
3573 3747
3574 3691
3575 3989
3576 3911
3578 3583
3579 3864
3580 3767
3583 3810
3584 3702
3592 3877
3595 3872
3600 3875
3606 3663
3609 3996
3613 3690
3613 3714
3613 3840
3615 3923
3615 3955
3616 3727
3618 3869
3619 3640
3619 3802
3622 3861
3624 3631
3625 3827
3628 3687
3629 3811
3629 3814
3632 3647
3632 3838
3632 3999
3636 3827
3640 3700
3640 3917
3644 3948
3646 3773
3646 3895
3647 3830
3647 3929
3650 3714
3659 3760
3665 3681
3672 3746
3674 3766
3674 3949
3680 3971
3683 3899
3686 3724
3692 3909
3697 3718
3699 3825
3699 3996
3710 3943
3714 3979
3715 3791
3715 3897
3723 3981
3724 3870
3724 3918
3726 3736
3727 3999
3731 3793
3740 3829
3750 3809
3752 3941
3763 3848
3769 3792
3769 3964
3776 3817
3783 3852
3787 3841
3793 3876
3797 3935
3801 3997
3806 3973
3813 3855
3823 3891
3824 3844
3827 3957
3832 3967
3833 3879
3836 3923
3843 3947
3846 3890
3848 3959
3854 3870
3861 3869
3862 3970
3876 3911
3881 3897
3882 3915
3892 3954
3927 3945
3948 3953
