0 9
0 283
0 371
0 374
0 454
1 65
1 209
1 407
2 25
2 160
2 264
3 60
3 391
4 139
4 260
4 357
5 160
5 171
6 49
6 92
6 224
6 421
7 303
7 337
7 393
7 477
8 158
8 289
8 458
9 17
9 195
9 287
9 290
10 62
11 247
11 274
11 296
11 348
12 52
12 185
12 275
12 379
12 472
13 88
13 92
13 99
13 274
13 420
13 484
14 20
14 149
14 255
14 415
14 466
14 475
15 187
15 199
15 248
15 420
16 453
16 466
16 495
17 38
17 117
17 135
17 197
17 203
17 206
17 342
18 25
18 290
18 493
19 245
19 308
19 359
20 183
20 203
20 258
20 367
21 26
21 157
21 180
21 201
21 312
21 397
22 41
22 269
22 312
22 346
22 362
22 417
22 499
23 213
23 231
24 105
24 179
24 243
24 401
25 77
25 188
25 250
25 319
25 437
26 68
26 373
27 190
27 302
27 318
28 35
28 138
28 299
29 368
29 376
30 103
30 221
30 258
30 333
30 341
30 435
31 81
31 138
31 184
31 210
31 231
32 90
32 206
32 267
32 493
33 44
33 71
33 166
33 430
34 96
35 132
35 193
35 197
35 217
35 269
35 327
35 445
36 49
36 220
37 66
37 73
37 236
37 246
37 314
38 42
38 122
38 262
39 43
39 482
39 490
40 84
40 156
40 200
40 301
40 319
40 360
41 247
41 375
42 99
42 170
42 195
42 304
43 89
43 138
43 257
43 363
43 402
43 442
44 116
44 196
44 203
45 50
45 166
45 206
45 221
45 226
45 274
45 346
45 409
45 442
45 453
45 475
45 496
46 107
46 117
46 254
46 384
47 108
47 198
47 216
48 180
48 469
49 266
50 210
50 230
50 307
50 457
51 235
51 416
51 478
52 367
53 152
53 448
55 91
55 216
55 311
55 331
55 423
55 496
56 61
56 81
56 160
56 305
57 67
57 214
57 272
57 313
57 332
57 354
58 90
58 167
59 274
59 408
60 153
60 189
60 283
60 315
61 112
61 138
61 231
61 237
62 120
62 302
63 197
63 238
63 241
63 269
63 305
64 167
64 224
64 285
64 364
64 396
64 401
65 139
66 79
66 323
67 113
67 133
67 249
67 469
68 492
69 164
69 310
69 337
69 416
70 144
70 438
70 474
71 221
71 244
71 252
71 263
71 277
72 146
72 202
72 252
72 293
72 340
72 345
72 396
73 357
73 359
73 371
74 294
74 323
74 354
74 380
74 390
75 122
75 182
75 314
75 400
76 176
76 184
76 263
77 228
77 263
77 356
77 402
78 92
78 221
78 233
78 300
79 313
79 348
80 149
81 153
81 205
81 260
81 324
81 382
82 230
82 345
82 399
83 191
83 194
83 206
83 463
84 92
84 323
85 115
85 122
85 262
85 318
85 358
85 386
86 183
86 298
86 497
87 100
87 259
87 315
87 440
88 444
89 273
89 411
89 413
90 172
90 342
91 122
91 237
91 349
92 210
92 225
93 277
93 442
93 452
94 253
94 471
95 149
95 156
95 241
95 250
95 315
95 382
95 489
96 177
96 249
96 268
96 496
97 122
97 152
97 250
97 299
97 439
97 482
98 127
98 132
99 123
99 235
99 267
99 482
100 170
100 270
101 126
101 159
101 258
101 284
101 470
102 175
102 304
102 388
102 426
102 480
103 108
103 400
103 437
103 449
103 494
104 110
104 259
104 350
104 402
105 384
106 358
107 172
107 274
107 357
107 476
108 491
109 146
109 233
109 241
109 273
109 334
110 202
110 309
110 384
110 394
111 144
111 209
111 234
111 268
111 337
111 419
112 287
112 405
112 407
113 352
113 495
114 125
114 156
114 248
114 257
114 264
114 276
115 154
115 183
115 201
115 215
115 234
116 224
116 271
116 353
116 446
117 221
117 260
117 279
117 330
117 395
117 400
117 429
118 451
119 152
119 318
119 328
119 431
120 183
120 396
121 345
121 389
122 216
122 236
122 273
124 126
124 269
125 173
125 278
125 378
125 498
126 170
127 178
127 237
127 270
127 338
127 354
127 488
128 206
128 395
128 413
128 479
129 298
129 393
129 413
129 425
129 431
129 449
130 210
130 248
130 257
130 264
130 328
130 336
130 394
130 401
130 411
130 437
130 444
131 167
131 233
131 347
131 492
132 195
132 267
132 367
133 204
133 260
133 278
133 301
133 368
133 483
134 216
134 322
134 389
134 415
135 153
135 163
135 189
135 232
135 458
136 409
137 150
138 141
138 182
138 230
138 233
138 252
138 322
138 435
139 301
139 311
139 438
139 449
139 463
139 476
140 263
140 283
141 169
141 318
141 427
141 432
142 267
142 311
143 219
143 270
143 436
144 462
145 146
145 192
145 202
145 348
145 422
145 454
147 164
147 471
148 182
148 200
148 429
149 195
151 348
152 158
152 168
152 200
152 367
153 179
153 281
153 294
154 208
154 238
154 376
154 430
154 474
155 416
155 421
155 484
156 207
156 320
157 164
157 228
157 252
157 308
157 467
157 485
158 213
158 272
158 457
158 484
159 160
159 266
160 340
160 430
160 470
161 245
162 227
162 244
162 366
162 474
163 179
163 187
164 301
164 477
165 366
165 376
165 414
165 422
166 328
166 408
167 188
168 224
168 308
168 459
168 492
169 285
169 331
169 346
169 355
170 205
170 262
170 410
170 458
171 325
171 361
171 400
172 195
172 242
173 308
173 407
173 434
174 272
174 405
174 464
175 336
175 438
176 177
176 331
177 241
177 312
177 404
177 449
178 355
179 346
179 383
179 397
179 479
180 238
180 309
180 322
180 393
180 410
180 421
181 216
181 237
182 323
182 368
182 483
183 316
183 396
183 403
184 222
184 297
184 439
184 481
186 238
187 349
188 199
188 470
188 475
189 276
190 250
190 349
191 206
192 214
192 258
192 361
192 497
193 375
194 325
194 350
194 391
194 455
195 290
195 305
196 226
197 313
197 328
198 249
198 267
198 350
198 409
199 278
199 393
200 473
201 293
202 281
202 298
202 371
204 210
205 260
205 418
206 319
206 364
207 297
207 497
208 212
208 228
208 401
210 481
211 253
211 302
211 397
211 466
212 388
213 275
214 247
214 365
214 499
216 346
216 357
217 224
218 302
218 343
218 438
219 324
220 256
221 379
222 411
222 434
222 488
223 273
223 294
223 487
224 252
224 276
224 358
226 363
226 395
226 440
226 474
226 475
227 284
227 354
227 410
228 251
229 319
229 426
229 475
229 494
230 345
230 373
231 410
232 266
232 312
232 331
232 489
233 245
233 295
233 299
233 321
233 334
235 267
235 317
236 286
236 297
236 315
237 333
237 434
238 381
239 354
240 468
241 273
241 275
241 333
242 249
242 412
243 383
245 295
246 379
246 462
246 479
247 270
247 383
247 431
247 485
247 496
249 373
249 448
250 410
251 259
251 290
251 415
252 325
252 402
252 406
253 291
253 343
253 363
254 386
254 437
254 463
256 306
256 326
256 360
256 399
256 411
257 288
257 356
257 438
257 446
257 473
258 289
258 322
259 312
259 329
259 387
259 438
259 479
260 312
261 367
261 495
263 270
263 438
264 293
264 430
264 483
265 301
265 377
265 430
266 343
266 386
268 371
268 396
268 436
268 486
269 329
269 494
270 406
271 286
271 350
271 431
272 440
273 285
276 417
276 425
277 372
277 418
277 457
278 425
278 438
279 303
279 418
282 292
282 356
282 434
282 471
282 489
283 340
283 423
284 416
285 297
285 361
286 337
286 338
287 389
287 471
288 363
288 483
289 341
289 434
289 447
289 482
290 381
291 306
291 465
292 340
292 430
293 384
293 485
294 359
294 362
295 320
295 363
296 403
296 423
296 445
296 476
297 498
298 418
299 327
299 390
299 404
300 460
301 400
302 314
303 332
303 352
303 460
304 397
308 318
308 341
309 361
309 410
309 432
310 464
312 319
312 340
312 366
312 371
312 397
312 412
313 380
313 414
313 466
314 399
315 373
315 386
315 421
315 438
315 498
316 341
317 428
320 429
321 326
321 369
321 405
323 364
323 382
324 381
324 462
325 342
325 441
326 429
328 398
328 473
329 479
330 387
331 398
331 453
332 364
332 471
333 394
333 499
334 366
334 463
339 412
339 439
341 391
341 441
341 468
342 382
342 401
342 461
343 423
343 452
344 407
344 415
344 416
345 389
345 434
345 458
347 433
349 388
349 459
350 438
350 470
354 402
354 443
354 447
355 492
360 365
360 377
360 429
362 376
363 477
363 496
365 391
365 460
365 483
368 463
369 418
369 449
369 498
370 375
371 397
371 399
372 386
372 421
373 462
373 475
376 427
376 439
378 436
378 494
380 428
380 466
382 442
382 458
384 466
384 468
385 400
385 448
386 464
386 471
387 441
388 436
388 455
389 411
390 408
390 460
392 407
394 486
394 497
395 459
396 457
398 445
398 457
402 420
402 436
402 450
404 405
404 496
405 408
405 428
405 478
406 475
408 443
410 418
410 456
413 479
414 424
417 485
421 461
421 491
423 492
425 452
425 462
428 474
428 486
429 434
432 445
436 462
437 445
438 474
439 455
439 477
442 459
445 460
445 471
445 482
447 480
447 481
449 475
451 459
453 458
453 487
457 485
458 471
460 482
462 491
463 486
472 487
477 490
487 494
