0 808
0 867
0 1666
0 2146
0 2243
0 2427
1 143
1 1311
2 397
2 2114
2 2577
2 3068
2 3447
3 810
3 1906
4 1171
5 969
5 2730
5 3153
6 655
6 1157
6 1834
6 3432
7 105
7 2953
7 3497
7 3801
8 2770
9 389
9 1485
9 2044
9 3252
9 3291
9 3877
9 3989
10 625
10 2396
11 672
11 1482
11 1697
11 2038
11 2236
11 2441
11 2820
11 3089
11 3272
12 1086
12 1779
12 2207
12 3185
12 3706
12 3745
13 57
13 596
13 1015
13 1045
13 2278
13 2556
13 3348
13 3754
14 1083
15 521
15 1293
16 826
16 1127
16 1642
16 1993
16 2027
16 2124
16 3006
16 3321
16 3771
17 486
17 668
17 3495
18 356
18 2366
18 2711
19 2719
19 3396
19 3697
20 577
20 1873
20 2704
20 3476
21 184
21 1596
21 2009
22 133
22 289
22 510
22 1879
22 3523
23 1321
23 2819
24 532
24 648
24 2156
24 3099
24 3820
25 449
25 1290
25 2116
25 2459
25 2707
26 2079
26 2783
26 2980
27 1552
27 1938
27 2989
28 656
28 3121
28 3861
29 1009
29 2719
30 624
30 1192
30 2646
30 3175
31 1438
31 2271
31 2510
31 2684
32 427
32 1374
32 3139
33 708
33 1633
34 856
34 1077
34 1289
34 2363
34 2508
35 60
35 411
35 1041
35 1082
35 1220
35 1463
35 2606
35 3275
35 3534
36 932
36 2600
36 3947
37 1077
37 1273
37 1441
37 3801
38 95
38 276
38 1226
38 1453
38 1655
38 3431
38 3994
39 249
39 3012
39 3646
40 621
40 1455
40 1768
40 2468
40 2944
40 3197
41 220
41 259
41 1870
41 2315
41 2624
41 2707
41 3348
41 3985
42 1011
42 2241
42 2960
42 3958
43 1542
43 3017
43 3468
44 296
44 3181
44 3679
44 3723
45 72
45 754
45 1118
45 2959
45 3011
45 3855
46 178
46 539
46 555
46 847
46 970
46 1277
46 2525
46 2556
47 911
47 1663
47 3174
47 3774
48 128
48 354
48 445
48 1207
48 2994
48 3267
49 527
49 1385
49 1486
49 1887
50 3647
51 256
51 601
51 766
51 1379
52 1356
52 2422
52 2866
53 387
53 997
53 1923
53 3628
54 153
54 170
54 193
54 659
54 1398
54 1423
54 2245
54 3650
55 612
55 1645
55 2278
55 2843
56 1134
56 1571
56 2043
57 158
57 2664
57 3744
58 896
58 1127
58 1781
58 1935
59 975
59 3458
60 110
60 397
60 1059
60 2786
60 3126
60 3880
61 388
61 459
61 2173
61 3316
61 3898
62 1733
62 1790
62 3074
64 116
64 247
64 652
64 3109
65 1489
65 2145
65 2485
66 76
66 332
66 516
66 1219
66 3612
66 3928
67 420
67 866
67 1309
67 1457
68 1476
68 2155
69 2356
70 396
70 422
70 2315
70 3278
70 3406
70 3923
71 103
71 666
71 3723
71 3892
72 2540
73 1463
73 1511
73 2411
73 3129
73 3881
74 104
74 365
74 1949
74 3933
75 2137
75 3538
75 3979
76 480
76 1298
76 2386
76 3113
77 419
77 3534
78 2160
79 882
79 1315
79 2210
80 1882
80 2959
80 3789
81 566
81 1699
81 2921
82 2096
82 3089
83 818
83 1216
83 1374
84 1351
84 2731
84 2794
84 3742
85 919
87 2877
88 714
88 1381
88 1944
89 1770
90 2770
90 3263
91 259
91 1214
91 1593
91 2438
91 2882
92 816
92 842
92 2238
93 1231
93 1762
93 3098
93 3304
93 3570
94 2677
94 2966
94 3053
94 3311
94 3910
94 3938
95 641
95 988
95 998
95 1152
95 1774
96 103
96 511
96 2475
96 2587
96 2645
96 3093
96 3548
97 930
97 1506
97 1750
97 2186
97 3701
98 1151
98 1268
98 1299
98 2422
98 3054
99 420
99 468
99 2140
99 2146
99 2238
99 2803
99 3839
100 863
100 2431
100 2960
100 3287
101 828
101 1825
101 2999
101 3025
101 3571
102 1893
102 2769
103 721
103 1856
103 1884
103 2251
104 940
104 2119
104 2501
105 157
105 582
105 1653
105 1699
105 2275
105 2816
105 3068
105 3813
105 3933
106 3043
106 3598
107 230
107 478
107 1540
107 3857
108 360
108 806
108 2078
108 2294
108 2401
108 2911
108 3452
109 829
109 1451
109 1652
110 2921
111 303
111 543
111 866
111 2917
112 183
112 398
112 721
112 871
112 2151
112 3276
112 3707
113 560
113 2672
113 3366
114 3071
114 3276
115 1793
116 1181
116 3990
117 191
117 3580
118 248
118 1233
118 2881
118 3569
118 3859
119 1052
119 1602
119 3135
120 815
120 1404
120 1808
120 2250
120 3556
120 3676
121 1240
121 2456
122 1039
122 1087
123 829
123 2305
123 2721
124 2287
124 2467
124 2668
124 3159
125 1685
125 1752
125 3164
125 3656
126 384
126 1514
126 2943
126 3996
127 1104
127 1173
127 1545
127 2022
127 2695
127 2748
127 3437
127 3533
128 210
128 1024
128 3001
129 2590
129 3272
130 1601
130 1766
130 3587
131 1615
131 2096
131 2954
131 3268
132 1379
132 2658
132 3459
133 147
133 201
133 352
133 357
133 407
133 466
133 846
133 2646
133 2959
133 3824
134 714
134 1568
134 3246
134 3748
135 914
135 1088
135 1531
135 3716
136 829
137 772
137 1605
137 2412
138 336
138 1183
138 1896
138 2070
138 2396
138 2663
138 3029
138 3166
139 886
139 1773
139 1797
139 2009
139 2351
139 2522
140 916
140 1430
140 3021
140 3290
141 1702
142 2141
142 2197
142 2899
142 3054
142 3417
143 1767
143 2126
143 2484
143 3467
143 3908
143 3948
144 1890
144 3589
145 1415
145 2754
145 3629
146 447
146 1060
146 1198
146 2774
147 3766
148 1098
148 1253
148 1542
148 2310
148 3866
149 263
149 814
149 1859
149 3479
149 3516
150 466
150 1125
150 2741
150 2868
150 3736
151 2406
151 3911
152 730
152 1660
152 2790
153 2216
153 3443
154 197
154 2510
154 3577
155 659
155 3576
155 3612
156 576
156 732
156 2212
157 361
157 538
157 1815
158 1170
158 1573
158 1837
158 2804
159 909
159 1307
159 1374
159 1691
159 1879
159 2342
159 3227
159 3745
160 191
160 862
160 1760
160 2054
160 2614
160 3109
161 2599
161 3243
161 3900
162 1091
162 1325
162 1882
162 3557
162 3882
163 731
163 3563
164 1120
164 1267
164 1405
164 1420
164 1838
164 1951
164 3010
165 650
165 1209
165 1494
165 2493
165 3046
165 3365
166 280
166 764
166 1403
166 3837
167 279
167 2299
167 2386
168 850
168 1546
168 3948
169 473
169 729
169 1210
169 1261
169 1512
169 1538
170 2212
170 2366
170 3236
170 3729
171 261
171 1069
171 1690
171 2013
171 2141
171 2816
171 2849
173 316
173 982
173 1560
173 1667
173 2723
173 3244
174 554
174 2401
174 2723
174 3100
174 3147
174 3315
175 507
176 481
176 1471
176 1501
177 353
177 462
177 740
177 3240
177 3758
177 3862
178 2369
178 3021
179 255
179 709
179 3084
179 3158
179 3440
180 235
180 2194
180 2824
180 3231
181 1946
181 2119
181 2385
182 508
182 1012
182 1732
182 2870
183 3442
184 407
184 1960
184 3024
185 3475
185 3894
186 226
186 1562
186 1791
186 3284
186 3584
187 1028
187 1702
187 2670
187 3868
188 1495
188 3033
189 650
189 822
189 1562
189 2192
189 3516
190 857
190 1433
191 1437
191 3124
192 196
192 1113
192 2790
192 3027
192 3787
193 1879
193 3570
194 843
194 2038
194 3211
196 2642
196 3480
196 3489
197 315
197 1372
197 2438
197 2900
197 3850
198 245
198 2496
198 2970
199 678
199 1856
199 1869
199 2870
199 3924
200 3938
201 773
201 2855
201 3143
202 378
202 697
202 1011
202 1022
202 1107
202 1583
202 1748
202 3159
203 1091
203 1577
203 2087
203 2647
203 2946
203 3732
204 427
204 1197
204 2783
204 3300
204 3899
205 1103
205 1638
205 1970
205 2516
205 2975
205 3568
206 321
206 1278
206 1364
206 1520
207 1560
207 2869
207 3325
207 3728
208 757
208 1135
208 3658
209 1304
209 2067
209 3746
210 250
210 328
210 503
210 2134
210 2424
210 2459
210 3901
211 410
211 1338
211 3147
211 3882
212 2219
212 2849
212 3334
213 310
213 1955
213 2435
213 3010
213 3709
213 3724
214 2381
214 3583
215 800
215 1743
215 3702
217 1087
217 2237
217 2398
217 3352
218 1612
218 3045
218 3354
218 3671
219 2134
219 2686
219 3386
220 542
220 992
220 1899
220 2093
220 3501
221 327
221 753
221 817
221 1224
222 515
222 3339
223 864
223 1012
223 2817
224 2179
225 1733
225 1778
225 2886
225 3432
226 1202
226 1377
226 2069
227 2796
227 3070
228 791
228 2319
228 2409
228 3023
228 3870
229 728
229 2186
229 2881
229 3152
230 1138
230 1147
230 2244
230 2807
231 599
231 1879
231 2176
231 2525
231 2795
232 270
232 603
232 673
232 2336
233 834
233 2025
233 2857
234 322
234 452
234 978
234 1415
234 1615
234 1802
234 2288
234 2840
235 470
235 1537
235 2166
235 2422
235 2975
235 3133
236 989
236 2251
236 2603
236 3213
236 3826
237 811
237 3418
238 383
238 1277
238 1415
238 1829
238 3387
239 2279
239 3004
239 3042
239 3115
239 3851
240 1026
240 1765
240 3675
240 3893
241 401
241 815
241 911
241 1346
241 2483
241 2937
242 680
242 1046
242 1080
243 278
243 451
243 1999
244 1925
244 1946
244 2709
245 1023
245 1389
245 2049
245 3274
245 3417
246 1373
246 1469
246 1553
246 1958
246 2525
246 3646
246 3974
247 2098
247 3271
248 522
248 1526
248 2567
249 500
249 1123
249 2056
249 2766
249 3433
250 681
250 1743
250 2703
250 2888
251 1659
251 1865
251 3259
251 3510
252 1326
252 3533
253 471
253 605
253 1465
253 2773
253 3054
253 3521
253 3661
253 3776
254 269
254 1496
254 2733
254 3489
255 858
255 1162
255 1417
255 1838
255 2253
256 3366
256 3883
257 345
257 1951
257 3068
257 3563
258 1323
258 2106
258 2137
258 3060
258 3665
259 1797
259 1844
259 2167
260 709
260 2581
260 2930
260 3526
261 2600
261 3284
261 3780
263 948
263 1357
263 2719
263 2776
263 2893
263 2938
263 3297
264 270
264 817
264 3213
264 3359
265 827
265 1672
265 2318
265 3890
266 577
266 1319
266 3603
267 1028
267 1252
267 1636
267 2854
267 2883
267 3422
268 541
268 545
268 1956
268 2498
268 3388
268 3895
269 554
269 2001
269 2071
270 1520
270 2350
270 3534
271 926
271 1926
271 2367
271 3212
271 3491
272 345
272 617
272 1766
272 3237
274 474
274 1404
274 1420
274 1925
274 2202
274 2339
274 2659
275 591
275 690
275 782
275 2088
275 3174
276 898
276 3584
276 3713
277 1369
277 2474
277 3614
277 3778
278 974
278 1187
278 3347
278 3636
279 3571
279 3636
280 642
280 1304
281 1087
281 1456
281 3508
281 3928
282 505
282 619
282 1050
282 1342
282 1466
282 2867
282 2890
282 3228
282 3453
283 309
283 1369
283 3180
283 3337
283 3566
284 2813
284 3330
285 666
285 1441
286 1542
286 2640
287 577
287 2831
287 3317
288 892
288 3311
289 983
289 1346
289 1630
289 3530
290 1032
291 1474
291 1830
292 1199
292 2149
292 2255
292 3777
293 493
293 2795
293 3662
294 1307
294 1740
294 3970
295 340
295 508
295 1621
295 2334
296 942
296 2334
296 2753
296 3471
297 366
297 2082
297 2466
298 424
298 2000
298 2059
299 1404
299 3243
300 2103
300 2128
300 2905
300 3333
301 668
301 1967
301 2102
301 2947
302 1656
302 1921
303 1935
303 2087
303 2809
303 3058
304 624
304 1479
304 1914
304 3033
305 1179
306 931
306 1977
306 2191
306 2838
306 3257
307 1029
307 1194
307 1447
307 2552
307 3372
307 3564
308 811
308 3326
309 2208
310 921
310 1994
310 3510
310 3623
311 890
311 2777
311 2868
311 3440
312 868
312 2147
312 2485
313 600
313 772
313 808
313 890
313 1327
314 3288
315 450
315 2640
315 2946
315 3492
316 591
316 2045
316 2629
316 3310
317 621
317 1435
318 513
318 1643
318 1715
319 377
319 675
319 1295
320 2181
320 2358
321 575
321 938
321 1420
321 2046
321 2176
321 3690
323 1102
323 1741
323 2526
323 2691
323 3158
324 1381
324 2610
324 3501
324 3617
325 1965
325 2915
325 3554
325 3597
325 3739
326 1870
327 973
327 1253
327 1627
327 3229
327 3937
328 1383
328 1576
328 2212
328 3225
328 3227
328 3520
329 2015
329 2712
329 2808
329 3726
330 2539
330 3146
331 892
331 959
331 1022
331 1660
331 1776
331 1916
331 1937
331 2142
331 2865
331 3616
331 3730
331 3796
332 1182
332 1945
333 356
333 1330
333 1510
333 1511
333 2704
333 3081
333 3911
334 1808
334 2654
334 3617
335 598
335 1316
335 2003
335 2843
336 1705
337 1494
337 2167
338 1202
338 1867
338 2475
338 3575
338 3719
339 441
339 1341
339 2131
340 601
340 1076
340 2055
341 1141
341 1342
341 1382
341 1603
341 2220
342 551
342 654
342 1317
342 2281
342 2737
342 2912
342 3120
342 3545
342 3994
343 1093
343 1337
343 2224
343 3880
344 785
344 932
345 3864
345 3963
346 1997
347 1308
347 1493
347 2114
347 2235
347 2388
347 2896
347 3205
347 3249
348 822
348 1221
349 726
349 919
349 1024
349 1357
349 2592
349 2907
349 3037
350 1421
350 2418
351 893
351 1270
351 1349
352 1522
352 1663
353 986
353 2148
353 3163
354 1500
354 1601
354 1924
354 3329
355 1635
355 1769
356 3266
356 3490
356 3678
357 2337
357 3869
358 734
358 913
358 2378
358 2635
358 3358
359 3012
359 3892
360 768
360 817
360 2301
360 3046
361 1640
361 2961
361 3181
362 1640
363 1467
363 1727
363 2482
363 3743
364 3972
365 2206
365 2711
366 779
366 906
366 1353
366 2745
367 379
367 400
367 473
367 2339
368 616
368 1518
368 3110
369 478
369 685
369 1737
369 2621
369 3089
369 3803
370 724
370 1862
371 597
371 795
371 1628
371 2623
371 3709
371 3938
372 600
372 680
372 823
372 1779
373 2784
373 2921
373 3417
374 988
374 2020
374 2210
374 3300
375 1067
375 1074
375 1122
375 1321
375 2554
376 725
376 1516
376 1918
376 1927
376 2084
377 3006
377 3519
378 399
378 911
378 1282
378 1322
378 3674
379 3207
379 3975
380 1627
380 2950
380 3332
380 3428
380 3435
380 3637
380 3862
381 939
381 1197
381 1715
381 1746
381 2670
381 3334
381 3379
382 3025
382 3084
383 548
383 561
383 724
383 1430
383 1488
383 2190
383 3021
383 3593
383 3678
384 2280
384 2477
385 1035
385 1827
385 2428
385 3748
386 1022
386 2836
387 528
387 2267
387 3498
388 1763
388 2952
389 1660
390 2774
390 3114
390 3847
391 975
391 1042
391 1462
391 1953
391 2231
391 3489
392 2375
393 1479
393 2151
393 3217
394 1085
394 2054
394 3007
395 2415
396 965
396 1259
396 1627
396 2242
396 2300
397 1881
398 787
398 2436
398 3780
399 551
399 683
399 1510
399 1531
399 3444
399 3775
400 2113
400 2441
400 3703
401 435
401 641
401 1211
401 1807
401 3322
401 3747
402 1405
403 2774
403 3729
404 1936
404 1966
404 3841
405 923
405 1352
406 1505
406 2010
406 2031
407 711
407 1584
407 2981
407 3483
408 656
408 819
408 1521
408 2943
408 3324
409 3991
410 1473
410 1674
410 2449
410 2608
410 2911
411 2420
411 3229
412 547
412 1299
412 1407
412 3325
412 3478
413 789
413 2849
413 3595
413 3598
413 3784
413 3791
414 856
414 2891
415 657
415 1202
415 1523
415 2198
415 2280
415 2409
415 2417
415 3153
416 1992
416 3494
417 1247
417 2154
418 1099
418 1223
418 3577
418 3613
418 3915
419 2620
419 3594
420 917
420 1692
420 1865
420 3111
421 546
421 824
421 1697
421 3061
421 3814
422 1143
422 1916
423 664
423 830
423 1511
423 2022
424 680
424 2968
425 859
425 1249
425 1977
425 3316
426 3393
427 1336
427 1610
427 1613
427 2534
427 2704
428 1139
428 1772
428 2330
429 734
429 1322
429 2142
429 2189
429 3082
430 1564
430 3042
430 3792
430 3906
431 775
431 914
431 1878
431 2525
432 1264
432 1481
432 2427
432 3083
433 682
433 1209
433 1553
433 1689
433 2117
434 1348
434 2683
434 2851
434 3004
435 537
435 3301
435 3357
436 1590
436 3580
437 1385
437 1953
438 2066
438 2564
438 2812
438 3804
439 1377
439 1457
439 1733
439 3819
440 2393
440 2427
440 2688
440 3146
440 3359
440 3510
441 532
441 562
441 578
441 1401
441 3030
441 3311
441 3622
441 3960
442 802
442 887
442 2862
442 3839
443 565
443 1751
443 2452
443 2637
443 3005
444 692
444 1033
444 1241
444 1941
445 1038
445 2364
445 2808
445 3809
446 566
446 1120
446 1852
446 2145
446 2462
447 522
447 592
447 2127
447 2398
447 2656
448 1436
448 1473
448 2688
448 2838
449 609
449 628
449 2244
449 2924
450 1145
450 1619
450 1944
451 1934
451 3954
452 934
453 941
453 1366
453 3308
453 3324
453 3919
454 1944
454 3124
455 1299
455 2025
455 3442
456 624
456 1707
456 2188
456 2468
457 1547
457 2485
457 2939
457 3052
458 883
458 1183
458 1324
458 1716
458 2243
458 3148
459 1369
459 2720
459 2848
459 3185
460 1403
460 2239
460 2322
461 2274
461 3219
461 3589
462 2476
463 1103
463 1453
463 1464
463 1471
463 2097
463 3620
464 702
464 781
464 789
464 893
464 2574
464 3095
464 3151
465 844
465 2077
465 2864
466 1147
466 1551
466 2549
466 3856
467 627
467 2165
467 2850
467 3008
468 1072
468 2576
468 3375
469 1166
470 703
470 1842
470 2013
470 2953
470 3817
470 3985
470 3999
471 1680
471 2096
471 3674
472 2223
472 2573
472 3077
472 3276
472 3747
473 597
474 1965
474 2117
474 2424
474 3014
474 3628
474 3990
475 3432
475 3740
476 536
476 760
476 1016
476 3469
476 3747
476 3849
477 1519
477 1537
477 2292
477 2499
478 1120
478 3443
478 3916
479 936
479 3660
480 485
480 682
480 727
480 906
480 985
480 2323
480 3132
480 3338
481 2714
481 3528
482 1521
482 2442
482 3483
483 549
483 2201
484 1523
484 1670
484 2051
485 3887
485 3911
486 610
486 948
486 1327
486 3816
487 541
487 824
487 854
487 1561
487 2004
487 3098
488 615
488 1344
488 1372
488 1879
488 2267
488 2808
489 709
489 942
489 1399
489 3206
490 993
490 1031
490 3595
490 3758
491 725
491 3094
491 3861
492 1789
492 2325
492 2355
493 1380
493 3213
493 3777
494 1837
494 3062
494 3858
495 824
495 2669
495 2858
495 2884
495 2917
495 2995
495 3103
495 3261
496 861
496 2429
496 3893
497 895
497 1283
497 2120
497 2827
497 3088
497 3678
498 585
498 1691
498 3928
499 569
499 929
499 1425
499 3779
500 2984
501 1339
501 2176
501 2543
501 3056
501 3114
501 3356
501 3879
503 1545
503 2856
503 3402
504 1018
504 2271
504 2405
504 3064
504 3812
505 901
505 2082
505 2556
505 2677
505 2682
507 2699
508 938
508 1124
508 1439
508 2079
508 2271
508 2472
508 2506
508 3736
509 2748
509 3415
510 1070
510 1732
510 3698
511 858
511 1368
511 2180
511 2284
511 2606
512 2217
512 2422
512 2644
512 3447
513 765
513 3050
514 848
514 1302
514 2553
514 3256
515 522
515 2426
515 2527
516 1054
516 1241
516 2542
516 3717
517 801
517 1338
517 1551
517 2045
517 2735
517 2807
517 3274
517 3729
518 1938
518 3116
518 3204
519 633
519 1723
519 2362
519 3364
519 3476
520 1273
520 1376
520 2378
520 3209
521 2716
521 3008
521 3286
522 2358
522 3087
522 3277
523 1745
524 637
524 708
524 3156
525 568
525 1249
525 1303
525 3436
526 1123
526 2319
527 829
527 1299
527 1345
527 3907
528 1878
528 1950
528 2001
528 3562
529 2201
529 2688
530 1576
530 2031
530 3289
530 3744
531 1096
531 1390
531 1663
531 1798
531 2256
531 2778
531 3005
532 1264
532 1632
532 1641
532 2533
533 1980
533 2703
533 2726
533 2935
533 3252
533 3403
534 1069
534 2538
534 3849
535 937
535 1872
535 3679
536 1409
536 2300
536 2456
536 3465
536 3695
537 959
537 984
537 1765
537 2699
537 3699
538 1522
538 2266
538 2611
539 1074
539 2135
539 2406
539 3117
539 3249
540 817
540 839
540 995
540 1745
540 2388
540 3034
540 3326
541 796
541 1252
541 2499
542 731
542 827
542 993
542 1170
542 1381
542 2109
542 2452
542 3886
543 560
543 3165
544 932
544 2059
544 2856
544 3982
545 1419
545 1708
545 2393
545 2519
545 2578
545 3246
547 1128
547 1918
547 3800
548 808
548 2072
548 2921
549 3345
549 3518
549 3809
550 1931
551 1117
551 3200
551 3819
552 931
552 1933
552 3200
553 1042
553 1490
553 2212
553 2501
554 1065
554 1568
554 1692
554 2382
555 1185
555 2200
555 2715
555 3206
556 810
556 3979
557 2256
557 2549
557 3008
558 2155
558 3920
559 1534
559 3395
559 3787
560 1381
561 1065
561 1112
561 1448
561 2122
561 3059
561 3646
561 3701
561 3768
561 3908
562 811
562 1528
562 1644
562 2567
562 2897
563 1363
563 2198
563 2520
563 2869
563 2981
563 3775
563 3943
564 845
564 1112
564 1477
564 1511
564 3299
565 1626
565 2260
565 2299
565 3002
565 3587
566 1521
566 1895
566 2639
567 2387
567 2941
567 3492
567 3722
568 592
568 1791
568 2016
568 2042
568 2531
568 2654
568 3198
569 728
569 2420
569 2552
569 3026
569 3800
571 1806
571 2264
571 3517
571 3711
572 2862
573 1573
573 2930
574 1418
574 1988
574 2962
574 3130
574 3359
574 3581
575 2225
575 3085
576 2019
576 3519
576 3571
577 1425
577 1832
577 1834
578 725
578 1041
578 1620
578 1831
579 871
579 1331
579 1355
579 2653
579 3830
580 1787
580 2778
580 3078
580 3641
580 3802
581 838
581 2538
582 3131
583 2883
583 2928
584 1270
584 1975
584 2652
584 3828
586 1296
586 1601
586 3908
587 655
587 671
587 1353
587 1669
587 3680
587 3686
587 3873
588 1021
588 3848
589 1573
589 2056
589 3285
590 2090
590 3214
590 3219
590 3500
590 3711
591 1079
591 3890
592 1706
592 2457
592 2536
593 710
593 896
593 1184
593 3459
593 3678
594 1319
594 2288
594 2468
594 3643
595 725
595 1304
595 1462
595 3656
596 3133
596 3848
597 2398
597 3612
597 3660
598 1521
598 2063
598 3767
599 1001
599 1010
599 1358
599 2546
599 3430
600 2954
600 3220
601 2188
601 2559
602 1443
602 3050
602 3826
603 705
603 1965
603 2763
603 3224
604 2127
604 3482
605 1693
606 1147
606 2291
606 2673
606 3648
607 1110
607 2643
608 1026
608 1347
608 3317
608 3477
609 2196
609 2395
609 2720
610 906
610 1572
610 1858
610 2359
612 1795
612 3681
612 3979
613 664
613 713
613 1734
613 1848
613 1897
613 2500
614 761
614 1753
614 2175
614 3558
615 1481
615 1780
615 3256
615 3318
615 3661
615 3724
616 1708
616 2662
616 2698
616 2791
616 3347
616 3650
616 3835
617 3138
617 3177
617 3741
619 1158
619 3878
620 656
620 914
620 1024
620 1131
620 1511
620 2199
620 2835
620 2865
620 3215
620 3729
621 762
621 3483
621 3690
622 773
622 3288
622 3971
623 2069
623 2588
623 2781
623 3287
623 3702
624 797
624 1445
624 1474
624 1697
625 2099
625 3039
626 1985
626 2055
626 2726
626 3091
626 3186
626 3905
627 1576
627 2666
627 2706
627 3482
628 1750
628 2092
628 2151
628 3301
629 1503
629 2204
629 3715
630 1533
630 3095
630 3461
630 3501
631 809
631 1159
631 1465
631 2087
631 2106
631 2638
632 724
632 1456
632 2627
633 1187
633 1533
633 3430
634 1353
634 1439
634 2257
634 2923
634 3913
635 1269
635 3707
636 959
636 1676
636 2655
636 3501
636 3888
638 853
638 2177
638 2489
638 2766
638 3005
639 3370
640 2794
641 814
641 998
641 2247
642 1333
642 2989
642 3286
643 2277
643 3677
643 3833
644 829
644 882
644 1257
644 2797
644 3729
645 987
645 1247
645 1535
645 1567
645 2142
646 799
646 2072
647 2620
647 3462
648 771
648 1658
648 1949
648 2509
648 3445
649 2649
649 3406
650 707
650 3090
650 3231
651 1561
651 2233
651 2307
652 1946
652 3262
652 3805
653 1565
653 1962
653 2542
653 2787
653 3184
654 2293
655 756
655 941
655 1386
655 3485
656 903
656 1588
656 2144
656 2761
656 3487
656 3565
656 3631
657 896
657 1962
657 2146
657 2562
657 3637
658 874
658 3748
659 1518
659 1917
659 2190
659 3648
660 1005
660 1026
660 1417
661 1078
661 1637
661 2312
661 3660
662 884
662 3473
663 1394
663 1758
663 2398
663 2618
663 3017
663 3941
664 668
664 2001
664 3776
665 780
665 868
665 1605
665 1864
665 2266
665 2382
666 1407
666 1732
666 1932
667 2023
667 2182
667 2702
667 3531
668 1087
668 1400
668 3003
668 3378
668 3663
669 2085
669 2645
669 3197
669 3616
669 3632
669 3835
670 1121
670 1132
670 2228
670 2451
670 3417
670 3902
671 1624
671 1938
671 2379
671 2951
671 3084
672 736
672 1114
672 1261
672 2303
673 836
673 1012
673 1186
673 1497
673 2311
673 2328
674 701
674 1179
674 3117
675 1817
675 2176
675 2316
675 2985
675 3321
676 1356
676 3427
677 2999
677 3710
678 1558
678 1977
678 2099
678 3370
679 1496
679 2356
680 2209
680 2226
680 3441
680 3590
681 808
681 915
681 2742
681 3343
681 3911
682 950
682 993
682 1133
682 1421
682 2821
682 2921
682 3410
683 2000
683 2159
683 2422
684 1059
684 1771
684 3169
685 1048
685 2069
685 2527
685 2814
686 758
686 1893
687 1424
687 1871
687 3990
688 1140
688 1998
689 1638
689 2149
689 2453
689 3161
690 1532
690 1708
690 3868
691 1469
691 2870
691 3166
692 2539
692 2786
692 2907
693 1210
694 907
694 1841
696 739
697 1807
697 2438
697 2449
697 3750
698 765
698 1513
698 1852
698 2069
698 3177
699 777
699 1300
699 2759
700 2336
700 2455
700 3272
701 1395
702 1224
702 2928
702 3146
703 1073
703 1594
704 2043
704 2619
704 2717
704 3447
705 2541
706 1476
706 2219
706 2388
706 2723
706 2881
706 3453
707 1043
707 2694
707 3004
707 3233
707 3356
707 3953
708 1350
708 1771
708 1888
708 1973
708 2939
709 2686
709 3625
710 1778
710 2142
710 3397
711 1635
711 2309
712 2096
713 1232
713 1498
713 1545
713 1851
713 2175
713 3105
713 3446
714 1238
714 1298
714 1351
714 2976
714 3775
714 3951
715 770
715 2920
716 1653
716 1984
716 3025
716 3769
717 2610
717 3045
717 3964
718 813
718 1056
718 3128
719 1944
719 1998
719 2197
719 2446
719 3625
721 779
721 1775
721 2982
721 3466
722 776
722 1263
722 2012
723 729
724 1491
724 1790
724 1966
724 2756
724 3993
725 2862
725 3638
726 1546
726 2750
726 2830
727 2437
727 2636
728 2155
728 3503
728 3566
729 1588
730 1787
730 1970
730 2725
730 3219
730 3228
731 1234
731 1278
731 2417
731 3012
731 3746
732 848
732 1817
732 2727
732 3810
733 892
733 1288
733 2076
733 2705
734 1388
734 3245
734 3293
734 3807
735 2305
735 2398
735 2532
735 2582
735 2820
735 3366
735 3616
736 1284
736 1540
736 2050
736 2065
736 3325
737 962
737 2057
737 2187
737 2751
737 3343
738 2264
738 3406
739 2580
739 2746
739 2913
739 3922
740 1381
740 1492
740 1750
741 1221
741 1559
741 3974
742 2022
742 2364
742 3449
743 2625
743 3378
744 3423
744 3945
745 1097
745 1106
745 1887
746 1945
746 1959
747 1607
747 2651
747 3567
748 1103
748 1282
748 1708
750 822
750 2337
750 3239
751 1679
751 2270
751 2401
751 2665
752 902
752 968
752 1078
752 1301
752 2083
753 1214
753 2404
753 2605
754 1250
754 2669
754 3077
754 3437
754 3759
754 3955
755 776
755 1646
755 2137
755 2385
755 3471
756 1337
756 1742
756 1750
756 3843
757 2724
757 3531
758 2589
758 2973
758 3407
759 2118
759 2731
759 3982
760 992
760 2352
760 2578
760 2884
761 3427
762 2876
762 3029
763 1248
763 1586
763 3362
765 2612
765 3879
766 1943
766 2781
766 2934
766 3932
768 1992
768 2251
768 2571
768 2716
768 3232
769 1053
769 3557
770 1205
770 2955
770 3086
770 3313
770 3438
771 2474
772 1689
774 1012
774 2688
775 836
775 3860
776 1125
776 3151
776 3709
776 3956
777 2752
777 3837
777 3891
778 1234
778 1304
778 1384
778 1600
779 3352
779 3589
779 3727
781 926
781 2177
781 2846
781 3220
782 2940
782 3023
783 1819
783 1982
783 2042
783 2804
783 2821
784 928
784 1503
784 1784
784 1887
784 2091
784 2593
785 863
785 3909
786 2059
786 2601
786 3232
786 3343
786 3681
787 966
787 1409
787 2122
787 3549
788 2388
788 2502
788 2753
789 2044
789 2077
789 2223
789 2953
789 3321
790 1650
790 2095
790 2421
790 3520
790 3929
791 814
791 1150
791 1706
791 2342
791 3477
792 1086
792 2391
792 2858
792 2957
793 1003
793 2019
793 3245
793 3328
793 3597
794 892
795 2848
795 3572
795 3603
796 1945
796 2141
796 3485
797 1609
797 2049
797 2846
797 3334
797 3495
797 3771
797 3998
798 2685
798 2716
798 2971
798 3931
799 1519
799 1539
799 2012
799 3116
799 3776
800 1396
800 3586
800 3663
800 3889
801 948
801 1200
801 1396
801 2120
801 2846
801 3080
802 1186
802 2813
802 2994
802 3583
803 880
803 991
803 1003
803 2455
803 2620
803 3248
804 2128
804 2496
806 1070
806 2581
806 3853
807 926
807 985
807 1437
807 2253
807 2957
808 955
808 1037
808 1930
808 2815
808 2901
809 1107
809 1350
809 2398
809 2482
809 2766
809 2968
809 3645
810 990
810 1783
810 2613
810 3667
811 866
811 3208
811 3513
812 1172
812 1493
812 3090
812 3751
813 2819
813 3921
813 3961
814 1721
814 2831
814 3197
814 3597
814 3987
815 2044
815 3429
816 836
817 1195
817 1568
817 1728
817 2217
817 2898
817 3969
818 1378
818 1854
818 3373
818 3950
820 1090
820 1545
820 3516
821 1052
822 1314
822 1704
822 1706
822 2319
822 2710
822 3209
823 2422
823 2629
823 2830
824 1108
824 1283
824 1617
824 2338
825 1812
825 1860
825 2631
825 3542
825 3790
826 2985
827 2316
827 2853
827 3009
827 3042
827 3254
827 3464
827 3607
828 2430
828 2492
828 2716
829 2490
830 1507
830 1871
830 2404
831 2386
832 1115
832 1167
832 1359
832 1762
832 3178
834 1168
834 1976
834 2069
834 2270
834 2735
835 2865
836 1653
836 2250
836 2290
836 3224
837 1767
837 2956
837 3604
838 1573
838 3168
838 3218
838 3492
839 1438
839 1496
839 1760
839 2779
839 3674
840 899
840 3505
840 3648
841 908
841 1233
841 1278
841 1632
841 1995
841 3302
841 3971
842 2867
842 2995
843 859
843 2271
843 3121
844 1907
844 2870
844 3734
845 954
845 1355
845 2058
845 2323
845 3378
845 3977
846 2131
846 3265
846 3759
847 1464
847 2088
847 3628
848 1015
848 1668
848 1721
848 2700
848 3059
849 974
849 2150
849 2399
849 2531
849 3287
849 3391
850 1428
850 2127
850 2865
850 3446
851 3147
853 949
853 1183
853 1205
853 2898
853 3114
853 3561
855 1240
855 1795
855 2940
855 3107
855 3909
856 1229
857 1261
857 1776
857 1963
857 2757
857 2827
857 3842
857 3917
858 898
858 1553
858 2193
858 3045
858 3480
858 3844
859 1243
860 1944
861 1310
861 2153
862 2210
862 2762
862 2917
862 3086
862 3781
863 3604
864 2392
865 1583
865 2037
865 3060
866 1209
866 1445
866 1672
866 2615
867 2171
868 1444
868 2373
868 2424
868 3865
869 1776
869 2825
870 1607
870 2044
870 2951
870 3655
871 1274
871 1526
871 1679
871 2271
871 2513
872 1825
872 3147
872 3220
874 2095
875 3123
875 3524
876 894
876 997
876 1358
876 3193
876 3263
877 1296
877 2298
877 2789
878 995
878 3793
879 2633
879 2759
879 2777
879 3426
879 3563
879 3910
880 1737
880 2531
880 3821
881 915
881 2514
881 2772
881 3171
881 3936
882 1438
882 3875
883 1400
883 1585
883 1644
883 2407
883 3749
884 928
884 1774
884 2472
884 2812
884 3833
885 1564
886 3204
886 3562
886 3714
887 1338
887 1950
887 2362
887 2764
887 3752
887 3775
887 3860
888 997
888 2046
888 3464
888 3492
889 3118
889 3138
889 3711
890 2677
890 2723
890 3377
890 3946
891 1149
891 1318
891 1492
891 2687
892 3655
894 1844
894 2390
895 1570
895 2247
895 2916
895 3562
896 1841
896 3025
896 3090
897 1730
897 1839
897 3372
897 3951
899 1386
899 1664
899 3916
900 1121
900 1334
900 2335
900 2498
900 2630
900 3076
901 1773
901 2963
901 3172
901 3185
901 3558
901 3575
902 1078
902 1782
902 3685
903 2304
903 2605
904 1600
904 1971
904 2096
904 2703
905 1890
905 2488
905 2615
905 2704
905 2907
906 1571
906 3093
907 2045
907 2294
907 3075
907 3214
907 3840
908 987
908 1765
908 1816
908 2269
908 2311
909 1499
909 1640
909 2736
910 1477
910 1568
910 1908
910 2763
911 2033
911 2324
911 2446
912 1171
912 2051
912 3852
913 1273
913 1276
913 1498
913 2517
913 3967
914 2411
914 2741
914 3278
915 2858
915 3286
916 1016
916 1071
916 1339
916 2809
916 2862
916 3139
917 1271
917 1276
917 3247
918 1022
918 1524
918 2487
919 1067
919 1152
919 1995
919 2071
920 982
920 1520
920 2577
920 2987
920 3101
920 3480
920 3701
920 3882
922 2098
922 2459
922 3228
922 3516
922 3740
923 1616
923 2903
925 1025
925 2051
925 2914
925 3197
926 1508
926 2035
926 2103
926 3360
927 1312
927 2393
927 3851
928 1922
928 2214
928 2385
928 3149
929 1376
929 2271
930 1840
930 2666
931 1137
931 1157
931 1296
931 1442
931 2095
931 3400
931 3794
932 2402
932 2505
933 1555
933 3027
934 1659
934 2601
934 2650
934 3764
935 1718
935 2128
936 2248
936 3094
936 3130
937 2998
938 2226
938 2855
938 3439
939 1145
939 2190
940 2154
940 2504
941 1076
941 2994
941 3216
941 3374
942 1938
942 2022
942 2189
942 2318
942 2597
942 3952
943 1594
943 2540
943 2888
943 3876
944 2162
944 3965
945 1796
945 2247
945 3901
946 3589
947 1664
947 2262
947 2842
947 3576
947 3945
948 1099
948 1557
948 1961
950 1233
950 1691
950 3661
950 3852
951 1802
951 2941
952 2679
953 1716
953 2459
953 2754
953 2794
954 1722
954 2213
954 3049
954 3072
955 1104
955 1784
955 3109
956 1119
956 1966
956 2709
957 1062
957 1603
957 2225
957 3256
957 3463
958 1190
958 1593
958 2650
958 3232
958 3380
959 1271
959 1581
959 2843
959 3867
960 1409
960 1642
960 1796
960 3573
961 1473
961 1628
961 1926
961 2170
961 2713
961 3020
961 3232
962 2269
962 3971
962 3980
963 2517
964 1137
964 1949
964 2120
965 3348
966 2088
966 2921
967 1729
967 2608
968 2265
968 3520
968 3623
969 1664
969 1762
969 2041
969 2579
970 2955
970 3193
971 1157
972 1106
972 1522
972 3024
972 3463
973 1573
973 1873
973 3592
974 1639
974 1721
975 1009
975 2137
975 2442
975 2505
976 1217
976 1376
976 1575
976 2638
976 3480
978 1996
978 2145
978 2677
978 3624
979 1231
979 1239
980 1162
980 3569
980 3574
981 1090
981 2091
981 3673
983 1683
983 2688
983 3350
984 1722
984 2160
984 2503
984 2923
984 3729
985 1341
986 3749
987 2946
987 3493
989 2671
989 2680
990 1238
990 1877
990 3171
990 3207
991 3052
992 1447
992 1750
992 2776
992 2908
993 1321
993 1633
993 1677
994 1655
994 2398
994 2964
994 3499
995 1281
995 1508
995 2522
995 3335
995 3527
996 1198
996 2827
996 3268
996 3777
997 2042
997 2078
997 2419
997 2802
997 2936
997 3440
997 3807
998 1340
999 2426
999 3832
1000 1072
1000 2484
1000 3768
1001 2041
1001 3025
1002 1719
1003 1770
1003 2091
1003 2280
1003 3742
1004 2956
1004 3149
1005 1127
1005 1180
1005 3403
1006 1128
1006 2004
1006 2136
1006 2411
1006 2863
1006 2967
1007 2697
1007 3920
1008 1638
1008 2680
1008 3048
1008 3231
1008 3986
1009 2518
1009 2811
1009 3294
1010 2237
1010 2610
1010 3046
1011 2257
1011 2707
1011 3558
1012 1079
1012 1179
1012 1596
1012 2129
1012 2433
1012 3292
1013 1155
1013 1542
1013 1919
1013 2370
1013 2575
1013 3415
1014 3014
1014 3199
1014 3222
1015 1508
1015 2136
1015 3347
1016 1130
1016 1218
1016 2937
1016 3182
1017 1409
1017 1499
1017 2131
1017 2306
1017 2677
1017 2900
1017 3331
1018 1478
1018 2553
1018 2625
1019 1590
1019 1732
1019 2389
1019 2916
1019 3049
1019 3188
1019 3388
1020 2162
1020 2573
1021 2825
1021 2952
1021 3444
1021 3518
1022 3201
1022 3225
1022 3506
1023 3988
1024 3522
1024 3802
1025 2366
1026 2874
1026 3543
1027 1520
1027 1778
1028 1792
1028 3326
1028 3765
1028 3870
1029 3218
1029 3452
1030 1558
1030 1583
1030 1872
1030 3435
1030 3486
1032 1766
1032 2246
1033 2105
1033 3831
1034 1223
1034 1527
1034 1792
1034 2643
1034 3434
1035 2163
1035 3355
1035 3764
1036 1391
1036 2111
1036 2341
1036 2757
1036 2906
1036 3260
1037 2159
1037 2169
1037 3490
1038 1431
1038 2208
1038 2544
1039 1664
1039 3103
1040 1562
1040 2463
1041 2569
1041 3880
1042 1268
1042 2823
1042 2998
1043 1471
1044 1355
1044 1638
1044 1934
1045 1582
1045 1850
1045 3327
1045 3840
1046 3410
1047 1529
1047 3812
1048 1671
1048 1791
1048 2783
1048 3805
1049 1834
1049 2034
1049 3586
1049 3625
1049 3800
1050 2839
1050 3201
1050 3677
1051 2129
1051 3003
1051 3467
1052 2569
1053 1436
1053 3668
1054 2972
1054 3587
1054 3980
1055 2141
1055 3136
1056 1188
1056 1636
1056 2084
1056 2261
1056 3013
1058 1075
1058 2923
1058 3343
1058 3965
1059 1075
1059 1352
1059 1719
1059 2487
1059 2630
1059 3035
1060 2650
1060 2737
1060 3270
1060 3639
1061 1586
1061 2584
1062 1521
1062 1881
1063 2075
1063 2308
1063 2726
1064 2345
1064 3807
1065 1228
1065 2546
1065 3198
1065 3879
1067 2415
1068 1327
1068 1487
1068 1624
1068 2629
1068 3811
1069 1445
1070 1554
1070 2190
1070 2357
1070 3147
1070 3950
1071 1311
1071 1314
1071 1579
1071 1649
1071 1758
1071 2049
1071 3346
1072 2226
1072 3210
1072 3901
1073 1364
1073 2125
1073 2419
1073 3713
1074 1200
1074 2007
1074 2659
1074 2977
1074 3674
1075 2103
1075 2313
1076 2225
1076 2782
1076 3359
1076 3580
1076 3727
1077 2990
1077 3094
1078 1527
1079 1870
1079 2257
1079 3474
1080 2176
1080 2677
1080 3516
1081 1348
1081 1758
1081 1859
1081 2333
1082 2155
1082 2957
1082 3856
1083 1361
1083 2434
1084 2924
1084 3854
1085 2054
1086 2035
1086 2176
1086 2806
1086 2913
1086 3048
1087 2969
1087 3859
1088 1519
1088 2428
1089 1420
1089 1886
1089 3276
1089 3874
1089 3877
1090 1157
1090 3494
1091 2534
1091 3512
1092 1387
1092 1628
1092 1863
1092 3710
1093 1290
1093 2149
1093 2787
1094 1112
1094 1559
1094 2839
1095 2658
1095 3004
1096 1188
1096 1283
1096 2131
1096 3125
1096 3472
1096 3624
1097 1157
1097 1448
1097 1580
1097 2029
1097 3140
1097 3656
1097 3766
1097 3938
1098 3968
1099 2063
1099 3141
1099 3212
1101 1425
1101 2982
1102 1182
1102 3862
1103 1997
1105 1218
1105 1344
1105 1838
1105 3667
1105 3690
1106 1445
1106 1870
1107 3502
1107 3939
1108 1449
1108 2139
1109 2004
1109 2752
1109 3259
1110 2348
1110 2826
1110 3243
1110 3440
1111 1180
1111 2457
1112 1372
1112 3443
1113 1444
1113 1775
1113 3451
1113 3844
1114 1969
1114 2570
1114 2923
1115 1148
1115 1677
1115 2008
1116 1312
1116 1529
1116 2725
1116 3250
1116 3574
1116 3695
1117 3179
1117 3366
1118 1439
1118 2778
1119 2926
1120 3442
1121 2278
1121 2528
1122 2532
1122 3792
1123 1748
1123 3684
1125 1694
1125 3874
1126 1299
1126 2304
1127 2341
1127 2720
1127 3350
1128 1355
1128 1619
1128 2900
1128 3854
1128 3896
1129 1241
1129 2858
1129 3272
1130 2122
1131 1246
1131 1374
1131 1480
1131 2488
1131 2630
1132 3648
1132 3667
1133 1172
1133 3943
1134 1704
1134 1972
1134 2245
1134 2850
1134 2863
1134 3184
1135 2521
1135 2795
1135 3372
1135 3475
1135 3674
1136 2208
1136 2271
1137 1347
1137 1644
1137 2963
1137 3336
1138 2328
1138 2600
1139 1169
1139 2167
1139 2379
1139 3106
1140 1191
1140 1364
1140 2153
1141 1417
1141 2021
1142 1523
1142 1863
1142 3276
1142 3366
1143 2817
1144 1671
1144 2744
1145 2612
1145 3766
1145 3948
1146 3252
1147 1385
1147 1794
1147 3422
1147 3777
1148 3696
1148 3965
1149 3144
1150 3854
1150 3904
1151 1650
1151 1745
1151 2222
1151 3067
1152 1946
1152 3119
1152 3145
1152 3568
1152 3959
1153 1257
1153 1273
1153 1274
1153 1275
1153 2378
1153 3065
1153 3289
1154 1519
1154 2456
1154 2669
1154 2816
1154 3188
1154 3417
1154 3696
1155 1534
1155 3010
1155 3614
1157 1345
1157 2207
1157 2289
1157 2450
1158 1490
1158 2087
1158 2950
1158 3082
1158 3095
1159 1809
1160 1919
1162 2050
1162 3084
1162 3340
1162 3878
1163 1738
1163 3454
1164 2246
1164 2786
1165 3650
1166 3256
1167 2574
1167 2766
1167 2844
1167 3609
1168 2187
1168 2690
1169 1437
1169 2852
1169 3813
1170 1901
1170 1950
1171 3921
1172 2653
1173 2010
1173 2201
1173 2779
1173 2955
1173 3039
1174 1502
1174 1693
1174 3908
1175 1444
1175 2239
1175 2288
1175 2644
1176 3613
1177 2473
1177 2534
1177 3106
1178 2680
1178 3140
1178 3806
1179 1444
1179 1586
1179 3365
1179 3430
1180 2930
1180 3239
1180 3642
1180 3818
1181 1199
1181 2120
1181 2276
1181 2771
1182 1773
1182 2394
1182 3610
1183 2748
1183 2766
1184 1397
1184 1824
1185 1383
1185 1733
1185 2196
1185 2814
1185 3241
1185 3266
1186 2531
1186 3164
1186 3746
1187 1809
1188 1420
1188 1432
1188 1471
1188 2782
1188 3678
1189 2732
1189 3100
1189 3412
1189 3500
1190 1612
1190 2682
1191 1821
1192 2169
1193 1976
1193 3061
1194 1355
1194 3125
1194 3893
1195 1682
1195 3978
1196 2557
1196 3260
1197 3382
1197 3525
1197 3628
1197 3865
1198 2265
1198 2730
1198 3543
1198 3713
1199 1274
1199 1826
1199 2085
1199 3462
1199 3918
1200 2230
1200 2662
1200 2839
1201 2322
1201 3471
1201 3613
1202 1553
1202 2533
1202 2566
1202 3679
1203 2118
1203 2763
1204 3846
1205 2522
1205 2887
1207 1457
1208 1515
1208 1586
1208 3095
1208 3096
1208 3125
1209 2616
1209 2773
1210 1373
1210 1721
1210 2451
1210 3755
1211 2023
1211 3123
1212 1891
1212 2271
1212 3502
1213 3329
1214 2058
1214 2904
1214 3723
1216 3258
1216 3417
1217 1737
1217 2855
1217 3100
1217 3696
1218 1413
1218 3569
1219 2633
1219 3148
1219 3278
1219 3391
1220 1655
1220 1867
1220 2511
1220 3004
1220 3424
1220 3731
1221 1602
1221 2427
1221 2503
1221 2797
1221 2818
1221 3576
1221 3998
1222 1460
1222 1679
1222 2137
1222 2998
1222 3197
1222 3900
1223 1927
1223 2252
1223 2708
1224 1743
1224 2250
1224 3010
1225 2031
1226 1444
1226 2715
1226 2903
1226 2984
1227 1265
1227 1931
1227 3301
1227 3481
1227 3825
1228 1334
1228 1703
1228 2470
1228 3158
1229 1954
1229 2294
1229 3055
1230 1881
1230 2389
1230 3933
1231 1492
1231 2048
1231 2100
1231 2372
1231 2980
1231 3143
1231 3281
1232 1386
1232 2406
1232 2711
1232 3414
1232 3495
1234 2875
1234 2952
1234 3194
1234 3540
1235 1370
1235 1420
1235 1663
1235 2146
1235 3163
1236 2550
1236 3943
1237 1626
1237 3359
1238 2004
1238 2439
1238 2449
1238 3611
1238 3750
1239 1854
1239 2006
1239 2187
1239 2842
1240 2566
1240 2645
1241 1814
1241 2871
1241 3917
1242 1828
1242 2394
1242 3916
1243 2712
1243 3006
1244 2736
1244 3153
1244 3334
1245 1363
1245 3241
1245 3374
1245 3964
1246 2691
1246 2846
1247 2152
1247 2350
1247 3083
1247 3335
1247 3471
1247 3865
1248 2033
1248 3419
1249 1283
1249 1316
1249 1695
1250 3408
1251 1293
1252 3153
1252 3164
1253 1710
1253 2426
1253 2487
1253 2973
1254 2501
1254 2997
1254 3167
1255 3169
1256 2140
1256 2841
1256 2904
1256 3193
1257 1388
1258 1581
1258 1919
1260 1779
1260 1875
1260 3676
1260 3840
1261 2219
1261 2402
1261 3862
1262 3573
1262 3731
1263 3722
1263 3901
1264 1432
1264 2271
1264 2597
1265 2234
1266 1369
1266 1489
1266 2643
1266 2876
1266 2909
1266 3832
1267 3408
1268 1808
1269 1550
1269 1722
1269 1898
1269 2048
1269 2848
1269 2971
1269 3167
1269 3964
1270 2527
1270 2664
1271 1360
1271 3572
1272 3213
1272 3336
1272 3583
1273 1842
1275 1607
1275 1868
1275 2747
1275 2916
1275 3863
1277 1557
1277 1569
1277 2138
1277 2406
1277 2455
1277 3212
1279 2302
1279 2320
1279 2566
1279 3487
1280 1849
1280 2453
1281 3534
1282 1784
1283 3262
1284 2692
1284 3411
1284 3600
1285 3395
1286 2391
1286 3771
1287 1529
1287 2697
1287 3064
1288 1465
1288 3731
1288 3794
1289 1562
1289 1721
1289 2662
1290 3314
1291 1564
1291 2505
1292 2759
1292 2893
1292 3866
1293 3241
1293 3590
1294 3558
1295 1486
1295 2696
1295 3377
1295 3474
1295 3908
1296 2145
1296 2288
1296 2964
1297 1762
1297 2275
1298 1337
1299 3671
1300 1485
1300 1731
1300 1824
1300 2318
1300 2520
1300 2833
1301 2221
1301 3194
1301 3206
1301 3677
1302 2781
1302 3062
1303 2927
1304 1767
1304 1877
1304 1954
1304 3683
1305 1581
1306 3332
1306 3353
1306 3722
1307 1910
1307 1950
1308 3093
1309 1498
1309 3313
1309 3804
1310 2410
1311 2766
1311 3858
1312 3440
1312 3583
1313 1715
1314 2906
1314 3315
1315 1674
1315 3287
1316 1346
1316 1641
1316 1680
1317 1686
1317 1863
1318 1706
1318 3370
1319 2190
1319 3950
1320 1617
1320 2129
1320 2455
1321 1673
1321 3152
1322 2703
1322 3464
1323 3198
1323 3637
1323 3970
1324 2184
1324 3237
1325 1541
1325 2127
1325 3070
1326 1553
1326 1670
1326 2147
1327 1740
1327 1782
1327 2007
1327 2013
1328 1641
1328 2653
1328 2813
1328 2925
1329 1651
1329 3541
1330 1921
1330 2335
1330 2871
1330 3276
1331 1349
1331 1758
1331 2153
1331 3341
1331 3767
1332 2887
1332 3600
1334 1593
1334 2048
1334 2151
1334 3039
1335 1538
1335 2011
1335 2671
1335 2691
1335 2876
1335 3017
1335 3648
1336 1636
1336 1812
1336 2151
1336 2384
1336 2646
1336 3247
1336 3406
1338 1587
1338 2890
1338 3835
1339 1932
1339 2302
1340 3284
1340 3492
1342 1766
1342 2038
1342 2450
1342 3510
1343 1821
1343 2631
1343 2706
1344 1841
1344 3065
1345 1540
1345 1777
1345 2514
1345 2828
1345 3957
1346 1355
1346 2750
1346 2791
1346 2888
1346 3088
1347 2568
1347 3913
1347 3955
1348 1705
1348 2479
1348 3256
1349 3337
1349 3460
1349 3912
1350 3884
1351 2236
1351 2587
1351 3765
1352 1654
1352 1892
1352 2359
1352 2673
1353 2564
1353 3100
1354 2580
1354 3462
1355 2465
1355 2846
1356 2190
1356 2658
1356 2896
1356 3853
1357 2358
1357 3523
1357 3612
1358 1379
1359 3578
1360 2102
1360 2178
1360 2419
1360 3113
1360 3135
1362 1402
1362 1592
1362 2247
1363 2520
1363 2945
1363 3489
1364 3071
1365 1511
1365 1973
1365 2100
1365 2373
1365 3358
1365 3737
1367 1499
1369 1825
1369 2195
1369 2207
1369 2586
1369 2757
1369 3950
1370 2146
1370 2758
1371 1487
1371 2709
1371 3004
1371 3324
1372 1382
1372 2314
1373 2697
1373 2719
1374 1615
1374 1824
1374 2399
1374 3358
1375 2489
1375 3713
1376 1384
1376 2019
1376 2375
1376 3050
1376 3202
1376 3738
1377 1472
1377 2012
1378 1873
1378 3567
1380 1605
1380 2183
1380 2725
1381 1628
1381 1907
1381 2005
1382 2276
1382 2621
1382 2953
1382 3363
1382 3543
1382 3567
1382 3662
1383 3606
1384 2981
1384 3004
1386 2141
1386 2948
1386 3050
1386 3713
1387 1617
1387 2876
1387 2916
1387 3492
1388 3374
1388 3692
1389 1686
1389 1893
1389 3815
1390 3209
1391 2210
1391 2744
1392 3016
1392 3253
1393 1396
1393 1506
1393 1647
1394 3329
1395 2010
1395 2373
1395 3528
1395 3727
1397 1899
1397 2558
1397 2856
1397 3694
1398 1847
1398 1944
1398 2976
1398 3638
1398 3997
1399 2014
1399 3755
1400 2397
1400 3956
1401 2104
1401 2626
1401 3187
1402 2826
1402 3326
1403 1741
1403 2579
1403 2937
1403 2984
1404 2895
1405 2004
1405 2223
1406 3804
1407 1852
1407 2924
1407 3313
1408 2430
1408 2572
1408 3438
1409 1775
1409 2069
1409 2234
1409 2486
1410 3825
1410 3931
1411 2923
1412 1958
1412 2303
1412 2838
1413 2576
1413 2746
1413 3300
1416 1642
1416 1821
1416 2227
1416 2713
1416 2904
1416 3584
1417 2115
1417 2914
1418 3376
1418 3622
1419 1637
1419 3105
1419 3376
1420 2084
1420 3190
1421 3554
1421 3563
1421 3982
1422 1884
1422 2164
1422 2425
1422 3013
1422 3387
1422 3544
1422 3731
1423 2818
1423 2945
1423 3130
1424 2209
1424 2231
1424 2517
1425 2786
1425 3489
1426 2133
1426 2328
1426 2536
1427 1805
1428 2257
1428 3217
1429 2715
1430 1766
1430 2423
1431 2773
1431 2797
1431 3606
1431 3829
1432 2618
1432 2694
1433 1614
1433 1883
1433 2043
1433 2128
1433 2480
1433 2861
1434 2317
1434 2549
1434 2735
1435 1497
1435 2313
1435 3096
1435 3364
1436 1910
1436 1986
1436 3170
1436 3176
1436 3311
1437 2889
1437 3157
1438 1580
1438 3605
1438 3648
1439 1538
1440 2089
1440 2259
1440 3956
1441 1483
1441 2460
1441 2498
1442 2029
1443 2256
1444 1660
1444 3911
1445 3311
1445 3634
1445 3911
1446 1551
1446 1944
1446 2744
1446 3214
1446 3235
1446 3281
1447 1480
1447 1988
1447 2015
1447 2426
1447 2536
1447 2604
1448 2628
1448 3850
1450 2276
1450 3175
1451 2076
1451 2977
1451 3619
1453 1458
1453 2548
1453 3117
1453 3342
1454 3222
1455 2587
1455 2638
1455 3217
1455 3385
1455 3620
1455 3676
1456 2252
1457 1880
1457 2356
1458 3321
1458 3597
1459 2546
1460 2056
1461 2472
1461 2613
1462 1958
1462 2244
1463 2349
1463 3094
1463 3197
1464 3000
1465 2127
1466 1807
1466 2490
1466 2877
1466 3525
1466 3772
1467 1607
1467 2414
1467 2524
1467 2532
1468 1826
1468 2891
1469 2026
1470 2446
1470 3390
1470 3956
1471 2256
1472 2725
1472 3513
1473 2970
1473 3812
1474 1895
1474 2255
1474 2594
1474 2669
1474 3110
1474 3434
1475 1702
1476 1965
1477 1856
1477 2277
1478 1912
1478 2161
1478 3268
1480 1958
1480 1996
1480 2583
1480 3937
1481 2782
1481 3038
1482 1926
1482 2221
1482 2348
1482 3554
1483 3363
1484 1715
1484 3496
1485 3086
1486 1925
1486 3628
1486 3667
1487 1639
1487 1990
1487 2181
1487 3398
1487 3567
1488 2222
1489 1966
1490 2128
1490 3138
1490 3163
1490 3646
1491 3797
1492 1744
1493 1590
1493 1756
1493 3237
1494 3788
1495 2681
1496 3766
1496 3950
1497 3403
1498 1665
1498 2795
1498 3074
1498 3289
1499 2120
1499 2749
1500 2221
1500 2554
1501 1584
1501 1793
1502 1748
1502 3035
1503 1523
1503 3940
1504 1507
1504 2253
1505 1847
1505 2888
1505 3450
1505 3462
1505 3857
1506 1937
1506 2115
1506 2528
1506 3053
1507 1633
1507 3040
1507 3962
1508 3297
1509 1556
1509 2990
1510 3010
1510 3671
1511 2173
1511 3959
1512 2095
1512 2395
1512 2472
1512 3414
1513 2020
1513 2761
1513 3412
1514 3766
1514 3893
1516 2094
1516 3610
1517 3585
1517 3762
1518 3958
1519 2714
1519 2717
1519 3169
1519 3850
1520 1588
1520 2750
1521 3229
1522 1734
1522 3218
1522 3420
1523 3022
1524 2672
1524 2817
1524 3289
1525 2556
1525 3475
1526 1836
1526 2238
1527 2730
1527 3142
1527 3442
1528 2275
1528 2766
1530 2654
1530 3721
1531 1804
1531 3870
1532 3307
1533 1817
1533 2184
1533 2643
1533 2772
1533 2798
1533 2846
1533 2878
1533 3336
1533 3402
1533 3490
1534 3062
1534 3295
1534 3586
1535 1602
1535 1707
1535 2183
1536 1634
1536 2198
1536 2822
1537 1927
1537 2102
1538 3550
1539 3327
1540 2085
1541 2921
1541 3028
1543 1747
1543 3746
1545 2481
1546 2572
1546 2705
1546 3219
1546 3444
1547 2361
1547 2914
1547 3114
1548 1552
1548 1703
1548 2046
1548 2783
1548 3102
1548 3962
1549 3727
1549 3966
1550 2565
1550 3100
1550 3206
1550 3430
1551 2090
1551 3323
1552 2646
1552 3353
1553 1636
1554 3858
1554 3900
1555 3834
1556 1889
1556 2387
1557 2509
1557 2923
1557 3298
1557 3457
1557 3619
1558 1903
1558 1916
1558 3700
1559 2001
1559 2175
1559 2475
1560 2803
1560 3402
1561 1607
1561 2295
1561 3566
1563 1611
1563 3127
1563 3938
1564 3067
1564 3347
1565 1796
1565 2690
1566 1866
1566 2013
1566 2077
1566 3140
1566 3973
1567 2427
1567 3549
1568 1965
1568 2371
1568 3795
1569 3805
1570 1998
1570 3795
1571 1843
1572 2442
1572 3172
1573 1669
1574 3340
1574 3360
1575 1714
1575 1820
1575 2000
1575 3840
1575 3929
1576 2563
1577 1832
1577 1980
1577 2690
1578 1930
1579 1583
1579 2870
1579 3277
1579 3645
1579 3912
1581 1718
1581 1854
1581 2928
1581 3206
1582 1683
1582 2210
1582 2858
1583 2172
1583 2792
1584 2369
1585 1802
1586 3900
1587 3487
1587 3725
1587 3894
1588 1765
1588 2407
1588 2532
1588 3358
1589 1651
1589 2117
1589 3379
1590 1734
1590 2428
1590 2594
1590 3844
1592 1825
1592 1894
1592 2805
1593 3876
1594 3751
1594 3945
1595 3817
1596 1598
1596 2539
1597 2610
1597 3541
1597 3871
1597 3898
1598 2185
1598 2750
1598 3355
1599 1768
1599 2382
1600 1752
1600 2158
1600 3031
1600 3186
1600 3408
1600 3755
1600 3904
1600 3928
1600 3952
1602 2489
1602 3171
1602 3496
1602 3625
1603 2745
1603 3877
1604 1944
1604 1974
1604 3782
1604 3820
1605 2655
1605 3952
1606 3214
1607 2950
1608 2444
1609 1665
1609 3131
1609 3511
1610 2723
1610 3651
1611 2242
1611 3606
1612 2911
1612 2953
1613 1745
1613 2612
1613 3007
1613 3555
1613 3607
1614 3703
1614 3715
1615 2439
1616 1853
1616 2213
1616 3865
1617 1820
1617 2208
1617 2368
1617 2507
1618 3832
1620 1652
1620 2563
1620 3877
1621 2015
1621 3617
1622 3660
1623 1817
1623 2739
1623 3418
1624 1735
1624 3623
1624 3666
1624 3699
1625 1680
1625 1698
1625 2361
1625 2580
1625 3949
1626 2024
1626 2413
1627 3019
1627 3429
1629 1807
1629 1949
1629 2754
1630 1920
1630 3539
1630 3988
1631 3294
1632 2920
1633 1986
1633 3185
1634 1956
1634 2200
1634 3674
1635 3345
1635 3483
1636 2090
1636 2823
1636 2828
1636 3501
1637 2315
1637 2673
1637 3062
1638 2110
1638 3700
1638 3868
1639 1917
1640 2872
1640 3834
1641 2136
1641 2744
1641 3115
1642 2618
1642 3633
1642 3657
1643 2207
1643 2933
1643 2949
1644 3351
1644 3925
1645 1820
1645 2844
1645 3780
1647 3278
1648 3273
1649 3374
1650 2365
1651 2702
1651 3545
1651 3937
1652 2475
1652 2501
1652 2731
1652 2812
1652 3504
1653 2838
1653 3888
1654 3699
1655 1817
1655 2167
1655 2248
1655 3615
1655 3631
1657 1828
1657 3477
1658 2571
1659 1661
1659 2115
1659 2596
1659 3404
1660 1888
1661 2875
1662 3173
1662 3752
1662 3803
1662 3871
1663 2246
1663 3234
1664 2657
1664 3167
1664 3444
1665 2245
1665 2323
1665 3034
1666 3688
1667 2787
1667 3264
1667 3625
1668 2639
1668 2770
1668 3296
1668 3452
1669 2054
1670 3441
1670 3704
1671 2382
1671 2396
1671 2439
1672 1950
1672 2262
1673 3874
1674 3423
1675 2439
1675 3138
1676 2169
1677 2124
1677 2738
1677 3899
1678 2167
1678 2654
1678 2950
1678 3211
1678 3244
1678 3801
1679 1734
1679 2440
1679 3531
1679 3909
1680 1705
1680 2032
1680 2097
1680 2135
1680 2834
1680 3297
1680 3480
1681 3054
1682 1686
1683 2084
1683 2342
1683 2521
1683 3320
1684 3965
1685 1724
1685 2451
1685 2783
1685 3445
1686 2993
1686 3345
1687 2054
1688 2757
1688 2835
1689 1850
1690 1798
1690 2074
1690 2793
1691 1982
1691 3534
1692 2213
1692 2726
1693 1982
1693 2004
1693 3024
1693 3186
1695 3384
1696 3304
1696 3471
1697 2409
1697 2794
1697 3384
1697 3447
1699 3726
1700 2493
1700 3530
1700 3923
1701 2613
1701 3336
1701 3360
1702 2567
1704 2256
1704 2949
1704 3143
1704 3283
1704 3623
1705 2128
1705 3870
1706 1973
1706 2081
1706 3100
1707 2748
1707 2798
1707 3659
1708 2409
1708 2964
1708 3211
1708 3972
1709 2703
1709 3847
1709 3877
1710 2864
1710 3824
1710 3934
1711 1923
1711 2640
1711 3421
1712 3928
1713 2729
1714 2480
1715 2260
1715 3924
1717 2328
1717 2352
1717 3538
1718 2237
1719 2041
1719 3589
1719 3900
1720 3444
1720 3891
1722 2352
1722 3476
1723 2126
1723 2781
1723 3472
1723 3741
1724 2597
1724 2752
1724 3238
1726 2405
1726 2773
1727 2756
1727 3100
1727 3103
1727 3357
1728 3957
1729 1739
1729 3424
1729 3845
1731 1977
1731 2438
1731 3031
1731 3602
1732 2848
1732 3683
1732 3875
1733 1823
1733 2230
1733 2561
1733 2966
1733 3274
1733 3405
1733 3588
1734 2144
1735 2687
1735 2759
1735 3046
1736 2571
1737 1942
1737 3185
1737 3408
1737 3509
1738 2089
1738 2808
1738 3183
1738 3423
1738 3865
1739 3293
1740 2739
1740 2928
1740 3262
1741 1776
1741 2121
1741 3963
1743 1944
1745 1756
1745 2284
1746 2210
1746 2265
1746 3605
1746 3856
1748 3468
1748 3581
1748 3670
1748 3919
1749 2439
1750 2064
1750 2114
1750 2293
1750 2501
1750 2522
1750 3000
1751 2505
1751 2793
1751 2819
1751 3006
1751 3392
1751 3712
1751 3740
1751 3822
1751 3975
1752 2650
1752 2715
1752 3283
1752 3585
1753 2481
1753 3429
1753 3446
1753 3622
1753 3900
1754 2596
1755 3541
1755 3760
1756 3237
1757 2257
1757 3783
1758 2145
1758 3910
1759 2129
1759 2849
1759 2917
1759 3735
1760 1969
1760 2028
1760 2068
1760 3738
1760 3828
1761 2369
1762 2006
1762 2646
1763 3524
1763 3602
1763 3710
1763 3921
1764 2535
1765 1794
1765 2600
1765 3205
1765 3288
1766 2472
1767 3990
1768 3719
1769 2202
1769 2382
1769 3420
1771 3612
1771 3643
1772 2291
1772 2408
1772 2516
1772 2786
1772 2983
1772 3526
1773 1938
1774 3951
1774 3998
1775 2228
1775 2881
1775 3069
1777 2950
1777 3046
1777 3432
1777 3728
1778 2613
1778 3013
1778 3697
1779 1803
1780 2551
1780 3513
1781 1823
1781 2787
1782 1811
1782 2336
1783 2231
1783 2245
1783 2950
1783 2997
1783 3495
1783 3725
1784 3127
1784 3452
1784 3760
1785 1961
1785 1967
1785 2661
1785 3808
1786 2378
1786 2963
1786 3406
1786 3498
1787 2468
1789 2885
1789 3391
1790 2338
1790 3010
1790 3043
1791 3344
1793 3597
1795 1882
1795 2729
1795 3322
1795 3452
1796 2922
1796 3033
1796 3942
1797 2186
1797 2771
1797 2912
1798 1905
1799 2205
1800 2794
1801 1917
1802 2638
1802 3793
1803 1949
1803 2326
1804 3555
1804 3571
1805 1940
1805 2373
1805 2499
1805 3131
1805 3968
1806 2893
1807 3829
1809 2053
1809 2674
1809 2769
1809 2774
1809 2987
1810 2102
1810 2211
1811 3540
1812 2236
1812 2690
1813 1963
1813 3158
1814 3034
1815 2663
1815 2705
1815 3062
1815 3319
1815 3342
1815 3830
1815 3915
1816 2193
1817 2180
1818 2259
1818 3688
1819 2155
1819 3239
1819 3813
1820 2210
1820 2608
1820 3178
1820 3420
1821 3012
1822 1882
1822 2632
1822 3729
1822 3774
1823 3785
1823 3805
1824 3644
1825 3260
1825 3891
1826 2072
1826 3480
1827 2394
1827 2736
1827 3100
1828 1976
1828 2153
1828 2681
1828 2859
1828 2990
1828 3245
1829 1964
1829 3010
1831 3369
1832 2315
1832 3791
1833 2967
1833 3902
1834 3551
1834 3904
1835 1884
1835 2112
1835 2674
1836 1878
1836 2132
1837 2032
1837 3647
1838 3128
1839 2811
1839 3027
1839 3285
1840 1846
1841 3454
1842 2100
1842 2134
1842 3329
1842 3429
1842 3839
1843 2722
1843 2847
1843 3238
1843 3518
1844 2337
1844 3492
1845 2942
1846 1917
1846 2588
1846 2801
1846 3280
1846 3429
1846 3921
1847 3526
1848 1872
1848 2946
1849 1920
1850 3116
1850 3549
1851 1861
1851 2453
1851 2649
1851 2771
1851 3619
1853 1940
1853 2249
1853 2550
1853 2570
1853 3007
1854 3193
1854 3504
1855 2039
1855 2315
1855 2940
1855 3413
1856 2775
1857 3769
1858 2586
1859 3550
1860 2799
1860 3855
1861 3497
1861 3921
1862 3343
1863 2018
1863 3328
1864 2958
1865 2952
1865 3956
1866 3712
1867 3577
1868 2795
1868 3860
1869 3734
1870 2343
1870 3571
1871 2339
1871 2553
1871 3225
1872 2303
1872 3775
1873 2339
1873 2706
1873 3328
1873 3753
1873 3967
1874 2526
1874 3125
1874 3205
1875 2843
1875 3038
1875 3904
1876 2069
1876 3545
1876 3703
1877 2709
1877 3290
1878 3494
1879 2222
1879 3180
1880 2029
1880 3644
1881 2252
1881 2337
1881 2482
1882 1914
1882 2971
1882 3941
1882 3970
1883 1916
1883 2266
1883 2917
1883 3896
1883 3916
1884 3251
1884 3356
1884 3478
1885 2362
1885 3414
1885 3622
1885 3828
1886 2468
1887 2894
1887 3095
1887 3465
1888 2269
1888 3704
1889 3484
1889 3696
1890 1932
1890 2401
1890 2946
1890 3426
1890 3680
1890 3903
1891 2790
1892 2161
1892 2842
1892 3439
1893 1968
1893 3141
1893 3993
1894 2527
1894 2540
1894 3196
1894 3460
1895 3031
1895 3501
1896 2963
1896 3823
1896 3882
1897 2803
1898 3141
1901 3666
1902 3291
1903 2614
1903 2986
1903 3551
1903 3847
1904 2189
1905 2086
1905 3277
1907 2097
1907 2613
1907 3439
1907 3768
1910 2329
1910 3006
1911 3107
1912 2654
1912 2779
1912 3423
1913 3140
1913 3772
1914 2504
1914 2613
1914 2821
1914 3363
1915 1926
1916 3064
1916 3130
1917 3697
1917 3982
1918 3167
1919 2971
1919 3794
1920 2464
1920 3341
1921 2523
1921 2861
1921 3631
1921 3735
1922 2283
1922 2849
1922 3144
1922 3929
1923 3844
1924 2126
1924 2561
1925 3315
1925 3411
1925 3831
1926 1946
1926 1956
1926 2629
1926 3477
1927 2437
1927 3239
1927 3943
1928 2904
1928 3320
1928 3723
1929 2271
1929 2736
1929 2838
1930 3621
1930 3780
1931 2197
1931 3015
1932 2394
1933 2459
1933 3221
1934 2328
1934 2399
1934 3075
1934 3508
1935 2099
1935 2356
1936 2907
1937 1987
1937 3453
1938 3351
1939 2395
1939 2438
1939 2529
1939 3834
1940 1971
1941 2448
1941 3949
1942 2026
1942 2816
1942 3213
1942 3500
1943 3164
1944 2918
1944 3806
1944 3941
1945 2017
1945 2236
1945 3024
1945 3184
1946 2856
1946 3247
1947 1983
1947 3827
1948 2513
1948 2623
1948 3666
1949 2646
1949 2741
1949 3196
1949 3875
1950 2834
1950 3442
1951 2002
1951 2304
1951 2605
1952 2165
1952 2368
1952 3080
1952 3248
1952 3813
1953 2100
1954 3333
1954 3824
1955 2778
1955 2852
1955 3465
1955 3687
1956 2720
1956 2939
1957 2863
1957 3263
1957 3873
1958 2042
1958 2882
1959 2591
1959 2929
1959 2963
1959 3576
1960 2012
1960 2613
1960 3937
1961 2090
1961 2401
1961 3445
1961 3683
1962 3219
1963 2338
1963 3900
1964 2873
1965 2691
1966 2504
1966 2582
1966 3314
1966 3685
1966 3694
1967 2869
1967 2997
1967 3277
1968 2276
1968 2316
1969 2052
1970 2220
1971 2665
1971 2905
1971 3159
1971 3287
1972 3519
1972 3990
1973 2827
1973 3830
1973 3930
1974 2137
1975 3598
1977 2977
1978 2205
1979 2253
1979 2752
1981 2343
1981 3052
1981 3202
1981 3424
1982 3913
1983 2610
1984 2567
1984 3054
1984 3448
1984 3519
1986 2708
1987 3040
1987 3171
1987 3192
1989 2238
1989 3376
1989 3970
1990 2777
1990 3013
1990 3327
1990 3462
1991 2190
1991 2213
1992 2993
1992 3319
1992 3977
1993 2541
1993 3196
1994 2725
1994 2816
1995 2885
1995 3111
1995 3945
1997 2060
1997 3490
1998 3307
1999 2395
1999 3254
1999 3659
2000 2966
2001 2200
2001 2768
2002 2261
2002 3338
2003 3264
2003 3699
2003 3806
2004 3155
2004 3552
2004 3809
2005 3072
2006 3275
2007 2626
2007 3119
2007 3276
2008 2122
2008 2820
2008 3571
2008 3779
2008 3840
2011 3269
2012 2022
2012 2379
2012 2584
2013 2271
2013 2539
2014 2106
2014 2157
2014 3632
2015 2510
2015 3449
2016 2506
2016 3719
2018 3057
2018 3549
2019 2757
2019 3086
2019 3563
2019 3698
2022 2364
2022 3913
2023 2222
2024 2642
2025 2354
2026 2812
2026 3223
2027 2384
2027 3684
2028 3211
2028 3520
2028 3590
2029 2383
2030 3580
2031 2487
2031 2508
2031 3628
2031 3661
2031 3962
2032 2071
2032 3763
2033 2542
2034 2613
2034 3000
2035 2097
2035 2528
2035 2685
2036 2780
2036 2785
2036 3239
2038 3153
2038 3200
2039 2726
2039 3085
2039 3378
2039 3915
2041 2204
2042 2344
2043 2596
2044 2120
2044 2945
2044 3568
2045 2322
2045 2522
2045 2960
2046 2537
2047 2483
2047 2931
2048 3675
2048 3986
2049 2193
2049 3210
2049 3401
2049 3562
2050 2218
2050 2469
2050 3149
2050 3364
2050 3760
2051 3171
2051 3554
2052 3798
2053 2321
2053 2674
2054 3389
2054 3880
2055 3938
2057 2880
2057 3434
2058 2574
2058 3079
2058 3277
2059 2349
2059 2502
2059 2826
2060 2173
2060 3626
2060 3789
2062 2666
2062 2673
2063 2475
2063 3861
2064 2904
2064 2983
2065 2576
2066 2389
2067 3549
2067 3997
2068 2249
2068 2904
2068 3246
2068 3630
2069 2747
2069 3005
2069 3133
2069 3712
2071 2097
2071 2245
2071 3658
2072 2542
2073 2840
2073 3063
2073 3749
2074 2260
2074 2834
2074 3586
2075 2139
2075 3303
2075 3430
2076 2361
2076 2811
2076 3016
2076 3484
2076 3855
2077 2798
2077 3223
2078 2096
2078 2319
2078 2385
2078 2520
2078 2662
2078 3318
2078 3639
2079 2116
2080 2255
2080 3593
2081 2114
2081 2957
2081 3797
2081 3983
2082 2711
2082 3066
2082 3969
2084 2362
2085 2231
2086 3042
2086 3501
2087 2541
2087 2912
2087 3915
2087 3940
2088 2103
2088 3687
2089 3212
2090 3943
2091 2556
2091 2592
2091 3625
2092 2860
2093 2100
2093 2260
2093 2821
2093 2834
2094 2153
2094 2920
2094 3416
2094 3543
2095 3313
2096 3648
2097 3169
2097 3844
2097 3956
2098 2868
2098 3305
2099 2313
2099 3760
2100 2262
2100 3097
2102 2159
2102 3230
2103 3666
2104 2647
2104 2803
2106 3262
2107 3669
2107 3799
2108 2315
2108 3170
2108 3649
2109 2495
2109 2545
2109 3795
2110 2385
2111 2148
2112 2300
2112 2783
2112 3796
2113 2418
2114 3050
2114 3764
2115 2190
2115 3679
2117 3296
2117 3535
2118 2605
2119 2527
2119 2820
2120 2198
2121 2953
2121 3280
2121 3609
2122 2313
2122 2959
2123 2625
2124 2365
2124 3156
2124 3346
2124 3447
2125 2794
2125 3245
2126 2862
2127 2504
2127 3383
2128 3583
2129 2757
2129 3247
2129 3937
2130 2590
2130 2628
2130 2677
2132 3891
2133 2959
2133 3443
2134 3911
2135 2137
2135 3087
2135 3828
2136 2454
2136 2729
2136 2942
2136 3339
2136 3538
2136 3952
2137 2381
2137 3422
2137 3552
2137 3851
2137 3975
2138 2483
2138 2708
2139 2260
2139 3758
2140 3809
2141 2288
2141 3009
2141 3140
2143 3507
2144 2362
2144 3005
2144 3171
2145 2679
2146 2283
2146 3570
2146 3825
2147 3423
2148 3442
2149 2159
2149 3176
2149 3833
2150 3924
2151 2264
2152 2739
2153 3178
2154 2241
2154 2670
2154 3898
2155 2318
2156 3366
2157 2487
2157 3504
2157 3857
2158 3195
2158 3663
2159 2518
2159 3037
2159 3125
2160 2488
2160 2661
2160 3034
2160 3512
2161 2379
2161 3774
2162 2887
2162 3057
2162 3905
2164 2278
2164 2372
2164 2784
2165 2493
2165 2788
2167 3051
2168 2839
2168 3595
2169 2829
2170 3158
2170 3508
2170 3640
2170 3911
2171 2505
2171 3030
2171 3333
2171 3926
2171 3995
2172 3414
2172 3527
2172 3868
2173 2447
2173 2828
2174 2719
2174 2920
2174 3407
2175 2363
2175 3787
2177 3568
2179 3157
2179 3618
2181 2915
2182 2291
2182 2392
2182 2403
2182 3457
2183 3570
2184 2520
2184 2677
2186 3709
2187 2622
2189 2591
2189 3042
2189 3353
2189 3511
2189 3993
2190 3956
2192 2923
2193 2417
2193 3263
2193 3663
2194 2382
2195 2781
2195 2865
2195 2970
2195 3701
2195 3946
2197 2371
2197 3002
2197 3466
2197 3785
2197 3964
2198 2928
2198 3015
2199 2907
2200 3457
2200 3572
2200 3914
2201 3976
2202 3145
2202 3500
2204 2999
2204 3122
2204 3907
2207 3659
2208 2711
2209 2439
2209 2803
2209 3865
2210 2452
2211 2314
2211 2590
2212 2670
2212 3003
2212 3627
2213 3071
2214 2413
2214 2642
2216 3834
2217 2696
2217 3956
2218 2617
2218 2716
2218 3819
2219 2397
2219 3102
2220 2638
2220 2918
2221 2836
2221 3524
2221 3588
2222 3620
2222 3695
2223 3222
2223 3868
2224 2728
2224 2739
2224 3667
2225 2613
2225 2674
2225 3971
2226 3253
2227 2583
2228 3204
2228 3326
2228 3747
2230 3593
2231 2572
2231 3274
2232 2870
2233 2235
2233 2245
2233 2246
2233 2930
2233 3448
2234 2776
2235 2844
2235 3372
2235 3623
2235 3906
2236 2632
2236 2845
2237 2449
2237 2500
2237 3087
2237 3131
2238 2938
2239 2628
2239 2998
2239 3262
2239 3373
2239 3383
2241 3832
2241 3925
2242 2441
2242 2734
2243 2420
2243 2437
2243 3319
2244 2487
2244 2597
2244 2904
2245 3101
2245 3614
2246 2767
2246 2865
2246 3091
2246 3446
2247 2454
2247 3157
2247 3305
2247 3314
2248 2379
2248 2671
2248 2747
2248 3281
2249 2611
2249 2699
2249 2845
2249 2953
2249 3518
2250 2274
2250 2536
2250 2640
2250 3254
2250 3662
2251 2889
2251 3244
2251 3766
2252 3069
2252 3805
2253 3287
2256 2734
2256 3534
2256 3890
2257 2847
2257 3624
2258 3960
2259 2650
2259 2814
2259 3360
2260 2752
2260 3607
2262 3477
2263 2639
2265 2447
2265 2977
2265 3073
2265 3315
2265 3607
2266 3259
2267 2318
2267 2369
2267 3240
2268 2326
2268 2818
2268 2825
2268 3279
2268 3314
2269 3171
2269 3607
2269 3958
2270 3202
2271 3554
2272 2819
2273 2478
2274 2435
2274 3857
2275 3128
2275 3312
2275 3473
2277 2301
2277 3022
2277 3190
2278 3211
2278 3441
2279 3232
2279 3295
2280 2561
2280 3158
2280 3589
2280 3847
2282 3229
2282 3771
2282 3956
2283 2324
2283 3061
2283 3245
2284 2486
2286 2305
2286 2554
2286 2797
2287 3668
2287 3690
2287 3954
2288 3212
2289 2552
2289 3453
2290 2747
2290 3438
2291 2483
2291 2531
2291 2809
2292 3085
2294 3058
2295 2517
2295 2684
2296 2744
2296 3147
2297 2614
2297 3149
2297 3542
2297 3762
2299 3275
2301 3445
2302 2777
2302 3268
2302 3981
2303 2333
2303 2564
2303 3622
2304 2826
2305 3634
2307 2375
2308 2376
2308 2838
2308 3280
2308 3539
2309 2354
2309 3106
2309 3137
2309 3852
2309 3956
2310 3413
2311 2341
2311 2838
2311 3147
2312 2646
2312 3443
2313 2332
2314 2430
2314 2957
2314 3350
2316 3086
2317 2320
2317 2406
2317 2456
2317 3597
2318 2649
2320 3188
2320 3656
2321 2343
2322 2371
2322 2530
2322 3796
2323 2678
2323 2966
2323 3123
2323 3723
2324 2884
2324 2925
2324 3569
2325 3438
2326 3568
2327 3121
2327 3317
2327 3974
2328 3918
2329 2889
2329 2934
2329 3912
2330 3594
2330 3819
2331 2699
2332 2504
2332 2910
2332 3254
2332 3282
2332 3293
2333 2350
2333 2514
2333 3923
2335 3111
2336 3384
2336 3499
2337 3400
2339 2427
2339 3264
2339 3784
2339 3927
2340 2918
2341 2436
2341 2502
2341 2529
2341 3325
2341 3757
2341 3937
2342 2545
2342 3647
2342 3869
2343 3375
2344 3209
2345 2864
2345 2875
2346 2811
2346 3036
2346 3769
2347 2815
2347 2916
2347 3112
2347 3309
2347 3535
2347 3766
2348 2887
2348 3683
2348 3874
2349 2602
2349 2782
2352 3136
2352 3344
2355 2901
2355 2921
2355 3905
2356 2607
2356 3274
2356 3919
2357 3678
2357 3821
2359 2778
2359 3686
2361 2862
2362 2470
2362 2690
2362 2736
2362 2903
2362 3048
2363 3266
2364 3496
2364 3790
2364 3955
2365 3554
2366 3109
2366 3491
2366 3774
2367 3474
2367 3940
2368 3672
2369 2436
2369 3514
2370 3168
2370 3346
2370 3476
2370 3656
2371 2383
2371 3885
2371 3937
2372 2877
2373 2399
2373 3143
2373 3966
2374 2648
2374 3011
2374 3953
2377 3742
2378 3650
2379 2933
2379 3111
2379 3921
2381 2938
2381 3117
2381 3863
2382 2850
2382 3459
2382 3567
2382 3729
2383 2781
2383 3100
2384 2586
2384 2887
2386 2812
2387 3662
2388 2537
2388 2889
2388 3516
2389 2904
2389 3642
2390 3340
2391 3677
2392 3075
2392 3171
2393 2411
2393 2771
2393 3103
2393 3552
2393 3729
2394 2725
2395 2795
2395 3457
2396 2809
2396 3004
2396 3463
2397 2976
2398 3611
2399 2740
2400 2502
2401 3029
2401 3225
2401 3719
2402 2470
2402 2880
2402 3454
2403 2543
2403 2867
2403 3076
2403 3168
2403 3365
2405 2793
2405 2962
2406 3503
2407 2493
2407 3302
2407 3365
2409 3528
2410 3108
2410 3950
2411 3019
2411 3396
2412 2516
2412 3578
2413 2993
2414 2519
2414 2957
2414 3026
2414 3042
2414 3544
2415 2664
2415 3234
2415 3733
2417 2569
2417 2865
2417 3121
2418 3020
2419 2755
2419 2965
2419 3866
2420 2616
2420 3976
2421 2570
2421 2815
2421 3147
2421 3782
2421 3909
2422 2760
2422 3104
2423 3997
2425 3058
2425 3841
2427 2539
2427 3389
2428 3434
2428 3683
2429 3142
2432 2605
2432 2808
2432 3917
2433 3131
2433 3299
2433 3330
2433 3735
2434 2549
2434 2706
2436 2960
2436 3291
2437 2920
2437 2924
2437 3128
2437 3425
2438 3062
2438 3088
2438 3292
2439 2922
2440 3121
2440 3207
2440 3559
2440 3739
2441 3069
2442 3392
2442 3444
2443 3635
2444 3024
2445 2628
2445 3290
2445 3929
2446 2489
2446 3641
2447 3257
2448 2870
2449 2903
2450 2887
2451 2983
2451 3678
2452 2749
2452 3636
2453 3144
2453 3464
2454 3564
2455 3408
2456 3303
2457 2723
2457 3745
2458 3987
2459 2863
2459 2878
2459 3187
2460 3796
2461 2870
2461 2938
2461 3059
2462 3382
2462 3430
2462 3537
2464 2766
2465 2640
2465 3149
2465 3150
2466 3030
2468 2730
2468 2994
2469 3161
2470 2762
2470 2763
2470 2886
2471 2930
2473 3684
2474 3099
2475 2950
2479 2629
2479 2977
2479 3946
2480 2501
2480 3139
2481 3861
2481 3896
2482 2583
2483 2970
2483 3616
2484 2568
2484 2874
2485 2661
2485 2986
2485 3006
2485 3710
2486 3342
2487 2826
2487 3342
2488 2782
2488 3478
2489 3523
2489 3990
2490 2923
2491 3146
2491 3930
2492 2710
2492 3562
2493 2949
2493 3279
2493 3314
2493 3834
2494 3757
2495 2984
2496 3107
2496 3605
2497 3420
2497 3985
2499 2552
2500 3180
2500 3758
2501 3144
2502 3538
2505 3324
2506 3002
2507 3286
2507 3886
2508 2604
2509 3408
2509 3919
2510 2711
2510 3318
2511 3221
2511 3415
2513 3240
2513 3707
2514 2661
2514 2778
2514 2818
2515 3257
2516 2641
2516 3926
2517 2696
2517 2784
2517 3054
2519 3568
2520 2650
2520 3235
2521 2988
2521 3211
2521 3940
2522 3355
2523 3102
2523 3417
2524 3451
2525 2764
2525 3220
2526 3382
2526 3500
2527 2739
2527 3380
2527 3878
2529 2737
2529 2855
2531 2950
2532 3222
2532 3492
2534 3466
2536 2559
2539 3605
2539 3660
2540 3197
2541 2699
2542 2698
2542 3156
2542 3712
2547 2964
2547 3260
2547 3599
2548 3734
2548 3922
2549 2774
2551 2667
2551 2725
2551 3861
2553 2896
2553 2935
2555 2701
2556 2660
2556 3263
2556 3912
2557 3314
2557 3773
2558 2706
2559 3462
2559 3511
2561 3031
2561 3581
2561 3761
2562 3063
2562 3889
2565 2766
2567 3291
2567 3772
2567 3986
2568 3383
2569 3645
2569 3710
2570 3317
2570 3395
2571 2927
2572 2598
2572 2780
2572 3063
2573 2603
2573 2883
2573 2966
2573 3535
2574 3367
2575 3370
2576 3843
2576 3977
2577 3529
2577 3591
2577 3806
2577 3930
2578 3920
2580 2753
2582 3097
2582 3684
2582 3854
2583 2651
2583 3570
2585 3598
2586 3063
2588 3313
2588 3593
2589 2776
2589 3116
2589 3583
2590 3789
2592 3008
2594 3522
2596 3060
2597 2616
2597 2861
2597 3309
2598 3099
2598 3280
2599 3133
2600 2813
2600 2902
2600 3415
2601 2655
2601 3628
2603 3924
2604 3405
2605 2743
2605 2899
2605 3523
2605 3749
2606 2894
2606 3996
2606 3997
2607 3759
2608 2812
2610 2990
2610 3582
2610 3931
2611 2871
2611 2953
2611 3100
2611 3558
2611 3564
2614 3412
2616 3026
2616 3581
2618 3766
2620 3109
2620 3635
2621 3085
2621 3967
2622 3678
2626 3137
2626 3376
2626 3456
2626 3935
2627 2671
2628 2962
2628 3577
2628 3870
2630 2926
2632 3818
2633 3509
2636 2671
2636 2790
2637 3552
2638 3263
2639 3696
2641 3485
2641 3826
2642 3307
2642 3346
2642 3857
2643 3736
2644 3542
2646 3184
2647 3074
2647 3156
2647 3255
2648 3945
2649 3611
2650 3179
2650 3783
2651 3439
2651 3939
2652 2679
2652 3534
2653 2757
2653 2890
2653 3042
2653 3274
2653 3861
2653 3923
2654 3077
2657 2955
2658 3640
2659 2867
2659 3416
2659 3822
2660 3750
2660 3775
2661 3312
2661 3424
2661 3514
2662 3310
2662 3695
2663 2686
2663 3018
2663 3081
2663 3495
2666 3778
2669 2890
2669 3377
2670 2781
2671 2732
2672 3999
2673 3193
2673 3328
2673 3838
2673 3866
2673 3997
2674 3793
2675 3579
2675 3732
2676 3505
2677 3238
2678 3434
2679 3734
2680 2977
2681 3714
2682 2801
2683 3351
2684 2904
2684 3647
2684 3852
2684 3885
2686 2846
2686 3183
2686 3867
2687 2780
2687 3484
2688 3007
2689 2804
2689 3222
2690 2714
2691 2763
2691 3250
2693 3285
2694 3250
2695 3125
2696 3511
2697 3229
2697 3332
2697 3971
2698 3561
2699 2767
2699 3243
2699 3313
2701 3402
2702 3622
2702 3954
2703 3448
2705 2720
2705 3769
2707 3740
2708 2811
2708 3108
2708 3704
2709 2856
2711 3135
2711 3136
2712 3063
2712 3658
2714 3382
2715 3443
2715 3791
2716 2877
2716 3990
2717 3464
2718 2738
2722 3226
2723 3006
2723 3487
2725 3252
2727 2996
2727 3400
2727 3732
2727 3785
2728 3049
2729 2946
2729 3289
2730 2904
2730 3782
2731 3422
2731 3470
2732 2959
2732 3075
2733 2861
2735 3804
2736 3451
2737 2784
2738 3534
2740 3566
2741 3090
2742 3931
2744 3013
2746 2816
2746 2941
2746 3742
2747 2778
2748 2927
2748 3773
2749 3642
2751 3469
2751 3780
2751 3866
2752 3366
2752 3909
2753 3582
2753 3794
2754 2998
2755 3393
2756 2908
2756 3994
2757 3774
2759 3469
2761 3974
2763 3150
2763 3354
2764 3009
2765 2900
2766 3703
2767 2793
2768 3868
2769 3424
2772 2998
2774 2864
2775 2967
2775 3179
2775 3702
2775 3735
2776 2813
2776 3266
2776 3375
2777 3348
2780 2974
2780 3662
2783 2964
2783 3157
2785 2884
2785 3038
2785 3106
2786 2792
2787 2867
2787 3349
2787 3451
2787 3829
2792 2842
2792 3136
2794 3613
2795 3563
2795 3701
2796 3042
2796 3772
2796 3903
2797 3600
2798 3062
2798 3936
2799 3464
2800 3523
2800 3759
2802 2858
2802 3634
2804 3172
2804 3462
2806 2821
2806 3588
2806 3823
2806 3876
2807 3862
2809 2851
2809 2970
2809 3015
2811 2836
2811 3271
2814 2966
2814 3936
2815 3636
2815 3877
2816 2858
2816 2916
2818 3660
2821 2989
2822 3994
2823 3000
2825 3218
2825 3960
2826 3235
2827 3044
2827 3777
2828 3024
2829 2845
2829 3618
2830 3530
2830 3565
2831 2879
2831 3481
2831 3702
2832 2881
2832 3408
2832 3706
2833 3180
2833 3487
2833 3912
2833 3994
2835 3874
2836 3735
2836 3913
2837 3309
2839 3231
2840 2960
2842 3163
2843 3326
2844 3429
2844 3514
2844 3572
2845 2909
2845 3754
2846 3475
2848 3380
2851 3828
2852 2930
2852 3557
2852 3831
2856 3693
2857 3350
2857 3649
2857 3868
2859 3591
2859 3627
2859 3759
2859 3829
2860 3678
2863 3153
2864 3727
2864 3835
2865 3016
2865 3027
2865 3090
2865 3099
2865 3179
2865 3857
2871 3417
2872 3508
2876 3023
2878 3424
2878 3674
2878 3964
2879 3727
2880 3237
2880 3361
2881 3138
2882 3947
2883 3406
2883 3785
2886 3730
2888 3827
2890 3462
2890 3601
2891 3871
2892 3075
2892 3209
2892 3813
2893 3039
2893 3049
2894 2957
2894 3562
2894 3739
2895 3079
2895 3132
2903 2957
2903 3083
2903 3686
2907 3001
2909 3602
2911 3092
2912 3262
2912 3891
2915 2992
2918 3194
2920 3550
2921 3814
2921 3919
2922 3419
2922 3744
2922 3754
2923 3867
2924 3388
2924 3886
2925 3351
2925 3869
2928 3601
2928 3794
2929 3559
2931 3703
2932 3476
2935 3007
2937 3663
2938 3620
2939 2977
2939 3090
2939 3326
2939 3566
2940 3180
2941 3396
2941 3451
2943 3809
2944 3181
2944 3677
2946 3622
2947 3644
2947 3683
2947 3896
2948 3446
2949 3655
2950 3515
2952 3841
2953 3419
2954 3255
2956 3220
2957 3317
2957 3448
2957 3519
2957 3955
2958 3545
2959 3329
2960 3419
2962 3630
2963 3836
2964 3978
2965 3021
2966 3099
2967 3154
2968 3541
2969 3363
2970 3020
2971 3331
2971 3484
2971 3628
2971 3765
2972 3717
2973 3174
2973 3202
2974 3757
2975 3689
2975 3826
2976 3988
2977 3124
2977 3337
2978 3608
2978 3792
2979 3574
2980 3479
2980 3537
2983 3244
2986 3541
2986 3639
2987 3405
2987 3639
2989 3500
2991 3908
2992 3667
2993 3102
2994 3215
2994 3547
2994 3979
2996 3757
2996 3946
2998 3886
2999 3318
3002 3075
3003 3656
3004 3549
3006 3778
3007 3172
3007 3289
3008 3868
3010 3080
3010 3961
3012 3256
3012 3265
3012 3343
3013 3342
3013 3876
3014 3118
3016 3494
3016 3817
3021 3141
3023 3239
3023 3355
3023 3587
3024 3392
3024 3830
3024 3964
3025 3625
3025 3902
3027 3501
3028 3359
3028 3940
3029 3376
3030 3310
3036 3724
3038 3762
3038 3806
3038 3885
3040 3571
3040 3646
3042 3106
3042 3504
3044 3366
3046 3660
3048 3095
3051 3606
3051 3830
3052 3175
3052 3407
3052 3957
3055 3919
3057 3570
3058 3421
3059 3356
3059 3497
3061 3304
3061 3384
3062 3426
3062 3851
3064 3793
3064 3812
3065 3190
3065 3376
3067 3513
3070 3071
3072 3430
3072 3539
3073 3222
3074 3172
3074 3568
3075 3194
3076 3921
3078 3412
3079 3777
3080 3692
3082 3155
3082 3889
3083 3295
3085 3216
3087 3156
3091 3856
3092 3430
3095 3139
3096 3343
3099 3492
3100 3823
3101 3772
3102 3549
3106 3629
3107 3907
3108 3725
3109 3953
3110 3276
3110 3758
3111 3387
3111 3584
3116 3562
3118 3922
3120 3529
3121 3160
3122 3224
3125 3563
3126 3535
3127 3262
3127 3673
3128 3531
3129 3413
3132 3148
3132 3489
3136 3576
3137 3177
3137 3776
3139 3894
3140 3273
3140 3695
3142 3884
3143 3213
3143 3741
3144 3691
3146 3322
3146 3589
3147 3191
3158 3289
3158 3326
3159 3430
3162 3860
3162 3944
3163 3667
3163 3943
3164 3777
3167 3324
3168 3935
3169 3181
3173 3963
3179 3784
3180 3340
3180 3930
3181 3512
3184 3557
3185 3596
3188 3477
3190 3434
3190 3713
3193 3750
3193 3789
3197 3730
3199 3501
3202 3301
3203 3374
3203 3580
3203 3890
3204 3720
3206 3227
3207 3481
3211 3663
3212 3253
3213 3703
3213 3877
3215 3498
3215 3742
3216 3625
3217 3550
3218 3489
3218 3734
3220 3834
3221 3435
3221 3481
3221 3956
3226 3567
3227 3786
3228 3829
3230 3744
3231 3563
3232 3570
3232 3729
3234 3976
3237 3435
3237 3928
3243 3845
3244 3557
3244 3827
3245 3446
3245 3853
3246 3462
3254 3552
3254 3556
3254 3621
3254 3681
3254 3967
3256 3395
3259 3661
3260 3756
3263 3400
3263 3753
3266 3455
3266 3479
3266 3572
3268 3908
3274 3363
3274 3395
3275 3552
3278 3340
3279 3338
3280 3589
3286 3429
3286 3633
3287 3684
3287 3896
3288 3673
3288 3870
3289 3702
3290 3428
3290 3780
3290 3830
3291 3754
3292 3614
3298 3762
3305 3527
3306 3807
3307 3321
3307 3872
3310 3744
3310 3871
3311 3325
3311 3479
3311 3549
3313 3733
3314 3966
3315 3440
3315 3857
3315 3901
3320 3777
3321 3932
3322 3808
3324 3336
3326 3524
3331 3737
3334 3848
3334 3894
3337 3691
3337 3996
3338 3778
3339 3582
3339 3921
3339 3985
3341 3895
3342 3514
3344 3434
3351 3414
3353 3383
3354 3727
3355 3838
3357 3587
3359 3396
3359 3496
3361 3724
3361 3898
3364 3956
3366 3436
3367 3707
3370 3374
3372 3996
3374 3565
3376 3608
3378 3523
3378 3834
3379 3665
3384 3892
3386 3645
3386 3658
3387 3811
3389 3574
3391 3902
3394 3453
3394 3597
3395 3396
3395 3952
3396 3511
3397 3427
3400 3508
3400 3900
3401 3861
3401 3891
3402 3916
3405 3754
3406 3847
3407 3896
3408 3534
3409 3792
3413 3899
3420 3580
3420 3789
3421 3445
3426 3462
3426 3816
3426 3934
3432 3503
3432 3786
3433 3790
3436 3933
3437 3678
3438 3860
3442 3871
3444 3489
3446 3779
3450 3588
3452 3771
3457 3559
3457 3957
3465 3946
3470 3510
3479 3482
3483 3787
3485 3675
3487 3660
3490 3693
3492 3895
3497 3791
3500 3667
3501 3671
3505 3618
3507 3667
3508 3730
3510 3953
3511 3942
3513 3716
3514 3849
3517 3520
3520 3971
3520 3985
3522 3897
3523 3857
3524 3729
3526 3566
3526 3761
3526 3789
3528 3600
3529 3812
3535 3931
3536 3989
3537 3608
3538 3936
3544 3567
3545 3972
3546 3578
3547 3949
3549 3719
3550 3733
3552 3575
3553 3660
3558 3787
3558 3829
3559 3811
3562 3724
3568 3603
3568 3928
3568 3969
3570 3725
3573 3970
3574 3616
3576 3824
3577 3746
3578 3674
3578 3980
3580 3976
3582 3946
3584 3652
3584 3667
3585 3614
3585 3676
3586 3652
3586 3744
3588 3674
3588 3858
3592 3873
3593 3873
3599 3746
3604 3881
3605 3942
3607 3939
3608 3920
3610 3786
3613 3990
3615 3703
3616 3863
3618 3709
3618 3761
3622 3736
3626 3856
3633 3807
3634 3813
3634 3902
3641 3695
3647 3756
3648 3698
3650 3924
3651 3902
3656 3904
3657 3754
3663 3893
3666 3802
3667 3779
3670 3752
3680 3761
3680 3824
3681 3706
3681 3708
3683 3843
3686 3996
3695 3978
3699 3793
3708 3725
3713 3847
3714 3845
3716 3983
3719 3729
3723 3957
3732 3762
3733 3908
3737 3897
3747 3789
3747 3991
3753 3855
3760 3995
3765 3805
3765 3956
3768 3997
3782 3856
3783 3786
3785 3879
3786 3998
3790 3991
3795 3878
3802 3921
3813 3935
3834 3976
3841 3932
3863 3992
3863 3996
3895 3911
3902 3917
3905 3915
3919 3922
3920 3959
3921 3926
3964 3998
3986 3989
