0 2381
0 2419
1 2288
1 2482
2 15
2 741
2 2716
3 1463
3 3110
4 314
4 658
5 131
5 156
5 789
5 1583
5 1825
5 2838
5 2963
5 3139
6 686
6 810
6 1416
6 1921
7 573
7 2437
7 2951
7 3024
7 3268
7 3706
8 1295
8 3137
9 121
9 1684
9 2989
10 244
10 592
10 1406
10 1541
10 2075
10 2586
11 514
11 651
11 1434
11 3463
12 259
12 2822
12 3127
13 193
13 852
13 2406
13 3555
13 3872
14 2561
14 3417
14 3515
15 114
15 1265
15 1284
15 1391
15 1619
15 3747
16 324
16 2298
16 2799
16 3787
17 409
17 1243
17 1546
17 2653
17 3333
17 3371
18 1275
18 1517
18 3435
19 457
19 799
19 3816
20 1536
20 1866
20 2172
21 2592
21 2626
22 2289
22 2614
23 726
24 732
24 1123
24 1221
24 1366
24 1606
24 2790
24 3539
24 3635
25 864
25 2258
25 2405
25 2624
26 1373
26 1906
26 2149
26 2210
27 391
27 976
27 1380
27 1673
27 2537
27 2793
27 2908
27 2970
28 1248
28 1946
28 2344
29 1772
29 2875
29 3632
30 196
30 1302
30 1905
30 2465
30 3300
31 180
31 3241
32 90
32 358
32 1483
32 2601
33 1903
33 3317
33 3705
34 941
34 1985
34 2298
35 3483
35 3703
36 3507
37 749
37 1278
37 1799
37 3836
39 1299
39 2465
40 568
40 1860
40 2505
40 3561
40 3733
41 382
41 1053
41 1353
41 1474
41 2243
42 2240
42 2740
42 2831
42 3440
42 3820
43 125
43 3008
44 353
44 1147
44 1197
44 1566
44 1747
44 2347
45 576
45 1645
45 2001
46 2705
46 3364
47 483
48 933
48 1741
48 2052
48 3161
49 246
49 472
49 507
49 2211
49 2217
50 1051
50 1583
50 3331
51 532
51 750
51 756
51 1648
51 2106
51 3239
51 3603
51 3606
51 3894
52 68
52 1423
52 1994
52 3654
52 3678
53 389
53 2796
54 1198
54 2279
54 2468
54 2784
54 2878
54 3013
55 1664
55 2754
55 3245
56 1485
56 2105
56 3113
56 3619
57 628
57 1415
57 2421
57 2821
58 534
58 1043
58 1308
58 2270
58 2957
59 1729
59 2140
59 3559
60 1265
60 1820
60 3571
61 86
61 127
61 1434
61 2194
62 1335
62 3609
63 232
63 1913
63 2379
63 2840
64 1743
64 2163
64 2784
64 3707
64 3943
65 269
65 1692
66 949
66 969
66 1247
66 1288
67 116
67 451
67 3842
68 1357
68 2658
68 2761
68 2951
68 3328
68 3585
69 204
69 1082
69 2998
70 679
70 3603
71 355
71 1325
71 2360
71 3333
72 444
72 1174
72 3005
72 3967
73 87
73 1497
73 1543
73 3191
74 109
74 1739
74 1965
74 2281
75 972
75 1229
75 1657
75 1772
75 2072
76 224
76 649
76 960
76 1157
76 1168
76 1555
76 1733
76 1994
76 3535
76 3939
77 305
77 1302
77 3935
78 551
78 2151
79 454
79 1517
79 1897
79 3238
79 3673
79 3857
80 2504
80 3394
80 3912
81 1088
81 1737
81 2846
81 3385
82 106
82 2732
83 1281
83 1640
83 1687
83 2966
84 785
84 1309
84 2336
84 2688
84 3596
85 259
85 768
85 2052
85 2120
85 2385
85 3495
86 521
86 1226
86 2898
86 3372
86 3596
86 3871
87 1342
87 1746
87 2143
87 2278
87 2989
88 437
88 1867
88 2421
88 3029
89 844
89 1102
89 1373
89 2636
89 3882
90 203
90 357
90 3087
91 227
91 3183
92 658
92 1422
92 2138
92 2904
93 1013
93 1153
93 2189
94 1831
94 2690
94 3015
94 3327
94 3942
95 1155
95 2119
95 2836
95 3003
96 118
96 215
96 318
96 503
96 2397
96 2426
97 403
97 915
97 2134
97 3034
97 3248
98 2360
98 2926
99 3351
99 3624
99 3652
100 551
100 2040
100 3152
100 3259
101 580
101 802
101 1235
101 1479
102 1294
102 2004
102 2836
102 3018
102 3335
102 3552
103 1245
103 1578
103 2199
103 2460
103 2591
103 2963
103 3209
104 1688
104 2315
104 2981
105 780
105 3263
106 2136
106 2865
106 3028
107 323
107 604
107 1513
107 1715
107 2584
108 961
108 1579
108 2668
108 2858
108 3124
108 3598
108 3741
109 244
109 904
109 943
109 1216
109 1529
109 1687
109 2286
109 3467
110 1110
110 1841
110 1890
110 2649
111 1357
112 325
112 439
112 1766
113 970
113 1303
113 2653
114 1376
114 2636
115 251
115 540
115 890
115 1490
115 2698
115 2716
115 2944
115 3906
116 621
116 1332
116 1337
116 1742
116 2038
116 2433
116 3536
117 1456
117 1731
118 919
118 1573
118 1780
118 2097
118 2337
118 2814
118 3024
118 3094
118 3348
119 398
119 958
119 3031
119 3098
120 1632
120 1797
120 2592
120 3048
121 2250
121 2391
121 2538
121 2879
121 3952
122 2209
122 2443
122 3293
123 147
123 197
123 1098
123 1336
123 2149
123 3302
124 161
124 1686
124 1835
125 2592
125 3205
126 1697
126 2854
127 507
127 3007
127 3495
128 434
128 645
128 1507
128 1722
128 2467
128 2674
128 3010
128 3076
129 1184
130 1653
130 3423
131 1712
131 1817
131 2072
131 2258
131 2662
131 2792
131 3451
131 3458
131 3717
132 1428
133 1742
134 289
134 958
134 1158
134 1437
134 1667
134 3354
135 1993
135 2789
135 3760
136 671
136 2923
136 2962
136 2983
136 3535
137 2964
137 3117
137 3283
138 1845
138 2202
138 3767
138 3808
139 1139
139 2937
140 512
140 1885
140 3141
140 3538
141 615
141 1405
142 2405
142 2604
142 3107
143 422
143 870
143 1230
143 1250
143 3334
144 1149
144 2103
144 3045
144 3106
144 3179
145 833
145 3186
145 3521
146 506
146 819
146 1022
146 1496
146 2646
147 749
147 1182
147 2972
147 3087
147 3732
148 1170
148 2228
148 2766
148 2777
148 2886
148 3096
148 3173
148 3268
149 1360
149 3137
150 3305
151 1703
151 2150
151 3794
152 619
152 2572
152 3311
153 1742
153 2977
153 3443
154 1706
155 3278
155 3619
155 3650
155 3721
156 197
156 1642
156 3408
157 1178
157 1464
157 2346
157 3038
158 2788
159 1416
159 1618
159 2040
159 3098
160 166
160 491
160 742
160 999
160 1286
160 1854
160 2988
160 3700
161 1446
161 1664
161 2678
161 3362
161 3591
162 730
162 1130
162 1330
162 1965
162 2386
163 1325
163 1413
163 1570
164 1567
164 1734
164 2209
164 3121
165 476
165 835
166 2044
167 3061
168 881
168 2069
168 2132
168 2545
168 2857
168 3637
168 3769
169 1183
169 1225
169 1733
169 3464
170 269
170 1567
170 2038
170 2783
170 2910
170 3116
170 3677
171 1336
171 1990
171 2963
172 1109
172 2000
172 2218
172 2237
172 3747
172 3859
173 2401
173 2755
174 591
174 630
174 656
174 668
174 1518
174 2628
174 3763
175 1337
175 1854
175 1975
175 2015
175 3895
176 1958
176 3129
176 3772
178 700
178 2649
178 2698
178 3093
178 3940
179 349
179 462
179 1205
179 1543
179 3426
179 3741
180 1251
180 1413
181 1012
181 1122
181 1134
181 1388
181 2732
182 2792
182 2945
182 3262
182 3757
183 593
183 1500
183 2031
183 2168
183 3301
184 202
184 208
184 1472
184 2022
184 2867
185 376
185 1642
185 2868
185 3318
186 2119
186 2141
186 3586
186 3842
187 227
187 705
187 914
187 1461
187 1611
187 2699
188 754
188 834
188 1258
188 2178
188 2313
188 2515
189 915
189 1434
189 1505
189 2721
190 1568
190 1732
191 877
191 1264
191 2363
191 3475
192 476
192 1414
192 2383
192 2444
193 1042
193 2095
193 2324
194 2277
194 2591
194 3635
194 3663
195 1450
195 2448
195 3600
196 1304
196 2350
196 3326
196 3730
197 1257
197 1580
197 2425
199 2072
199 2167
199 3754
200 611
200 1744
200 1782
200 2530
200 2684
200 2765
200 3892
201 325
201 619
201 766
202 265
202 2792
202 2948
203 3997
204 945
204 3498
204 3653
205 912
205 1925
206 1426
206 1724
206 2415
206 2988
206 3023
206 3055
206 3927
207 1108
207 2275
207 2346
208 463
208 920
208 2451
208 3613
208 3689
208 3753
208 3844
208 3896
209 956
209 2186
209 2442
209 2934
209 3015
209 3263
210 275
210 384
210 1992
211 600
211 650
211 715
211 3622
211 3902
212 829
212 2464
212 3597
213 343
213 1322
213 2311
213 2730
213 3114
214 248
214 334
214 939
214 2807
214 3256
214 3555
215 516
215 1137
216 558
216 2122
216 2976
216 3898
217 1208
217 1246
217 1427
217 1694
217 2118
217 2695
218 339
218 902
218 1902
218 2578
219 539
219 767
219 1193
219 2977
219 3752
220 1771
220 1890
220 2187
220 3112
220 3652
221 312
221 620
221 658
221 687
221 1084
221 1602
222 257
222 2128
222 2782
222 2935
222 3325
223 2323
224 1741
224 2329
225 3263
226 882
226 1564
226 1674
226 2569
226 2841
227 2062
227 2627
227 2892
227 2967
228 1939
228 2826
229 953
229 1328
229 1345
229 2242
229 2570
230 1165
230 1931
230 2388
230 2662
230 2895
231 827
231 1104
231 2046
231 2323
231 2368
231 2437
232 1425
232 1611
232 2917
232 3716
232 3718
232 3769
233 504
233 1034
233 2063
233 3119
234 641
234 1075
234 3654
235 3988
236 2129
236 2355
236 3096
237 1422
238 979
238 1330
238 1648
238 1830
239 1376
239 1452
239 3269
239 3565
240 1465
240 3361
241 423
241 1440
241 1829
241 2272
241 2607
241 3292
241 3380
242 1591
242 2511
242 2726
242 2971
242 3040
243 508
243 1249
243 1275
243 2014
243 2218
243 2788
244 1755
245 1774
245 2321
246 1314
246 2452
246 3665
246 3796
247 731
247 1435
247 1456
247 1466
247 2454
247 3420
247 3528
248 1998
249 1660
249 1758
249 2799
250 1890
250 3704
251 756
251 3998
252 851
252 1042
252 1390
252 2141
253 346
253 935
253 1155
253 1519
253 1602
253 2338
253 3100
253 3828
253 3872
254 811
254 2506
254 3113
255 1080
255 1602
255 1981
255 2781
255 3638
256 1971
256 3840
257 414
257 451
257 2641
257 3207
258 1021
258 1432
258 3658
258 3911
260 646
260 924
260 986
260 3848
261 913
261 1134
261 2626
261 2918
261 3257
262 997
262 1104
263 543
263 952
263 1256
263 2035
263 2556
263 3932
264 1725
264 3696
265 678
266 828
266 1087
266 1385
266 3264
266 3805
267 1660
267 2460
267 2992
267 3737
268 778
268 800
268 2179
268 3523
269 1127
269 1593
269 2300
270 313
270 1198
270 1225
270 1322
270 2005
271 952
271 974
271 1107
272 1672
272 2369
272 2614
272 3995
273 306
273 571
273 952
273 1368
273 2706
273 3411
274 724
274 1255
274 3041
275 1243
275 2526
275 2714
275 3052
275 3590
276 350
276 1403
276 3540
277 337
277 1246
277 2434
278 2757
278 2912
279 921
279 1454
279 3802
280 577
280 1554
280 1768
280 2595
281 1111
281 2677
281 2792
281 3678
281 3750
282 921
282 1216
282 1532
282 1621
282 1629
282 1981
282 2055
282 2994
282 3748
283 1917
283 2190
283 2653
283 2877
283 3930
284 345
284 3011
285 604
285 956
285 1282
285 1405
285 1570
286 1521
286 2797
286 2831
286 2907
286 3964
287 1100
287 3788
288 1028
288 1029
288 1674
288 2377
288 3206
289 1807
289 3451
290 769
290 892
290 3343
290 3391
291 344
291 1214
291 3083
292 592
292 2749
292 2776
293 603
293 830
293 2124
293 2281
293 3072
293 3438
293 3503
293 3757
293 3957
294 920
294 1141
294 1743
294 1762
294 2215
294 2492
294 3427
295 789
295 876
295 2751
295 3417
295 3508
296 2433
296 2943
296 2976
296 3162
296 3855
297 1564
297 1653
297 1991
297 2136
297 2461
297 2755
298 1790
298 1837
298 1885
298 2152
298 2316
298 2410
298 3965
298 3993
299 1056
299 1080
299 1124
299 1991
299 2685
300 1464
300 3025
301 556
301 685
302 1031
302 1197
303 985
303 3972
304 1390
304 1793
304 2247
305 330
305 425
305 658
305 935
305 1113
305 1485
305 1676
305 3204
305 3948
306 1121
306 1138
306 2279
306 2321
307 358
307 545
307 1246
307 1799
307 1953
307 2319
307 3981
308 3255
308 3871
309 406
309 912
309 1557
310 757
310 2220
310 2497
310 2524
310 2814
310 3219
311 1153
311 1599
312 1261
313 1162
313 1658
313 3213
314 1359
314 2263
314 2386
314 2551
314 3559
315 2599
315 3335
315 3373
316 3791
316 3801
316 3976
317 952
317 1729
317 3639
318 1188
318 1843
318 2141
319 2753
319 2812
319 3808
319 3929
320 2241
320 2478
321 2916
321 3704
322 1274
322 2349
322 3494
323 578
323 613
323 891
323 2917
324 1181
324 2158
324 2670
325 1832
326 1985
326 3577
326 3819
327 3220
328 843
328 2598
328 2731
328 3165
329 2273
329 3115
330 2487
331 1566
331 2499
331 3448
332 769
332 2172
333 2307
333 2469
333 2935
333 3428
335 1027
335 1193
335 3466
336 519
338 1133
338 1875
339 1214
339 1245
339 1259
339 2397
339 2829
339 3820
340 617
340 728
340 1633
340 2202
340 3004
340 3050
341 1664
341 3214
341 3303
342 457
342 532
342 755
342 2617
342 2742
342 2926
343 601
343 1331
343 1529
343 1657
343 1773
344 436
344 737
344 2617
344 3918
345 1084
345 1842
345 2484
345 2508
345 2857
345 3807
346 1288
346 1433
346 3711
347 775
347 1646
347 2023
347 2195
348 1250
348 2100
348 3707
349 506
349 1816
349 3070
350 3632
350 3718
351 699
351 1082
351 1431
352 2668
353 1077
353 1432
353 2419
353 2904
354 859
354 965
354 2344
354 2597
355 428
355 1302
356 682
356 1381
356 2202
356 2987
357 1266
357 1641
357 2313
357 2825
358 953
358 1268
358 2850
358 3182
358 3911
359 2929
359 3569
359 3576
360 1582
360 2101
360 3456
361 1101
361 1564
361 1647
361 2887
362 2058
362 2529
362 3156
363 527
363 598
363 3112
363 3902
364 2255
364 2892
364 3704
365 1637
365 1704
365 1739
365 2802
365 2833
365 3014
365 3614
366 562
366 1062
366 1077
366 1328
366 3201
366 3825
366 3956
367 535
367 744
367 754
367 793
367 1248
367 2707
367 3167
368 1523
368 2673
369 490
369 1036
369 1137
369 2170
369 2204
369 2854
369 2868
369 3416
370 2201
370 3025
371 1730
371 1855
371 2138
371 2441
371 2485
371 2701
371 2888
371 3978
372 1353
373 3251
373 3363
374 1595
374 2154
374 2717
374 3668
376 1069
377 651
377 1527
377 2431
377 3051
378 2048
378 2988
378 3179
379 1210
379 1857
379 2253
379 3098
379 3307
380 949
380 981
380 1520
380 1821
380 2767
381 597
382 1260
382 2090
382 2300
383 1227
383 1322
383 2048
384 1077
384 1719
384 2154
385 2277
385 2835
385 3014
385 3376
385 3754
385 3848
385 3993
386 628
386 814
386 3697
387 836
387 1143
387 1444
387 3537
388 601
388 703
389 649
389 1021
389 1626
389 1843
390 712
390 1082
390 1090
390 1118
390 3450
391 1124
391 1934
391 2651
391 2875
391 2905
391 3455
391 3937
392 993
392 1666
392 3659
393 1545
393 1621
393 3094
393 3114
393 3211
394 1847
394 2768
394 3389
394 3971
395 1136
395 2346
395 3760
395 3780
396 407
396 1574
396 2191
396 3631
397 1106
397 1209
397 1512
397 2853
397 2980
397 3072
397 3475
397 3811
398 1353
398 1798
398 2482
398 3422
398 3961
398 3988
399 930
399 1128
399 1178
399 1246
399 2139
399 3011
400 927
400 1818
400 2392
400 2438
400 3283
401 496
401 603
401 2266
402 1808
402 1892
403 441
403 646
403 1929
405 421
405 427
405 2655
405 3635
407 3768
407 3830
408 2975
409 1544
409 2335
409 2957
409 3075
410 1171
410 2377
410 3227
411 2031
411 3956
412 2406
412 2485
412 2656
412 3031
412 3718
413 1741
413 1941
413 3481
414 1632
414 2142
414 2419
415 2931
415 3204
416 3908
417 1048
417 1436
417 1670
417 2200
417 2903
417 3180
417 3317
417 3869
418 1182
418 1478
418 2178
418 2483
418 2979
418 3482
419 1778
419 1785
419 3807
420 808
420 1319
420 2718
420 3768
421 903
421 3240
422 1548
422 1912
422 2949
423 1722
423 2974
424 1258
424 1286
424 1331
424 2619
424 3442
424 3533
425 1647
425 1914
425 2482
426 3200
427 1148
429 2541
429 3311
430 945
430 1187
430 2642
430 3038
430 3903
431 486
431 1396
431 2364
432 1642
432 2138
432 3435
433 1796
433 2297
433 3799
434 913
434 1479
434 2379
434 2656
434 3598
435 500
435 2387
435 3435
436 1449
436 2772
437 1619
437 3456
437 3458
438 892
438 2807
438 3652
439 629
439 812
439 1669
440 3253
441 1070
441 3202
442 3082
443 1526
444 664
444 779
444 1158
444 1957
444 2048
444 2236
444 3533
445 1574
445 1721
445 2406
445 3671
445 3714
446 3233
447 539
447 928
447 3389
447 3459
448 626
448 1711
448 2962
449 984
449 1384
450 886
450 1390
451 587
451 996
451 1059
451 1406
451 2982
452 499
452 1461
452 2078
452 2712
452 3368
453 1651
453 3601
454 762
454 1619
455 772
455 852
455 1044
455 1160
455 3479
455 3713
456 605
456 2813
456 3040
457 661
457 776
457 1107
457 1250
457 1327
457 2415
458 952
458 2137
459 648
459 1757
459 3618
459 3828
460 1016
460 2365
460 2829
460 2937
460 3246
461 590
462 845
462 1208
462 2225
462 3499
463 1044
463 3435
464 2152
464 2158
465 1450
465 1540
465 2042
465 2601
466 3520
466 3755
466 3928
467 1091
467 2341
467 2437
467 2947
468 1102
468 1428
468 2810
469 494
469 725
469 2725
470 2357
470 3638
471 1180
471 1775
471 1808
472 909
472 2365
472 2426
472 2802
472 2816
472 3039
473 1166
473 2053
473 2110
473 3318
473 3640
474 894
474 1348
474 2658
474 3050
474 3568
475 2878
475 3586
475 3897
475 3905
476 1307
476 2417
476 2554
476 2875
476 2921
476 3737
477 3273
477 3838
478 948
478 953
478 1296
478 1531
478 2906
478 3932
479 1394
479 2604
480 561
480 952
480 1754
480 1904
480 3150
480 3187
481 892
481 1024
481 1692
481 3205
482 1345
482 1498
483 2721
483 3795
483 3936
483 3960
484 564
484 1762
484 1952
484 2169
484 2437
484 2559
484 3642
485 862
485 2291
486 501
486 1806
486 3309
486 3748
487 844
487 1403
487 1695
487 2402
487 3154
488 1742
488 2038
488 3597
489 830
489 1433
489 2759
489 3875
490 512
490 679
490 1730
490 1735
490 1826
490 2106
490 2124
491 1719
491 1830
491 1850
492 1853
492 2372
492 3576
493 752
493 1237
493 1389
493 1503
493 1917
493 2092
493 2465
493 3554
494 605
494 3037
494 3048
494 3122
494 3566
495 819
496 1950
496 2214
496 2965
496 3247
497 1034
498 1274
498 3188
498 3236
498 3465
498 3866
499 3499
500 860
500 1020
500 1438
500 3538
500 3796
501 939
501 1101
501 2154
501 2200
502 633
502 2272
503 657
503 752
504 1037
504 1067
504 1313
504 1491
504 1923
504 2738
504 3793
504 3938
505 531
505 1216
505 1713
505 3307
505 3503
506 1544
506 1627
506 3043
507 959
507 3595
508 2661
508 2920
508 2935
508 3774
509 1736
509 3208
509 3659
510 918
510 1424
510 1633
510 1762
510 2536
510 2781
510 3146
510 3173
510 3430
510 3876
512 838
512 1089
512 2917
513 758
513 1750
513 1847
513 2118
513 3225
513 3454
515 1962
515 1985
515 2461
515 3729
515 3796
516 812
516 1368
516 1423
517 2464
517 2561
517 2718
518 538
518 1598
518 3757
519 1065
519 2360
519 3968
520 3814
521 995
521 1028
521 1669
521 2217
521 2848
521 3980
522 538
522 1286
522 2509
522 3951
523 590
523 1758
523 2176
523 2751
523 3437
523 3713
524 1402
524 2471
524 3161
525 2139
525 2576
525 3057
525 3395
526 2371
527 1335
527 3728
528 951
528 1100
528 1469
528 3079
529 1039
529 1421
529 3171
530 939
530 1460
530 1981
530 2200
530 3526
531 1313
531 1430
531 1760
531 2821
532 785
532 864
532 1577
532 3537
533 781
533 849
533 2789
534 1259
535 2671
535 3281
536 1515
537 1539
537 1738
537 1743
537 3288
538 2767
538 2952
538 3105
538 3748
539 2368
539 2872
539 3634
540 1884
540 1925
542 1710
542 2463
543 2952
543 3895
543 3917
544 1469
544 1524
544 1585
544 1601
544 1935
545 3933
546 1853
546 2491
547 2969
547 3127
547 3757
548 741
548 2019
548 2493
548 3367
548 3445
548 3466
550 972
550 1084
550 2620
550 3421
550 3785
551 1182
551 1368
551 2675
551 2806
551 3262
551 3808
552 1205
552 1964
552 2710
552 2769
552 2868
553 1536
554 3107
554 3324
555 1212
555 1881
555 2797
555 2861
556 575
556 1622
556 2295
556 2441
556 3312
557 1610
557 3747
558 1040
558 1624
558 2549
559 1998
559 2982
561 2273
561 2740
561 3585
562 1636
562 1810
562 3371
563 1866
563 2014
563 2221
563 2723
563 3139
563 3761
564 1191
564 2540
564 2825
564 2862
565 909
565 1858
565 3535
566 831
566 1188
566 1371
566 2833
566 3664
567 3913
568 732
568 1475
568 2548
569 3219
570 1612
570 2514
571 1079
571 1593
571 2090
572 713
572 720
572 3854
572 3940
573 1257
573 1616
574 1172
574 1348
574 2293
574 2405
575 1368
575 2710
576 1111
576 1115
576 1340
576 1585
576 1723
577 1054
577 1768
577 2946
578 1482
578 1582
578 2644
578 3364
579 826
579 878
579 1158
579 1171
579 1545
579 1794
579 1944
579 2341
579 2367
579 2432
579 2857
579 3267
579 3491
580 2229
580 2521
580 2634
580 2743
581 650
581 2689
582 1860
582 1941
582 2330
583 897
583 1990
583 2241
583 3482
583 3724
583 3963
584 707
584 1570
585 1775
585 2144
585 2438
585 3714
585 3862
586 950
586 1111
587 1208
587 2034
587 2147
587 3914
588 2905
588 3059
588 3651
589 1596
589 2628
589 2795
589 3155
589 3594
590 2536
590 3176
591 1318
591 1521
591 1767
591 2037
592 1375
592 2415
592 3826
592 3851
593 1742
593 2374
593 2524
594 1786
594 2827
594 2872
594 3337
594 3392
594 3489
594 3594
594 3972
595 861
595 2111
595 2279
595 2714
595 2829
595 3404
596 1204
596 2334
596 3055
596 3589
596 3950
597 1557
597 3985
598 1774
598 2327
598 3090
599 3234
600 2092
601 1445
601 1495
601 1680
601 2983
601 2991
602 604
602 1010
602 2107
603 1553
603 1832
603 3744
604 2050
604 2476
605 1809
605 2802
606 3046
606 3483
607 1639
607 2766
607 2982
608 1037
608 1038
609 728
609 946
609 2600
609 2836
610 1129
610 2297
610 2678
610 2736
610 3556
610 3627
611 638
611 791
611 2101
612 827
612 841
612 851
612 2754
612 2848
613 1771
613 1859
613 2056
613 2381
614 1573
614 2302
614 2664
614 3736
615 1138
615 2283
616 2562
616 3868
617 1178
617 1818
617 2605
618 651
618 2452
618 2662
618 3112
619 2034
619 2085
619 2103
619 2529
619 3658
620 940
620 1322
620 1561
620 3716
620 3802
621 2464
623 1038
623 1510
623 1828
623 1983
623 2656
623 2957
624 845
624 898
624 2577
624 3269
624 3990
625 2140
625 2266
625 3353
627 2652
628 832
628 1802
628 2358
628 2513
628 3074
629 1341
629 1731
629 2194
629 2249
630 1033
630 1673
631 744
631 924
631 1919
631 2585
631 2911
631 3003
632 3586
632 3863
633 1965
633 2614
633 3193
634 3609
634 3733
635 1304
635 2469
635 3210
636 3188
636 3304
637 723
637 1556
637 1803
637 3171
638 2089
638 2842
638 3728
639 914
639 3040
640 2681
641 783
641 1254
641 2467
641 3243
641 3962
642 696
642 790
642 1094
642 3118
642 3199
642 3775
643 1381
643 1825
643 2547
643 3291
644 1420
644 1582
645 3009
645 3186
645 3241
646 684
646 3002
646 3034
646 3162
647 1070
647 1176
647 2911
647 3717
647 3959
648 1266
648 2475
648 2604
648 2623
648 2916
648 3798
649 779
649 822
649 2038
649 3403
649 3517
649 3970
650 809
650 1177
650 2233
651 710
651 2925
651 3625
651 3633
652 1835
653 1098
653 1224
653 1632
654 1774
654 3121
655 959
655 1296
655 1575
655 1654
655 3170
655 3746
655 3960
656 936
656 1191
656 2460
656 2634
657 2536
658 926
658 1545
658 1623
658 2711
658 3385
658 3772
659 1012
659 3065
660 742
660 1113
660 1221
660 2232
660 2374
660 3150
660 3210
661 2161
661 2657
661 3366
662 1193
662 1384
662 2407
663 2286
663 3719
664 718
664 2684
664 3583
665 1510
665 1518
665 1679
665 2364
665 2668
666 1649
666 1766
666 2086
666 2574
666 2665
666 3429
666 3705
667 1824
669 909
669 1878
669 2053
669 3601
669 3784
670 1765
671 740
671 3252
671 3338
671 3894
672 1131
672 3081
672 3104
672 3317
673 2186
673 2473
673 3284
674 1063
674 2046
675 2251
676 2711
676 3958
677 2345
678 819
678 1091
678 1238
678 1797
679 1718
679 2161
679 3740
680 1893
680 3483
680 3987
681 1641
681 1913
681 3417
681 3843
682 1326
682 1883
682 3575
683 1033
683 1112
683 1481
684 1929
684 2015
684 2623
684 2771
684 3184
684 3772
684 3946
685 1255
685 1588
685 2310
685 2883
686 1436
686 2242
686 2653
686 2809
686 3096
686 3808
687 919
687 1136
687 3891
688 2203
688 2523
688 3001
688 3240
688 3520
689 715
689 739
689 1205
690 1595
690 1966
690 2022
690 2366
691 1073
691 3210
692 1945
692 3617
693 1108
693 1443
693 2674
693 3741
694 1344
694 1387
694 1821
694 2508
694 2576
694 2778
694 2882
694 3336
694 3793
695 888
695 1652
695 2506
695 3818
696 1163
696 1588
697 1203
697 3000
697 3526
699 1252
699 1643
699 2385
700 1061
700 1573
700 1778
700 3612
700 3825
701 3664
701 3989
702 767
702 904
702 1113
702 2699
703 1296
703 1598
703 3045
704 3085
705 1133
705 3618
706 1179
706 3654
706 3827
707 1146
707 2038
708 921
708 932
708 2676
709 1413
709 3439
709 3606
710 1833
710 3739
711 1372
711 2014
711 3914
712 1418
712 1473
712 2105
712 2311
712 2521
712 2959
712 3990
713 1359
713 2931
714 774
714 1964
714 2516
714 3146
715 1393
715 3530
715 3549
716 729
717 875
717 2252
717 3082
718 1483
719 910
719 943
719 1038
719 1443
720 1173
720 2573
720 3007
721 2415
721 3239
722 725
722 2755
722 3089
722 3279
722 3368
722 3511
723 1789
724 843
724 2042
724 2364
725 1724
725 1825
725 1924
725 2231
725 3573
725 3587
726 1764
726 2609
726 2982
726 3672
726 3961
727 2623
727 2824
727 3363
728 1283
728 1517
728 1761
728 2509
729 2960
729 3347
729 3755
729 3774
730 1202
730 1824
730 1988
730 3308
731 962
731 2121
731 3870
732 1744
732 2657
732 2680
732 2715
733 996
733 1588
733 2950
733 3964
734 1641
734 2564
734 2976
735 942
735 3329
736 2963
736 3354
737 1245
737 3166
738 1079
738 2110
738 3188
739 1816
739 2364
739 2386
739 2828
739 3073
740 1670
740 1957
740 3201
740 3325
741 2418
742 1202
742 1990
742 3264
743 866
743 3458
744 2081
744 2322
746 2001
746 2394
747 1976
748 1218
748 1451
748 2256
748 2378
749 2129
749 3314
749 3638
750 900
750 1779
750 3088
750 3775
750 3959
751 1212
751 2636
751 2819
751 3872
752 2071
752 3335
752 3524
752 3992
753 805
753 2139
753 2507
753 2560
753 2805
753 3570
754 1734
754 2196
754 3000
754 3315
754 3768
755 1523
755 3093
755 3142
755 3396
756 1109
756 1173
756 1259
756 1997
756 2406
757 1612
757 2035
757 2926
757 3164
757 3624
757 3667
758 1216
758 2329
758 3649
759 2072
759 2265
760 1293
760 1641
760 2495
760 2617
760 3853
761 1361
761 1948
761 2124
761 2179
762 1819
762 2811
762 3607
763 1261
763 2375
764 825
764 1713
764 2679
764 3050
765 1694
765 2015
765 2183
765 3483
766 1190
766 1584
766 2025
766 2232
767 1321
767 1647
767 3108
767 3157
768 2031
768 3107
769 1575
769 2450
770 1789
770 3151
770 3190
770 3504
770 3765
771 1193
771 3042
771 3137
771 3211
771 3685
771 3890
772 2416
772 3228
773 1389
773 2433
774 1148
774 1627
774 1702
774 2583
774 2849
774 3149
774 3471
775 1735
776 2112
776 2384
777 2800
777 2911
778 917
778 3755
778 3895
779 1819
779 2772
780 832
780 3057
780 3061
781 2024
781 2174
782 2020
782 2289
782 3144
783 1013
783 2010
783 2062
783 2247
783 3817
784 1311
784 1554
784 1664
784 1920
784 3568
785 1842
785 2248
786 2877
787 880
787 1012
787 1298
787 1331
787 1905
787 2233
787 2606
787 3294
788 2540
789 817
789 2316
789 2525
789 2729
789 3083
789 3554
790 1244
790 1719
790 1743
790 2021
791 3249
791 3290
791 3725
791 3790
791 3802
792 1355
792 1722
793 2731
793 3773
794 957
794 1185
794 1195
794 2176
794 3933
795 1873
795 3164
795 3200
795 3482
796 1287
796 2689
797 811
797 2345
797 2706
797 2838
798 1837
798 3251
799 1337
799 1693
799 2131
799 2214
799 2448
799 3328
799 3900
800 3659
801 1587
801 2713
801 2821
801 3052
801 3833
801 3836
802 1846
802 2612
803 1426
803 1521
803 2014
803 3499
803 3823
805 1162
805 1257
805 3047
805 3296
805 3409
805 3574
806 2416
806 2697
806 2866
808 884
808 1431
808 2659
809 1413
809 1603
809 2404
809 2874
810 913
810 1330
811 1622
811 2824
811 2912
811 3704
812 995
812 2302
812 2457
812 3346
813 1564
813 3483
813 3510
813 3659
814 1028
815 1477
815 3856
816 1079
816 2981
817 1024
817 1243
817 1727
817 1858
817 2037
818 909
818 3827
818 3922
819 1011
820 869
820 1085
820 3621
822 994
822 1445
822 2303
823 1926
824 933
824 1255
824 1448
824 1532
825 976
825 2339
825 2843
825 2983
825 2993
825 3597
826 1982
826 2498
827 1757
827 2486
827 3076
828 1455
829 990
829 2962
830 954
831 3888
832 3228
832 3230
832 3820
833 926
833 1104
833 1338
833 2901
834 1640
835 1664
835 1924
836 924
836 1365
836 2329
836 3160
836 3222
837 1879
837 1916
837 3807
838 1012
838 2339
838 3225
839 1263
840 1457
840 1798
840 1907
840 3190
841 1009
841 2292
841 3568
841 3968
842 1243
842 1320
842 1852
843 1730
843 1880
844 1359
844 1520
844 1651
844 2236
844 2736
844 2914
845 963
845 1131
845 3407
846 1821
846 3198
846 3226
847 861
847 1448
847 2640
847 3750
848 2024
849 889
849 1920
849 2660
849 3111
850 2425
850 3111
850 3684
851 900
851 1979
851 2840
851 2887
852 1718
852 1970
852 2967
852 3294
853 1568
853 3725
854 923
854 1342
854 1736
854 3779
855 2690
855 3119
855 3283
856 908
856 991
856 2237
856 3138
856 3974
857 860
857 932
857 1405
857 1556
857 3829
858 3285
858 3646
858 3835
858 3894
860 1673
860 1767
860 1837
860 1924
861 1000
861 1774
861 2693
861 3317
862 2510
862 2572
864 1979
865 2536
865 3021
866 895
866 3049
867 2107
867 3735
868 1301
868 1983
868 2290
869 2346
869 3646
869 3861
869 3917
870 1397
870 1615
870 1680
870 1800
870 2658
870 3451
871 2550
871 3227
871 3548
872 1315
872 2845
873 2009
874 1652
875 1064
875 2896
876 1532
876 2989
877 3053
877 3346
877 3355
878 1174
878 1907
878 3238
879 1930
879 2005
879 3067
879 3674
879 3926
880 1133
880 1925
880 2117
880 3008
880 3025
881 1720
881 2228
881 3529
882 1371
882 1617
882 2377
882 2847
883 2107
883 2895
883 3995
884 1559
884 1867
884 2045
884 2807
884 2828
884 3384
884 3630
884 3740
885 2271
885 2301
886 1566
886 1961
886 2369
886 2951
886 3798
887 1680
887 2920
887 3720
888 2066
888 2224
888 2636
889 981
889 1083
889 1119
889 3775
889 3969
890 1090
890 2398
890 3552
891 1601
891 1964
891 2290
891 2991
891 3128
891 3160
891 3848
892 2177
892 3153
892 3949
893 3293
894 1902
894 3755
895 2724
895 3821
897 986
897 2788
897 3375
898 2809
898 3538
898 3874
899 3266
900 1853
900 1927
900 3749
901 1069
901 1244
901 2665
901 3710
902 2875
903 1644
903 2248
903 3984
904 1071
904 3515
904 3971
905 1096
905 2349
905 3076
906 1581
906 3366
907 1197
908 2399
908 3276
909 1724
909 1789
909 3028
909 3527
909 3722
910 2051
910 2109
910 2169
910 3767
911 1791
911 3387
911 3759
912 1614
912 2221
912 3831
912 3832
913 1547
913 2501
914 2016
914 3390
915 1015
915 1170
915 2443
915 3083
915 3228
915 3518
915 3863
916 1733
916 1757
916 2847
916 3612
916 3768
917 1617
917 3803
919 2866
920 1683
920 2123
920 2837
921 1969
921 2199
921 2543
921 2590
921 2658
921 3989
922 930
922 1474
922 3345
922 3882
923 1159
923 1235
923 1531
923 3467
923 3553
923 3621
924 2178
925 1413
925 1846
925 3293
926 954
926 1365
926 2224
926 2540
926 3095
927 1463
927 2006
927 3465
928 1007
928 1768
929 1457
929 3024
930 1142
930 1522
930 2543
930 2615
930 3270
931 1251
931 2520
931 3053
933 2563
933 2675
933 3126
933 3336
934 1199
934 3809
935 1537
935 3574
936 1921
936 2872
937 2684
937 3575
938 3994
939 1312
939 2146
939 2783
939 3665
940 1471
940 2001
940 2213
940 3970
941 958
941 1118
941 1326
941 1593
941 1916
941 1926
941 1932
941 2162
941 3980
942 1606
942 2543
942 3210
942 3493
943 1443
943 2200
943 2225
943 2500
944 1391
944 1712
944 2748
944 3609
945 3200
946 1513
946 1862
946 3674
946 3848
947 1857
947 2612
947 2680
947 2831
947 3932
948 1229
948 2374
948 2884
948 3067
949 1290
949 1394
949 1839
949 1892
950 1593
950 2475
951 1972
951 2212
951 3091
952 1849
952 2299
952 2562
952 3936
953 961
953 1083
953 3171
953 3495
953 3632
953 3964
954 1071
954 3546
954 3975
955 2235
955 3423
955 3507
955 3599
955 3648
955 3731
956 1288
956 1419
956 2380
956 3009
956 3493
956 3656
957 1391
957 2025
957 2536
957 2918
957 3429
957 3574
957 3641
958 1763
958 1995
958 2047
958 2587
958 3550
959 2335
959 3993
960 3414
961 3297
961 3508
962 2261
962 2295
962 3408
963 1261
963 2678
963 2872
964 2587
965 1599
965 3687
965 3733
966 1002
966 1624
966 3189
967 2121
967 2462
967 3801
967 3990
968 2878
969 1421
969 1672
969 1972
970 1118
971 1340
971 3182
971 3188
972 2640
972 2689
972 3212
972 3472
973 3055
974 1303
974 3053
975 1238
975 2912
976 1484
976 2074
977 2154
977 2548
977 2643
977 2667
978 1028
978 1451
978 2432
978 2541
979 1529
979 2645
979 3151
979 3239
980 1401
980 1870
980 3733
981 1678
981 1804
981 2003
981 2542
981 3183
981 3653
981 3841
982 1897
983 1798
983 3002
984 1458
984 3226
984 3282
985 1040
985 1269
986 1194
986 2340
986 2734
986 3564
987 1211
987 1604
987 2144
987 2302
988 2025
988 3458
988 3970
989 2053
989 2638
989 3221
989 3473
990 1295
990 1483
990 2044
990 2589
990 3779
991 2388
991 2517
991 3460
992 1758
992 2341
992 2605
992 3458
992 3506
992 3622
993 2348
993 2559
993 3499
994 3123
994 3808
995 1081
995 1114
995 1312
995 1946
995 2743
995 3981
996 1145
996 2554
996 2734
997 1242
997 2406
997 3536
998 1516
998 2182
998 2228
998 3789
999 1566
999 1582
999 1946
999 2087
1000 2468
1000 2690
1000 2800
1001 3295
1003 1349
1003 2238
1003 3020
1003 3767
1004 1118
1004 1785
1004 3389
1004 3425
1004 3818
1004 3835
1005 2194
1006 2041
1006 2500
1006 3244
1006 3545
1007 1084
1007 2026
1007 2421
1007 2884
1008 1773
1008 2630
1008 2926
1008 3960
1008 3968
1009 3605
1009 3763
1010 2225
1010 3442
1011 1354
1011 1994
1011 3747
1012 1195
1012 2035
1013 1124
1013 2494
1014 1225
1014 2546
1015 2553
1015 2745
1015 2956
1015 3917
1016 1833
1016 1974
1016 2810
1016 3203
1016 3641
1017 1358
1017 2762
1017 3135
1018 1135
1018 1664
1018 1955
1018 3240
1018 3636
1018 3772
1019 3229
1020 1636
1020 2047
1020 2760
1021 1310
1021 1678
1022 1360
1022 1760
1023 2184
1023 2719
1024 2256
1024 2328
1024 2497
1024 3721
1024 3898
1025 1235
1025 1402
1025 2017
1025 2135
1025 3107
1025 3310
1026 2043
1026 2099
1026 2645
1027 2183
1027 2508
1027 2719
1027 2902
1027 3254
1027 3861
1028 1100
1028 1961
1029 1254
1029 2741
1029 3595
1030 3024
1030 3773
1031 1738
1031 3337
1032 1659
1032 2667
1033 2614
1034 2424
1034 2925
1034 3327
1034 3929
1034 3943
1035 1373
1035 2583
1036 1084
1036 3191
1037 2171
1038 1456
1038 3354
1038 3442
1039 1140
1039 3685
1040 2663
1040 2818
1040 2927
1041 1437
1041 2385
1042 1397
1042 2991
1043 2152
1043 2198
1044 1464
1044 1601
1044 1748
1044 3044
1045 2276
1045 2696
1045 2974
1046 1969
1046 2549
1046 3780
1047 2201
1047 2401
1047 2768
1047 2937
1047 3716
1048 2734
1049 1586
1049 1866
1049 2804
1049 2945
1049 3557
1049 3743
1049 3910
1050 1109
1050 3372
1051 1060
1051 1375
1051 1689
1051 1704
1051 2274
1051 2577
1051 3361
1051 3619
1051 3948
1052 2986
1052 3413
1053 3041
1053 3616
1054 1257
1054 2309
1054 2548
1055 2288
1055 2297
1055 2677
1055 2830
1055 3379
1056 1092
1056 1536
1056 2310
1056 2396
1056 2775
1056 3084
1057 2931
1057 3698
1058 2740
1058 3016
1058 3334
1059 1738
1059 3677
1060 1876
1060 3076
1060 3462
1061 1381
1061 1933
1062 2121
1062 3037
1062 3498
1062 3677
1064 1216
1064 2073
1064 2890
1064 3114
1065 2219
1065 2338
1066 1163
1066 2019
1066 2317
1066 3466
1066 3574
1067 1439
1067 1545
1068 3060
1069 1572
1069 3250
1070 1422
1070 2586
1070 2900
1071 2383
1071 2504
1072 3413
1072 3555
1073 1530
1073 1807
1074 2315
1074 2586
1074 2639
1074 2711
1074 3224
1074 3556
1074 3942
1075 1170
1075 1678
1075 2435
1075 3615
1076 1495
1076 1643
1076 2102
1076 3039
1076 3506
1076 3518
1077 1145
1077 3111
1078 2304
1079 2840
1080 1311
1080 2419
1080 3425
1080 3623
1082 2137
1082 2301
1082 2489
1082 2494
1082 3122
1083 2142
1084 1195
1084 1884
1085 1565
1086 1188
1086 2725
1086 2861
1087 1691
1087 2171
1087 3952
1088 3218
1089 3619
1090 2738
1091 2753
1091 3181
1091 3862
1091 3912
1092 2356
1092 2612
1092 3745
1093 1431
1093 1627
1094 1310
1094 1379
1095 1823
1095 2425
1095 3934
1096 1311
1096 2177
1096 2829
1096 3018
1097 1371
1097 2231
1098 1655
1098 1714
1098 1924
1098 2263
1099 1109
1099 3263
1100 1204
1100 1550
1101 1879
1101 2189
1101 3049
1101 3212
1102 2606
1103 2275
1104 1970
1104 2042
1104 2677
1104 3419
1104 3681
1105 1995
1105 2370
1105 2643
1106 1473
1106 3139
1106 3427
1107 1841
1107 2248
1107 2479
1107 3444
1108 2563
1108 3786
1109 1134
1109 1658
1109 2180
1109 2207
1109 2450
1110 1500
1110 3348
1111 1798
1111 2777
1112 1269
1112 1825
1112 3238
1113 1186
1113 2285
1114 1346
1114 2823
1115 2988
1115 3576
1116 1565
1116 2906
1116 2983
1116 3173
1117 1264
1117 1284
1117 1787
1117 2908
1117 3424
1118 1203
1118 1521
1118 2053
1118 3022
1119 1932
1119 2380
1119 2992
1119 3393
1120 1701
1121 1325
1121 2270
1121 2876
1121 3644
1121 3920
1122 1341
1122 2122
1122 2669
1122 3178
1123 2272
1123 2792
1124 1542
1124 1857
1124 2042
1124 2971
1124 3358
1124 3492
1125 3892
1126 3330
1126 3687
1127 1171
1127 3553
1127 3858
1127 3952
1127 3977
1128 1431
1128 1478
1128 2131
1128 2487
1128 3516
1129 2917
1129 3861
1130 1804
1130 2397
1131 1331
1131 2441
1132 2280
1132 2531
1132 3280
1133 1489
1134 1146
1135 1300
1135 2359
1135 3077
1135 3203
1135 3439
1136 3270
1136 3930
1137 1523
1137 2030
1137 3513
1138 1957
1138 2898
1138 3213
1139 1321
1139 2549
1139 2705
1139 2767
1139 2781
1139 3310
1139 3554
1140 1329
1140 1860
1140 2474
1141 1264
1141 1443
1142 3533
1143 2028
1143 2060
1143 2574
1146 2197
1146 3338
1147 1381
1147 1719
1147 2154
1147 2324
1148 1395
1149 1178
1149 1953
1149 3008
1149 3623
1150 1807
1150 2154
1151 2104
1151 2139
1151 3289
1151 3840
1152 1875
1152 2622
1152 3764
1153 2306
1153 2949
1153 3556
1153 3620
1154 1302
1154 1878
1154 2136
1155 1913
1156 2408
1157 2401
1157 2435
1158 2252
1158 3153
1158 3358
1158 3375
1159 2454
1159 3667
1160 1215
1160 1955
1161 1702
1161 1874
1161 2629
1161 3460
1161 3473
1162 1307
1162 3482
1162 3574
1163 1915
1163 2097
1164 1471
1164 1669
1164 3192
1165 1741
1165 3729
1166 3586
1167 1781
1167 1956
1167 3506
1167 3532
1168 1347
1168 2592
1169 1658
1169 1899
1169 2956
1169 3641
1170 1450
1170 2807
1170 3972
1171 2666
1172 2088
1172 2713
1173 1533
1173 2882
1173 3295
1173 3830
1173 3870
1174 1505
1174 1771
1174 2502
1174 3652
1175 1206
1176 1493
1176 2286
1176 3570
1177 2201
1177 2333
1177 3972
1178 1409
1178 1809
1178 2368
1179 1259
1179 2890
1180 1398
1181 1917
1181 2342
1182 1891
1182 2037
1182 2447
1182 3647
1183 1675
1183 1781
1183 2679
1183 3234
1184 1754
1186 1791
1186 3250
1186 3309
1186 3839
1187 2784
1189 3588
1190 1637
1190 2297
1190 2414
1190 3998
1191 2055
1192 2490
1192 2851
1192 3041
1193 1529
1193 1767
1193 2200
1193 3317
1194 2115
1194 3221
1195 1559
1195 2730
1195 2816
1195 3429
1196 1220
1196 2265
1196 3021
1196 3536
1196 3885
1197 3757
1197 3889
1198 2246
1198 2607
1198 3008
1199 2231
1199 3475
1199 3666
1199 3736
1199 3787
1200 1205
1200 1642
1200 2654
1201 2944
1201 3596
1201 3611
1201 3714
1202 2877
1202 3218
1203 1335
1203 2046
1203 2087
1203 2168
1203 2948
1204 1470
1204 1506
1205 3996
1206 1446
1206 1660
1206 2078
1206 2757
1206 2868
1206 3202
1206 3404
1206 3440
1206 3938
1207 2030
1207 2550
1208 1502
1208 3653
1209 1956
1209 2502
1209 3492
1210 1619
1210 2193
1211 1529
1212 2006
1212 3082
1213 1341
1213 3084
1213 3405
1214 2324
1214 2381
1214 2728
1214 2770
1214 3626
1214 3638
1216 2783
1217 1965
1217 3861
1218 1279
1218 2026
1218 2036
1218 3996
1219 2544
1219 2820
1219 3137
1219 3233
1219 3488
1219 3765
1219 3797
1219 3896
1220 2023
1222 2030
1222 2195
1222 2270
1222 2566
1222 3064
1222 3152
1222 3327
1222 3351
1223 1599
1223 3681
1224 2318
1224 3053
1224 3151
1224 3260
1224 3645
1224 3968
1225 1476
1225 2175
1225 3189
1225 3366
1225 3817
1226 1233
1226 1410
1226 2176
1226 2370
1226 3523
1227 3878
1227 3974
1228 2416
1228 3489
1229 1472
1229 1611
1230 1559
1231 1444
1231 2040
1231 2966
1232 1471
1232 1896
1233 1256
1233 1397
1233 2155
1234 2038
1234 3205
1234 3796
1235 2221
1235 3951
1236 1442
1236 1982
1236 2149
1236 2874
1237 3039
1238 2217
1238 2697
1238 3297
1239 3363
1239 3545
1240 1669
1240 2503
1240 3599
1241 1383
1241 1552
1241 3713
1241 3782
1242 2018
1242 2688
1243 1839
1243 2239
1243 2541
1245 1722
1245 3322
1246 1339
1246 2614
1247 3349
1247 3426
1248 1488
1248 2100
1248 3445
1248 3560
1249 1359
1249 3404
1249 3426
1250 1806
1250 2339
1252 1549
1252 2015
1252 3163
1253 1947
1253 2577
1253 3122
1253 3314
1254 3532
1255 2482
1256 2449
1256 2824
1257 2703
1258 2430
1259 1582
1259 2656
1260 2417
1260 3234
1260 3292
1260 3538
1261 1333
1261 3155
1261 3302
1261 3331
1261 3697
1262 2522
1263 1339
1263 2222
1263 3632
1264 1529
1264 1624
1264 3660
1265 2780
1266 3297
1266 3946
1267 2093
1267 2449
1267 3029
1267 3396
1268 1498
1268 1557
1268 2625
1268 2682
1268 3205
1269 1282
1269 2086
1270 1658
1270 1925
1270 3102
1270 3431
1271 2015
1271 2258
1271 2279
1271 2312
1271 3243
1271 3946
1273 1913
1273 3589
1274 2744
1274 3183
1274 3299
1274 3494
1274 3787
1275 2230
1275 2307
1275 2455
1276 2507
1276 2569
1276 2786
1276 3655
1277 1583
1277 1887
1277 3053
1277 3739
1278 1856
1278 2117
1278 2367
1278 2789
1278 2940
1278 3696
1278 3993
1279 1642
1279 2002
1280 1769
1280 1846
1281 1584
1281 2045
1281 2906
1282 2409
1282 2589
1282 2971
1282 3248
1283 1822
1283 2023
1284 2799
1284 3072
1285 1455
1285 1870
1285 2122
1286 1855
1286 2165
1286 2622
1287 1703
1287 1828
1287 2823
1288 1317
1288 3403
1288 3634
1289 1724
1289 2501
1289 3188
1289 3798
1289 3918
1290 1837
1291 1682
1291 2393
1291 2861
1292 2255
1293 1749
1293 1767
1293 1940
1293 3119
1294 2470
1294 2732
1294 2855
1295 2414
1296 3036
1298 2609
1299 1373
1299 1690
1299 3039
1299 3810
1300 2445
1300 2729
1300 3949
1301 1865
1301 3130
1302 1834
1302 2153
1302 2605
1302 3282
1303 2929
1303 3916
1304 1797
1306 1322
1306 2192
1308 1793
1308 2273
1308 3080
1308 3139
1309 2559
1309 3022
1310 2337
1310 2970
1310 3085
1311 2060
1311 2544
1311 3121
1312 3421
1312 3724
1313 1624
1313 1629
1313 2454
1313 2514
1313 3209
1313 3465
1313 3663
1314 3053
1314 3366
1314 3786
1315 1772
1315 2751
1315 3380
1316 3284
1317 1340
1317 3047
1317 3754
1318 3156
1318 3675
1318 3870
1319 1487
1319 2273
1319 2913
1319 3040
1319 3461
1320 2319
1320 2326
1321 1865
1322 1591
1322 1818
1323 1748
1323 2217
1323 2654
1323 3439
1324 1553
1324 1936
1324 3337
1324 3766
1325 1815
1325 2675
1325 3920
1326 2077
1326 2934
1326 3665
1326 3980
1327 1527
1327 2238
1327 2279
1327 3360
1327 3614
1328 1425
1328 3324
1329 1682
1329 2190
1330 1564
1330 1725
1330 2944
1330 3332
1330 3855
1331 2515
1331 3103
1331 3135
1331 3318
1331 3385
1332 2665
1332 3123
1332 3216
1332 3673
1333 2600
1333 2906
1334 1965
1334 2403
1335 2971
1335 3084
1335 3107
1335 3222
1335 3630
1335 3902
1335 3997
1336 1644
1336 2076
1336 2563
1336 3697
1337 3332
1337 3505
1338 2265
1338 3618
1339 2817
1340 2700
1340 2766
1340 3921
1340 3937
1341 1973
1341 2068
1341 2779
1341 3922
1342 2730
1342 3464
1343 1695
1343 2375
1343 2602
1343 2851
1343 3010
1343 3601
1345 1754
1345 2402
1345 2931
1346 1788
1346 1930
1346 2055
1346 2520
1347 1423
1347 1869
1347 2079
1348 1759
1348 1985
1348 2417
1348 3420
1349 1756
1349 3382
1349 3709
1349 3932
1349 3947
1350 1767
1350 2544
1351 1633
1351 3195
1351 3366
1352 1800
1352 2564
1352 2916
1352 3658
1353 2354
1353 2848
1353 3762
1354 2834
1355 2047
1356 1926
1356 2145
1356 2327
1357 2438
1357 2607
1357 3878
1358 1910
1358 2235
1358 2821
1358 3415
1358 3943
1359 2412
1359 3680
1359 3796
1360 1898
1361 2605
1361 3018
1361 3912
1362 2192
1362 2606
1362 2953
1363 3763
1364 1784
1364 2953
1365 2666
1365 2835
1367 2383
1367 2759
1367 3883
1367 3946
1368 2869
1368 3040
1369 1715
1369 1941
1369 3015
1370 1701
1370 3377
1371 1868
1371 3062
1371 3193
1371 3364
1371 3734
1372 1619
1372 3146
1372 3231
1372 3983
1373 2279
1373 2587
1373 2701
1373 3438
1373 3680
1374 2354
1374 2402
1374 2570
1375 2293
1375 2959
1376 2049
1377 2626
1377 3328
1378 1978
1378 3255
1380 2386
1380 2863
1381 2852
1382 3824
1383 1534
1383 3816
1384 2254
1384 3032
1384 3660
1385 1884
1385 2136
1385 2286
1386 2581
1387 1992
1387 3365
1387 3597
1388 2307
1388 3548
1389 1638
1390 2521
1390 2715
1390 2805
1391 2818
1391 3539
1392 2000
1392 2266
1392 2576
1392 3518
1392 3877
1392 3911
1393 1693
1393 2512
1394 2954
1394 3006
1396 2040
1396 2171
1396 2562
1396 2903
1397 1458
1397 2842
1397 3012
1398 3521
1398 3705
1399 2026
1400 1653
1400 3992
1401 1520
1401 2881
1402 1896
1402 2255
1402 2639
1402 2718
1402 2764
1403 3438
1404 3885
1405 1570
1405 2925
1405 3290
1405 3842
1406 1500
1408 1464
1408 3354
1408 3553
1408 3606
1409 1594
1410 2013
1410 2864
1410 3397
1410 3786
1410 3926
1412 1446
1412 2702
1412 2718
1412 3036
1413 2206
1413 3587
1414 1463
1414 1967
1414 3589
1415 2763
1416 2036
1416 3386
1417 1829
1417 2671
1418 3484
1418 3663
1420 2020
1420 2709
1420 3476
1421 3750
1422 2750
1423 2054
1423 3142
1423 3375
1423 3426
1423 3635
1424 2169
1424 2367
1424 3056
1425 3257
1425 3663
1426 2748
1427 1577
1427 1808
1427 2642
1427 2644
1428 1878
1428 2221
1428 3725
1429 1971
1429 2484
1429 2563
1429 2779
1429 2980
1429 3152
1429 3217
1429 3705
1430 1472
1430 3551
1430 3905
1431 1672
1431 3480
1432 1515
1432 2326
1432 2781
1432 2908
1432 3047
1432 3475
1432 3602
1432 3762
1432 3973
1433 1434
1433 2865
1433 3296
1433 3644
1434 2867
1434 3580
1434 3909
1435 2851
1435 2918
1435 3467
1436 2615
1436 2683
1437 3142
1437 3649
1437 3835
1437 3903
1438 1534
1438 2749
1438 2838
1438 3402
1439 2603
1439 3010
1439 3399
1440 1923
1440 2098
1440 2198
1440 2242
1440 3173
1441 1568
1441 1585
1441 1714
1441 1984
1441 2779
1441 2849
1441 3448
1441 3935
1442 1700
1443 2016
1443 2134
1443 2437
1444 2018
1444 2251
1444 2520
1444 2565
1444 3234
1444 3347
1445 1932
1445 1972
1445 2548
1446 1890
1446 2745
1447 2329
1447 2490
1447 3312
1448 1455
1448 2965
1448 3211
1448 3636
1449 2420
1449 2907
1451 1720
1451 2614
1451 3743
1452 1884
1452 3973
1453 1502
1453 2992
1453 3316
1453 3508
1453 3811
1454 1852
1454 3004
1454 3728
1454 3933
1455 2204
1455 2791
1455 2961
1455 3612
1455 3771
1457 1937
1457 2199
1457 2284
1457 2544
1457 3602
1458 2471
1459 2199
1459 3030
1460 1555
1460 2533
1460 2553
1460 2940
1461 3836
1462 1516
1462 2391
1462 2684
1462 2950
1462 3625
1462 3855
1465 1964
1465 2411
1465 2434
1466 2028
1466 3228
1467 2086
1467 3003
1467 3312
1468 2631
1468 2900
1468 3659
1469 3085
1469 3635
1470 2380
1470 3023
1471 1887
1471 2074
1471 3363
1472 2070
1472 2267
1473 1792
1473 2152
1473 2836
1473 2941
1473 3136
1473 3162
1473 3663
1474 1683
1474 2122
1474 2199
1474 3826
1476 2900
1476 3300
1476 3332
1477 2183
1477 2366
1477 3483
1478 1644
1478 2536
1478 3103
1479 1771
1480 1780
1480 2567
1480 2877
1481 3205
1481 3764
1482 1887
1482 1963
1483 3443
1484 1773
1484 2983
1485 1677
1486 1633
1486 1748
1486 2843
1486 3762
1487 1596
1487 2229
1487 3536
1488 1615
1488 3455
1489 2748
1489 3262
1490 2533
1490 2652
1490 3701
1491 2908
1491 2942
1491 3826
1492 1604
1492 2049
1492 2606
1492 2909
1492 2970
1493 2424
1493 3425
1494 1556
1494 1571
1494 3017
1495 1760
1495 2785
1495 2968
1495 3361
1495 3430
1495 3819
1497 3356
1498 2147
1499 1962
1499 2161
1499 3519
1499 3828
1500 2558
1501 2867
1502 1817
1502 2492
1502 3565
1502 3939
1503 2305
1504 2108
1504 2403
1505 3132
1506 1750
1506 2670
1506 3987
1507 2288
1507 2717
1507 3281
1508 1847
1508 2395
1508 3630
1509 1705
1509 1861
1509 2034
1509 2073
1509 3061
1511 2279
1511 2529
1511 2638
1511 3686
1514 1786
1515 2302
1515 2777
1515 3471
1516 2594
1517 1558
1517 2957
1519 1676
1519 2386
1519 2494
1519 3099
1520 2381
1520 3123
1520 3426
1521 1589
1522 2454
1522 3080
1522 3860
1523 2840
1523 2870
1524 1856
1524 1928
1524 2908
1524 3715
1525 2264
1525 3697
1526 2418
1526 3136
1528 2864
1529 2681
1530 2577
1530 3769
1531 2043
1531 3132
1531 3581
1531 3776
1533 1714
1533 2387
1533 2721
1534 1880
1534 2006
1534 2055
1534 3043
1534 3575
1535 2554
1536 1742
1536 1755
1536 2655
1536 3111
1536 3306
1537 1783
1537 1833
1537 3145
1537 3448
1538 3824
1538 3914
1539 3073
1540 2302
1541 1932
1541 3641
1542 1752
1542 2711
1542 3503
1543 1945
1544 2549
1544 2767
1546 3065
1546 3333
1546 3386
1546 3914
1547 1580
1547 1923
1547 2619
1548 2230
1548 2381
1548 3603
1549 1773
1550 1652
1550 2235
1550 3022
1550 3776
1551 1803
1551 1995
1551 2906
1551 3805
1551 3919
1551 3972
1552 3631
1553 2068
1553 3280
1553 3390
1554 3230
1555 3464
1555 3760
1556 3397
1556 3963
1557 2929
1557 3028
1558 2191
1559 2301
1560 2286
1560 2668
1560 2761
1560 3733
1562 2506
1563 1939
1563 1949
1563 2569
1563 3814
1564 2613
1565 3654
1566 2132
1566 3653
1567 2846
1567 3610
1568 1718
1568 2041
1568 2681
1568 2942
1568 3121
1569 2733
1569 3730
1570 2566
1571 2784
1571 2816
1572 2325
1572 3143
1573 1614
1574 1577
1574 2543
1574 2858
1575 1604
1575 1813
1575 1930
1575 2585
1575 3233
1576 2990
1576 3462
1577 1625
1577 3790
1578 1867
1578 2125
1578 2180
1578 2955
1578 3664
1578 3908
1580 1898
1580 2623
1580 2727
1581 1897
1581 1983
1583 1769
1583 1909
1583 2739
1583 3507
1583 3573
1583 3782
1584 3179
1585 3324
1585 3733
1586 2047
1586 2612
1586 2629
1587 3893
1588 1935
1588 2045
1588 2429
1589 3977
1590 3885
1591 1670
1591 3154
1592 3204
1593 1679
1593 2089
1593 2903
1595 2384
1595 3128
1595 3364
1595 3413
1596 3045
1596 3927
1597 3273
1597 3417
1598 3346
1599 3441
1599 3585
1600 1948
1600 2020
1600 2231
1601 1914
1601 2798
1602 2298
1603 2149
1603 2854
1603 3664
1604 3681
1604 3778
1605 3568
1606 3156
1606 3519
1607 2143
1607 2576
1608 2653
1608 2668
1608 2733
1610 3159
1611 2617
1611 2730
1611 3604
1611 3889
1612 1674
1612 2385
1612 2388
1613 2807
1613 3748
1613 3893
1613 3921
1614 2468
1615 1919
1615 2099
1615 3685
1616 2072
1616 2271
1616 3683
1617 2133
1620 1836
1620 2330
1620 3249
1620 3563
1620 3713
1620 3781
1621 2255
1621 3383
1621 3746
1622 1855
1622 3056
1623 1976
1623 2412
1624 1652
1624 2389
1624 3720
1625 1709
1625 1816
1625 1970
1625 2790
1626 2794
1627 1931
1627 2305
1627 3037
1627 3239
1627 3651
1627 3998
1628 3006
1628 3803
1629 1687
1629 3161
1629 3424
1630 3511
1631 3984
1632 2577
1632 2971
1633 1936
1633 2414
1633 3093
1634 2627
1635 2900
1636 2820
1637 2522
1638 2044
1638 2252
1638 2400
1638 2626
1639 1989
1639 2078
1639 2463
1639 2684
1639 3289
1640 2198
1640 2942
1641 1738
1641 1857
1641 2684
1641 3730
1642 3724
1643 2101
1643 3086
1644 2028
1644 3299
1645 1797
1645 2022
1645 2458
1645 2593
1645 3280
1646 1696
1647 2492
1647 2579
1647 2792
1647 3894
1648 1652
1648 1707
1648 2137
1648 3330
1648 3566
1648 3629
1648 3987
1649 2040
1649 2770
1649 3561
1650 2390
1650 2617
1650 2940
1651 3015
1653 1842
1653 2228
1653 2413
1653 3551
1653 3830
1654 1859
1654 3709
1654 3806
1655 2533
1655 3206
1656 1694
1656 2470
1658 2626
1658 3581
1659 1762
1659 1765
1659 3421
1659 3842
1660 1762
1660 3203
1660 3857
1661 3803
1662 3585
1663 1742
1663 2968
1663 3707
1664 1811
1664 3117
1664 3216
1666 3136
1668 1775
1668 1966
1668 2227
1668 2323
1668 3495
1671 2458
1672 1793
1673 2774
1673 2984
1673 3674
1674 1772
1674 3624
1674 3927
1675 3708
1675 3865
1676 2005
1676 3191
1677 1877
1677 2383
1677 2678
1678 2809
1679 2673
1679 3932
1679 3936
1680 2885
1681 1864
1681 1908
1682 1811
1682 2773
1682 3122
1682 3647
1683 2216
1683 2524
1683 2584
1683 3346
1685 2211
1686 2547
1686 3699
1687 2178
1687 2852
1687 3637
1688 1904
1688 2743
1688 3157
1688 3290
1688 3381
1689 2780
1689 2962
1689 3642
1690 2442
1690 2933
1690 3248
1690 3307
1691 2156
1691 2414
1691 3007
1691 3126
1691 3170
1692 1761
1692 3667
1693 2762
1693 3954
1694 1937
1694 2073
1694 2220
1694 2995
1696 2550
1696 3308
1697 1904
1697 3670
1698 3421
1699 1775
1699 3099
1700 3697
1701 1747
1701 3161
1701 3169
1701 3507
1702 3725
1703 2433
1704 1797
1704 1876
1704 3986
1705 2948
1705 3517
1705 3744
1706 2358
1706 2753
1706 3293
1707 1975
1707 3109
1708 2695
1708 3087
1709 2542
1709 3514
1709 3859
1710 2729
1711 2624
1711 3523
1711 3889
1712 2119
1712 3035
1712 3121
1713 1763
1713 2717
1714 3738
1714 3893
1715 3740
1715 3857
1716 2637
1718 1958
1718 2432
1719 3370
1719 3420
1719 3767
1720 1844
1720 3876
1721 2688
1721 2877
1722 2714
1722 3014
1722 3327
1723 3022
1724 1900
1724 2574
1724 2740
1725 1924
1726 2338
1727 2751
1728 1913
1728 2615
1729 2867
1729 3781
1729 3896
1730 2327
1730 3585
1731 3312
1731 3536
1732 1800
1732 3159
1732 3203
1732 3261
1732 3794
1734 3281
1734 3838
1735 2475
1735 3026
1736 2484
1736 3721
1736 3947
1737 2968
1737 3167
1737 3635
1738 2807
1738 3385
1739 3673
1739 3695
1740 2217
1740 2220
1740 2425
1740 3837
1741 1916
1742 3284
1744 2706
1744 3994
1745 2299
1745 2506
1745 2507
1745 3300
1745 3463
1745 3801
1746 3147
1748 3822
1749 3984
1750 1822
1750 2325
1750 3119
1750 3683
1751 3222
1752 2755
1752 3156
1752 3280
1753 2089
1753 2336
1753 2748
1754 3317
1755 1803
1755 3550
1755 3639
1756 2802
1757 2315
1757 2422
1757 2542
1757 3305
1758 2863
1759 1900
1759 2115
1759 2527
1760 2002
1761 2908
1761 3452
1761 3609
1761 3740
1763 2890
1763 3300
1764 2562
1764 2685
1764 3891
1766 2723
1766 3404
1767 2359
1767 2769
1767 2958
1767 3025
1767 3628
1768 2369
1768 2534
1768 3924
1768 3935
1769 1973
1769 3020
1769 3303
1769 3992
1770 3191
1771 2349
1772 2487
1772 2959
1773 2057
1773 3795
1774 2163
1774 2320
1775 1873
1776 1927
1776 2671
1777 2988
1777 3006
1778 2057
1778 3798
1780 3744
1781 1986
1781 3967
1782 2966
1783 2783
1783 2966
1783 3119
1783 3460
1784 2232
1784 3432
1785 3818
1786 2613
1786 3282
1786 3984
1787 1833
1787 2317
1787 2401
1787 2722
1787 2895
1787 3256
1787 3275
1788 1948
1788 2249
1788 2760
1788 2848
1789 1966
1789 1986
1789 2791
1790 2859
1790 3402
1790 3759
1791 2060
1791 2363
1791 2475
1791 3513
1792 1827
1792 2585
1793 2069
1793 2269
1793 2684
1793 2899
1793 3393
1793 3446
1794 3441
1794 3446
1795 2398
1795 3056
1797 2449
1798 2160
1798 2814
1798 3385
1798 3912
1799 2878
1800 2095
1801 2175
1801 2801
1802 2153
1802 2691
1802 3475
1803 1959
1803 2179
1803 3680
1804 2108
1804 3319
1804 3346
1804 3536
1805 1919
1805 1947
1805 1967
1805 2708
1806 2594
1807 2822
1807 2944
1808 3802
1809 1811
1809 2359
1809 3059
1810 1966
1810 2210
1810 2980
1810 3295
1810 3587
1810 3770
1811 2278
1811 2626
1812 3703
1812 3994
1813 2749
1813 2893
1813 2942
1813 3742
1813 3815
1813 3874
1814 3995
1815 2687
1815 3461
1816 3192
1817 1992
1817 2480
1817 3803
1818 1903
1818 2019
1820 1823
1820 2183
1820 2824
1821 2688
1821 3592
1822 2932
1822 3285
1822 3423
1823 2187
1823 3081
1824 2789
1824 3196
1825 2183
1826 2903
1826 3204
1827 2804
1827 3142
1827 3528
1828 2011
1829 2582
1829 3619
1830 3820
1830 3826
1830 3842
1832 2640
1832 3981
1833 2146
1833 2632
1834 2845
1834 3002
1834 3124
1835 2681
1835 2814
1836 3599
1837 2132
1838 3608
1838 3754
1840 2869
1840 3117
1840 3344
1842 2116
1842 2164
1842 2511
1842 2668
1842 3745
1843 1887
1843 1936
1843 2031
1843 2506
1845 3769
1845 3898
1846 1939
1846 2201
1846 2954
1847 2632
1848 2157
1848 2635
1848 3297
1848 3853
1849 2222
1849 3960
1850 2206
1850 3493
1851 2818
1851 3024
1851 3457
1852 2247
1853 2001
1853 2218
1853 3315
1853 3481
1854 2206
1854 2322
1854 2634
1854 3232
1854 3335
1855 3225
1856 3686
1858 2349
1858 2727
1859 2551
1859 2681
1860 3214
1860 3473
1861 2331
1861 2355
1861 2671
1862 3448
1863 2128
1864 1984
1864 2955
1864 3020
1865 2431
1866 3471
1867 1868
1867 2357
1867 3148
1868 2357
1868 2986
1868 3277
1869 1950
1869 3114
1871 3038
1871 3256
1871 3462
1871 3552
1871 3601
1872 2179
1872 2427
1872 2591
1872 3683
1873 2464
1873 3262
1874 2640
1874 2668
1875 2880
1875 3864
1876 1877
1876 2543
1876 3050
1876 3513
1876 3547
1876 3627
1877 2016
1877 2506
1877 3646
1879 3221
1880 3305
1880 3929
1881 1974
1881 2230
1881 2256
1881 3062
1881 3431
1882 2437
1882 2626
1882 3088
1883 1913
1883 2018
1883 2246
1883 3172
1884 3062
1884 3905
1885 2858
1886 1991
1886 2113
1886 2209
1886 2688
1887 2197
1887 2964
1888 3816
1889 2633
1889 2733
1889 3350
1889 3673
1889 3845
1890 2200
1890 2963
1890 3825
1891 3524
1892 2382
1893 2556
1893 3331
1893 3471
1894 3409
1895 2029
1895 2567
1895 2948
1895 3256
1896 3330
1896 3820
1896 3964
1897 2256
1897 2737
1898 2245
1898 2876
1898 3056
1899 2506
1899 2518
1899 3755
1900 3464
1901 2262
1901 3360
1901 3387
1904 2711
1905 2431
1905 3197
1905 3531
1907 2040
1907 3260
1907 3303
1909 1933
1909 2098
1910 2291
1910 3455
1910 3734
1911 2162
1911 3741
1914 1927
1914 2410
1914 3042
1914 3449
1915 2309
1915 2917
1916 2358
1917 2814
1917 3271
1917 3745
1918 2292
1918 3056
1918 3301
1919 3561
1919 3891
1921 2298
1922 3631
1923 2105
1923 2651
1923 3087
1924 1952
1924 2580
1924 3905
1925 2904
1926 2152
1927 2690
1927 3221
1928 3754
1929 2033
1930 3028
1931 2929
1931 3407
1932 2590
1932 2609
1932 2771
1933 3914
1934 2464
1934 3685
1935 2150
1935 2365
1936 2757
1936 3307
1937 2124
1937 2777
1937 3387
1937 3739
1937 3813
1938 2098
1938 2457
1939 2671
1940 2560
1941 3813
1942 2096
1942 2109
1942 2645
1943 2233
1943 3553
1945 1972
1946 3550
1946 3599
1946 3634
1947 2896
1948 2581
1948 3929
1950 2653
1952 2733
1952 3478
1952 3788
1953 2805
1953 2946
1953 3645
1954 2376
1955 3719
1956 2877
1956 3477
1956 3969
1958 2958
1958 3019
1959 3542
1959 3702
1960 3296
1961 2049
1961 2389
1961 2880
1961 2940
1961 3509
1963 2059
1963 2342
1965 3830
1966 2891
1966 2920
1968 3186
1968 3465
1969 2509
1969 2602
1969 3134
1970 1976
1970 2064
1970 3675
1970 3818
1970 3942
1971 2228
1972 2122
1972 2195
1972 3144
1972 3699
1973 2746
1973 3869
1973 3892
1974 2665
1975 2912
1975 3740
1975 3860
1976 2241
1976 3532
1977 2267
1979 2334
1979 3706
1980 3004
1980 3190
1981 2707
1981 2899
1981 3410
1982 2415
1982 2615
1982 3399
1983 3475
1983 3904
1984 2383
1984 3629
1985 3733
1986 2485
1986 2715
1986 2751
1986 3859
1987 3860
1988 2033
1988 2753
1989 3600
1989 3982
1990 2669
1990 2793
1990 2952
1990 3091
1990 3207
1991 3130
1992 2087
1992 2883
1992 3775
1993 2334
1993 2609
1993 3086
1994 2137
1994 2454
1994 3699
1995 2768
1995 3049
1996 2684
1996 3006
1996 3091
1997 2324
1997 3344
1998 3242
1998 3284
1998 3351
1998 3375
1999 2021
1999 2140
1999 2389
2000 2223
2000 3408
2001 3083
2002 2051
2002 2620
2003 3478
2003 3506
2003 3668
2003 3741
2005 2171
2005 2606
2005 3918
2006 3184
2007 2989
2007 3105
2007 3611
2007 3716
2008 2187
2008 2219
2008 2878
2008 3063
2009 2417
2012 2170
2012 2312
2012 2566
2012 3029
2012 3159
2013 3624
2014 2575
2014 3452
2016 2170
2016 3667
2016 3838
2017 2629
2017 3588
2018 2190
2018 2430
2018 2719
2019 3322
2020 2715
2020 2871
2020 2949
2020 3984
2021 2249
2021 2389
2021 3270
2022 2479
2023 2759
2023 2982
2024 3626
2026 2183
2026 2558
2026 2593
2026 2913
2026 3586
2026 3787
2027 2269
2027 3144
2028 3794
2029 2355
2029 2833
2029 2862
2029 3170
2030 2227
2030 2286
2030 2779
2030 3596
2031 2677
2031 3830
2032 2370
2032 3124
2032 3616
2033 2117
2033 2286
2034 3262
2034 3725
2036 3916
2038 2141
2038 2586
2038 2683
2038 3606
2039 2117
2039 3397
2039 3803
2041 3409
2041 3449
2041 3887
2041 3900
2042 3198
2042 3391
2042 3915
2043 3214
2045 2908
2045 3571
2046 2424
2047 2536
2047 3098
2047 3327
2047 3783
2048 2799
2049 2923
2050 2504
2050 3101
2050 3291
2051 2261
2051 3395
2052 2329
2052 2753
2052 2857
2053 3674
2054 2570
2054 2681
2054 2807
2054 2996
2056 2160
2056 2331
2056 2977
2057 2199
2057 3998
2058 2256
2059 2097
2059 3982
2060 2135
2062 2373
2064 3260
2064 3357
2066 3778
2066 3957
2067 3760
2068 3674
2068 3861
2069 2082
2070 2375
2070 3982
2071 2404
2071 2480
2071 2692
2071 2888
2071 3709
2072 2150
2072 2395
2073 2464
2074 3524
2075 2313
2076 2333
2077 2741
2077 2908
2077 3075
2077 3669
2079 2754
2079 2819
2079 3590
2079 3949
2080 3058
2080 3477
2081 3128
2081 3588
2082 3646
2083 2084
2084 2139
2084 2221
2084 3131
2085 3338
2087 2089
2087 2365
2087 2433
2087 3758
2088 3950
2089 2359
2089 2507
2089 2903
2089 3934
2090 2180
2090 3438
2090 3606
2091 2845
2091 3664
2092 2859
2092 3958
2095 2889
2096 2847
2097 2632
2097 2885
2097 3585
2097 3759
2098 2616
2099 2816
2099 3582
2101 2404
2101 3052
2103 2192
2103 2895
2104 2244
2104 2505
2104 3105
2104 3682
2104 3973
2106 2256
2106 2723
2106 3087
2107 2287
2107 2408
2107 2428
2107 2944
2110 3148
2111 3935
2112 2586
2112 2665
2112 2847
2112 2919
2112 3002
2113 2231
2113 2491
2113 2885
2113 3403
2113 3674
2113 3801
2114 2164
2114 2171
2114 2414
2114 3104
2115 3554
2115 3678
2117 2484
2117 2982
2118 2899
2118 3818
2119 3305
2120 2163
2120 2938
2121 2801
2121 3131
2121 3746
2122 3501
2122 3790
2123 3544
2125 3670
2127 3015
2128 3413
2128 3493
2129 2270
2129 2313
2129 3458
2129 3645
2130 2942
2131 2840
2131 3085
2132 2232
2132 2887
2132 3707
2133 2619
2134 2558
2134 2606
2136 2505
2136 3437
2137 2421
2137 3702
2138 2889
2140 2825
2140 3548
2141 2683
2141 2694
2141 2843
2142 2351
2142 3789
2143 2246
2143 2266
2143 3559
2145 3234
2145 3301
2146 2583
2146 3556
2147 2568
2147 3773
2148 3040
2149 3623
2150 2853
2152 3600
2153 3153
2153 3800
2154 2449
2155 2906
2155 3439
2156 2720
2156 3033
2156 3112
2157 2473
2157 2474
2158 2223
2158 2880
2158 2923
2158 3223
2159 3142
2160 3921
2162 2665
2162 2870
2162 2947
2162 3417
2162 3635
2164 2931
2165 2440
2165 3653
2166 2246
2166 3610
2166 3892
2167 3205
2168 3034
2168 3513
2170 2929
2170 3047
2170 3554
2171 3209
2171 3467
2172 2435
2172 3975
2173 2978
2173 3390
2173 3816
2174 2399
2174 2846
2175 3319
2176 2958
2176 3257
2176 3763
2177 3078
2177 3118
2177 3675
2177 3923
2178 3233
2178 3992
2179 3807
2179 3997
2180 2261
2180 2469
2180 2638
2181 3490
2183 3567
2183 3985
2184 3332
2184 3526
2184 3670
2186 2822
2186 3084
2186 3216
2186 3304
2186 3567
2187 3391
2187 3411
2187 3451
2187 3703
2188 2815
2188 3234
2188 3572
2188 3633
2188 3896
2189 2957
2189 3864
2190 2311
2190 3879
2191 2583
2191 3989
2192 2286
2192 3421
2193 2746
2193 2753
2193 3067
2193 3784
2194 2454
2194 2550
2196 2934
2197 2517
2198 2354
2198 3555
2200 3775
2201 2671
2201 3672
2202 3574
2202 3902
2203 3512
2204 3420
2206 2518
2206 2677
2207 3498
2208 2224
2208 2722
2209 2244
2209 2355
2209 3020
2209 3224
2210 2531
2211 2261
2212 3162
2212 3843
2214 3457
2214 3541
2215 3275
2215 3308
2215 3760
2216 2280
2216 3220
2217 2240
2218 3463
2219 2408
2219 3098
2219 3179
2219 3952
2220 3674
2220 3708
2222 3716
2224 2792
2224 3426
2226 2628
2226 3791
2227 3056
2227 3609
2227 3910
2228 3210
2228 3425
2229 3026
2229 3075
2229 3660
2230 2714
2230 3225
2232 2634
2233 2365
2233 3951
2233 3999
2234 3077
2234 3759
2234 3999
2235 3797
2236 3295
2236 3605
2236 3724
2237 3856
2238 2883
2239 2696
2240 3337
2241 3465
2242 2629
2243 2647
2244 2309
2244 2854
2244 3488
2245 2317
2245 2841
2246 2991
2246 2994
2247 2335
2249 2326
2249 2739
2249 3018
2251 3821
2252 2589
2252 2764
2253 2582
2253 3277
2253 3397
2254 2310
2254 2649
2254 2814
2255 2600
2255 2899
2257 2421
2258 2331
2258 2436
2259 2287
2259 2751
2259 2967
2260 2303
2260 3851
2262 3100
2262 3838
2263 2419
2265 3311
2266 3037
2266 3994
2268 2856
2268 3656
2268 3868
2269 3871
2271 2618
2271 2867
2273 2613
2274 3380
2274 3695
2275 2376
2276 3243
2278 2407
2278 3736
2279 2923
2279 3597
2280 2364
2280 3785
2282 3523
2283 2297
2283 3930
2285 2673
2286 2483
2287 3564
2288 2804
2288 2851
2288 3935
2289 3243
2289 3342
2289 3637
2290 3911
2291 2903
2291 3349
2291 3923
2292 3609
2292 3724
2294 2387
2294 3200
2295 2436
2295 2837
2296 3817
2297 2603
2298 3490
2298 3624
2300 3074
2301 2396
2302 2534
2302 2736
2302 2860
2303 2561
2303 3149
2303 3476
2304 2962
2305 2874
2306 3301
2307 2761
2307 2954
2308 2574
2308 2730
2308 3474
2308 3697
2310 2896
2311 2650
2311 3238
2311 3278
2311 3438
2312 2634
2312 3871
2313 2908
2314 3854
2315 3770
2316 2537
2316 2767
2316 2773
2316 2904
2318 3990
2319 2872
2320 2813
2320 2962
2320 3749
2321 3019
2321 3889
2322 3206
2322 3926
2323 2629
2323 3753
2326 2382
2326 2829
2326 3369
2327 2860
2328 2898
2328 3129
2328 3938
2329 2341
2329 2443
2329 2740
2329 3209
2329 3647
2331 2842
2331 3907
2331 3932
2332 2879
2332 3176
2333 2897
2334 2950
2334 3611
2335 2445
2335 3012
2337 2731
2337 3683
2339 2838
2340 3145
2341 3975
2342 3706
2343 3664
2344 2713
2344 2744
2344 3853
2345 3586
2346 2686
2347 3111
2348 3361
2349 2476
2349 2712
2349 3867
2350 3087
2350 3537
2351 2600
2352 2528
2352 2711
2352 3347
2352 3717
2353 3759
2355 2366
2355 3417
2355 3680
2356 3003
2356 3461
2357 3495
2358 3570
2358 3884
2359 2734
2359 3862
2360 2996
2360 3329
2360 3762
2361 2600
2361 3525
2361 3853
2363 2423
2363 3425
2363 3734
2364 2940
2364 3076
2364 3774
2365 3781
2367 2798
2367 3069
2367 3229
2368 2738
2368 3416
2369 2460
2370 2677
2370 2905
2370 3602
2370 3831
2370 3994
2371 3240
2371 3839
2371 3858
2372 2470
2373 2418
2373 3642
2375 3443
2376 3124
2378 3088
2379 2558
2380 2405
2380 2611
2382 3943
2384 3687
2384 3758
2386 2706
2387 2468
2387 3462
2388 2585
2388 2825
2388 3569
2389 3739
2390 2475
2390 2638
2392 2590
2392 3434
2392 3751
2393 2727
2394 3135
2394 3659
2395 3530
2397 2871
2397 3011
2397 3287
2399 3030
2399 3443
2401 2607
2401 3329
2401 3732
2403 2566
2403 3184
2403 3245
2404 2437
2405 3859
2406 3748
2407 2892
2407 3541
2408 3355
2408 3748
2408 3852
2413 2512
2413 2654
2414 2578
2415 3618
2416 2575
2417 2538
2417 2825
2417 3460
2418 3698
2419 2656
2419 3136
2419 3735
2420 2574
2421 3219
2421 3564
2423 2931
2424 3060
2424 3118
2425 2476
2428 3171
2429 2550
2429 2621
2429 3053
2430 3154
2430 3337
2431 3559
2432 2678
2433 3416
2435 3705
2435 3901
2436 3640
2437 3292
2437 3665
2439 3255
2440 2829
2440 3541
2441 3258
2442 3981
2444 3099
2445 2492
2445 3025
2445 3492
2446 2789
2447 2761
2447 3207
2448 3073
2449 2519
2449 3117
2450 2949
2450 3181
2453 3006
2455 2667
2455 3636
2456 2580
2456 3185
2456 3815
2458 2717
2458 3814
2459 2704
2459 3198
2461 2671
2461 3960
2462 3333
2463 2919
2464 3399
2464 3560
2465 2597
2466 2518
2466 2581
2466 3714
2467 2582
2467 2788
2467 3027
2468 3446
2469 2511
2469 3604
2470 2883
2472 2636
2473 3462
2474 2552
2474 2597
2474 3458
2475 3498
2475 3619
2477 2795
2477 3249
2478 2754
2478 3143
2479 3000
2480 2659
2480 3979
2483 3024
2484 2743
2486 2722
2486 2892
2487 2794
2487 3606
2488 3180
2488 3612
2489 2574
2489 3335
2489 3490
2491 2633
2492 3077
2493 3976
2494 2572
2494 3077
2494 3351
2494 3600
2496 3406
2497 3032
2497 3212
2497 3429
2499 3834
2500 3896
2502 3870
2503 2559
2503 2818
2503 3386
2505 2666
2505 3186
2506 3198
2507 2622
2507 3547
2507 3967
2508 2791
2509 2805
2509 3437
2510 3080
2511 3593
2511 3930
2512 3052
2513 2514
2513 3972
2514 3269
2514 3593
2516 3085
2516 3821
2519 3882
2520 2731
2521 3395
2521 3399
2524 2624
2524 3222
2525 3925
2526 2948
2526 2965
2527 2964
2527 3228
2529 3421
2530 2689
2530 3921
2531 2778
2531 3155
2532 3575
2532 3584
2532 3754
2532 3968
2534 3788
2535 3711
2535 3849
2536 2666
2537 3426
2537 3560
2538 3028
2538 3324
2539 2926
2539 3410
2539 3712
2541 3030
2541 3906
2542 3560
2543 2886
2544 3987
2546 2951
2546 3330
2547 3544
2547 3943
2548 2690
2548 2925
2549 3161
2549 3824
2550 2866
2550 3146
2550 3509
2551 2638
2551 2985
2551 3061
2551 3361
2551 3549
2552 3042
2553 3287
2553 3878
2554 3227
2555 3044
2555 3513
2557 2588
2558 3355
2558 3701
2558 3986
2559 2794
2559 3204
2559 3578
2560 2593
2560 2866
2560 3611
2561 2880
2561 2905
2563 3091
2563 3979
2564 2636
2564 3313
2564 3514
2567 2660
2567 3292
2568 2758
2568 3321
2569 3742
2569 3749
2571 2608
2571 3004
2571 3034
2571 3827
2571 3935
2572 3207
2573 2854
2573 3771
2574 2806
2574 2890
2575 3391
2575 3432
2576 3229
2576 3321
2576 3741
2578 3172
2579 2588
2579 2629
2579 2859
2580 3129
2580 3971
2582 3112
2583 2875
2583 3574
2585 3929
2586 3442
2587 3272
2587 3801
2588 2884
2590 3983
2591 2943
2592 3138
2593 3090
2593 3099
2593 3637
2594 2792
2595 2717
2595 3722
2596 2956
2597 3794
2598 3401
2599 3233
2599 3335
2599 3888
2600 3200
2601 3332
2602 3500
2602 3949
2603 2829
2603 3954
2604 3290
2604 3405
2606 3728
2607 3989
2609 3369
2609 3837
2610 3304
2612 3134
2612 3690
2613 2922
2614 2845
2614 3152
2615 2653
2615 3489
2616 3501
2617 3130
2618 3216
2618 3351
2620 3210
2621 3341
2621 3526
2623 3133
2623 3639
2624 3148
2624 3201
2624 3645
2626 3786
2627 2820
2627 2931
2627 3342
2629 3663
2630 3032
2630 3595
2630 3910
2631 3688
2632 3630
2633 2826
2633 2893
2633 2974
2634 3659
2634 3767
2635 3346
2637 3323
2638 3864
2640 3215
2641 3041
2641 3338
2642 2949
2642 3167
2642 3698
2642 3952
2643 3905
2644 2987
2644 3086
2644 3427
2644 3766
2645 3511
2646 2878
2646 3104
2649 3082
2649 3483
2651 3481
2651 3911
2655 2954
2656 2953
2656 3141
2656 3362
2657 3221
2657 3973
2658 2693
2658 3093
2660 2677
2660 3185
2660 3411
2660 3905
2661 3073
2661 3506
2662 2761
2663 2775
2663 3194
2664 2736
2664 2839
2664 3868
2665 2828
2665 3406
2666 3485
2667 3242
2667 3252
2667 3756
2667 3782
2668 3743
2670 3990
2671 3195
2671 3910
2673 3196
2674 2709
2675 2937
2676 2842
2676 3293
2676 3994
2677 3038
2677 3602
2679 3073
2679 3720
2679 3766
2680 2872
2680 3840
2681 2890
2681 2965
2681 3141
2681 3178
2682 3689
2683 3066
2684 3475
2686 3592
2686 3785
2686 3830
2687 3664
2688 3051
2688 3718
2689 3057
2690 3715
2691 3511
2693 3878
2694 3756
2695 3173
2696 2716
2697 3805
2698 3570
2699 3324
2700 3135
2700 3750
2701 3557
2702 3031
2702 3599
2703 3782
2704 3122
2704 3550
2705 3498
2706 2720
2706 3736
2709 3142
2710 2825
2710 3405
2710 3461
2713 2950
2713 3834
2715 2828
2715 3254
2715 3314
2716 3310
2716 3526
2717 3819
2718 2960
2719 3564
2720 3671
2721 3038
2722 3652
2722 3739
2723 3228
2724 2951
2725 3804
2725 3987
2726 3105
2726 3310
2727 2814
2727 2877
2728 2895
2729 3355
2729 3378
2730 3261
2732 2997
2732 3817
2734 2913
2736 3028
2736 3690
2738 2943
2738 3290
2739 3393
2741 3227
2741 3556
2741 3901
2742 3292
2742 3646
2743 2876
2743 2941
2744 3583
2746 3310
2747 3322
2749 3400
2750 2781
2750 3359
2751 3230
2752 3460
2753 3351
2753 3932
2755 3608
2757 3558
2757 3929
2758 3162
2759 3140
2760 3560
2761 3573
2761 3646
2763 3849
2764 3032
2765 3987
2766 3563
2767 3688
2769 3628
2770 2792
2770 3569
2770 3594
2772 2871
2772 3157
2772 3188
2772 3436
2773 3590
2774 2795
2774 2918
2774 3098
2774 3531
2775 2808
2775 2823
2776 3162
2776 3495
2776 3862
2778 3742
2779 3857
2780 3512
2783 3917
2784 3810
2785 3818
2788 3559
2790 3549
2792 2885
2792 3037
2792 3071
2793 3692
2794 3448
2795 3574
2795 3789
2795 3826
2795 3918
2796 3566
2796 3734
2796 3870
2797 2968
2797 3478
2798 3542
2798 3599
2799 3249
2799 3348
2801 3035
2801 3846
2802 3903
2803 2829
2803 2970
2803 3628
2803 3925
2804 3425
2804 3505
2804 3559
2805 3232
2806 2936
2806 3257
2811 3865
2812 3011
2812 3080
2813 3123
2814 3397
2815 3050
2815 3481
2815 3581
2817 2962
2817 3965
2819 2932
2820 3470
2822 2857
2823 3043
2827 2990
2827 3062
2828 2970
2831 3390
2833 3566
2834 3115
2835 3471
2835 3742
2837 3264
2837 3797
2838 3075
2838 3338
2840 3108
2841 3061
2842 2963
2842 3490
2843 3976
2844 3494
2845 3108
2845 3433
2846 3210
2846 3315
2846 3614
2847 3209
2847 3412
2847 3775
2848 3651
2848 3957
2851 3290
2851 3972
2852 3388
2853 3560
2854 3373
2855 3424
2856 3495
2857 3307
2859 3209
2861 3070
2862 3643
2862 3818
2863 3270
2863 3425
2863 3968
2864 2883
2864 3004
2864 3070
2866 3693
2867 2947
2867 3018
2867 3566
2868 2895
2869 2910
2869 2949
2870 3499
2871 3396
2871 3914
2872 3744
2873 3210
2874 3136
2874 3191
2875 3884
2876 3588
2877 3117
2877 3576
2877 3909
2879 3187
2879 3661
2880 3638
2881 3710
2882 2951
2882 3499
2883 3706
2884 3388
2890 3181
2891 3060
2893 2987
2895 3307
2898 3020
2898 3474
2898 3821
2900 3161
2901 3169
2901 3784
2903 3465
2903 3486
2905 3042
2905 3596
2905 3644
2905 3949
2907 3497
2907 3785
2907 3952
2909 2969
2909 3090
2909 3137
2909 3244
2909 3836
2910 3862
2912 2934
2912 3113
2912 3624
2912 3699
2914 3462
2916 3514
2917 3438
2918 3184
2919 3299
2919 3494
2920 3241
2920 3255
2921 3646
2922 3096
2922 3473
2923 3767
2924 3031
2924 3109
2924 3297
2924 3767
2925 3795
2927 3052
2928 3125
2929 3679
2931 3328
2931 3711
2932 3312
2932 3691
2934 3078
2935 3689
2935 3822
2936 3378
2936 3902
2937 3458
2937 3698
2938 3122
2938 3849
2938 3891
2941 3586
2941 3949
2941 3966
2942 3134
2943 3958
2943 3983
2944 3130
2944 3626
2946 3266
2946 3808
2946 3890
2947 3842
2948 3006
2949 3486
2950 3093
2952 3914
2953 3991
2955 3233
2955 3633
2957 3350
2957 3420
2958 3421
2958 3672
2959 3069
2959 3185
2959 3225
2959 3378
2959 3665
2960 3961
2961 3363
2963 3282
2965 3182
2966 3693
2967 3154
2967 3864
2968 3561
2968 3647
2969 3365
2969 3809
2969 3916
2973 3047
2975 3626
2978 3270
2978 3387
2979 3370
2980 3022
2981 3532
2981 3693
2982 3176
2984 3407
2985 3367
2986 3985
2988 3548
2990 3764
2991 3227
2993 3161
2995 3213
2995 3308
2995 3455
2996 3147
2997 3675
2998 3375
2999 3147
3000 3295
3000 3491
3004 3860
3005 3048
3005 3332
3007 3956
3009 3102
3009 3563
3011 3140
3014 3142
3014 3351
3015 3242
3015 3369
3015 3600
3017 3259
3017 3834
3018 3863
3020 3684
3020 3773
3020 3810
3023 3196
3023 3419
3023 3444
3024 3829
3024 3892
3025 3813
3026 3952
3027 3474
3027 3703
3028 3096
3028 3133
3030 3838
3033 3427
3034 3524
3034 3853
3035 3326
3038 3327
3038 3359
3038 3471
3039 3442
3040 3775
3040 3798
3040 3960
3041 3604
3041 3978
3042 3740
3042 3886
3043 3356
3043 3456
3044 3733
3047 3616
3049 3271
3051 3200
3052 3196
3052 3551
3052 3751
3053 3138
3053 3801
3054 3667
3055 3224
3056 3621
3057 3682
3058 3396
3058 3793
3059 3141
3059 3550
3060 3199
3060 3598
3061 3963
3062 3494
3064 3410
3065 3744
3066 3221
3068 3783
3069 3268
3070 3585
3070 3625
3070 3992
3072 3755
3075 3286
3076 3920
3078 3217
3078 3364
3079 3605
3079 3762
3079 3935
3080 3508
3080 3971
3081 3859
3082 3848
3085 3990
3086 3318
3086 3682
3086 3799
3087 3203
3088 3434
3088 3631
3088 3812
3088 3827
3089 3277
3089 3323
3090 3257
3091 3463
3092 3353
3093 3712
3095 3252
3095 3291
3095 3539
3095 3609
3095 3868
3099 3344
3100 3425
3100 3935
3100 3941
3101 3549
3104 3980
3105 3525
3105 3798
3106 3353
3109 3266
3111 3757
3112 3530
3113 3335
3115 3715
3116 3273
3117 3554
3118 3167
3118 3505
3118 3728
3119 3679
3120 3635
3120 3770
3120 3829
3121 3694
3122 3843
3124 3172
3124 3696
3126 3319
3127 3784
3127 3876
3128 3144
3129 3391
3130 3758
3130 3905
3131 3193
3131 3363
3131 3635
3132 3490
3134 3899
3138 3173
3138 3282
3138 3449
3138 3826
3139 3557
3142 3436
3146 3474
3146 3881
3147 3373
3147 3683
3147 3719
3148 3616
3148 3639
3150 3706
3151 3365
3152 3415
3152 3528
3157 3492
3157 3576
3158 3597
3159 3881
3160 3946
3161 3189
3161 3526
3162 3464
3164 3249
3164 3874
3164 3948
3164 3992
3165 3479
3168 3638
3168 3711
3169 3656
3170 3287
3170 3460
3173 3419
3173 3857
3176 3556
3176 3570
3176 3642
3176 3956
3178 3300
3178 3987
3180 3214
3180 3786
3180 3893
3182 3833
3184 3559
3185 3520
3187 3615
3188 3942
3192 3297
3192 3988
3193 3865
3193 3941
3194 3891
3198 3301
3198 3805
3201 3860
3203 3757
3203 3794
3205 3609
3209 3459
3209 3765
3210 3964
3213 3607
3213 3695
3214 3924
3215 3720
3218 3277
3218 3316
3218 3342
3218 3445
3218 3547
3219 3855
3219 3897
3220 3581
3220 3820
3220 3979
3223 3710
3225 3300
3228 3597
3228 3942
3232 3559
3233 3280
3234 3949
3235 3547
3236 3556
3237 3610
3237 3965
3238 3742
3241 3946
3242 3247
3243 3885
3245 3396
3245 3619
3246 3601
3254 3658
3255 3318
3255 3494
3255 3935
3259 3713
3261 3774
3264 3323
3271 3336
3271 3356
3271 3697
3272 3788
3272 3849
3272 3944
3273 3925
3274 3770
3276 3380
3278 3684
3279 3471
3282 3623
3283 3454
3283 3520
3283 3654
3286 3519
3287 3364
3287 3515
3287 3894
3293 3518
3294 3828
3295 3957
3299 3609
3303 3693
3303 3766
3306 3424
3307 3485
3309 3648
3310 3878
3313 3362
3313 3463
3313 3888
3314 3668
3316 3987
3317 3407
3317 3610
3317 3779
3318 3639
3319 3414
3319 3637
3319 3950
3324 3718
3324 3806
3325 3587
3327 3444
3329 3571
3330 3584
3330 3596
3330 3850
3331 3441
3332 3691
3333 3335
3334 3336
3334 3520
3336 3470
3336 3483
3336 3713
3336 3789
3337 3540
3338 3479
3338 3884
3345 3545
3345 3715
3346 3619
3347 3371
3349 3373
3349 3375
3351 3723
3351 3846
3353 3593
3355 3776
3355 3846
3356 3965
3357 3938
3358 3492
3359 3768
3359 3772
3360 3618
3367 3572
3370 3744
3370 3878
3373 3803
3375 3584
3377 3827
3379 3690
3379 3775
3380 3407
3381 3750
3384 3600
3384 3674
3384 3893
3385 3498
3386 3413
3394 3822
3396 3619
3398 3406
3398 3642
3400 3592
3400 3676
3407 3414
3415 3799
3416 3426
3423 3461
3424 3519
3424 3633
3426 3644
3429 3885
3431 3614
3434 3467
3435 3686
3441 3617
3442 3590
3444 3971
3448 3507
3449 3967
3450 3463
3452 3848
3454 3641
3456 3574
3462 3794
3463 3492
3463 3502
3465 3960
3466 3737
3468 3991
3472 3869
3474 3651
3475 3632
3475 3778
3477 3790
3481 3740
3486 3843
3488 3716
3489 3938
3490 3506
3491 3610
3495 3525
3497 3815
3504 3922
3507 3513
3507 3545
3508 3576
3508 3660
3509 3769
3512 3786
3513 3618
3514 3684
3514 3775
3514 3901
3518 3562
3519 3893
3519 3937
3520 3837
3520 3997
3522 3872
3525 3770
3525 3784
3529 3907
3532 3563
3533 3808
3535 3987
3540 3874
3543 3618
3547 3563
3547 3626
3549 3987
3550 3669
3552 3704
3553 3607
3553 3968
3556 3660
3558 3764
3558 3982
3567 3983
3569 3613
3569 3701
3574 3662
3576 3997
3578 3941
3580 3959
3582 3810
3583 3752
3584 3841
3585 3835
3586 3834
3590 3866
3591 3942
3594 3960
3596 3946
3597 3904
3599 3863
3600 3988
3603 3937
3606 3639
3607 3845
3614 3666
3620 3745
3622 3915
3624 3981
3625 3657
3635 3993
3637 3799
3637 3855
3640 3891
3649 3892
3650 3734
3651 3907
3655 3753
3660 3677
3661 3884
3664 3800
3670 3889
3675 3827
3677 3743
3678 3844
3680 3993
3685 3819
3689 3918
3691 3946
3692 3806
3700 3933
3701 3863
3709 3940
3712 3905
3717 3745
3725 3911
3727 3928
3732 3928
3734 3919
3735 3827
3737 3755
3738 3875
3738 3938
3739 3950
3739 3966
3740 3747
3747 3942
3752 3921
3754 3817
3757 3990
3760 3774
3760 3819
3762 3907
3765 3781
3771 3874
3772 3926
3773 3872
3774 3879
3776 3899
3783 3851
3785 3985
3791 3988
3792 3822
3796 3944
3797 3864
3803 3904
3807 3818
3809 3959
3809 3996
3811 3846
3816 3833
3820 3888
3825 3959
3826 3986
3841 3981
3848 3883
3850 3890
3856 3933
3859 3952
3859 3965
3862 3978
3863 3984
3865 3965
3865 3978
3901 3916
3901 3963
3903 3944
3917 3975
3932 3940
