0 24
1 2
1 25
4 5
5 6
5 29
7 31
8 9
8 32
9 10
10 11
10 34
12 13
14 38
15 16
16 17
16 40
17 18
17 41
18 19
18 42
19 43
20 44
21 45
22 46
23 47
24 48
25 26
25 49
26 27
26 50
27 28
27 51
28 52
29 53
30 54
33 34
34 35
34 58
36 37
37 38
37 61
38 39
38 62
41 65
42 43
42 66
43 44
43 67
44 45
44 68
45 69
46 70
47 71
48 49
49 50
49 73
50 74
51 52
51 75
52 53
54 55
55 56
55 79
56 57
56 80
57 58
58 59
59 60
61 85
62 63
62 86
63 64
64 65
65 66
66 67
67 68
69 70
71 95
72 73
72 96
73 74
73 97
74 75
75 76
76 77
76 100
77 101
78 79
80 104
81 82
82 83
82 106
83 84
84 85
84 108
85 86
86 87
86 110
87 88
87 111
88 112
89 113
90 91
90 114
91 92
91 115
92 116
93 94
93 117
96 120
97 98
97 121
98 99
99 100
99 123
100 101
101 102
101 125
102 103
102 126
103 104
103 127
104 105
104 128
105 129
107 108
108 109
108 132
109 110
109 133
110 111
111 112
111 135
113 137
114 138
115 116
115 139
116 117
117 118
117 141
118 142
120 121
120 144
121 122
121 145
122 123
123 124
123 147
125 126
126 127
127 128
127 151
128 129
128 152
130 131
130 154
131 155
133 134
133 157
134 158
135 136
136 137
136 160
137 138
137 161
139 140
140 141
141 165
143 167
144 145
145 146
146 147
146 170
147 148
147 171
148 149
148 172
149 150
149 173
150 151
150 174
151 175
152 153
152 176
153 154
153 177
154 155
155 156
155 179
156 157
157 158
158 182
159 160
159 183
160 184
161 162
161 185
164 165
165 166
165 189
166 190
167 191
168 169
168 192
170 171
171 172
172 173
172 196
173 197
174 175
174 198
175 176
175 199
176 200
177 178
178 179
180 181
181 205
182 206
184 185
184 208
185 186
185 209
186 210
188 189
189 213
190 214
193 194
194 195
194 218
195 196
195 219
197 221
198 222
199 223
200 224
201 225
202 226
203 227
204 205
204 228
205 229
206 207
206 230
208 209
209 210
209 233
210 211
210 234
211 212
213 214
214 215
216 217
216 240
218 242
219 220
220 221
220 244
221 222
222 223
222 246
224 225
224 248
225 226
226 250
227 251
228 252
229 230
229 253
230 254
231 232
231 255
232 233
232 256
233 257
234 235
235 236
235 259
236 237
236 260
237 238
237 261
238 262
240 241
240 264
241 242
242 243
242 266
243 267
244 245
244 268
245 246
246 247
246 270
247 248
248 249
248 272
249 250
251 275
252 253
252 276
253 254
253 277
257 281
259 283
260 261
260 284
261 262
261 285
263 287
264 265
264 288
265 289
266 267
266 290
267 268
268 269
269 270
269 293
270 271
270 294
271 272
272 273
272 296
273 274
273 297
274 275
275 276
275 299
276 300
279 280
279 303
280 281
280 304
281 282
281 305
282 306
283 284
284 285
284 308
285 286
285 309
286 287
288 289
290 291
290 314
291 315
292 316
293 294
294 318
295 319
296 297
297 321
298 299
298 322
299 300
299 323
300 301
300 324
301 302
301 325
303 304
305 306
306 330
307 331
308 309
308 332
311 335
312 313
312 336
313 314
314 315
315 316
315 339
316 317
317 318
317 341
319 320
320 321
320 344
321 322
321 345
322 323
322 346
323 347
324 348
326 327
326 350
327 351
328 329
329 330
332 333
333 334
335 359
336 337
336 360
337 338
338 339
338 362
339 340
339 363
340 364
341 342
341 365
342 343
342 366
343 344
343 367
344 345
344 368
345 369
346 370
348 349
349 350
350 351
350 374
351 352
351 375
352 353
353 377
354 355
355 356
355 379
357 358
357 381
358 382
359 383
360 384
361 362
362 363
362 386
364 365
364 388
365 366
366 367
366 390
367 391
368 369
368 392
369 370
370 371
371 395
372 373
374 375
375 399
376 377
377 378
378 379
378 402
379 380
379 403
380 381
381 405
382 383
382 406
384 385
384 408
385 409
386 387
388 389
389 390
390 391
390 414
391 392
391 415
392 416
393 394
393 417
394 395
394 418
395 419
396 397
397 421
398 399
398 422
399 400
399 423
400 401
401 425
402 426
403 427
406 407
406 430
408 409
410 434
412 413
412 436
413 414
413 437
414 438
415 416
416 440
418 419
418 442
419 420
419 443
421 422
422 446
423 447
424 448
425 426
425 449
427 428
427 451
428 429
429 430
431 455
432 433
432 456
433 434
434 458
435 459
437 438
437 461
438 462
440 441
441 465
442 443
442 466
443 444
443 467
444 445
445 446
445 469
446 447
446 470
447 448
447 471
448 449
448 472
450 474
451 475
453 454
454 455
454 478
455 479
456 457
456 480
457 481
458 459
458 482
459 460
459 483
460 461
460 484
461 462
461 485
463 464
463 487
464 488
465 466
465 489
467 468
467 491
468 469
468 492
469 470
469 493
472 473
473 474
474 475
474 498
475 499
476 500
477 501
478 479
480 481
480 504
481 482
481 505
482 506
483 484
483 507
484 485
485 486
485 509
486 510
487 488
487 511
488 489
488 512
489 490
489 513
490 514
491 492
491 515
492 516
493 517
494 495
495 496
496 497
496 520
497 521
498 499
499 523
500 501
501 525
502 503
503 527
504 505
505 506
505 529
507 508
507 531
508 509
509 510
511 512
511 535
514 538
515 516
516 540
517 541
518 519
519 543
520 544
521 522
522 523
522 546
524 525
524 548
525 526
525 549
526 527
526 550
527 551
528 552
529 530
530 531
530 554
531 532
532 533
532 556
533 557
534 558
535 536
535 559
536 537
536 560
538 539
539 540
540 541
540 564
541 565
542 543
544 545
545 546
545 569
546 547
547 571
550 551
550 574
553 554
555 556
559 560
560 561
561 562
564 565
565 566
566 567
568 569
570 571
571 572
