0 1
0 2
0 3
0 4
0 7
0 8
0 9
0 10
0 12
0 15
0 18
0 19
0 20
0 21
0 25
0 27
0 28
0 29
0 30
0 31
0 32
0 33
0 35
0 36
0 38
0 39
0 41
0 42
0 43
0 45
0 46
0 47
0 51
0 54
0 57
0 59
0 66
0 68
0 70
0 79
0 80
0 85
0 92
0 96
0 104
0 107
0 108
0 111
0 117
0 119
0 120
0 123
0 124
0 125
0 129
0 131
0 132
0 140
0 143
0 144
0 145
0 147
0 148
0 160
0 163
0 167
0 177
0 180
0 182
0 186
0 190
0 196
0 200
0 204
0 208
0 214
0 215
0 217
0 221
0 223
0 234
0 236
0 239
0 244
0 246
1 2
1 3
1 5
1 6
1 7
1 9
1 10
1 11
1 12
1 13
1 16
1 22
1 23
1 24
1 25
1 26
1 28
1 29
1 38
1 40
1 44
1 55
1 57
1 58
1 60
1 61
1 63
1 72
1 74
1 75
1 78
1 80
1 83
1 88
1 89
1 90
1 93
1 104
1 109
1 110
1 113
1 115
1 116
1 117
1 122
1 127
1 129
1 130
1 132
1 136
1 138
1 139
1 148
1 149
1 154
1 155
1 156
1 162
1 165
1 170
1 174
1 179
1 183
1 193
1 194
1 195
1 203
1 207
1 209
1 220
1 235
1 238
1 239
1 241
3 4
3 5
3 6
3 8
3 11
3 14
3 23
3 36
3 41
3 43
3 46
3 50
3 53
3 59
3 60
3 65
3 67
3 68
3 70
3 72
3 76
3 78
3 79
3 83
3 87
3 88
3 90
3 91
3 97
3 98
3 105
3 116
3 127
3 130
3 133
3 151
3 169
3 172
3 177
3 189
3 191
3 199
3 201
3 216
3 218
3 223
3 240
3 245
3 247
4 24
4 100
4 102
4 123
5 15
5 40
5 47
5 49
5 95
5 99
5 138
5 164
5 184
5 191
5 192
5 205
5 219
5 233
6 13
6 27
6 56
6 112
6 128
6 157
6 160
6 240
6 249
7 14
7 17
7 21
7 22
7 52
7 74
7 84
7 101
7 105
7 157
7 176
7 205
7 243
10 35
10 45
10 108
10 211
10 242
12 17
12 19
12 26
12 32
12 44
12 48
12 67
12 75
12 92
12 118
12 126
12 192
12 229
13 183
14 16
14 18
14 20
14 42
14 49
14 61
14 93
14 135
14 179
14 198
14 213
16 30
16 31
16 48
16 50
16 51
16 52
16 58
16 163
16 185
16 221
17 37
17 176
17 237
18 64
18 103
18 113
19 231
20 73
20 149
20 169
20 175
20 202
20 235
21 77
21 125
21 143
21 171
22 62
22 133
23 140
24 99
24 119
25 37
25 56
25 82
26 33
26 34
26 55
26 82
26 101
26 180
26 220
26 238
27 53
27 94
27 95
27 100
27 209
28 134
30 34
31 142
31 150
31 196
31 244
32 109
33 121
34 39
34 121
34 135
36 110
37 188
39 69
39 91
40 158
40 242
41 54
41 63
41 66
41 73
41 106
41 111
41 134
41 150
41 171
41 218
42 212
43 76
43 84
43 85
43 141
44 151
44 194
46 161
46 222
47 81
47 152
48 107
49 86
50 81
50 112
50 118
50 216
50 227
52 65
52 71
52 122
52 187
54 69
54 89
54 94
54 114
54 226
54 227
54 230
55 103
55 126
55 136
55 159
57 153
59 62
59 64
59 77
59 144
61 96
61 213
61 241
62 186
62 200
63 219
66 71
66 155
66 174
72 202
73 87
73 97
73 102
73 137
73 142
73 166
74 120
76 115
76 172
77 145
77 182
81 137
83 168
84 86
84 199
86 106
87 181
87 195
87 243
90 224
91 98
94 147
96 158
97 201
102 139
102 167
102 232
104 173
104 206
106 146
106 152
107 224
107 232
109 154
111 131
112 114
112 228
115 203
120 124
120 128
120 170
121 141
121 246
124 189
124 197
129 153
129 210
129 237
129 249
134 162
135 212
136 166
136 226
140 146
140 156
140 233
142 168
142 173
142 214
142 230
143 178
143 222
146 225
146 245
147 164
147 181
147 184
149 159
149 165
149 175
149 185
149 206
151 161
157 197
158 187
158 198
166 248
169 178
174 204
175 215
177 188
177 229
177 247
179 190
182 193
182 208
186 211
188 210
197 236
199 217
201 207
201 225
220 228
225 231
231 248
233 234
