0 724
0 936
0 1459
0 1815
1 969
2 688
2 817
2 1129
2 1133
2 1538
2 1638
2 1689
2 1712
3 135
3 1075
3 1076
3 1278
3 1456
3 1514
3 1680
3 1704
3 1713
4 285
5 89
5 810
5 1591
5 1813
6 358
6 538
6 1621
6 1675
6 1843
7 292
7 1004
7 1071
7 1616
8 534
8 1080
8 1688
9 298
9 312
9 767
9 876
9 993
10 307
11 259
11 465
11 521
11 761
11 895
11 1212
11 1520
12 1223
12 1507
12 1550
13 250
13 613
13 1330
13 1860
14 296
14 877
14 1161
14 1566
15 303
15 1343
15 1985
16 113
16 379
16 517
16 618
16 690
16 865
16 1463
16 1593
16 1811
17 422
17 1865
17 1883
18 251
18 769
18 1182
18 1496
19 1168
19 1186
20 257
20 369
20 516
20 698
20 744
20 1489
20 1985
21 405
21 497
21 510
21 1584
21 1703
21 1874
22 112
22 304
22 492
22 1584
23 278
23 324
23 619
23 1070
23 1253
23 1621
24 1077
24 1549
25 536
25 1530
25 1546
26 1271
26 1639
27 353
27 464
27 569
27 735
27 828
27 944
27 1284
27 1346
28 52
28 83
28 225
28 835
28 1641
28 1843
29 732
29 1371
30 568
30 661
30 1735
31 190
31 446
31 994
31 1308
31 1693
31 1943
32 168
32 861
32 890
33 1205
33 1572
33 1654
33 1845
34 567
34 1226
34 1690
34 1732
35 149
35 179
35 342
35 638
35 1806
36 301
36 310
36 868
36 902
36 1927
37 230
37 614
37 1041
38 1237
39 297
39 833
39 1257
39 1279
39 1865
40 570
40 606
41 1249
41 1270
41 1627
42 334
42 654
42 1229
42 1499
42 1673
42 1815
43 174
43 1755
44 927
44 1111
44 1262
44 1884
45 1168
45 1185
46 639
46 794
46 1556
46 1788
47 260
47 385
47 1187
47 1503
48 1413
49 172
49 606
49 1387
49 1850
50 127
50 254
50 1108
50 1320
50 1482
51 1000
51 1189
51 1861
52 145
52 959
52 1411
52 1513
52 1602
52 1853
52 1969
53 450
53 873
53 1135
53 1582
53 1623
53 1720
54 593
54 1115
54 1210
54 1901
55 548
55 654
55 667
55 720
55 822
55 1226
55 1740
56 868
56 1937
56 1996
57 374
58 404
59 451
59 967
59 1107
59 1956
60 224
60 236
60 597
60 1007
60 1146
60 1254
60 1293
60 1375
60 1598
61 260
61 1338
62 836
62 858
62 1444
62 1929
63 90
63 284
63 507
64 708
64 1380
64 1564
64 1672
64 1941
65 1166
65 1755
65 1865
66 1971
67 260
67 502
67 1425
67 1778
68 255
68 524
68 1084
69 756
69 1705
70 251
70 491
70 728
70 1778
71 344
72 358
72 715
72 730
72 819
72 874
72 1020
72 1104
72 1692
73 559
74 573
74 1389
74 1571
74 1994
75 147
75 611
75 749
75 835
75 1334
76 328
76 510
77 891
77 1200
77 1739
78 141
78 402
78 845
78 1373
78 1602
79 338
79 498
79 951
79 1401
79 1976
80 206
80 1321
80 1759
80 1818
80 1959
81 559
81 1077
82 1022
82 1336
82 1805
82 1810
83 871
83 916
83 1315
83 1360
84 472
84 1282
86 649
86 931
86 1572
87 556
87 634
87 719
87 735
87 756
87 941
88 728
88 731
88 994
88 1234
89 286
89 457
89 595
89 1182
89 1688
90 837
90 1017
90 1120
90 1311
90 1795
91 424
91 438
91 477
91 636
91 1250
92 320
92 460
92 781
92 1054
92 1213
92 1617
92 1650
92 1917
93 571
93 975
93 983
93 1068
93 1107
93 1248
93 1878
94 263
94 590
94 782
94 1545
94 1575
95 298
95 498
95 540
95 583
95 821
95 870
95 921
95 1034
95 1365
96 1160
96 1962
97 137
98 132
98 535
98 1186
98 1270
98 1395
98 1527
99 427
99 790
101 677
101 1365
101 1744
102 564
102 726
102 966
102 1390
102 1584
103 517
103 1214
103 1980
104 643
104 677
104 789
104 1148
104 1619
105 193
105 222
106 208
106 226
106 374
106 920
106 1337
106 1387
106 1411
106 1437
106 1840
106 1878
107 583
107 686
107 1044
107 1223
107 1306
107 1490
107 1508
107 1602
107 1700
107 1987
108 908
108 1694
108 1843
109 267
109 509
109 1912
110 145
110 1040
110 1157
110 1525
111 190
111 533
111 633
111 707
111 992
111 1276
111 1412
111 1961
112 1384
112 1395
112 1398
112 1770
113 158
113 1155
113 1169
114 674
114 1041
114 1081
114 1297
114 1821
116 151
116 444
116 567
116 806
116 992
116 1507
117 1026
117 1705
117 1996
118 409
118 976
118 1022
119 383
119 713
119 1187
119 1927
120 160
120 164
120 292
120 488
120 1871
121 559
121 620
121 1763
121 1890
122 1710
122 1827
122 1963
122 1980
123 196
123 490
123 678
124 1218
125 561
125 641
125 1732
125 1900
126 635
126 1752
128 287
128 392
128 1161
128 1560
128 1993
129 1277
129 1366
129 1958
130 427
130 1576
130 1816
131 153
131 620
131 1435
131 1721
132 317
132 625
132 1027
132 1076
132 1916
133 1205
133 1530
133 1778
134 621
134 1582
134 1636
135 733
135 864
135 961
135 1151
135 1254
135 1804
136 296
136 434
136 1670
137 182
137 1641
137 1664
138 257
138 272
138 914
138 1448
138 1476
139 272
139 855
139 1815
140 164
140 302
140 836
140 1237
140 1303
140 1908
141 672
141 844
141 956
141 1053
141 1443
141 1744
141 1936
141 1956
142 434
142 650
142 863
142 971
142 994
142 1083
142 1138
142 1666
143 832
143 1583
143 1989
144 894
144 995
144 1621
145 216
145 283
145 753
145 791
145 962
145 1016
145 1442
145 1585
146 989
146 1112
146 1362
146 1517
146 1995
147 432
147 534
147 1460
147 1668
148 759
148 1088
148 1980
149 1498
149 1592
149 1651
149 1746
150 466
150 665
150 1431
150 1997
151 242
151 312
151 701
151 1932
152 374
152 744
152 1138
152 1148
152 1774
153 181
153 718
153 1134
154 177
154 682
154 911
154 1617
155 219
155 296
155 707
155 770
155 1194
155 1548
155 1695
155 1804
155 1822
155 1971
156 257
156 298
156 318
156 441
156 740
156 1483
156 1720
156 1836
156 1906
157 628
157 803
157 941
157 1101
158 464
158 1349
158 1427
158 1447
159 899
159 1557
159 1896
160 770
160 1303
161 851
161 1457
162 169
162 368
162 546
162 676
162 867
162 1297
162 1449
162 1673
163 953
163 1181
163 1391
163 1762
164 783
164 1691
164 1872
165 775
165 792
165 1144
165 1483
166 296
166 490
166 763
166 847
166 1916
167 342
167 354
167 370
167 516
168 645
169 1213
169 1303
169 1923
170 182
170 541
170 720
170 1469
170 1718
171 331
171 549
171 856
171 999
171 1790
172 473
172 654
172 1000
172 1106
172 1543
172 1698
173 546
173 1897
174 327
174 576
174 1054
175 472
175 658
175 913
176 225
176 1133
176 1506
177 892
177 1333
177 1739
177 1764
178 508
178 745
178 1103
179 853
179 1369
179 1745
179 1973
179 1996
180 954
180 1623
180 1970
181 228
181 395
181 557
181 788
181 1780
182 534
182 592
182 668
182 702
183 198
183 654
183 1048
183 1695
184 602
184 604
184 758
184 1743
184 1982
185 394
185 981
185 1000
185 1777
186 190
187 848
187 1248
187 1931
188 189
188 1227
189 559
189 627
189 717
189 1311
189 1754
190 311
190 735
190 916
190 1011
190 1559
190 1753
191 244
191 283
191 450
193 891
193 939
193 1657
193 1883
194 243
194 440
194 849
194 1058
194 1214
194 1562
195 501
195 798
195 1115
195 1350
195 1520
196 791
196 811
196 1347
196 1412
196 1971
197 1277
198 535
198 1062
198 1093
198 1142
198 1179
199 675
199 1614
199 1743
199 1837
200 390
200 618
200 668
200 1198
200 1869
200 1890
201 388
201 519
201 540
201 1409
201 1433
201 1684
202 1862
203 459
203 560
203 1072
203 1145
203 1388
203 1445
203 1465
203 1871
204 673
204 974
204 1327
205 739
205 1964
206 399
206 480
206 487
206 821
206 903
206 1313
206 1998
207 213
207 229
207 846
207 1103
208 411
208 877
209 1530
210 552
210 1607
210 1926
211 1118
213 240
213 385
213 1386
213 1536
213 1724
214 938
214 966
214 1140
214 1990
215 797
216 457
216 716
216 1123
216 1657
216 1735
216 1738
216 1750
216 1980
217 367
218 732
218 744
218 825
218 1317
218 1522
219 1265
219 1274
219 1431
219 1479
219 1838
220 567
220 1413
221 330
221 547
221 665
221 744
221 1632
221 1860
222 279
222 458
222 481
222 1892
223 359
223 451
224 504
224 660
224 827
224 1033
224 1294
224 1912
225 248
225 549
225 888
225 1663
225 1842
225 1931
226 516
226 1060
226 1445
227 785
227 853
227 1289
227 1457
227 1928
228 848
228 1203
229 233
229 664
229 846
229 1354
229 1577
229 1633
230 379
230 1878
231 415
231 487
232 1224
232 1969
233 845
233 875
233 1285
235 297
235 474
235 859
236 1195
237 509
237 1831
237 1887
237 1943
237 1945
238 413
238 671
238 1249
238 1967
239 1268
239 1704
240 1144
240 1640
241 703
241 1177
241 1477
241 1649
241 1662
241 1855
242 873
242 1060
242 1192
243 1031
243 1555
244 692
244 1111
245 360
245 990
245 1212
245 1483
245 1649
246 279
246 544
246 711
247 621
247 639
247 1655
248 780
248 1670
248 1849
249 462
249 855
250 1368
250 1573
250 1613
250 1672
251 711
251 1330
251 1530
251 1549
251 1898
251 1912
252 484
252 588
252 740
252 1150
252 1172
253 554
253 695
253 1095
253 1204
253 1500
253 1815
253 1970
254 312
254 562
254 804
254 1108
254 1181
254 1960
255 1169
255 1517
255 1867
256 516
256 1047
256 1536
256 1717
257 580
257 1011
257 1382
257 1868
258 290
258 957
259 396
259 419
259 745
259 1493
259 1633
260 790
260 888
260 1185
261 462
261 529
261 627
261 927
261 1540
262 550
262 911
262 1372
262 1374
262 1699
263 673
263 1817
264 543
264 1901
265 1178
265 1365
265 1400
266 807
266 1263
267 573
267 599
267 883
267 910
267 1098
268 499
268 504
268 1936
270 1571
271 452
271 564
271 1783
271 1827
272 1306
272 1823
273 450
273 512
274 431
274 1265
274 1631
274 1911
275 315
275 411
275 1922
276 411
276 1636
276 1712
277 446
277 924
277 1560
277 1602
277 1861
278 962
278 992
278 1260
278 1515
278 1879
279 355
279 669
279 1158
279 1180
279 1784
279 1822
280 283
280 397
280 475
280 623
280 667
280 1139
280 1339
280 1369
280 1986
281 1149
281 1950
282 304
282 728
282 956
282 1239
282 1472
283 636
283 812
283 1300
283 1424
283 1469
283 1682
284 393
284 1544
285 965
285 1033
285 1104
285 1356
285 1599
286 1462
287 592
287 935
287 1141
287 1270
288 879
288 976
288 1623
288 1703
289 1336
289 1892
290 692
290 700
290 864
290 1249
290 1514
290 1548
291 339
291 344
291 385
291 667
291 806
291 1798
292 493
292 554
292 1228
293 823
293 1809
293 1968
294 581
294 1314
295 461
295 1557
295 1681
296 409
296 1233
296 1321
296 1435
297 392
297 687
297 1412
297 1413
297 1746
297 1846
298 727
298 1057
298 1241
298 1324
298 1478
299 835
299 843
299 1089
299 1425
299 1746
299 1784
300 604
300 1176
300 1208
300 1307
301 471
301 502
301 656
301 794
301 897
301 1227
301 1378
301 1691
302 908
302 1324
303 714
303 892
303 994
303 1371
304 931
304 1908
305 699
305 1212
305 1319
305 1577
305 1678
306 464
306 1135
306 1394
306 1695
306 1787
306 1904
307 420
307 1815
308 365
308 588
308 975
308 1753
308 1977
309 321
309 367
309 487
309 809
309 1686
310 735
310 1156
310 1421
310 1540
311 1368
311 1563
311 1902
312 668
312 1990
313 1771
313 1809
313 1902
314 456
314 875
314 1198
314 1266
314 1479
315 1087
316 1110
316 1689
317 1218
317 1446
317 1519
317 1888
317 1949
317 1989
318 1433
319 933
319 971
319 1435
320 401
320 495
320 1450
321 440
321 1076
321 1686
321 1865
322 829
322 874
322 1216
323 350
323 381
324 1194
324 1694
324 1741
324 1814
324 1817
324 1971
325 330
327 526
327 1301
327 1343
327 1593
328 666
328 1082
328 1957
329 339
329 808
329 809
329 909
329 1497
329 1514
329 1707
330 470
330 1364
330 1856
330 1870
330 1892
331 600
331 624
331 1838
332 363
332 1375
332 1618
332 1810
332 1957
333 527
333 794
333 1339
333 1988
334 570
334 1120
334 1877
335 411
335 455
335 693
335 1628
335 1638
335 1787
336 687
336 1347
336 1594
336 1621
337 436
337 523
337 544
337 700
337 1677
337 1678
338 368
338 450
338 545
338 637
338 992
339 598
339 642
339 907
339 960
339 1689
340 749
340 781
341 696
341 1131
341 1539
341 1605
341 1794
342 708
342 1314
342 1690
343 1144
343 1501
343 1827
343 1850
344 479
344 806
345 735
345 824
345 864
346 772
346 868
346 1716
347 748
347 1069
347 1544
347 1646
347 1944
348 694
348 711
348 1735
349 950
349 1390
349 1690
350 1182
350 1350
350 1721
351 911
351 1191
351 1457
351 1707
351 1881
352 503
352 1051
352 1248
352 1481
352 1961
353 763
353 1369
354 539
354 664
354 723
354 1031
354 1168
354 1560
354 1703
354 1939
355 1296
355 1889
356 1068
356 1138
356 1416
356 1603
357 359
357 689
357 762
357 787
357 1601
357 1957
358 410
358 948
358 1033
358 1606
358 1655
359 795
359 1613
359 1640
359 1645
360 931
360 1510
361 1103
361 1215
361 1814
362 392
362 749
362 1085
364 782
364 821
364 1036
364 1651
364 1910
365 829
365 1142
365 1599
365 1961
366 669
366 1455
366 1605
367 681
367 689
367 1360
368 749
368 840
368 1811
369 512
369 872
369 1157
369 1552
369 1927
370 1085
371 590
371 961
371 1904
372 861
372 1006
372 1314
373 403
373 438
373 791
373 1156
373 1489
375 1474
375 1609
376 491
376 1484
376 1684
377 436
377 1003
377 1131
378 624
378 847
378 891
378 951
378 1307
378 1916
379 653
379 1360
379 1497
380 680
380 1347
381 743
381 1438
382 632
382 1062
382 1156
383 1054
383 1079
384 389
384 1159
384 1750
384 1929
385 1072
385 1156
385 1274
385 1479
386 598
386 733
386 886
386 900
386 1319
387 1119
388 407
388 898
388 1262
389 614
389 945
389 1016
389 1251
389 1597
390 642
390 913
390 1379
390 1435
390 1607
391 561
391 765
391 907
391 1893
392 1851
393 434
393 776
393 1504
393 1552
393 1744
394 486
394 794
394 1121
394 1287
394 1700
395 1174
395 1176
395 1602
395 1678
395 1700
396 660
396 1209
396 1655
396 1795
398 587
398 629
398 826
398 1352
398 1758
398 1955
399 449
399 1932
399 1994
400 647
400 846
400 1497
400 1640
401 1131
401 1335
401 1476
401 1708
401 1732
402 461
402 619
402 843
402 1730
402 1811
403 800
403 833
403 842
403 960
403 1027
403 1591
403 1710
403 1732
404 1747
405 1034
405 1088
405 1174
405 1744
406 417
406 444
406 1072
406 1848
407 457
407 799
407 1698
407 1967
408 598
408 1284
409 1206
410 987
410 1388
410 1618
410 1779
411 566
411 761
411 1770
412 1823
413 784
413 1205
414 547
414 808
414 858
414 1024
414 1500
415 478
415 481
416 437
416 534
416 573
416 940
416 1303
416 1932
416 1958
417 679
417 834
417 1234
417 1343
418 1335
418 1350
418 1549
418 1612
418 1783
419 1068
419 1157
419 1375
420 898
420 1561
420 1696
421 721
421 1338
421 1398
421 1451
421 1904
422 666
423 586
423 758
423 817
423 1796
424 1326
424 1455
424 1548
424 1944
425 722
425 764
425 1058
425 1109
425 1119
425 1153
425 1330
425 1349
425 1914
426 600
426 924
426 1150
426 1448
427 689
427 730
427 967
427 1225
427 1487
428 1026
428 1163
428 1292
429 805
429 827
429 1208
429 1513
430 1435
430 1458
430 1471
430 1786
430 1851
430 1931
430 1970
431 864
431 1050
432 1678
432 1739
433 560
433 982
433 1002
433 1399
434 602
434 640
434 802
434 1238
434 1593
434 1740
435 737
435 955
435 1028
435 1091
435 1991
437 583
437 921
437 1071
437 1074
437 1355
437 1742
438 442
438 1327
439 686
439 756
439 1836
439 1910
440 465
441 892
441 1016
441 1587
441 1653
441 1937
442 687
442 1034
442 1647
442 1659
442 1779
442 1828
442 1861
443 1195
443 1248
443 1311
443 1543
443 1602
444 484
444 683
444 928
444 1121
444 1647
444 1774
447 579
447 1309
448 1133
448 1373
448 1476
448 1671
449 1074
450 752
450 1177
450 1269
451 538
451 1501
452 592
452 1018
452 1174
452 1339
452 1476
452 1688
452 1936
453 824
454 1987
455 577
455 803
455 1319
455 1876
456 862
456 1698
456 1933
457 1002
457 1466
457 1642
458 873
458 1014
458 1485
459 493
459 1694
460 675
460 765
460 1421
461 869
461 1164
461 1198
461 1755
462 1577
462 1646
462 1994
463 641
463 1633
463 1811
463 1843
463 1951
464 611
464 1894
465 833
465 915
465 1579
466 1137
466 1974
467 1119
467 1383
468 628
468 1190
468 1570
469 1497
470 536
470 1118
471 738
471 827
471 1278
471 1335
471 1984
472 1108
472 1391
473 710
473 904
473 1242
473 1341
473 1702
474 849
474 874
474 1466
475 585
475 637
475 1269
475 1388
476 1841
477 1026
477 1538
477 1986
478 991
478 1414
478 1506
478 1714
479 577
479 1372
479 1394
480 797
480 1616
480 1892
481 1728
482 615
482 796
483 768
483 1152
483 1672
484 1031
484 1641
485 557
485 650
485 1108
486 1385
486 1679
487 1516
489 1076
489 1203
489 1529
489 1655
489 1669
489 1790
490 683
490 815
490 1119
490 1253
490 1278
490 1481
492 534
492 724
492 856
492 939
492 1262
492 1401
492 1798
493 1294
493 1331
493 1367
493 1394
493 1474
493 1606
494 657
494 1189
495 1115
495 1380
495 1929
496 1113
496 1308
496 1819
496 1959
497 1148
498 985
498 1248
499 1627
499 1873
500 672
500 1601
500 1784
501 549
501 1132
501 1459
501 1845
502 748
502 1856
502 1898
503 625
503 1227
503 1260
503 1794
503 1812
504 737
504 1885
505 519
505 606
505 876
505 1059
505 1725
506 609
506 940
506 962
507 812
507 953
507 1818
508 614
508 1240
508 1752
509 1062
509 1524
510 537
510 754
510 810
510 834
510 901
510 1019
510 1203
510 1365
510 1549
510 1665
511 963
511 1953
512 871
512 928
512 1554
512 1617
512 1652
512 1667
512 1757
513 1078
513 1105
513 1486
514 614
514 620
515 992
515 1924
516 547
516 1355
517 1245
518 656
518 1044
518 1221
518 1396
518 1508
520 900
520 1370
520 1473
520 1842
520 1843
521 860
521 1830
522 1454
522 1737
522 1884
523 1237
524 1661
525 705
525 1297
525 1501
525 1746
526 1654
527 716
527 1607
528 892
528 1332
528 1837
529 600
529 1561
529 1903
529 1970
530 531
530 676
530 1101
530 1211
530 1271
531 919
531 1521
532 1044
532 1135
532 1482
532 1845
533 1454
533 1508
534 732
534 1410
534 1634
535 1462
536 897
536 1189
536 1518
537 874
537 1981
538 1005
538 1594
540 667
540 1078
540 1714
540 1834
541 659
541 1795
541 1888
542 811
542 1426
544 1203
544 1368
544 1642
545 860
546 683
546 1478
546 1867
547 1354
547 1445
547 1534
547 1642
548 1000
548 1483
548 1922
549 603
549 1354
549 1514
550 695
550 737
550 1308
550 1784
550 1833
550 1854
550 1912
552 974
552 1129
553 1181
554 986
554 1543
554 1904
555 804
555 1026
555 1162
555 1425
556 1157
556 1511
556 1635
556 1815
558 570
558 605
559 1623
560 1121
560 1259
560 1438
560 1694
561 821
561 1042
561 1324
561 1641
562 1078
562 1839
562 1939
562 1950
564 942
565 857
565 1061
565 1099
565 1213
565 1874
567 575
567 623
567 790
567 875
567 1527
568 1115
568 1278
569 1291
569 1698
569 1728
569 1924
570 1043
571 572
571 1564
571 1891
572 1166
573 756
573 835
573 906
573 1069
573 1101
573 1241
573 1732
573 1797
573 1935
574 606
574 925
574 1144
574 1176
574 1419
575 1976
576 1840
576 1894
577 741
577 1066
577 1368
578 684
578 688
578 919
578 1530
578 1552
578 1556
578 1788
578 1976
579 981
579 1124
579 1370
580 698
580 1043
580 1437
581 716
581 1463
581 1554
582 908
582 1071
582 1820
583 625
583 815
583 957
583 1351
583 1615
584 942
584 1582
584 1988
585 635
585 661
585 1427
585 1428
586 951
586 1347
587 882
587 1091
588 1079
588 1430
589 793
589 937
589 1375
589 1894
590 976
590 1145
590 1227
591 715
591 1158
591 1309
591 1584
592 1142
592 1168
593 929
593 1054
593 1265
593 1446
593 1694
593 1885
594 754
594 1064
594 1637
595 644
595 649
595 810
595 1278
596 908
596 1856
596 1926
597 1215
597 1985
598 984
598 1216
598 1681
598 1982
599 1507
599 1581
599 1764
600 694
600 1261
601 951
601 1757
601 1931
602 1066
602 1161
602 1450
603 644
603 1418
603 1444
604 1505
605 885
605 999
605 1604
607 1544
607 1562
607 1758
607 1932
608 661
608 722
608 752
608 1706
608 1986
609 926
609 1220
609 1324
609 1632
610 652
610 969
610 977
610 1100
610 1105
611 854
611 1486
611 1487
612 910
612 1147
612 1958
613 642
613 954
613 1299
613 1376
614 672
614 1745
615 843
615 1254
617 632
617 1243
617 1418
617 1650
618 800
618 1530
618 1902
619 689
619 935
619 1691
620 1509
620 1546
620 1583
620 1894
621 1205
622 785
622 1526
622 1633
622 1921
624 1297
625 894
625 1295
625 1342
626 990
627 652
627 869
627 1911
628 932
628 1540
631 840
632 706
632 1479
632 1728
632 1816
634 1369
635 1232
636 1043
637 934
637 954
637 1194
637 1274
637 1294
637 1532
638 1213
638 1935
639 733
639 1678
640 1487
641 963
641 1162
642 1082
643 870
643 876
643 1143
643 1321
643 1805
644 758
644 946
644 1312
644 1972
645 773
645 971
645 1344
645 1455
646 1902
646 1922
647 939
647 1166
647 1712
647 1963
648 1204
648 1299
648 1872
649 1410
649 1552
650 1018
650 1801
651 668
651 819
651 1106
651 1641
651 1833
652 722
652 866
652 1093
652 1736
652 1870
653 857
653 1007
654 766
654 1212
654 1267
654 1568
655 872
655 964
655 1107
655 1338
656 658
656 806
656 1198
657 1103
657 1162
657 1384
658 1196
658 1267
658 1666
659 813
659 888
659 1072
659 1538
660 1801
661 1910
662 935
662 1902
663 1770
664 802
664 822
664 1001
664 1691
665 1561
665 1864
666 1702
667 1429
667 1516
667 1576
668 1307
668 1749
669 1366
670 1737
670 1878
671 1208
671 1223
672 1339
672 1458
672 1879
673 813
673 1582
674 1139
674 1251
674 1973
675 1207
675 1463
676 717
676 1265
676 1341
678 927
678 1682
679 1548
679 1828
680 1278
680 1405
680 1448
680 1738
682 762
683 749
683 1523
683 1568
685 1440
685 1907
685 1999
686 720
686 1035
686 1345
686 1555
687 1843
688 1511
688 1961
689 1399
689 1614
689 1826
689 1938
690 1366
691 1596
692 868
692 1811
692 1917
693 865
693 1019
693 1091
693 1137
693 1289
693 1752
694 802
694 1763
694 1941
695 712
695 896
695 1448
696 817
696 964
696 1250
696 1829
697 1327
697 1875
698 1002
698 1583
698 1696
700 1020
700 1803
701 1012
703 1593
703 1776
703 1825
703 1981
704 976
704 1466
704 1485
704 1653
704 1660
705 1254
706 936
706 1127
707 780
707 1942
708 1070
708 1199
708 1402
708 1630
709 1008
709 1069
709 1140
709 1967
710 887
710 926
710 931
710 1079
710 1416
710 1945
711 851
711 1168
711 1518
711 1623
712 1117
712 1421
712 1579
712 1683
713 1797
714 1270
714 1594
714 1627
714 1934
715 860
715 888
715 1187
715 1305
715 1562
715 1887
716 1177
717 830
717 963
717 1461
718 973
718 1281
718 1421
719 1064
719 1211
720 722
720 929
720 1901
721 756
721 1170
722 815
722 926
722 1077
722 1109
722 1354
722 1442
722 1541
723 1000
723 1313
723 1722
723 1890
723 1925
724 910
725 1080
726 1336
726 1613
727 933
727 1150
727 1250
727 1703
728 761
728 849
728 1534
728 1936
729 737
730 888
731 845
732 951
732 1397
732 1512
732 1888
733 808
733 1481
734 1162
734 1780
735 1653
736 1157
736 1274
736 1480
736 1597
737 1240
737 1492
738 1240
740 1733
741 1141
741 1235
741 1763
741 1987
741 1992
742 1242
742 1573
743 1025
743 1539
743 1601
743 1647
744 1356
744 1412
744 1806
745 907
745 1101
745 1276
745 1809
746 1819
747 1927
749 1317
749 1846
750 1403
750 1650
750 1945
751 1650
751 1724
751 1830
752 773
752 993
753 1486
753 1754
754 871
756 828
756 1281
756 1487
757 960
757 1832
758 992
758 1829
759 975
759 1567
759 1568
759 1596
760 1965
761 1437
762 830
762 1013
765 1270
765 1678
765 1701
766 804
766 1085
766 1742
766 1921
767 1145
767 1824
768 911
768 1129
769 1345
770 849
770 1029
770 1431
770 1767
771 831
772 1629
772 1727
773 1056
773 1143
774 1107
774 1792
775 809
775 816
776 1779
777 1489
777 1841
777 1899
778 1105
778 1400
778 1576
778 1765
778 1782
779 1329
779 1411
781 1517
782 1111
782 1784
783 868
783 1584
783 1961
784 1413
785 1362
785 1762
785 1804
786 818
786 1152
786 1373
787 1109
787 1333
787 1923
787 1977
788 829
789 837
789 1021
789 1665
790 1350
790 1703
791 969
792 1109
792 1263
792 1588
793 1465
794 815
794 908
794 1087
794 1170
794 1267
794 1564
794 1919
796 902
796 1283
797 1058
798 871
798 1611
799 1119
799 1426
800 1073
801 1241
801 1402
801 1596
801 1774
803 832
803 969
803 1109
803 1335
804 1609
804 1645
806 928
806 1507
806 1752
806 1825
807 1164
807 1200
807 1409
807 1593
807 1699
808 1336
808 1820
809 1411
809 1945
810 1024
810 1340
810 1391
810 1519
810 1600
811 1859
811 1947
812 1917
813 990
813 1282
813 1475
814 1793
814 1820
814 1933
815 1068
815 1116
815 1192
815 1250
815 1815
816 1588
816 1980
817 895
818 1657
818 1793
818 1942
819 1004
820 1896
821 1066
821 1434
822 1221
822 1905
823 1797
824 1488
824 1809
825 1650
825 1816
826 854
826 1140
826 1535
827 1314
827 1585
828 863
828 931
829 1439
829 1672
829 1885
830 1147
830 1663
830 1802
831 1519
831 1758
832 1089
832 1814
833 992
833 1957
834 986
834 1264
834 1653
834 1815
835 1276
835 1461
835 1535
836 989
836 1762
836 1799
837 959
837 1156
837 1308
838 1652
839 988
840 1594
842 958
842 963
842 1447
842 1794
844 1024
844 1275
846 1071
846 1966
848 884
848 1616
848 1855
848 1869
850 1227
850 1622
850 1824
851 1079
851 1531
851 1778
853 1074
853 1777
854 900
854 1271
854 1409
854 1507
855 1007
855 1479
856 1092
856 1356
857 1108
857 1821
858 1349
858 1444
858 1674
858 1782
859 1093
859 1993
860 1123
860 1127
860 1389
860 1476
860 1482
861 862
861 991
861 1021
861 1433
861 1776
861 1961
862 922
862 1317
862 1783
863 1251
864 987
864 1530
865 961
865 1670
866 1128
866 1150
866 1152
867 1179
867 1219
867 1368
867 1597
867 1712
868 883
868 1197
869 974
870 896
870 1378
870 1683
870 1782
872 880
872 1288
873 905
874 1466
874 1476
875 918
875 950
875 1065
875 1116
875 1168
876 1024
877 1677
878 983
878 1056
878 1076
878 1124
879 1234
880 1548
881 1412
881 1647
882 1030
882 1172
882 1522
882 1609
882 1792
882 1945
883 1002
884 1143
884 1683
884 1762
884 1969
885 902
885 998
885 1118
885 1896
886 1190
888 1179
888 1248
888 1375
888 1519
888 1958
889 894
889 1094
889 1136
890 1005
890 1665
890 1746
891 1487
891 1565
891 1939
892 1124
892 1689
892 1693
892 1898
893 978
893 1176
893 1281
893 1416
893 1857
893 1944
894 1218
894 1239
894 1845
894 1901
894 1957
895 1233
895 1413
895 1519
896 1239
897 1428
897 1770
898 1425
898 1467
898 1735
899 1845
899 1933
900 1438
900 1439
900 1493
900 1612
901 1012
901 1805
902 907
902 1313
903 1159
903 1178
903 1413
903 1820
904 1633
907 943
907 1417
907 1642
907 1774
908 1076
908 1153
908 1252
908 1900
909 1073
909 1814
910 1110
910 1286
910 1687
910 1925
911 1374
911 1430
911 1695
912 1270
913 1590
914 1248
914 1250
915 1194
915 1825
916 1142
916 1206
916 1648
916 1703
917 1327
917 1378
917 1382
918 1133
918 1979
919 1786
921 1186
921 1271
921 1336
921 1830
922 1065
922 1698
922 1872
922 1963
923 1152
924 1444
924 1527
924 1854
925 1129
925 1673
926 1067
926 1158
926 1447
926 1899
926 1909
926 1916
927 1130
927 1131
928 1393
928 1979
929 1122
930 1181
930 1273
930 1773
931 1197
931 1316
931 1504
932 1842
934 1145
934 1562
934 1682
934 1777
935 1141
935 1318
935 1799
936 954
936 1108
936 1574
936 1839
937 995
937 1276
937 1816
938 1161
938 1429
939 1450
940 1123
941 1468
941 1535
941 1544
941 1556
941 1561
941 1684
941 1997
942 1528
943 1272
943 1318
943 1861
944 1054
944 1057
944 1178
944 1612
945 1796
948 1316
948 1486
948 1980
949 1509
950 1570
952 1274
952 1773
953 1517
953 1524
953 1586
954 1816
955 1112
955 1225
955 1438
955 1581
956 1090
956 1293
956 1377
956 1513
956 1946
957 1087
957 1738
958 1048
958 1336
958 1400
958 1552
958 1962
959 1917
960 1318
961 971
961 1257
962 1016
962 1509
963 1004
963 1442
964 1042
964 1167
964 1548
964 1554
964 1781
965 1595
966 1013
967 1100
967 1359
968 1166
968 1254
968 1362
968 1785
968 1928
969 1398
970 1088
970 1135
970 1571
971 1562
972 984
972 1562
972 1977
973 1171
974 1998
975 1146
976 1582
977 1737
977 1767
978 1364
978 1705
978 1753
978 1961
979 1203
979 1539
980 1399
981 1241
981 1648
981 1719
981 1770
984 1372
984 1767
985 1669
986 1545
987 1041
987 1947
988 1113
988 1631
989 1262
989 1598
991 1151
991 1517
991 1524
992 1049
992 1608
993 1603
994 1571
994 1729
994 1932
995 1362
996 1799
996 1840
997 1104
997 1395
998 1979
999 1528
999 1626
1001 1464
1001 1542
1003 1576
1003 1920
1003 1931
1004 1090
1004 1156
1006 1054
1007 1706
1007 1962
1008 1284
1009 1310
1009 1341
1009 1553
1010 1168
1010 1402
1011 1025
1011 1407
1012 1049
1012 1231
1013 1226
1013 1534
1013 1741
1014 1081
1014 1228
1014 1756
1015 1765
1016 1869
1018 1094
1018 1620
1018 1739
1020 1215
1020 1978
1021 1311
1022 1136
1022 1194
1022 1943
1024 1137
1024 1261
1025 1591
1026 1442
1026 1525
1027 1094
1027 1260
1028 1900
1029 1522
1029 1636
1030 1125
1030 1787
1031 1485
1032 1299
1032 1721
1033 1166
1033 1371
1033 1959
1034 1274
1034 1684
1034 1981
1036 1084
1036 1111
1036 1620
1037 1943
1038 1727
1039 1194
1039 1698
1041 1637
1041 1712
1042 1332
1042 1511
1042 1995
1043 1097
1043 1216
1044 1622
1044 1872
1044 1906
1045 1466
1045 1986
1046 1146
1046 1554
1046 1851
1047 1103
1049 1142
1049 1186
1049 1477
1050 1127
1050 1633
1051 1138
1051 1199
1051 1722
1051 1966
1053 1504
1053 1520
1053 1588
1053 1714
1054 1162
1055 1172
1055 1835
1057 1405
1058 1343
1058 1541
1058 1767
1059 1746
1060 1083
1060 1265
1061 1561
1061 1920
1062 1247
1063 1688
1064 1813
1065 1137
1065 1199
1066 1651
1067 1303
1067 1679
1068 1225
1069 1397
1070 1101
1072 1373
1072 1504
1072 1924
1074 1224
1074 1230
1074 1851
1075 1183
1075 1991
1076 1618
1078 1187
1078 1311
1078 1884
1079 1436
1080 1922
1081 1939
1082 1237
1082 1509
1082 1929
1083 1339
1083 1357
1084 1316
1084 1384
1084 1720
1085 1360
1085 1636
1085 1888
1087 1163
1088 1631
1088 1962
1089 1209
1089 1461
1089 1826
1091 1233
1091 1438
1092 1620
1093 1727
1094 1359
1095 1610
1096 1124
1096 1241
1096 1786
1097 1272
1097 1605
1097 1606
1097 1652
1098 1550
1098 1776
1099 1869
1099 1941
1100 1173
1100 1398
1101 1230
1101 1937
1101 1953
1102 1204
1102 1978
1103 1131
1103 1537
1104 1172
1105 1265
1105 1611
1105 1887
1105 1969
1107 1232
1107 1448
1107 1497
1107 1606
1107 1754
1108 1166
1108 1646
1108 1757
1108 1856
1111 1202
1111 1895
1112 1739
1113 1367
1115 1315
1115 1625
1115 1703
1115 1918
1117 1130
1117 1197
1117 1869
1119 1930
1120 1298
1120 1965
1121 1579
1121 1922
1122 1141
1122 1366
1123 1563
1123 1695
1124 1854
1125 1669
1126 1249
1126 1772
1126 1815
1127 1501
1127 1850
1128 1312
1128 1680
1128 1718
1128 1723
1129 1258
1129 1321
1129 1473
1129 1790
1130 1990
1131 1812
1131 1815
1131 1952
1132 1266
1132 1635
1132 1831
1132 1835
1133 1347
1133 1573
1133 1583
1134 1500
1135 1292
1135 1794
1135 1839
1137 1832
1138 1394
1138 1605
1139 1545
1139 1813
1140 1627
1140 1685
1141 1542
1142 1183
1143 1170
1143 1244
1143 1350
1143 1940
1143 1983
1144 1222
1144 1691
1144 1963
1145 1862
1146 1156
1146 1304
1146 1570
1146 1990
1147 1191
1147 1355
1148 1358
1148 1916
1149 1261
1149 1263
1149 1856
1149 1906
1150 1455
1150 1582
1150 1714
1150 1773
1150 1868
1150 1931
1151 1504
1151 1712
1151 1908
1152 1243
1152 1926
1152 1982
1153 1376
1154 1547
1155 1362
1155 1625
1155 1741
1155 1819
1155 1919
1156 1316
1156 1881
1157 1222
1157 1820
1159 1317
1160 1354
1160 1642
1161 1375
1161 1815
1162 1292
1162 1468
1163 1412
1164 1889
1164 1927
1165 1185
1165 1473
1166 1805
1167 1875
1169 1221
1170 1662
1170 1883
1171 1518
1172 1244
1172 1688
1172 1840
1173 1312
1173 1369
1173 1578
1175 1656
1175 1664
1176 1775
1177 1556
1178 1976
1179 1531
1179 1566
1181 1754
1182 1539
1182 1926
1182 1956
1182 1980
1183 1731
1184 1259
1184 1795
1185 1418
1185 1940
1186 1222
1188 1774
1189 1215
1189 1948
1190 1923
1191 1308
1191 1451
1191 1536
1191 1759
1191 1794
1191 1967
1192 1863
1193 1668
1193 1828
1194 1517
1194 1609
1194 1687
1194 1854
1195 1268
1196 1649
1196 1994
1197 1574
1197 1886
1198 1318
1198 1343
1199 1541
1199 1986
1202 1709
1203 1678
1203 1848
1203 1910
1204 1536
1204 1855
1205 1617
1206 1237
1208 1324
1208 1909
1208 1930
1209 1220
1211 1659
1211 1730
1211 1838
1211 1866
1211 1976
1213 1858
1214 1665
1215 1335
1215 1551
1218 1435
1218 1443
1218 1597
1218 1779
1218 1922
1218 1948
1219 1541
1219 1810
1221 1403
1223 1519
1223 1660
1224 1490
1224 1757
1225 1427
1225 1807
1225 1931
1226 1303
1226 1366
1226 1755
1227 1295
1227 1749
1228 1566
1229 1989
1233 1262
1234 1692
1234 1885
1235 1791
1235 1976
1236 1477
1236 1686
1237 1291
1237 1474
1237 1805
1238 1302
1238 1372
1239 1602
1240 1402
1242 1726
1243 1766
1244 1609
1245 1318
1245 1575
1245 1977
1246 1406
1249 1266
1251 1879
1252 1676
1253 1482
1254 1756
1255 1504
1255 1960
1256 1684
1257 1690
1258 1524
1258 1961
1259 1375
1259 1557
1259 1996
1260 1272
1260 1887
1260 1971
1261 1441
1261 1619
1261 1782
1262 1567
1263 1266
1263 1698
1263 1895
1264 1444
1264 1491
1264 1854
1265 1379
1266 1420
1266 1715
1266 1984
1267 1441
1267 1542
1268 1352
1268 1375
1268 1432
1269 1930
1269 1977
1270 1501
1270 1791
1271 1319
1272 1396
1274 1867
1277 1745
1278 1626
1278 1653
1279 1708
1280 1701
1282 1304
1283 1824
1284 1412
1285 1415
1285 1450
1286 1477
1287 1293
1287 1425
1288 1968
1290 1407
1290 1680
1292 1645
1292 1816
1293 1665
1294 1610
1295 1635
1297 1613
1299 1919
1300 1438
1300 1542
1300 1719
1301 1407
1301 1654
1303 1700
1304 1966
1305 1875
1306 1637
1306 1649
1307 1309
1307 1696
1308 1395
1309 1908
1310 1407
1310 1494
1311 1577
1311 1582
1311 1989
1313 1652
1313 1893
1314 1317
1314 1701
1315 1791
1316 1344
1316 1806
1317 1564
1318 1951
1319 1410
1319 1445
1319 1563
1321 1921
1322 1811
1323 1571
1326 1966
1328 1732
1328 1839
1332 1791
1333 1408
1333 1834
1333 1959
1335 1590
1335 1790
1335 1848
1336 1697
1336 1839
1338 1427
1338 1705
1340 1595
1341 1695
1342 1797
1346 1531
1346 1587
1346 1881
1346 1939
1347 1409
1348 1720
1350 1395
1350 1582
1350 1585
1350 1825
1352 1828
1353 1611
1354 1622
1355 1373
1355 1733
1357 1638
1357 1710
1357 1853
1357 1986
1358 1526
1358 1562
1358 1667
1359 1657
1360 1772
1361 1591
1362 1752
1364 1922
1365 1490
1365 1822
1366 1722
1366 1800
1366 1912
1367 1419
1367 1687
1368 1428
1372 1638
1372 1877
1373 1476
1373 1979
1374 1394
1374 1561
1374 1575
1374 1591
1375 1584
1376 1378
1376 1797
1377 1407
1380 1767
1381 1593
1381 1895
1382 1709
1382 1741
1384 1589
1385 1500
1387 1576
1387 1589
1387 1732
1387 1984
1391 1429
1393 1695
1395 1797
1395 1871
1395 1937
1396 1933
1398 1454
1398 1793
1399 1933
1400 1713
1400 1902
1400 1966
1401 1538
1402 1691
1402 1985
1403 1806
1403 1870
1403 1954
1405 1555
1406 1582
1406 1654
1406 1808
1406 1912
1407 1581
1407 1809
1407 1979
1408 1460
1408 1867
1409 1416
1410 1429
1410 1883
1410 1927
1411 1641
1411 1682
1411 1826
1413 1995
1414 1831
1415 1960
1415 1979
1417 1815
1417 1949
1418 1442
1418 1526
1418 1652
1420 1487
1420 1891
1421 1757
1421 1913
1422 1450
1422 1453
1422 1569
1422 1722
1422 1941
1423 1511
1423 1653
1423 1929
1423 1931
1424 1630
1424 1732
1425 1641
1425 1871
1425 1912
1426 1772
1427 1560
1428 1696
1429 1560
1429 1638
1429 1672
1430 1504
1431 1822
1432 1678
1432 1698
1433 1924
1435 1679
1436 1750
1437 1643
1441 1682
1442 1522
1443 1596
1443 1624
1444 1875
1445 1910
1446 1650
1448 1458
1448 1873
1449 1565
1449 1640
1449 1648
1450 1595
1452 1981
1452 1992
1454 1669
1454 1728
1456 1647
1458 1670
1458 1826
1459 1600
1461 1491
1462 1475
1462 1525
1462 1712
1465 1740
1465 1906
1469 1741
1472 1842
1472 1877
1474 1665
1475 1675
1475 1789
1475 1817
1476 1685
1477 1504
1477 1575
1480 1619
1481 1778
1481 1915
1484 1577
1484 1597
1484 1654
1484 1861
1484 1991
1485 1513
1486 1720
1487 1501
1487 1589
1490 1825
1490 1890
1491 1519
1491 1712
1491 1777
1492 1511
1493 1994
1495 1584
1497 1580
1497 1781
1497 1931
1500 1529
1500 1718
1503 1509
1503 1874
1503 1928
1504 1955
1505 1748
1505 1832
1506 1552
1506 1639
1506 1688
1506 1728
1506 1730
1506 1967
1508 1572
1508 1691
1510 1936
1511 1848
1512 1887
1513 1855
1513 1905
1513 1991
1514 1730
1514 1858
1516 1791
1516 1951
1517 1573
1517 1869
1518 1664
1518 1784
1521 1552
1521 1556
1522 1550
1522 1945
1522 1981
1522 1984
1523 1880
1523 1946
1524 1972
1525 1908
1525 1971
1527 1738
1527 1913
1528 1632
1529 1744
1530 1619
1530 1779
1532 1553
1533 1678
1537 1663
1538 1777
1538 1786
1543 1920
1544 1602
1546 1946
1547 1757
1548 1554
1548 1976
1549 1965
1550 1803
1550 1985
1553 1807
1554 1623
1554 1660
1555 1849
1558 1789
1559 1652
1559 1894
1560 1561
1560 1726
1560 1746
1561 1736
1565 1632
1567 1702
1567 1727
1569 1888
1570 1605
1571 1947
1573 1827
1573 1935
1576 1945
1579 1612
1582 1911
1583 1982
1585 1860
1585 1964
1585 1989
1587 1753
1589 1840
1590 1776
1590 1864
1592 1814
1593 1889
1594 1603
1594 1662
1594 1906
1596 1674
1596 1694
1596 1735
1597 1821
1598 1613
1600 1653
1600 1950
1601 1663
1605 1667
1606 1879
1606 1892
1608 1903
1610 1645
1611 1796
1611 1985
1613 1916
1613 1938
1614 1761
1615 1962
1617 1631
1618 1651
1618 1657
1618 1993
1619 1934
1620 1904
1620 1982
1622 1773
1623 1754
1625 1670
1626 1652
1627 1928
1630 1674
1630 1681
1633 1782
1633 1999
1634 1719
1636 1914
1639 1763
1642 1874
1643 1714
1644 1714
1644 1808
1644 1919
1646 1648
1646 1706
1648 1654
1648 1685
1648 1778
1649 1819
1650 1722
1651 1855
1651 1893
1652 1953
1654 1901
1655 1907
1657 1931
1659 1705
1659 1958
1660 1754
1662 1769
1662 1829
1662 1897
1663 1743
1665 1727
1667 1861
1668 1803
1668 1904
1671 1684
1672 1748
1674 1794
1678 1734
1682 1876
1685 1761
1685 1894
1686 1766
1686 1797
1686 1833
1686 1881
1690 1942
1690 1946
1693 1796
1694 1812
1696 1818
1698 1834
1698 1877
1699 1766
1699 1896
1699 1984
1700 1752
1702 1762
1704 1737
1704 1945
1705 1726
1705 1805
1707 1904
1709 1828
1709 1948
1710 1769
1710 1815
1711 1764
1711 1970
1713 1801
1714 1894
1716 1956
1718 1871
1721 1811
1723 1797
1724 1978
1725 1806
1725 1934
1726 1784
1727 1880
1727 1914
1729 1876
1730 1805
1733 1940
1735 1835
1735 1989
1737 1993
1739 1816
1739 1934
1740 1883
1740 1956
1742 1766
1742 1983
1744 1748
1747 1789
1747 1928
1747 1943
1748 1778
1748 1804
1748 1961
1751 1842
1752 1754
1755 1882
1758 1891
1758 1982
1760 1778
1762 1898
1764 1887
1765 1904
1770 1862
1770 1915
1772 1834
1775 1883
1777 1935
1781 1900
1782 1989
1783 1860
1785 1864
1789 1862
1791 1922
1791 1970
1793 1883
1795 1885
1796 1811
1796 1952
1797 1810
1798 1888
1798 1953
1804 1953
1805 1907
1808 1939
1812 1849
1814 1887
1817 1964
1817 1991
1818 1962
1820 1846
1828 1878
1828 1894
1830 1895
1835 1939
1838 1934
1843 1915
1852 1967
1853 1998
1854 1912
1855 1904
1857 1979
1858 1971
1861 1883
1862 1942
1866 1973
1868 1913
1889 1937
1890 1902
1890 1972
1894 1945
1899 1907
1900 1921
1903 1989
1913 1984
1920 1948
1923 1997
1924 1997
1929 1950
1931 1945
1984 1986
