0 87
0 267
1 151
1 214
1 257
1 315
1 449
2 67
2 407
2 466
3 122
3 220
3 340
4 159
4 183
4 345
4 381
4 486
5 98
5 159
5 200
5 398
5 472
5 482
6 456
6 478
7 80
7 182
7 233
7 398
7 423
8 110
8 163
8 182
8 195
8 350
8 375
10 175
10 240
10 412
10 418
11 78
11 273
12 126
12 258
12 345
13 88
13 139
13 155
13 200
13 230
13 425
14 114
14 189
14 237
14 242
14 294
14 486
15 25
15 279
15 461
16 100
16 483
17 132
17 223
18 99
18 134
18 163
18 166
18 257
19 114
19 174
20 249
20 265
20 304
21 53
21 278
21 283
21 356
21 380
22 38
22 86
22 229
22 428
23 90
23 122
23 193
23 200
23 378
23 471
24 42
24 186
24 204
24 246
24 249
24 269
24 302
24 362
25 65
25 110
25 234
25 263
25 436
25 442
26 161
26 492
27 61
27 212
27 237
27 274
28 97
28 447
29 153
29 174
29 372
29 459
31 378
32 286
32 301
33 140
33 405
34 101
34 110
34 158
34 199
34 210
34 353
34 436
35 240
35 257
35 321
35 388
35 453
36 84
36 175
36 190
36 242
36 367
36 397
37 65
37 352
38 61
38 191
39 150
39 164
39 205
39 270
40 73
40 226
40 309
40 398
41 103
41 177
41 248
41 268
41 350
42 108
42 286
42 302
42 342
43 411
43 443
44 45
44 126
44 128
44 258
44 380
45 51
45 177
45 199
46 270
46 331
46 385
47 121
47 331
48 57
48 385
49 57
49 75
49 86
49 242
49 277
49 293
49 448
49 478
50 147
50 172
50 372
50 459
51 279
51 318
51 370
52 130
52 253
52 297
52 374
52 394
52 476
53 327
54 159
54 224
54 252
54 426
55 289
55 472
56 65
56 86
56 211
56 278
56 283
56 385
57 131
57 257
58 168
58 188
59 202
59 407
59 443
59 471
60 174
60 204
60 331
60 366
60 435
60 450
61 72
61 136
61 192
61 342
61 426
62 214
62 369
63 164
63 393
63 480
64 99
64 238
64 331
64 405
65 80
65 241
65 345
65 422
65 455
65 456
65 464
65 492
66 87
66 127
66 314
66 424
67 185
67 304
67 469
67 488
67 495
68 76
68 314
68 490
69 106
69 175
69 221
70 126
70 174
70 188
70 261
70 283
71 184
71 196
71 210
71 227
71 236
71 298
72 291
72 370
72 446
72 452
73 154
73 156
73 281
73 403
74 196
75 125
75 142
75 159
75 172
76 137
76 272
76 313
76 458
77 250
77 304
77 417
77 425
77 490
77 497
78 188
78 323
78 403
78 414
79 86
79 235
79 273
80 109
80 226
81 86
81 340
82 154
82 266
82 309
83 146
83 285
83 295
83 339
84 139
84 149
84 451
84 475
85 262
85 264
85 297
85 349
85 477
86 194
86 213
86 354
86 370
86 397
87 118
87 166
87 171
87 461
88 177
88 206
88 232
88 263
88 303
88 388
88 498
90 97
90 130
90 259
90 413
91 226
91 271
91 275
91 306
91 348
91 395
91 427
92 217
93 295
93 393
93 443
94 321
94 422
94 432
95 105
95 158
95 181
95 232
95 325
95 440
96 191
96 349
96 477
97 213
97 475
97 477
97 479
98 222
98 268
98 423
99 101
99 280
99 301
99 457
99 475
100 163
100 238
100 299
100 426
100 463
101 144
101 387
102 108
102 254
102 315
102 383
102 388
102 397
102 471
102 480
102 483
103 211
104 317
104 347
104 445
105 174
105 407
105 444
106 133
106 312
107 236
107 324
107 345
108 134
108 201
108 273
108 321
109 282
109 310
110 127
110 187
110 203
110 214
110 233
110 323
110 330
112 121
112 250
112 338
113 231
113 340
113 453
114 327
114 379
115 353
115 422
115 461
116 292
116 480
117 157
117 250
117 311
117 395
118 176
118 212
118 367
118 380
118 405
119 129
119 392
119 442
120 144
120 359
120 416
121 193
121 205
121 411
121 481
122 459
123 137
123 271
123 395
125 288
125 400
127 266
127 328
127 380
128 227
128 341
128 413
128 470
128 475
129 172
129 329
129 341
129 379
129 489
130 250
130 271
130 312
130 383
133 464
134 139
134 295
134 356
135 173
135 380
136 482
136 490
137 171
137 174
137 286
137 427
138 312
138 320
138 416
139 176
139 205
139 387
139 472
140 153
140 410
140 469
141 184
141 188
141 377
142 278
142 307
143 150
143 277
143 278
143 344
143 474
144 297
145 267
145 318
145 382
145 415
145 417
146 181
146 199
146 366
146 440
147 361
148 239
148 446
148 479
149 419
150 177
150 324
150 410
150 471
151 302
151 358
151 400
151 444
152 314
152 475
152 497
153 344
153 451
154 218
154 306
155 248
155 306
155 388
155 464
155 474
156 461
157 169
157 445
157 493
158 481
159 294
160 170
160 202
160 238
160 357
160 427
161 243
161 368
161 431
162 311
162 328
162 475
163 169
163 218
163 240
163 258
163 494
164 190
164 234
164 343
165 350
166 263
166 310
166 486
166 496
167 413
169 363
169 367
170 199
170 207
170 209
170 405
170 430
171 204
171 384
171 451
172 444
172 452
173 291
173 457
174 192
174 216
174 242
174 434
174 467
175 230
175 242
175 283
176 179
176 289
176 367
177 267
178 238
178 350
178 450
178 453
178 483
179 223
179 261
179 495
180 313
180 386
180 429
180 443
180 448
180 449
180 487
181 227
181 259
181 348
181 472
182 401
182 461
183 228
183 313
183 327
183 395
184 193
184 202
184 270
184 330
186 213
186 306
186 309
186 324
186 405
187 291
187 354
187 387
187 424
188 251
188 401
188 430
189 271
189 388
189 433
190 225
190 301
190 436
190 482
191 264
191 420
192 203
192 446
193 308
193 391
193 409
194 282
195 216
195 375
195 406
196 325
196 384
196 420
197 488
197 497
198 354
198 393
198 414
198 449
199 411
200 226
200 436
201 262
201 277
201 297
202 267
203 405
203 440
204 237
204 477
205 294
205 471
206 245
206 332
206 380
207 211
207 231
207 432
207 443
208 240
208 282
208 351
209 291
209 310
209 317
209 447
210 211
210 339
210 357
210 360
211 350
211 426
212 479
213 424
213 439
213 444
214 345
214 395
214 450
214 458
214 483
215 403
215 443
216 297
216 481
217 281
218 275
218 354
219 255
219 448
220 301
220 320
220 475
221 388
221 454
223 291
223 306
223 382
224 260
224 290
224 437
225 475
225 499
226 233
226 300
226 408
227 270
227 473
228 246
228 280
228 333
228 406
230 497
231 288
231 330
231 460
231 492
232 307
232 311
232 495
233 285
233 493
234 308
234 356
234 427
234 498
235 296
235 306
236 425
236 437
237 265
237 471
238 392
238 408
238 462
239 241
239 419
239 485
239 494
240 353
240 442
241 246
242 332
242 422
243 400
243 467
244 259
244 355
244 389
245 475
246 468
247 327
248 256
248 345
248 408
249 254
250 300
251 287
251 320
251 482
252 324
253 316
254 321
254 340
254 346
254 358
257 351
257 405
258 486
260 286
260 451
261 271
261 308
261 371
261 414
263 452
264 416
266 429
266 456
266 481
266 493
267 300
267 333
267 375
267 411
268 283
268 335
268 405
268 407
268 467
268 481
270 332
270 408
270 475
271 273
271 369
271 472
271 490
272 277
272 299
272 425
272 448
274 365
275 342
275 403
276 360
276 422
277 341
277 385
277 454
278 470
279 323
279 357
279 416
280 371
280 404
282 283
283 456
283 482
285 379
285 401
285 424
285 475
286 300
286 351
286 494
287 491
288 337
288 466
289 361
290 291
290 490
292 400
293 296
294 318
294 384
295 374
296 313
296 371
296 432
298 310
298 359
299 330
299 337
299 467
301 325
301 477
302 483
303 379
303 458
303 467
304 329
304 455
305 396
305 496
306 345
306 352
306 483
307 417
308 358
308 437
312 328
312 402
312 406
312 411
312 494
313 384
314 394
314 459
315 353
316 436
317 476
317 486
318 345
318 443
319 492
321 448
322 468
323 344
323 466
324 368
324 452
324 458
325 405
325 435
328 405
328 471
329 347
329 445
330 474
331 366
331 397
331 424
331 469
332 356
332 365
332 458
334 478
335 400
335 403
335 437
336 338
336 386
337 344
337 377
337 441
337 476
339 373
340 403
340 448
340 487
341 440
342 386
342 392
342 453
342 469
343 382
343 472
344 345
344 404
347 447
348 381
348 423
348 462
350 457
351 471
352 402
352 437
352 485
353 468
355 468
355 476
356 375
356 377
356 426
357 416
358 445
359 370
360 480
363 442
363 478
364 445
366 428
367 419
368 385
370 495
372 388
372 430
373 389
373 433
373 459
374 444
376 441
378 390
380 396
381 391
382 393
382 446
383 471
384 397
384 499
385 431
385 451
386 432
387 436
387 444
387 488
389 409
389 410
389 448
389 451
389 479
389 481
390 457
391 408
391 421
392 433
394 428
395 396
396 420
396 473
396 489
397 424
398 412
398 477
399 480
401 449
401 459
402 455
403 434
403 485
403 498
404 432
412 429
415 451
417 471
419 499
420 460
421 448
422 435
423 473
425 456
429 444
431 473
433 446
439 482
442 492
443 463
443 474
443 488
444 483
447 486
449 470
451 466
452 473
452 487
452 498
453 471
456 499
457 499
459 463
459 482
465 482
465 488
484 491
