0 12
1 13
2 3
2 14
3 4
4 5
5 6
6 7
6 18
7 8
8 9
9 10
10 22
11 23
12 24
13 14
13 25
14 15
14 26
15 27
16 17
17 18
17 29
18 19
19 20
20 21
20 32
22 23
22 34
24 25
25 26
26 27
26 38
27 28
27 39
28 40
29 30
29 41
30 31
30 42
31 32
31 43
32 33
32 44
33 34
34 35
34 46
36 37
36 48
37 38
38 50
39 51
40 41
42 43
43 44
43 55
45 46
46 58
47 59
48 49
48 60
49 50
50 51
50 62
51 52
51 63
53 54
54 55
56 57
57 58
58 59
59 71
60 61
61 73
62 63
62 74
64 65
65 66
65 77
66 67
67 79
69 70
69 81
70 71
70 82
73 74
76 88
77 78
77 89
78 79
78 90
79 80
79 91
80 92
82 83
83 95
84 85
84 96
85 86
85 97
86 87
87 99
88 89
88 100
89 101
90 102
91 92
92 93
93 105
94 95
94 106
96 108
97 98
97 109
98 110
99 100
99 111
100 101
100 112
101 102
102 114
103 115
104 105
104 116
105 106
105 117
106 107
107 119
108 109
110 122
111 112
113 114
113 125
114 126
115 116
116 117
116 128
118 130
120 121
120 132
121 133
122 134
123 135
124 136
125 126
125 137
126 127
127 139
128 129
129 130
129 141
130 131
134 135
135 136
136 137
138 139
139 140
140 141
141 142
