2 234
2 2649
2 3020
2 3163
2 3539
3 1961
3 2195
3 2373
3 3614
4 149
4 317
4 1075
4 1162
4 2848
5 389
5 1806
6 1099
6 1917
7 1830
7 1856
7 3152
7 3161
7 3168
7 3208
7 3502
7 3941
8 469
8 769
8 1350
8 1577
10 76
10 1945
10 2933
11 129
11 635
11 1965
11 2577
11 2912
12 2208
12 2502
12 3871
13 138
13 890
13 3204
14 123
14 1553
14 2136
15 556
15 1040
15 1464
15 3123
15 3987
16 1014
16 2741
16 3274
17 162
17 929
17 1783
17 1788
17 2933
17 3561
17 3747
18 375
18 1386
18 3727
18 3816
19 114
19 1305
19 2520
19 2562
19 2928
19 3381
19 3394
19 3948
20 103
20 518
20 1898
20 2471
21 2911
21 3007
21 3405
22 390
22 1002
22 1649
22 2284
23 348
23 1646
23 1725
23 3954
24 2108
24 3294
25 1308
25 1618
25 3340
25 3348
26 1119
26 1869
26 1979
26 2766
26 2833
26 3431
26 3584
26 3611
27 93
27 295
27 3286
28 216
28 1522
28 2091
28 2560
28 3072
29 2345
29 3925
30 412
30 1111
30 1248
30 1994
30 2253
30 2654
30 3659
30 3942
31 70
31 1220
31 1259
31 2707
32 3377
33 1438
33 2894
34 101
34 2291
34 2388
34 3337
35 1246
35 2341
35 3205
35 3399
35 3712
35 3802
36 391
36 2266
36 3142
36 3479
36 3517
37 806
37 1060
37 1866
37 2824
37 3650
37 3810
38 694
38 843
38 1865
38 3409
39 1214
39 2527
39 3164
39 3594
40 2143
41 838
41 1507
41 1613
41 2375
42 3135
42 3897
43 296
43 3145
43 3275
44 416
44 1814
44 2046
44 2987
44 3780
44 3873
45 1125
46 347
46 575
46 1627
46 1674
46 2764
46 2848
47 463
47 2612
47 3229
48 50
48 1384
49 3446
49 3510
50 88
50 209
50 2686
51 1891
51 1959
51 2541
51 2603
51 2734
52 772
52 2033
52 3525
52 3975
53 346
53 1500
53 1651
53 2376
53 2612
53 2736
53 2897
53 3738
54 89
54 2851
54 2954
54 3016
55 1933
56 980
56 2495
57 1941
57 2201
57 2328
57 2986
58 2445
59 1182
59 1244
59 2039
60 1560
60 2162
60 3238
60 3385
60 3589
60 3978
61 837
61 2398
62 1526
62 2056
62 3640
62 3864
63 1999
63 2339
63 2627
64 750
64 780
64 1198
64 1331
64 1713
64 2939
64 3585
64 3896
65 507
65 2594
65 2824
66 241
67 269
67 853
67 1508
67 2492
67 2867
67 3109
68 278
68 1763
69 1035
69 3074
69 3256
69 3733
70 1883
70 1917
70 2819
70 3033
71 334
71 407
71 2746
71 2904
72 1090
72 1425
72 2032
72 2467
73 682
74 651
74 676
74 1523
74 2955
75 1793
75 2767
75 3219
75 3765
76 2341
76 3245
76 3582
77 274
77 1722
78 658
78 3653
78 3715
79 240
79 262
79 1830
79 2910
79 3316
80 383
80 2047
80 2730
81 671
81 1459
81 2855
81 3744
82 1255
82 2094
82 3264
83 1956
83 2092
84 263
84 627
84 2070
84 3085
84 3136
85 1286
85 2355
85 2591
85 3452
85 3817
86 1291
86 1958
86 2630
87 1949
87 2870
88 530
88 613
88 805
89 237
89 972
89 3627
90 1327
91 497
91 938
91 1415
91 2056
92 686
92 3626
93 1492
93 2086
93 3406
94 1956
95 1529
95 1694
95 2924
95 2965
95 3939
96 457
96 2688
97 1607
97 3141
97 3266
97 3565
98 146
98 605
99 1218
99 1707
99 3182
100 671
100 1551
100 1579
100 1778
100 3734
101 108
101 653
101 2130
102 212
102 382
102 869
102 920
102 1426
102 3099
102 3943
103 486
103 1700
103 2472
103 3886
103 3963
104 1036
104 2420
105 419
105 898
105 1848
105 2352
105 3042
106 682
106 1817
106 3358
107 765
107 1186
107 1274
107 1864
107 3939
108 1022
108 1469
108 1792
108 3126
109 1634
110 3498
111 393
111 1861
111 2643
111 3482
112 2075
112 2248
113 198
113 1139
113 1875
113 2387
114 1225
114 1280
114 1983
114 3149
115 328
115 737
115 786
115 1046
115 1329
115 2533
116 331
116 2949
117 1732
117 3379
117 3383
117 3789
117 3945
118 426
118 514
118 894
118 3228
119 330
119 946
119 3220
120 3045
121 1119
121 1311
121 2232
122 952
122 2232
123 2200
123 3313
123 3411
124 501
124 2227
125 285
125 3426
126 221
126 679
126 1470
126 1592
126 1656
126 2711
126 2910
126 3611
126 3779
127 358
127 3410
128 1463
129 328
129 708
129 1288
129 1816
129 3306
129 3662
130 600
130 769
130 1260
130 1574
130 2140
130 2221
130 3173
130 3839
131 348
131 446
131 1519
131 2200
131 3179
131 3221
131 3269
132 3713
133 925
133 1825
133 3324
134 1706
135 1193
135 1261
135 1423
135 3955
136 279
136 1437
136 1695
136 2211
136 2225
137 298
137 335
137 422
137 537
137 659
137 874
137 3232
137 3543
137 3691
137 3877
139 631
139 2170
139 2926
139 3116
139 3310
139 3758
140 383
140 1143
140 2238
140 2591
140 3289
141 1520
141 2458
141 3079
141 3157
141 3989
142 2589
143 2675
143 3275
144 586
144 1620
144 2213
145 498
145 2947
145 3064
146 1008
147 2172
147 3872
148 917
148 953
148 1838
148 2263
148 3535
150 1029
150 1335
151 2529
151 3090
151 3203
151 3887
152 1226
152 2557
153 438
153 1390
153 1800
154 634
154 2086
154 2450
154 2474
154 3356
155 807
155 2174
156 860
156 1810
156 1979
156 2400
156 2694
156 3569
157 2931
157 3268
157 3299
158 1914
159 901
159 3079
160 1676
160 2894
161 498
161 1497
161 2339
161 2935
162 171
162 699
162 1403
162 2588
162 3409
162 3565
163 2530
163 2592
163 3459
164 385
164 2886
164 3358
165 1892
165 2010
165 2333
165 2741
165 3445
165 3517
166 1426
166 1432
166 1899
167 383
167 3923
168 1171
168 1640
168 1675
168 2358
168 2660
169 787
169 1521
169 3601
169 3929
169 3938
170 536
170 1183
170 1427
170 1619
170 2385
170 2527
170 3656
170 3880
171 318
171 566
171 929
171 1042
171 1394
171 2052
171 2170
172 824
172 1466
172 1683
172 3005
173 270
173 720
173 1008
173 3736
173 3837
174 1291
174 1965
174 2305
174 3648
175 1778
176 645
176 954
176 1045
176 3239
177 3684
178 1029
178 3355
178 3560
179 1553
179 2086
179 2087
179 3354
179 3368
179 3404
180 198
180 1174
180 1631
180 1676
180 3060
181 527
181 946
181 3000
181 3115
182 646
182 824
182 1097
182 3429
182 3572
183 1648
183 2129
183 2872
183 3987
184 224
184 1093
184 1388
184 2473
184 3807
185 995
185 1522
185 2454
186 464
186 964
186 979
186 1431
186 1443
186 2288
186 3553
186 3817
186 3862
186 3899
187 1097
187 1611
187 1632
187 1695
187 1786
187 2341
187 3214
187 3292
187 3389
187 3508
188 230
188 524
188 1181
188 3795
189 1159
189 1176
189 1180
189 2693
190 511
190 1512
190 3615
190 3973
191 982
191 1333
191 1765
191 3265
191 3297
192 2180
192 2412
193 853
193 898
193 1748
193 2886
193 3125
193 3351
194 2221
195 905
195 2253
195 2275
195 2360
195 2759
195 3116
195 3411
195 3827
196 250
196 547
196 1048
196 2015
196 2567
196 3057
196 3158
197 1454
197 2521
198 814
198 964
198 2176
198 3765
199 2293
199 2327
199 2519
200 3207
200 3845
201 613
201 1849
201 2175
201 2542
201 3733
202 290
202 3060
202 3277
203 381
203 604
203 1651
204 758
204 1155
204 1570
204 1719
204 2406
204 2889
205 2216
205 2490
205 3187
205 3325
206 1362
206 3472
206 3601
206 3914
207 907
207 1869
207 1936
207 2661
207 3753
208 1673
209 1743
209 3284
210 703
210 1510
210 2813
210 3737
211 1106
212 2743
213 984
213 1593
213 2249
213 2602
214 2216
214 2665
215 431
215 1223
215 1360
215 2595
215 2789
215 3773
216 1140
216 3784
217 378
217 1999
217 2175
218 258
219 859
219 916
219 919
219 1477
219 3099
220 480
220 792
220 1803
220 2084
220 2447
220 2727
221 1324
221 1698
222 1136
223 1022
223 1758
223 2190
223 3033
224 269
224 537
224 1797
224 2536
225 773
225 3314
226 665
226 1550
226 2571
226 3331
226 3333
226 3681
226 3736
227 1869
227 1899
227 3011
227 3218
228 2684
228 3080
228 3905
229 589
229 1004
229 1490
229 3442
230 453
230 937
230 3089
230 3122
230 3581
230 3774
231 627
231 2020
231 2027
231 3458
232 524
232 1510
232 2118
232 2410
232 2983
232 3635
233 269
233 588
233 1740
234 405
234 783
235 712
235 2998
235 3430
235 3866
236 3716
237 1247
237 1370
237 1562
237 1798
237 2181
237 2366
237 3345
237 3993
238 604
238 678
238 731
238 1636
238 3737
239 1650
239 2916
239 3452
239 3599
240 639
240 2668
240 3062
241 259
241 615
241 833
241 864
241 1955
241 2461
241 3153
241 3428
242 2090
242 2255
242 3950
243 672
243 825
243 3373
244 662
244 1578
244 3281
244 3559
245 2020
245 3034
245 3771
246 530
246 1950
246 2035
246 2914
246 3091
247 498
247 1242
247 1670
247 2824
248 272
248 678
248 2367
248 2737
249 942
249 1208
249 3505
249 3824
250 905
250 2400
250 3816
251 2011
251 2262
252 1117
252 2310
252 3652
253 450
253 876
253 1389
253 3627
254 575
254 1389
254 1405
254 3278
254 3660
255 789
255 1220
255 2280
256 907
256 3565
257 483
257 723
259 1003
259 2075
259 3004
259 3824
260 293
260 1183
261 951
261 1089
261 2109
261 2480
261 2674
261 2990
261 3196
261 3983
262 2286
262 2389
262 3864
263 1291
263 1740
263 1927
263 3807
265 657
265 1377
265 1401
265 3208
265 3783
266 927
266 2180
266 2610
266 2661
267 283
267 2166
268 2383
268 2717
268 2893
268 3162
269 2433
269 2980
270 749
270 986
270 1337
270 2275
270 2522
270 2920
270 3694
271 2239
271 2835
271 3669
272 700
272 987
272 2759
272 3006
272 3344
272 3975
273 2826
273 2904
273 2974
274 299
274 675
274 682
274 1586
274 3257
275 1418
275 2562
275 2635
275 3187
276 382
276 994
276 1032
276 1909
276 2189
276 3383
277 1974
277 2348
278 3015
279 1517
279 2774
280 530
280 1364
280 1771
280 2349
280 2465
280 2719
280 3717
281 1279
281 1885
281 3990
282 305
282 607
283 1060
283 2978
283 3352
284 3029
284 3396
285 897
285 1141
285 1786
285 3151
285 3395
285 3619
285 3762
287 416
287 1787
287 3334
288 1413
288 1790
288 2496
289 625
289 920
289 948
289 1234
289 1289
289 2941
290 322
290 514
290 1895
290 2004
290 3450
290 3843
290 3858
290 3883
291 1205
291 1363
291 1857
291 2356
291 3200
291 3233
292 781
292 1594
292 1716
292 1882
292 1892
293 1419
293 1591
293 1920
293 2340
293 2552
293 3642
294 1123
294 1362
294 1833
294 2195
294 3197
294 3816
295 490
295 830
295 2342
295 2996
296 565
297 2278
298 554
298 994
298 1260
298 1710
298 2237
299 491
299 1335
299 2122
299 3673
300 358
300 586
300 2911
300 3022
301 1010
301 1802
302 2183
302 3266
303 365
303 459
303 2158
303 2906
304 770
304 2882
304 2894
304 3081
304 3374
305 560
305 1063
305 2334
305 2452
305 3237
306 700
306 2299
306 2369
306 3233
306 3907
306 3953
307 2696
307 3014
308 906
308 1353
308 1717
308 1833
308 3099
308 3393
309 1589
309 3248
309 3811
310 1262
310 2341
310 2521
310 3445
310 3780
311 799
311 920
311 3724
312 797
312 801
312 2070
312 2417
313 1088
313 1247
313 1536
313 1701
313 2296
313 2825
313 3437
313 3581
314 524
314 2720
314 3277
315 548
315 1841
315 2196
315 2946
316 543
316 2457
316 3638
317 1173
317 3225
317 3537
317 3731
318 850
318 1864
318 2041
318 2654
318 3439
318 3918
319 597
319 1475
319 2386
320 1788
320 2301
321 1150
321 2532
321 2669
321 3306
322 2774
323 1411
323 1955
324 2448
324 3252
324 3991
325 1110
325 1989
325 2601
325 3570
326 1247
326 2828
326 3622
326 3949
327 3356
328 871
328 2309
328 3386
329 1196
329 1423
329 2079
329 3678
330 1611
330 1700
330 2448
330 2536
330 2859
330 3478
331 2301
331 2510
331 3288
331 3539
331 3635
331 3837
332 365
332 548
332 601
332 2290
332 2683
333 2059
334 923
334 2847
335 1295
336 2334
336 2724
336 3288
336 3754
337 592
337 3732
339 497
339 2527
339 2588
339 2978
339 3709
339 3801
340 431
340 1646
340 2318
341 3257
341 3545
341 3733
342 469
342 1355
342 1861
342 1904
342 2472
342 3382
343 679
343 1605
343 1686
343 2197
343 3045
343 3620
344 1962
344 2546
344 3686
345 891
345 1330
345 1738
345 2186
345 2899
345 3314
345 3966
346 1081
346 1998
346 2361
346 2627
346 2865
346 2892
346 3152
346 3715
347 940
347 1748
348 988
348 2542
349 1667
349 2188
349 2198
349 3627
350 783
350 1775
350 2704
350 3591
351 835
351 1998
351 2173
351 2473
351 3535
351 3863
352 2350
353 703
353 1077
353 2018
353 2387
353 3346
354 1760
354 3034
354 3302
355 1163
355 1895
355 1903
355 2121
355 2536
355 2560
355 3116
355 3597
356 2994
356 3585
357 2797
357 2877
357 3191
357 3485
357 3771
358 963
358 1819
358 2019
358 2116
358 2714
359 1746
359 2142
359 3753
360 1798
361 1656
361 2522
361 2544
361 3925
362 2842
362 2890
363 1173
363 1673
363 2894
364 814
364 1137
364 1753
364 2182
364 3722
365 505
366 957
366 2066
366 2261
367 572
367 940
367 2271
367 2739
368 2409
368 3209
369 417
369 1429
369 1807
369 2096
369 3601
370 2015
370 2099
370 2377
370 3358
370 3388
370 3679
371 471
371 2079
371 3883
372 1195
372 1507
372 1534
373 645
373 1052
373 1248
374 791
374 1149
374 1515
374 3352
376 1827
376 2209
376 3302
376 3360
376 3897
377 1436
377 1481
377 1518
377 1720
377 2047
377 2354
378 433
378 2818
378 2863
379 834
379 1966
379 3005
379 3529
380 793
380 1065
380 1980
380 2009
380 2326
380 2429
381 509
381 1472
381 1812
381 3664
382 674
382 890
382 1304
382 2608
382 3048
383 832
383 3094
383 3479
384 582
384 2019
385 1002
385 1080
386 2160
386 3446
386 3912
387 695
387 2195
387 2311
387 2986
387 3181
387 3745
389 1787
389 2410
389 3044
389 3780
390 1186
390 2296
390 3319
390 3788
391 716
391 838
391 1088
391 1170
391 2041
391 2411
392 1466
392 2224
392 2421
392 3328
393 508
393 3170
393 3389
394 1215
394 2165
394 2205
394 3737
394 3903
395 1341
395 1469
396 722
396 733
396 1661
396 2512
396 2575
396 3334
396 3954
397 1149
397 1245
397 1902
397 2908
397 3151
398 1083
398 2767
398 2782
398 3010
399 435
399 2455
400 1352
400 1982
400 2550
400 2869
400 3545
401 2226
401 2447
401 3769
402 736
402 1128
402 2247
402 2422
402 3360
402 3902
403 994
403 1077
403 2016
403 2241
403 2748
403 3229
404 417
404 578
404 1431
404 1688
404 3006
405 430
405 892
405 3329
406 490
406 1031
406 1501
406 2205
407 547
407 1301
407 3891
408 936
408 1316
408 1422
408 2895
409 1119
409 3639
409 3760
409 3914
410 2671
410 2716
410 2932
410 3053
410 3124
410 3131
410 3278
410 3491
411 1405
411 1514
411 3105
411 3149
411 3702
412 1370
412 3261
412 3646
413 723
413 1752
413 2494
414 2681
415 709
415 1343
415 2309
415 2465
415 2688
415 3281
417 1014
417 1586
417 1614
417 2424
417 2942
418 1346
418 3968
419 443
419 2165
419 3033
419 3192
419 3875
420 1063
420 1717
420 2559
420 3049
420 3657
421 755
421 911
421 1103
421 1130
421 2638
421 2705
422 499
422 677
422 2843
422 3654
423 1976
423 2817
425 691
425 2019
425 2336
425 3930
426 1784
426 1932
426 3146
426 3265
427 867
427 1254
427 3450
428 1276
428 1373
428 1415
428 1461
429 612
429 1131
429 1429
429 2227
429 2349
429 3192
429 3593
430 895
430 2341
430 2995
430 3619
431 2304
432 3448
433 1251
433 2540
433 3629
434 2451
434 2548
434 2752
434 2974
434 3715
434 3908
435 2493
435 3881
435 3888
436 448
436 1068
436 2125
436 3151
436 3876
437 875
437 1234
437 1629
438 444
438 1484
438 2128
438 2306
438 2455
438 2719
438 3255
438 3301
438 3597
439 549
439 2313
439 2421
440 806
440 896
440 3628
441 1055
441 1191
441 3854
442 1074
442 1956
442 2053
442 2115
442 3960
443 679
443 882
443 1834
443 3885
444 1650
444 2249
444 2978
444 3679
444 3696
445 1542
445 1844
445 2792
446 783
446 2091
446 2386
447 545
447 1174
447 1588
447 1837
447 2802
448 558
448 852
448 1182
448 3736
449 1750
449 1833
450 1006
450 2323
450 3132
451 2420
451 3410
452 472
452 522
452 1502
452 2116
453 993
453 1854
453 2989
453 3060
453 3534
454 3378
454 3675
455 2652
455 2819
456 600
456 1283
456 1668
456 2666
456 3105
456 3936
457 1631
457 3963
458 491
458 3570
459 562
459 947
459 2991
459 3189
460 3115
461 1966
461 2327
463 1176
463 2728
464 3377
465 1070
465 1629
465 1822
466 2808
466 3923
467 1375
467 1398
467 2160
467 3478
468 1359
468 1840
468 2223
468 2816
470 2177
470 2833
470 3789
471 2114
471 3244
472 1451
472 1530
472 2217
472 2498
472 3209
473 587
473 1736
473 1873
473 3546
473 3735
474 671
474 2065
475 2058
475 2182
475 3720
476 508
476 784
476 1582
476 2429
476 2729
476 3726
477 955
477 1444
477 2539
478 1619
478 2734
478 3362
479 3144
479 3214
479 3763
480 799
480 2480
480 3852
481 2600
482 1705
482 2564
482 3615
483 956
483 2205
483 2719
483 3516
484 1516
484 1591
484 1987
484 3699
485 851
485 882
485 1014
485 1473
485 2792
485 2889
485 3100
485 3417
485 3494
486 2507
486 3185
486 3225
486 3536
486 3984
487 839
487 1317
487 1484
487 3056
487 3457
487 3647
488 2259
489 2122
489 2158
489 2282
489 2630
489 3373
490 2606
490 3952
490 3980
491 884
491 2009
491 3350
492 1266
492 1510
492 2203
492 2354
492 2568
492 3123
493 2083
494 603
494 1457
495 848
495 2530
495 2692
495 3103
495 3146
497 1324
497 1521
497 2228
497 2801
497 3728
498 1016
498 1734
498 1844
498 1910
499 554
499 2037
499 3109
499 3720
499 3846
500 1380
500 1529
500 1859
500 2216
500 3635
501 2444
501 3411
501 3564
501 3732
502 1707
502 3243
503 2692
504 1055
504 2080
505 1987
505 3129
505 3157
505 3616
506 730
506 1083
506 2095
506 2132
506 3144
507 1236
508 1120
508 1565
508 1837
508 3479
509 2110
509 3474
510 3481
510 3862
511 803
511 1290
511 1645
511 3903
512 1844
512 1907
512 3596
512 3681
513 3327
514 856
514 1898
515 1270
515 1507
515 2136
515 2216
516 990
516 1728
516 2352
517 1082
517 3447
517 3816
518 1217
519 3676
520 897
520 1073
520 2238
520 2760
520 3230
520 3648
521 3911
522 1156
523 3228
524 1083
524 1620
524 1948
524 2860
525 1844
525 2109
525 2277
525 2362
525 3574
525 3740
526 3485
526 3767
527 566
527 804
528 604
528 1326
528 1618
528 2520
528 3233
528 3385
529 1392
529 1871
529 1876
529 2339
529 3195
529 3689
530 2125
530 3098
530 3234
531 3625
532 1040
532 2180
532 2251
533 1873
533 3100
534 954
534 2018
534 2538
534 3508
534 3933
535 539
535 1494
535 3785
536 1370
536 1433
536 2101
536 3089
536 3243
537 897
537 1677
537 2130
538 641
538 902
538 1467
538 1982
538 3552
539 2024
539 2515
539 3250
541 2089
541 3031
542 2497
542 3576
542 3994
543 717
543 1396
543 1867
545 613
545 1923
545 2632
545 2805
545 2846
545 3215
546 1655
546 3320
547 1254
547 2291
547 2843
547 3407
548 2778
548 2880
549 2051
549 2191
549 2635
550 2201
550 3322
550 3686
550 3929
551 577
551 1739
551 2566
552 823
552 2878
552 2882
553 981
553 1084
553 1618
553 2058
553 2070
553 2946
553 3725
554 1656
554 2223
555 769
555 1053
555 1691
556 1035
556 1124
556 1156
557 1224
557 1290
558 854
558 1597
558 3487
558 3617
559 661
559 1024
559 2232
559 2783
560 1767
560 2371
560 3964
561 716
561 1933
561 3268
562 1440
562 2788
563 1050
563 1685
563 2640
563 2735
563 2894
564 1431
564 1495
564 2159
565 769
566 1136
567 1716
567 2111
567 2317
568 3374
568 3545
569 2967
570 1000
570 1418
571 738
571 1068
571 3325
572 793
572 3088
573 903
573 1272
573 2096
573 3453
574 2191
574 2317
574 3178
574 3485
575 1869
575 2442
575 2661
576 1567
576 3887
577 1571
577 1706
577 1935
577 2067
577 3653
578 1785
578 2155
578 2815
579 1703
579 2989
579 3613
580 2014
580 3994
581 2369
581 2627
581 3150
582 2057
582 2394
582 2692
582 2762
582 3581
583 922
583 1105
583 2221
583 3362
584 1868
584 2159
584 3335
585 2379
585 3009
585 3137
585 3513
586 1230
586 1253
586 3094
586 3431
587 2725
587 2877
587 2962
587 3936
587 3986
588 1484
589 1114
590 954
590 2771
591 815
591 960
591 1184
591 2451
591 3194
592 677
592 928
592 2384
592 3746
593 804
593 1521
593 3680
594 949
594 1496
594 2053
594 2952
594 3012
594 3727
595 618
595 2071
595 3239
595 3726
595 3951
596 971
596 1256
596 2881
596 3105
596 3632
596 3668
596 3692
596 3970
597 1394
597 1983
597 2642
597 2668
597 3395
598 1640
598 2894
598 3158
599 748
599 1177
599 2853
599 2887
599 3349
600 851
600 956
600 3154
601 782
601 847
601 1574
601 1829
601 2405
601 3162
601 3350
601 3505
602 1324
602 1571
602 1699
602 2493
602 3644
602 3656
603 609
603 1572
603 2770
603 3409
604 3018
604 3433
605 2331
605 2593
606 1408
606 1467
607 993
607 1258
607 2292
608 1917
608 2506
608 3542
609 2941
609 3718
610 847
610 1178
610 1264
610 1667
610 1989
610 2737
611 916
611 1472
611 3452
611 3683
612 913
612 1253
612 1265
612 1750
612 1773
612 2559
612 3158
613 3420
613 3427
614 2477
614 2766
614 3778
615 1928
615 2948
615 3179
615 3584
616 1335
616 1388
616 2041
616 2654
616 2801
617 1625
617 1642
617 2159
617 2260
618 1639
618 3891
619 1759
619 2231
619 2283
619 2810
619 3373
619 3872
620 2711
620 3827
621 2316
621 2551
621 3035
621 3820
621 3933
622 2119
622 2601
623 747
623 958
623 3126
623 3243
623 3416
624 713
624 3309
624 3937
625 805
625 858
625 1491
625 3245
625 3835
626 686
626 1146
626 2335
626 2510
626 3090
626 3098
626 3559
627 1096
627 3439
628 1963
628 3163
628 3262
628 3929
629 1092
629 1410
629 3261
630 1225
630 2055
630 2275
630 2956
630 3547
631 2540
631 2736
631 3456
632 1568
632 1670
632 3979
633 1270
633 2136
633 3469
634 3447
635 1143
635 1561
635 3990
636 2356
636 3511
636 3933
637 1076
637 3696
638 1323
638 1496
639 2048
639 2050
639 2714
639 3926
640 658
640 1619
640 1698
640 2084
640 3061
640 3255
640 3654
641 1082
641 1425
641 2595
641 3304
642 1296
642 3478
643 1875
643 2864
643 3428
643 3466
644 728
644 1881
644 1891
644 3070
645 1460
645 1828
645 1843
645 2455
645 2671
645 3659
646 708
646 1128
646 1315
646 1913
646 2042
646 2310
646 2400
646 3435
647 1684
647 1871
647 3554
647 3564
648 696
649 1566
649 2759
649 2856
649 3840
650 1376
650 1485
650 2070
650 3143
650 3777
651 2238
651 2537
651 2672
651 2679
651 3146
652 1835
652 2116
652 2778
652 3326
653 3795
654 1261
654 1980
654 2966
654 3352
654 3493
655 1255
656 1211
656 1583
656 2333
656 3070
657 2147
657 3899
658 1119
658 1882
658 2413
658 2668
659 3294
659 3612
659 3962
660 2187
660 2974
660 3056
660 3988
661 1041
661 2950
661 3342
662 1843
663 1758
663 2230
663 3444
663 3763
664 2410
664 2709
664 3490
664 3779
665 774
665 2191
665 2306
665 3638
666 942
666 1444
666 1553
666 3175
666 3248
667 1980
667 2856
667 2870
667 3134
668 750
668 3248
670 2512
670 2719
670 3974
671 1298
671 1426
671 3337
671 3754
672 1550
672 2255
672 3415
673 2474
673 3489
674 2444
675 1033
675 2195
676 2057
676 2841
676 3125
677 854
677 1851
677 3639
678 1527
678 2869
679 845
680 3017
680 3220
681 857
681 1315
681 2784
682 1105
682 1450
682 1672
682 3299
683 819
683 1767
683 2195
683 3521
683 3541
684 1230
684 1413
684 3132
684 3188
685 1051
685 2408
685 2709
686 1561
686 2613
686 3687
687 740
688 1619
688 1983
688 3108
689 2396
689 3476
689 3941
690 1016
690 2312
690 2445
690 3440
691 1716
691 2938
691 3910
693 3956
694 1907
694 3832
695 1732
695 1851
695 2196
695 3181
695 3783
696 1559
696 2708
696 3414
697 777
697 1076
697 1407
697 1460
697 3739
698 1034
698 1772
698 1873
698 2466
699 1021
699 1351
699 3472
700 3358
700 3995
701 2574
702 3131
702 3749
703 798
703 1088
703 2523
704 1508
704 3692
705 2661
705 3890
706 1253
706 3067
706 3240
707 3498
708 896
708 2871
709 1820
709 1965
709 2085
709 2985
710 2225
710 2408
711 901
711 1712
711 2488
711 2592
712 1009
712 2034
713 3649
714 3672
715 1098
715 1583
716 1397
716 2238
717 3934
718 1625
718 2132
718 2214
718 3104
718 3155
719 2527
719 3172
721 1454
721 1779
721 2170
721 2517
721 2686
721 2891
721 3150
721 3307
721 3938
722 3796
723 1388
723 1711
723 3816
724 2375
724 2454
724 3750
724 3857
725 1620
725 3121
726 1368
726 2788
726 3321
726 3374
727 975
727 2430
727 2806
727 3789
728 2879
729 1090
730 1191
730 3754
731 3147
731 3717
732 2033
732 2830
732 3050
732 3405
732 3839
733 1351
733 3978
734 1255
734 2125
734 3480
734 3786
734 3834
735 2261
736 1006
737 1284
737 1908
737 2378
737 2889
738 920
738 2388
739 987
739 998
739 1717
739 3584
740 1700
740 1750
741 1556
742 1154
742 2099
742 3228
743 3551
744 997
744 2442
744 3621
744 3884
745 2365
746 1094
746 3608
747 2178
747 2571
747 3496
747 3973
748 3662
749 1556
749 1853
749 2360
749 3103
749 3276
749 3375
750 907
750 934
750 1169
750 2125
750 3141
751 2079
751 2491
751 2726
751 3147
752 3135
752 3379
753 2232
754 1663
754 2716
754 3659
755 1044
755 1094
755 1209
755 2851
755 3245
756 1369
756 1733
756 2793
756 2840
757 2304
758 760
758 846
758 1657
758 3357
759 926
760 1306
760 1357
760 1509
760 1633
760 1953
760 3598
761 1009
761 1058
761 1928
761 2860
761 3523
761 3682
762 960
762 1077
763 1246
763 1452
763 3546
764 1354
764 2085
764 2303
764 2366
764 2824
764 3019
764 3964
765 1066
765 1342
765 2331
765 2368
765 2663
765 2784
765 3384
765 3409
766 2723
767 1892
767 2630
767 3480
768 1411
768 2308
769 956
769 1044
769 1290
769 1976
769 2350
769 2530
769 2720
769 3134
769 3227
769 3503
770 1411
770 1619
770 2868
770 3955
771 914
771 1886
771 2555
771 2606
771 3556
771 3877
772 818
772 1090
772 1643
772 1960
772 3681
774 1629
774 2239
774 2828
775 3093
775 3765
776 2430
776 2761
776 3511
776 3623
777 1413
777 1653
777 2607
777 3245
778 952
778 2231
778 2693
778 2981
779 1777
779 3200
780 1387
780 2895
780 3825
781 1145
781 2187
781 3962
782 1075
783 2949
784 936
784 2151
785 1528
785 2819
786 2513
786 3002
787 1144
787 1809
787 2200
787 2617
789 2884
790 1268
790 1921
790 2009
790 2518
790 3004
791 844
791 1812
791 2078
792 1212
792 1285
792 1636
792 2016
792 2990
792 3471
793 1046
793 2388
793 2927
793 3912
794 1625
794 1774
794 3441
794 3701
794 3759
795 863
795 1537
795 3002
795 3461
796 1086
796 1613
796 3038
796 3321
797 2050
798 1909
798 2475
798 3283
798 3855
798 3934
799 1793
800 1848
801 827
801 1055
801 1489
801 2049
802 1218
802 2365
802 3355
802 3648
803 2380
803 2463
804 3388
805 1349
805 2461
805 2573
806 1695
806 1871
806 2162
806 2454
806 3238
807 2555
808 1269
808 1361
808 2001
808 2083
808 2148
808 2353
808 2566
808 2946
809 920
809 2021
809 2056
810 2022
810 2069
811 934
812 2904
813 1215
813 2343
813 3512
814 2085
814 3070
815 1372
815 2584
816 1980
816 2356
816 2470
817 2819
817 3592
817 3781
817 3847
818 1397
818 1769
818 1923
818 3197
818 3830
819 2163
819 2574
819 3330
819 3946
820 1646
820 2154
820 2631
820 3023
822 1831
822 2394
822 2685
824 1313
824 1679
824 2062
824 2564
824 3577
825 908
825 1864
825 1932
825 1971
825 2717
825 3052
826 1117
826 2082
827 1789
827 2671
827 3107
827 3903
828 1568
828 2009
828 2356
828 2729
829 2932
830 1766
830 1915
830 2132
830 2748
830 3069
830 3365
830 3463
831 866
831 1811
831 1934
831 3710
832 1125
832 1727
832 2593
832 3735
833 1560
833 1652
833 1721
833 2140
833 2608
833 2775
833 3094
833 3915
834 872
834 2224
834 2485
834 2588
834 2825
834 3285
835 990
835 1271
835 3876
836 1501
836 1957
836 2380
836 2785
836 3997
837 1247
837 1973
837 2278
837 3422
837 3788
838 1481
838 1848
838 2973
839 1320
839 2284
840 1918
840 2364
840 3200
840 3757
841 1048
841 1827
841 2385
841 2939
842 2467
842 3807
843 1022
843 1231
843 2352
843 2699
843 3295
843 3470
843 3961
844 1410
844 1774
844 1807
844 2316
844 2418
844 2467
845 958
845 1651
846 2458
846 3830
847 1674
847 3791
848 2080
849 1273
849 1304
849 1914
849 2114
849 2131
849 2374
849 3758
850 1098
850 2442
851 1764
851 2108
851 2414
851 2829
851 3480
852 893
852 2390
852 3997
853 992
853 1504
853 1988
853 2032
853 2623
854 1345
854 2832
855 1061
855 1649
856 2216
856 2946
856 3578
856 3940
857 1349
857 2648
858 1945
858 2171
858 3117
858 3266
858 3291
859 863
859 2442
859 3042
859 3879
860 2557
860 2674
860 3489
861 1339
861 1741
861 2042
861 2837
861 2855
862 3007
865 1695
865 2213
865 3727
866 1827
866 2407
867 1808
868 950
870 1470
870 1821
870 2835
871 2005
871 3043
872 1036
872 1089
872 1105
872 3409
872 3920
873 1032
873 2162
873 2398
873 2624
873 2642
873 3073
873 3886
874 1710
874 1923
874 2049
875 2459
875 3404
875 3702
876 1717
876 1831
876 2442
877 1394
878 1233
878 2495
879 1174
879 1503
879 1530
879 2287
879 2675
879 3192
879 3745
880 3827
880 3989
881 2148
881 3213
882 935
882 2291
883 3324
884 1092
884 1669
884 1674
884 1892
884 2830
884 2861
885 2024
885 2040
885 2441
885 3468
886 1373
886 1607
886 2488
886 3089
886 3169
886 3652
886 3741
887 1409
887 1557
887 2283
888 2108
888 2173
888 2306
888 2352
888 3890
889 2550
889 2855
889 3336
889 3350
889 3677
890 899
890 1625
890 3435
890 3518
890 3629
891 1003
891 2746
891 3547
892 937
892 2283
892 2289
892 2353
892 3027
892 3429
893 2898
894 1623
895 2076
895 2126
895 2559
895 2900
895 3803
896 3681
896 3986
897 1484
897 3185
897 3625
898 1510
898 1997
899 1168
899 1706
899 2788
899 3420
899 3440
899 3849
900 971
900 2533
900 3225
901 993
901 1242
901 2027
901 2360
901 2532
901 2807
901 3806
902 1571
902 3103
902 3130
902 3421
903 3398
903 3492
904 906
904 1827
904 2174
904 2637
905 1469
905 1621
905 1847
906 2775
907 1253
907 2913
908 1100
908 1356
908 2048
908 2753
908 3187
909 3728
909 3799
910 2223
910 2507
910 3753
912 1378
912 1409
912 1899
912 2473
912 2735
912 2763
912 3030
912 3152
912 3444
913 2904
914 1678
914 2929
914 3469
915 2480
915 3343
915 3473
916 1633
916 3578
917 1901
918 1015
918 1328
918 1932
918 1958
918 2577
918 3160
918 3863
919 1377
919 1415
920 1624
920 2261
921 3882
922 1342
922 2089
922 3143
923 1304
923 2082
923 2418
923 2513
923 2890
923 3092
923 3185
924 2080
924 2439
924 3633
925 2274
925 3072
926 2046
926 3754
927 3482
928 1364
928 2347
928 2657
929 1242
929 3897
930 1910
930 2917
930 3971
931 2242
931 3027
931 3071
932 2231
932 2291
932 2657
932 3404
933 1425
933 2165
933 2518
933 2614
934 1023
934 1270
934 1301
934 2092
935 1773
935 1879
935 2584
935 3240
936 1162
936 1172
936 2295
937 3822
938 1155
938 1495
938 3465
939 1140
939 1177
939 2944
939 3623
940 1415
940 3044
940 3411
941 1026
941 2270
942 1047
942 3817
943 1392
943 1545
943 1686
944 3966
945 3836
946 1190
946 1297
946 1357
946 1563
946 1906
946 3343
947 1096
947 1129
947 2238
947 2768
947 3901
948 1436
948 1630
948 2957
948 2996
948 3499
949 3492
950 1052
950 1105
950 1864
950 2250
950 2841
950 2934
950 3146
950 3298
950 3716
951 3174
952 1544
952 3353
953 2770
953 3929
954 1508
954 3472
955 2116
955 2156
955 2186
955 2341
955 2603
956 1700
956 3675
957 2230
957 2372
957 2546
957 2639
957 2916
957 3293
957 3416
958 1357
958 1461
958 1469
958 2147
958 3607
959 2026
959 2380
959 2450
959 3926
960 1791
960 2809
960 3148
960 3341
961 1835
961 3280
962 1749
962 2509
962 2650
963 2953
963 2976
963 3253
963 3405
964 3648
965 1040
965 2520
965 2970
966 1789
966 1838
966 1857
966 2832
967 1377
967 1464
967 2828
967 3399
968 1283
968 1451
968 2823
968 3243
968 3913
970 1429
970 1981
970 3320
970 3641
970 3722
971 1604
971 3104
971 3343
972 2683
972 3763
973 3699
974 2474
974 3495
975 3708
976 2084
976 2689
977 1790
977 3820
978 1008
978 3238
979 1191
979 1615
979 2179
979 2224
979 2515
979 2753
979 3576
980 1022
980 1042
980 3324
980 3504
980 3562
980 3633
981 1069
981 1305
981 2969
981 3310
982 1313
982 2713
983 2065
984 2689
984 2711
984 2959
984 3228
986 1576
987 1124
987 1135
988 1804
988 1994
988 3423
989 1448
989 3572
990 1008
990 1801
990 2788
990 2975
990 3398
991 2091
991 2214
991 2667
992 3651
993 1126
993 1742
993 2391
993 2431
994 1760
994 1950
994 2188
995 1895
995 3019
996 2867
997 1260
998 1097
998 1466
998 1829
999 1223
999 3212
1000 1162
1000 2362
1000 2712
1000 3024
1000 3162
1001 2449
1002 1430
1002 1625
1002 2090
1002 2830
1002 3814
1003 1766
1003 3183
1003 3851
1003 3973
1004 1018
1004 1304
1005 1166
1005 1233
1005 1738
1005 2313
1005 3363
1006 1588
1006 2546
1006 2934
1007 1448
1007 1872
1007 2975
1008 1239
1008 2205
1008 2307
1008 2355
1008 3016
1008 3452
1009 1702
1010 2661
1010 3740
1011 1042
1011 1853
1011 1914
1011 3311
1012 1741
1012 3638
1013 3419
1014 1350
1014 1526
1014 1829
1016 1564
1016 2199
1016 3746
1017 2070
1017 2072
1018 3101
1018 3703
1019 1456
1019 3421
1019 3883
1020 2753
1021 2305
1021 2878
1021 3012
1021 3171
1022 1220
1022 2930
1023 2338
1024 1328
1024 1737
1025 2204
1025 2410
1025 2632
1025 2724
1025 2734
1025 2974
1026 2178
1027 3401
1028 2057
1028 3356
1029 1088
1029 2111
1029 2248
1029 2552
1029 2611
1029 2694
1030 1239
1030 1830
1030 1888
1030 2881
1031 1970
1031 2928
1031 3225
1032 1874
1032 2391
1032 2885
1032 3362
1032 3766
1033 3140
1033 3686
1034 1834
1034 3615
1035 1203
1035 1456
1035 2382
1035 3421
1036 1203
1036 2016
1036 3023
1037 1125
1037 1428
1037 2085
1037 2457
1037 3389
1037 3943
1038 2582
1038 2831
1039 1221
1039 1469
1039 1982
1039 2895
1039 3027
1039 3538
1039 3704
1040 2300
1040 2897
1040 3657
1040 3821
1041 2923
1041 3374
1041 3972
1042 1727
1042 2384
1042 2396
1042 3364
1042 3451
1043 2058
1043 2571
1043 2917
1043 3058
1044 1371
1044 1625
1044 2575
1044 2648
1044 3732
1044 3832
1045 2194
1045 2507
1046 1668
1046 2664
1046 3671
1047 2142
1047 3293
1047 3486
1047 3595
1048 1858
1048 2145
1048 3140
1049 1075
1049 2424
1049 2546
1049 2793
1049 3289
1050 1535
1050 2670
1051 3488
1052 2300
1052 2385
1052 2984
1052 3454
1053 2014
1053 3528
1054 1183
1054 1657
1054 2147
1054 2374
1054 3293
1054 3595
1055 1478
1055 2071
1055 2724
1055 3385
1055 3671
1055 3916
1056 2143
1056 3747
1056 3809
1057 1124
1057 3091
1057 3755
1058 1098
1058 2197
1058 3017
1058 3227
1058 3580
1058 3601
1059 1450
1059 2994
1060 1302
1060 1892
1060 2226
1060 2424
1061 2344
1061 2647
1061 3482
1061 3501
1061 3639
1061 3711
1062 1929
1062 2236
1062 2566
1063 1088
1063 1505
1063 3504
1064 1318
1064 2784
1064 2903
1064 3389
1064 3629
1065 1847
1065 2658
1067 1223
1067 1606
1067 1984
1067 3676
1068 1916
1068 2695
1068 3063
1069 1089
1069 1196
1069 1869
1069 2653
1069 2969
1070 1222
1070 2508
1070 2557
1070 2913
1070 3048
1071 1698
1071 2258
1072 1197
1072 2225
1073 1150
1073 3443
1074 2134
1074 2241
1074 2828
1074 3109
1074 3215
1074 3821
1075 1123
1075 3503
1076 1679
1076 1773
1076 1889
1076 2403
1076 3022
1076 3222
1076 3362
1076 3604
1076 3619
1076 3666
1077 2367
1078 1727
1078 1977
1078 2069
1078 3528
1078 3573
1078 3746
1079 1712
1079 1912
1080 2683
1080 3971
1082 3948
1083 1594
1083 3763
1084 1299
1084 1850
1084 2410
1085 3642
1085 3716
1087 1892
1087 2475
1088 2965
1088 2982
1089 2064
1089 2171
1089 3294
1090 3490
1091 2910
1091 3639
1093 1668
1093 1873
1093 1894
1093 3793
1094 1349
1094 2363
1095 3514
1095 3873
1095 3927
1096 1454
1096 3105
1096 3631
1097 2019
1097 2398
1097 3034
1097 3089
1097 3291
1098 1217
1099 1258
1099 1328
1099 1460
1099 1789
1099 2090
1099 2908
1099 3654
1100 1260
1100 3369
1103 1433
1103 1838
1103 3038
1104 2993
1104 3480
1105 1864
1106 2444
1108 3370
1109 1387
1109 2378
1109 3138
1109 3354
1110 2310
1110 2327
1111 2885
1111 3540
1112 3696
1112 3792
1113 2013
1113 2854
1114 1439
1114 1913
1114 2261
1116 2680
1117 3137
1117 3438
1117 3764
1117 3778
1118 2033
1118 2281
1118 3733
1119 1132
1119 1557
1119 2639
1119 2768
1119 3816
1120 1243
1120 2115
1120 2575
1120 2583
1121 1284
1121 1549
1121 1818
1121 2385
1121 3387
1121 3417
1121 3688
1122 1685
1122 2328
1122 2608
1122 3727
1122 3771
1123 1935
1123 2053
1123 3458
1124 1234
1124 3025
1125 2043
1125 3581
1125 3607
1126 1580
1126 1695
1126 2285
1126 2300
1126 2338
1127 2279
1127 3184
1127 3399
1128 1939
1129 1769
1129 2689
1129 2806
1130 2965
1130 3251
1131 2502
1131 3539
1132 2905
1133 1357
1133 2492
1134 1251
1134 1536
1135 3140
1135 3507
1136 1619
1136 2157
1136 2189
1136 2372
1136 3205
1137 2037
1137 3056
1137 3141
1137 3477
1137 3557
1137 3558
1137 3564
1137 3667
1138 2875
1138 3972
1139 2654
1139 2806
1141 2461
1141 2872
1141 3564
1142 1839
1142 2406
1142 3054
1143 3152
1144 1611
1144 2337
1144 2564
1145 1757
1145 2632
1145 3297
1145 3603
1146 1566
1146 2283
1147 2002
1147 2134
1148 1543
1148 1797
1148 2696
1148 3107
1149 1553
1149 2674
1149 3972
1150 1172
1151 1415
1151 1991
1151 1998
1152 2199
1152 2774
1152 3837
1153 2178
1153 3134
1154 2420
1154 2647
1154 3648
1155 1425
1155 2107
1155 2300
1155 2659
1155 3382
1156 2883
1157 1192
1157 1411
1157 2218
1158 2187
1158 2719
1159 1384
1159 3421
1159 3940
1160 1556
1160 3947
1161 1256
1162 3260
1163 1263
1163 1620
1163 2296
1164 1419
1164 2469
1164 2680
1164 3354
1164 3809
1165 2278
1165 3701
1166 1702
1166 2000
1166 3070
1167 1603
1167 1999
1167 2056
1167 2514
1167 3057
1167 3925
1168 1913
1170 1511
1170 1971
1170 1987
1170 3300
1171 3242
1171 3247
1173 2332
1175 1404
1175 2118
1175 2144
1175 2807
1176 1319
1176 2389
1177 2926
1177 3371
1178 2617
1178 2806
1178 3606
1179 2715
1179 3186
1179 3215
1179 3656
1180 2087
1181 1374
1181 1618
1181 1966
1181 2042
1181 2443
1181 2742
1181 3432
1182 1869
1182 2273
1182 2925
1183 2528
1185 2993
1185 3217
1186 1358
1186 2308
1186 2310
1186 2422
1186 2782
1186 2922
1187 2179
1187 3557
1188 2538
1188 3595
1188 3695
1189 1275
1189 1824
1190 1463
1190 1850
1190 3451
1191 2202
1191 2308
1191 2797
1191 2886
1191 3356
1191 3538
1191 3638
1191 3822
1193 2305
1193 2459
1193 2831
1193 3771
1193 3848
1194 3181
1195 1525
1195 1871
1195 2957
1195 3604
1195 3851
1196 1918
1196 2674
1196 3916
1196 3998
1197 1251
1197 2234
1197 2451
1197 3396
1198 2996
1198 3792
1199 1297
1199 1410
1199 1597
1199 2219
1199 3289
1199 3585
1200 1944
1200 3082
1201 2724
1201 2802
1201 2858
1201 2984
1202 1979
1202 1993
1202 3188
1203 1909
1203 2978
1203 3905
1204 1815
1204 2119
1205 1207
1205 1558
1205 2171
1205 2784
1205 3144
1206 1946
1206 1978
1206 3893
1207 1911
1207 2853
1208 1541
1208 2275
1209 1410
1209 2799
1209 3053
1209 3314
1210 1558
1210 2798
1210 3032
1211 1272
1211 1814
1211 2228
1211 2479
1211 3774
1212 1979
1213 1794
1213 3041
1213 3398
1214 2357
1214 2526
1214 2982
1216 3104
1216 3405
1217 2585
1217 2614
1217 3835
1218 2030
1218 2985
1219 1370
1219 3664
1220 1686
1220 2776
1221 2940
1221 3667
1223 2536
1223 2553
1223 3816
1224 1382
1226 1311
1226 1516
1226 1999
1226 2567
1226 2998
1227 1450
1227 2155
1227 2340
1227 2617
1227 2632
1228 1572
1228 2137
1228 2917
1228 3090
1228 3781
1229 1519
1229 1842
1229 2311
1230 1795
1230 2498
1230 2771
1230 2829
1230 3588
1230 3730
1231 2339
1231 2999
1231 3608
1232 1509
1232 1584
1232 1969
1232 2010
1232 2742
1232 3440
1233 1490
1233 2096
1234 2160
1234 2196
1234 3048
1235 1980
1235 3832
1236 2766
1236 3209
1236 3576
1237 2239
1238 1656
1238 1691
1238 2576
1238 2620
1238 3216
1239 1784
1239 2831
1239 3882
1240 1524
1240 1596
1240 2128
1240 3480
1241 1358
1241 1456
1241 1995
1241 3036
1242 1415
1242 2757
1242 3221
1242 3242
1242 3392
1242 3541
1242 3773
1243 1487
1243 3003
1244 1766
1244 3678
1245 1347
1245 1598
1245 3534
1246 2045
1246 3588
1247 1876
1247 2817
1247 2983
1247 3976
1248 2261
1248 3059
1249 3283
1250 1681
1250 2221
1250 3630
1251 2256
1251 2548
1251 3066
1251 3106
1251 3817
1252 2891
1252 3790
1253 1377
1253 1980
1253 2480
1254 2495
1255 1268
1255 1986
1255 3722
1256 1320
1256 1535
1256 1580
1256 1772
1256 1958
1256 2101
1256 2114
1256 2890
1257 2113
1257 2411
1258 1866
1258 3020
1258 3028
1258 3795
1259 2962
1259 3584
1259 3871
1260 2792
1260 3923
1261 1406
1261 1558
1261 1654
1261 1825
1261 2543
1262 2030
1262 2450
1263 3585
1263 3649
1264 2669
1264 3115
1265 2176
1265 2680
1267 2558
1267 2942
1267 3645
1268 1648
1268 1872
1269 2318
1269 2868
1270 1622
1270 1666
1270 2422
1270 2964
1270 3245
1270 3306
1271 1492
1271 2826
1271 3125
1271 3519
1271 3951
1272 1607
1272 2026
1272 3035
1272 3726
1273 2254
1273 2420
1273 3276
1274 2782
1274 3742
1274 3853
1274 3893
1276 2058
1277 1677
1277 1710
1277 1738
1277 2420
1277 3008
1280 1977
1280 2751
1280 2951
1281 1549
1281 2090
1282 3918
1283 2751
1285 2329
1285 2986
1285 3442
1285 3714
1286 1384
1286 3440
1286 3583
1286 3610
1286 3703
1287 3214
1287 3279
1288 1341
1288 1666
1288 2141
1288 2341
1288 3587
1289 1677
1289 1961
1289 2987
1289 3039
1289 3569
1290 2827
1290 3517
1290 3571
1291 1838
1291 2403
1291 3616
1292 2525
1292 2529
1292 2879
1293 2135
1293 2235
1293 2257
1293 3162
1293 3609
1294 2616
1294 2709
1294 3251
1294 3342
1295 1812
1295 2564
1295 3305
1296 1415
1296 1455
1296 1895
1296 2865
1297 1455
1297 1478
1297 2384
1297 3158
1298 1970
1298 3546
1298 3907
1300 3225
1300 3279
1301 1556
1301 3781
1302 3203
1302 3950
1303 1328
1303 1718
1303 2365
1303 2937
1304 1442
1304 2683
1305 3643
1307 3304
1307 3916
1308 2386
1308 2572
1308 2574
1308 3429
1309 2648
1309 3001
1310 1415
1310 2843
1311 3199
1311 3351
1311 3667
1312 1689
1312 2693
1312 3401
1313 2757
1314 1842
1314 2349
1314 3543
1315 1770
1315 1887
1315 2327
1315 2353
1315 3876
1316 1396
1316 1423
1316 1855
1316 1959
1316 2012
1316 3627
1316 3714
1316 3863
1316 3925
1317 1443
1317 2498
1317 2887
1318 1769
1318 2546
1318 2832
1318 3000
1318 3347
1318 3669
1319 1654
1319 2319
1319 3801
1321 1689
1321 2065
1321 2578
1321 3113
1323 2746
1323 3147
1323 3727
1324 3058
1324 3873
1326 1409
1326 1563
1326 3403
1327 2778
1327 2994
1328 1542
1329 2009
1329 2323
1330 1937
1330 3403
1330 3711
1330 3819
1332 1350
1332 1583
1332 1879
1332 2277
1332 3599
1333 3123
1333 3168
1334 2821
1334 3648
1335 2262
1335 2500
1335 2698
1335 2927
1335 3261
1335 3425
1336 1442
1336 2829
1336 3019
1336 3240
1336 3258
1337 1854
1337 2308
1338 1532
1338 3205
1339 1991
1339 2421
1340 2478
1341 2213
1341 3977
1342 1383
1342 1488
1342 3224
1343 1429
1343 1548
1343 1559
1343 3711
1344 3856
1345 2837
1345 3052
1345 3054
1346 1736
1347 1365
1347 2899
1347 3539
1348 2004
1348 2013
1348 3516
1348 3722
1349 3283
1349 3621
1349 3700
1350 1801
1351 2042
1351 2107
1351 2659
1351 2693
1351 3600
1352 3224
1352 3356
1352 3954
1353 2045
1353 3039
1354 1374
1354 1545
1354 1817
1354 2169
1355 2198
1355 2610
1355 3439
1355 3489
1356 1894
1356 2223
1356 3222
1356 3373
1357 1392
1357 3292
1357 3858
1358 1543
1358 2596
1358 3072
1358 3299
1359 2455
1359 2502
1360 1606
1360 2667
1360 2957
1360 3429
1361 3043
1362 3351
1362 3639
1363 1750
1364 2484
1364 3041
1364 3717
1364 3806
1365 1387
1365 2183
1365 2574
1365 2603
1365 3752
1366 2169
1366 2443
1366 3603
1366 3879
1367 1495
1367 1564
1367 3242
1367 3351
1367 3852
1368 1865
1368 2092
1368 2659
1368 3443
1368 3514
1368 3544
1368 3611
1369 3073
1370 1869
1370 2693
1370 2896
1370 3393
1370 3455
1371 3098
1372 1725
1372 1848
1372 2673
1372 3355
1372 3832
1373 2017
1373 2417
1373 3526
1374 1430
1374 3419
1375 1568
1375 1757
1375 2323
1375 2383
1375 2514
1375 2951
1375 2984
1375 3033
1375 3208
1376 1512
1376 1807
1376 2758
1376 3260
1377 1628
1377 1883
1377 2318
1377 2640
1377 3044
1377 3777
1378 2908
1378 2943
1378 3000
1378 3930
1379 2194
1379 2474
1380 2068
1380 2413
1380 3379
1381 3537
1382 3144
1382 3605
1383 1493
1383 2451
1383 2590
1384 1401
1384 1771
1384 3153
1384 3363
1384 3849
1385 1675
1385 1749
1385 2398
1385 2778
1386 2783
1386 3006
1386 3220
1386 3743
1388 2993
1389 2392
1389 3176
1389 3483
1390 2136
1390 2437
1390 3754
1391 1719
1391 2703
1391 3129
1392 2483
1392 3377
1392 3996
1393 1964
1393 3405
1394 3202
1395 2856
1395 3641
1396 1960
1396 3416
1397 1805
1397 2595
1397 2955
1399 2522
1399 2575
1399 3423
1400 2947
1400 3762
1401 1581
1401 3498
1402 2571
1402 2867
1403 1425
1403 2678
1403 3617
1403 3677
1404 1524
1404 1809
1405 2332
1405 2981
1405 2991
1405 3126
1405 3369
1406 2445
1406 2668
1407 1570
1408 1766
1408 2357
1408 2403
1408 3442
1409 2028
1409 3069
1410 3589
1411 1741
1411 1962
1411 3067
1411 3604
1412 1443
1412 2022
1412 2516
1412 3771
1413 1718
1413 1901
1413 2229
1414 1715
1414 2164
1414 2196
1414 2448
1415 2646
1415 3192
1415 3587
1416 2928
1416 3018
1417 1719
1417 1808
1418 2212
1418 2615
1418 3735
1419 1726
1419 3210
1420 1851
1420 2335
1420 3208
1420 3557
1420 3629
1421 1444
1421 1632
1421 3974
1422 2268
1422 2458
1422 3045
1422 3987
1423 1533
1423 2195
1423 3396
1425 1487
1425 1888
1425 2714
1426 3256
1427 2773
1427 2858
1427 3032
1427 3944
1428 1926
1428 2806
1428 3479
1429 3055
1429 3071
1430 1638
1430 2108
1430 2454
1430 3009
1430 3147
1430 3888
1431 1511
1431 1983
1431 2446
1431 3523
1432 2858
1433 2760
1433 3041
1433 3659
1433 3782
1433 3828
1434 1721
1434 2425
1434 2662
1435 1552
1435 3564
1436 2150
1436 2436
1436 3093
1436 3559
1437 3934
1439 2197
1439 3683
1439 3980
1440 1478
1440 1934
1440 2129
1440 3094
1441 1951
1441 2256
1441 2909
1441 3014
1441 3760
1441 3944
1442 1553
1442 2298
1443 2309
1443 2361
1443 2681
1443 3502
1445 2420
1446 2217
1447 2815
1447 2996
1448 2488
1448 3143
1449 2954
1449 3750
1449 3997
1450 1452
1450 1657
1450 3716
1451 1875
1451 3701
1452 1508
1452 2182
1452 2768
1452 3946
1453 3620
1454 2545
1454 2986
1454 3005
1454 3390
1454 3926
1455 1728
1455 3384
1456 3810
1457 1476
1457 1518
1457 2790
1457 3839
1458 2539
1458 2670
1459 3845
1460 2021
1460 3979
1462 2441
1462 3728
1462 3737
1463 1770
1464 1879
1464 2510
1464 3141
1464 3512
1464 3723
1465 2043
1465 2064
1466 1926
1466 3854
1467 3349
1467 3454
1468 2124
1468 3287
1469 1694
1469 2682
1469 3089
1469 3285
1469 3352
1470 1980
1470 3017
1470 3303
1471 2468
1472 3238
1473 1703
1473 2623
1473 2758
1473 3591
1474 2391
1474 2907
1474 3780
1475 1894
1476 1881
1477 2209
1477 3831
1479 1837
1479 2559
1479 2736
1479 3955
1480 1809
1480 2347
1480 2725
1480 2948
1480 3683
1481 3000
1481 3452
1481 3566
1482 3151
1482 3853
1483 1625
1483 1659
1483 2152
1483 2289
1485 1837
1485 2962
1485 3035
1486 2342
1486 2532
1486 3138
1486 3541
1487 2112
1487 2185
1487 2285
1487 2368
1487 2504
1487 2539
1488 1546
1488 2748
1488 3050
1489 2913
1490 1793
1490 2990
1491 1734
1491 1967
1492 2995
1493 3475
1493 3868
1493 3891
1494 1595
1494 3347
1495 1947
1495 3105
1496 2043
1496 2701
1497 2464
1497 3617
1498 1979
1498 2318
1498 2499
1499 1548
1499 2700
1499 3138
1500 1629
1500 2234
1500 3505
1503 2740
1504 1515
1504 3119
1504 3931
1505 1705
1505 2710
1506 3510
1507 3159
1508 2113
1508 2827
1508 2975
1508 3845
1509 2144
1509 2792
1509 3114
1509 3204
1510 1822
1510 2578
1510 3771
1510 3996
1511 2431
1512 2169
1512 3405
1513 1746
1513 2251
1513 3290
1514 3690
1515 1858
1515 1960
1515 2011
1515 2064
1516 3059
1518 1902
1518 3600
1519 1755
1519 2280
1519 3280
1520 2128
1520 2424
1520 2558
1521 1655
1521 2576
1521 3342
1522 1697
1523 2336
1523 3476
1523 3767
1524 1772
1524 2562
1524 2836
1525 2616
1525 2988
1526 1672
1527 1824
1527 1984
1527 3804
1528 2311
1528 3372
1528 3569
1528 3594
1529 1807
1529 2988
1530 2301
1530 3381
1530 3664
1531 2755
1531 2858
1531 3672
1532 1958
1532 3051
1532 3297
1532 3507
1533 1543
1533 2304
1533 3943
1535 1730
1535 2088
1535 2548
1535 3464
1536 3643
1537 1979
1537 2001
1537 3564
1537 3645
1538 1916
1538 2072
1538 2335
1538 3420
1538 3895
1539 1617
1539 2555
1539 3368
1539 3760
1539 3872
1540 2168
1540 2640
1540 2716
1540 2766
1540 3884
1541 1656
1541 1705
1541 2642
1541 3460
1543 1549
1544 1889
1545 1950
1545 2175
1545 2813
1546 2205
1546 2807
1547 1972
1547 2376
1547 3289
1547 3633
1547 3893
1548 2344
1548 3486
1548 3504
1549 2562
1549 3474
1550 1745
1550 3400
1551 3239
1551 3297
1552 2897
1552 3327
1552 3356
1553 2213
1553 2779
1554 3319
1555 1983
1555 2388
1555 2896
1557 1767
1557 2293
1557 2622
1558 2272
1560 2739
1561 1786
1562 2955
1562 3898
1563 2732
1563 3403
1564 1608
1564 2711
1565 2709
1566 1897
1566 2025
1566 3666
1566 3877
1567 3833
1567 3974
1568 2741
1570 2359
1570 3853
1571 2487
1571 2832
1571 3167
1571 3923
1572 2243
1573 2091
1574 1697
1574 1825
1574 3359
1574 3588
1574 3854
1575 2417
1575 2540
1575 3633
1576 1689
1576 2932
1576 3696
1577 2236
1577 2713
1577 3033
1577 3619
1577 3783
1578 2900
1578 3807
1579 2695
1579 2762
1579 2970
1580 3994
1581 3867
1581 3970
1582 2285
1582 2958
1582 3771
1583 1896
1583 1949
1583 2483
1583 2518
1583 2566
1583 3276
1583 3659
1583 3847
1583 3881
1584 1822
1585 2483
1585 3204
1586 2382
1586 3179
1586 3934
1588 2627
1589 2346
1589 3728
1590 2143
1590 2742
1591 2031
1591 2536
1591 2587
1591 3278
1591 3574
1592 1715
1592 2722
1592 2781
1592 3146
1593 2686
1593 3191
1593 3453
1594 1619
1594 2143
1595 1875
1595 2085
1595 3114
1596 2692
1596 2809
1597 2924
1597 3454
1598 3087
1599 2736
1599 2867
1599 3247
1599 3389
1599 3485
1599 3795
1600 1679
1601 2879
1601 3043
1601 3980
1601 3996
1602 1913
1602 2600
1602 3073
1603 1656
1603 1930
1603 3691
1604 1697
1604 3067
1606 1750
1606 3400
1608 1988
1608 3191
1608 3485
1609 2062
1609 2152
1609 2292
1609 2551
1609 3587
1610 2194
1610 2229
1610 2474
1610 2790
1610 2876
1610 3195
1611 1666
1611 2705
1611 3583
1612 1696
1612 1884
1612 2403
1612 3435
1612 3815
1613 2760
1614 3736
1615 3306
1615 3346
1615 3609
1615 3881
1615 3912
1616 2324
1617 2574
1617 3307
1618 3716
1619 3407
1619 3624
1619 3627
1620 1877
1620 2340
1621 1863
1621 3080
1622 3282
1623 2390
1623 2577
1623 3355
1623 3587
1624 1681
1624 1811
1624 2617
1624 2840
1625 1654
1625 1726
1625 2062
1625 2392
1625 3754
1626 1736
1626 1986
1626 2791
1626 3524
1627 2547
1627 2866
1627 2977
1627 3706
1628 3204
1628 3868
1628 3911
1629 2749
1629 2879
1630 3940
1631 1633
1631 2569
1632 1660
1632 2102
1632 2407
1633 2459
1633 3550
1634 2627
1634 3899
1635 3567
1635 3672
1636 2218
1636 3293
1636 3591
1637 2449
1637 3337
1637 3567
1638 1783
1638 2501
1638 2709
1639 2220
1639 2448
1639 2621
1640 1740
1640 2390
1640 2684
1640 3214
1641 2764
1641 2788
1641 3043
1642 3599
1643 2906
1644 1654
1644 2518
1644 3258
1644 3960
1645 2081
1645 2376
1645 2959
1645 3335
1645 3555
1646 3690
1647 2717
1647 3364
1648 2523
1648 3048
1648 3830
1649 2459
1650 1773
1650 2646
1650 3147
1651 2501
1651 3440
1651 3715
1652 1851
1652 2055
1652 3404
1653 2243
1653 2791
1653 2948
1654 3242
1654 3282
1654 3916
1655 1877
1656 2053
1656 3493
1657 1880
1657 2659
1658 2011
1658 2983
1659 2967
1662 1745
1662 1922
1662 2776
1662 3475
1662 3900
1663 2715
1663 2848
1664 3405
1665 2378
1665 3786
1666 1678
1666 3252
1667 3008
1667 3833
1670 3340
1671 2036
1671 2458
1671 2658
1671 3237
1672 2015
1672 2980
1672 3635
1672 3829
1673 1871
1673 3429
1674 2177
1674 3690
1674 3707
1675 3134
1676 2216
1676 2659
1676 3141
1676 3291
1677 2444
1677 2498
1680 3147
1681 3369
1681 3998
1682 2456
1683 1903
1683 2417
1683 3912
1685 1718
1685 1738
1685 3069
1685 3804
1686 2686
1686 3196
1686 3971
1687 1936
1687 2449
1687 3658
1688 1826
1688 3496
1688 3694
1689 1767
1689 1988
1689 2000
1689 2089
1689 2757
1689 3284
1689 3954
1690 1879
1691 2106
1691 2775
1691 3795
1693 2103
1693 2833
1693 3774
1694 1943
1694 2189
1694 3849
1695 2711
1695 2765
1695 3642
1697 2094
1697 2679
1697 2805
1697 2933
1697 3289
1697 3775
1698 1974
1698 2473
1698 2881
1698 3100
1698 3196
1699 3310
1699 3635
1700 2364
1700 3785
1703 1846
1703 1961
1703 2043
1703 2367
1703 3765
1704 2488
1704 3914
1705 1804
1705 3171
1707 2612
1707 2845
1707 3322
1708 2282
1709 2186
1709 2253
1709 2411
1709 2945
1709 3180
1709 3312
1709 3490
1709 3997
1710 1792
1710 2048
1710 2535
1710 2838
1710 3069
1710 3170
1710 3880
1711 1734
1711 2048
1711 2069
1711 2504
1711 3933
1712 2001
1713 3250
1714 1782
1714 2289
1714 2382
1714 3781
1715 2212
1715 2660
1715 2895
1715 3546
1715 3803
1716 2824
1718 3095
1718 3157
1718 3232
1719 1793
1719 1940
1720 2389
1720 2999
1721 3427
1721 3550
1721 3860
1722 2990
1722 3004
1722 3636
1725 1786
1725 3200
1727 2232
1727 2433
1727 2836
1727 3375
1728 3157
1728 3440
1729 2370
1729 2496
1729 3919
1730 2160
1730 3184
1730 3236
1730 3839
1730 3971
1731 2143
1731 3501
1732 3292
1732 3543
1733 2447
1733 2731
1734 1936
1734 3114
1734 3855
1735 2125
1735 2680
1737 2209
1738 2607
1738 2997
1739 2789
1739 2970
1741 2913
1741 3100
1742 1749
1742 3083
1742 3294
1742 3930
1743 2740
1743 3472
1744 1875
1745 2441
1745 3170
1745 3859
1746 2924
1746 3228
1747 2037
1747 2911
1748 1989
1748 3596
1749 2765
1749 3185
1751 2208
1751 3870
1753 2181
1753 2627
1753 2635
1753 2650
1753 3726
1754 3885
1755 3702
1756 3029
1757 1920
1757 2080
1757 2376
1757 3402
1758 2888
1759 1931
1759 2268
1759 2954
1760 2008
1760 3975
1761 1854
1761 2342
1762 2081
1762 3269
1763 1856
1763 2819
1763 3001
1763 3484
1764 2757
1765 2563
1765 3842
1765 3897
1766 3075
1766 3338
1766 3408
1767 2489
1767 3230
1768 3008
1768 3261
1769 2225
1769 3934
1770 2420
1771 3351
1771 3488
1775 2229
1775 2755
1777 3187
1777 3923
1778 2269
1778 2565
1779 2583
1779 3567
1780 2814
1780 3482
1780 3780
1781 1980
1781 2576
1781 2665
1781 3388
1782 2295
1782 2678
1782 2948
1782 3560
1783 2705
1783 2850
1783 2862
1783 3750
1783 3765
1783 3950
1784 2815
1784 2896
1784 3695
1785 3093
1786 2070
1786 3229
1787 1796
1787 2086
1787 2836
1787 2886
1787 3209
1787 3217
1787 3313
1789 2301
1789 3003
1789 3248
1790 2124
1790 2134
1790 3736
1791 1969
1792 2786
1792 2925
1792 3951
1794 2286
1794 2507
1794 2631
1795 1900
1795 3093
1795 3473
1795 3745
1795 3814
1796 2197
1796 2612
1796 3981
1797 3026
1797 3035
1798 3524
1799 2909
1799 3518
1799 3889
1800 2142
1800 3036
1801 3104
1801 3175
1801 3465
1801 3902
1802 1981
1802 3039
1803 2643
1803 3027
1803 3441
1804 2675
1804 3010
1805 2042
1806 3635
1806 3642
1807 3193
1807 3297
1808 1818
1808 2305
1808 2956
1808 3697
1809 2252
1809 2284
1809 3913
1811 2555
1811 2617
1811 2796
1811 3602
1812 1925
1812 2105
1812 2114
1812 3354
1813 3231
1813 3526
1813 3630
1813 3794
1814 2113
1816 2610
1816 2798
1817 2180
1817 2374
1818 3960
1819 3113
1820 2463
1820 2596
1822 3847
1823 2379
1823 2846
1824 3192
1825 2407
1826 2704
1826 3104
1826 3175
1827 2631
1828 3098
1828 3424
1829 2531
1829 2766
1829 2875
1829 2888
1829 3753
1831 2600
1831 3428
1831 3562
1831 3780
1831 3812
1832 2118
1832 3413
1832 3475
1833 2642
1833 2981
1834 2762
1835 2176
1835 3253
1835 3533
1837 2729
1838 1850
1838 2305
1839 3827
1840 2138
1840 2566
1841 2961
1842 2632
1843 2284
1843 2585
1843 2601
1843 3465
1844 2013
1844 2284
1845 2340
1845 3309
1845 3328
1846 2188
1846 2630
1846 2792
1846 2941
1847 1967
1847 3036
1849 1988
1850 1883
1850 2550
1850 2719
1852 2047
1852 2882
1852 3583
1853 1864
1853 3252
1853 3308
1854 2340
1854 2870
1854 3679
1854 3940
1855 2059
1855 2943
1855 3179
1856 2362
1856 3935
1857 2513
1857 2803
1857 3072
1857 3622
1857 3673
1858 2225
1858 2795
1859 2285
1859 3857
1860 3485
1862 2311
1862 3624
1863 1970
1863 2872
1863 3349
1865 2711
1865 3343
1865 3477
1865 3652
1865 3660
1866 3448
1866 3519
1866 3649
1866 3869
1867 1969
1867 2445
1867 2459
1867 2545
1867 2706
1867 3433
1868 2502
1869 2525
1869 3522
1869 3710
1870 3981
1871 1883
1871 2224
1871 3179
1872 2518
1872 3606
1873 3295
1873 3759
1873 3820
1874 3360
1874 3802
1874 3804
1874 3934
1876 1878
1876 2839
1876 3234
1876 3521
1876 3610
1877 3053
1877 3870
1878 2505
1878 3403
1879 2437
1879 3189
1880 3190
1880 3859
1881 3966
1882 2616
1882 2925
1882 3555
1884 2587
1884 3123
1884 3987
1885 2023
1885 2926
1885 3524
1886 1916
1886 2038
1886 2246
1887 3564
1888 2436
1888 2946
1888 3797
1890 1928
1890 2176
1890 3583
1891 3174
1892 2112
1892 3023
1892 3435
1893 2500
1893 3246
1895 1919
1895 2175
1895 2239
1896 3075
1897 2616
1897 3554
1897 3752
1898 2547
1898 3362
1899 3008
1901 2081
1901 2303
1901 3189
1901 3321
1902 2556
1902 3076
1902 3180
1902 3701
1903 2159
1903 2925
1903 3096
1905 2696
1905 2882
1905 3585
1906 2015
1906 2383
1906 2606
1906 3362
1907 3345
1908 2680
1908 3537
1910 3047
1910 3709
1910 3956
1911 2281
1911 2790
1911 3293
1912 2030
1912 2142
1912 2597
1912 2717
1912 3367
1913 2044
1913 2133
1913 2902
1913 3674
1914 1920
1914 3654
1916 2934
1917 2587
1917 3198
1917 3377
1918 2363
1918 3415
1918 3659
1919 2612
1919 2689
1920 3302
1920 3782
1922 3914
1923 3078
1923 3284
1924 3171
1926 1985
1927 2918
1928 2532
1929 2897
1929 3165
1929 3203
1929 3690
1930 2741
1931 2093
1931 2293
1931 3098
1931 3635
1932 2111
1932 2393
1932 3343
1933 2888
1934 2383
1935 3495
1936 2478
1936 2912
1937 2695
1937 3104
1937 3563
1937 3635
1938 2222
1938 3535
1939 3877
1940 3107
1941 1996
1942 1982
1942 2886
1943 2297
1943 2833
1946 2290
1946 2633
1946 3014
1949 2200
1949 2538
1949 3656
1950 2345
1950 2401
1950 2973
1951 2349
1951 2709
1951 3474
1951 3767
1951 3837
1952 2344
1952 2765
1952 3084
1952 3601
1953 3904
1954 2630
1954 3612
1954 3941
1955 3023
1956 2190
1956 2936
1956 3468
1957 2544
1957 3236
1959 2695
1959 2746
1959 3512
1960 3224
1960 3391
1961 3441
1961 3820
1962 2330
1962 2475
1962 2717
1962 3166
1962 3416
1963 2281
1963 3365
1963 3917
1964 2052
1964 2086
1964 2549
1965 2417
1965 3425
1966 3383
1966 3841
1967 3512
1967 3521
1968 2455
1968 3671
1969 2406
1969 2636
1969 2965
1969 2972
1970 2287
1971 3062
1972 2110
1973 2381
1973 3952
1974 2215
1975 2766
1975 3072
1975 3543
1975 3781
1976 3237
1976 3809
1977 2728
1977 3338
1978 2890
1978 3292
1979 2430
1979 2665
1980 2354
1980 3240
1982 2155
1982 2174
1982 3654
1983 2307
1983 2987
1983 3684
1983 3827
1984 2888
1984 3109
1984 3696
1985 3524
1986 3781
1986 3945
1987 2503
1987 3271
1987 3396
1988 2656
1989 2158
1989 3271
1990 2230
1990 3221
1990 3498
1990 3676
1991 2266
1991 3612
1993 3367
1995 2689
1995 3016
1995 3543
1996 2050
1996 2586
1996 3285
1998 2226
1998 3616
1999 2157
2000 2471
2000 2708
2000 3778
2001 2443
2002 3646
2003 2144
2003 3603
2003 3664
2004 3185
2005 3636
2006 2882
2006 3254
2007 2667
2007 3618
2007 3722
2008 2193
2009 3001
2010 3127
2011 2489
2011 2967
2011 3927
2012 2124
2012 2525
2012 3754
2013 3615
2014 2348
2014 2738
2014 3022
2016 2480
2016 2689
2016 3689
2018 2449
2019 3015
2021 3180
2021 3278
2022 2308
2022 2685
2023 2708
2023 2914
2023 3457
2024 2159
2024 3891
2024 3945
2025 2360
2026 2698
2026 3243
2026 3267
2026 3916
2027 2177
2027 2923
2027 3441
2027 3509
2027 3939
2030 3051
2030 3347
2030 3650
2031 3522
2032 3464
2033 2892
2033 3622
2033 3819
2034 2780
2034 3128
2035 2491
2035 3888
2036 3216
2037 2116
2037 2865
2037 2910
2037 3707
2038 3853
2039 2881
2039 3156
2039 3539
2040 2403
2040 3348
2041 2821
2041 3625
2042 2083
2043 3654
2044 3195
2044 3210
2044 3382
2045 2391
2045 2620
2045 2910
2045 3671
2046 2411
2046 3738
2047 2549
2047 3650
2047 3885
2048 3697
2049 2325
2049 3357
2049 3743
2051 2241
2051 3229
2052 2183
2053 3161
2054 2832
2054 2962
2054 3439
2055 3056
2055 3829
2055 3899
2056 2222
2056 3948
2057 3886
2058 3078
2059 2626
2059 2729
2059 2935
2059 3940
2059 3965
2060 2181
2060 2440
2060 2557
2060 2833
2060 2998
2061 2772
2062 2380
2062 3274
2064 2626
2064 2705
2064 3815
2065 3038
2066 2651
2068 3013
2068 3080
2068 3834
2069 2827
2070 2511
2070 2514
2070 2991
2070 3358
2070 3378
2070 3401
2071 2441
2071 3276
2071 3563
2072 2462
2072 3635
2072 3981
2073 2491
2075 2165
2075 2309
2075 2431
2075 2947
2075 3812
2076 2216
2077 2185
2078 2638
2079 3463
2079 3764
2080 2228
2080 2556
2080 3746
2080 3793
2080 3967
2082 2330
2083 2275
2083 2383
2084 3371
2086 2345
2086 2867
2087 2587
2088 2206
2088 2705
2088 3441
2089 2791
2089 3248
2089 3800
2090 2260
2090 2894
2090 3600
2091 3954
2092 2490
2092 2747
2092 3240
2092 3289
2092 3480
2093 2137
2093 2532
2093 3741
2094 3398
2095 2586
2095 3148
2095 3295
2096 2679
2096 3552
2096 3905
2097 2512
2097 3686
2097 3910
2100 2763
2100 3236
2101 3521
2102 2979
2102 3285
2103 2358
2103 3494
2104 2235
2105 3245
2105 3932
2106 2719
2106 3858
2106 3954
2107 3091
2107 3404
2108 2642
2108 3466
2108 3624
2109 2153
2110 2316
2110 2350
2110 2585
2111 2631
2113 2142
2113 3053
2113 3479
2113 3778
2115 3216
2116 3220
2116 3388
2117 3638
2117 3726
2118 2895
2118 2980
2118 3399
2119 2435
2119 3988
2120 2577
2120 3241
2120 3455
2122 2274
2123 2185
2123 3215
2124 2554
2124 3251
2125 2686
2126 2372
2126 3437
2126 3633
2127 2245
2127 3556
2127 3823
2128 3030
2128 3139
2128 3609
2129 2930
2129 2969
2129 3362
2129 3890
2130 3395
2130 3570
2131 3367
2132 3631
2133 2948
2134 2705
2135 2411
2135 2781
2135 3666
2135 3943
2136 3773
2136 3805
2137 3558
2138 2795
2139 2605
2139 3320
2140 2832
2141 2818
2141 3522
2143 2553
2144 2900
2145 2620
2145 3228
2145 3920
2146 2176
2146 2253
2146 2682
2146 2851
2147 3610
2148 3133
2148 3575
2149 2874
2149 3853
2150 2787
2151 2484
2151 3169
2153 3911
2154 2933
2155 2352
2156 3187
2156 3505
2156 3787
2157 2449
2158 2234
2161 2252
2161 2502
2161 2847
2161 2886
2162 2675
2162 3818
2163 2429
2163 3521
2163 3760
2163 3844
2164 2855
2164 3137
2166 3671
2167 2440
2168 2363
2168 3850
2168 3884
2169 2568
2169 2766
2169 3735
2169 3955
2170 2543
2170 3103
2171 2412
2171 3544
2171 3547
2171 3594
2171 3719
2172 3680
2173 2499
2173 2946
2174 3311
2176 3734
2177 3405
2178 2785
2178 2935
2179 2730
2179 3050
2180 2388
2182 2920
2185 2448
2186 3395
2188 2324
2188 2881
2188 3858
2189 3399
2191 2316
2191 2421
2192 3624
2193 2284
2193 3145
2193 3573
2194 3831
2195 3271
2196 2917
2196 3381
2197 2625
2197 3305
2198 2701
2198 3048
2201 2880
2201 3256
2202 3023
2203 2923
2204 3151
2204 3379
2205 2524
2205 2531
2205 3325
2205 3967
2206 2768
2206 2820
2206 3025
2206 3985
2207 2902
2207 3243
2208 2377
2208 2425
2208 2574
2208 2594
2208 2899
2209 2892
2209 2985
2209 3083
2209 3324
2211 2906
2211 3154
2211 3860
2212 2508
2212 3079
2212 3288
2213 2333
2213 2585
2213 2714
2213 2874
2213 3819
2214 2521
2216 3543
2216 3818
2217 2545
2217 3374
2218 2520
2218 3044
2218 3957
2219 2897
2219 3359
2220 2516
2220 2847
2220 3852
2221 3534
2221 3665
2223 2507
2223 3686
2223 3936
2224 2833
2224 3372
2224 3849
2225 2340
2225 3073
2225 3560
2226 3292
2229 3244
2230 2522
2230 3735
2231 3038
2232 2351
2232 2441
2232 3706
2233 2727
2233 3697
2234 3600
2236 3268
2236 3613
2237 2795
2237 3158
2238 3046
2239 3588
2240 2259
2240 3185
2241 3442
2242 2699
2242 3180
2242 3583
2242 3998
2243 2523
2243 3333
2243 3424
2244 2975
2244 3939
2245 3245
2245 3813
2246 3191
2247 2867
2248 2793
2248 3315
2249 3383
2250 2458
2250 2494
2251 3083
2253 2710
2253 3115
2254 3632
2254 3649
2255 3535
2255 3656
2256 2514
2256 2899
2259 2639
2259 2805
2259 3737
2260 2783
2260 3248
2262 2325
2262 2903
2262 3536
2262 3723
2262 3867
2263 3529
2264 3489
2265 3403
2265 3461
2266 3044
2266 3922
2267 3372
2270 2437
2270 3005
2270 3080
2270 3510
2272 3117
2272 3532
2273 2588
2275 2516
2275 3560
2275 3992
2276 3276
2276 3298
2277 2492
2277 2749
2277 3749
2278 2867
2279 2859
2280 3673
2281 2506
2281 2737
2282 2536
2282 3620
2283 2714
2283 3376
2284 2349
2284 2392
2284 2433
2284 2588
2285 2291
2285 2532
2285 3542
2288 2540
2288 2811
2288 2911
2289 2641
2289 2848
2289 3056
2290 2492
2290 2766
2290 3549
2292 2689
2292 3200
2292 3320
2292 3807
2293 3291
2294 2326
2295 3213
2296 2966
2296 3203
2296 3591
2296 3832
2297 3219
2297 3355
2297 3761
2298 3378
2298 3818
2299 3271
2300 2986
2301 3763
2302 3460
2302 3701
2304 2578
2304 3382
2304 3603
2306 2487
2307 3025
2307 3866
2309 2349
2309 3407
2309 3664
2311 3377
2311 3528
2311 3608
2311 3665
2312 2789
2312 2849
2312 2899
2312 3168
2312 3389
2316 3779
2317 3062
2317 3901
2318 2494
2319 2887
2319 3361
2319 3443
2319 3989
2320 3214
2320 3507
2320 3940
2321 2946
2321 3542
2321 3874
2322 2907
2322 3032
2323 2950
2323 3550
2323 3567
2325 2609
2327 2518
2328 2621
2329 3002
2329 3671
2329 3833
2330 2618
2330 3077
2330 3745
2331 2408
2331 2498
2331 2630
2331 2839
2331 3286
2331 3609
2332 2638
2332 3437
2333 2380
2333 2456
2333 3882
2334 2472
2334 2499
2334 2562
2335 3789
2336 3150
2337 3362
2338 3307
2338 3751
2339 3031
2340 2739
2341 2935
2341 3712
2341 3729
2342 3151
2342 3362
2342 3730
2342 3829
2343 2593
2343 3977
2344 2808
2344 3154
2345 3333
2345 3560
2346 2639
2346 3094
2346 3281
2346 3573
2347 2552
2348 2494
2348 3229
2348 3819
2349 3194
2349 3243
2349 3526
2349 3585
2350 2737
2350 3231
2350 3282
2350 3627
2351 3374
2352 2427
2352 2606
2352 2946
2352 3877
2353 3731
2353 3748
2356 2388
2356 2715
2356 3624
2357 3083
2358 3084
2359 2768
2359 3106
2359 3298
2361 3875
2363 3400
2364 3340
2365 2534
2368 3033
2368 3253
2369 3056
2369 3101
2370 3115
2370 3953
2371 2455
2371 2488
2371 3693
2372 3358
2373 2957
2373 3016
2373 3047
2373 3622
2374 3336
2376 3261
2376 3741
2378 3320
2379 2538
2379 3255
2379 3578
2380 3887
2381 2720
2381 2994
2381 3308
2383 2530
2383 3702
2384 2500
2384 2502
2385 3060
2385 3468
2385 3679
2385 3961
2387 2515
2387 2880
2387 3219
2388 2750
2389 2729
2389 3149
2390 3173
2391 3473
2392 2886
2392 3464
2392 3800
2392 3982
2393 2963
2393 3667
2394 2735
2394 2930
2394 2988
2396 2888
2397 3704
2397 3790
2398 3081
2398 3094
2398 3422
2398 3589
2399 2995
2399 3243
2402 3150
2404 2615
2404 3986
2405 2743
2406 2594
2406 3752
2407 2777
2407 3004
2408 3867
2409 2613
2410 2883
2410 3419
2410 3669
2410 3768
2410 3823
2411 2851
2411 3986
2412 2485
2413 2686
2413 3161
2414 2833
2414 3301
2414 3528
2415 2427
2415 3912
2416 2895
2416 3789
2417 3108
2418 3826
2419 2993
2420 3846
2421 2744
2421 2821
2421 3077
2422 2859
2422 3494
2424 2702
2424 3169
2424 3994
2425 3384
2425 3519
2426 3407
2428 2459
2428 2999
2428 3666
2428 3876
2429 2944
2429 3242
2429 3444
2431 3026
2432 2652
2432 3492
2433 2638
2433 2940
2435 2450
2435 3307
2435 3840
2436 3272
2436 3294
2437 2729
2437 3604
2437 3625
2437 3802
2438 2482
2438 2751
2438 3379
2439 2665
2439 2999
2439 3003
2440 2921
2440 3646
2441 2586
2442 2937
2442 3137
2442 3357
2443 2747
2443 3165
2444 2944
2445 3731
2447 3706
2451 3115
2452 2670
2452 2819
2452 3818
2453 3213
2454 2900
2454 2962
2456 3056
2456 3686
2457 3775
2458 2474
2458 2717
2459 3718
2460 2749
2460 3049
2462 3624
2463 3765
2464 2581
2465 3584
2465 3657
2468 2801
2468 3670
2469 3671
2470 3447
2470 3659
2471 2668
2471 2715
2471 2989
2471 3235
2472 3775
2473 3183
2473 3863
2474 2861
2475 3154
2477 3105
2477 3734
2478 2689
2479 3434
2480 2923
2480 3205
2480 3260
2481 3786
2482 2520
2482 3792
2482 3810
2484 3911
2484 3935
2488 3172
2488 3542
2489 2796
2489 3848
2490 3463
2491 3841
2492 3149
2493 3100
2495 3078
2495 3343
2495 3892
2496 2557
2497 3483
2497 3643
2498 3644
2498 3726
2499 2948
2499 3577
2500 2879
2500 3152
2500 3297
2502 2765
2502 3174
2502 3504
2503 3131
2503 3757
2504 3478
2505 3320
2505 3558
2507 3754
2509 3403
2510 2553
2510 2720
2511 3758
2512 3319
2512 3573
2513 2953
2513 3293
2513 3934
2516 2800
2517 3279
2518 3432
2519 2546
2519 3603
2520 3555
2521 2952
2522 3337
2523 2669
2523 3573
2524 2938
2525 3417
2526 3725
2526 3944
2527 2944
2528 2830
2528 3255
2529 3003
2530 2537
2533 3009
2534 3916
2535 2865
2536 2846
2536 3264
2536 3593
2537 2584
2537 3255
2538 2732
2538 3027
2538 3808
2541 2600
2542 2776
2542 3959
2544 3480
2544 3806
2545 3130
2546 3412
2547 2949
2548 2704
2549 3260
2549 3281
2549 3485
2550 2883
2551 2612
2553 2632
2553 3621
2554 3112
2554 3638
2555 3026
2556 2678
2556 3303
2556 3723
2556 3857
2556 3906
2557 3906
2558 2641
2559 2981
2561 2736
2561 3387
2562 2594
2562 3575
2563 3590
2564 3431
2565 2687
2565 3432
2565 3962
2566 2892
2566 3667
2566 3970
2568 3216
2569 2612
2569 2971
2570 3125
2571 2886
2572 2634
2572 2946
2572 3295
2572 3409
2573 2999
2574 3636
2574 3873
2575 2854
2578 3348
2579 2769
2579 2834
2579 3831
2580 3694
2580 3976
2582 3636
2584 3063
2584 3199
2585 3076
2585 3343
2585 3390
2586 3726
2587 2935
2587 3167
2590 3203
2590 3948
2591 3725
2594 3120
2596 3147
2597 3147
2598 3927
2599 3428
2600 3179
2601 3501
2601 3667
2601 3706
2601 3895
2603 3477
2605 2667
2605 3048
2608 3084
2608 3725
2608 3927
2609 3202
2609 3887
2610 3329
2611 2943
2611 3408
2611 3900
2613 2936
2613 3646
2613 3697
2615 2629
2615 2718
2615 3327
2615 3677
2616 3109
2616 3333
2617 2982
2617 3963
2618 2987
2620 3064
2620 3114
2620 3304
2620 3624
2621 2811
2621 2944
2622 3661
2622 3790
2623 3027
2623 3292
2624 2970
2625 3342
2625 3882
2626 2836
2626 3072
2626 3202
2627 2649
2627 3507
2627 3674
2628 3446
2629 3069
2630 2668
2631 2836
2631 3887
2632 3744
2633 3506
2634 2806
2634 3066
2635 3249
2635 3533
2636 2697
2638 3786
2639 3585
2640 3343
2641 3409
2643 2947
2643 2997
2644 2755
2645 2681
2645 3976
2646 3069
2646 3681
2646 3865
2647 2851
2647 2862
2647 3321
2648 2850
2649 3268
2649 3697
2650 3585
2650 3737
2651 2703
2651 3596
2653 3458
2655 3023
2655 3470
2655 3640
2656 3608
2658 3333
2659 3221
2660 3189
2660 3237
2660 3773
2661 2842
2663 3035
2663 3386
2663 3666
2664 3100
2665 3625
2667 2688
2668 2684
2670 3761
2671 3410
2672 3038
2672 3086
2672 3420
2672 3431
2672 3983
2675 2790
2676 3429
2676 3739
2677 2685
2677 2818
2678 3243
2681 2705
2681 3003
2681 3502
2681 3909
2682 3144
2682 3873
2683 3656
2684 3455
2685 3090
2687 2897
2688 3537
2689 3460
2689 3616
2690 3583
2691 3740
2692 3368
2693 3372
2695 3295
2696 3052
2696 3066
2696 3441
2696 3544
2696 3567
2696 3943
2697 2897
2697 2971
2697 3469
2699 3296
2699 3664
2699 3997
2700 3090
2700 3617
2701 2746
2701 3046
2701 3742
2702 2735
2704 3262
2706 3978
2707 3097
2707 3304
2707 3331
2707 3901
2708 2898
2708 3328
2708 3450
2708 3613
2708 3873
2708 3942
2709 2949
2709 3128
2709 3709
2710 2818
2710 2855
2710 3257
2712 3487
2715 2892
2715 3879
2716 2854
2717 3076
2717 3676
2720 3168
2721 3008
2721 3601
2721 3910
2722 3325
2722 3771
2722 3943
2723 2764
2724 2975
2724 3721
2725 3593
2727 2894
2728 3433
2728 3480
2729 3925
2729 3981
2730 3177
2730 3761
2730 3827
2731 3331
2731 3423
2732 2733
2732 3419
2732 3761
2734 3903
2735 3545
2736 2824
2737 3093
2738 3513
2738 3671
2740 2765
2740 3660
2740 3675
2740 3865
2741 3115
2741 3202
2745 3890
2746 3616
2746 3917
2747 3110
2748 2763
2748 3304
2750 2810
2751 2828
2752 3116
2753 3266
2754 3225
2755 3441
2755 3450
2758 3607
2760 3332
2763 3520
2764 3335
2764 3674
2765 3354
2766 3366
2767 3641
2768 3839
2769 3046
2770 3801
2771 2894
2771 3039
2774 3324
2774 3857
2776 2793
2776 3489
2777 2834
2777 2873
2777 3294
2777 3397
2778 2964
2779 2814
2781 3253
2783 2824
2783 3205
2783 3556
2783 3753
2784 3438
2786 3439
2786 3501
2787 3081
2787 3666
2788 3955
2789 3089
2789 3163
2789 3345
2794 3357
2796 3952
2797 3440
2797 3651
2799 3110
2802 3784
2805 2947
2806 3090
2806 3137
2806 3244
2808 3384
2808 3401
2809 3287
2811 2977
2811 3730
2812 3471
2812 3539
2812 3737
2814 3038
2815 3451
2816 3106
2816 3718
2817 2975
2817 3680
2818 3813
2820 3326
2821 3857
2825 3247
2826 2939
2826 3321
2826 3423
2828 3337
2829 2974
2829 3301
2830 3054
2830 3407
2830 3885
2833 2977
2833 3117
2834 3018
2835 3454
2836 3556
2837 3691
2838 3114
2838 3578
2839 3689
2840 2873
2841 3465
2843 3878
2844 3736
2845 3424
2846 3079
2847 3068
2847 3186
2847 3329
2849 3125
2849 3714
2849 3989
2851 3816
2853 3463
2854 3993
2855 3367
2856 3674
2856 3682
2856 3786
2856 3802
2859 3768
2859 3986
2860 2966
2860 3046
2860 3208
2860 3323
2861 3508
2863 3622
2863 3735
2864 2891
2865 3937
2865 3962
2866 3656
2868 3055
2868 3900
2869 3072
2870 3510
2872 3232
2874 2942
2874 3554
2874 3647
2874 3837
2876 3635
2878 3364
2878 3405
2879 3373
2880 3867
2880 3910
2881 3016
2881 3281
2882 2997
2883 3298
2883 3330
2883 3746
2884 3275
2884 3696
2885 3878
2886 3460
2887 2914
2887 3011
2887 3484
2891 2943
2894 3870
2895 3164
2896 3020
2896 3545
2896 3883
2897 3333
2897 3817
2898 3495
2899 3331
2899 3377
2901 3840
2903 3331
2904 3365
2906 3430
2906 3642
2906 3918
2906 3966
2907 3323
2907 3386
2907 3507
2911 3195
2911 3455
2912 3888
2913 3682
2913 3973
2914 3426
2914 3694
2915 3267
2915 3355
2917 3577
2918 3057
2918 3321
2918 3373
2921 3343
2921 3474
2922 3178
2922 3563
2922 3902
2923 3093
2924 3167
2924 3414
2924 3712
2925 3622
2925 3747
2926 3739
2929 2950
2930 3100
2931 3818
2932 3452
2933 3477
2933 3673
2933 3715
2934 3396
2935 3812
2936 3916
2939 3266
2940 3387
2940 3962
2941 3501
2941 3876
2942 3249
2942 3767
2942 3983
2943 3423
2944 3837
2945 3902
2946 3162
2947 3728
2947 3936
2948 3182
2948 3238
2948 3409
2951 3716
2952 3474
2956 3912
2957 3097
2958 3444
2959 3079
2960 3432
2960 3591
2961 3427
2962 3570
2963 3022
2963 3547
2964 3510
2964 3949
2965 3834
2968 2991
2969 3490
2971 3075
2974 3596
2974 3928
2975 3940
2976 3141
2980 3407
2983 3648
2984 3788
2985 3661
2987 3943
2989 3300
2989 3876
2990 3100
2995 3732
2996 3250
2996 3673
2998 3698
2999 3657
3002 3053
3002 3416
3002 3462
3002 3867
3002 3963
3002 3993
3003 3073
3003 3267
3003 3315
3004 3273
3004 3563
3005 3274
3005 3592
3006 3044
3006 3589
3007 3155
3009 3200
3010 3756
3015 3401
3015 3570
3017 3723
3020 3521
3021 3227
3022 3287
3023 3509
3023 3767
3024 3123
3028 3347
3029 3094
3031 3457
3032 3777
3034 3461
3035 3511
3035 3666
3035 3888
3036 3496
3036 3567
3039 3619
3040 3143
3040 3555
3042 3732
3042 3909
3043 3279
3044 3157
3045 3755
3050 3194
3052 3660
3053 3453
3053 3520
3054 3299
3054 3378
3054 3429
3054 3956
3055 3814
3055 3853
3057 3163
3057 3649
3060 3661
3060 3816
3060 3952
3061 3727
3061 3730
3064 3133
3065 3419
3066 3764
3066 3810
3067 3148
3067 3996
3069 3545
3069 3713
3070 3405
3071 3525
3071 3684
3072 3185
3075 3919
3076 3886
3077 3421
3078 3611
3078 3940
3079 3731
3079 3858
3081 3293
3082 3468
3082 3550
3082 3767
3083 3100
3086 3737
3089 3202
3089 3304
3090 3891
3092 3118
3092 3665
3092 3958
3093 3457
3096 3394
3096 3841
3096 3959
3098 3943
3099 3474
3099 3873
3100 3230
3100 3322
3100 3800
3101 3630
3103 3733
3104 3540
3104 3803
3104 3942
3105 3110
3108 3888
3109 3621
3112 3254
3114 3655
3115 3706
3117 3416
3118 3944
3119 3314
3119 3945
3120 3409
3121 3888
3121 3956
3122 3794
3123 3800
3124 3289
3124 3348
3130 3700
3131 3290
3131 3795
3131 3863
3133 3731
3135 3909
3136 3567
3137 3183
3137 3505
3138 3684
3141 3289
3142 3946
3144 3186
3144 3402
3147 3746
3148 3214
3148 3288
3148 3949
3149 3313
3150 3535
3150 3825
3151 3537
3152 3491
3154 3159
3154 3467
3155 3848
3156 3611
3156 3982
3157 3736
3157 3827
3158 3753
3159 3421
3163 3889
3168 3486
3168 3819
3169 3306
3170 3871
3172 3461
3172 3807
3173 3887
3176 3840
3177 3650
3179 3743
3180 3669
3180 3787
3182 3438
3182 3521
3182 3561
3183 3482
3183 3543
3184 3868
3185 3301
3185 3684
3185 3929
3186 3790
3186 3799
3188 3592
3189 3703
3189 3824
3192 3768
3194 3386
3194 3626
3194 3706
3194 3873
3196 3585
3198 3494
3200 3737
3202 3542
3203 3753
3204 3232
3205 3926
3207 3264
3207 3740
3209 3656
3209 3712
3210 3772
3211 3695
3212 3622
3213 3345
3213 3581
3214 3556
3217 3241
3217 3283
3218 3342
3219 3469
3220 3338
3223 3370
3224 3339
3225 3710
3225 3939
3227 3978
3228 3913
3229 3378
3229 3522
3229 3976
3230 3876
3230 3932
3232 3383
3233 3429
3237 3291
3237 3649
3238 3560
3239 3510
3239 3542
3240 3828
3240 3848
3241 3622
3242 3876
3243 3379
3243 3907
3244 3342
3246 3549
3248 3319
3252 3545
3252 3692
3253 3444
3259 3408
3260 3377
3260 3750
3261 3289
3261 3954
3262 3916
3264 3853
3265 3379
3265 3549
3265 3760
3265 3822
3271 3303
3272 3311
3274 3814
3277 3588
3279 3607
3280 3718
3281 3750
3283 3336
3284 3411
3285 3956
3287 3936
3288 3553
3293 3850
3294 3306
3295 3371
3297 3342
3300 3694
3300 3709
3300 3941
3302 3809
3303 3653
3305 3643
3306 3445
3306 3464
3310 3440
3310 3444
3310 3936
3311 3568
3313 3396
3315 3719
3318 3750
3318 3986
3319 3491
3320 3879
3321 3582
3321 3729
3327 3382
3328 3793
3329 3610
3329 3821
3329 3861
3331 3501
3333 3352
3333 3766
3334 3385
3335 3652
3336 3413
3338 3717
3339 3695
3340 3606
3341 3849
3342 3528
3346 3818
3347 3752
3347 3927
3347 3948
3347 3955
3348 3421
3348 3941
3351 3658
3352 3758
3355 3629
3355 3822
3359 3727
3362 3696
3363 3954
3364 3930
3365 3776
3366 3505
3366 3922
3369 3724
3369 3739
3369 3948
3372 3995
3374 3979
3375 3954
3376 3849
3379 3475
3381 3502
3384 3930
3385 3516
3386 3390
3386 3568
3387 3654
3389 3443
3390 3957
3391 3453
3393 3485
3394 3451
3396 3642
3396 3685
3398 3423
3398 3996
3399 3687
3399 3745
3402 3969
3403 3889
3406 3983
3406 3998
3409 3672
3410 3415
3410 3661
3410 3893
3411 3865
3412 3649
3412 3778
3412 3846
3415 3791
3416 3757
3417 3829
3419 3719
3419 3840
3422 3841
3423 3439
3423 3640
3428 3796
3431 3446
3434 3713
3435 3839
3440 3681
3445 3701
3445 3996
3447 3749
3448 3729
3448 3846
3449 3840
3452 3454
3457 3760
3459 3850
3461 3778
3461 3850
3462 3887
3465 3964
3470 3788
3471 3774
3472 3912
3473 3532
3473 3692
3476 3617
3477 3661
3477 3753
3479 3717
3479 3870
3485 3497
3485 3904
3487 3581
3487 3781
3487 3824
3489 3650
3490 3785
3493 3539
3498 3500
3504 3558
3504 3974
3505 3701
3506 3790
3507 3556
3514 3652
3514 3717
3514 3950
3515 3604
3517 3969
3522 3808
3523 3617
3524 3705
3528 3695
3532 3674
3535 3716
3535 3966
3536 3889
3539 3983
3541 3591
3542 3708
3543 3559
3544 3644
3546 3953
3550 3795
3552 3785
3556 3664
3556 3956
3559 3579
3559 3729
3559 3908
3560 3731
3561 3789
3564 3680
3566 3757
3567 3794
3570 3761
3570 3934
3578 3767
3590 3929
3591 3698
3594 3655
3594 3797
3598 3810
3598 3931
3606 3628
3607 3652
3610 3700
3611 3943
3614 3703
3616 3869
3618 3868
3618 3985
3632 3821
3634 3685
3643 3986
3644 3999
3645 3662
3645 3772
3650 3711
3658 3764
3660 3887
3662 3808
3665 3695
3665 3969
3674 3732
3683 3742
3684 3930
3685 3772
3689 3839
3693 3726
3693 3874
3695 3904
3700 3727
3711 3864
3713 3808
3713 3950
3724 3809
3726 3957
3728 3947
3733 3879
3734 3973
3740 3833
3742 3778
3745 3768
3745 3876
3750 3809
3751 3932
3754 3897
3755 3908
3757 3872
3759 3927
3762 3952
3764 3999
3765 3986
3767 3839
3769 3928
3770 3933
3782 3885
3782 3935
3785 3955
3786 3854
3787 3870
3789 3973
3796 3971
3798 3896
3799 3883
3809 3921
3810 3818
3816 3915
3819 3899
3821 3952
3826 3894
3830 3880
3835 3869
3838 3987
3850 3960
3863 3872
3894 3900
3894 3989
3909 3936
3929 3940
3992 3993
