0 6
0 23
0 32
0 45
0 67
0 76
0 82
1 8
1 29
2 10
2 41
2 57
2 89
3 47
4 14
4 30
4 34
4 63
4 81
4 103
4 124
5 15
5 65
5 75
5 88
6 19
6 50
6 107
6 109
6 123
7 36
7 48
7 53
7 63
7 118
8 40
8 43
9 26
9 39
9 50
9 73
9 80
9 84
9 95
9 112
10 21
10 33
10 47
10 86
10 114
12 21
12 56
12 108
12 119
12 121
13 18
13 75
13 78
13 118
13 120
14 16
14 74
15 48
15 56
15 76
15 121
16 22
16 37
16 54
17 36
17 66
18 74
18 93
18 113
19 42
20 61
20 90
20 92
20 106
21 47
21 59
21 71
21 107
21 124
22 59
22 92
22 100
23 49
23 68
23 108
23 116
23 117
23 118
24 56
24 101
25 110
26 64
26 68
27 33
27 81
27 82
27 122
28 87
29 83
30 36
30 48
30 80
30 104
31 52
31 67
32 112
33 71
33 74
34 49
34 51
34 71
34 76
34 89
34 102
34 124
35 40
35 46
35 74
35 86
35 92
35 99
36 37
36 63
37 63
37 68
37 98
37 100
38 44
38 76
38 87
40 41
40 46
40 50
40 65
41 72
41 98
41 107
41 110
42 60
42 92
42 102
42 108
43 49
43 85
43 86
44 109
44 124
45 46
45 48
45 60
45 62
45 93
45 100
46 49
46 62
46 99
47 99
48 92
48 100
48 115
49 52
49 116
50 54
51 66
51 78
51 105
51 112
52 59
53 64
53 93
54 74
54 121
54 122
55 109
56 69
57 72
58 60
58 92
58 116
59 65
59 92
59 103
60 70
60 94
61 69
61 96
61 104
61 116
62 108
62 109
62 117
63 83
64 79
64 88
64 122
65 83
65 88
66 103
67 92
67 97
67 122
68 70
68 94
70 97
70 102
71 94
71 116
71 118
72 80
72 111
72 119
73 106
73 119
75 89
75 94
75 96
75 104
75 115
75 123
76 93
76 94
76 96
77 104
77 109
79 105
79 115
79 116
81 99
81 119
82 87
82 120
83 100
83 101
84 90
84 112
85 109
87 113
87 122
88 98
88 109
89 120
90 102
90 105
90 117
91 123
92 98
93 111
95 106
95 108
96 124
97 102
97 108
97 122
98 119
98 122
98 124
101 105
101 110
101 115
103 105
104 105
105 110
105 122
106 114
108 115
108 118
114 118
115 124
116 120
120 124
