0 6
0 304
0 487
0 492
1 48
1 66
1 169
1 195
1 229
1 261
1 275
1 336
2 110
2 295
2 314
2 407
2 469
3 49
3 185
3 299
3 323
3 325
3 486
4 195
4 225
4 278
4 333
4 373
5 264
5 414
6 294
6 296
7 280
7 339
8 138
8 221
8 273
8 412
9 75
9 143
9 206
10 118
10 352
10 424
10 436
11 15
11 42
11 63
11 72
11 183
11 185
11 488
12 135
12 183
13 148
13 221
13 348
13 378
14 312
14 331
14 414
14 431
14 460
15 49
15 53
15 291
15 383
16 180
17 30
17 41
17 198
18 280
18 294
19 42
19 488
20 273
20 324
21 275
21 345
21 425
21 447
22 61
22 436
22 451
23 164
23 272
23 405
23 485
23 487
24 169
24 185
24 236
25 281
25 315
26 145
26 357
26 393
26 468
27 89
27 208
27 398
27 404
27 472
28 39
28 184
28 323
28 489
29 46
29 223
29 296
30 113
30 208
30 388
30 483
31 101
31 422
31 427
32 72
32 174
32 220
32 392
33 55
33 423
34 91
34 216
34 352
34 405
34 487
35 93
35 120
35 409
35 482
36 247
36 373
37 121
37 261
37 373
38 82
38 185
38 201
38 345
38 384
38 489
39 267
39 320
39 356
39 368
40 324
40 474
41 325
41 339
42 59
42 89
42 309
42 319
43 327
43 388
44 66
44 348
44 349
44 487
45 157
45 233
45 334
45 367
45 385
45 420
45 435
45 495
46 139
46 218
46 245
46 289
46 439
46 484
47 195
47 357
47 450
48 311
48 378
48 407
48 462
49 130
49 278
49 282
49 315
49 349
50 68
50 107
50 120
50 136
50 263
50 450
51 171
51 177
51 464
52 164
52 326
53 130
53 469
53 478
54 266
54 346
55 71
55 367
55 438
56 104
56 135
56 440
57 172
57 238
57 239
58 88
58 110
58 329
58 342
58 346
58 348
58 433
59 129
59 267
59 316
59 462
59 494
60 177
60 249
60 265
61 268
62 70
62 202
62 219
62 230
62 323
62 483
63 108
63 181
63 205
63 235
63 493
64 171
64 353
64 456
64 478
65 186
65 333
65 455
65 460
66 262
66 317
66 336
66 450
67 264
67 457
68 155
68 168
68 487
69 83
69 122
69 201
69 492
70 91
70 320
71 111
72 159
72 208
72 209
72 276
72 409
73 351
74 99
74 254
74 465
74 492
75 111
75 137
75 263
75 433
75 481
75 494
75 496
76 134
76 258
76 322
76 426
77 114
77 365
78 119
78 234
78 364
78 388
79 273
79 323
79 365
79 370
79 392
80 403
81 114
81 117
81 149
81 176
82 129
82 147
82 354
83 144
83 190
83 430
83 464
83 465
83 478
84 115
84 280
84 365
84 490
85 117
85 310
85 362
85 417
85 446
85 474
86 337
86 478
87 286
87 375
87 478
88 130
88 252
88 290
88 467
89 115
89 172
89 184
89 292
89 486
90 210
90 236
90 268
90 396
91 99
91 133
91 265
91 388
91 467
92 321
92 381
92 382
92 436
92 477
93 491
93 498
94 95
95 372
95 385
95 404
96 156
96 200
96 260
96 368
96 496
97 118
97 159
97 263
97 267
97 352
98 138
98 195
98 278
98 281
98 454
98 481
99 288
99 446
100 155
100 259
100 301
100 352
100 490
101 172
101 219
101 293
101 338
101 371
101 479
101 488
102 484
103 341
103 451
104 204
104 369
104 382
104 492
105 259
106 499
107 327
107 381
108 117
108 257
109 185
109 189
110 415
110 419
110 439
110 463
110 473
111 112
111 248
111 275
111 337
111 411
112 201
112 217
112 241
112 397
113 140
113 295
113 321
113 336
114 258
115 118
115 162
115 187
115 217
115 263
115 395
115 434
116 225
116 313
116 407
117 129
117 182
117 205
117 224
117 364
117 439
118 390
119 126
120 154
120 332
120 460
121 148
121 264
121 435
122 232
122 476
122 482
123 133
123 318
123 453
124 259
124 351
124 378
124 415
125 294
125 353
126 250
126 364
127 201
127 293
127 377
127 483
128 243
128 260
128 461
129 141
129 168
129 251
129 403
129 475
130 189
130 313
130 371
132 212
132 241
132 382
133 155
133 284
133 441
135 153
135 159
135 164
135 281
135 322
135 332
135 333
135 372
135 411
136 300
136 339
136 441
136 479
137 138
137 294
137 373
138 241
138 383
139 227
140 188
140 327
141 211
141 260
141 471
141 483
142 212
142 237
142 294
142 349
142 377
142 479
143 162
143 166
144 488
145 170
145 209
145 210
145 335
146 189
147 189
147 245
147 333
147 498
148 272
149 403
149 472
150 414
150 498
151 168
151 325
151 364
151 384
151 408
152 194
152 252
152 293
152 306
152 420
153 363
154 202
155 239
155 389
156 164
157 215
157 454
157 499
158 160
158 306
159 359
160 391
161 423
162 216
162 304
162 382
162 390
163 226
164 210
164 418
164 488
165 476
167 390
168 268
168 367
168 369
168 417
168 462
169 178
169 355
169 447
169 463
170 202
170 230
170 438
171 431
172 350
172 360
172 427
173 217
173 308
173 372
173 457
174 304
174 305
174 401
174 464
175 220
175 455
176 325
176 450
177 231
177 241
177 461
178 200
178 216
178 230
178 266
178 351
178 410
179 343
179 362
180 232
181 438
182 322
182 368
183 427
183 439
183 495
184 235
184 379
184 436
185 334
186 238
187 299
187 421
187 446
188 208
188 226
188 266
188 374
188 498
189 233
189 378
189 379
189 485
190 307
190 323
190 439
191 269
191 293
191 456
192 318
192 408
192 452
193 281
194 338
195 203
195 299
195 336
196 250
196 491
197 204
198 418
198 477
199 497
201 211
201 421
201 472
203 231
203 369
204 462
205 393
205 485
206 252
206 294
206 488
207 318
207 387
208 316
208 346
208 360
210 298
210 390
210 464
210 498
212 264
212 292
212 483
212 486
213 377
213 405
214 316
215 247
216 358
216 383
218 346
218 355
218 377
218 460
219 266
219 454
219 478
220 241
222 324
223 245
223 266
223 269
223 364
224 269
225 353
225 424
225 430
225 451
226 263
226 316
226 475
227 254
227 436
228 261
228 274
228 327
229 468
230 262
230 336
230 337
230 385
230 410
230 443
230 471
232 286
232 426
233 285
233 296
233 431
234 305
234 468
234 478
235 438
236 249
236 290
236 315
236 342
238 358
238 442
238 446
239 345
239 390
239 392
239 404
240 309
240 420
240 480
243 245
243 321
243 333
245 288
245 356
245 363
246 401
247 276
247 278
249 255
249 397
249 496
250 331
250 360
250 472
250 495
251 274
251 304
251 356
251 456
252 316
252 325
252 424
253 288
253 291
253 376
254 292
255 398
255 454
256 417
257 259
257 438
258 464
258 478
259 271
259 325
259 400
259 493
261 369
261 389
261 435
262 335
262 409
263 409
263 483
264 379
264 436
264 481
265 419
266 353
266 416
267 416
267 471
268 284
270 356
270 365
270 391
270 402
270 492
270 494
271 374
271 423
271 437
272 279
272 294
272 337
272 353
272 385
272 417
273 317
273 360
273 424
274 461
275 293
275 366
275 445
277 292
278 364
278 407
278 417
278 428
278 458
278 475
279 296
279 350
280 381
280 397
280 496
281 414
281 430
282 326
282 350
283 300
284 364
284 396
284 466
285 384
287 310
287 440
288 393
288 433
289 363
289 395
290 352
290 482
291 467
293 299
293 308
294 445
294 451
295 376
295 381
298 370
298 409
299 302
299 327
300 442
303 386
303 441
303 443
305 341
305 348
305 422
305 437
305 442
306 350
307 329
307 383
307 414
308 485
309 477
310 426
310 447
310 487
311 354
311 407
312 495
313 317
313 330
313 350
313 472
313 485
314 402
314 405
314 498
316 459
318 472
319 377
320 368
320 423
321 415
321 423
323 383
323 412
324 406
324 459
325 499
328 380
328 464
329 496
330 368
330 436
330 450
330 459
332 349
332 359
332 481
337 415
337 452
337 484
338 438
342 499
343 383
343 486
344 451
345 447
347 454
347 498
348 384
350 451
351 372
351 426
352 406
352 491
353 452
354 427
354 475
354 485
354 494
355 384
355 408
355 431
355 440
356 389
357 467
359 456
359 482
360 414
360 453
361 383
362 377
362 486
363 366
364 466
365 382
365 405
366 473
368 379
370 421
370 439
371 433
371 435
371 467
372 393
373 409
373 497
374 379
376 401
376 407
377 467
378 429
378 432
378 447
379 471
380 394
380 450
381 388
382 397
384 499
385 470
385 498
387 398
389 401
389 431
390 461
390 466
392 413
393 444
394 462
394 463
395 462
396 493
398 403
400 451
402 469
405 439
405 446
406 435
408 489
410 457
411 489
411 496
416 477
417 484
418 495
419 452
419 475
420 492
423 431
425 454
427 433
428 434
428 451
430 438
430 461
431 444
431 481
434 436
437 459
460 465
461 466
462 487
470 486
470 493
472 482
478 490
484 487
489 493
