0 214
0 719
1 28
1 338
1 944
2 496
2 581
2 604
2 834
2 845
2 976
2 994
3 223
3 272
3 313
3 383
3 668
3 984
4 54
4 129
4 367
4 437
4 645
4 675
5 127
5 228
5 321
5 594
5 738
5 859
5 996
6 70
6 507
6 724
6 878
7 198
7 296
7 311
7 324
7 337
7 416
8 433
8 522
8 541
8 579
9 862
10 23
10 166
10 321
10 350
10 486
11 279
11 954
11 972
12 34
12 480
12 771
13 462
13 545
13 808
13 817
14 851
15 115
15 159
15 436
15 633
15 691
15 704
15 768
15 795
15 915
16 228
16 267
16 661
17 504
17 507
18 158
18 191
18 294
18 398
19 243
19 351
19 504
19 855
20 187
20 586
20 663
20 718
21 210
21 878
22 266
22 445
22 760
22 898
23 372
23 697
23 786
23 902
23 970
24 146
24 166
24 199
25 516
25 739
25 760
25 768
25 860
26 274
26 359
26 722
26 732
27 616
28 508
28 865
28 953
29 227
29 589
29 940
30 266
30 960
30 994
31 36
31 65
31 766
31 770
31 842
31 857
32 252
32 483
32 801
32 819
33 588
33 734
33 856
34 276
34 388
34 404
34 515
34 740
35 85
35 93
35 295
35 672
35 931
36 760
36 891
37 453
37 776
37 961
38 212
38 277
38 323
38 421
38 828
39 709
39 755
40 43
40 352
40 612
40 876
41 227
41 301
41 438
41 519
42 87
42 130
42 160
42 181
42 242
42 308
42 316
42 363
42 497
42 632
43 98
43 264
43 393
43 921
43 968
44 297
45 356
45 375
45 758
45 803
46 358
46 364
46 428
47 51
47 302
47 789
47 800
48 968
48 975
49 141
49 472
49 639
49 777
49 851
50 566
50 744
50 847
51 612
51 845
52 289
52 331
52 554
52 736
52 831
52 838
52 870
52 935
52 958
53 73
53 208
53 865
54 128
54 196
54 363
54 955
54 964
55 75
55 139
55 262
55 297
55 397
55 443
55 466
55 837
56 226
56 311
56 458
56 581
56 679
57 173
57 250
57 268
57 472
57 543
58 486
58 684
58 694
58 714
58 779
58 834
59 141
59 990
59 994
60 183
60 201
60 250
60 447
60 540
61 437
61 497
61 821
62 233
62 384
62 444
62 541
62 591
62 817
62 995
63 109
63 157
63 811
63 819
63 868
63 934
64 126
64 188
64 506
64 550
64 834
64 902
65 431
65 554
65 602
65 704
66 341
66 607
66 719
66 780
66 795
66 932
67 194
67 475
67 570
68 175
68 370
68 492
68 511
68 714
68 875
69 113
69 162
69 926
70 959
71 324
72 206
72 308
72 485
72 547
72 839
73 134
73 188
73 482
73 892
74 169
74 268
74 638
74 872
74 996
75 214
75 235
75 316
75 667
76 336
76 871
76 901
76 940
77 313
78 285
78 691
78 743
79 617
79 655
80 250
80 257
80 389
80 542
80 920
80 973
81 199
81 440
81 473
81 495
81 731
81 996
82 658
82 767
82 839
82 984
83 445
84 251
84 344
84 549
84 566
84 804
85 88
85 213
85 309
85 350
85 474
85 654
85 797
86 96
86 265
86 561
86 634
86 725
86 785
87 398
87 431
87 809
87 813
87 947
88 186
88 200
88 258
88 478
88 855
88 991
89 146
89 207
89 407
89 736
90 105
90 264
90 692
90 776
90 837
91 229
91 347
91 481
91 724
91 864
93 313
94 253
94 316
94 782
96 383
97 885
98 404
98 558
98 652
98 672
98 689
98 879
99 159
99 172
99 175
99 235
99 471
99 606
99 656
99 878
99 890
100 277
100 495
100 684
100 772
100 816
100 818
100 874
101 383
101 568
101 923
102 299
102 355
102 671
103 257
103 274
103 444
103 571
104 112
104 217
104 270
104 327
104 497
104 509
104 511
104 609
106 326
106 454
107 896
107 946
108 129
108 495
108 516
108 566
108 623
109 166
109 270
109 415
109 659
109 856
110 246
110 947
111 556
111 580
111 724
112 161
112 729
112 999
113 151
113 712
113 879
113 933
115 641
115 738
115 784
116 362
116 739
116 746
116 864
117 213
117 574
117 660
117 702
118 198
118 807
118 964
119 173
119 324
119 377
119 435
119 441
119 591
119 662
119 799
120 494
120 911
121 231
121 477
121 590
121 863
122 463
122 681
122 787
122 814
123 280
123 464
124 249
124 294
124 448
124 465
124 680
124 707
124 912
125 458
125 812
126 669
127 173
127 279
127 616
128 193
128 490
128 532
128 649
128 743
128 759
128 849
129 204
129 228
129 775
130 174
130 200
130 266
130 474
130 565
131 813
132 473
132 679
132 680
132 800
132 829
133 170
133 291
134 445
134 693
134 771
135 154
135 166
135 276
135 436
135 725
135 780
135 820
135 859
136 361
136 701
136 884
136 976
137 267
137 624
137 646
137 895
138 219
138 805
138 958
139 364
140 289
140 460
140 542
140 584
140 585
140 771
141 364
141 786
141 842
142 559
142 631
142 735
142 827
143 210
143 692
143 743
143 903
144 454
144 591
144 737
144 826
144 923
145 198
145 403
145 445
145 634
145 749
145 968
146 442
146 610
147 243
147 318
147 382
147 549
147 611
147 794
148 471
148 547
148 978
149 307
149 522
149 592
149 661
149 812
149 852
149 880
150 433
150 451
150 651
151 432
151 795
152 571
152 811
153 237
153 336
153 369
153 453
153 721
153 992
154 190
154 404
155 182
155 630
155 820
156 224
156 786
157 169
158 280
158 338
158 728
158 793
158 984
159 390
159 555
160 423
160 522
160 542
160 975
161 256
161 286
161 594
161 725
161 922
162 180
162 345
162 564
162 590
163 550
163 802
163 946
163 974
164 242
164 816
165 170
165 206
165 213
165 529
166 364
166 591
166 643
166 693
166 901
166 998
167 193
167 223
167 430
167 626
167 823
167 902
167 912
168 232
168 928
169 414
170 354
170 442
170 624
170 634
170 752
171 257
171 444
171 551
171 700
171 727
172 329
172 484
172 831
173 357
173 362
173 455
173 660
173 968
174 217
174 422
174 425
174 531
174 725
175 253
175 411
175 683
176 256
176 383
176 776
176 892
177 741
177 908
177 960
178 863
178 991
179 502
179 702
179 802
180 408
180 447
180 520
181 435
181 533
182 196
182 363
182 459
182 546
182 687
182 982
183 380
183 439
183 481
184 463
184 825
185 424
185 592
185 626
185 716
186 464
186 495
186 747
186 814
187 414
187 447
187 830
188 226
188 483
188 733
188 748
188 852
190 219
190 292
190 354
190 482
190 488
190 598
191 614
191 829
191 882
191 890
192 314
192 624
193 249
193 254
193 558
193 656
193 832
194 305
194 527
195 365
195 399
196 203
196 302
197 233
197 362
197 711
197 743
197 853
197 885
198 200
198 221
198 452
198 588
198 618
198 682
200 465
200 467
200 556
200 629
200 761
200 860
200 972
201 401
201 541
201 634
201 679
201 690
203 749
203 920
204 259
204 338
204 385
204 714
204 855
204 896
205 320
205 749
205 856
206 460
206 896
207 275
207 503
207 513
207 662
207 812
207 880
208 222
208 491
208 572
209 312
209 519
209 604
209 955
210 354
210 615
210 807
211 398
211 432
211 784
211 913
211 965
212 441
214 983
215 467
215 488
215 595
215 932
216 574
216 617
216 702
216 755
217 223
217 487
217 623
217 897
217 941
220 383
220 602
220 707
220 720
220 779
221 572
222 295
222 633
223 406
223 951
224 497
225 434
226 326
226 425
226 930
227 260
227 415
227 730
227 864
227 943
228 612
228 843
229 296
229 302
229 352
230 572
230 605
230 667
231 537
232 261
232 523
233 757
233 956
234 377
234 404
234 448
234 612
235 421
235 867
236 699
236 817
236 944
237 315
237 490
237 586
237 628
238 265
238 624
239 337
239 726
240 442
240 465
241 727
241 844
242 350
242 390
243 329
244 258
244 299
244 357
244 697
244 831
245 283
245 498
245 917
245 947
246 408
247 383
248 407
248 790
250 441
250 688
250 693
250 984
251 349
251 579
251 631
251 702
252 431
252 858
252 970
253 486
255 420
255 602
255 760
255 914
256 307
256 395
256 563
256 915
257 275
257 513
257 526
257 917
257 950
258 831
259 322
259 545
259 601
259 696
259 761
260 668
260 957
261 340
261 658
261 712
262 286
262 292
262 520
262 669
262 705
262 784
263 267
263 770
263 888
263 970
264 669
264 823
265 303
265 334
265 615
265 741
265 778
265 958
266 353
266 590
266 786
266 940
266 997
267 527
267 699
268 777
268 941
269 318
269 437
269 504
271 280
271 536
271 681
271 966
272 368
272 701
273 470
273 831
274 553
274 584
274 757
274 897
275 531
275 730
275 797
275 906
276 305
276 369
276 651
277 401
277 852
278 855
278 904
279 346
279 536
279 866
279 911
280 512
281 315
281 343
281 660
282 475
282 491
283 330
283 619
283 940
284 296
284 594
284 595
284 611
284 626
284 642
284 834
285 823
286 485
286 683
286 695
287 598
288 557
288 571
288 610
289 795
289 831
290 366
290 543
290 596
290 766
290 781
290 856
290 912
290 984
291 490
291 564
291 918
292 612
293 610
293 641
293 878
293 974
294 732
295 602
296 552
296 612
296 678
296 779
297 519
298 603
298 661
298 727
299 622
299 636
299 644
300 321
300 396
300 918
300 938
301 310
301 645
301 978
301 981
302 390
302 561
302 896
302 982
303 308
303 406
303 599
304 449
304 860
305 480
305 926
307 494
308 546
308 565
308 581
308 618
309 316
309 537
309 559
309 657
309 791
310 592
310 932
311 634
311 837
312 394
312 567
313 345
313 519
313 690
313 918
314 441
314 621
314 743
314 902
314 914
314 939
314 961
314 977
315 709
316 417
316 716
317 538
317 679
317 833
317 969
318 546
318 812
318 826
319 904
321 371
321 435
321 498
321 741
321 886
322 335
322 740
322 991
323 324
323 556
323 682
324 376
324 458
324 786
324 979
325 695
325 776
325 812
325 943
325 989
327 540
327 642
327 775
328 489
328 656
328 660
328 976
329 385
329 459
329 754
329 880
330 429
330 475
330 682
330 892
331 476
331 858
331 999
332 619
332 656
332 879
333 480
333 600
333 660
333 674
334 457
334 591
334 858
335 914
335 931
336 419
336 815
336 834
337 537
337 648
338 806
338 848
338 850
338 898
338 956
339 558
339 797
340 669
340 910
341 501
341 529
342 397
343 499
343 711
343 940
344 431
344 542
344 822
345 899
346 827
346 855
347 665
347 715
347 777
348 473
348 503
348 520
348 581
348 625
349 824
349 859
349 927
349 991
350 354
350 369
350 412
350 761
351 749
351 778
351 870
352 380
352 752
352 822
353 376
353 474
353 593
353 669
354 540
354 737
354 816
355 470
355 499
355 525
356 559
357 510
357 870
358 496
358 791
360 556
360 566
360 721
360 839
361 643
361 897
362 716
363 535
363 606
364 914
364 995
365 670
365 805
365 947
366 712
366 775
367 471
367 619
367 700
368 389
368 537
368 985
369 394
369 686
369 703
369 791
369 929
370 700
371 609
371 653
371 736
371 834
371 929
372 743
372 827
372 860
373 612
373 620
373 682
375 688
376 440
376 620
376 837
378 601
378 734
379 418
379 804
380 404
380 572
380 680
380 721
380 878
381 435
381 535
381 788
381 813
381 928
382 423
382 442
382 491
382 848
382 966
383 433
384 647
384 790
384 888
385 730
386 701
386 828
387 622
387 673
387 741
388 814
389 440
389 811
389 898
389 919
390 467
390 592
390 595
390 633
390 642
390 697
390 779
390 862
390 950
391 647
392 717
393 425
393 825
394 603
395 434
395 669
395 957
396 469
396 612
396 682
396 727
397 438
397 761
398 458
398 830
398 858
399 645
399 715
399 844
399 846
400 645
401 523
401 745
401 952
402 825
403 928
403 958
404 589
404 645
404 786
405 531
405 712
405 746
405 879
405 989
406 630
406 718
407 705
408 734
408 762
408 804
409 583
409 749
409 919
409 974
410 445
410 823
411 697
411 700
412 441
412 607
413 671
413 729
413 849
414 841
415 807
416 532
416 762
417 607
417 610
417 633
417 829
417 869
418 502
418 528
418 665
418 889
420 584
420 864
420 932
421 861
422 559
422 672
422 835
422 855
422 948
423 867
424 636
424 949
427 507
427 609
427 800
427 857
428 620
428 796
429 432
429 785
429 904
430 461
430 639
430 827
431 741
431 877
431 932
432 500
432 840
433 894
433 979
434 613
434 833
434 914
436 501
436 613
436 687
436 930
436 970
438 547
438 722
439 479
439 844
440 526
440 553
442 469
442 768
443 659
443 972
444 718
444 730
444 791
444 866
445 549
445 646
445 841
445 906
447 533
447 677
447 888
448 484
448 511
448 650
448 743
449 520
449 596
449 665
449 914
450 676
451 590
452 625
453 471
453 554
453 651
453 703
453 760
453 813
454 514
454 890
455 633
455 757
456 946
457 768
458 959
459 515
459 946
460 534
460 919
460 920
461 591
462 605
462 940
463 847
464 906
464 961
465 619
466 695
466 941
467 476
467 609
467 770
468 657
468 782
468 886
469 528
469 720
470 478
476 598
476 726
477 507
478 609
478 636
478 855
478 918
479 550
479 869
479 962
480 703
480 747
480 915
481 625
482 502
482 527
482 721
482 732
483 550
483 563
484 550
484 616
484 646
484 806
485 509
485 511
485 564
485 694
485 982
486 911
487 632
487 658
488 718
488 720
488 832
489 982
490 676
490 743
491 526
491 665
492 504
492 544
492 681
492 900
493 880
493 886
493 916
494 522
494 655
494 878
495 512
497 631
498 564
498 671
498 778
500 754
501 761
501 850
501 855
501 881
502 514
503 543
503 549
503 775
503 928
503 953
504 609
504 633
504 785
505 964
505 985
506 565
506 608
506 816
506 894
507 670
507 745
507 854
508 699
508 816
509 803
510 553
510 589
510 842
510 885
512 761
512 940
513 697
513 862
513 986
514 695
514 701
515 623
515 832
515 960
516 963
516 969
517 628
517 853
518 708
518 739
519 570
519 913
520 864
521 645
521 753
521 783
521 835
522 634
522 908
524 961
525 599
525 701
525 769
526 533
526 741
526 756
526 771
527 662
528 560
528 709
529 625
530 826
530 857
531 662
531 906
534 617
536 708
536 787
537 643
537 734
537 905
538 589
538 615
538 845
539 680
539 760
539 852
541 901
543 685
544 988
545 548
545 564
545 588
545 732
545 958
546 594
546 638
546 778
547 865
548 719
548 752
549 827
550 829
550 839
550 927
552 611
552 768
552 784
553 669
553 714
554 590
554 873
555 576
555 583
555 871
556 712
556 714
556 933
557 588
557 678
557 846
557 870
558 633
558 733
559 612
559 671
560 563
560 576
560 676
560 948
560 986
562 945
563 598
563 763
564 867
565 899
566 575
566 618
566 707
566 813
566 819
566 849
566 964
567 580
567 649
568 673
569 787
569 983
572 807
574 705
574 926
575 809
577 749
577 993
578 886
579 596
579 794
579 932
579 953
580 877
581 675
581 975
583 608
583 689
583 874
583 930
585 896
586 722
587 618
588 980
590 628
590 726
592 673
594 610
595 788
595 804
597 902
598 815
598 830
598 837
599 682
599 904
600 671
601 698
601 925
602 618
602 995
603 757
603 942
604 998
605 891
606 687
606 729
607 880
607 958
608 667
608 880
609 688
609 832
609 914
609 995
610 800
610 919
610 958
611 981
612 738
612 825
613 899
614 838
614 936
615 653
615 815
615 910
617 864
617 931
618 818
618 865
619 659
620 915
622 639
622 702
622 793
623 928
624 768
624 900
625 959
626 730
627 763
628 823
628 961
628 988
629 678
629 679
630 686
630 776
630 783
631 691
631 967
632 672
632 759
632 999
633 882
634 873
635 908
636 756
637 822
639 741
639 912
639 916
640 679
640 814
640 821
641 789
642 835
643 883
645 868
645 997
646 670
646 737
646 889
646 971
647 860
648 653
649 680
649 879
649 968
652 980
654 713
654 761
656 688
656 743
656 780
656 884
659 881
660 929
661 701
661 909
662 789
664 753
665 918
666 744
667 814
668 739
668 964
669 800
670 892
671 758
671 777
671 824
672 840
673 809
673 997
674 680
674 695
674 706
674 712
674 798
675 752
675 972
675 975
677 761
677 982
680 904
681 754
681 860
683 796
683 852
683 946
685 744
685 849
686 698
686 869
686 887
687 992
688 813
690 733
691 695
691 781
691 951
692 827
692 883
693 824
693 923
693 987
694 764
695 740
695 845
695 880
695 910
698 955
700 811
701 838
703 732
704 769
704 787
704 896
705 735
705 804
705 928
705 961
707 981
709 870
710 874
711 903
711 956
712 804
712 992
714 960
716 792
716 830
717 777
718 982
720 929
720 933
721 824
722 841
723 733
725 924
726 926
727 769
727 940
730 888
731 830
733 993
735 912
736 821
736 825
737 849
739 985
740 807
740 992
741 985
742 871
743 823
744 890
747 769
747 820
748 834
748 868
751 915
755 993
756 982
757 939
757 976
757 993
758 897
758 983
759 835
760 805
762 796
764 781
764 803
764 970
765 855
765 856
765 992
766 921
766 998
768 798
768 912
768 929
768 942
769 868
771 954
773 799
774 982
777 879
777 902
779 846
779 897
781 862
781 975
783 850
785 965
790 894
791 872
791 896
792 976
793 819
795 934
796 799
796 840
796 878
798 801
798 891
799 971
800 893
800 946
803 963
804 908
805 889
807 861
808 910
812 991
814 953
814 971
816 860
816 863
818 826
820 895
822 861
823 875
826 935
827 861
828 977
829 925
829 945
829 973
831 947
831 977
835 859
835 904
835 947
836 868
836 990
837 879
837 923
837 940
842 855
842 991
842 998
844 911
848 985
850 855
851 898
852 980
853 879
854 954
855 947
856 864
856 980
861 886
865 875
867 968
870 909
870 952
870 989
872 915
872 929
873 938
875 911
876 923
878 913
881 889
883 921
883 997
884 885
884 912
885 970
888 906
891 961
891 997
892 905
896 940
897 947
897 981
899 949
900 917
901 964
905 944
905 966
907 928
909 937
912 945
915 976
936 983
937 983
939 978
949 986
950 964
956 959
964 982
