0 1
0 2
0 3
0 5
0 6
0 20
0 23
0 24
0 31
0 34
0 36
0 37
0 40
0 53
0 76
0 78
0 96
0 98
0 101
0 105
0 107
0 119
0 121
0 132
0 143
0 147
0 151
0 165
0 196
0 239
0 242
0 250
0 251
0 255
0 282
0 283
0 288
0 293
0 295
0 305
0 306
0 346
0 347
0 349
0 351
0 355
0 375
0 383
0 392
0 409
0 411
0 412
0 417
0 425
0 451
0 459
0 467
0 483
0 484
0 499
1 2
1 3
1 6
1 8
1 16
1 17
1 18
1 19
1 20
1 22
1 25
1 26
1 28
1 30
1 31
1 42
1 48
1 50
1 53
1 66
1 67
1 69
1 83
1 111
1 113
1 123
1 136
1 137
1 149
1 153
1 156
1 158
1 159
1 160
1 167
1 176
1 182
1 200
1 205
1 227
1 236
1 244
1 249
1 253
1 256
1 257
1 270
1 285
1 330
1 344
1 353
1 362
1 366
1 376
1 379
1 382
1 399
1 406
1 426
1 438
1 441
1 444
1 446
1 460
1 468
1 469
1 470
1 479
1 480
1 495
2 4
2 5
2 7
2 22
2 33
2 35
2 38
2 49
2 51
2 60
2 65
2 70
2 80
2 101
2 116
2 121
2 125
2 127
2 136
2 140
2 173
2 181
2 188
2 204
2 215
2 229
2 266
2 274
2 282
2 294
2 297
2 299
2 311
2 321
2 325
2 327
2 332
2 356
2 365
2 398
2 402
2 455
2 466
2 492
3 4
3 8
3 10
3 12
3 13
3 15
3 16
3 21
3 23
3 25
3 30
3 32
3 35
3 38
3 40
3 41
3 47
3 48
3 54
3 57
3 58
3 59
3 61
3 63
3 76
3 89
3 92
3 102
3 104
3 106
3 113
3 117
3 120
3 124
3 133
3 135
3 139
3 142
3 145
3 154
3 170
3 174
3 180
3 185
3 186
3 187
3 199
3 211
3 218
3 256
3 259
3 262
3 281
3 289
3 296
3 310
3 312
3 316
3 332
3 337
3 358
3 361
3 370
3 372
3 374
3 380
3 388
3 389
3 396
3 403
3 408
3 414
3 417
3 427
3 428
3 430
3 482
3 494
4 7
4 9
4 10
4 19
4 32
4 43
4 44
4 47
4 65
4 87
4 109
4 172
4 246
4 373
4 421
4 464
4 488
5 46
5 52
5 81
5 119
5 167
5 375
6 9
6 11
6 15
6 18
6 27
6 28
6 29
6 37
6 43
6 55
6 57
6 59
6 74
6 82
6 90
6 102
6 120
6 133
6 134
6 137
6 138
6 148
6 152
6 208
6 226
6 231
6 269
6 292
6 301
6 383
6 410
6 422
6 433
6 439
6 465
6 467
6 470
6 489
7 13
7 39
7 52
7 62
7 72
7 75
7 84
7 90
7 94
7 122
7 155
7 181
7 195
7 225
7 228
7 293
7 310
7 313
7 340
7 357
7 414
7 473
7 491
7 493
8 11
8 14
8 36
8 81
8 100
8 114
8 118
8 215
8 254
8 269
8 302
8 314
8 416
8 449
9 17
9 56
9 85
9 88
9 95
9 97
9 105
9 130
9 132
9 148
9 195
9 221
9 231
9 234
9 259
9 281
9 320
9 350
9 364
9 379
9 478
10 12
10 14
10 34
10 39
10 67
10 69
10 86
10 109
10 128
10 129
10 138
10 150
10 152
10 163
10 179
10 184
10 191
10 193
10 199
10 202
10 239
10 246
10 279
10 285
10 287
10 288
10 318
10 329
10 352
10 398
10 407
10 409
10 437
10 456
10 459
10 476
11 54
11 168
11 236
11 265
11 472
12 21
12 27
12 80
12 86
12 99
12 110
12 114
12 146
12 185
12 211
12 212
12 245
12 258
12 262
12 271
12 286
12 315
12 330
12 361
12 373
12 384
12 395
12 404
12 415
12 418
12 425
12 448
12 475
12 481
13 216
13 229
13 322
14 324
14 384
15 46
15 116
15 265
15 346
17 318
18 85
18 386
19 24
19 45
19 51
19 73
19 91
19 134
19 162
19 176
19 183
19 203
19 292
19 377
19 385
19 399
19 432
19 447
21 26
21 42
21 45
21 56
21 60
21 72
21 79
21 122
21 124
21 149
21 180
21 194
21 197
21 249
21 298
21 336
21 341
21 348
21 360
21 378
21 423
21 426
21 442
22 41
22 77
22 164
22 214
22 251
22 258
22 279
22 324
23 141
23 183
23 286
23 289
25 61
25 68
25 74
25 78
25 147
25 187
25 202
25 216
25 232
25 312
25 313
25 341
25 347
26 29
27 178
27 352
27 493
29 117
29 163
29 327
29 328
29 371
29 477
30 357
31 237
31 291
31 338
31 413
31 476
32 33
32 55
32 58
32 77
32 87
32 110
32 139
32 146
32 203
32 207
32 223
32 298
32 308
32 334
32 360
32 456
32 485
33 155
33 214
33 499
34 247
34 263
34 303
34 446
34 486
34 487
35 100
36 93
36 309
36 450
37 44
37 71
37 189
37 241
37 244
37 309
37 439
37 440
37 484
37 491
38 49
38 131
38 168
38 240
38 247
38 301
38 466
39 75
39 219
39 276
39 333
39 424
40 50
40 66
40 94
40 104
40 131
40 144
40 161
40 192
40 250
40 436
41 63
41 64
41 70
41 221
41 267
41 296
42 164
42 210
42 218
42 268
42 344
42 366
42 393
42 433
43 68
43 151
43 170
43 171
43 294
43 320
43 471
43 479
43 495
44 355
44 390
45 248
46 62
46 97
46 103
46 115
46 141
46 186
46 190
46 274
46 326
46 342
46 387
46 400
47 64
47 98
47 103
47 108
47 196
47 440
49 235
50 88
50 106
50 130
50 217
50 275
50 290
50 452
50 457
52 96
52 115
52 126
52 150
52 238
52 326
52 487
53 73
53 135
53 213
53 227
53 418
53 448
53 458
53 474
54 253
54 261
55 325
55 498
56 314
57 91
57 356
57 391
58 224
58 255
60 232
60 407
61 111
61 434
65 71
65 79
65 89
65 92
65 158
65 165
65 242
65 270
65 492
66 169
66 336
66 385
67 82
67 153
67 157
67 166
67 349
67 368
68 83
68 252
68 462
68 497
69 210
69 267
70 84
70 179
70 197
70 209
70 245
70 291
70 333
70 380
70 412
70 435
71 129
71 166
71 243
71 307
71 372
72 304
72 413
80 95
80 228
80 254
80 376
80 400
80 436
80 454
81 112
81 118
81 219
81 230
81 240
83 323
84 213
84 354
85 204
85 370
85 473
86 99
86 142
86 157
86 278
87 93
87 112
87 156
87 191
87 193
87 321
89 225
89 442
91 243
93 123
93 386
94 145
94 222
94 238
94 300
94 316
94 328
94 331
94 474
99 108
99 339
99 438
101 171
101 401
101 461
103 126
103 188
103 190
103 206
103 273
104 192
104 299
105 107
105 337
108 160
108 272
108 278
108 315
108 343
108 374
108 485
109 233
110 423
110 496
112 154
114 200
114 220
114 283
114 359
114 397
114 404
114 434
114 435
114 497
115 162
118 127
118 140
118 175
118 177
118 198
118 224
118 429
119 125
119 128
119 159
119 222
119 260
127 143
127 144
127 194
127 351
131 284
132 172
132 201
132 421
133 234
133 389
133 451
133 478
133 482
133 494
134 488
137 201
137 343
137 359
137 381
137 392
137 419
137 431
137 455
138 263
139 173
139 175
139 209
139 212
139 220
139 266
139 353
139 391
139 450
139 463
140 198
140 257
140 311
140 362
141 177
143 169
146 217
146 354
147 248
147 260
150 178
150 182
150 394
151 223
151 445
152 161
153 319
153 371
153 395
154 394
155 174
155 437
156 277
157 408
158 405
159 411
160 319
160 393
160 397
160 447
160 454
162 184
162 350
163 235
163 264
163 275
163 306
163 317
164 237
164 302
165 241
165 307
165 339
166 420
169 335
169 369
170 271
172 290
176 276
176 445
180 367
180 390
180 405
181 226
181 287
182 205
183 444
185 365
186 189
186 252
186 481
192 273
192 342
192 428
193 207
193 464
196 208
197 381
199 415
201 468
202 206
203 230
203 465
206 345
209 261
213 233
213 338
213 457
213 460
213 461
214 322
217 458
232 453
236 416
239 363
239 489
240 264
240 422
240 453
242 420
244 268
244 308
244 402
244 432
245 462
250 303
252 483
254 443
255 277
257 272
257 463
259 430
261 345
263 475
264 317
271 363
271 424
271 490
272 280
273 284
273 295
275 486
278 280
282 300
282 304
282 305
282 340
282 496
284 364
288 382
288 449
289 297
289 367
289 441
293 331
293 334
297 477
301 480
303 427
307 323
309 388
310 335
315 348
316 368
316 369
316 396
319 469
321 329
321 429
326 431
328 378
336 358
337 406
341 410
345 403
355 377
355 401
355 443
362 387
377 498
384 490
398 452
403 419
410 472
459 471
