0 34
0 73
0 87
0 146
0 209
0 233
0 237
0 238
1 91
1 151
1 164
1 169
1 233
2 134
2 212
2 236
3 53
3 133
3 175
4 61
4 65
5 19
5 131
5 139
5 205
6 82
6 119
6 151
6 204
7 44
7 73
7 87
7 221
8 25
8 52
8 134
8 189
9 116
9 118
9 131
9 234
10 70
10 130
10 142
11 15
11 169
11 234
11 244
12 44
13 14
13 81
13 148
13 173
13 196
14 72
14 182
15 150
16 46
16 64
16 73
16 105
16 147
16 166
16 186
17 180
18 77
18 166
18 174
18 214
19 43
19 56
19 71
19 100
20 93
21 99
21 114
21 134
21 143
21 243
22 154
22 236
23 105
24 33
24 132
24 170
24 230
25 75
25 83
25 166
25 170
26 60
26 120
26 180
26 181
27 67
27 163
27 183
28 67
28 195
28 217
29 82
29 93
29 178
29 228
29 235
29 244
30 36
30 140
30 243
31 93
31 112
31 222
32 100
32 247
33 148
34 119
35 112
35 202
35 234
35 242
36 64
36 69
36 109
36 162
36 180
37 77
37 109
37 119
37 171
37 224
38 62
38 112
38 122
38 164
39 208
40 44
40 173
40 210
41 64
41 76
41 82
41 96
41 123
41 135
41 141
42 59
42 72
42 101
42 110
42 114
43 147
43 212
44 45
44 238
45 85
45 175
45 246
46 101
47 233
48 153
48 233
48 242
49 59
49 147
49 219
50 124
50 161
50 172
50 232
51 55
51 60
52 162
52 222
53 82
53 89
53 121
53 130
53 150
53 183
54 80
54 160
55 60
56 66
56 84
56 100
56 144
56 160
56 191
56 197
57 81
57 225
58 112
58 246
59 153
59 232
60 131
60 212
61 88
61 146
61 178
61 187
61 249
62 110
62 230
62 242
63 194
64 76
64 86
64 129
64 152
65 84
65 96
65 122
65 166
65 200
65 218
65 223
66 119
66 150
66 158
67 164
67 232
68 120
68 189
68 224
69 126
69 136
69 169
69 233
70 207
70 239
71 98
71 139
71 161
72 107
72 130
72 208
73 134
73 191
73 199
73 202
73 212
74 104
75 93
76 200
77 79
77 101
77 135
78 207
79 240
80 109
80 249
81 97
81 104
81 183
81 194
82 185
83 94
83 95
83 154
83 157
84 149
84 189
85 114
85 240
86 96
86 179
86 200
86 226
87 116
87 185
88 110
88 121
88 174
88 212
89 118
90 92
90 230
91 117
92 106
92 118
92 124
92 145
92 157
92 158
93 183
94 165
94 171
94 197
94 217
95 139
96 157
96 228
96 230
96 231
96 248
97 170
97 201
97 217
98 130
98 151
98 178
98 220
98 240
100 216
100 221
100 243
101 116
101 122
101 126
101 237
101 243
102 143
102 147
102 170
102 174
102 218
103 164
104 234
105 108
105 131
105 163
105 169
105 232
106 218
106 226
106 242
107 234
108 140
108 165
109 110
109 143
109 234
111 146
111 206
113 114
113 215
113 221
114 124
114 189
114 245
115 225
116 135
116 143
117 155
117 178
118 171
118 229
119 137
119 142
119 163
119 213
119 221
120 177
122 146
123 195
124 141
124 150
124 220
125 129
125 228
126 171
126 206
126 242
127 155
127 245
128 177
129 167
129 212
131 152
131 168
131 226
133 145
133 194
134 147
134 212
134 244
135 166
135 189
135 204
136 161
136 180
136 204
136 232
136 233
137 169
138 180
139 147
139 155
139 177
139 188
141 197
141 248
143 173
143 177
143 222
144 174
145 199
145 200
146 229
146 236
147 240
148 185
148 249
149 166
150 155
150 215
151 155
151 186
151 197
153 216
155 168
155 175
156 190
157 191
157 237
158 180
158 212
159 195
159 242
160 242
162 189
162 239
163 193
163 247
163 248
165 196
167 180
167 181
167 210
167 220
167 227
170 179
170 207
171 214
171 215
171 242
172 221
172 240
173 202
174 229
175 212
175 223
176 188
176 234
177 230
178 213
178 239
179 230
180 182
180 235
181 195
181 205
181 220
181 232
181 243
183 192
184 196
186 208
187 221
187 249
189 219
191 220
191 223
192 242
193 222
195 231
197 245
198 227
198 249
201 225
203 246
204 227
204 240
206 217
207 234
210 249
212 241
213 236
214 235
214 247
217 220
218 227
225 226
226 230
230 248
235 236
237 241
241 242
