0 19
0 91
0 172
0 213
1 69
1 98
1 201
1 244
2 23
2 182
3 60
3 178
4 7
4 40
4 65
4 208
4 235
5 67
5 141
5 213
5 224
6 194
7 55
7 67
7 97
7 101
7 206
7 218
8 49
8 89
8 102
8 126
8 134
8 173
8 174
8 246
9 14
9 33
9 34
9 86
9 88
9 99
9 180
10 47
10 154
10 183
10 224
11 86
11 147
11 176
11 177
12 85
12 99
13 50
13 62
13 75
13 80
13 111
13 207
14 229
14 235
15 45
15 67
15 107
15 141
15 158
15 173
15 230
16 117
16 172
16 245
16 247
17 38
17 47
17 81
17 132
17 208
18 36
18 70
18 79
18 112
18 117
18 131
18 142
18 227
18 232
19 28
19 107
19 108
19 115
20 37
20 196
20 206
21 22
21 41
21 143
21 181
21 184
22 41
22 64
22 70
22 72
23 97
23 134
23 157
23 159
23 164
23 239
24 109
24 135
24 166
24 229
26 181
27 189
28 29
28 132
28 170
29 179
29 224
30 151
30 155
31 108
31 189
32 47
32 114
32 158
32 224
33 53
33 61
33 73
33 136
34 98
34 165
34 188
34 248
35 38
35 65
36 111
36 137
37 165
37 172
37 177
37 215
38 73
38 111
38 132
38 155
38 187
39 121
39 170
40 41
40 57
40 110
40 172
40 175
40 190
40 241
41 85
41 173
42 173
43 111
43 130
43 143
43 199
44 74
44 106
44 119
44 207
44 229
44 235
45 172
45 225
46 53
47 77
48 66
48 98
48 180
48 190
48 224
49 71
49 152
49 243
50 78
50 89
50 118
50 125
50 171
51 52
51 95
51 156
51 164
51 166
51 171
51 190
52 236
54 127
54 198
54 233
55 79
55 130
55 211
56 150
57 139
58 127
58 177
58 202
59 160
59 214
60 188
61 137
62 69
62 78
62 244
63 68
63 142
63 157
64 200
64 245
65 77
65 131
66 215
67 113
67 162
68 76
69 89
69 118
69 191
70 158
70 199
70 246
71 103
71 197
72 145
73 109
73 156
74 104
74 115
74 116
74 130
74 176
75 99
75 143
75 171
75 229
76 88
76 192
77 82
77 93
77 146
77 173
77 241
78 90
78 177
78 204
79 89
79 224
80 90
80 116
80 139
80 185
81 107
81 150
82 151
82 156
82 157
82 181
82 183
82 193
82 201
83 90
83 136
86 219
86 239
87 117
87 119
87 130
87 187
87 248
88 115
88 131
88 140
88 161
88 248
89 111
89 237
90 166
90 173
90 245
91 162
91 170
92 189
92 218
93 210
94 190
94 242
95 114
95 119
95 173
96 103
96 171
96 241
97 113
97 231
97 236
97 243
98 126
98 169
98 240
99 118
99 138
100 205
101 194
101 216
101 246
102 246
103 146
103 175
103 220
104 114
104 119
104 205
104 221
105 116
105 237
105 243
106 184
106 235
107 144
107 227
107 235
108 132
108 199
108 200
108 229
109 121
109 172
109 177
109 246
110 130
110 132
110 138
110 170
111 238
112 125
113 114
113 144
113 149
113 167
114 193
115 119
115 204
115 217
116 121
116 176
117 128
117 131
117 172
118 216
119 146
119 205
119 238
123 183
124 148
124 189
125 143
125 170
125 192
126 133
127 249
128 155
128 192
128 212
128 240
129 140
129 211
130 145
130 176
130 194
131 155
131 179
131 211
131 246
132 218
132 222
133 195
133 243
134 164
136 153
138 189
139 188
139 191
140 244
141 147
141 164
141 240
141 249
142 186
142 226
145 178
145 208
145 217
145 243
148 192
152 213
156 230
157 217
157 240
158 160
158 199
159 223
160 205
160 221
160 222
163 184
163 238
164 207
164 212
165 200
165 202
166 242
167 237
170 207
171 200
173 240
174 246
176 199
177 180
177 231
177 235
179 201
179 229
179 234
183 207
183 227
183 233
184 224
184 230
184 245
184 247
186 193
186 194
186 249
188 204
188 229
189 218
190 212
190 227
190 229
191 202
191 207
192 217
193 221
194 205
198 217
200 203
201 234
204 207
204 232
207 216
209 217
209 224
211 216
211 218
213 242
213 249
214 230
215 234
217 234
220 247
225 237
233 239
238 246
238 249
