0 1
0 2
0 3
0 4
0 5
0 6
0 7
0 8
0 9
0 10
0 11
0 14
0 16
0 17
0 18
0 19
0 24
0 25
0 30
0 31
0 34
0 36
0 39
0 41
0 42
0 43
0 44
0 47
0 49
0 55
0 56
0 60
0 62
0 63
0 65
0 70
0 76
0 80
0 81
0 82
0 85
0 94
0 102
0 105
0 106
0 112
0 113
0 117
0 120
0 124
0 126
0 128
0 130
0 136
0 147
0 158
0 162
0 166
0 168
0 173
0 211
0 217
0 218
0 221
0 223
0 237
0 239
0 244
1 2
1 3
1 4
1 5
1 8
1 12
1 13
1 14
1 16
1 18
1 21
1 23
1 26
1 27
1 28
1 29
1 32
1 33
1 35
1 38
1 39
1 41
1 42
1 43
1 45
1 49
1 50
1 53
1 66
1 68
1 75
1 78
1 82
1 86
1 89
1 104
1 106
1 108
1 116
1 117
1 121
1 135
1 136
1 141
1 145
1 146
1 148
1 149
1 151
1 156
1 163
1 168
1 172
1 173
1 181
1 185
1 201
1 216
1 222
1 230
1 236
1 245
1 246
2 15
2 193
3 10
3 11
3 17
3 20
3 32
3 37
3 50
3 57
3 87
3 100
3 111
3 129
3 138
3 145
3 169
3 196
3 206
3 212
3 234
3 246
4 6
4 9
4 67
4 74
4 97
4 186
4 206
4 230
5 57
5 100
5 183
6 7
6 13
6 20
6 21
6 22
6 24
6 37
6 47
6 63
6 73
6 76
6 89
6 93
6 97
6 98
6 103
6 111
6 122
6 123
6 142
6 146
6 158
6 159
6 162
6 170
6 176
6 188
6 197
6 202
6 211
6 220
6 229
6 231
6 245
9 23
9 27
9 44
9 64
9 72
9 110
9 115
9 127
9 134
9 137
9 157
9 205
9 224
10 12
10 109
10 154
10 191
12 15
12 19
12 81
12 83
12 131
12 167
12 169
12 186
12 198
12 214
12 247
12 249
13 29
13 30
13 35
13 48
13 51
13 83
13 95
13 98
13 99
13 155
14 28
14 33
14 56
14 61
14 71
14 88
14 90
14 114
14 165
14 213
14 215
14 248
16 40
16 71
16 99
17 133
17 175
18 22
18 34
19 129
20 115
21 192
22 26
22 54
22 62
22 91
22 118
22 164
23 31
23 36
23 46
23 48
23 123
23 156
23 164
23 178
23 195
24 25
24 77
24 79
24 80
24 96
24 218
24 232
26 140
26 226
27 45
27 52
27 101
27 112
27 121
27 166
27 174
27 187
27 207
27 247
28 40
28 92
28 160
28 163
28 198
28 241
29 38
29 54
29 72
29 101
29 119
29 171
29 181
29 185
29 191
29 225
29 228
29 234
30 69
30 84
30 86
30 95
30 144
31 52
31 159
32 65
32 104
32 148
33 103
33 118
33 134
33 240
34 189
35 59
35 133
35 201
35 239
36 55
36 58
36 61
36 73
36 109
36 120
36 127
36 132
36 167
36 177
36 187
36 209
38 53
38 59
38 93
38 209
38 237
39 67
39 138
40 90
40 119
41 197
42 46
42 51
42 64
42 202
43 68
43 203
44 113
44 137
44 215
46 161
46 194
46 212
47 60
47 180
47 236
48 124
48 177
48 193
49 85
50 79
51 58
51 75
51 122
51 179
51 231
52 70
52 94
52 199
53 88
54 74
54 190
57 141
58 200
60 66
60 151
60 189
60 195
60 210
64 108
64 125
66 69
66 77
66 78
66 84
66 87
66 110
66 150
66 160
66 204
68 102
68 248
69 96
69 140
69 194
71 170
71 172
73 217
75 91
77 92
78 132
78 152
78 155
78 184
78 225
78 238
80 190
83 131
84 128
85 179
85 210
85 235
87 152
88 153
88 213
89 143
91 224
93 105
93 147
93 220
93 227
95 226
98 107
98 116
98 232
99 199
100 153
101 107
101 125
101 130
102 144
103 142
103 243
105 139
105 154
105 238
106 165
107 126
107 143
110 114
110 135
110 139
110 150
114 233
114 243
118 178
118 200
118 205
118 222
121 242
123 157
126 196
129 176
129 227
129 233
138 149
139 216
139 242
147 219
147 244
148 174
148 180
148 203
149 171
150 175
152 228
155 188
160 161
160 183
163 182
166 182
169 207
171 184
171 192
176 223
180 208
180 249
183 204
183 241
187 214
187 219
187 221
191 208
197 229
203 240
206 235
