0 675
0 743
0 962
0 992
1 156
1 159
1 494
1 874
2 384
2 473
2 614
2 644
2 736
2 797
2 893
2 935
3 38
3 281
3 966
4 86
4 289
4 329
4 444
4 495
4 676
5 80
5 148
5 472
5 553
5 565
5 659
5 667
5 669
5 832
6 438
6 712
7 91
7 501
8 158
8 560
9 205
9 345
9 407
9 472
9 584
9 664
9 732
9 840
10 239
10 466
10 584
10 659
10 750
10 799
10 922
11 496
11 655
12 107
12 267
13 936
14 327
15 92
15 634
15 784
15 858
16 227
16 675
17 53
17 141
17 615
18 112
18 127
18 694
19 220
19 684
19 940
20 367
20 530
20 859
21 86
21 141
21 935
21 964
22 43
22 80
22 290
22 425
22 590
22 600
22 777
22 828
22 915
23 85
23 449
24 30
24 176
24 273
24 334
24 535
24 995
25 136
25 370
25 558
26 58
26 327
26 714
26 744
26 812
26 933
26 975
27 48
27 578
28 920
29 320
29 682
29 723
30 617
31 102
31 547
32 397
32 619
32 802
32 830
33 143
33 297
33 507
33 702
33 811
33 815
33 845
33 869
33 938
34 588
34 614
34 643
35 143
35 300
35 372
35 754
35 918
36 814
37 81
37 231
37 495
37 679
37 706
37 935
38 446
38 585
38 689
39 108
39 376
39 432
39 758
40 574
40 617
41 108
41 181
41 359
41 369
41 593
42 207
42 370
42 424
42 525
42 532
42 543
42 650
42 730
42 737
42 958
43 51
43 62
43 100
43 462
43 884
43 948
44 47
44 116
44 665
44 743
44 899
45 230
45 424
45 565
45 624
45 650
45 709
45 794
46 483
46 565
46 744
46 849
46 946
47 85
47 173
47 204
48 440
48 505
49 237
49 761
49 924
50 250
50 348
50 435
50 463
50 870
52 279
52 603
52 631
52 735
53 291
53 305
53 406
53 459
53 744
53 759
53 862
53 902
54 154
55 572
55 606
55 706
56 246
56 409
56 433
56 665
56 771
57 861
58 71
58 536
59 523
59 602
59 657
59 675
59 790
60 766
60 880
61 135
61 965
62 304
62 975
63 66
63 360
63 881
63 902
64 200
64 442
64 467
64 473
64 596
64 808
65 590
65 936
66 134
66 181
66 220
66 321
66 343
66 818
67 237
67 726
68 606
68 626
68 771
68 849
69 377
70 217
70 608
70 868
70 980
71 84
71 198
71 209
72 142
72 351
72 358
72 468
72 998
73 210
73 213
73 250
73 755
73 835
74 114
74 218
74 815
74 829
74 918
75 629
76 325
76 433
76 685
77 506
77 809
77 999
78 374
78 635
78 921
79 158
79 268
79 623
79 802
80 205
80 292
80 356
80 986
81 98
81 258
81 700
81 853
82 585
82 623
82 688
83 118
83 395
83 846
83 849
84 239
84 286
84 439
84 466
85 540
86 412
86 851
87 672
87 741
87 778
87 983
88 90
88 140
88 186
88 633
88 637
88 699
88 735
89 433
89 560
89 642
89 677
89 846
90 214
91 109
91 331
91 416
91 727
92 132
92 911
93 177
93 302
93 534
93 694
93 778
93 983
94 446
94 804
95 108
95 517
95 715
96 432
96 541
96 601
96 863
97 141
97 415
97 483
97 965
98 654
98 923
99 608
100 124
100 159
100 693
101 320
101 483
101 717
101 915
101 968
102 553
102 631
103 231
103 331
103 832
103 874
103 955
104 651
105 434
106 279
106 895
107 172
107 404
107 849
108 162
108 687
108 879
109 303
109 789
109 824
109 988
110 276
110 341
110 392
111 722
112 417
112 704
112 846
113 649
113 892
114 364
114 839
115 743
116 844
117 317
117 502
118 391
118 419
118 723
118 982
119 171
119 326
120 186
120 195
120 309
120 352
120 425
120 439
120 442
120 456
120 566
120 672
120 926
120 993
121 709
122 233
122 270
122 525
122 819
122 950
123 213
123 868
124 637
124 822
124 896
124 948
125 160
125 337
125 444
125 873
126 249
126 969
126 989
128 655
128 719
129 350
129 360
129 818
130 166
130 273
130 458
130 878
130 945
130 959
131 295
131 410
131 545
131 869
132 163
132 195
132 427
132 751
133 524
133 548
133 853
133 942
134 137
134 193
134 618
134 833
134 990
135 951
135 962
136 343
136 550
136 679
136 721
136 941
137 849
137 872
137 999
138 140
138 339
138 639
138 713
139 331
139 662
139 720
139 748
140 192
140 328
140 395
141 424
141 858
142 218
142 393
142 482
142 768
143 460
143 533
143 810
144 148
144 834
144 974
145 148
145 279
145 803
145 839
145 886
146 608
146 766
146 969
147 238
147 302
147 357
147 404
147 406
147 556
147 671
147 788
148 195
148 301
148 325
148 522
148 543
148 891
148 903
148 963
149 169
149 477
150 256
150 317
150 581
150 588
150 889
150 970
151 543
151 949
152 336
152 387
152 579
152 778
153 454
153 663
154 304
154 943
155 239
155 583
155 732
156 361
157 542
157 853
157 957
158 445
158 450
158 664
158 961
158 985
158 994
159 220
159 582
159 943
160 437
161 223
162 339
162 464
162 530
162 630
162 713
162 734
162 983
163 221
163 368
163 435
163 698
163 993
164 481
164 720
164 768
164 822
165 250
165 645
166 382
166 624
166 704
166 817
166 971
167 288
167 453
167 634
168 809
168 866
169 601
169 635
170 343
170 489
170 798
170 885
170 984
171 308
171 529
171 583
171 752
171 946
172 348
172 457
172 576
172 669
172 726
172 739
173 379
173 472
173 781
173 978
174 513
174 653
175 422
175 693
176 412
176 642
177 559
178 221
178 525
178 668
178 730
178 805
179 275
179 453
179 528
179 749
179 926
180 184
180 312
180 518
180 921
181 721
181 744
181 767
182 211
182 264
182 285
182 530
182 663
182 767
183 284
183 616
183 623
183 665
183 768
183 856
183 969
184 223
184 825
184 835
184 923
185 470
185 508
185 543
185 577
185 763
186 227
186 413
186 794
186 857
187 307
187 645
187 933
188 281
188 419
188 618
188 794
188 829
189 345
189 578
189 798
190 480
190 505
190 604
190 693
190 942
190 970
191 283
191 877
191 882
192 233
192 309
192 529
193 225
193 391
193 450
194 508
194 775
194 950
195 230
195 526
195 535
195 591
195 712
196 233
196 345
196 567
196 739
197 415
197 433
197 474
197 514
197 828
197 994
198 477
198 787
198 859
199 626
199 770
199 862
200 616
200 831
200 888
201 278
201 321
201 693
201 873
202 427
202 564
202 603
203 293
203 624
203 645
203 855
204 875
204 960
205 320
205 499
205 817
205 874
205 889
205 953
206 484
206 712
206 796
207 260
207 294
208 440
209 303
209 666
209 684
209 691
209 879
209 889
210 348
210 876
210 990
211 729
211 750
211 836
212 641
212 803
212 858
212 882
213 259
213 269
213 799
213 922
214 321
214 872
214 873
215 293
215 473
215 475
215 586
215 761
215 807
216 545
216 850
217 240
217 280
217 591
218 326
218 361
218 411
218 437
218 978
219 401
219 972
220 223
220 361
220 570
222 257
222 309
222 741
222 961
223 875
224 810
225 395
225 510
225 701
225 840
226 469
226 634
226 655
227 324
227 393
227 398
227 458
227 482
227 760
228 277
228 601
228 641
228 744
228 931
229 483
229 758
229 911
230 262
230 509
230 757
230 812
230 848
231 429
231 537
231 830
232 333
232 350
232 356
232 393
232 425
232 429
232 692
232 801
233 298
233 906
233 983
235 637
235 765
236 460
237 510
237 542
237 790
237 842
239 329
239 372
239 507
239 777
239 790
240 277
240 665
240 778
240 784
241 378
241 388
241 537
241 959
242 483
242 747
242 768
243 636
243 719
243 861
243 918
245 630
245 772
246 354
246 456
246 743
246 780
247 319
247 717
247 952
248 257
248 304
248 705
248 783
248 882
249 350
249 422
249 456
249 552
250 354
250 577
250 611
250 663
250 681
250 771
251 795
251 852
252 547
253 345
253 499
253 584
253 659
253 967
254 500
255 802
255 840
255 974
256 347
256 390
256 478
256 822
256 970
257 493
257 651
257 806
258 290
258 492
258 681
258 749
258 928
259 295
259 951
259 964
259 986
260 669
260 956
262 546
262 835
263 279
263 519
264 522
264 562
264 810
265 455
265 486
265 826
266 327
266 414
266 483
266 515
267 441
267 491
267 580
268 285
268 451
268 454
268 570
268 764
268 770
269 446
269 915
271 601
271 604
271 916
271 942
272 573
272 852
274 281
274 333
274 474
274 824
275 368
275 498
275 587
275 603
276 589
276 996
277 354
277 396
277 597
278 507
279 669
279 740
279 743
280 329
280 337
280 341
280 734
280 853
280 868
281 482
282 591
282 876
282 969
283 444
284 334
284 830
284 895
284 949
284 992
285 661
286 418
287 540
287 608
287 923
288 491
288 504
288 788
289 606
289 691
289 826
290 297
290 520
290 717
291 513
291 517
291 528
291 756
291 841
291 866
291 885
292 509
293 342
293 765
293 991
294 388
294 765
294 784
294 874
294 991
295 438
295 551
295 851
295 930
296 402
296 488
296 855
297 300
297 444
298 357
298 415
298 476
298 602
298 876
299 661
299 702
299 847
299 903
299 946
299 961
300 427
300 729
301 530
301 564
301 684
301 780
301 830
302 766
302 946
303 357
303 568
303 619
303 816
304 856
304 926
305 776
308 684
308 849
309 345
310 641
310 727
311 391
311 424
313 325
313 563
313 601
313 895
314 361
314 433
314 531
315 321
315 944
316 465
316 709
316 739
316 760
316 870
316 901
318 888
318 913
319 386
319 413
319 668
319 772
319 775
320 392
320 597
320 672
320 924
321 410
321 735
321 918
322 461
322 606
323 553
323 701
323 756
323 907
324 510
324 841
325 422
325 532
325 940
326 464
326 700
327 343
327 522
327 864
327 876
327 977
328 692
328 855
329 627
329 745
329 976
330 495
330 623
330 714
330 871
330 948
331 388
331 414
331 598
331 775
331 782
332 393
333 610
333 723
334 566
334 583
335 476
335 826
335 954
336 518
336 621
336 688
336 722
336 808
337 930
338 359
338 383
338 540
338 779
338 790
338 909
339 344
339 761
339 934
340 431
341 663
341 860
341 902
342 461
342 561
342 660
342 752
342 906
342 954
343 357
343 444
343 722
343 950
344 597
344 798
344 888
345 788
346 364
346 550
346 889
347 488
347 523
348 361
348 575
348 607
348 678
349 611
349 944
350 492
350 561
350 588
350 746
350 762
351 575
352 507
352 869
355 579
356 564
356 902
356 968
357 696
357 764
357 845
357 950
357 964
358 556
358 705
359 572
359 630
359 711
359 733
359 907
360 758
360 853
361 382
361 540
362 709
362 837
362 961
363 585
364 561
364 774
365 504
365 583
365 603
365 755
365 831
366 405
366 728
367 727
367 911
368 555
368 769
368 843
370 424
370 663
370 680
371 632
371 812
372 635
372 716
373 729
373 807
373 901
374 764
374 795
375 729
375 993
376 485
376 541
376 702
376 753
376 828
377 634
377 910
377 941
378 393
378 750
378 917
379 382
380 390
380 527
380 917
380 943
381 510
381 513
381 886
381 904
381 927
381 984
382 483
382 774
382 840
382 949
382 991
383 874
384 529
384 898
384 965
384 971
386 424
386 483
386 764
387 428
388 607
388 818
389 957
390 446
390 621
390 924
391 567
391 756
391 765
391 885
392 561
392 693
392 870
393 753
394 522
394 581
394 849
394 924
395 641
395 974
396 747
397 501
397 552
397 608
398 589
398 695
399 644
399 852
400 488
400 516
400 650
402 687
403 602
403 981
405 784
405 873
405 912
406 413
406 429
406 763
406 934
407 456
407 627
407 666
407 710
407 738
407 760
407 776
407 891
408 549
408 883
409 553
410 567
410 784
411 851
412 610
412 611
413 567
413 767
416 793
417 844
417 891
417 899
418 572
418 575
420 612
420 878
422 793
422 839
424 723
426 570
426 582
426 954
427 976
428 725
428 769
428 854
429 693
429 698
430 638
430 895
432 515
432 545
432 777
433 599
433 851
433 862
433 896
434 484
434 578
434 642
434 862
435 955
436 611
436 750
437 634
437 695
437 823
438 590
439 453
440 444
440 541
440 607
440 775
440 816
441 998
442 588
442 666
443 497
443 567
443 918
444 751
445 503
445 513
445 518
445 552
445 605
445 903
445 931
445 976
446 934
447 509
449 499
449 514
449 600
449 774
449 988
450 775
451 747
451 751
451 831
451 867
451 948
452 605
453 480
453 552
453 686
453 935
453 989
454 577
454 771
454 978
455 501
455 786
455 889
455 935
456 468
456 533
456 863
456 867
456 913
457 714
458 862
458 964
459 605
459 609
460 637
461 693
461 785
461 905
461 931
462 536
462 586
463 650
464 765
465 655
465 694
466 965
467 834
468 597
469 600
469 717
469 807
469 813
469 985
471 548
471 926
472 824
472 960
473 872
474 538
475 655
476 492
477 490
477 918
478 912
479 791
480 756
481 565
481 983
482 592
482 593
482 937
483 962
484 905
485 493
485 877
486 584
486 592
486 737
486 816
487 700
487 728
487 777
488 923
489 520
489 763
489 810
489 900
490 978
491 785
491 815
492 553
493 599
493 767
493 817
493 834
494 553
494 602
494 777
495 513
495 541
495 715
495 728
497 855
497 963
498 749
499 625
499 734
499 953
501 520
501 620
501 663
501 900
502 575
502 677
502 745
503 787
503 885
503 933
504 519
506 787
508 925
509 557
509 578
509 733
509 783
511 815
512 530
512 702
513 755
514 820
516 772
518 557
518 684
519 551
519 752
520 533
520 536
520 718
520 836
522 763
522 867
522 958
523 562
523 580
524 529
524 872
524 946
524 956
524 985
525 875
526 699
527 690
527 811
527 977
528 549
528 749
530 553
531 581
531 754
531 875
532 930
534 748
534 785
534 799
534 983
536 541
536 682
536 788
537 634
537 886
537 962
538 632
538 722
538 897
538 898
539 810
539 942
540 663
541 853
542 658
542 807
543 819
544 562
544 641
544 654
544 902
545 928
545 980
546 686
548 743
548 860
548 936
550 560
550 792
550 840
551 660
551 808
552 976
553 804
555 673
555 948
556 576
556 619
556 799
556 826
556 916
558 693
559 570
559 592
559 593
559 887
559 959
560 960
561 667
561 876
561 880
562 627
563 941
564 633
564 762
564 796
564 886
565 633
566 899
566 936
568 754
569 587
570 791
570 871
572 964
573 884
573 899
574 604
574 952
575 650
575 696
576 804
577 827
578 970
578 971
579 603
579 755
580 633
582 599
582 818
582 960
583 587
583 656
583 788
583 816
585 692
585 701
586 746
586 822
586 889
587 781
588 854
589 642
589 777
590 699
590 822
590 849
591 688
591 818
592 685
592 729
594 828
594 898
596 625
596 877
597 729
597 758
597 778
599 609
600 676
601 773
601 833
601 855
603 627
604 944
605 616
605 759
605 954
607 715
608 959
609 745
610 992
611 889
612 655
612 733
613 631
613 809
613 810
614 638
614 845
614 911
615 622
615 654
615 715
615 822
616 696
616 730
616 798
616 868
616 874
617 692
618 711
618 865
618 927
619 745
620 743
620 916
622 786
622 894
623 742
623 872
624 904
625 762
625 834
625 992
626 660
626 814
626 822
627 869
628 758
630 757
630 985
632 924
633 702
633 743
635 679
635 705
635 794
635 879
636 662
636 848
639 652
639 970
641 883
641 905
642 764
642 957
643 977
644 696
644 807
646 658
646 678
646 887
647 747
648 742
649 812
649 981
649 987
653 792
653 886
655 776
657 863
657 994
658 960
658 962
659 822
661 673
661 735
661 853
661 925
662 720
662 842
662 947
663 863
663 954
664 805
666 959
666 983
666 991
667 846
667 972
667 985
670 900
671 897
672 674
672 745
672 876
672 901
673 694
673 704
673 753
674 964
675 863
675 920
677 704
677 794
679 749
679 812
679 828
679 945
680 684
680 859
680 867
681 831
682 768
682 802
682 918
682 943
685 998
686 814
686 849
686 948
690 873
691 721
692 820
692 948
693 797
693 910
694 882
695 855
695 881
696 728
696 871
698 788
700 899
701 878
702 726
703 759
704 822
704 885
705 947
705 986
706 741
707 718
707 875
708 762
708 905
709 760
709 771
709 982
711 743
711 999
712 808
712 830
713 877
714 751
714 947
715 777
716 720
716 772
717 875
718 758
719 807
719 935
719 989
721 799
722 966
724 747
724 892
726 776
727 842
727 931
728 746
728 895
728 965
729 828
731 937
734 837
734 964
736 773
736 851
737 816
740 996
741 772
742 841
742 937
742 998
743 971
744 844
745 851
746 851
746 997
747 847
748 768
750 835
752 762
752 953
753 802
754 772
754 963
755 846
755 951
756 781
756 797
757 790
757 824
758 904
759 808
759 856
759 934
761 982
764 808
765 822
765 947
765 993
766 805
766 936
767 840
768 874
768 989
769 840
769 968
772 871
773 828
773 909
773 993
774 925
774 989
776 818
776 947
777 845
778 823
778 939
783 807
783 956
784 906
784 947
785 851
785 993
786 929
786 995
787 891
788 864
789 797
790 791
790 877
790 951
793 812
793 983
794 965
795 900
797 820
799 833
800 899
802 985
803 833
804 868
804 893
804 931
805 969
808 859
808 957
809 884
809 893
810 852
816 934
816 947
818 977
820 845
820 858
823 838
824 928
824 972
825 843
827 995
832 845
833 899
836 975
838 956
839 899
839 937
839 946
841 990
846 945
848 886
849 918
850 868
851 924
853 856
853 991
854 920
855 920
860 919
862 909
869 910
871 882
871 969
876 882
877 946
877 983
888 958
889 938
889 956
892 943
898 944
903 992
906 924
914 962
915 927
917 973
928 959
929 993
931 937
931 971
932 949
933 990
936 960
938 944
939 999
949 985
957 968
962 965
