0 168
0 1314
0 1380
1 645
1 1187
1 1682
2 139
3 125
3 207
3 395
3 697
3 1015
3 1778
4 43
4 390
4 929
4 1721
5 1409
6 56
7 968
7 1139
7 1527
8 620
8 818
8 1190
8 1262
8 1344
9 32
9 319
9 693
9 845
9 1377
9 1700
10 212
10 699
10 1252
10 1579
11 513
11 639
11 1383
11 1763
12 615
12 844
12 1031
12 1475
12 1919
12 1950
13 1290
13 1489
13 1764
13 1996
14 197
14 233
14 667
14 797
14 915
15 91
15 286
15 880
15 1581
15 1817
16 777
16 1009
16 1847
17 464
17 491
17 649
17 1339
17 1374
17 1528
17 1826
17 1859
18 305
18 368
18 1857
19 341
19 933
19 1043
20 242
20 377
20 555
20 657
20 1030
20 1596
20 1639
20 1829
20 1834
20 1881
20 1892
21 161
21 252
21 259
21 1193
21 1206
21 1461
21 1466
22 559
22 835
22 1211
22 1244
22 1581
22 1738
23 255
23 980
23 987
23 1291
24 1276
24 1831
25 27
25 1450
25 1710
26 251
26 620
26 661
26 1210
26 1291
26 1588
26 1725
26 1856
27 228
27 1331
27 1493
28 1089
29 1093
29 1229
29 1870
30 99
30 1066
30 1867
31 209
31 474
31 710
31 732
31 996
31 1001
31 1879
32 135
32 297
32 633
32 1132
33 137
33 222
33 637
33 1129
33 1200
33 1530
34 1216
35 1570
36 69
36 436
36 476
36 1121
36 1538
36 1896
37 138
37 852
37 1136
37 1643
37 1678
38 409
38 831
38 1534
39 78
39 184
39 274
39 642
40 481
40 1074
40 1466
40 1669
40 1812
41 551
41 1056
41 1630
42 816
42 1253
42 1860
43 930
43 1148
43 1282
43 1464
43 1532
44 1537
45 63
45 491
45 857
45 890
45 1418
45 1534
45 1949
46 742
46 878
46 957
46 1115
47 253
47 536
47 1035
47 1181
47 1518
47 1975
48 645
48 1303
48 1398
49 112
49 437
49 1580
50 194
50 478
50 626
50 1428
50 1712
51 293
51 772
51 1506
51 1712
51 1715
51 1759
51 1801
52 64
52 1095
52 1361
52 1566
52 1578
53 586
53 839
53 1295
53 1329
54 204
54 1614
55 138
55 1090
55 1443
56 363
56 522
57 1872
58 109
58 475
58 490
58 996
58 1462
59 362
59 1439
59 1823
60 559
60 1199
60 1646
60 1956
61 66
61 142
61 156
61 227
61 1043
61 1380
61 1765
62 463
62 774
63 681
63 915
63 1005
63 1049
63 1201
63 1350
63 1406
63 1639
63 1681
64 869
64 1257
64 1423
64 1646
64 1931
65 744
65 944
65 1271
65 1581
65 1582
65 1593
66 215
66 381
66 714
66 1031
67 449
67 677
68 319
68 329
68 804
68 1675
68 1890
68 1982
69 393
69 1502
70 197
70 385
70 744
70 849
70 1652
70 1835
70 1919
71 383
71 981
71 1202
71 1719
72 480
72 1133
72 1415
72 1784
72 1849
73 215
73 310
73 1150
73 1268
73 1482
74 83
74 631
74 663
74 864
74 1081
75 317
75 902
76 194
76 593
76 767
76 1057
76 1769
76 1892
77 431
77 1052
77 1379
77 1634
77 1744
77 1970
78 142
78 230
78 385
78 752
78 863
79 111
79 1183
79 1934
79 1942
79 1979
80 104
80 910
80 1087
80 1168
81 96
81 152
81 155
82 412
82 591
82 889
83 845
83 987
83 1125
83 1158
84 971
84 1187
84 1206
84 1221
84 1454
85 1453
85 1973
86 119
86 120
86 283
86 343
86 1885
87 176
87 233
88 496
88 892
89 344
89 565
89 1079
89 1781
89 1835
89 1882
90 957
90 1421
90 1490
90 1603
90 1683
91 112
91 695
91 703
91 747
91 1054
91 1843
92 325
92 589
92 1553
92 1631
92 1737
93 715
93 847
93 1126
93 1562
93 1750
93 1927
94 666
94 1115
94 1552
94 1646
95 210
95 683
95 940
95 1311
95 1562
95 1989
96 400
96 1513
97 693
97 995
97 1387
97 1508
97 1734
98 375
98 939
98 1017
98 1462
98 1710
99 731
100 1270
100 1357
100 1532
101 324
101 500
101 1896
102 1137
102 1549
102 1892
103 621
103 703
103 805
103 977
103 1419
103 1429
103 1752
104 564
104 613
105 223
105 642
105 1345
106 1063
106 1069
106 1458
106 1802
106 1827
107 148
107 248
107 1740
108 1494
108 1844
108 1890
108 1972
109 1284
110 451
110 1466
110 1998
111 371
111 405
111 551
112 796
112 805
112 838
112 1749
112 1995
113 627
113 1245
113 1756
114 528
114 947
114 962
114 1000
114 1245
114 1275
114 1459
114 1941
115 185
115 1012
115 1714
116 314
116 814
116 919
116 931
116 1315
116 1567
117 161
117 1371
117 1502
117 1666
117 1673
118 568
118 885
118 1139
118 1192
118 1478
119 554
119 781
119 927
119 1134
119 1296
119 1396
119 1850
120 461
120 501
120 771
120 1067
121 200
121 380
121 485
121 489
121 1654
122 426
123 214
123 829
123 998
123 1088
123 1338
123 1388
123 1899
123 1949
124 709
124 856
124 1524
124 1633
125 262
125 837
125 887
125 1018
125 1114
126 246
126 1175
126 1853
127 197
127 582
127 1006
128 628
128 1146
129 434
129 462
129 1907
130 522
130 1127
130 1160
130 1300
131 135
131 191
131 272
131 513
131 710
131 786
131 908
131 1240
132 337
132 604
132 1938
133 1097
133 1538
134 197
134 879
134 1615
134 1691
134 1897
135 855
135 1324
135 1701
135 1873
136 372
136 659
136 908
136 1351
136 1517
136 1532
136 1820
137 477
137 1613
137 1670
137 1965
138 202
138 1481
139 730
140 390
140 423
140 1136
140 1354
140 1751
141 592
141 1000
142 925
142 1019
142 1140
143 1144
143 1353
143 1414
143 1647
143 1741
144 329
144 710
144 1350
145 366
145 844
145 1407
145 1793
145 1934
145 1949
146 1614
146 1739
147 1722
148 189
148 438
148 549
148 1078
148 1812
149 591
149 624
149 904
149 1223
149 1490
149 1609
149 1901
149 1949
150 379
150 747
150 1854
151 477
151 626
151 689
151 1152
151 1162
151 1263
152 334
152 391
152 645
152 1461
152 1527
152 1730
153 615
153 659
153 869
153 876
153 974
153 1336
153 1471
153 1563
155 226
155 517
155 900
155 1093
155 1643
156 864
156 1028
156 1602
156 1607
156 1801
156 1971
157 486
157 689
157 781
157 1792
158 224
158 913
158 1313
158 1415
158 1830
159 205
159 348
159 999
159 1207
159 1754
160 1213
160 1666
161 318
161 375
162 755
162 1420
163 661
163 803
163 1192
163 1543
164 678
164 785
164 1538
164 1752
165 704
165 1662
166 452
166 1669
166 1869
167 414
168 1751
169 317
169 600
169 832
169 1685
169 1856
169 1863
170 589
170 636
170 845
170 887
170 945
170 1182
170 1220
171 752
171 1530
171 1601
172 1031
172 1185
173 1687
173 1838
174 1690
174 1706
174 1830
175 1152
175 1746
176 318
176 1179
177 809
177 1066
177 1155
177 1204
177 1277
177 1371
177 1865
177 1909
177 1942
177 1997
178 1279
180 676
180 857
180 1259
180 1515
181 792
181 1455
183 487
183 1112
184 214
184 631
184 738
184 958
184 1497
184 1779
184 1790
185 217
185 658
186 925
186 1222
186 1735
187 387
187 1319
187 1761
187 1792
188 795
188 1120
188 1128
188 1516
188 1716
188 1937
189 537
189 1092
190 533
190 639
191 778
191 1047
191 1117
192 347
192 1258
192 1880
192 1921
193 352
193 1124
193 1167
193 1539
194 926
194 1485
195 866
195 886
195 1192
196 258
196 301
196 1008
196 1729
196 1892
197 772
197 803
197 848
197 996
197 1633
198 253
198 358
198 1143
198 1494
199 622
199 715
199 874
199 1978
200 331
200 1071
201 442
201 739
201 1520
201 1724
202 1541
202 1681
202 1775
203 450
203 533
203 993
203 1625
205 227
205 589
205 812
205 935
205 1674
206 494
206 745
206 864
206 1098
206 1825
207 819
207 957
208 828
208 1421
208 1978
209 360
209 705
209 1243
209 1433
209 1837
210 351
210 960
210 1745
210 1923
211 1503
211 1670
212 644
212 1698
212 1706
212 1859
213 340
213 1010
213 1442
213 1450
214 237
214 502
214 537
214 1811
214 1857
215 346
215 589
215 1638
216 958
216 1238
217 846
217 1677
218 722
218 890
218 1148
218 1858
219 727
219 1372
219 1741
220 445
220 874
220 985
220 1182
220 1577
221 1487
221 1893
222 315
222 900
222 1160
222 1889
223 405
223 1198
223 1768
223 1788
224 314
224 459
224 737
224 876
224 931
224 1373
224 1478
224 1695
225 388
225 542
225 627
225 667
225 890
225 935
225 1753
225 1964
226 421
226 1322
226 1511
227 1085
227 1147
227 1539
227 1574
228 629
228 945
228 1713
228 1727
229 409
229 454
230 686
230 1112
231 678
231 768
231 1555
232 712
232 933
232 1807
233 904
233 1044
233 1376
233 1654
234 350
234 477
234 502
234 921
234 929
234 1569
234 1820
235 553
235 887
235 1191
235 1480
235 1816
236 423
236 1512
237 1241
237 1299
238 263
238 958
238 1466
238 1563
239 1151
239 1518
240 1166
240 1410
241 305
241 336
241 853
242 652
242 1103
243 1299
243 1775
244 256
244 557
244 1009
244 1134
244 1283
244 1616
245 338
245 767
245 1011
245 1090
245 1378
245 1446
246 355
246 609
246 950
246 1102
246 1623
246 1877
247 1457
247 1486
248 315
248 597
248 608
248 670
248 759
248 1098
248 1638
249 508
249 1166
250 692
250 1729
250 1799
251 565
251 764
251 802
251 1493
252 754
253 716
253 1912
254 467
254 867
254 987
255 543
255 702
255 836
255 856
255 1146
255 1305
256 434
256 1007
256 1283
256 1464
256 1541
256 1823
257 357
257 1070
257 1468
258 429
258 585
258 915
258 1349
259 678
259 995
259 1949
260 790
260 1136
261 748
261 932
261 956
261 997
261 1755
261 1811
261 1943
262 274
262 1542
263 694
263 1683
264 474
264 612
264 873
264 1073
264 1490
264 1689
264 1805
265 606
265 671
265 1265
265 1394
265 1596
265 1642
266 368
266 493
267 653
267 669
267 1594
267 1923
267 1924
268 372
268 428
268 529
268 838
268 935
268 1073
268 1682
269 906
269 975
269 1507
270 313
270 741
270 961
270 1028
270 1333
271 427
271 864
271 898
271 1934
271 1975
273 646
273 1336
273 1428
273 1504
273 1665
274 941
274 1179
274 1685
275 591
275 1352
275 1773
276 815
276 1028
276 1344
276 1766
276 1992
277 836
277 1077
277 1591
278 676
278 841
278 980
278 1235
279 326
279 419
279 469
279 831
279 1016
279 1090
279 1123
279 1162
279 1183
279 1236
279 1321
279 1648
279 1673
280 945
280 1196
280 1652
280 1993
281 1709
281 1772
281 1916
282 733
282 1279
282 1493
282 1578
283 827
283 849
283 1329
283 1344
284 1044
284 1213
284 1597
285 312
285 1166
285 1952
286 854
286 886
286 1570
287 846
287 1059
287 1199
287 1209
287 1515
287 1713
287 1857
287 1908
288 392
288 919
288 954
288 1177
288 1818
289 600
289 914
289 1327
289 1567
289 1625
289 1764
290 845
290 1347
290 1634
290 1846
291 1376
291 1930
292 310
292 461
292 473
292 809
292 834
292 853
292 956
292 1078
292 1571
293 308
293 480
293 1694
294 499
294 990
294 1610
294 1761
294 1964
295 603
295 1232
296 717
296 1382
296 1926
297 534
297 751
297 1558
298 798
298 922
298 1250
299 1568
300 696
300 1164
300 1483
301 670
301 770
301 1048
301 1389
301 1441
302 535
302 1396
303 543
303 708
303 869
304 593
304 848
304 1498
304 1770
305 1682
306 367
306 508
306 1210
306 1685
307 525
307 929
307 969
307 1040
307 1089
308 379
308 419
308 475
308 1405
308 1561
308 1726
308 1741
309 344
309 632
309 977
310 490
310 1102
311 825
311 1369
311 1582
311 1714
311 1907
312 797
312 887
312 991
312 1650
313 1210
313 1411
314 655
315 840
315 1566
316 1332
317 380
317 450
317 730
317 850
317 1173
318 413
318 622
318 632
318 1245
318 1336
319 607
319 716
319 1515
319 1641
319 1731
320 1374
321 431
321 501
321 663
321 1101
321 1646
321 1729
321 1987
322 1175
322 1841
323 559
323 599
323 1027
323 1141
323 1535
324 1493
325 1113
325 1872
326 900
326 1410
326 1635
326 1873
327 409
327 511
327 533
327 1152
329 455
329 614
329 793
329 903
329 1379
329 1809
329 1953
330 1024
330 1239
330 1307
330 1552
331 872
331 1222
331 1250
331 1281
331 1286
331 1602
331 1687
331 1936
332 547
332 1177
332 1212
333 890
333 1276
333 1376
333 1741
333 1869
334 737
334 1622
334 1733
335 813
335 1633
336 470
336 1460
336 1587
336 1951
336 1994
337 659
337 669
337 727
337 1295
337 1762
337 1932
338 426
338 1242
338 1852
339 573
339 627
339 1116
339 1149
339 1374
339 1398
339 1622
339 1808
340 418
340 530
340 751
340 1090
341 1064
342 1102
342 1177
342 1484
343 647
343 674
343 1639
344 423
344 539
344 1089
344 1360
344 1703
344 1844
345 1375
345 1423
346 584
346 1366
348 1772
349 1087
349 1136
349 1451
349 1921
350 407
350 829
350 1134
350 1560
351 1088
351 1415
352 1278
352 1411
353 424
353 609
353 739
353 1242
354 1688
354 1834
354 1948
355 976
355 1572
356 457
356 1705
357 1135
357 1815
358 850
358 1238
358 1550
359 449
359 1986
360 362
360 1064
360 1922
361 836
361 1689
361 1997
362 397
362 711
362 740
362 1428
362 1857
363 581
363 1931
364 406
364 1428
364 1700
365 901
365 1561
365 1950
366 580
366 593
366 1256
366 1808
367 829
367 1038
367 1753
368 805
368 984
368 1116
368 1789
368 1957
369 644
369 793
369 940
369 1146
369 1392
369 1765
370 391
370 406
370 1300
370 1356
370 1458
370 1662
370 1678
371 389
371 562
371 759
371 1578
371 1892
372 592
372 1115
372 1619
372 1792
373 788
373 1434
374 993
374 1584
374 1986
375 729
375 1087
375 1138
375 1381
375 1557
377 965
377 1907
377 1941
378 979
378 1051
378 1329
378 1634
378 1677
379 603
379 744
379 1033
379 1140
379 1224
380 603
380 937
380 977
380 1685
380 1758
381 649
381 1628
382 1873
382 1929
383 480
383 1013
383 1550
383 1588
383 1622
383 1866
384 1122
384 1715
385 1048
385 1227
385 1828
386 1454
387 472
388 1231
388 1304
388 1615
388 1787
389 524
389 761
389 1578
389 1731
389 1743
389 1763
390 818
391 424
391 548
391 753
391 781
391 965
391 1953
392 900
392 1142
392 1277
392 1408
392 1499
392 1933
393 500
393 874
393 1035
393 1082
393 1143
393 1703
394 419
394 481
394 798
394 1154
394 1397
394 1798
395 858
396 719
396 1070
396 1108
396 1163
396 1665
396 1724
397 740
397 1594
398 1005
398 1190
399 700
399 727
400 1987
401 1137
401 1579
401 1753
401 1861
402 1137
402 1318
402 1871
403 914
403 1256
404 793
404 1806
404 1870
405 523
405 677
405 1113
405 1187
405 1284
405 1527
405 1732
406 438
406 664
406 1193
406 1248
406 1691
407 851
407 1246
407 1592
408 845
408 1124
408 1259
408 1657
409 620
409 1216
409 1534
409 1907
410 635
410 1946
411 496
411 837
412 685
412 804
412 1342
412 1517
412 1958
413 1581
413 1604
413 1968
414 1464
414 1487
414 1599
415 1834
416 569
416 749
417 728
417 1031
417 1201
418 1134
418 1489
418 1561
418 1583
418 1694
419 462
419 1724
419 1756
420 1301
420 1679
421 437
421 580
421 649
421 869
421 988
421 1399
421 1693
422 1218
422 1222
423 462
423 564
423 1077
423 1416
424 740
424 908
424 1274
425 967
425 1578
426 441
426 690
426 1431
428 551
428 1058
428 1412
428 1657
429 609
429 943
430 601
430 867
430 1799
430 1902
431 462
431 506
431 588
431 634
431 818
432 653
432 1031
432 1081
432 1252
432 1686
432 1713
432 1843
433 617
433 1183
433 1260
433 1443
433 1766
434 1774
435 1210
435 1345
435 1650
436 591
436 593
436 1332
436 1979
437 962
437 1435
437 1806
438 882
438 890
438 1056
438 1713
438 1920
439 533
439 651
439 847
439 1232
439 1268
439 1441
439 1636
439 1656
440 1228
441 823
441 1054
441 1074
441 1361
442 579
442 1515
443 535
443 1465
443 1663
444 986
444 1053
444 1769
444 1819
444 1965
445 592
445 1805
445 1945
446 452
446 769
446 1131
446 1321
447 667
447 1291
447 1465
448 896
448 1500
448 1909
449 579
449 1397
449 1733
450 1837
450 1920
451 1084
451 1474
451 1695
451 1743
452 986
452 1111
453 1091
453 1271
453 1523
453 1628
453 1951
454 498
454 571
454 616
454 1279
454 1467
454 1892
455 1928
456 875
456 1086
456 1265
456 1836
457 935
457 1207
457 1232
457 1542
457 1689
458 910
458 1049
458 1367
458 1425
458 1620
459 652
459 1073
459 1510
459 1670
459 1891
460 1055
461 507
461 810
462 735
462 1674
462 1807
463 615
463 659
463 669
463 1250
463 1257
463 1352
463 1692
463 1795
463 1801
463 1896
463 1922
463 1944
463 1976
464 843
464 870
464 917
464 1043
464 1047
464 1332
464 1587
465 1330
465 1793
465 1833
466 1355
467 818
467 838
467 1294
467 1406
467 1936
468 483
468 745
468 860
468 1161
468 1664
469 1067
469 1091
469 1343
470 1190
470 1552
470 1775
471 928
471 1060
471 1374
471 1915
472 553
472 640
472 875
472 1447
473 666
473 920
473 1983
474 737
474 1315
474 1718
475 929
475 968
475 991
476 846
476 1253
476 1502
477 887
477 1008
477 1326
477 1527
477 1649
479 1114
479 1498
479 1770
480 682
480 831
480 1236
480 1263
480 1999
481 1009
481 1179
481 1280
481 1593
481 1765
482 1522
483 609
483 911
483 957
483 1603
483 1745
484 586
484 677
485 1273
485 1595
485 1863
486 1161
487 928
487 1124
487 1306
487 1328
487 1625
489 1095
489 1283
489 1287
489 1737
489 1944
490 694
490 880
490 1027
490 1282
490 1428
490 1885
491 773
491 1319
491 1890
492 1316
492 1869
493 1166
493 1359
493 1499
493 1735
494 748
494 905
495 883
496 1975
497 565
497 1091
497 1451
498 687
498 753
498 879
498 1204
498 1799
498 1908
499 575
499 703
499 761
500 611
500 653
500 1981
501 636
501 1012
501 1278
501 1863
502 1028
502 1257
502 1282
503 846
503 849
503 884
504 634
504 862
504 940
504 1472
505 972
505 976
505 1236
506 1039
507 525
507 557
507 869
507 1331
507 1924
508 779
508 1786
508 1922
509 1187
510 810
510 1003
510 1251
510 1283
511 603
512 1106
512 1674
512 1751
514 1122
515 821
515 1210
515 1637
516 578
516 593
516 662
516 697
516 1127
516 1582
517 1187
517 1266
517 1390
517 1408
517 1547
518 580
518 1291
518 1422
518 1949
519 766
519 1326
520 904
520 935
520 1225
520 1381
520 1398
520 1413
521 1862
522 821
522 934
522 1313
522 1590
523 548
523 818
523 989
523 1043
524 751
525 583
525 1376
526 542
526 615
527 939
527 992
528 728
528 867
528 1289
528 1296
528 1353
528 1799
528 1801
528 1899
530 956
530 1656
531 707
531 1449
531 1723
531 1928
532 609
532 783
532 818
532 1541
535 811
535 1257
535 1357
536 798
536 964
537 603
537 1115
538 1367
538 1786
538 1816
539 684
539 1048
539 1442
539 1696
540 888
540 960
540 1044
540 1650
540 1802
540 1918
541 671
541 810
541 929
541 1004
542 740
543 1533
543 1722
543 1769
544 635
544 674
546 918
546 1033
546 1035
546 1166
546 1375
546 1451
547 560
547 728
547 746
547 1437
547 1787
548 833
548 889
548 1308
548 1727
548 1846
549 631
549 748
549 1161
549 1183
549 1238
549 1248
549 1935
550 563
550 582
550 886
550 1050
551 554
551 558
551 887
551 1544
552 624
552 969
552 1054
552 1799
552 1944
553 555
553 587
553 791
553 1246
553 1411
553 1518
554 1182
554 1892
555 925
555 1035
555 1407
555 1460
556 574
556 1080
556 1182
556 1351
556 1674
556 1839
556 1939
557 627
557 1719
558 1435
559 1432
559 1576
559 1818
560 1136
560 1247
561 1242
561 1489
561 1844
561 1973
562 1718
563 1263
564 1551
564 1819
565 1151
566 1365
567 824
567 1295
567 1943
567 1983
568 1204
568 1644
568 1662
568 1704
568 1758
568 1947
569 920
569 1016
569 1753
569 1860
570 859
570 1052
571 1202
571 1296
571 1784
572 1056
572 1280
572 1371
572 1570
572 1762
573 1541
573 1641
574 777
574 1089
574 1244
574 1705
574 1885
576 1240
576 1488
576 1647
576 1901
576 1980
577 1039
577 1504
577 1772
578 900
578 1055
578 1123
578 1237
578 1330
578 1703
578 1775
579 1443
580 682
581 1535
581 1741
581 1795
582 1658
582 1968
583 1046
583 1081
584 678
584 924
584 1201
584 1257
584 1765
585 635
585 1164
586 1187
587 793
587 1262
588 1573
588 1739
588 1854
589 1786
589 1914
590 1222
590 1976
591 675
591 827
591 1988
592 717
592 1675
592 1990
593 804
593 1034
593 1138
593 1256
594 744
594 973
594 1452
595 621
595 1030
595 1249
595 1356
595 1381
595 1729
595 1941
596 1718
596 1798
597 767
598 918
598 1764
598 1876
599 1270
599 1308
600 1186
600 1226
600 1366
600 1382
600 1407
600 1433
600 1705
602 732
602 1621
603 699
603 1873
604 1438
604 1579
604 1595
604 1945
605 961
605 1241
605 1349
605 1495
606 1135
606 1208
606 1576
607 643
607 919
608 1061
609 1689
609 1715
609 1761
610 1569
610 1764
611 1809
612 801
613 1300
613 1845
613 1878
614 827
614 1575
614 1644
614 1838
616 1581
616 1829
617 832
617 1367
618 1287
619 835
619 983
619 1365
619 1439
620 826
620 840
620 1083
620 1191
620 1900
621 909
621 1153
621 1316
621 1397
622 1568
622 1835
623 1454
623 1513
623 1703
623 1704
624 816
624 995
624 1150
624 1415
626 1164
626 1270
626 1667
626 1810
627 1837
628 990
629 1128
629 1391
629 1714
630 899
630 1493
630 1503
630 1510
631 1447
631 1547
631 1559
632 1033
632 1061
632 1174
632 1502
632 1610
632 1909
633 900
633 1061
633 1223
633 1427
634 1224
634 1384
634 1643
635 837
635 851
635 1057
635 1188
635 1880
636 1155
636 1170
637 833
637 884
637 980
637 1630
638 1745
639 705
639 749
639 1483
639 1535
639 1849
641 744
641 1741
641 1883
641 1973
642 1294
642 1490
642 1896
642 1989
643 774
643 836
643 895
643 1180
643 1299
643 1574
643 1635
644 1151
644 1795
645 823
645 998
647 1849
648 1413
648 1828
649 688
649 734
650 1434
651 1108
651 1717
651 1806
651 1807
652 1731
653 667
653 1422
654 1426
654 1548
654 1975
655 656
655 1356
655 1523
656 1627
656 1883
657 1166
657 1384
657 1479
658 870
658 1199
658 1913
659 757
659 964
659 969
659 1170
659 1215
659 1341
660 1624
660 1628
661 749
661 1237
661 1524
661 1813
662 1558
663 1767
663 1903
664 731
664 745
664 1450
664 1479
664 1682
665 1126
665 1827
666 1065
666 1467
666 1468
666 1503
667 828
667 1545
668 1432
668 1498
668 1754
669 955
669 1551
669 1704
671 864
672 764
672 1342
672 1410
673 855
674 754
674 1357
674 1741
675 1608
675 1774
676 1075
676 1128
676 1304
676 1400
676 1482
676 1808
676 1983
677 1580
677 1710
678 761
678 1050
678 1332
679 917
679 1096
679 1954
680 977
680 1624
680 1824
681 1346
681 1566
681 1634
682 807
682 891
682 939
682 1438
682 1512
682 1693
683 1026
683 1053
683 1406
683 1750
684 1417
685 856
685 1486
685 1765
685 1909
686 856
686 876
686 1314
686 1710
687 1249
687 1480
688 1560
688 1768
688 1976
689 1282
689 1456
690 1038
691 734
692 931
692 1877
693 1326
693 1896
693 1900
694 994
694 1284
694 1586
694 1954
695 718
695 783
695 846
695 901
695 1175
695 1197
695 1580
695 1671
695 1687
696 895
696 1092
696 1862
697 1228
698 699
698 778
698 1240
698 1922
700 714
700 1101
700 1337
700 1683
701 820
701 1756
702 1213
702 1354
702 1893
703 945
704 719
704 856
705 1248
705 1893
706 921
707 828
707 1176
708 1473
708 1946
708 1999
709 711
709 1222
709 1830
710 864
710 1150
710 1256
711 1476
711 1779
712 1291
712 1448
712 1582
713 749
713 941
713 1179
713 1361
713 1459
718 1241
718 1290
718 1619
718 1682
719 1309
719 1348
719 1854
719 1856
721 854
721 1333
722 895
722 978
722 1902
723 1782
723 1804
724 947
724 1361
724 1784
725 1472
725 1528
726 917
726 1688
727 1996
728 733
729 842
729 1881
730 1451
730 1666
731 1282
731 1637
731 1931
732 852
732 1167
732 1411
732 1468
732 1945
733 1094
733 1939
734 799
734 1035
734 1108
734 1597
735 1809
735 1971
736 1128
737 1022
737 1565
737 1724
738 775
738 844
738 1651
739 1975
740 1131
740 1425
740 1584
740 1689
741 791
741 1452
741 1953
742 1203
742 1606
742 1623
743 1040
743 1306
744 916
744 1028
744 1078
745 1155
745 1331
745 1449
745 1676
745 1965
746 789
746 1540
747 759
747 1721
748 1019
748 1023
748 1093
748 1148
748 1664
749 1343
750 1407
750 1831
751 752
751 1939
752 1208
752 1316
752 1581
753 946
753 1520
754 1149
754 1402
754 1964
754 1991
755 793
756 1027
756 1839
757 940
757 1605
757 1805
758 1153
758 1541
760 859
760 1144
760 1703
760 1926
761 1533
762 1055
762 1199
762 1863
763 832
763 1238
763 1545
763 1653
765 1107
765 1387
765 1489
766 1966
767 931
767 1099
767 1854
768 1858
768 1937
769 1594
769 1945
770 935
770 1271
770 1460
770 1682
770 1940
771 819
771 850
771 1044
771 1347
772 795
772 1288
773 1219
773 1554
774 1043
774 1456
774 1671
775 1328
775 1528
775 1850
775 1876
776 1538
776 1916
777 1188
777 1351
777 1352
778 1357
779 1130
780 857
780 981
781 877
781 914
781 1995
782 821
782 958
783 814
783 1311
783 1368
783 1385
784 1025
784 1774
785 1022
785 1329
786 977
786 1608
788 1793
789 1373
789 1705
790 1122
790 1386
791 895
791 1420
791 1844
792 878
792 959
792 1178
792 1317
792 1630
792 1761
792 1833
793 1375
793 1958
794 1107
794 1889
795 1356
795 1873
796 1409
796 1721
796 1746
798 1282
798 1760
799 1250
799 1877
801 960
801 990
801 1076
801 1628
802 837
802 937
802 1283
802 1303
802 1516
802 1583
803 898
805 941
805 1012
805 1601
805 1908
806 1791
807 1325
807 1460
807 1987
808 838
808 983
808 1360
808 1709
809 862
809 1228
809 1295
809 1604
810 1391
810 1815
811 871
811 1386
811 1389
812 1358
812 1988
813 1271
814 1779
814 1940
815 934
815 959
815 1127
815 1651
815 1861
815 1884
816 1525
816 1726
816 1962
817 1470
817 1770
818 973
818 1091
818 1482
818 1717
818 1800
819 1328
819 1433
819 1645
819 1818
820 955
820 992
820 1043
820 1359
820 1906
821 999
821 1030
821 1806
822 1436
823 961
823 1089
823 1546
823 1765
824 983
824 1229
824 1280
825 1328
825 1480
825 1896
826 1456
827 1649
828 1446
828 1828
828 1972
829 1642
830 1392
830 1820
831 1924
832 1089
832 1391
833 983
833 1361
833 1369
833 1661
834 846
834 1032
834 1383
836 1060
836 1381
837 892
837 1516
837 1654
838 1060
838 1172
838 1412
838 1841
839 954
839 1571
839 1739
840 937
840 1328
840 1447
841 857
841 951
841 1159
841 1239
841 1296
842 1482
842 1517
843 900
843 990
843 1121
845 952
845 980
845 1469
845 1681
845 1847
846 1100
846 1305
846 1478
846 1563
846 1675
847 962
847 1037
847 1067
847 1319
847 1383
847 1627
847 1748
849 900
849 1249
849 1304
849 1876
850 1439
851 1487
852 911
852 1655
853 1381
854 1145
854 1199
854 1662
854 1736
856 1669
856 1909
858 1088
858 1121
858 1230
858 1543
858 1659
858 1680
859 1399
859 1620
859 1655
859 1703
859 1711
859 1743
860 1518
860 1564
860 1691
861 1157
861 1259
861 1935
862 1704
863 892
863 959
863 1242
863 1291
863 1948
864 1097
864 1864
865 1661
865 1976
866 1444
866 1845
866 1895
867 1194
867 1686
867 1790
869 955
869 1254
869 1461
870 1504
871 981
871 1724
872 1867
873 1105
873 1149
873 1676
874 1100
874 1146
874 1149
874 1453
874 1757
874 1774
875 992
875 1622
875 1882
875 1891
876 1853
876 1857
877 1471
877 1660
877 1955
878 974
878 1294
878 1471
880 957
884 1045
884 1625
884 1833
885 990
885 1358
886 950
886 1118
886 1303
886 1530
887 1847
887 1952
888 905
888 1615
888 1858
889 1082
889 1748
890 895
890 1340
890 1977
891 962
891 1011
891 1609
892 922
892 1132
892 1375
893 986
893 1496
893 1516
894 1431
894 1474
895 1137
895 1738
897 1595
898 1491
898 1683
898 1877
899 1098
900 988
900 1008
900 1916
901 1040
902 1069
902 1393
902 1740
902 1889
903 971
903 1223
903 1511
903 1774
905 1093
905 1466
906 1122
906 1210
906 1848
907 1404
907 1813
907 1906
908 1866
908 1878
909 1356
909 1971
912 1469
912 1906
913 1793
914 1056
914 1170
914 1278
914 1879
915 1266
915 1328
915 1497
916 1534
916 1594
917 1392
918 1384
919 1193
919 1927
920 1054
920 1245
920 1544
920 1638
920 1942
921 992
921 1808
922 1038
922 1838
923 949
923 1687
924 967
924 1891
925 1009
925 1381
926 1605
926 1694
927 1078
927 1134
927 1136
928 1025
929 1317
930 1168
930 1784
930 1862
931 1395
931 1789
932 1123
933 1273
933 1296
933 1925
934 1008
934 1427
934 1847
935 1001
935 1240
935 1523
935 1751
936 1367
937 1268
937 1879
937 1937
938 1032
938 1550
938 1740
939 1273
939 1289
939 1728
940 1413
941 1574
941 1586
942 1227
942 1646
942 1717
942 1858
943 990
943 1108
943 1659
943 1956
944 1102
944 1337
945 1369
946 1256
946 1761
947 1003
947 1123
947 1569
947 1571
947 1840
948 1397
948 1411
949 1120
949 1313
949 1414
949 1989
950 1122
950 1397
950 1438
950 1772
951 1702
951 1720
951 1929
951 1995
952 1316
952 1783
953 993
954 1415
954 1790
955 1675
955 1769
957 1022
957 1609
958 960
958 1756
959 1185
959 1681
960 1373
960 1426
960 1991
961 1325
962 1263
962 1632
962 1988
963 1031
963 1876
964 1199
964 1331
964 1748
966 1543
966 1590
966 1612
966 1874
967 1104
967 1493
967 1714
968 1364
969 1415
969 1574
969 1582
970 1509
971 1046
971 1821
971 1983
972 1037
972 1349
972 1629
972 1801
973 1131
973 1700
973 1854
973 1935
974 1179
974 1346
975 1491
976 1176
976 1768
976 1969
977 1293
978 1105
978 1624
978 1702
980 1636
980 1784
981 1237
981 1429
981 1634
982 1110
982 1298
983 1596
984 1059
985 1327
985 1477
986 1212
987 1162
987 1377
987 1390
987 1466
987 1500
987 1627
987 1700
988 1104
988 1372
988 1876
989 1579
989 1891
989 1933
990 1311
992 1703
992 1988
993 1099
993 1203
993 1532
993 1841
993 1954
995 1616
995 1895
996 1090
996 1264
996 1369
996 1463
996 1734
997 1319
997 1713
997 1817
997 1880
998 1537
1001 1475
1001 1940
1002 1164
1002 1663
1003 1050
1003 1198
1004 1167
1004 1522
1004 1740
1005 1162
1005 1391
1005 1964
1007 1553
1008 1026
1008 1037
1009 1202
1009 1361
1009 1790
1010 1368
1011 1700
1014 1979
1015 1041
1015 1581
1016 1661
1016 1736
1018 1090
1018 1542
1019 1273
1019 1595
1019 1726
1020 1039
1020 1094
1020 1978
1021 1232
1021 1343
1021 1602
1021 1974
1023 1222
1023 1432
1024 1061
1024 1167
1024 1636
1025 1794
1025 1906
1026 1458
1026 1745
1026 1836
1027 1034
1027 1542
1027 1717
1028 1113
1028 1279
1028 1921
1029 1380
1029 1800
1030 1085
1030 1495
1030 1868
1031 1558
1031 1934
1033 1227
1034 1078
1034 1542
1035 1149
1035 1876
1036 1102
1036 1172
1036 1473
1037 1216
1038 1600
1039 1076
1040 1738
1041 1810
1042 1072
1043 1529
1043 1665
1044 1098
1044 1283
1044 1698
1044 1703
1044 1829
1045 1127
1045 1251
1046 1181
1046 1289
1047 1690
1048 1580
1048 1997
1049 1391
1049 1783
1050 1066
1050 1761
1050 1837
1050 1892
1050 1909
1051 1374
1052 1747
1053 1537
1053 1855
1054 1279
1054 1455
1054 1795
1055 1060
1055 1250
1056 1178
1057 1415
1057 1857
1058 1725
1058 1786
1058 1986
1059 1868
1060 1498
1060 1961
1061 1416
1061 1962
1062 1239
1062 1861
1063 1642
1064 1385
1064 1677
1064 1709
1064 1952
1065 1105
1065 1114
1065 1214
1065 1442
1066 1077
1066 1338
1066 1992
1067 1487
1067 1520
1068 1568
1068 1651
1068 1944
1069 1300
1070 1326
1070 1929
1071 1597
1071 1923
1072 1105
1072 1219
1073 1181
1073 1452
1073 1544
1073 1865
1073 1923
1074 1661
1075 1193
1075 1200
1075 1410
1075 1676
1077 1528
1077 1817
1078 1258
1078 1305
1079 1284
1079 1491
1080 1561
1081 1728
1081 1795
1082 1225
1082 1662
1082 1839
1083 1276
1083 1277
1084 1310
1084 1466
1084 1517
1085 1451
1086 1165
1086 1379
1086 1873
1088 1422
1088 1598
1089 1762
1090 1134
1090 1534
1091 1235
1092 1630
1093 1363
1094 1305
1094 1749
1095 1432
1095 1439
1095 1739
1096 1791
1096 1852
1097 1250
1097 1279
1097 1311
1097 1485
1098 1118
1098 1369
1098 1597
1098 1985
1099 1204
1099 1248
1100 1244
1100 1895
1103 1294
1103 1358
1103 1794
1103 1961
1106 1482
1106 1587
1106 1655
1106 1868
1108 1209
1108 1344
1108 1484
1108 1554
1108 1826
1108 1872
1109 1214
1109 1488
1109 1885
1110 1543
1111 1701
1112 1365
1112 1622
1114 1139
1114 1354
1115 1390
1116 1578
1117 1200
1117 1266
1117 1394
1117 1432
1117 1618
1117 1642
1119 1218
1119 1941
1120 1917
1121 1259
1121 1503
1121 1775
1122 1360
1122 1470
1124 1435
1124 1934
1125 1228
1125 1379
1125 1840
1126 1154
1126 1196
1126 1357
1127 1937
1128 1932
1128 1952
1129 1310
1129 1324
1129 1480
1129 1550
1130 1732
1130 1794
1131 1772
1133 1873
1133 1987
1136 1472
1137 1614
1137 1657
1137 1868
1138 1226
1138 1432
1138 1561
1138 1888
1139 1884
1139 1896
1140 1585
1140 1946
1141 1204
1141 1454
1141 1911
1142 1552
1143 1291
1143 1601
1143 1645
1143 1786
1144 1952
1145 1577
1145 1642
1145 1879
1146 1342
1146 1887
1149 1999
1150 1285
1150 1439
1151 1190
1151 1227
1151 1961
1152 1286
1152 1417
1153 1468
1155 1302
1156 1474
1156 1731
1157 1309
1158 1268
1158 1364
1158 1805
1158 1887
1159 1175
1160 1247
1161 1512
1161 1884
1161 1948
1163 1252
1163 1670
1164 1187
1164 1518
1164 1892
1165 1240
1167 1669
1167 1823
1167 1961
1168 1568
1168 1800
1168 1991
1169 1384
1169 1552
1170 1278
1171 1521
1172 1231
1172 1323
1172 1523
1172 1570
1173 1327
1174 1336
1175 1663
1175 1791
1175 1845
1176 1436
1178 1272
1179 1388
1179 1742
1180 1726
1181 1334
1182 1953
1183 1455
1184 1667
1186 1535
1187 1331
1187 1805
1187 1834
1188 1488
1188 1529
1188 1636
1188 1696
1188 1860
1188 1960
1189 1293
1190 1365
1191 1464
1191 1473
1192 1451
1192 1604
1192 1807
1193 1292
1193 1312
1193 1835
1193 1920
1194 1332
1194 1448
1194 1489
1194 1836
1194 1954
1195 1355
1196 1528
1197 1543
1197 1571
1197 1573
1197 1773
1197 1791
1197 1970
1198 1300
1198 1714
1199 1589
1200 1888
1201 1269
1201 1440
1201 1820
1201 1896
1202 1508
1204 1582
1205 1206
1205 1367
1205 1490
1207 1429
1207 1538
1208 1251
1208 1643
1209 1564
1210 1808
1211 1311
1212 1506
1214 1369
1215 1578
1216 1784
1217 1579
1217 1775
1218 1284
1218 1594
1219 1622
1220 1248
1220 1789
1221 1376
1221 1524
1221 1796
1221 1843
1222 1386
1223 1768
1225 1532
1225 1921
1226 1269
1226 1654
1227 1371
1228 1393
1229 1406
1229 1781
1230 1295
1230 1930
1231 1372
1231 1469
1232 1358
1232 1606
1232 1720
1233 1614
1233 1624
1234 1362
1234 1628
1234 1722
1234 1917
1235 1287
1235 1372
1236 1526
1236 1703
1237 1389
1237 1674
1238 1317
1238 1968
1239 1672
1239 1811
1240 1373
1240 1386
1240 1859
1240 1938
1241 1852
1242 1551
1242 1696
1243 1836
1244 1402
1244 1456
1244 1650
1248 1916
1250 1574
1253 1304
1253 1482
1255 1646
1255 1709
1255 1925
1258 1311
1259 1342
1259 1462
1259 1661
1259 1688
1259 1864
1259 1905
1260 1775
1261 1659
1262 1777
1265 1893
1267 1306
1267 1530
1267 1970
1268 1369
1268 1655
1269 1300
1269 1670
1270 1337
1271 1279
1272 1361
1272 1366
1274 1667
1277 1518
1277 1555
1278 1840
1278 1882
1279 1352
1279 1508
1279 1518
1279 1555
1279 1581
1280 1282
1280 1456
1280 1593
1281 1799
1282 1731
1284 1675
1284 1892
1285 1513
1286 1371
1287 1546
1288 1852
1289 1647
1289 1913
1290 1294
1290 1960
1290 1981
1293 1670
1293 1956
1296 1993
1297 1373
1298 1413
1299 1335
1299 1932
1300 1949
1301 1630
1301 1635
1302 1354
1303 1646
1303 1899
1303 1981
1304 1951
1305 1960
1306 1472
1307 1337
1307 1470
1308 1434
1308 1742
1308 1818
1309 1635
1309 1972
1310 1870
1311 1588
1311 1684
1313 1775
1313 1927
1314 1367
1315 1644
1315 1757
1315 1935
1316 1789
1316 1961
1318 1447
1318 1635
1318 1772
1319 1828
1321 1492
1322 1583
1322 1890
1322 1897
1323 1457
1324 1529
1325 1599
1325 1783
1325 1915
1326 1944
1328 1836
1329 1618
1329 1704
1329 1827
1330 1430
1333 1355
1333 1401
1333 1453
1334 1931
1335 1664
1335 1711
1336 1348
1339 1679
1340 1839
1341 1403
1341 1708
1342 1383
1342 1591
1343 1696
1343 1873
1344 1846
1344 1862
1345 1792
1345 1879
1346 1810
1348 1678
1348 1895
1349 1386
1350 1403
1350 1810
1351 1390
1351 1402
1351 1535
1352 1619
1352 1830
1354 1435
1354 1621
1354 1858
1354 1877
1354 1894
1355 1675
1355 1990
1356 1810
1359 1371
1359 1976
1360 1498
1360 1936
1361 1651
1363 1977
1364 1493
1364 1500
1364 1580
1364 1605
1365 1511
1366 1975
1367 1506
1367 1538
1368 1686
1369 1383
1369 1937
1374 1737
1374 1820
1376 1636
1378 1813
1380 1435
1380 1752
1380 1820
1381 1586
1382 1946
1383 1391
1383 1542
1384 1743
1386 1450
1386 1592
1386 1753
1386 1832
1388 1923
1388 1941
1389 1426
1389 1428
1389 1622
1390 1420
1390 1968
1392 1805
1394 1761
1394 1853
1394 1895
1395 1455
1395 1578
1396 1498
1396 1553
1398 1519
1398 1973
1398 1994
1399 1433
1399 1660
1400 1426
1400 1937
1402 1911
1404 1768
1405 1659
1409 1712
1410 1576
1410 1990
1411 1804
1412 1553
1413 1600
1414 1463
1414 1695
1414 1751
1417 1487
1417 1542
1417 1676
1419 1845
1421 1486
1421 1734
1422 1550
1422 1639
1424 1648
1424 1865
1425 1802
1428 1580
1428 1629
1428 1898
1428 1972
1430 1731
1431 1894
1432 1896
1433 1514
1433 1990
1434 1459
1435 1535
1436 1768
1437 1942
1438 1612
1439 1444
1440 1693
1441 1762
1441 1889
1442 1506
1442 1590
1443 1933
1445 1496
1448 1740
1450 1592
1450 1660
1451 1634
1454 1938
1455 1698
1458 1530
1458 1850
1462 1659
1465 1955
1470 1964
1471 1898
1471 1934
1471 1957
1472 1914
1472 1987
1473 1561
1473 1923
1474 1919
1475 1775
1475 1986
1475 1994
1478 1670
1478 1806
1478 1926
1479 1641
1480 1698
1481 1615
1481 1663
1481 1727
1481 1748
1481 1994
1482 1524
1484 1919
1484 1934
1485 1519
1486 1872
1487 1875
1488 1655
1488 1907
1490 1907
1491 1822
1492 1991
1493 1687
1494 1799
1494 1856
1495 1706
1495 1990
1497 1984
1498 1978
1500 1670
1500 1841
1501 1673
1501 1890
1502 1874
1502 1981
1504 1590
1505 1515
1505 1555
1506 1833
1506 1881
1507 1660
1507 1748
1507 1867
1508 1902
1510 1958
1512 1539
1512 1862
1513 1774
1513 1931
1515 1745
1517 1609
1520 1580
1520 1945
1521 1557
1521 1607
1521 1684
1523 1701
1524 1890
1524 1940
1526 1850
1527 1974
1529 1553
1529 1687
1529 1946
1530 1679
1531 1736
1531 1963
1533 1578
1533 1654
1533 1817
1536 1607
1538 1969
1539 1767
1539 1828
1541 1784
1542 1919
1543 1771
1546 1835
1547 1902
1548 1660
1548 1972
1549 1773
1550 1939
1552 1729
1554 1560
1554 1619
1554 1797
1556 1805
1557 1642
1558 1651
1558 1817
1558 1978
1561 1807
1562 1892
1562 1905
1563 1568
1565 1747
1568 1844
1569 1812
1570 1961
1571 1685
1571 1874
1571 1956
1572 1848
1579 1731
1580 1622
1581 1614
1581 1703
1582 1847
1587 1722
1588 1747
1589 1900
1590 1709
1590 1897
1591 1985
1596 1915
1596 1955
1597 1762
1599 1777
1600 1602
1600 1651
1600 1714
1601 1692
1601 1829
1603 1852
1607 1687
1608 1705
1609 1970
1610 1918
1613 1659
1613 1950
1615 1802
1616 1842
1616 1873
1618 1948
1618 1967
1622 1909
1623 1913
1625 1670
1626 1701
1628 1825
1630 1851
1630 1971
1631 1642
1631 1904
1632 1845
1635 1897
1637 1956
1638 1766
1641 1761
1642 1803
1644 1996
1646 1667
1654 1862
1655 1781
1655 1867
1657 1987
1658 1925
1658 1969
1659 1815
1659 1930
1660 1934
1661 1999
1663 1737
1664 1985
1668 1788
1671 1694
1672 1859
1672 1926
1673 1720
1676 1928
1677 1941
1677 1970
1678 1868
1681 1783
1683 1945
1686 1786
1687 1709
1688 1695
1693 1892
1693 1916
1697 1880
1698 1828
1699 1934
1700 1804
1701 1724
1702 1867
1703 1909
1705 1724
1705 1801
1705 1872
1705 1975
1708 1898
1711 1821
1711 1940
1712 1780
1719 1831
1719 1923
1723 1825
1724 1748
1730 1837
1734 1962
1738 1851
1738 1853
1740 1938
1749 1817
1749 1961
1753 1958
1758 1771
1759 1910
1760 1827
1762 1778
1763 1951
1764 1973
1765 1802
1765 1980
1769 1933
1772 1951
1773 1874
1774 1983
1778 1933
1780 1813
1780 1875
1782 1945
1783 1809
1784 1961
1786 1807
1789 1974
1789 1982
1794 1795
1794 1891
1799 1817
1802 1830
1806 1990
1808 1963
1810 1821
1810 1990
1812 1917
1814 1842
1816 1945
1820 1845
1820 1985
1821 1919
1824 1935
1825 1881
1826 1945
1829 1968
1830 1840
1833 1952
1834 1940
1837 1983
1849 1948
1849 1959
1852 1916
1861 1874
1862 1890
1864 1972
1868 1935
1873 1899
1874 1973
1879 1992
1889 1915
1889 1942
1894 1999
1900 1909
1906 1985
1910 1956
1910 1981
1918 1974
1922 1958
1925 1984
1926 1983
1949 1976
1964 1977
1964 1990
