0 1
0 2
0 3
0 4
0 5
0 6
0 10
0 11
0 12
0 18
0 25
0 31
0 33
0 42
0 49
0 52
0 59
0 62
0 63
0 66
0 67
0 69
0 70
0 71
0 76
0 79
0 82
0 84
0 86
0 88
0 92
0 96
0 102
0 104
0 116
0 121
0 137
0 140
0 142
0 143
0 144
0 150
0 161
0 162
0 167
0 175
0 179
0 183
0 190
0 199
0 202
0 209
0 210
0 222
0 226
0 239
0 242
0 243
0 253
0 255
0 275
0 286
0 293
0 302
0 306
0 311
0 316
0 318
0 329
0 336
0 338
0 342
0 346
0 352
0 353
0 363
0 369
0 370
0 379
0 384
0 391
0 398
0 403
0 408
0 414
0 426
0 443
0 461
0 465
0 466
0 467
0 472
0 473
0 475
0 481
0 490
0 505
0 506
0 523
0 528
0 532
0 536
0 539
0 549
0 555
0 559
0 562
0 590
0 594
0 601
0 602
0 604
0 606
0 609
0 611
0 613
0 636
0 641
0 663
0 669
0 674
0 676
0 682
0 683
0 688
0 700
0 705
0 708
0 717
0 720
0 721
0 725
0 726
0 727
0 732
0 737
0 740
0 752
0 753
0 756
0 765
0 773
0 811
0 812
0 819
0 838
0 852
0 853
0 861
0 882
0 885
0 895
0 901
0 930
0 940
0 943
0 944
0 947
0 952
0 970
0 983
0 1011
0 1022
0 1041
0 1050
0 1063
0 1064
0 1071
0 1077
0 1094
0 1120
0 1123
0 1138
0 1157
0 1161
0 1178
0 1183
0 1215
0 1216
0 1237
0 1238
0 1244
0 1255
0 1257
0 1260
0 1268
0 1275
0 1291
0 1302
0 1314
0 1325
0 1381
0 1387
0 1389
0 1394
0 1420
0 1429
0 1479
0 1490
0 1509
0 1511
0 1532
0 1533
0 1570
0 1571
0 1588
0 1618
0 1620
0 1648
0 1666
0 1676
0 1690
0 1691
0 1696
0 1710
0 1723
0 1738
0 1740
0 1751
0 1758
0 1767
0 1775
0 1830
0 1831
0 1832
0 1854
0 1860
0 1886
0 1906
0 1910
0 1911
0 1915
0 1925
0 1933
0 1966
0 1973
0 1980
0 1988
0 1995
0 1999
1 2
1 3
1 4
1 6
1 8
1 9
1 11
1 14
1 15
1 19
1 22
1 25
1 36
1 50
1 51
1 78
1 81
1 88
1 91
1 93
1 99
1 101
1 142
1 146
1 151
1 158
1 164
1 173
1 174
1 190
1 213
1 227
1 250
1 252
1 267
1 277
1 278
1 285
1 313
1 320
1 367
1 371
1 380
1 397
1 409
1 412
1 428
1 432
1 459
1 476
1 486
1 495
1 498
1 526
1 529
1 533
1 572
1 617
1 621
1 633
1 637
1 663
1 676
1 723
1 735
1 739
1 740
1 776
1 783
1 784
1 793
1 818
1 825
1 826
1 828
1 854
1 866
1 885
1 904
1 1010
1 1014
1 1053
1 1070
1 1116
1 1121
1 1171
1 1280
1 1306
1 1324
1 1342
1 1349
1 1352
1 1357
1 1392
1 1403
1 1425
1 1437
1 1453
1 1457
1 1460
1 1466
1 1508
1 1520
1 1530
1 1540
1 1547
1 1572
1 1582
1 1627
1 1644
1 1652
1 1671
1 1697
1 1699
1 1721
1 1726
1 1749
1 1750
1 1759
1 1762
1 1770
1 1787
1 1801
1 1805
1 1809
1 1837
1 1862
1 1869
1 1877
1 1902
1 1938
1 1939
1 1940
2 55
2 141
2 144
2 157
2 188
2 373
2 406
2 456
2 497
2 534
2 578
2 587
2 695
2 718
2 728
2 759
2 766
2 775
2 805
2 870
2 911
2 1029
2 1106
2 1109
2 1138
2 1193
2 1290
2 1362
2 1384
2 1428
2 1509
2 1668
2 1715
2 1722
2 1798
2 1895
2 1918
2 1971
3 7
3 13
3 21
3 30
3 173
3 283
3 304
3 520
3 656
3 693
3 706
3 806
3 918
3 951
3 1046
3 1074
3 1190
3 1289
3 1292
3 1334
3 1433
3 1496
3 1537
3 1576
3 1581
3 1698
3 1709
3 1744
3 1955
4 5
4 7
4 8
4 13
4 20
4 27
4 30
4 47
4 55
4 56
4 83
4 93
4 96
4 133
4 158
4 181
4 186
4 189
4 195
4 280
4 426
4 442
4 450
4 510
4 567
4 588
4 651
4 743
4 809
4 824
4 903
4 1012
4 1033
4 1057
4 1110
4 1170
4 1182
4 1215
4 1256
4 1271
4 1370
4 1373
4 1378
4 1451
4 1461
4 1464
4 1499
4 1537
4 1655
4 1780
4 1823
4 1838
5 439
5 921
5 967
5 968
5 1223
5 1614
5 1682
6 15
6 17
6 20
6 27
6 33
6 37
6 38
6 41
6 60
6 66
6 72
6 80
6 98
6 109
6 114
6 115
6 152
6 168
6 196
6 228
6 238
6 268
6 279
6 307
6 309
6 366
6 372
6 378
6 382
6 386
6 395
6 399
6 412
6 417
6 423
6 431
6 443
6 448
6 487
6 501
6 526
6 546
6 567
6 573
6 577
6 582
6 588
6 610
6 620
6 622
6 629
6 631
6 634
6 679
6 685
6 689
6 698
6 746
6 756
6 780
6 789
6 827
6 861
6 862
6 892
6 909
6 925
6 936
6 950
6 990
6 999
6 1036
6 1110
6 1137
6 1144
6 1164
6 1180
6 1195
6 1201
6 1202
6 1211
6 1217
6 1237
6 1276
6 1344
6 1416
6 1421
6 1472
6 1498
6 1511
6 1526
6 1532
6 1549
6 1564
6 1570
6 1605
6 1644
6 1721
6 1756
6 1764
6 1786
6 1813
6 1824
6 1829
6 1845
6 1876
6 1904
6 1918
6 1932
6 1954
6 1965
7 39
7 41
7 43
7 50
7 61
7 104
7 110
7 115
7 126
7 127
7 181
7 182
7 245
7 265
7 324
7 341
7 345
7 347
7 396
7 405
7 458
7 480
7 483
7 489
7 552
7 614
7 649
7 658
7 744
7 809
7 902
7 917
7 919
7 923
7 955
7 1001
7 1092
7 1113
7 1120
7 1132
7 1154
7 1290
7 1293
7 1312
7 1351
7 1401
7 1406
7 1465
7 1503
7 1522
7 1528
7 1561
7 1583
7 1629
7 1640
7 1659
7 1678
7 1686
7 1693
7 1736
7 1912
8 9
8 10
8 12
8 16
8 17
8 19
8 24
8 26
8 35
8 37
8 39
8 42
8 43
8 48
8 51
8 53
8 67
8 70
8 71
8 72
8 81
8 90
8 94
8 110
8 120
8 134
8 150
8 154
8 161
8 164
8 165
8 180
8 194
8 203
8 217
8 219
8 227
8 230
8 234
8 247
8 257
8 262
8 277
8 280
8 294
8 308
8 355
8 373
8 374
8 387
8 419
8 429
8 438
8 446
8 453
8 488
8 494
8 516
8 530
8 550
8 553
8 556
8 562
8 576
8 594
8 598
8 603
8 615
8 619
8 620
8 630
8 657
8 679
8 692
8 713
8 715
8 738
8 750
8 751
8 767
8 784
8 792
8 796
8 808
8 810
8 858
8 875
8 880
8 898
8 926
8 929
8 955
8 975
8 978
8 982
8 985
8 1043
8 1045
8 1059
8 1067
8 1083
8 1093
8 1097
8 1111
8 1181
8 1203
8 1204
8 1246
8 1266
8 1278
8 1282
8 1289
8 1316
8 1340
8 1348
8 1399
8 1412
8 1423
8 1426
8 1443
8 1449
8 1502
8 1536
8 1538
8 1573
8 1579
8 1609
8 1618
8 1619
8 1643
8 1666
8 1715
8 1740
8 1745
8 1774
8 1811
8 1814
8 1820
8 1863
8 1900
8 1947
8 1948
8 1952
9 14
9 16
9 24
9 32
9 54
9 75
9 80
9 114
9 117
9 128
9 145
9 146
9 148
9 152
9 163
9 172
9 186
9 206
9 213
9 217
9 223
9 244
9 253
9 271
9 281
9 290
9 315
9 334
9 344
9 352
9 364
9 385
9 464
9 507
9 540
9 545
9 561
9 564
9 565
9 595
9 609
9 683
9 696
9 702
9 719
9 726
9 748
9 753
9 777
9 779
9 804
9 831
9 853
9 884
9 899
9 938
9 943
9 951
9 961
9 984
9 1005
9 1055
9 1079
9 1080
9 1090
9 1122
9 1162
9 1174
9 1191
9 1209
9 1251
9 1264
9 1292
9 1305
9 1321
9 1335
9 1392
9 1414
9 1432
9 1496
9 1539
9 1550
9 1554
9 1562
9 1568
9 1593
9 1603
9 1636
9 1702
9 1718
9 1728
9 1836
9 1879
9 1898
9 1908
9 1909
9 1915
9 1922
9 1937
9 1949
9 1979
9 1983
10 125
10 135
10 289
10 332
10 770
10 891
10 960
10 1070
10 1152
10 1216
10 1527
10 1667
10 1835
10 1854
10 1971
11 18
11 26
11 34
11 36
11 108
11 123
11 124
11 139
11 205
11 225
11 226
11 235
11 238
11 240
11 272
11 327
11 348
11 356
11 358
11 368
11 462
11 468
11 478
11 491
11 496
11 502
11 519
11 525
11 539
11 571
11 573
11 597
11 642
11 697
11 736
11 776
11 842
11 880
11 881
11 890
11 914
11 979
11 988
11 989
11 1016
11 1046
11 1060
11 1068
11 1082
11 1086
11 1145
11 1150
11 1209
11 1240
11 1247
11 1266
11 1310
11 1311
11 1356
11 1380
11 1477
11 1516
11 1541
11 1572
11 1626
11 1649
11 1710
11 1768
11 1771
11 1789
11 1828
11 1856
11 1861
11 1898
11 1900
11 1984
11 1997
12 31
12 162
12 205
12 275
12 436
12 927
12 1037
12 1134
12 1168
12 1193
12 1723
12 1836
13 23
13 28
13 29
13 34
13 45
13 48
13 53
13 57
13 61
13 75
13 86
13 171
13 198
13 212
13 237
13 287
13 292
13 340
13 364
13 396
13 407
13 435
13 767
13 783
13 812
13 930
13 932
13 979
13 985
13 1062
13 1075
13 1076
13 1100
13 1118
13 1142
13 1240
13 1272
13 1352
13 1360
13 1366
13 1482
13 1548
13 1590
13 1614
13 1707
13 1800
13 1881
14 89
14 119
14 132
14 176
14 224
14 259
14 362
14 581
14 670
14 685
14 856
14 857
14 873
14 1211
14 1331
14 1340
14 1362
14 1415
14 1619
14 1870
14 1884
14 1888
14 1950
15 28
15 102
15 117
15 167
15 183
15 394
15 497
15 552
15 568
15 598
15 680
15 719
15 779
15 1393
15 1557
15 1638
15 1842
15 1943
16 22
16 23
16 32
16 46
16 62
16 83
16 85
16 106
16 120
16 125
16 133
16 138
16 139
16 203
16 208
16 215
16 236
16 245
16 254
16 261
16 282
16 311
16 356
16 365
16 377
16 381
16 395
16 399
16 419
16 449
16 455
16 460
16 482
16 484
16 505
16 530
16 537
16 540
16 545
16 616
16 632
16 643
16 647
16 752
16 792
16 797
16 834
16 847
16 935
16 954
16 959
16 1034
16 1057
16 1091
16 1191
16 1234
16 1274
16 1285
16 1298
16 1318
16 1361
16 1363
16 1398
16 1461
16 1483
16 1664
16 1672
16 1677
16 1688
16 1720
16 1753
16 1773
16 1782
16 1804
16 1869
16 1874
16 1963
17 44
17 52
17 59
17 68
17 122
17 143
17 145
17 157
17 160
17 172
17 189
17 207
17 224
17 302
17 305
17 306
17 341
17 344
17 346
17 404
17 438
17 450
17 575
17 626
17 678
17 725
17 741
17 785
17 807
17 845
17 946
17 1000
17 1031
17 1040
17 1162
17 1168
17 1279
17 1329
17 1413
17 1455
17 1457
17 1486
17 1544
17 1660
17 1764
17 1872
17 1979
18 187
18 214
18 503
18 927
18 1236
19 21
19 40
19 90
19 112
19 136
19 192
19 235
19 317
19 337
19 361
19 416
19 533
19 538
19 584
19 650
19 713
19 874
19 899
19 902
19 1019
19 1085
19 1149
19 1252
19 1558
19 1730
19 1746
19 1816
20 29
20 56
20 153
20 185
20 196
20 206
20 211
20 218
20 221
20 222
20 251
20 266
20 276
20 286
20 299
20 329
20 359
20 449
20 502
20 548
20 599
20 668
20 733
20 777
20 778
20 837
20 855
20 864
20 879
20 934
20 1010
20 1175
20 1210
20 1222
20 1360
20 1452
20 1466
20 1472
20 1647
20 1657
20 1689
20 1691
20 1692
20 1839
20 1873
20 1895
21 111
21 166
21 462
21 709
21 904
21 1343
21 1767
21 1839
21 1960
22 78
22 130
22 219
22 289
22 444
22 644
22 889
22 1017
22 1134
22 1678
22 1693
23 35
23 58
23 68
23 85
23 91
23 94
23 131
23 343
23 394
23 405
23 431
23 434
23 563
23 654
23 1009
23 1021
23 1027
23 1186
23 1632
23 1637
23 1787
24 46
24 58
24 95
24 99
24 103
24 113
24 126
24 136
24 155
24 166
24 197
24 223
24 234
24 239
24 327
24 348
24 353
24 368
24 379
24 422
24 435
24 451
24 463
24 474
24 494
24 524
24 548
24 577
24 618
24 624
24 649
24 654
24 681
24 733
24 770
24 877
24 900
24 913
24 918
24 1017
24 1033
24 1041
24 1047
24 1084
24 1147
24 1202
24 1305
24 1312
24 1364
24 1391
24 1400
24 1485
24 1495
24 1604
24 1617
24 1741
24 1748
24 1843
24 1974
25 45
25 64
25 105
25 111
25 113
25 165
25 195
25 218
25 258
25 274
25 282
25 283
25 351
25 400
25 402
25 410
25 413
25 457
25 543
25 626
25 627
25 637
25 653
25 673
25 741
25 794
25 921
25 994
25 1061
25 1066
25 1081
25 1088
25 1169
25 1187
25 1207
25 1234
25 1341
25 1442
25 1478
25 1479
25 1480
25 1555
25 1565
25 1610
25 1745
25 1790
25 1987
26 40
26 63
26 121
26 141
26 605
26 870
26 935
26 1364
26 1542
26 1587
26 1805
27 89
27 159
27 585
27 655
27 694
27 703
27 782
27 931
27 1127
27 1260
27 1560
27 1561
27 1573
27 1663
27 1743
28 38
28 57
28 65
28 74
28 77
28 148
28 170
28 184
28 266
28 307
28 349
28 370
28 515
28 518
28 607
28 709
28 835
28 961
28 984
28 1005
28 1092
28 1199
28 1330
28 1332
28 1484
28 1590
28 1610
28 1651
28 1937
29 156
29 926
29 1550
29 1611
29 1794
30 273
30 319
30 707
30 913
30 1004
32 608
32 617
32 662
32 797
32 802
32 867
32 1577
32 1608
32 1680
32 1788
33 44
33 49
33 100
33 192
33 229
33 248
33 270
33 334
33 350
33 375
33 381
33 463
33 498
33 592
33 790
33 847
33 858
33 945
33 969
33 1128
33 1226
33 1235
33 1242
33 1250
33 1339
33 1531
33 1575
33 1591
33 1615
33 1703
33 1730
33 1852
33 1878
34 87
34 98
34 175
34 796
34 1072
34 1306
34 1355
34 1928
35 187
35 1227
35 1252
37 411
38 47
38 54
38 220
38 229
38 316
38 367
38 627
38 745
38 1296
38 1422
39 247
39 340
39 529
39 821
39 1059
39 1373
39 1512
39 1956
39 1997
40 692
40 1172
41 420
42 77
42 312
43 79
43 108
43 149
43 269
43 360
43 446
43 488
43 536
43 581
43 632
43 901
43 1011
43 1042
43 1197
43 1228
43 1377
43 1418
43 1728
43 1760
43 1882
43 1951
43 1998
44 97
44 232
44 317
44 480
44 483
44 578
44 1050
44 1411
44 1668
44 1990
45 351
45 439
45 816
45 1946
46 101
46 137
46 640
46 677
46 686
46 724
47 64
47 159
47 176
47 403
47 441
47 671
47 717
47 769
47 851
47 886
47 962
47 977
47 1045
47 1051
47 1065
47 1086
47 1139
47 1204
47 1220
47 1810
47 1973
48 261
48 388
48 415
48 471
48 476
48 504
48 818
48 897
48 1578
48 1819
48 1821
48 1992
49 69
49 73
49 92
49 105
49 151
49 170
49 207
49 236
49 241
49 267
49 330
49 383
49 392
49 454
49 465
49 469
49 517
49 523
49 570
49 574
49 580
49 592
49 667
49 712
49 724
49 727
49 755
49 948
49 972
49 1078
49 1155
49 1161
49 1188
49 1189
49 1217
49 1219
49 1303
49 1454
49 1473
49 1529
49 1560
49 1574
49 1582
49 1594
49 1632
49 1634
49 1661
49 1679
49 1716
49 1774
49 1922
49 1965
49 1978
50 112
50 119
50 200
50 255
50 303
50 451
50 547
50 593
50 630
50 651
50 838
50 863
50 896
50 1180
50 1654
51 233
51 298
51 376
51 393
51 528
51 791
51 877
51 941
51 982
51 1177
51 1206
51 1327
51 1435
51 1850
51 1896
51 1945
52 511
52 800
52 977
52 1369
52 1798
53 74
53 147
53 214
53 323
53 354
53 416
53 434
53 618
53 820
53 1153
53 1320
53 1529
53 1851
53 1944
54 477
54 742
54 1130
54 1246
54 1467
55 128
55 257
55 644
55 1376
56 60
56 65
56 82
56 442
56 928
56 936
56 1095
56 1213
56 1528
56 1564
56 1916
58 73
58 258
58 659
58 690
58 763
58 906
58 1603
58 1789
58 1855
58 1909
60 347
60 417
60 500
60 512
60 1184
60 1868
61 127
61 169
61 193
61 256
61 305
61 628
61 749
61 771
61 887
61 1029
61 1061
61 1221
61 1233
61 1257
61 1283
61 1396
61 1439
61 1442
61 1850
61 1859
63 1098
64 201
64 291
64 400
64 780
64 976
64 1313
64 1625
64 1660
64 1842
65 1519
66 177
66 424
66 555
66 787
66 788
66 804
66 848
67 122
67 244
67 263
67 448
67 456
67 981
67 1374
67 1833
68 156
68 233
68 290
68 554
68 596
68 845
68 1248
68 1958
71 95
71 138
71 350
71 680
71 786
71 825
71 922
71 1183
71 1367
71 1812
72 103
72 124
72 135
72 1053
72 1419
72 1542
72 1894
74 648
74 723
74 1275
74 1462
75 76
75 84
75 118
75 194
75 197
75 535
75 855
75 1416
75 1849
75 1992
76 169
76 242
76 318
76 475
76 742
76 758
76 814
76 906
76 1049
76 1817
77 100
77 107
77 109
77 160
77 174
77 212
77 243
77 278
77 288
77 297
77 388
77 481
77 508
77 518
77 675
77 810
77 846
77 860
77 980
77 994
77 1004
77 1146
77 1222
77 1235
77 1440
77 1676
77 1683
77 1846
77 1989
78 294
78 300
78 315
78 401
78 527
78 579
78 611
78 843
78 966
78 1171
78 1427
78 1483
78 1597
78 1834
79 87
79 116
79 264
79 537
79 580
79 1267
79 1422
79 1663
79 1873
80 97
80 910
80 1934
83 493
83 639
83 703
83 1469
83 1586
83 1796
83 1891
83 1942
83 1960
85 131
85 132
85 231
85 769
85 996
86 130
86 204
86 208
86 291
86 354
86 391
86 468
86 511
86 638
86 728
86 945
86 980
86 987
86 1323
86 1400
86 1593
86 1791
86 1834
86 1913
87 153
87 338
87 374
87 390
87 407
87 418
87 452
87 551
87 917
87 1007
87 1255
87 1430
87 1620
87 1986
88 712
88 745
88 1304
88 1327
88 1405
89 168
89 430
89 549
89 572
90 140
90 147
90 254
90 309
90 433
90 447
90 534
90 554
90 604
90 605
90 691
90 862
90 878
90 1096
90 1167
90 1239
90 1347
90 1386
90 1417
90 1451
90 1606
90 1633
90 1637
91 313
91 343
91 432
91 826
91 915
91 1058
91 1279
91 1349
91 1673
91 1996
92 106
92 129
92 287
92 401
92 454
92 492
92 625
92 629
92 707
92 997
92 1261
92 1454
93 1635
94 923
94 1112
96 107
96 178
96 281
96 655
96 1395
96 1514
96 1648
96 1694
96 1702
96 1795
96 1884
96 1889
97 321
97 384
97 427
97 1754
99 603
100 1219
100 1578
101 331
101 1387
101 1559
102 163
102 496
102 509
102 653
102 876
102 1421
102 1436
102 1468
103 298
103 1931
104 624
104 884
104 1228
104 1477
104 1735
104 1857
105 251
105 262
105 333
105 1885
106 216
106 382
106 1114
106 1683
106 1827
107 250
107 264
107 365
107 602
107 1167
107 1243
107 1687
107 1729
107 1975
108 1030
109 118
109 155
109 198
109 201
109 296
109 310
109 322
109 342
109 414
109 418
109 437
109 474
109 486
109 499
109 599
109 701
109 704
109 736
109 867
109 896
109 993
109 1019
109 1077
109 1438
109 1719
109 1887
109 1919
110 188
110 191
110 366
110 1101
110 1230
110 1298
110 1674
110 1994
111 920
112 154
112 199
112 322
112 330
112 459
112 525
112 1104
112 1156
112 1179
112 1311
112 1523
112 1907
112 1957
113 675
113 711
113 1355
114 185
114 246
114 312
114 336
114 378
114 499
114 503
114 508
114 509
114 541
114 606
114 623
114 801
114 851
114 869
114 871
114 937
114 1032
114 1117
114 1357
114 1431
114 1432
114 1492
114 1525
114 1538
114 1567
114 1943
115 284
115 671
115 768
115 894
115 939
115 1107
115 1344
115 1372
115 1672
115 1756
115 1958
116 134
116 260
116 328
116 359
116 389
116 422
116 538
116 754
116 840
116 892
116 968
116 1105
116 1390
116 1426
116 1758
116 1760
117 301
117 869
117 1000
117 1517
117 1616
117 1814
117 1938
120 215
120 216
120 429
120 517
120 520
120 793
120 871
120 995
120 1166
120 1284
120 1681
121 296
121 441
121 771
121 1776
122 123
122 129
122 149
122 200
122 220
122 240
122 355
122 485
122 1574
122 1700
124 421
124 514
124 739
124 993
124 1302
124 1504
124 1554
124 1633
124 1748
126 430
126 597
126 789
127 179
127 180
127 304
127 325
127 333
127 849
127 1030
127 1083
127 1224
127 1423
127 1706
127 1867
128 521
128 1931
131 237
131 600
132 1434
133 1322
133 1981
134 328
134 999
134 1232
135 428
135 1502
135 1639
135 1825
135 1880
136 326
136 1078
136 1988
137 221
138 184
138 210
138 308
138 1250
139 260
139 349
139 1653
140 645
140 700
140 975
140 1468
140 1530
140 1766
140 1825
140 1947
140 1967
141 171
141 844
141 1105
141 1467
142 824
145 965
145 1517
146 335
146 387
146 695
146 829
146 1645
146 1679
146 1883
147 601
147 912
147 949
147 983
148 383
148 1505
149 300
149 314
149 638
149 665
149 1008
149 1301
150 325
150 652
150 1198
150 1336
150 1662
150 1793
151 890
152 177
152 834
152 1567
152 1761
153 1253
153 1304
153 1661
153 1880
153 1926
154 191
154 1295
154 1299
154 1399
154 1725
155 1985
157 202
158 678
158 986
158 1039
158 1220
158 1248
158 1382
158 1430
158 1797
158 1845
159 424
159 558
159 1313
159 1701
160 182
160 204
160 1164
160 1431
160 1615
160 1763
162 522
162 524
162 681
162 798
162 1139
162 1377
162 1725
163 360
163 410
163 868
163 946
163 1127
163 1569
163 1887
165 303
165 436
165 1346
166 178
166 314
166 452
166 464
166 642
166 848
166 897
166 903
166 1238
166 1249
166 1474
166 1720
166 1859
166 1889
166 1929
167 1621
168 1035
168 1165
168 1833
168 1901
170 256
170 802
170 959
170 1099
170 1982
171 193
171 612
171 660
171 690
171 710
171 974
171 1051
171 1264
171 1293
171 1491
171 1515
171 1840
172 589
172 1460
173 1779
174 231
174 1684
174 1977
176 1225
176 1470
177 1082
177 1436
178 230
178 1198
178 1262
178 1556
178 1792
179 1942
180 209
180 228
180 263
180 362
180 1113
180 1185
180 1361
180 1883
181 345
181 805
181 1328
181 1446
181 1799
182 393
182 427
182 895
182 1101
182 1641
183 661
184 516
184 1501
185 363
185 613
185 766
185 854
185 856
185 1192
185 1351
185 1811
185 1820
186 1769
187 269
187 822
187 1893
188 332
188 778
188 1334
188 1513
188 1837
189 1605
190 249
190 1232
190 1274
191 1531
193 470
193 584
193 688
193 1437
194 271
194 326
194 495
194 560
194 568
194 677
194 781
194 835
194 1049
194 1224
194 1488
194 1563
194 1599
194 1724
195 274
195 301
195 408
195 421
195 445
195 715
195 786
195 919
195 1034
195 1369
195 1515
195 1518
195 1698
195 1769
195 1861
196 246
196 710
196 1410
197 415
197 666
197 1286
197 1827
199 270
199 576
199 831
199 942
199 1023
199 1473
199 1553
199 1575
199 1585
200 377
200 514
200 799
200 803
200 956
200 1263
200 1914
201 211
201 507
201 1354
202 320
202 513
202 660
202 731
202 1123
203 297
203 803
203 866
203 1441
203 1689
203 1944
205 375
205 487
205 610
205 652
205 751
205 833
205 1281
205 1733
205 1888
207 310
207 543
207 963
207 1153
207 1363
209 1069
211 248
211 787
211 910
211 1420
211 1591
211 1849
211 1998
212 241
212 249
212 619
212 702
213 252
213 268
213 295
213 319
213 608
213 664
213 669
213 1044
213 1463
213 1604
213 1770
213 1962
216 272
216 596
216 974
217 321
217 1284
218 1667
219 817
219 908
219 1025
219 1135
219 1280
219 1919
220 331
220 512
220 591
220 864
220 905
220 1165
220 1212
220 1385
220 1453
220 1923
220 1993
221 265
221 357
221 900
221 1959
222 369
222 433
222 589
222 662
222 844
222 972
222 1917
223 225
223 337
223 425
223 561
223 628
223 664
223 747
223 1133
223 1177
223 1208
223 1695
223 1858
224 674
225 531
225 763
225 1136
225 1175
227 645
229 447
229 1729
229 1911
230 232
230 646
231 828
231 1026
231 1562
231 1939
233 1003
233 1374
233 1493
233 1813
234 371
234 759
234 1463
234 1516
235 295
235 455
235 1481
235 1727
236 259
236 390
236 541
236 714
236 730
237 1855
238 339
238 1094
238 1414
239 284
239 392
239 397
239 656
239 743
239 966
239 1018
239 1038
239 1157
239 1408
239 1409
239 1489
239 1592
239 1731
239 1799
239 1841
239 1914
240 575
240 672
240 691
240 1073
240 1596
240 1732
240 1768
240 1822
242 774
242 1143
242 1309
242 1607
242 1750
242 1796
242 1871
244 542
244 1188
245 389
245 550
245 775
245 1103
245 1308
245 1490
245 1932
247 883
247 973
248 907
248 1322
248 1791
249 288
249 423
249 479
249 722
249 782
249 790
249 832
249 950
249 1135
249 1213
249 1492
249 1658
251 273
251 293
251 1066
251 1450
251 1586
251 1818
253 1926
255 882
255 958
255 1071
256 560
256 615
256 1056
256 1276
256 1300
256 1621
256 1792
256 1844
257 760
257 908
257 1245
257 1285
257 1585
258 335
258 813
258 1009
258 1035
258 1068
258 1806
258 1865
258 1945
259 292
259 323
259 357
259 513
259 522
259 607
259 636
259 905
259 969
259 1091
259 1500
259 1506
259 1807
260 1023
262 1159
262 1641
262 1853
263 1899
265 285
265 409
265 479
265 1052
265 1054
265 1753
266 504
266 801
267 865
267 1519
269 279
269 339
269 922
269 1022
269 1747
270 1822
272 1024
272 1031
272 1158
272 1545
273 276
273 521
273 658
273 705
273 976
273 1259
273 1335
273 1656
273 1687
275 730
275 1178
276 324
276 385
276 466
276 788
276 1415
276 1651
276 1999
277 461
277 735
277 1096
279 670
279 1195
279 1205
279 1448
279 1766
279 1826
281 490
282 693
282 1020
283 402
283 1865
286 358
286 372
286 747
286 1337
287 827
289 643
289 1336
289 1495
289 1631
289 1653
291 1294
293 478
293 744
293 799
293 823
293 1154
293 1218
293 1441
294 569
294 762
294 1484
297 299
297 646
297 916
297 964
298 1504
299 547
299 711
299 1407
300 445
300 583
300 760
300 953
300 1087
301 839
301 958
301 1186
301 1310
301 1435
301 1552
301 1975
302 622
302 668
303 386
303 689
303 1853
304 1055
304 1287
307 944
307 1273
308 761
308 1013
308 1565
308 1601
311 1032
311 1501
312 595
312 1283
312 1930
314 1429
315 772
316 470
316 491
316 493
316 814
316 1106
316 1166
316 1187
316 1251
316 1323
316 1371
316 1459
316 1588
317 1930
319 1040
320 1244
321 453
321 559
321 564
321 865
321 1200
321 1393
321 1946
321 1964
322 761
325 852
326 1060
326 1951
327 1751
328 694
328 1158
328 1163
328 1173
328 1587
328 1878
329 1398
330 574
331 484
331 1282
331 1371
331 1434
332 469
332 758
332 1781
333 361
334 566
334 876
335 791
336 1470
338 376
338 425
338 472
338 665
338 667
338 1115
338 1130
338 1338
338 1372
338 1447
338 1681
338 1696
338 1858
339 458
340 998
341 413
341 500
341 519
341 970
343 836
343 997
343 1508
343 1864
344 546
344 569
344 585
344 699
344 738
344 817
344 881
344 1048
344 1062
344 1128
344 1140
344 1141
344 1199
344 1254
344 1329
344 1332
344 1595
344 1821
344 1907
345 785
347 492
347 544
347 553
347 840
347 1020
347 1445
347 1459
347 1493
347 1589
347 1607
347 1704
347 1864
348 444
348 737
348 912
348 1149
348 1247
348 1358
348 1589
348 1737
349 1640
350 1612
351 506
351 1866
352 473
352 1114
354 1396
355 406
355 467
356 440
356 1527
357 879
357 1695
359 1785
360 684
360 1072
361 531
361 1018
362 635
362 815
362 1259
362 1456
362 1824
363 563
363 1037
363 1403
363 1905
363 1967
364 489
364 587
364 1539
364 1546
364 1548
365 398
366 1646
368 928
368 1025
370 380
370 914
370 1145
370 1510
371 532
371 657
371 859
373 634
373 868
373 888
373 1098
373 1402
373 1546
374 841
375 404
376 411
376 420
376 650
376 933
376 1297
376 1381
376 1491
377 830
377 889
377 924
377 1111
378 798
378 1499
378 1505
381 1119
381 1307
381 1690
382 625
382 1047
382 1367
383 557
384 440
384 859
384 981
384 1469
384 1524
385 1221
386 586
386 938
386 1652
387 551
387 813
387 1102
387 1650
388 527
388 857
389 460
389 806
389 1173
389 1223
389 1368
389 1580
389 1594
389 1623
391 1249
392 640
393 933
393 1067
394 612
394 631
394 893
395 542
395 633
395 754
395 1719
395 1983
396 819
396 1277
401 565
401 795
401 1087
401 1301
401 1905
404 992
404 1786
407 437
407 729
407 883
407 1557
408 471
408 682
408 684
408 1108
408 1143
408 1160
409 1628
409 1816
409 1921
412 1295
417 641
417 1028
417 1065
417 1835
418 696
418 1236
418 1337
419 477
419 1630
420 716
421 1924
422 482
422 1513
423 978
423 1315
423 1684
424 1383
425 1480
428 1613
428 1709
429 687
429 734
429 973
429 1074
429 1119
429 1170
429 1553
431 623
431 1630
432 457
432 924
432 986
432 1903
432 1912
435 639
437 485
437 535
437 920
440 501
440 1273
444 510
444 762
444 860
444 1003
444 1354
444 1934
444 1963
446 1860
449 558
449 701
449 795
449 941
449 990
449 1359
449 1438
449 1718
449 1762
451 1064
454 886
454 1409
454 1443
455 1146
456 774
456 915
456 1321
456 1365
456 1843
458 1326
458 1645
461 1328
462 1085
465 988
465 1042
465 1382
467 842
467 929
467 1378
468 839
469 1708
472 515
472 940
472 947
472 1704
472 1810
473 583
473 686
473 1857
475 1124
475 1210
475 1241
478 1478
479 734
481 579
482 570
482 1069
482 1299
482 1525
482 1673
483 1929
486 800
486 1287
487 621
488 1126
488 1711
489 1927
490 648
493 863
494 1996
496 544
496 571
496 699
496 772
496 1052
496 1439
496 1475
496 1482
496 1556
496 1703
496 1744
496 1829
499 1920
501 1923
502 1444
504 1763
505 635
505 765
508 1317
508 1991
509 1475
511 591
511 1089
511 1194
513 1333
513 1535
514 939
514 1012
515 832
515 841
515 949
515 1622
518 673
518 1132
518 1207
519 666
521 698
524 557
524 821
524 1583
525 1239
527 556
527 593
527 1201
527 1407
528 1079
530 846
531 659
531 957
532 757
532 1908
536 582
536 614
536 616
536 764
537 1953
538 820
538 1281
539 600
539 1136
539 1406
539 1481
539 1521
539 1966
540 748
540 1001
540 1386
542 746
542 837
543 850
543 1319
543 1832
544 718
545 661
546 1782
547 750
547 1080
547 1566
548 1007
548 1133
548 1788
550 1181
553 1058
553 1580
554 1731
556 773
556 830
556 1486
557 697
558 672
558 1385
558 1670
559 566
560 1214
561 1212
563 1151
563 1736
564 1627
565 1862
570 891
570 1978
573 1320
573 1752
574 843
574 963
574 992
574 1233
574 1797
574 1828
575 1169
575 1208
575 1639
575 1754
576 808
576 1685
577 590
577 1026
580 586
580 721
584 964
584 1456
585 1152
585 1291
585 1735
585 1893
588 1006
588 1404
588 1870
590 1390
591 1868
593 716
593 1838
594 720
594 836
594 1014
594 1016
594 1555
594 1579
595 1365
595 1717
596 757
596 925
596 954
596 1949
598 764
598 1194
598 1267
601 732
601 816
601 956
601 1038
601 1150
601 1388
601 1401
601 1445
601 1773
601 1995
602 1015
602 1925
605 952
606 1623
607 708
607 1300
607 1319
607 1494
607 1507
607 1624
607 1775
607 1777
611 1379
612 1903
613 1008
613 1192
613 1205
613 1277
614 1954
615 878
616 722
617 887
619 1823
622 849
622 1024
622 1522
624 1316
625 875
625 1628
625 1851
626 960
626 1131
627 647
627 998
632 1099
632 1428
637 729
637 1424
638 811
639 1338
639 1476
639 1597
639 1913
639 1987
641 704
642 894
642 1263
642 1547
642 1994
643 962
645 1643
649 1131
649 1286
649 1917
649 1956
651 706
651 1076
652 1296
652 1665
652 1675
653 1379
654 898
654 1674
656 687
656 1534
656 1545
661 807
661 1124
661 1125
661 1141
661 1655
663 1006
663 1664
666 1700
667 1897
667 1977
668 755
670 888
670 1056
670 1160
670 1196
670 1809
671 957
671 1015
671 1739
673 1722
675 714
675 1968
676 1075
676 1920
677 1777
678 1875
682 1506
683 1043
683 1333
683 1657
690 1116
690 1163
692 781
692 1783
694 1218
694 1520
694 1646
694 1991
696 833
696 872
696 1339
696 1388
696 1425
696 1449
696 1622
696 1891
697 1073
698 1536
699 1107
700 1102
700 1142
701 1375
701 1514
701 1701
701 1841
702 1103
703 1265
708 893
708 987
708 1270
709 1818
710 1241
710 1901
713 1343
716 1717
718 1258
719 1982
721 731
721 1318
722 749
722 1765
722 1804
723 1458
724 911
725 1647
725 1955
727 1662
728 1341
731 822
732 971
732 1172
733 1366
734 768
734 850
734 1778
736 1090
736 1626
737 931
741 1013
741 1881
746 1584
747 1600
748 1231
750 1027
751 874
751 953
751 1487
752 934
752 1308
752 1559
752 1581
756 829
756 1297
756 1342
757 1176
757 1886
760 1137
762 794
762 967
767 873
771 1419
771 1624
772 948
772 1245
775 1227
779 1793
779 1890
782 991
783 1156
783 1471
783 1739
783 1844
783 1910
785 1108
792 1288
792 1757
794 1028
794 1256
794 1576
796 815
796 1115
796 1117
796 1654
797 1002
800 1122
800 1129
802 1359
802 1541
803 1112
806 916
806 1969
807 823
807 1552
807 1635
808 1081
808 1231
808 1325
808 1391
808 1494
808 1808
809 907
809 1196
812 1847
812 1941
814 1671
815 1692
816 937
818 1848
821 1707
823 872
823 1262
823 1324
826 1521
832 1104
834 1126
837 1226
837 1411
837 1743
839 909
844 1002
844 1203
846 1950
849 1606
854 1759
855 989
855 1148
855 1229
855 1413
855 1497
857 1261
858 1147
858 1176
859 1896
859 1980
861 942
864 1871
865 1634
867 1638
870 965
874 1184
874 1353
874 1874
875 1558
875 1984
876 1294
876 1724
876 1741
876 1749
876 1772
876 1962
878 1144
880 1307
880 1716
881 996
882 1726
884 995
884 1535
887 1278
889 991
891 1125
892 1734
894 1584
894 1629
895 932
897 1455
900 971
900 1036
900 1488
900 1877
901 1190
901 1394
901 1602
902 1405
903 1084
904 1265
906 1705
909 1089
910 1242
910 1309
910 1330
910 1331
910 1500
910 1526
911 1752
912 1345
912 1380
912 1568
914 1039
914 1044
914 1151
914 1197
914 1200
914 1348
914 1356
914 1899
914 1976
915 1225
917 1095
918 1642
918 1840
921 1801
927 1121
927 1779
929 1533
931 1747
932 1063
932 1093
938 1656
939 1159
948 1757
954 1350
954 1761
954 1802
958 1476
961 1021
963 1243
964 1270
964 1471
964 1712
966 1350
968 1600
970 1543
970 1803
974 1155
974 1417
979 1803
979 1826
981 1444
981 1800
984 1100
984 1404
986 1608
987 1817
989 1714
991 1148
991 1487
991 1846
993 1054
995 1890
995 1892
998 1778
1000 1694
1003 1863
1007 1625
1007 1631
1009 1185
1018 1303
1018 1534
1019 1669
1019 1972
1020 1254
1023 1376
1024 1118
1024 1315
1024 1326
1024 1410
1024 1418
1029 1544
1035 1598
1035 1815
1036 1658
1038 1485
1039 1048
1039 1784
1049 1314
1054 1742
1057 1268
1057 1780
1059 1272
1059 1523
1065 1088
1068 1230
1068 1968
1070 1129
1073 1097
1073 1737
1075 1524
1078 1174
1078 1288
1078 1712
1078 1953
1080 1258
1080 1852
1082 1109
1082 1189
1082 1402
1082 1755
1084 1609
1086 1906
1093 1612
1095 1732
1100 1269
1107 1512
1109 1140
1111 1368
1111 1815
1113 1370
1117 1781
1120 1182
1120 1727
1121 1347
1121 1507
1123 1613
1126 1229
1126 1677
1128 1595
1135 1448
1138 1433
1138 1616
1142 1993
1143 1206
1143 1808
1145 1269
1146 1563
1149 1830
1149 1872
1150 1179
1155 1214
1162 1353
1167 1772
1171 1711
1175 1345
1180 1596
1180 1699
1180 1785
1183 1465
1185 1986
1186 1375
1192 1253
1192 1794
1192 1936
1198 1450
1198 1659
1201 1682
1201 1916
1201 1970
1203 1848
1204 1271
1211 1427
1214 1611
1214 1897
1227 1397
1227 1601
1229 1935
1234 1397
1234 1882
1241 1389
1245 1458
1247 1510
1251 1383
1252 1961
1256 1452
1264 1642
1269 1708
1273 1498
1284 1755
1284 1856
1286 1358
1286 1446
1289 1395
1289 1650
1293 1551
1293 1602
1293 1812
1299 1317
1299 1952
1305 1902
1309 1503
1323 1424
1329 1412
1331 1549
1337 1346
1337 1569
1345 1733
1347 1972
1350 1497
1356 1384
1358 1408
1359 1866
1371 1462
1371 1489
1371 1577
1380 1571
1382 1933
1389 1518
1397 1688
1405 1543
1407 1540
1407 1941
1409 1636
1410 1464
1419 1440
1423 1617
1430 1474
1431 1669
1431 1746
1431 1924
1432 1705
1433 1713
1433 1776
1438 1680
1442 1447
1447 1831
1450 1670
1450 1738
1460 1940
1462 1771
1464 1928
1467 1649
1467 1959
1473 1598
1478 1936
1479 1714
1480 1784
1493 1974
1498 1713
1500 1802
1508 1892
1511 1847
1517 1819
1523 1686
1531 1665
1534 1685
1548 1599
1549 1551
1563 1566
1572 1734
1575 1592
1580 1961
1586 1948
1586 1985
1601 1675
1602 1904
1607 1927
1611 1697
1615 1706
1624 1795
1632 1935
1632 1969
1653 1742
1670 1894
1677 1989
1681 1765
1682 1964
1727 1867
1729 1876
1732 1807
1740 1790
1745 1806
1749 1783
1753 1976
1754 1990
1764 1875
1822 1921
1831 1879
1836 1885
1851 1957
1889 1981
1903 1970
