0 28
0 53
0 56
0 71
0 97
1 7
1 44
1 51
1 57
1 81
1 102
2 49
2 60
2 67
2 105
3 12
3 119
4 24
4 54
4 82
5 57
5 58
5 85
6 55
6 82
6 117
7 24
7 32
7 44
7 62
7 87
7 89
7 108
8 76
8 107
8 114
9 21
9 24
9 121
10 40
10 82
11 27
11 82
12 41
12 42
12 55
12 80
12 88
13 41
13 68
14 33
14 44
14 56
15 87
15 108
15 110
15 122
16 114
17 49
17 66
17 81
17 92
17 99
17 102
18 32
18 36
18 77
18 86
18 100
18 110
18 124
19 38
20 51
20 53
20 92
20 103
21 27
21 69
21 83
21 111
21 121
21 122
22 32
22 50
23 48
23 97
24 63
24 77
25 36
25 38
25 77
25 100
26 30
26 39
26 116
27 95
27 115
27 117
28 35
28 57
28 102
28 103
29 50
29 54
29 87
29 100
30 69
31 51
31 57
31 112
32 105
32 124
33 73
34 123
34 124
35 83
35 118
35 123
36 66
36 72
36 81
36 113
38 61
38 66
38 74
38 79
38 86
38 117
39 64
39 113
40 66
41 54
41 71
41 76
41 113
41 117
42 49
42 74
42 85
43 50
43 98
43 118
44 69
44 81
44 101
44 116
45 46
45 59
46 62
46 118
47 57
47 63
47 70
47 93
47 116
48 108
49 78
49 83
49 118
50 89
50 91
50 110
51 84
51 102
51 117
52 57
52 63
53 89
53 110
55 78
55 85
55 117
55 120
56 95
57 66
57 73
58 118
59 73
59 101
60 67
61 102
61 108
62 65
62 68
62 93
62 99
63 76
64 70
64 124
65 72
67 68
68 105
69 86
69 95
69 102
69 105
69 122
70 99
70 119
72 88
74 112
74 118
75 116
76 121
77 109
78 91
79 106
79 108
80 86
81 82
81 97
82 91
84 95
84 119
86 123
87 119
89 111
89 122
91 106
91 122
93 107
94 99
97 117
99 120
99 121
100 120
103 108
104 113
109 120
110 114
112 115
114 124
