0 39
0 276
0 991
1 56
1 339
2 118
2 667
2 719
3 850
3 982
4 440
4 603
4 732
5 83
5 193
5 583
5 656
5 977
6 547
6 663
6 908
7 229
7 233
7 397
7 890
8 946
9 313
9 315
9 368
9 395
9 418
9 925
10 187
10 503
10 902
11 73
11 185
11 375
11 452
11 458
11 764
11 854
12 378
12 693
13 136
13 413
13 429
13 528
13 912
14 159
14 586
14 601
14 677
14 877
15 40
15 46
15 112
15 118
15 316
15 600
15 796
15 968
16 222
16 287
16 490
16 644
16 818
16 821
16 854
17 617
17 725
18 122
18 493
18 604
18 624
19 374
20 679
20 832
20 984
20 988
21 291
21 510
21 522
21 669
21 686
21 929
22 45
22 475
22 588
22 773
23 183
23 404
23 412
23 678
23 803
23 820
24 85
24 466
24 479
24 540
24 615
24 755
25 214
25 442
25 628
25 885
26 365
26 587
26 847
26 849
26 897
26 965
27 183
27 351
27 539
27 771
28 262
28 450
28 724
28 847
28 863
29 69
29 185
29 579
29 634
30 40
30 48
30 71
30 269
30 379
30 467
30 816
31 325
31 635
31 677
31 785
32 380
32 545
32 856
32 990
33 147
33 679
33 818
33 991
34 65
34 217
34 610
34 750
34 970
35 427
35 975
36 193
36 459
36 567
36 699
36 976
37 60
37 321
37 422
37 947
38 228
38 265
38 364
38 413
38 549
38 731
38 984
39 195
39 307
39 340
39 512
39 765
40 64
40 132
40 410
40 683
40 690
41 85
41 177
41 353
41 427
41 746
42 146
42 214
42 310
42 469
42 684
42 764
42 800
42 832
43 121
43 275
43 628
44 234
44 440
45 446
45 754
45 763
45 807
46 185
46 190
46 192
46 601
48 752
49 89
49 98
49 304
49 322
49 355
49 361
49 478
49 816
49 860
49 912
49 974
50 63
50 479
50 575
50 720
50 728
50 793
50 813
51 169
51 374
51 421
51 657
51 864
52 172
52 519
52 819
53 54
53 83
53 208
53 297
53 397
53 511
53 547
53 725
53 755
53 962
54 360
54 423
55 658
55 887
56 118
56 204
56 274
56 312
56 995
57 80
57 121
57 129
57 224
57 243
57 675
57 763
58 170
58 173
58 327
58 488
58 703
58 848
59 600
59 792
59 842
60 427
60 574
60 675
61 93
61 736
61 771
61 774
61 991
62 561
62 939
63 620
63 839
64 153
64 358
64 474
64 662
64 889
65 345
65 391
65 403
65 571
65 589
65 622
65 739
65 773
66 431
66 438
66 551
66 714
66 943
66 998
67 274
67 510
67 709
68 194
68 226
68 552
68 977
69 252
69 452
69 577
70 134
70 401
71 670
71 772
72 104
72 669
72 774
73 150
73 169
73 356
73 371
73 820
74 183
74 233
74 435
74 472
74 787
75 439
75 466
75 785
75 809
75 998
76 223
76 817
77 163
77 201
77 635
77 926
78 552
78 750
79 132
79 137
79 254
79 323
79 428
79 482
79 507
80 229
80 801
81 440
81 930
82 89
82 207
82 286
82 940
83 995
84 400
84 662
85 163
85 171
85 175
85 193
85 428
85 499
85 573
87 380
87 492
88 890
89 914
90 320
91 237
91 915
91 979
92 360
92 449
92 512
92 684
92 853
92 880
93 103
93 134
93 294
93 295
93 653
93 937
93 958
93 973
94 373
95 99
95 742
95 853
95 955
96 625
96 918
97 597
97 665
97 701
97 735
98 194
98 333
99 490
99 614
99 766
99 833
99 855
99 944
100 266
100 344
100 391
100 592
100 739
100 829
101 550
101 591
101 968
101 977
102 279
102 488
102 533
102 561
102 906
103 131
103 186
103 279
103 392
103 462
103 809
103 977
104 311
104 323
104 370
104 625
104 660
105 461
106 192
106 258
106 826
106 843
106 970
107 252
107 267
107 710
107 821
108 185
108 292
108 486
108 568
108 736
108 739
108 808
109 306
109 719
110 239
110 262
110 608
110 750
110 927
110 945
110 953
111 259
111 319
111 546
111 964
111 990
112 280
112 468
112 605
112 667
113 387
113 584
113 978
114 174
114 899
115 356
115 672
115 733
115 841
115 932
115 936
116 220
116 499
116 694
117 172
117 436
117 465
117 656
117 948
118 389
118 473
118 641
118 864
119 948
120 449
120 587
120 686
120 738
121 231
121 532
121 616
121 623
121 678
121 945
122 173
122 371
122 561
123 297
123 367
123 568
123 835
123 849
123 860
123 954
124 281
124 750
124 812
125 189
125 209
125 338
125 631
125 652
125 839
127 553
127 577
127 610
127 824
128 131
128 662
129 316
129 524
129 674
129 957
130 272
130 409
130 762
130 815
131 219
131 533
131 604
131 666
132 654
132 696
133 857
133 893
133 984
134 216
134 254
134 942
134 955
135 354
135 598
135 604
136 376
136 401
136 452
136 507
136 961
137 243
137 491
137 644
137 762
137 898
138 372
138 466
139 328
139 585
140 931
140 941
141 670
142 172
142 235
142 261
142 425
142 641
146 563
146 695
147 269
147 318
147 506
148 768
148 888
149 161
149 170
149 202
149 220
149 690
149 816
150 179
150 250
150 327
151 536
151 560
151 601
152 466
152 847
152 886
152 996
153 419
154 348
154 400
154 977
156 200
156 557
156 669
157 196
157 335
157 500
157 561
157 845
158 188
158 361
158 434
158 923
159 186
159 597
159 896
160 186
160 389
160 436
160 506
160 530
161 379
161 462
161 504
161 813
162 270
162 565
162 574
162 922
163 167
164 253
164 825
164 841
165 262
165 489
165 549
165 611
165 789
166 397
166 689
166 890
167 173
167 434
167 460
167 740
168 379
168 429
168 538
169 195
169 326
169 391
169 941
170 192
170 578
171 205
171 548
172 686
172 717
172 920
172 953
173 211
173 328
173 383
173 426
174 288
174 453
175 783
176 839
177 403
178 201
178 269
178 323
179 298
179 390
179 915
180 283
180 466
180 526
180 926
180 978
181 347
181 575
181 598
182 460
182 969
183 522
183 564
183 872
184 511
184 607
184 820
184 859
184 967
184 994
185 275
185 636
185 817
185 832
185 936
186 568
186 611
187 212
187 394
187 537
187 575
188 519
188 723
188 729
189 411
189 501
189 536
189 803
189 881
190 221
190 755
191 283
191 410
191 925
192 331
192 553
192 565
192 593
192 693
192 860
193 380
193 398
194 589
195 359
195 720
196 325
196 407
196 914
197 614
198 271
198 933
198 939
198 940
199 492
199 888
199 895
200 517
200 726
200 879
200 974
200 999
201 455
202 324
202 412
203 366
203 439
203 507
204 359
204 570
204 582
206 830
207 306
207 588
207 707
209 400
209 812
210 233
210 592
210 759
211 234
211 404
211 760
211 798
211 870
212 220
212 607
213 362
213 653
213 741
213 945
214 564
214 663
214 779
214 889
214 901
215 322
215 338
215 343
215 802
216 400
216 568
217 901
217 947
217 993
218 413
218 507
218 940
219 328
219 418
219 478
219 654
220 464
220 703
220 837
220 848
221 401
221 726
222 242
222 268
222 390
222 476
223 400
223 481
223 606
223 702
223 716
223 770
223 943
224 288
224 590
224 827
224 951
225 231
225 870
225 998
227 370
227 445
227 552
227 867
227 909
228 572
228 857
229 736
230 282
230 651
230 706
230 761
231 486
231 604
231 742
231 982
231 983
232 539
232 873
232 936
233 474
233 526
233 693
233 796
234 249
234 816
235 371
235 642
235 658
236 356
237 333
237 474
237 733
237 790
238 366
239 363
239 472
240 703
240 805
240 917
241 357
241 797
241 957
242 484
242 638
242 805
242 835
242 937
243 365
243 458
243 524
243 634
243 695
243 983
244 311
244 319
244 508
244 707
244 996
246 313
246 612
246 723
246 725
247 449
247 502
247 724
248 282
248 322
248 411
248 732
248 979
249 703
250 301
250 622
250 791
252 579
252 805
252 973
253 259
253 521
254 275
254 497
255 529
255 692
255 748
256 376
256 436
256 487
256 627
256 674
256 764
256 803
256 888
257 339
257 523
257 836
257 945
257 963
258 490
258 827
258 866
259 603
259 794
260 470
260 684
261 976
262 427
262 528
262 774
262 988
263 297
263 497
263 782
263 913
264 639
264 823
265 334
265 610
265 682
265 689
265 786
266 349
266 359
266 425
266 664
266 877
266 943
267 296
267 487
267 717
267 808
268 329
268 539
269 677
269 836
270 772
271 441
273 338
274 307
274 519
274 696
274 712
274 969
275 541
275 773
275 937
276 323
276 797
277 280
277 325
277 393
277 398
277 607
277 854
278 674
279 303
279 709
280 637
280 687
280 732
281 516
281 829
282 552
282 584
282 746
283 298
283 304
284 291
284 506
284 556
284 601
284 692
284 713
284 873
285 448
285 753
286 397
286 483
286 681
287 360
287 580
287 869
288 543
289 696
290 337
290 460
290 474
290 873
291 317
291 722
291 794
291 883
291 950
292 384
293 874
293 989
294 548
295 497
295 654
295 741
296 698
296 944
297 809
298 395
298 406
298 483
298 781
299 379
299 428
300 321
300 912
301 470
302 805
302 993
303 554
304 385
304 464
304 508
304 638
304 763
305 670
305 898
305 910
306 403
306 530
307 355
307 394
307 472
307 755
307 767
308 779
308 852
308 953
309 370
309 393
309 790
310 938
311 410
311 553
311 888
312 480
313 374
314 519
314 724
314 868
315 555
316 404
317 452
317 751
317 788
318 381
318 763
319 441
319 849
320 495
321 557
321 806
321 974
321 998
322 755
322 969
323 654
323 827
323 990
324 608
324 719
325 432
326 845
327 495
327 756
327 832
328 654
328 808
328 982
329 739
329 816
329 847
329 955
332 503
332 704
333 404
333 443
333 783
334 396
335 755
335 843
336 970
337 387
337 824
338 579
338 602
338 690
339 346
339 521
339 523
339 585
340 457
340 532
340 555
340 970
341 495
341 843
341 877
341 917
342 499
342 845
343 508
343 581
343 607
343 819
344 419
344 491
345 361
345 615
345 673
345 683
346 904
347 367
347 608
347 637
347 741
348 351
348 652
349 953
349 974
350 457
350 787
351 404
351 858
352 464
352 728
352 756
353 438
353 811
353 879
354 493
354 510
354 544
354 585
354 885
355 560
355 727
355 828
356 614
356 727
356 815
357 454
357 899
359 414
359 424
360 963
361 614
361 690
361 715
361 778
361 938
361 967
362 478
362 562
362 624
362 663
362 871
363 384
363 476
363 639
363 787
364 873
365 459
365 863
366 486
366 596
366 792
366 919
366 968
368 537
368 613
368 638
368 643
368 906
369 431
369 511
370 452
370 559
370 594
370 980
371 396
371 563
371 990
372 765
374 379
374 735
374 967
375 443
375 617
375 771
375 779
375 801
377 577
377 638
377 719
377 745
377 759
377 809
378 679
378 690
378 701
378 754
378 755
379 871
380 394
380 423
380 437
380 518
380 653
380 668
380 741
380 977
381 794
382 551
382 770
382 874
382 913
382 981
382 995
383 428
383 431
383 689
384 672
384 677
384 860
385 520
385 644
385 725
386 387
386 405
387 415
387 655
387 969
388 758
388 801
389 416
389 706
389 875
390 405
390 944
391 597
391 628
391 631
391 671
391 678
391 761
391 822
391 981
393 415
393 486
393 760
394 459
394 663
394 865
395 624
395 851
397 681
398 513
398 593
399 418
399 420
399 676
399 746
399 940
400 429
400 512
401 541
401 959
402 808
402 894
403 466
403 565
403 770
403 929
404 633
404 942
405 502
405 640
405 808
405 944
405 967
406 689
406 700
407 647
407 844
407 857
408 734
409 854
409 861
409 871
410 489
410 559
410 582
410 906
411 908
412 519
412 566
412 580
413 429
413 518
413 535
413 608
414 492
414 606
414 959
415 746
415 757
415 898
416 868
417 869
418 532
418 742
418 745
419 452
419 778
419 982
420 614
420 747
420 838
421 927
422 536
422 599
423 458
423 580
423 924
423 956
423 969
424 482
425 458
425 597
425 652
425 684
425 808
427 637
427 978
428 687
429 690
429 867
430 613
430 679
430 882
431 452
431 827
432 478
432 647
433 478
433 982
434 631
434 918
435 648
435 882
435 969
435 993
436 650
436 905
436 987
437 483
437 647
438 782
439 451
439 588
440 742
441 622
441 635
441 723
443 449
443 508
444 798
444 910
445 587
445 753
445 816
445 928
446 610
446 781
447 569
447 856
448 788
448 828
448 843
448 869
450 974
451 644
451 840
451 948
451 983
452 548
452 734
453 500
454 766
455 565
456 831
456 854
457 538
457 540
458 855
459 879
460 520
460 699
460 833
462 611
462 697
462 728
463 899
464 655
466 480
466 749
466 822
466 972
467 721
468 618
468 687
469 570
469 871
469 904
469 944
470 577
470 643
470 737
470 741
471 784
471 847
472 492
472 583
473 537
473 619
473 840
473 899
473 962
474 489
475 917
476 537
476 642
476 738
477 558
477 633
477 733
478 600
478 813
478 830
478 851
479 998
480 711
480 842
481 532
481 609
481 886
482 522
482 607
483 880
483 964
484 893
485 884
486 603
486 676
487 682
488 563
488 595
488 659
488 886
489 784
490 615
490 736
492 654
492 829
492 881
492 955
493 527
493 590
493 796
494 672
494 680
494 851
495 714
495 728
496 888
497 593
497 907
498 542
498 555
499 669
500 679
501 604
502 529
502 754
502 927
503 557
504 605
504 757
504 914
504 928
507 650
507 731
508 876
509 746
509 928
509 989
510 776
510 996
511 936
513 748
514 764
514 839
514 910
515 577
515 708
515 934
517 641
518 609
518 944
518 952
519 539
520 861
520 864
521 559
521 600
521 955
522 663
523 636
523 768
524 594
524 706
524 914
525 688
525 899
526 582
526 586
526 681
526 744
526 838
526 857
526 895
526 935
526 969
528 550
528 669
529 610
529 718
529 814
529 929
530 835
530 856
532 961
533 582
533 843
533 886
533 910
534 743
534 793
534 992
535 828
535 858
535 924
536 662
537 556
537 790
537 846
538 617
539 720
539 909
542 554
542 721
542 812
542 875
543 745
543 891
544 566
544 695
546 922
547 717
547 742
547 832
547 911
548 652
548 952
549 565
549 606
549 683
549 791
551 715
551 842
553 909
553 993
554 852
555 641
555 662
555 860
556 593
556 640
557 644
558 643
558 736
558 826
559 621
560 845
560 849
561 594
562 749
562 927
562 967
563 575
563 635
563 734
563 743
563 920
563 967
564 647
564 735
565 688
565 784
565 821
565 829
566 682
567 943
568 737
568 900
569 688
570 744
572 697
572 745
572 812
572 841
572 961
573 845
573 921
574 975
575 678
576 593
577 615
578 928
579 608
579 932
580 763
581 705
581 780
581 793
582 731
583 788
583 947
584 828
585 658
586 941
587 986
588 726
589 602
589 706
590 668
590 869
591 592
591 888
591 907
592 935
593 676
593 689
593 981
594 688
594 705
595 671
595 874
596 696
596 705
596 768
597 734
597 768
598 838
600 908
600 965
601 659
602 814
603 666
603 899
604 607
604 738
604 748
605 983
606 839
607 704
608 877
608 923
609 777
609 991
611 620
612 847
613 719
613 735
613 767
613 778
613 982
614 943
615 652
615 763
616 670
616 699
617 869
619 708
620 805
620 926
621 813
621 866
622 784
622 842
624 698
624 885
625 866
626 750
627 886
628 699
628 723
628 881
628 888
628 896
630 780
630 972
632 660
632 687
632 763
632 868
633 893
634 675
639 787
640 868
640 912
640 924
641 883
641 971
642 959
643 887
644 660
645 782
645 886
646 693
648 660
648 666
648 807
648 992
650 693
652 732
652 979
654 719
654 764
654 960
655 757
657 797
658 841
658 951
659 725
660 746
660 908
661 856
663 762
664 739
664 818
664 878
665 737
665 976
666 777
667 919
668 693
668 705
668 854
669 966
670 739
672 679
672 819
674 778
675 715
676 700
676 740
677 793
677 889
678 854
678 899
678 960
679 752
680 765
681 790
681 918
682 885
683 974
687 705
687 767
687 817
687 833
688 826
689 747
691 823
692 751
692 854
692 995
693 959
694 753
695 724
696 718
696 879
699 931
699 999
700 706
701 972
702 716
702 971
703 957
704 944
705 901
707 907
708 769
709 716
709 905
710 718
712 930
714 973
715 716
716 967
719 766
719 953
719 957
722 955
725 891
725 924
726 969
727 746
728 753
729 893
729 996
731 886
732 741
732 984
735 836
736 918
737 780
738 751
741 930
741 948
742 864
742 965
743 892
743 893
745 823
745 829
746 911
748 786
748 952
749 817
751 887
751 939
753 850
753 940
754 864
755 824
755 983
756 787
756 883
756 968
756 970
757 786
760 771
761 873
763 798
763 857
763 964
764 885
765 771
765 881
765 922
765 972
766 807
769 796
771 811
771 813
773 901
774 918
774 931
775 930
775 995
776 847
779 825
782 954
784 856
784 865
787 903
788 814
788 873
789 959
789 975
790 827
790 987
793 935
795 848
795 869
795 916
800 918
801 808
805 811
805 860
808 951
812 935
814 877
814 941
814 983
817 846
817 966
819 917
820 829
821 904
821 913
821 933
823 998
824 932
824 952
825 830
826 868
827 996
828 926
832 898
835 883
835 895
836 965
838 930
840 973
840 976
841 860
841 892
841 905
842 984
844 947
846 998
847 980
848 853
852 929
853 931
854 945
854 998
858 868
858 979
861 940
863 991
866 962
867 969
868 928
871 886
871 999
875 917
877 905
878 995
879 910
879 939
880 971
882 978
885 890
886 993
889 971
892 981
893 906
896 903
898 991
900 981
905 939
907 944
916 944
921 944
922 940
923 925
924 961
930 950
932 970
932 975
933 955
934 990
935 950
937 950
939 959
940 986
948 957
952 962
954 974
958 995
961 980
978 980
979 992
982 997
