0 1
0 2
0 3
0 4
0 5
0 7
0 8
0 12
0 13
0 14
0 17
0 18
0 19
0 20
0 22
0 24
0 25
0 27
0 28
0 32
0 33
0 34
0 37
0 38
0 39
0 40
0 42
0 43
0 44
0 48
0 49
0 52
0 55
0 57
0 58
0 59
0 63
0 65
0 66
0 67
0 68
0 69
0 71
0 72
0 73
0 74
0 77
0 80
0 84
0 85
0 86
0 88
0 89
0 91
0 92
0 94
0 99
0 103
0 105
0 108
0 111
0 112
0 116
0 119
0 121
0 129
0 137
0 138
0 139
0 148
0 152
0 154
0 159
0 165
0 167
0 168
0 171
0 173
0 181
0 187
0 192
0 194
0 202
0 204
0 218
0 224
0 235
0 238
0 240
1 2
1 4
1 5
1 9
1 10
1 14
1 15
1 16
1 18
1 26
1 42
1 44
1 51
1 55
1 71
1 79
1 85
1 87
1 90
1 95
1 100
1 104
1 118
1 129
1 133
1 134
1 154
1 163
1 180
1 187
1 193
1 222
1 245
1 248
2 3
2 6
2 8
2 9
2 11
2 13
2 20
2 23
2 24
2 25
2 28
2 31
2 36
2 39
2 46
2 47
2 53
2 62
2 63
2 74
2 76
2 77
2 96
2 127
2 132
2 135
2 136
2 140
2 142
2 146
2 147
2 151
2 158
2 163
2 164
2 167
2 169
2 186
2 188
2 190
2 200
2 206
2 209
2 210
2 215
2 224
2 225
2 227
2 247
2 249
3 6
3 23
3 33
3 66
3 94
3 115
3 140
3 159
3 165
3 183
3 213
3 230
3 234
3 238
4 7
4 10
4 16
4 19
4 21
4 22
4 27
4 30
4 35
4 37
4 46
4 47
4 57
4 64
4 65
4 69
4 70
4 72
4 78
4 96
4 100
4 102
4 120
4 122
4 134
4 137
4 150
4 161
4 170
4 175
4 177
4 184
4 199
4 201
4 209
4 211
5 234
6 30
6 73
6 84
6 99
6 183
6 197
7 11
7 60
7 193
8 15
8 17
8 31
8 32
8 67
8 93
8 95
8 101
8 111
8 118
8 122
8 124
8 157
8 226
8 243
9 196
9 226
10 12
10 38
10 52
10 120
10 121
10 133
10 198
10 214
10 223
10 240
10 247
11 75
11 116
11 125
11 153
14 117
16 26
16 29
16 34
16 43
16 91
16 92
16 109
16 131
16 149
16 150
16 156
16 197
16 220
16 221
16 229
17 41
17 61
17 75
17 123
17 173
17 223
18 21
18 29
18 36
18 45
18 54
18 56
18 58
18 59
18 60
18 68
18 78
18 80
18 82
18 83
18 88
18 105
18 108
18 130
18 142
18 172
18 185
18 189
18 194
18 195
18 200
18 202
18 212
18 230
18 235
18 241
18 245
19 218
19 231
20 109
20 176
20 179
20 190
20 205
20 210
20 219
20 228
21 128
21 152
21 229
23 61
23 161
24 79
25 242
27 40
27 90
27 146
27 248
28 49
28 186
28 231
31 41
32 162
32 217
33 35
33 45
33 50
33 51
33 54
33 81
33 117
33 145
33 174
33 178
33 208
34 82
34 89
34 103
34 199
34 211
34 213
35 124
35 125
36 115
36 130
36 147
38 48
38 70
38 83
38 203
39 86
39 176
39 182
39 185
40 113
40 157
40 236
41 50
42 56
42 110
44 62
44 98
44 101
44 102
44 114
44 123
44 126
44 148
44 166
44 181
44 208
45 107
46 87
50 53
52 64
52 76
52 180
52 232
55 97
55 170
55 179
55 182
58 131
58 239
59 220
60 242
62 222
62 232
63 113
63 172
64 97
65 93
66 164
67 114
68 110
68 189
68 237
71 188
72 156
73 104
73 201
74 106
74 177
74 215
76 178
79 81
79 136
79 144
79 145
79 149
79 168
79 192
79 195
79 212
79 227
79 236
80 155
80 160
81 98
81 126
81 138
81 153
82 106
82 169
82 203
83 139
83 221
84 166
87 119
87 128
88 107
88 127
88 214
91 216
91 243
92 144
92 207
93 174
98 135
99 216
102 112
105 233
105 237
109 162
111 244
118 141
120 141
121 132
121 143
124 160
124 191
125 143
125 155
126 239
127 158
128 171
131 249
132 196
138 184
139 219
147 204
149 205
150 151
151 233
151 246
161 191
171 175
173 207
173 244
173 246
175 217
181 206
186 198
192 225
200 228
219 241
