0 968
0 1494
1 411
1 747
1 974
1 2050
1 2611
1 2654
1 3052
2 1211
2 2283
2 2285
2 3212
3 688
3 1409
3 1462
3 2740
3 2924
3 3322
4 432
4 2228
5 805
5 1432
5 1682
5 1896
6 366
6 566
6 3744
7 293
7 682
7 1127
7 1262
7 3330
8 1893
8 2668
8 3172
8 3973
9 681
9 2619
10 1607
10 3647
12 349
12 598
12 719
12 750
12 2482
13 1293
13 2653
14 2311
14 2628
15 88
15 459
15 1791
15 2051
15 2101
15 3959
16 927
16 1812
16 2709
16 2924
16 3751
17 19
17 670
17 2072
17 3372
17 3985
18 2514
18 3539
18 3831
19 76
19 763
19 1053
19 1593
19 2831
20 1181
20 1248
20 1358
20 1635
20 1816
20 1928
20 3434
21 432
21 622
21 776
21 1008
21 3630
21 3944
22 1803
23 2889
23 3525
24 113
24 150
24 496
24 867
24 1642
25 57
25 244
25 511
25 1194
25 1247
25 2657
25 2731
25 3028
25 3723
26 1835
26 2919
26 3114
27 742
28 144
28 572
28 1246
28 2255
28 3334
29 1675
29 3209
29 3620
29 3942
30 243
30 770
30 2802
30 3415
31 535
31 1420
31 2643
32 1309
33 346
33 426
33 1235
33 1270
33 2768
34 100
34 2442
35 175
35 1118
35 3086
35 3251
35 3995
36 2228
36 2509
36 3005
37 1117
38 859
38 2459
38 3189
38 3632
38 3699
38 3715
39 202
39 322
39 483
39 739
39 2787
39 3260
40 1723
40 1968
40 2884
40 3250
41 101
41 708
41 803
41 1311
41 1535
41 2004
41 2406
41 2574
42 1011
42 3550
43 292
43 437
43 1861
43 2388
43 3382
43 3631
44 1801
44 1803
44 2765
45 264
45 509
45 1860
45 2244
45 2539
45 3682
45 3700
46 922
46 926
46 3059
46 3298
47 762
47 1053
47 2290
47 2434
47 3863
48 1104
48 2008
49 704
49 3600
50 1747
50 1767
50 2982
50 3519
51 298
51 453
51 531
51 2139
51 2717
51 3067
51 3765
51 3916
52 1052
52 3813
53 722
53 831
53 2732
53 3524
54 1819
54 2927
54 3383
55 264
56 460
56 525
56 652
56 1659
56 2860
57 1032
58 1644
58 2672
58 2725
58 2962
58 3222
58 3451
59 368
59 711
59 886
59 1656
59 1669
59 1745
59 1980
60 469
60 785
60 1483
60 1577
60 2178
60 2880
60 3249
60 3799
60 3966
61 1214
62 174
62 1218
62 1894
63 437
63 931
63 3104
63 3482
64 414
64 442
64 2609
65 1700
65 1754
65 1826
65 1870
65 3129
65 3364
65 3480
66 3221
66 3637
66 3849
66 3943
67 721
67 3155
68 676
68 694
68 713
68 3678
69 334
69 719
69 1260
69 1831
69 3371
69 3389
69 3558
70 320
70 697
70 711
70 2665
70 3075
71 118
71 448
71 2405
71 2510
71 3072
72 1094
72 1310
72 1430
72 2648
72 3230
73 208
73 426
73 473
73 2833
73 3468
74 109
74 115
74 676
74 719
74 1563
74 2800
75 2601
75 3006
76 610
76 1051
76 1602
76 1910
76 1921
76 2816
76 3107
77 189
77 2799
78 363
78 379
78 801
78 1575
78 1704
78 3903
79 852
79 1414
79 1984
79 2074
79 2400
79 2921
79 3470
79 3994
80 826
80 952
80 1214
80 2750
80 3475
81 2507
82 933
82 1198
82 1306
82 1313
82 1362
82 2608
82 3717
82 3947
83 1224
83 1904
83 2320
83 3279
84 1906
84 3759
85 642
85 751
85 3565
86 1329
86 3821
87 2137
88 466
88 608
88 1419
88 1792
88 2043
89 986
89 1258
89 3472
89 3946
90 557
90 1235
90 2694
90 3387
91 1076
91 1791
91 2802
91 3996
92 1610
92 3486
93 1319
93 3220
93 3438
93 3549
94 388
94 1986
94 3279
94 3522
95 3065
96 1649
96 2498
96 2637
96 3181
96 3362
97 2328
98 1882
98 2018
98 3688
98 3950
99 297
99 3161
100 439
100 2902
100 2928
100 3977
101 880
101 1173
101 2312
101 2416
101 3097
102 1280
102 2795
102 2894
102 3347
102 3852
103 755
103 2637
103 3064
103 3456
104 422
104 2931
104 2942
105 1060
105 2075
105 2250
105 2761
105 3892
106 1002
106 1171
106 1497
107 1332
107 3671
107 3826
108 125
108 274
108 1900
108 2818
108 3540
108 3886
108 3889
109 2000
109 2063
109 2764
110 1450
110 3285
111 155
111 257
111 492
111 934
111 1087
111 1990
111 2642
112 329
112 1117
112 1205
112 3999
113 496
113 916
113 1540
113 1680
113 1770
113 2768
113 2822
114 660
114 1059
114 1402
114 2466
115 227
115 1746
115 2328
115 3001
115 3146
115 3215
116 276
116 735
116 815
116 906
116 1631
117 773
117 812
117 1166
117 1835
118 433
118 1394
118 2525
118 3373
118 3489
118 3780
119 202
119 2384
119 3114
120 795
120 1118
120 3074
121 852
122 595
122 1044
122 1805
122 1882
122 2121
123 956
123 1419
123 2113
123 2257
123 2991
124 439
124 2465
124 3935
125 193
125 396
125 683
125 1647
125 3245
125 3899
126 1950
126 2934
126 3002
127 1089
127 1869
127 3295
127 3562
128 626
128 2646
128 2808
128 2884
128 3338
128 3551
129 1385
129 2554
130 2394
130 3226
130 3466
130 3861
131 637
131 3765
132 1530
132 1946
132 2675
132 3518
132 3928
133 663
133 1425
134 1125
134 1257
134 1385
134 3414
135 797
135 990
135 1218
135 1967
135 2035
135 2421
135 3720
136 2373
136 2535
136 3055
136 3737
137 3264
137 3280
137 3300
137 3858
138 925
138 957
138 1168
138 1667
138 2849
138 3196
139 1856
139 2061
139 3523
139 3717
140 436
140 829
140 1248
140 2383
140 3143
140 3861
140 3910
140 3972
141 3223
142 3218
142 3941
143 2188
143 2480
143 2847
144 780
144 793
144 852
144 882
144 1509
144 1701
144 3110
144 3638
144 3937
146 1497
146 3582
147 2125
147 2686
148 944
148 3725
148 3776
149 703
149 1264
149 2075
150 844
150 1866
150 2408
150 2612
150 2825
150 3360
150 3937
151 3125
151 3426
151 3814
151 3840
152 558
152 1130
152 1242
152 2344
152 3434
153 542
153 2631
153 3891
154 1949
154 2884
154 3632
155 1282
156 1508
156 1927
156 2359
156 2460
157 771
157 1538
157 2900
158 941
158 1702
158 2211
158 3054
159 355
159 2479
159 3850
160 817
160 2749
160 3075
161 677
161 978
161 1633
161 3565
162 1651
162 1945
163 1049
163 1171
164 1198
164 1875
164 3507
164 3748
165 455
165 915
165 1381
165 1456
165 2234
165 2860
165 3194
166 1191
166 2542
167 2683
167 2857
168 507
168 702
168 1521
168 1522
168 1592
168 2140
168 3184
169 943
169 2006
169 2880
169 3256
170 746
170 1869
170 3994
171 981
171 2351
171 2524
171 3822
172 1594
172 2871
172 3944
173 1927
174 2046
174 2054
174 3105
175 504
175 3632
176 1195
176 1493
176 1576
176 2755
176 3778
177 663
177 913
177 3662
177 3980
178 458
178 1821
179 1387
179 2594
179 3845
180 608
180 1142
180 1984
180 2133
180 2198
180 3576
181 616
181 2195
181 3035
181 3074
181 3910
183 518
183 542
183 1399
183 3052
184 1738
184 2121
184 2308
184 2970
185 912
185 1103
185 2231
185 2508
185 2989
185 3198
185 3468
185 3993
186 1681
186 3320
186 3522
186 3550
186 3766
187 445
187 622
187 1403
187 1753
187 2290
187 3586
187 3793
188 1446
188 3900
189 1483
189 1805
189 3354
189 3369
190 900
190 1094
190 1161
190 1387
190 3463
191 1025
191 3507
191 3848
192 2786
192 3605
192 3896
193 1967
193 3096
193 3697
194 737
194 1148
194 1243
194 2380
195 1747
195 2010
195 3485
195 3731
196 2854
196 3539
197 449
197 751
197 1159
197 2424
197 2973
198 267
198 384
198 1526
198 3266
198 3976
199 520
199 1270
199 2430
199 3883
200 1622
200 1719
200 2046
200 3043
201 2989
201 3749
202 1383
202 3745
203 2265
203 3377
203 3568
204 419
204 922
204 1279
204 1548
204 2283
204 3518
204 3722
205 249
205 1884
205 2567
207 513
207 1099
207 1479
207 1892
207 3251
208 1999
208 2024
208 2324
208 2783
209 283
209 932
209 1575
209 1923
209 2491
209 3068
209 3179
209 3227
209 3838
210 1176
211 1884
212 610
212 3717
213 343
213 2429
213 3323
214 472
214 845
214 1355
214 1722
214 2887
214 3136
214 3483
215 1751
215 2830
215 3222
215 3448
215 3576
216 1186
216 1297
216 2277
216 3718
216 3869
217 1173
217 2527
217 2620
218 722
218 784
218 967
218 2615
218 3243
218 3739
218 3905
219 222
219 814
219 3387
219 3468
220 3110
220 3325
220 3967
221 1376
221 1881
221 2910
222 1275
222 1445
223 1514
223 1684
223 2815
223 3072
223 3830
223 3831
224 2453
224 2729
224 2870
224 2979
224 3050
225 993
225 1924
225 2018
225 3653
226 2199
226 2806
227 286
227 594
227 995
227 1035
227 1060
227 3179
228 2611
228 2903
228 3290
229 592
229 1197
229 2364
230 687
230 1496
230 1736
230 2905
231 244
231 1236
231 1839
231 3336
232 240
232 890
232 1085
232 2519
232 3878
233 2742
233 2808
233 2887
234 797
234 847
234 920
235 783
235 1414
235 1673
235 3243
235 3569
235 3751
237 1153
237 1415
237 2534
237 3843
238 334
238 440
238 1756
238 2897
238 3921
239 289
239 2782
239 3733
240 1315
240 1827
240 2672
240 3696
241 502
241 880
241 1316
241 1933
241 2402
241 3420
241 3645
242 692
242 1336
242 1996
242 2131
242 2330
242 3065
242 3519
242 3830
243 965
243 1766
243 1968
243 2030
244 3254
244 3936
245 493
245 1069
246 2526
246 3876
247 1702
247 1841
247 2405
247 2618
247 3231
248 1858
248 3769
249 1747
249 2049
249 3636
249 3752
250 1465
250 1831
251 619
251 1130
251 1315
251 3573
251 3928
252 579
252 2751
252 3659
253 753
253 1381
253 2488
253 2723
253 3765
254 1423
254 2979
254 3532
255 387
255 695
255 2146
255 2475
255 2598
255 3025
255 3189
256 1241
257 530
257 784
257 3965
258 1081
258 1254
258 1350
258 3716
260 2826
261 1420
261 2361
261 2523
261 3617
262 1383
262 3059
262 3813
262 3875
263 1332
264 2284
264 3154
264 3223
264 3577
265 1302
265 1718
265 1853
265 2302
265 2521
265 2979
266 3062
267 2419
267 3079
267 3397
267 3731
267 3741
268 1126
268 1942
268 2379
268 2772
268 3526
269 854
269 919
269 1041
269 1517
269 3703
270 1225
270 2432
270 2500
270 2912
270 3833
271 760
271 1434
271 3795
272 1699
272 2835
273 731
273 1778
273 3493
273 3922
274 1817
274 1914
274 2287
275 3264
275 3795
276 444
276 874
276 1138
276 1386
276 3794
277 1827
278 414
278 911
278 2377
278 3002
278 3581
278 3638
279 999
279 1139
279 1977
279 2642
279 3990
280 1339
280 1628
280 1811
280 2632
281 1686
281 1753
281 2130
281 3001
281 3889
282 311
282 1614
282 2461
283 1431
283 1672
283 1730
283 3141
284 326
284 1061
284 2562
285 1111
285 2884
286 1023
286 1826
286 2476
286 2943
288 2435
289 397
289 981
289 2062
290 1347
290 1502
290 2280
290 2343
290 2679
290 3603
291 1428
291 2980
291 3535
291 3994
292 364
292 951
292 2330
292 3320
292 3410
293 396
293 603
293 1513
293 1896
293 2178
293 2564
293 3231
293 3912
294 366
294 508
294 559
294 1837
294 2748
294 3035
294 3240
294 3275
295 1082
295 1450
295 1563
295 2406
295 3147
296 1756
296 1815
296 2157
297 615
297 2801
298 721
298 1085
299 3017
300 1362
300 2893
300 2992
300 3390
301 1202
301 3330
301 3442
301 3897
302 878
302 2037
302 2153
302 2501
303 2797
303 3359
304 467
304 1567
304 2660
305 472
305 1146
305 2368
306 755
306 1425
306 2128
306 3301
306 3568
307 593
307 742
307 1408
307 3714
308 985
308 2090
308 2356
308 2508
308 2852
308 3959
309 333
309 3067
309 3076
310 337
310 1071
310 2567
311 565
311 1089
311 1879
311 3971
312 1292
312 2126
312 2579
312 2955
312 3904
313 2228
313 2290
313 2762
313 3180
314 707
314 2856
315 868
315 2684
315 3164
315 3253
315 3283
315 3987
316 419
316 727
316 1101
316 1615
316 2066
316 2872
317 1527
317 2698
317 3893
318 2096
318 3659
318 3859
319 689
319 760
319 2032
319 2117
319 2266
319 3216
319 3347
320 2180
320 2664
320 2817
320 3627
320 3666
321 477
321 3417
321 3865
322 1970
322 2761
322 3858
323 2204
324 2965
325 3047
325 3117
325 3570
326 1632
326 2705
327 680
327 831
327 1328
328 452
328 2632
329 1974
329 2502
329 3072
329 3090
329 3359
329 3613
329 3733
330 1714
330 2311
330 3013
332 646
332 1291
333 998
333 1627
333 3046
333 3578
334 1358
334 1978
334 2445
334 2663
334 2834
335 1736
335 3554
336 485
336 1163
336 1169
336 1616
336 1892
336 2944
337 936
337 2537
337 3747
338 619
338 723
338 727
338 951
338 1111
338 3420
338 3704
339 815
339 2490
339 3141
339 3303
339 3734
339 3994
340 664
340 2295
341 929
341 2520
341 2708
341 3157
341 3570
341 3646
342 372
343 604
343 1770
343 1939
343 2804
343 3651
344 2137
344 2822
345 457
345 765
345 1121
345 1271
345 1718
345 3863
346 692
346 2071
346 2206
346 2705
346 3114
346 3510
347 711
347 886
347 1149
347 2207
347 3179
348 605
348 1421
348 3115
348 3648
349 1000
349 1625
349 1635
349 3579
349 3991
350 654
350 1744
350 2265
350 2973
351 637
351 2485
351 2605
351 3671
351 3873
352 1017
352 1019
352 1410
352 1703
352 3739
353 478
353 3563
353 3839
354 1908
354 1938
354 2861
354 3084
355 643
355 945
355 1177
355 1415
356 1589
356 3090
357 1224
357 2712
357 3300
358 1063
358 2873
359 1678
359 2447
359 2632
359 3427
360 520
360 1291
360 1448
360 2881
360 3196
361 3225
361 3696
361 3809
361 3843
361 3903
362 728
362 1518
362 3788
363 869
363 1840
363 2354
363 2376
363 2928
363 3205
363 3404
364 461
364 476
364 844
364 1011
364 1416
364 2034
364 3365
365 602
365 736
365 2454
365 2457
365 2850
365 3063
366 1518
366 2112
366 2685
367 1571
368 440
370 1930
370 2322
370 3187
370 3858
371 922
371 1215
372 760
372 768
372 2491
372 3090
373 3102
373 3328
374 1870
374 3449
375 897
375 2325
375 3063
376 769
376 900
376 1093
376 1385
376 1762
376 1995
376 2273
376 3113
376 3211
376 3546
377 650
377 2772
378 1765
378 2489
378 2858
379 1816
379 1863
379 3153
379 3811
380 2063
380 3905
381 1412
381 1506
381 1943
381 2430
381 2737
381 3288
382 835
382 2300
382 2798
382 2836
382 3849
383 2065
383 2117
383 2333
383 2407
384 1099
384 1612
384 3449
384 3825
384 3934
385 1150
385 1875
385 2228
385 3154
385 3470
386 1389
386 2441
386 3774
387 1087
387 1792
387 2998
388 409
388 1101
388 1985
388 3259
388 3468
389 1992
389 2359
390 625
390 952
390 2736
391 1970
391 2000
391 2034
391 2678
391 3777
392 1289
392 3110
392 3974
393 519
393 2539
393 3113
393 3148
393 3802
394 416
394 588
394 2493
394 3958
395 513
395 728
395 902
396 871
396 3119
396 3785
397 2077
397 2552
398 2532
399 1174
399 1214
399 1332
399 1839
399 2231
400 459
400 576
400 1857
400 2408
400 2592
400 2625
400 3060
401 1870
402 1996
402 2134
402 2770
402 3231
402 3720
403 671
403 1265
403 1389
403 3196
403 3314
403 3661
403 3782
404 1180
404 1520
404 3953
405 1067
406 1775
406 3694
407 614
407 966
407 1184
407 3547
407 3863
408 1677
408 1828
408 1998
408 3382
409 1343
409 1513
409 3119
409 3691
410 1254
411 614
411 1797
412 1146
412 1495
412 2419
413 2106
413 2424
413 3931
413 3973
414 606
414 2307
415 2940
416 484
416 1394
417 456
417 3057
417 3801
418 711
418 1434
418 3821
419 1240
419 1441
419 1572
419 1759
419 3097
420 3299
421 1777
421 3201
421 3381
422 1664
422 1909
422 3080
422 3237
422 3963
423 1868
424 800
424 1001
424 1586
424 2092
424 2164
424 2431
424 3029
424 3377
424 3566
425 485
425 1898
425 2473
425 2534
425 2862
425 3415
425 3873
426 1608
426 1663
426 2356
426 2913
426 3056
427 471
427 2473
428 581
428 787
428 926
428 1293
428 2265
429 2514
429 2546
430 2243
430 2263
430 2638
430 2765
430 3386
431 819
431 979
431 1888
431 2694
431 3485
431 3606
432 3519
432 3774
433 825
433 1515
433 2912
433 3476
434 1521
434 2182
434 2578
434 3741
434 3939
435 623
435 3452
435 3739
436 814
436 1179
436 1570
436 3490
437 1051
437 2158
437 3564
438 795
438 1339
438 1455
438 1465
439 633
439 1294
439 1720
439 2117
439 2325
439 2417
440 3839
441 845
441 1817
441 2729
441 3072
442 2223
442 2644
442 3855
443 1835
443 3633
443 3797
444 997
444 2154
444 2748
444 3266
444 3370
445 812
445 2492
446 1742
446 2264
446 2295
446 2739
446 2850
446 3564
446 3878
447 2287
448 2026
448 2160
448 2612
448 2780
448 3803
449 1050
449 2192
449 2417
449 3096
449 3827
450 801
450 1766
450 2284
450 2603
450 2635
450 2666
450 3523
451 487
451 1500
451 1544
452 842
452 3739
452 3774
453 1977
453 2169
453 2341
454 918
454 1966
454 2600
454 2915
454 2924
454 3155
455 1103
455 1782
456 804
456 2429
456 2939
456 3673
458 1492
458 2400
458 3629
458 3970
459 1494
459 2096
460 585
460 1873
460 3666
461 982
461 1087
462 1933
463 506
463 1781
464 1323
464 1725
464 2279
464 3285
465 2142
465 2827
466 578
466 2282
466 2524
466 2647
466 2657
467 1958
468 1508
468 1754
468 1869
468 2943
468 2954
468 2991
468 3269
468 3832
469 670
469 3350
469 3531
470 1413
471 1815
471 2259
471 3206
471 3220
472 958
472 1798
472 2230
472 3367
472 3832
473 1456
473 3393
473 3811
474 3031
474 3462
474 3917
475 525
475 2243
476 2205
476 2464
476 2600
477 1280
477 1882
477 2879
477 3613
478 1106
478 2276
478 2872
478 3670
478 3856
479 1680
479 2890
479 3822
480 692
480 1418
480 2279
480 2775
480 3684
480 3903
480 3999
481 1116
481 1507
481 2901
482 3139
482 3300
483 2497
483 3373
483 3920
484 1301
484 1872
484 2817
484 3621
485 904
485 2619
485 2849
485 3526
486 2886
486 2926
486 3687
487 678
487 789
487 1272
487 2390
487 3501
488 2231
488 3182
489 1455
489 1664
489 2189
489 2228
489 2246
489 2646
490 759
490 2223
490 2335
490 3482
490 3517
490 3786
491 1283
491 2464
491 2732
491 3083
492 515
492 913
492 3663
493 837
493 1312
493 2147
493 2963
493 3763
494 1765
494 2115
494 2248
494 2406
494 3129
494 3584
494 3895
496 553
498 701
498 2425
498 2641
498 2999
498 3271
498 3336
499 2586
499 2812
500 2504
500 2901
500 3876
500 3968
501 2197
501 2588
502 1087
502 2285
502 2638
503 1561
503 2895
503 3411
504 1247
504 1608
504 3540
505 1815
505 3689
505 3789
506 786
506 1132
506 1639
506 2423
507 970
507 1780
507 2132
507 2591
507 2636
508 1977
508 3138
508 3615
509 837
509 1533
509 1906
509 2808
509 3088
510 1255
510 1417
510 2203
512 724
512 1206
512 1293
512 2021
512 2907
513 528
513 867
513 1339
513 1816
513 3979
514 1516
514 2675
514 3062
514 3909
515 525
515 3353
515 3766
516 3591
517 651
517 996
517 2416
517 2678
517 3664
519 689
519 3076
520 1025
520 1979
520 2128
521 806
521 908
521 1969
522 3853
523 804
523 1443
523 2376
524 1313
524 1923
524 2491
524 2654
525 2076
525 2274
526 805
526 2491
526 2764
527 672
527 914
527 1656
527 1941
527 2252
527 2380
528 888
528 2166
528 2212
528 3223
528 3965
529 1554
529 1847
529 2897
530 1341
530 1853
530 3151
530 3347
530 3908
531 1982
531 2861
531 3027
531 3807
531 3845
531 3911
532 2102
532 3304
532 3492
533 2179
533 2439
534 605
534 1359
534 1632
534 2512
534 2628
534 2806
534 3245
535 1272
535 1438
535 1898
535 2013
535 3631
536 683
536 2259
536 2403
536 3719
537 2300
537 3011
537 3864
538 1475
538 1988
538 2383
538 2574
538 2871
538 3772
539 1864
539 1951
539 3222
539 3915
540 1039
541 1207
542 3302
543 2035
543 2129
543 3307
543 3320
544 2440
544 3165
545 733
545 1241
545 2194
545 2504
545 2881
545 3372
546 1606
546 1838
546 2545
546 2801
546 3106
547 2113
547 2455
547 2791
547 3241
548 2492
549 668
549 3620
550 3491
551 1042
551 1159
551 1236
551 1285
551 2803
551 3066
551 3507
552 1386
552 1494
552 3572
552 3991
553 971
553 2102
553 2256
554 1513
554 2113
554 2829
554 3634
554 3656
555 2910
555 3049
556 617
556 1016
556 1613
556 1749
556 1850
556 3973
557 938
557 1128
557 1375
557 1811
557 2495
557 2715
557 3392
558 617
558 986
558 1249
558 1777
558 2460
558 3827
559 879
559 1803
559 2039
559 2097
559 3617
559 3740
560 2964
560 3492
561 2127
561 2220
561 2351
562 1397
562 1725
562 2601
562 2748
562 3105
563 981
563 1331
563 1816
563 2938
563 3005
563 3142
563 3862
563 3908
564 651
564 2465
564 2852
565 1060
565 1535
565 2065
565 3399
566 1289
566 1566
566 2431
566 3469
567 603
567 1293
568 1697
568 2506
569 2172
569 2369
569 3012
570 3303
570 3864
571 951
571 2562
571 3373
572 773
572 1062
572 2067
574 1861
574 2102
574 2911
574 3816
575 890
575 2087
575 2671
576 813
576 2055
576 3699
577 742
577 2364
578 1163
578 2362
578 2815
579 848
579 1205
579 1255
579 2047
579 3414
580 1770
580 2835
581 1381
581 1869
581 1976
582 1779
582 1792
582 2124
583 662
583 1292
583 1539
583 2308
583 3702
584 1259
584 2041
584 2489
585 1021
586 1000
586 1250
586 1392
587 1111
587 2437
587 2646
587 2673
588 1668
588 2695
589 977
589 2198
589 2923
590 3399
591 1725
591 1889
591 1956
591 3969
591 3988
592 3942
593 1164
593 1355
593 2061
593 2681
593 3074
593 3695
594 3695
595 829
595 2115
595 2501
595 2841
596 1072
596 1378
596 2228
596 2244
596 3249
596 3319
596 3425
596 3704
597 1171
597 1551
597 1776
597 2201
597 2890
597 2927
597 3340
598 946
598 2605
598 2719
598 2758
599 2086
599 2968
599 3229
600 1084
600 2031
601 1125
601 1192
601 1272
601 1390
601 1730
601 2090
601 2871
601 3319
602 1366
602 2885
602 3595
603 1043
603 2093
603 2343
603 2507
603 2750
603 3247
604 1566
604 2607
604 2998
604 3358
605 1302
605 1659
605 2422
606 1628
606 1634
606 1967
606 2408
606 2942
606 3557
607 1019
607 1149
607 1382
607 1385
607 1390
607 1462
607 2348
607 3788
608 1438
608 1792
608 2972
608 3914
609 1638
609 2627
610 1289
610 1990
610 2463
610 3920
611 3602
612 766
612 1374
612 1871
612 2262
613 934
613 1139
614 1757
614 2483
614 3264
615 1182
615 1473
615 2200
616 763
616 1026
616 1452
616 3409
617 1196
617 1528
617 1583
618 1194
618 1753
618 2599
619 1316
619 2125
619 2201
619 2578
619 2805
619 3377
619 3608
620 1397
620 2680
620 2824
621 1860
622 2141
622 2161
622 2235
622 2599
622 3104
622 3463
623 2700
623 2902
624 1846
624 1892
624 2000
624 3519
625 754
625 3046
626 3150
626 3423
627 1417
627 2480
628 1534
628 2088
628 3757
629 1547
629 1860
629 2067
629 3714
630 1745
630 3228
630 3367
630 3936
631 679
631 2625
632 1072
632 1406
632 1440
632 2316
632 2825
633 1464
633 3762
634 3960
635 2125
635 2615
635 2737
636 746
636 1440
636 1942
636 2942
636 3109
637 1567
637 2554
637 2891
638 1066
638 1527
638 3769
639 1665
639 1844
639 2309
639 2516
639 3510
640 809
640 2566
641 769
641 2428
641 3001
641 3999
642 2318
642 2483
642 2700
642 3268
642 3991
643 1788
643 1960
643 2459
643 2741
643 3805
644 1019
644 1161
644 2359
644 2962
645 1791
645 2204
645 2272
645 3375
646 785
646 1053
646 2389
646 2432
647 1211
647 1483
647 2931
647 3101
647 3589
648 2051
649 1017
649 1945
649 2430
649 3837
650 1572
650 2400
650 3763
651 1222
651 1389
651 1647
651 2151
651 2207
651 2932
651 3792
652 1242
652 3752
653 1293
654 1643
654 2428
654 2870
654 2905
654 3391
655 2074
655 3602
656 1629
656 2827
656 3670
656 3875
657 1591
657 2352
657 3140
657 3284
657 3711
658 1728
659 1172
659 1420
660 1321
660 1462
660 1479
660 2892
660 3308
661 2324
662 689
662 1911
662 3270
663 2498
663 2900
663 3177
663 3438
664 2417
664 2594
664 2751
664 3742
664 3898
665 1021
665 2040
667 2535
667 3142
668 1380
668 1441
668 1485
668 2178
668 2308
669 760
669 835
670 875
670 1430
670 2374
670 3474
670 3949
671 1144
671 1430
671 2892
672 717
672 2224
672 2750
672 3762
673 680
673 2541
675 2947
675 3278
675 3394
676 2444
676 2833
676 2860
676 3518
676 3742
677 3902
678 2591
678 2882
678 3036
678 3140
678 3688
679 3862
680 1159
680 1687
680 2420
680 2827
680 3467
681 774
681 3189
682 798
682 1202
682 1805
682 1971
682 2233
682 3668
682 3850
683 1232
683 2007
683 2425
683 2636
684 1241
684 1440
684 1481
685 1278
685 1934
686 2071
686 2083
686 2130
686 2494
686 2520
686 2834
686 3131
686 3938
687 815
687 1218
687 1480
687 2468
687 3481
687 3720
687 3839
688 3405
688 3532
689 2283
689 2597
690 1440
691 3538
691 3838
692 767
692 1886
692 1910
692 2422
692 3046
693 1257
693 1335
693 1742
693 3618
694 789
694 2074
694 3129
694 3604
695 2286
697 2279
697 2887
697 3009
697 3031
698 856
698 1479
698 1940
699 885
699 1037
699 1969
699 3231
699 3341
700 1817
700 2420
701 3053
702 2489
702 2997
703 3668
703 3677
704 2850
704 3458
704 3566
705 1918
705 2099
705 2312
705 3591
706 1801
706 3236
706 3663
706 3980
707 1953
707 2437
707 2902
707 3790
707 3796
707 3844
708 841
708 2428
708 2728
708 3112
709 1544
709 1895
709 2316
709 3879
710 1820
710 2195
710 2817
711 1031
711 1691
711 2132
711 2608
711 3401
711 3513
713 1121
713 3620
714 815
714 3862
715 1027
715 1111
715 2105
715 2303
715 2677
715 2961
716 2036
716 2112
717 1184
717 2003
717 3433
718 1158
718 2097
719 721
719 1268
719 1330
719 1528
719 2485
719 2512
720 813
720 1879
720 1993
720 2597
720 3582
720 3862
722 741
722 944
722 2862
722 2905
722 3545
722 3920
723 2872
723 3404
723 3512
723 3718
724 1255
724 2071
724 2851
724 3191
724 3204
725 853
725 2934
726 1709
727 759
727 1238
727 3612
728 2097
728 3657
728 3950
729 1964
731 981
731 1069
731 1248
731 1614
732 2221
732 2701
733 3217
733 3506
733 3873
734 2360
734 2879
734 3235
735 3238
736 2845
736 3053
737 986
737 1248
737 1264
737 3519
738 3049
738 3183
739 907
739 1805
739 2862
740 1689
740 1784
740 1928
740 2816
740 3317
741 1601
741 2222
741 2513
741 2578
742 1853
743 1242
744 827
744 2306
744 3221
745 1766
745 1899
745 2701
745 3280
746 1344
746 1995
746 2491
746 3019
746 3078
747 2927
748 1637
748 2253
748 3160
749 832
749 1248
749 2369
749 3683
749 3965
750 3034
750 3040
751 2017
751 2770
751 2838
751 3813
752 2896
752 3477
753 1558
753 1639
753 2179
753 2694
753 2717
753 2879
754 1215
754 3212
754 3611
754 3644
754 3925
755 1436
755 1680
755 2017
755 2324
755 3233
755 3509
756 1826
756 1955
756 2661
756 3010
757 902
757 2725
758 1556
758 1703
758 2381
758 3680
758 3736
760 1559
760 2887
761 1315
761 2512
762 2440
762 2691
762 3539
763 1152
763 1951
763 2574
764 1324
764 1932
764 2453
764 2748
764 2998
764 3202
765 3180
765 3215
765 3261
766 1675
766 1751
766 1983
766 3257
767 1068
767 2693
768 814
768 2485
769 908
769 2557
769 2690
770 907
770 1611
770 1934
770 3214
770 3645
771 896
771 950
771 1052
771 3975
772 819
773 1188
773 2707
773 3953
774 1776
774 2178
774 3356
774 3948
775 2061
775 2676
775 3317
775 3582
776 2708
776 2714
777 1393
777 1973
778 1019
778 1796
779 1432
780 989
780 2574
780 3072
780 3761
780 3778
781 811
781 1472
781 1853
781 2111
781 3227
782 2294
782 2389
782 3300
782 3367
782 3494
783 1418
783 2348
783 2401
783 2596
783 2962
784 1140
784 1202
784 1272
784 1853
784 3857
785 1392
785 1530
786 1712
787 1590
787 1948
787 2614
788 1028
788 1168
788 1594
788 2341
788 2786
789 2343
790 1996
791 977
791 1042
791 1137
791 1722
791 2024
791 2039
791 3536
791 3984
792 806
792 1116
792 2318
792 2691
793 1719
793 2176
794 2515
794 2875
794 3838
795 2219
795 3967
796 919
796 1648
796 1854
796 3050
797 1042
797 1160
797 1259
797 1726
797 2179
797 2246
797 2628
797 2687
797 2695
798 1117
798 3040
798 3301
798 3560
798 3580
799 824
799 1051
799 1200
799 2694
799 3522
800 1111
800 2440
801 2208
801 3107
801 3944
802 2415
802 2927
802 3256
802 3500
803 879
803 1059
803 3019
805 2061
805 2831
806 1108
806 2120
806 2327
806 2388
806 2759
806 3064
806 3416
806 3902
807 1108
807 1155
807 1413
807 2772
808 1916
808 2893
809 1119
809 2477
809 3083
809 3340
809 3365
809 3405
809 3665
810 1367
811 1883
812 1302
812 2937
812 3276
812 3844
813 1537
813 2508
813 3051
813 3478
813 3490
814 1987
814 2712
814 2755
815 1404
815 3348
816 2340
816 2722
816 3953
817 1523
817 1770
817 1963
817 3979
818 890
818 2885
819 1493
819 3114
819 3269
820 2449
820 3632
821 1020
821 1186
821 3298
821 3540
822 1250
822 1584
822 1758
822 2279
823 1184
823 1494
823 2040
823 2916
824 1140
824 1910
824 3075
825 2018
825 3842
826 1427
827 1186
827 1406
828 1113
828 2195
828 2723
828 3662
829 2327
829 2671
830 2117
830 3310
830 3493
831 1416
831 2142
831 2367
831 2862
832 2212
832 2691
832 3482
832 3740
833 1264
833 2042
833 3349
834 1287
834 3522
834 3852
835 863
835 1229
835 1259
835 2795
835 3031
835 3177
835 3190
836 2852
836 2905
836 2926
836 3938
837 1299
837 1412
838 934
838 2515
838 3135
838 3259
838 3374
838 3641
839 1539
839 2517
839 3163
839 3669
839 3834
840 1336
840 1800
840 2401
840 2652
840 3140
841 1175
841 1882
841 3558
842 1721
842 2802
842 3764
843 2513
843 2759
843 2768
843 2828
844 1100
844 2411
844 2704
844 3464
844 3786
845 1732
845 2141
845 2266
845 2340
845 3347
845 3994
846 1629
846 1952
846 2493
846 3476
847 2130
847 2181
847 3440
847 3780
847 3857
848 1905
848 2357
848 2808
849 2387
849 3481
850 1318
851 1360
851 1719
851 2057
851 3347
852 3177
852 3282
853 2082
853 2326
853 2943
853 3325
854 1243
854 1639
854 3959
855 1295
855 3411
855 3846
856 928
856 3135
856 3152
857 2100
857 2277
857 2356
857 3578
857 3936
858 2052
858 2684
858 3206
859 1137
859 2223
859 2512
860 1495
860 1857
860 2500
861 2736
861 3539
862 999
862 2510
862 3191
863 3283
864 1998
864 2086
864 2510
864 3738
864 3926
865 945
865 2444
865 2975
865 3694
866 2538
866 3238
867 1702
867 3446
868 3694
869 1754
869 2248
869 2303
870 994
870 3532
870 3934
871 1587
871 2718
871 3000
871 3342
872 1772
872 2415
873 2776
873 3660
874 2587
874 3192
875 1709
875 1818
875 1850
876 2054
876 2875
877 1731
878 1415
878 1466
878 3804
879 1744
879 2647
879 3104
879 3845
880 1581
880 1734
880 2700
880 3105
880 3890
881 1075
881 1162
881 1632
881 2944
881 3429
881 3439
882 1270
882 1692
882 3328
882 3429
882 3612
883 2115
883 2667
883 2773
884 1229
884 1473
884 2437
884 2538
885 3502
885 3517
886 2932
887 1287
887 3312
887 3959
888 2195
889 3104
890 1618
890 1987
890 3098
890 3798
891 1612
891 2073
891 3353
891 3711
892 1044
892 1523
892 3067
893 2227
893 2347
893 2853
893 3113
893 3642
894 2629
894 2800
895 1930
896 1847
896 2433
896 2578
896 2719
896 3552
897 936
897 2175
897 2279
897 2337
897 2738
897 3122
897 3135
898 2110
898 3059
899 3245
900 1658
901 3534
902 1239
902 1528
902 1657
902 2500
902 2642
902 2939
903 1444
903 1774
903 2013
904 1612
904 2585
905 1487
905 2346
905 3893
906 1115
906 1501
906 1777
906 1853
906 3332
907 1383
907 2324
907 2799
907 3845
908 1337
909 2628
910 1392
911 1447
911 1752
911 3925
912 1463
912 2151
913 1242
913 1814
913 1818
913 1948
913 2251
913 2917
913 2957
913 3210
913 3339
914 1953
914 3442
914 3977
915 1911
915 2573
915 3101
916 994
916 1111
916 1121
916 1909
916 2270
916 3100
917 1233
917 1665
917 1892
917 1939
917 2003
917 2544
917 3121
917 3248
918 2193
918 3075
918 3978
919 2308
920 1343
920 1997
921 2135
921 2649
921 3164
921 3906
922 1263
922 2056
922 2060
922 2791
923 1250
923 2658
923 3775
924 2707
924 2913
925 1214
926 3269
927 2619
927 3479
927 3563
928 1851
929 1221
929 1531
929 2562
929 3033
929 3838
931 1162
931 1488
931 2639
931 3642
932 2109
933 2117
934 1377
934 1524
935 2120
935 2936
936 1003
936 1099
936 2091
937 1318
937 2998
938 1662
938 2722
938 3878
939 3227
939 3910
940 3115
941 1542
941 2545
941 2930
941 3340
941 3743
942 1166
942 1301
942 3508
943 1397
943 2180
943 3086
944 1297
944 2240
944 2446
946 1958
946 2209
946 2724
946 2769
947 1303
947 1546
947 1676
947 2012
947 2659
947 2754
947 3599
947 3645
948 3262
949 1901
949 2736
949 3116
950 1111
950 1571
950 1779
950 1933
950 2011
950 3001
951 1555
951 1936
951 2059
951 2411
951 3554
951 3668
952 1768
952 1779
952 2829
952 3079
952 3268
953 1019
953 1329
953 2884
953 2992
953 3265
953 3768
953 3889
954 999
954 1880
954 2141
954 2151
954 2484
954 2749
955 1977
955 2184
955 2784
956 2075
957 1746
957 1989
957 2371
957 2480
957 2891
957 3287
957 3679
958 1076
958 1171
959 2122
959 2556
959 2696
959 3659
959 3971
960 2121
960 3187
960 3539
961 1767
961 2648
961 2815
961 2869
962 1283
962 3248
962 3778
963 2242
963 3385
963 3423
964 2036
965 2014
965 2126
966 1905
966 2462
966 2468
966 3416
966 3933
967 2267
967 2584
967 3268
967 3969
968 3069
969 1437
969 1737
969 3681
969 3913
971 1021
971 2618
972 1775
972 2017
972 2592
973 2005
973 2450
973 2494
973 2810
973 3190
973 3560
974 1666
975 2043
975 2224
975 2444
975 3733
975 3879
976 1618
976 1879
976 1891
976 2815
976 3082
976 3716
977 1195
977 1804
977 1900
977 3248
978 1315
978 1912
978 3056
978 3289
978 3335
978 3643
978 3764
979 3503
980 1444
980 1836
980 3879
981 2045
982 1657
982 3518
983 1366
983 1853
983 2311
983 3373
983 3544
983 3592
985 1254
985 1608
985 3370
985 3599
985 3995
986 2143
986 3418
986 3453
986 3515
986 3897
987 1514
987 1567
987 1958
987 2509
987 3650
988 3236
988 3876
988 3962
989 1060
989 2474
989 3597
989 3798
990 2330
991 3491
992 2249
993 1177
993 2051
993 2501
994 1013
995 2189
995 2613
995 2866
997 1408
997 2011
997 3245
997 3886
998 1002
998 1757
998 2562
998 3171
998 3550
999 1197
999 2283
1000 1958
1000 2283
1000 2650
1000 2792
1000 2859
1001 2237
1002 1554
1002 3299
1003 1268
1003 3878
1004 3749
1004 3790
1005 1149
1005 1544
1005 2006
1005 2863
1005 3692
1006 1190
1006 1316
1006 1527
1006 1592
1006 1791
1006 2204
1006 2359
1007 3170
1008 1166
1008 1550
1008 1673
1008 2461
1009 1429
1009 2356
1009 3872
1010 1285
1010 2275
1010 3569
1011 1481
1011 3540
1012 2035
1013 3320
1013 3618
1014 2313
1015 3219
1015 3733
1016 1482
1016 2267
1016 3232
1016 3919
1017 1930
1017 2443
1017 2858
1018 1769
1018 2561
1018 2826
1018 3095
1018 3418
1019 2132
1019 2592
1019 3161
1019 3693
1021 1225
1021 1389
1021 1760
1021 2696
1021 2846
1021 3025
1022 1502
1022 1874
1022 2993
1024 1542
1024 1782
1024 3254
1025 1057
1025 1892
1025 1984
1025 3578
1026 3768
1027 1110
1028 2354
1028 2724
1029 3407
1030 3863
1031 1095
1031 2392
1032 3182
1033 1895
1033 3545
1033 3674
1033 3731
1033 3753
1034 1133
1034 1472
1034 2572
1035 2324
1035 2493
1035 2736
1035 3748
1035 3849
1036 1316
1036 1455
1036 1471
1036 2457
1036 2642
1036 2665
1037 1367
1037 3231
1037 3339
1038 1847
1038 2647
1038 2905
1038 3717
1038 3920
1038 3972
1039 1863
1039 2655
1039 3721
1039 3895
1039 3919
1040 1562
1041 1271
1041 1606
1041 2850
1041 3765
1042 1792
1042 3603
1043 1698
1043 3650
1044 1288
1044 1630
1044 3811
1045 1086
1045 3537
1046 1481
1046 2798
1047 1174
1048 1671
1048 1819
1048 2748
1049 2124
1049 2970
1050 2525
1051 3532
1052 1191
1052 1224
1053 2136
1053 3241
1053 3348
1054 2622
1055 3990
1056 1457
1056 3658
1057 1725
1057 1745
1057 2157
1057 3200
1057 3985
1060 2239
1061 1091
1061 1188
1062 1348
1062 1664
1062 1805
1063 1826
1063 2268
1063 3044
1064 1887
1064 3449
1065 2244
1065 2952
1066 2136
1067 1259
1067 2263
1067 3018
1068 1425
1068 1933
1068 2057
1068 2589
1068 3091
1069 3228
1070 2084
1070 2371
1070 3560
1070 3715
1071 3955
1072 1769
1072 2483
1072 2496
1073 1293
1073 1374
1073 2075
1074 1399
1074 1867
1075 2400
1075 2947
1075 3981
1076 1542
1076 1600
1076 1929
1076 3598
1076 3673
1077 3571
1078 3731
1079 1660
1079 1980
1079 1982
1079 2095
1079 3241
1079 3660
1079 3690
1080 1710
1080 3175
1080 3768
1081 1293
1081 1676
1081 1695
1081 2190
1081 2625
1081 2968
1081 3995
1082 1447
1082 1608
1082 2035
1082 3849
1083 3858
1084 1524
1085 1492
1085 2351
1085 3279
1086 2463
1087 1658
1087 2122
1087 2476
1087 2525
1087 3297
1087 3666
1088 2508
1088 3626
1089 1113
1089 1532
1089 1900
1090 2338
1090 3337
1090 3543
1091 1581
1091 1787
1091 1970
1091 2448
1091 3164
1092 1306
1092 1641
1093 3170
1094 1769
1094 2103
1094 2148
1094 2401
1094 3104
1095 1919
1095 2345
1095 2782
1095 3456
1095 3791
1096 3933
1097 1272
1097 2238
1097 2747
1097 3441
1098 2981
1098 3185
1099 1304
1099 2231
1099 2383
1099 2653
1099 3108
1100 2486
1100 2614
1101 3635
1102 3307
1103 1897
1103 1911
1103 3688
1104 1514
1104 3716
1105 1916
1105 2405
1105 3715
1106 1592
1106 1645
1106 2262
1107 1368
1107 2631
1107 2653
1108 1816
1108 2204
1108 2395
1108 2502
1108 3603
1109 1537
1109 1700
1109 2439
1109 2786
1109 3121
1110 1670
1110 3045
1111 2297
1112 1591
1112 2346
1112 3624
1112 3827
1112 3995
1113 1616
1113 2430
1113 2855
1114 2670
1114 2889
1115 1428
1115 3197
1115 3286
1117 1263
1117 1514
1117 1628
1117 1934
1117 3404
1118 1209
1118 3057
1118 3770
1119 1388
1119 2420
1120 1787
1120 1795
1120 2044
1120 2599
1121 1467
1121 1682
1121 2023
1121 2075
1121 2936
1121 3013
1124 2124
1125 1182
1125 1190
1125 1595
1127 1707
1127 1964
1127 2690
1127 3913
1128 1389
1128 3816
1128 3932
1129 3911
1130 1608
1130 2057
1130 2145
1130 3572
1130 3728
1132 1530
1132 1910
1132 2311
1132 2881
1133 2541
1133 2549
1133 2633
1133 2646
1134 2959
1135 3338
1136 1378
1136 2699
1137 1540
1137 2172
1137 2546
1138 1653
1139 1258
1139 1457
1139 2851
1139 3598
1140 1149
1140 1504
1140 3446
1140 3593
1140 3886
1141 3332
1142 2105
1142 3454
1142 3651
1143 2030
1143 3033
1143 3588
1144 1649
1144 1980
1144 2174
1145 1610
1146 2809
1147 2980
1147 2996
1148 2518
1149 2069
1149 2887
1149 3131
1149 3132
1150 1570
1150 2575
1151 1174
1151 1431
1151 2179
1151 2431
1151 2790
1151 3431
1152 1491
1152 1495
1152 3018
1152 3117
1153 1232
1153 1564
1153 1998
1154 2326
1155 3348
1155 3970
1156 2135
1156 3172
1157 1567
1157 1606
1157 2420
1157 3350
1157 3398
1158 1227
1159 1361
1159 1467
1159 3402
1160 1167
1160 1746
1160 2788
1160 2866
1160 2975
1160 3065
1160 3148
1161 1365
1161 2607
1162 1240
1162 3807
1163 1773
1164 2247
1164 2473
1164 3654
1165 3162
1166 3982
1167 3717
1168 2031
1168 2773
1168 3580
1169 3761
1170 1575
1170 2653
1170 2701
1170 3182
1171 2080
1172 2762
1173 2391
1173 2664
1175 1671
1175 3473
1175 3681
1176 3984
1177 1457
1177 2120
1177 2161
1177 2497
1178 2751
1179 1923
1179 2319
1179 3735
1180 2865
1180 3189
1181 1541
1182 1580
1182 2217
1182 2274
1182 2358
1182 2843
1183 1561
1183 1651
1183 2404
1183 2806
1183 3401
1183 3747
1183 3759
1184 1355
1184 1383
1184 1515
1184 1564
1184 1861
1184 2464
1184 2804
1184 3384
1184 3509
1184 3668
1184 3671
1185 1745
1185 1930
1185 1999
1185 2542
1185 3453
1185 3581
1186 2298
1187 2005
1187 2271
1187 2637
1188 2787
1188 2950
1188 3165
1188 3526
1189 1940
1189 2210
1190 1643
1190 2835
1191 1812
1191 1966
1191 2823
1192 1351
1193 1542
1193 3688
1194 3084
1194 3890
1195 1400
1195 1752
1195 3278
1196 1802
1196 2608
1196 3702
1197 2310
1197 2465
1198 2043
1198 3545
1199 2367
1201 2033
1201 2230
1202 2958
1202 3346
1202 3597
1203 1889
1203 2079
1204 1664
1204 3834
1205 3280
1206 1266
1206 1279
1206 1556
1206 3503
1207 1480
1207 2040
1208 1386
1208 1751
1208 1830
1208 2441
1208 2743
1208 2862
1208 3777
1209 1215
1209 1316
1209 2833
1209 2903
1209 3195
1210 1302
1210 2892
1211 2058
1211 2822
1211 3861
1212 1665
1212 2004
1212 2676
1212 2813
1213 2037
1213 2471
1213 3692
1214 1640
1214 3744
1215 1393
1215 1434
1215 2614
1215 3025
1215 3134
1215 3427
1216 1778
1216 2196
1217 2418
1217 3731
1217 3811
1217 3817
1218 2179
1218 2221
1219 1679
1219 3092
1220 2055
1220 2111
1220 2273
1220 3816
1221 1288
1221 3390
1221 3482
1221 3828
1222 1394
1222 2051
1222 2240
1222 2460
1222 2741
1222 3433
1222 3684
1223 2589
1223 3063
1223 3349
1223 3950
1224 2361
1225 1690
1225 3785
1226 1362
1226 1943
1226 2778
1226 3192
1228 1901
1228 2237
1228 2459
1229 2714
1229 2912
1229 3693
1230 2135
1230 2137
1230 2274
1230 2293
1230 2678
1231 1746
1231 2643
1232 3966
1233 1623
1233 1933
1233 3147
1234 1619
1234 1944
1234 2367
1234 3298
1234 3822
1235 1419
1235 1850
1235 2989
1236 1843
1236 3380
1237 1324
1237 1839
1237 2064
1237 2645
1237 2723
1237 2934
1237 3498
1239 1890
1239 2904
1239 3191
1239 3259
1239 3714
1240 1969
1240 3031
1240 3137
1241 1946
1241 1961
1241 3546
1242 1888
1242 3153
1242 3173
1242 3255
1243 1626
1243 2238
1243 2449
1244 2297
1244 3145
1245 2985
1245 3306
1246 2975
1246 3774
1247 1385
1247 2206
1247 3645
1247 3783
1248 1499
1248 2822
1248 3236
1249 1777
1249 2137
1249 3224
1249 3407
1249 3975
1250 2306
1250 3485
1251 1950
1252 1940
1252 2836
1252 2885
1252 2961
1252 3181
1252 3316
1252 3625
1252 3773
1253 2490
1253 3338
1254 1865
1254 2555
1254 2954
1255 2003
1255 2462
1255 2479
1255 3564
1256 2867
1257 1611
1257 3531
1257 3585
1258 2875
1258 3110
1258 3122
1259 1322
1259 1611
1259 3088
1259 3093
1260 1646
1260 2254
1261 1843
1261 2288
1261 2391
1262 2057
1262 2266
1262 3789
1263 1353
1263 1653
1263 2551
1264 1382
1264 2492
1265 1469
1265 1491
1265 2348
1265 2421
1265 3050
1265 3223
1265 3608
1266 2178
1266 2787
1267 1551
1267 3766
1267 3898
1268 1802
1268 2745
1268 3031
1268 3704
1269 2815
1269 3551
1270 2679
1271 2485
1271 3751
1272 1901
1272 2513
1272 3063
1273 1387
1273 1780
1273 3986
1274 3105
1275 2068
1275 2146
1276 3631
1278 1409
1278 1605
1278 1993
1278 3359
1279 2125
1279 2834
1280 2187
1280 2344
1280 2769
1280 3187
1280 3826
1281 1494
1281 2389
1281 2714
1281 3053
1281 3170
1281 3662
1282 3738
1283 2029
1283 2394
1283 3813
1283 3943
1284 2842
1286 1312
1286 1461
1286 2649
1286 3378
1286 3923
1287 1593
1287 2095
1287 3555
1287 3687
1288 1321
1288 1390
1288 1401
1288 2441
1288 2557
1288 3118
1288 3448
1289 1568
1289 1895
1289 3549
1289 3574
1289 3700
1289 3753
1290 2483
1290 3209
1291 2163
1291 2363
1291 2844
1291 3672
1291 3717
1291 3955
1292 1662
1292 2501
1292 2722
1293 2104
1293 3358
1294 1606
1294 1741
1294 2617
1295 2223
1295 2428
1295 2883
1295 3291
1295 3676
1296 2628
1296 3073
1296 3431
1297 1772
1297 2876
1297 3052
1297 3503
1298 2235
1298 2273
1298 3844
1299 1663
1301 2391
1301 2455
1301 3589
1301 3660
1302 2602
1302 3452
1303 2650
1303 3081
1303 3984
1304 1397
1304 2252
1304 2653
1304 2679
1304 3046
1305 1692
1305 2806
1305 3475
1305 3582
1305 3879
1306 2189
1306 2334
1306 2882
1307 1340
1307 1974
1308 1378
1308 3711
1309 1784
1309 2044
1309 2050
1309 2590
1310 1602
1310 3689
1311 1796
1311 2875
1311 3159
1311 3190
1312 1339
1312 1475
1312 2480
1312 2905
1312 3231
1313 1683
1313 1759
1313 1822
1313 1974
1313 3173
1313 3587
1314 1688
1314 1933
1314 3072
1314 3503
1315 1497
1315 1839
1315 2559
1315 3756
1316 3256
1316 3601
1317 2170
1317 2632
1317 3329
1317 3882
1317 3909
1318 1356
1318 2442
1318 2927
1319 1443
1319 1948
1319 1970
1319 2156
1320 1525
1320 2470
1320 2488
1320 2902
1320 3534
1321 2334
1321 2559
1321 2688
1321 2726
1321 2779
1322 2035
1322 2388
1322 3042
1322 3139
1322 3814
1323 2319
1323 2683
1323 3883
1324 2050
1324 2068
1324 2274
1324 2520
1324 2667
1324 3014
1324 3442
1324 3501
1324 3726
1326 3719
1326 3818
1326 3897
1326 3954
1327 1811
1327 1896
1327 2188
1327 2236
1327 3686
1327 3694
1327 3788
1328 1961
1328 2439
1328 2975
1329 2783
1329 2888
1329 2952
1330 1360
1330 3506
1330 3897
1331 2284
1331 3073
1331 3761
1332 1574
1332 1886
1332 2139
1332 2388
1333 2056
1333 3324
1334 1997
1334 3272
1334 3505
1334 3712
1335 1553
1335 3730
1336 2169
1337 3591
1337 3651
1338 1617
1338 1919
1338 1986
1338 2773
1338 2792
1339 3516
1340 2442
1340 2596
1340 2612
1341 1802
1341 2835
1341 3450
1342 2566
1342 3308
1342 3559
1343 2698
1343 3017
1343 3161
1344 1575
1344 1949
1344 1973
1344 2386
1344 3115
1345 2024
1346 2731
1346 3765
1346 3934
1347 1937
1347 3122
1347 3376
1348 2131
1348 2344
1348 3110
1349 3133
1350 2183
1350 2296
1350 3804
1351 1355
1351 1961
1351 3873
1352 3248
1353 2471
1353 2916
1353 3397
1353 3919
1354 3230
1354 3740
1354 3890
1355 1357
1355 2676
1355 3233
1355 3374
1357 2518
1357 3542
1358 3593
1359 2059
1359 2304
1359 3294
1360 3602
1360 3893
1362 2353
1362 2423
1362 2564
1362 3528
1363 1559
1363 3040
1364 1799
1364 3170
1364 3663
1365 1435
1365 1667
1365 1712
1365 2411
1366 3752
1367 1682
1367 1776
1367 3034
1367 3120
1368 2158
1368 2374
1368 3262
1368 3484
1368 3947
1369 1806
1369 2248
1369 2993
1369 3064
1370 2271
1370 2493
1370 3111
1371 3708
1371 3731
1371 3941
1372 3058
1373 1739
1373 2402
1373 3081
1373 3332
1373 3451
1374 2166
1374 2357
1374 2766
1375 3669
1376 1975
1376 2626
1376 3031
1376 3824
1377 3941
1377 3994
1378 1982
1378 2002
1378 2577
1378 3674
1379 1420
1379 2010
1379 2327
1379 3229
1379 3243
1380 1518
1380 2122
1380 2258
1380 2575
1380 3783
1381 2745
1381 3714
1382 2930
1382 3010
1382 3424
1382 3661
1383 2874
1384 2286
1385 1424
1385 2227
1385 2466
1386 2689
1386 3470
1386 3804
1386 3892
1387 3485
1387 3703
1388 2376
1388 2474
1389 1472
1389 1502
1389 1602
1389 1879
1389 1921
1389 2032
1389 2820
1389 3695
1390 1587
1390 2964
1391 1882
1391 2046
1391 2717
1392 2179
1392 2385
1392 2886
1392 3128
1393 1848
1393 2475
1393 3740
1393 3743
1394 2888
1394 3402
1394 3795
1394 3952
1395 1733
1395 2805
1396 2457
1396 2539
1396 2900
1397 1893
1397 3560
1398 1483
1398 1539
1398 1674
1398 2521
1399 1949
1399 2616
1399 3261
1400 2693
1400 2984
1400 3778
1400 3935
1401 2783
1401 2867
1401 3192
1402 3702
1403 1754
1403 2892
1404 1406
1404 1612
1404 2002
1404 2058
1404 3572
1404 3665
1406 1990
1406 3091
1406 3417
1407 1435
1407 3719
1408 3010
1408 3203
1408 3431
1408 3843
1409 2207
1409 2539
1409 3427
1410 1683
1410 2347
1410 3634
1411 2995
1411 3276
1411 3514
1411 3688
1412 1487
1412 3328
1412 3818
1413 1836
1413 2382
1413 3976
1414 3263
1415 1665
1415 2949
1416 1488
1416 1898
1416 2338
1416 2583
1416 3804
1417 2908
1417 3726
1418 1504
1418 2782
1418 2990
1418 3286
1418 3482
1418 3863
1419 1490
1419 2261
1419 3276
1419 3370
1420 1818
1420 3234
1420 3512
1422 2187
1422 2252
1422 3739
1423 3008
1423 3189
1423 3924
1424 1713
1424 1729
1424 1958
1424 2684
1424 3018
1425 1474
1425 2326
1425 3582
1426 1507
1426 1887
1427 2290
1427 2494
1427 3597
1428 2046
1428 2605
1428 2831
1429 2397
1429 2782
1429 3656
1429 3851
1430 3513
1432 2022
1432 2122
1432 2710
1432 2914
1432 3319
1433 2161
1434 2483
1434 2641
1435 1455
1435 2198
1435 3651
1436 2072
1436 2747
1437 1681
1437 2586
1439 2661
1439 3951
1440 1482
1440 1711
1440 2838
1440 3574
1441 1973
1441 2257
1441 3061
1442 2210
1442 2685
1443 2120
1443 2129
1443 3175
1443 3219
1443 3440
1443 3775
1444 1585
1444 2291
1444 3869
1445 2661
1445 2687
1445 2891
1446 2363
1446 3431
1446 3602
1447 1548
1447 1680
1447 3186
1447 3640
1447 3859
1448 1947
1448 2915
1450 1686
1451 2089
1451 3227
1451 3540
1452 2850
1452 3966
1453 3073
1453 3538
1455 3397
1455 3825
1456 2336
1456 3613
1456 3696
1457 1978
1457 2372
1457 2515
1457 2967
1458 1936
1458 3159
1458 3197
1458 3669
1459 1701
1459 1788
1459 1888
1459 2000
1459 2195
1459 2375
1459 2503
1459 2645
1460 3265
1461 3201
1462 2264
1462 3850
1464 2079
1464 2942
1465 2100
1465 3022
1465 3497
1466 1791
1466 2065
1466 2445
1468 2840
1470 1509
1470 2413
1470 2723
1470 3191
1471 2451
1472 1940
1472 3774
1473 2199
1473 3478
1474 2294
1474 3263
1474 3387
1474 3388
1475 3939
1476 1852
1476 1855
1476 2391
1476 2605
1476 2730
1476 3826
1477 1779
1477 2183
1478 2134
1479 2102
1479 2170
1479 2953
1480 2301
1481 3801
1482 1970
1482 2399
1483 2020
1483 2419
1483 2456
1483 3514
1483 3710
1484 1880
1484 2612
1484 3104
1484 3830
1485 1595
1485 2217
1485 2591
1485 3681
1486 2562
1486 2704
1486 3930
1487 3511
1488 2306
1488 3513
1488 3850
1489 1732
1489 3115
1490 2461
1490 2495
1491 1663
1491 1953
1491 2022
1491 2215
1491 2309
1491 2549
1491 2798
1492 2348
1492 2486
1492 2942
1492 3832
1493 1827
1493 3473
1494 3483
1495 1525
1495 1699
1495 2119
1495 3245
1496 3182
1496 3426
1496 3805
1497 1507
1497 3273
1498 1773
1498 1856
1499 1604
1499 1680
1499 1723
1499 2100
1499 3396
1499 3447
1501 2411
1502 2754
1502 3347
1503 2673
1503 3129
1503 3451
1504 1770
1504 2438
1505 2176
1506 2136
1506 3430
1506 3888
1507 3950
1508 1906
1508 2116
1508 3510
1508 3695
1508 3942
1509 1771
1509 3534
1510 2231
1510 2967
1511 2388
1511 2736
1511 3245
1512 3159
1513 2140
1513 2142
1513 2564
1513 2784
1513 3581
1514 2809
1514 3356
1514 3639
1514 3926
1515 2200
1515 3508
1516 1605
1516 3560
1516 3836
1517 1851
1517 3979
1519 3427
1521 2725
1522 1867
1522 2757
1522 3066
1523 2010
1523 2412
1524 1947
1524 2390
1524 2886
1524 3503
1526 1543
1526 2011
1526 3820
1526 3939
1527 1701
1527 2031
1527 2125
1527 2370
1527 3604
1527 3894
1528 2074
1528 2922
1528 3103
1528 3509
1529 2010
1529 2462
1529 2525
1529 3292
1530 1628
1530 1997
1530 2627
1530 3062
1531 3042
1531 3989
1532 2928
1532 2958
1532 3311
1533 1593
1533 2162
1533 2554
1533 3006
1534 2342
1534 2624
1534 3548
1535 1792
1535 2044
1535 2476
1535 3014
1535 3616
1536 1587
1536 2634
1537 2756
1537 3301
1538 3094
1538 3580
1540 1752
1540 2987
1540 3081
1540 3952
1541 3596
1542 3466
1542 3954
1543 2365
1544 3145
1544 3875
1545 1625
1546 2457
1546 3031
1546 3582
1546 3679
1547 3768
1548 3021
1549 3558
1549 3841
1550 2122
1550 2688
1550 2747
1552 2363
1553 1798
1553 3865
1554 3099
1555 2553
1555 2864
1556 3024
1556 3688
1556 3886
1559 3246
1560 1612
1560 2699
1560 3573
1560 3988
1561 1929
1561 2890
1562 1914
1562 2247
1562 2498
1563 1614
1563 1893
1563 2374
1563 2563
1564 2393
1564 2622
1564 3494
1564 3562
1565 2156
1565 3917
1566 2093
1566 2698
1567 1847
1567 1859
1567 2778
1567 3959
1568 1835
1568 1912
1568 1920
1569 3245
1570 2748
1571 2895
1571 3630
1571 3823
1571 3878
1571 3988
1572 1769
1572 3022
1572 3543
1573 3081
1573 3542
1573 3847
1574 1903
1574 2857
1574 2937
1574 2982
1574 3965
1575 1765
1575 2071
1575 3081
1576 1688
1576 2735
1577 3426
1577 3918
1578 1614
1578 2336
1578 2766
1578 3022
1579 2577
1579 3718
1580 2162
1580 3316
1580 3444
1581 1830
1581 2006
1581 2555
1581 3907
1582 3655
1582 3971
1583 1913
1584 1766
1584 1784
1584 2875
1585 1928
1586 1853
1586 1931
1586 2648
1586 3135
1587 1776
1587 2743
1588 2187
1588 3343
1588 3513
1589 2672
1589 3527
1591 2817
1591 3581
1592 2857
1592 2924
1592 3411
1593 1838
1593 2112
1593 2144
1593 2627
1593 2962
1593 3734
1594 1692
1594 2388
1594 2443
1594 3078
1594 3478
1595 2117
1595 2298
1595 2473
1595 2995
1596 2250
1597 2694
1597 3077
1597 3365
1598 2580
1598 2801
1600 1778
1600 2125
1600 3733
1601 2194
1601 2512
1601 2902
1604 2127
1604 3355
1604 3735
1605 1971
1605 2086
1605 2310
1605 2682
1606 2214
1606 2843
1607 3593
1608 3066
1612 2513
1612 2802
1613 2449
1613 2999
1613 3471
1614 1707
1614 1733
1614 2834
1615 2745
1615 3579
1615 3876
1616 3086
1616 3269
1616 3406
1617 2026
1617 3465
1617 3526
1618 1934
1618 3098
1619 2081
1619 2117
1619 2862
1619 3374
1619 3574
1620 2348
1620 3256
1620 3328
1621 1873
1622 2493
1622 3140
1622 3926
1623 2444
1624 1657
1624 1701
1624 1775
1624 1817
1624 1901
1624 2341
1625 1949
1625 2463
1625 3580
1626 2123
1626 2801
1627 3611
1628 2494
1628 3038
1628 3890
1629 2099
1629 2666
1629 3186
1630 2141
1630 2763
1630 2781
1631 1843
1631 2095
1631 2947
1633 2138
1633 3011
1634 1979
1634 3105
1634 3865
1635 2358
1635 2375
1635 2555
1635 2585
1635 2759
1635 2789
1635 3768
1636 1976
1637 2535
1637 2762
1638 2083
1638 3786
1639 2525
1639 3163
1639 3597
1639 3602
1641 2745
1642 3172
1643 1964
1643 2001
1643 3392
1643 3560
1643 3756
1644 2624
1644 3481
1645 3160
1645 3288
1646 2459
1647 1698
1647 1960
1647 2248
1647 2964
1647 3583
1648 1842
1648 2047
1648 3241
1649 2132
1650 2540
1650 2674
1651 2303
1651 2670
1651 2788
1651 3138
1652 3210
1652 3252
1653 1713
1653 3587
1654 1912
1654 2385
1654 2604
1654 3536
1654 3562
1654 3690
1654 3893
1655 2082
1655 2178
1656 2905
1656 2957
1656 3200
1656 3921
1657 2927
1658 2488
1659 2543
1659 2803
1659 3059
1659 3303
1659 3911
1660 2897
1661 1753
1661 2781
1661 3375
1661 3878
1662 1857
1662 2823
1662 3002
1663 3426
1664 2631
1664 3591
1665 2205
1665 3398
1665 3588
1666 2166
1666 2331
1667 2065
1667 2814
1668 1999
1668 2098
1668 2906
1668 3631
1669 3392
1669 3638
1670 1955
1670 2959
1671 1707
1671 1826
1671 3017
1671 3325
1671 3613
1672 2930
1672 2997
1672 3353
1672 3490
1672 3630
1672 3758
1673 1732
1673 2085
1674 2057
1674 3545
1674 3989
1675 2058
1675 2999
1676 2210
1677 1705
1677 1934
1677 3035
1677 3091
1679 2759
1679 2798
1679 3286
1679 3722
1680 2084
1680 2302
1681 1749
1681 1813
1681 1884
1681 3117
1682 2395
1682 2408
1682 2779
1683 1907
1683 2379
1683 2663
1683 2791
1683 3940
1684 3141
1687 2203
1687 3067
1687 3817
1688 2572
1688 2622
1689 1899
1689 3707
1690 2077
1690 3854
1691 3047
1692 2329
1693 2523
1693 2801
1693 3456
1693 3520
1694 3514
1695 2638
1695 2857
1696 2193
1696 2376
1697 2201
1697 2766
1697 3014
1697 3536
1699 2006
1700 2713
1700 3348
1701 1970
1701 2625
1701 3172
1701 3318
1701 3758
1702 2634
1703 3286
1704 1761
1705 1870
1705 2012
1705 2491
1705 2711
1706 2122
1706 3349
1707 3841
1708 3193
1709 2106
1709 3090
1709 3953
1711 3582
1711 3777
1712 1923
1712 2124
1712 2472
1712 2587
1712 2787
1713 2914
1714 3539
1715 2150
1715 2354
1715 3696
1716 2818
1716 3593
1717 2847
1717 3011
1718 3929
1719 1794
1719 3175
1720 2552
1720 2972
1720 3053
1721 2090
1721 2337
1721 2903
1721 3908
1722 3167
1722 3693
1722 3988
1723 1787
1723 2223
1723 2553
1723 3189
1724 2237
1724 2991
1724 3705
1725 1982
1726 2569
1726 3888
1726 3946
1727 1912
1727 3436
1727 3552
1728 1921
1728 2315
1728 2968
1729 2122
1729 3546
1730 2628
1730 3250
1730 3981
1731 2030
1732 2561
1732 3015
1732 3998
1733 2680
1734 2187
1734 2486
1734 2804
1735 1935
1735 3088
1736 1738
1736 2525
1736 2832
1736 3512
1736 3720
1737 2229
1737 2462
1737 3435
1738 3219
1739 3515
1740 1858
1740 2369
1740 2569
1740 3329
1743 3536
1744 1928
1744 2386
1744 3212
1745 2214
1745 2232
1745 2265
1745 2332
1745 3899
1746 3089
1746 3718
1747 2083
1747 2219
1747 3242
1747 3925
1748 2388
1748 3119
1749 2022
1749 2324
1749 3522
1750 2522
1751 2192
1751 2374
1751 2860
1751 3201
1751 3902
1752 2218
1752 2320
1752 2585
1752 3267
1752 3303
1753 1867
1753 2103
1753 3907
1754 3617
1755 2862
1756 1897
1756 2383
1757 1888
1757 2137
1757 3181
1757 3440
1758 2214
1758 2793
1758 2852
1758 3590
1760 3212
1761 3253
1762 2355
1763 2071
1763 2935
1763 3581
1764 1809
1764 2766
1764 2925
1764 3419
1765 2727
1765 3264
1766 1858
1766 2519
1767 1981
1767 2012
1767 2220
1767 2408
1767 3401
1768 1831
1768 3091
1768 3341
1768 3474
1768 3549
1769 1962
1770 2682
1770 3733
1771 2425
1771 2911
1771 3238
1771 3859
1772 2797
1773 2025
1773 2182
1773 2413
1773 3772
1775 3628
1775 3798
1775 3875
1777 2111
1778 3758
1779 2822
1780 2459
1780 3148
1780 3267
1780 3312
1781 3456
1783 2905
1784 2314
1785 2439
1785 2831
1785 3885
1786 2303
1786 3066
1786 3862
1787 1910
1787 2421
1789 1793
1789 3514
1789 3883
1790 2928
1790 3210
1790 3710
1791 2546
1791 3220
1792 2150
1793 1869
1793 2398
1793 2688
1794 2493
1794 3019
1794 3446
1795 2345
1795 2722
1795 3425
1796 2036
1796 2075
1796 3427
1797 3057
1797 3741
1798 2372
1798 2405
1798 3181
1798 3409
1799 1991
1799 2105
1799 3849
1800 2097
1800 2876
1800 3764
1801 3565
1801 3989
1802 3116
1802 3188
1804 3425
1804 3994
1805 3508
1806 2504
1806 3595
1806 3855
1807 2012
1807 2476
1807 2775
1808 2464
1809 2400
1809 2655
1809 3968
1812 1987
1814 2865
1814 2879
1814 3756
1816 2048
1816 2869
1816 3095
1817 2413
1817 3045
1817 3255
1817 3502
1818 2922
1818 3006
1819 3187
1819 3322
1821 3516
1821 3612
1821 3868
1822 2003
1824 2609
1824 3464
1824 3836
1825 2733
1826 2722
1826 3110
1827 3571
1828 3153
1830 2155
1831 1938
1832 2775
1832 2802
1832 3298
1832 3325
1832 3665
1833 3648
1834 3228
1834 3592
1835 1836
1836 1860
1836 3651
1837 2002
1837 3816
1838 2121
1838 3230
1838 3849
1839 2008
1839 2990
1839 3850
1839 3999
1841 2967
1841 3630
1842 2790
1842 3479
1842 3607
1843 2251
1843 3241
1843 3569
1844 2163
1844 2308
1844 2586
1844 3889
1845 3472
1846 2301
1846 3886
1847 2414
1848 2923
1848 3914
1849 3398
1849 3564
1850 2963
1850 3963
1851 2794
1851 2800
1851 3158
1852 2823
1852 3652
1853 3028
1854 3081
1855 3307
1856 2720
1857 2108
1857 3074
1859 2043
1859 2902
1860 2673
1860 3053
1861 3787
1863 1981
1863 2949
1863 3549
1864 2313
1864 2379
1864 2489
1864 2524
1864 3035
1864 3710
1865 2138
1865 2651
1865 2976
1865 3421
1866 2356
1866 2619
1866 3331
1866 3794
1867 2603
1867 2864
1867 3650
1868 2430
1868 3557
1868 3598
1868 3808
1869 2746
1869 3631
1870 2285
1871 2089
1872 2370
1872 2633
1872 3542
1872 3592
1873 2913
1873 2958
1873 3366
1874 2844
1874 3115
1875 1905
1875 3523
1876 1904
1876 2525
1876 2987
1876 3240
1877 2793
1877 3196
1878 3237
1878 3736
1880 2493
1881 2090
1881 2349
1881 2996
1881 3924
1881 3948
1882 2206
1882 2255
1882 2976
1882 3233
1883 3061
1883 3887
1884 2805
1884 3733
1885 2002
1885 2268
1886 3679
1887 2539
1887 3887
1888 2272
1889 2456
1889 3386
1889 3580
1891 1910
1891 2170
1892 2581
1893 2334
1893 2811
1893 3726
1894 2159
1894 2367
1895 2342
1895 2389
1895 3899
1896 3480
1897 3022
1897 3296
1897 3601
1898 2153
1898 2510
1898 3174
1899 2262
1899 2310
1899 3133
1899 3356
1900 3236
1901 2950
1902 2005
1903 2266
1903 2777
1903 3801
1903 3822
1904 2829
1904 3610
1904 3790
1904 3856
1904 3865
1904 3931
1905 2040
1905 3506
1906 2713
1906 3125
1906 3721
1906 3850
1907 3902
1908 2156
1908 2298
1909 1932
1909 2452
1909 2929
1910 1940
1910 1954
1910 2065
1911 2374
1911 2438
1911 2543
1911 2980
1911 3649
1912 2517
1912 3281
1913 2499
1913 2520
1913 3111
1914 2717
1914 2971
1914 3476
1914 3536
1914 3636
1915 2249
1915 3430
1916 2212
1916 2422
1916 3745
1916 3795
1917 3019
1917 3506
1918 1928
1918 1933
1919 2158
1919 3716
1920 2220
1920 3591
1921 2405
1921 2681
1921 3215
1921 3260
1922 1923
1923 2108
1923 2820
1924 2199
1924 2314
1924 3913
1925 3077
1925 3908
1926 3819
1926 3992
1928 3853
1930 2310
1930 2502
1930 2875
1930 2988
1930 3139
1930 3601
1931 2543
1932 3108
1933 3803
1936 2000
1936 2227
1936 2921
1937 3486
1937 3685
1938 2546
1938 2618
1938 3923
1939 3135
1940 2376
1941 2020
1941 2671
1941 2828
1941 3304
1942 2295
1942 2883
1942 3364
1943 2119
1943 3402
1943 3581
1944 2217
1944 3874
1945 1991
1945 2089
1945 2511
1945 3218
1946 2530
1948 2830
1949 3052
1949 3362
1949 3615
1949 3713
1949 3882
1950 2493
1951 3277
1953 3319
1954 2809
1954 3493
1954 3610
1955 2463
1957 2314
1958 2387
1958 2542
1958 3892
1959 2666
1960 2326
1961 2789
1961 3930
1962 2180
1962 2420
1962 2437
1962 3510
1964 2222
1964 2306
1964 2559
1964 3311
1965 2867
1966 2475
1966 3070
1967 2263
1967 2730
1967 2910
1968 2658
1969 3569
1970 3476
1970 3837
1971 2384
1971 2475
1971 3670
1972 3886
1974 3086
1974 3300
1975 2047
1976 2264
1977 3058
1978 3680
1979 2524
1979 3125
1980 3991
1981 2734
1981 3678
1981 3889
1982 1984
1982 1993
1982 2423
1982 2495
1982 2960
1982 3023
1983 2405
1983 3584
1983 3842
1984 2210
1984 2447
1984 2606
1984 3424
1984 3759
1984 3765
1986 2878
1986 3371
1987 3103
1987 3276
1989 3605
1990 2463
1990 2719
1990 3517
1990 3828
1991 2410
1993 2722
1993 3313
1993 3720
1993 3968
1994 2480
1994 3919
1995 2336
1995 2483
1996 2092
1996 3980
1997 2644
1998 2678
1999 2394
1999 2441
1999 3065
1999 3165
1999 3517
1999 3892
2000 2056
2000 3066
2000 3071
2001 3301
2002 2281
2002 3109
2002 3823
2003 2059
2003 3471
2005 2361
2005 3277
2006 3923
2008 2287
2009 2570
2009 2624
2009 3861
2010 2043
2010 2110
2010 2446
2011 3676
2012 2073
2012 2207
2012 2990
2013 2541
2013 2927
2013 3681
2014 3280
2015 2782
2015 3080
2015 3787
2016 2112
2016 2162
2016 3630
2017 2341
2019 2240
2019 3158
2019 3329
2019 3929
2019 3943
2020 2238
2020 3467
2021 2661
2021 3381
2022 2475
2022 2852
2022 3668
2023 2570
2023 2846
2023 3197
2025 2669
2027 2325
2027 3219
2027 3391
2028 2401
2028 3219
2028 3336
2028 3441
2028 3674
2029 2234
2029 2459
2030 2276
2030 2920
2031 2493
2031 3999
2032 2737
2032 3773
2032 3990
2032 3997
2033 2704
2033 2910
2033 3046
2034 2599
2036 2069
2036 2860
2037 2398
2037 2846
2038 2524
2038 3437
2038 3739
2038 3769
2039 3043
2039 3270
2040 2510
2040 2797
2041 2609
2041 3510
2041 3976
2042 2510
2042 2549
2043 2535
2043 2964
2045 2270
2046 3043
2048 2598
2048 3027
2048 3056
2049 2365
2049 3611
2050 2120
2050 3336
2051 3423
2051 3841
2052 3451
2053 2309
2053 3259
2054 2135
2054 2160
2054 2484
2054 3007
2054 3384
2054 3614
2054 3900
2055 3413
2056 2596
2056 3376
2058 2078
2058 2274
2059 2083
2059 2870
2060 2169
2061 2403
2061 2437
2061 2512
2061 2608
2061 3021
2061 3942
2062 2088
2062 2238
2062 2413
2062 3667
2063 2141
2063 2343
2063 2887
2064 2476
2064 2598
2064 2705
2064 2759
2064 2935
2065 2123
2065 2605
2065 2881
2066 3992
2067 2684
2067 2753
2067 2901
2068 3134
2068 3529
2068 3614
2068 3615
2068 3883
2069 2985
2069 3072
2069 3160
2069 3931
2069 3959
2070 2815
2070 3273
2072 3409
2072 3811
2073 2189
2073 3212
2074 3809
2075 3637
2075 3671
2076 3615
2076 3903
2076 3925
2077 2791
2078 2289
2078 2416
2078 2585
2078 2867
2079 2353
2079 2573
2079 3479
2079 3625
2080 2126
2080 3249
2080 3872
2081 2440
2082 3816
2082 3999
2084 2504
2084 2938
2084 3839
2085 2781
2085 2802
2085 3196
2085 3380
2085 3478
2086 2449
2086 3519
2088 2564
2089 3892
2090 2607
2090 3558
2091 3622
2091 3685
2093 2582
2093 3440
2093 3774
2094 2610
2094 2747
2094 3102
2095 3022
2097 2522
2097 2910
2097 3091
2097 3204
2098 3612
2098 3628
2101 2172
2101 3970
2103 3362
2105 2938
2106 3464
2107 2625
2108 3226
2111 2426
2112 3475
2112 3980
2113 3031
2114 3735
2115 2506
2115 2531
2115 2653
2117 2350
2117 2590
2117 3816
2118 2702
2118 3711
2119 3870
2121 3538
2122 2128
2122 3925
2123 3097
2124 2258
2125 2227
2126 2370
2126 2870
2126 3519
2127 3563
2129 2892
2129 3447
2130 2995
2130 3443
2131 2542
2132 2259
2132 3239
2132 3664
2133 3071
2134 3751
2135 3495
2136 2202
2136 2232
2136 3738
2137 2637
2137 2837
2137 3723
2137 3980
2138 2156
2138 2258
2138 3726
2138 3735
2139 2157
2139 2646
2139 3019
2139 3555
2140 2276
2140 3693
2140 3887
2140 3909
2141 2559
2141 2585
2141 2641
2141 2911
2141 3845
2142 2160
2142 3128
2142 3174
2142 3694
2144 2800
2144 3339
2144 3378
2144 3446
2145 2307
2145 2612
2145 2801
2146 2376
2147 2171
2147 2310
2147 2901
2147 3023
2147 3150
2147 3295
2147 3778
2148 2720
2148 2755
2149 2155
2150 3128
2152 2366
2152 2892
2153 3575
2154 2327
2154 3200
2154 3217
2155 2451
2155 3033
2155 3164
2155 3351
2155 3794
2156 3001
2157 2675
2157 2756
2157 3203
2157 3490
2158 3094
2159 3875
2161 2679
2162 2281
2162 3433
2163 2430
2163 2863
2163 3001
2165 3396
2165 3722
2166 2485
2166 2525
2166 2847
2166 3037
2166 3131
2166 3945
2167 3468
2168 2206
2168 2582
2168 3993
2171 3185
2171 3340
2171 3488
2172 2660
2172 2823
2172 3395
2173 3292
2174 2982
2177 3609
2178 2198
2178 3965
2179 2492
2179 2511
2179 3313
2179 3881
2180 3353
2181 2959
2181 3453
2182 2263
2183 2263
2183 3821
2183 3922
2184 2191
2184 2718
2184 3476
2184 3608
2184 3990
2186 3520
2187 3066
2187 3308
2187 3352
2189 3174
2189 3229
2189 3704
2189 3850
2189 3899
2190 3562
2190 3674
2191 2521
2191 3307
2191 3675
2191 3700
2192 2652
2193 3042
2193 3611
2193 3682
2194 3177
2194 3959
2195 2674
2196 3018
2197 3022
2197 3659
2198 2212
2198 2868
2198 3631
2199 3157
2199 3651
2200 3993
2201 2530
2201 2985
2202 3220
2202 3445
2202 3716
2202 3739
2202 3908
2203 2401
2203 3540
2203 3841
2204 2516
2205 2405
2207 2583
2207 3940
2209 2669
2209 3180
2210 2833
2211 2422
2211 3103
2211 3303
2213 2298
2213 2742
2213 3728
2214 2377
2214 2672
2214 3041
2214 3150
2214 3989
2215 3877
2216 2540
2218 3696
2218 3730
2219 2657
2219 3270
2220 3900
2221 2578
2221 2642
2221 2784
2221 3124
2222 2846
2223 2524
2224 3290
2224 3359
2225 3329
2225 3655
2226 2830
2226 3256
2227 3251
2228 2739
2228 3328
2228 3969
2229 3095
2229 3498
2230 3454
2231 2739
2231 2861
2232 2839
2232 2883
2233 3159
2233 3664
2234 2716
2234 3919
2235 3277
2236 2788
2237 2427
2237 2947
2238 3378
2239 2287
2239 3892
2240 3080
2240 3384
2240 3496
2240 3575
2241 2556
2241 3729
2241 3927
2242 2671
2242 3050
2242 3120
2242 3519
2245 3715
2247 2752
2249 2817
2249 3158
2249 3241
2249 3416
2251 3277
2252 2978
2253 3988
2254 3093
2255 2751
2255 2815
2256 3169
2257 2491
2257 2786
2257 3202
2258 2572
2258 3478
2259 2563
2259 3273
2259 3325
2259 3745
2260 2336
2260 3184
2261 2403
2261 2878
2261 3229
2261 3662
2262 3298
2262 3572
2262 3577
2264 3541
2265 3171
2266 2317
2266 3392
2267 3287
2269 2782
2269 3814
2269 3910
2270 3258
2271 2996
2271 3172
2271 3323
2272 3666
2273 3383
2274 3189
2275 3165
2276 3585
2276 3634
2277 2805
2277 3266
2277 3574
2278 3531
2279 3348
2279 3818
2280 2431
2280 2465
2280 3813
2283 2773
2283 3174
2283 3434
2284 2972
2284 3959
2284 3997
2285 3110
2285 3961
2286 3443
2286 3775
2286 3857
2288 2578
2288 2729
2289 2348
2289 2641
2289 2678
2289 2765
2289 3972
2290 3700
2291 2593
2291 2795
2291 2822
2292 3639
2294 3425
2294 3525
2295 2459
2295 3767
2296 2358
2297 2862
2298 3371
2299 2796
2299 3671
2300 2719
2300 2893
2301 3813
2303 3031
2303 3798
2304 2525
2304 2526
2305 2824
2306 3403
2306 3922
2307 2700
2307 2819
2307 3133
2307 3159
2307 3367
2308 2442
2309 3366
2309 3709
2309 3713
2309 3758
2309 3922
2310 3353
2311 2550
2311 2952
2311 3457
2312 3593
2312 3649
2313 3182
2314 2752
2314 3338
2314 3448
2315 2539
2316 3441
2316 3490
2317 3190
2318 2443
2318 3063
2319 3531
2319 3944
2320 3379
2320 3729
2320 3941
2321 2874
2321 3726
2322 2879
2323 3552
2323 3862
2324 3794
2325 2687
2325 3657
2325 3943
2326 2655
2328 2430
2329 2538
2329 2697
2329 2881
2329 3213
2331 2522
2331 2694
2331 3680
2332 2730
2332 2901
2332 2979
2332 3651
2333 3188
2334 3641
2335 2432
2337 2510
2338 2653
2338 3075
2338 3441
2339 2652
2339 3430
2340 3449
2341 2616
2342 3378
2343 2598
2343 3269
2344 3255
2344 3775
2345 2651
2345 2775
2345 3073
2345 3538
2345 3675
2346 3912
2347 3377
2347 3669
2348 2365
2348 2486
2348 2530
2348 2617
2349 3658
2350 2694
2350 3668
2351 3538
2352 2699
2352 3556
2353 2767
2354 2811
2355 2431
2355 2903
2355 3059
2357 3478
2357 3797
2358 3439
2359 2375
2360 3054
2360 3166
2360 3802
2362 3569
2363 3228
2363 3610
2364 2861
2364 3639
2365 3144
2366 2662
2366 2858
2366 3457
2368 3692
2369 3663
2370 3481
2371 2702
2371 3224
2373 3190
2373 3416
2373 3701
2374 2764
2377 3551
2379 3231
2383 2420
2383 2669
2383 3676
2384 3665
2386 3261
2387 3549
2390 2748
2391 2673
2392 3536
2393 3701
2394 3244
2394 3492
2394 3538
2395 2514
2395 2930
2395 3722
2395 3762
2396 3274
2396 3279
2397 2702
2397 3620
2398 2493
2398 2574
2398 2610
2398 3026
2398 3232
2398 3488
2398 3808
2400 3880
2401 2467
2401 3172
2401 3345
2402 3302
2402 3445
2405 2920
2407 2877
2409 2488
2409 2631
2409 2789
2409 3098
2409 3325
2409 3530
2409 3804
2410 3440
2411 2862
2412 3870
2412 3994
2413 2793
2413 3712
2413 3964
2414 3841
2414 3860
2414 3988
2416 2578
2416 2873
2416 3175
2417 2457
2417 2792
2417 3495
2418 2894
2418 3214
2419 2461
2419 3507
2421 3810
2422 2460
2423 3736
2424 2589
2426 2798
2427 2653
2427 3916
2428 2471
2428 2748
2429 3237
2430 2901
2431 2895
2432 2535
2432 3904
2433 3099
2434 2503
2434 2726
2434 2979
2434 3118
2435 2587
2436 2582
2436 3076
2436 3258
2436 3665
2438 3293
2440 2740
2442 3083
2442 3529
2443 2684
2443 2900
2443 3230
2444 3614
2444 3970
2445 2975
2446 3430
2446 3655
2447 2890
2447 3011
2447 3058
2447 3572
2447 3975
2448 2519
2448 3700
2451 2476
2452 2571
2453 2642
2454 2753
2455 2458
2455 3922
2458 2516
2458 2615
2458 3340
2460 3453
2460 3937
2461 2581
2461 2952
2461 3834
2462 3246
2462 3942
2463 3158
2463 3943
2464 2739
2464 2895
2465 2779
2465 3405
2465 3635
2466 3608
2466 3944
2468 2800
2468 3391
2468 3626
2469 2966
2469 3882
2471 3518
2471 3539
2471 3824
2471 3901
2472 3447
2473 2588
2474 2822
2474 3019
2474 3061
2474 3394
2475 3033
2476 3579
2477 3130
2478 2862
2478 3101
2480 2845
2480 2952
2482 2908
2483 3696
2484 2693
2485 3589
2486 3487
2487 3146
2488 3112
2490 2503
2491 2709
2491 3798
2492 2539
2492 2670
2492 3014
2492 3554
2493 2611
2493 3678
2493 3819
2494 3005
2494 3566
2496 3155
2497 3217
2497 3650
2497 3699
2498 3078
2498 3180
2498 3786
2499 3918
2500 2832
2500 2876
2501 3257
2501 3610
2502 3707
2503 3061
2503 3532
2504 3669
2505 2976
2505 3434
2506 2900
2506 3200
2508 2665
2508 3602
2509 3025
2509 3103
2510 3574
2510 3708
2510 3944
2511 2756
2511 3139
2511 3436
2512 2784
2512 2820
2512 2902
2512 3441
2512 3621
2513 2631
2514 2776
2514 2779
2514 3597
2515 2760
2515 3526
2516 3486
2516 3643
2517 3434
2517 3928
2518 2915
2518 2982
2518 3322
2519 3933
2520 3218
2522 3331
2522 3573
2522 3623
2523 3688
2524 2714
2524 2794
2525 2624
2526 2934
2526 3789
2529 3538
2530 2582
2530 3115
2532 2623
2532 3723
2533 2732
2534 2821
2534 3352
2534 3578
2535 3178
2535 3222
2536 3289
2536 3962
2537 2838
2537 3561
2538 2888
2538 2889
2540 3174
2541 3947
2542 3050
2542 3155
2542 3164
2542 3305
2543 3410
2543 3618
2544 3185
2547 2761
2548 3525
2551 2791
2551 2831
2552 3640
2552 3670
2553 3068
2553 3200
2555 2929
2555 3094
2555 3666
2556 3996
2557 2969
2557 3139
2558 2699
2558 3026
2559 3415
2560 3444
2560 3588
2561 2683
2561 3167
2562 2590
2562 3026
2562 3115
2562 3431
2563 3600
2565 2760
2567 2657
2567 2966
2569 2686
2570 3144
2570 3150
2570 3999
2571 3461
2571 3674
2571 3738
2573 2945
2573 3688
2574 3509
2575 3138
2575 3737
2576 3172
2577 2857
2577 2916
2577 2932
2579 3373
2579 3776
2580 3000
2581 3836
2581 3889
2582 3040
2583 3488
2584 2803
2584 3587
2585 3355
2586 2911
2586 3132
2587 2912
2588 3332
2591 2756
2591 3187
2592 2621
2592 2854
2592 2994
2592 2995
2592 3901
2593 2858
2593 3189
2593 3836
2597 3825
2598 2618
2598 3470
2598 3854
2599 3463
2600 2833
2600 3158
2603 3779
2605 3168
2606 3209
2606 3500
2607 3813
2608 3250
2609 3114
2609 3725
2610 2850
2610 3166
2610 3673
2613 3255
2614 3045
2614 3577
2615 2941
2617 3644
2619 2683
2620 2914
2620 2919
2620 3445
2620 3914
2621 2961
2621 3061
2622 3303
2622 3418
2623 3060
2623 3091
2623 3894
2624 3570
2625 3348
2627 3052
2628 3562
2628 3924
2629 3677
2630 3272
2632 3269
2632 3391
2633 3124
2633 3314
2633 3551
2634 3298
2634 3687
2637 3561
2638 3298
2638 3634
2639 3307
2640 3152
2640 3478
2640 3638
2640 3667
2641 2943
2642 3739
2643 3021
2643 3705
2645 2839
2645 3758
2646 3675
2647 2935
2648 2939
2649 3575
2649 3632
2651 2941
2652 3641
2652 3712
2653 2847
2654 3442
2656 3065
2656 3260
2656 3783
2657 2890
2658 2766
2660 2869
2660 3756
2661 3607
2661 3834
2662 3234
2663 2676
2665 3159
2665 3222
2668 3370
2668 3795
2669 3752
2669 3866
2669 3867
2671 3574
2672 2679
2672 2841
2674 2901
2674 3531
2675 3166
2676 2930
2676 2983
2676 3123
2676 3648
2676 3684
2677 3576
2677 3865
2678 2766
2678 2925
2678 3329
2680 2707
2680 3304
2680 3850
2681 3417
2681 3649
2683 2784
2683 3340
2684 3959
2685 2766
2685 3652
2686 3058
2687 3628
2688 3926
2689 2710
2689 3420
2690 2716
2692 2953
2692 3474
2693 2720
2693 3076
2693 3405
2693 3627
2694 3388
2695 3288
2697 2753
2697 3066
2697 3917
2699 2704
2699 3989
2700 3102
2700 3146
2700 3248
2700 3778
2701 3576
2703 2860
2703 3130
2703 3714
2703 3961
2706 3656
2706 3953
2708 2969
2710 3101
2710 3286
2711 2869
2711 3189
2712 2857
2712 3030
2714 2793
2714 3890
2716 3932
2719 2889
2719 3852
2721 3902
2723 3090
2723 3314
2723 3510
2725 2999
2725 3311
2725 3491
2729 3841
2730 3190
2731 3664
2732 3402
2732 3452
2733 3711
2734 3647
2735 2833
2735 3152
2735 3859
2737 2891
2737 3921
2738 3455
2739 3222
2739 3285
2741 3197
2742 3384
2744 3671
2744 3869
2745 3152
2745 3226
2748 2767
2750 2860
2750 2960
2750 3514
2751 3341
2753 3293
2753 3640
2755 3922
2757 3107
2758 3654
2759 3213
2760 2765
2760 3397
2760 3976
2761 2842
2763 3393
2764 3683
2764 3965
2765 3323
2765 3776
2765 3928
2766 3273
2768 3276
2769 3888
2771 2857
2773 3965
2774 2901
2774 3921
2775 3164
2775 3232
2778 2797
2779 2923
2779 3931
2782 2968
2782 3861
2783 3399
2783 3688
2784 2864
2785 3631
2787 3040
2788 2821
2788 3175
2788 3727
2789 2889
2789 3545
2789 3990
2790 3265
2791 3609
2792 3000
2793 3477
2793 3689
2794 2950
2794 3937
2794 3952
2796 3268
2796 3636
2797 3911
2798 3237
2798 3400
2798 3810
2799 3110
2799 3542
2800 3154
2801 3469
2801 3886
2803 2844
2803 3704
2808 3757
2810 3632
2811 3400
2814 3859
2815 3133
2816 2862
2820 3962
2821 2997
2821 3143
2822 3023
2822 3071
2822 3424
2823 3478
2825 3200
2825 3326
2826 3880
2826 3940
2827 3138
2827 3566
2829 2857
2829 3293
2829 3709
2830 2958
2830 3727
2831 3667
2832 3190
2832 3801
2833 3077
2835 2892
2835 3338
2838 3624
2838 3955
2839 3235
2840 3010
2840 3825
2840 3865
2840 3875
2841 2934
2841 3431
2841 3657
2841 3868
2841 3993
2842 3148
2842 3930
2843 3895
2844 3604
2845 3028
2845 3376
2846 3112
2846 3711
2847 3269
2847 3362
2848 3803
2849 3890
2849 3908
2850 3318
2853 3169
2855 3477
2857 3539
2858 3750
2859 3342
2859 3789
2860 3234
2860 3788
2861 2977
2861 2990
2861 3495
2863 2871
2864 2938
2866 3124
2866 3475
2866 3793
2868 3314
2869 2934
2869 3170
2869 3368
2871 3734
2872 3406
2875 3574
2875 3750
2877 3013
2877 3017
2877 3661
2877 3978
2878 3753
2878 3940
2879 3062
2880 3878
2881 3100
2881 3996
2883 2987
2884 2896
2884 3091
2886 3040
2892 3975
2894 3408
2894 3655
2894 3766
2895 3390
2895 3868
2896 3538
2896 3721
2898 3851
2899 3848
2900 3532
2900 3882
2901 3359
2901 3373
2903 3766
2905 3247
2907 3311
2907 3661
2908 2924
2909 3874
2910 3089
2910 3815
2911 3968
2912 3029
2914 3018
2914 3424
2914 3484
2915 3132
2915 3669
2916 3781
2917 3309
2918 3543
2921 3039
2921 3260
2921 3263
2923 2966
2923 3355
2924 3637
2925 3309
2925 3732
2925 3937
2926 3261
2926 3916
2927 3520
2927 3696
2928 3174
2929 3690
2930 3023
2930 3964
2931 3788
2932 3648
2933 3428
2934 3763
2934 3990
2935 3328
2936 3257
2936 3604
2936 3965
2937 2999
2938 3122
2938 3471
2939 3279
2941 3890
2943 3002
2943 3194
2943 3700
2945 3220
2945 3283
2945 3612
2946 3802
2947 3177
2950 3378
2951 3016
2952 3247
2952 3768
2952 3811
2955 3985
2956 3275
2956 3876
2957 3167
2957 3212
2957 3851
2959 3209
2959 3377
2959 3948
2960 3267
2960 3465
2961 3134
2961 3150
2961 3904
2962 3030
2962 3190
2963 3332
2963 3669
2964 3123
2964 3465
2964 3538
2967 2978
2967 3576
2967 3667
2967 3690
2968 3193
2968 3529
2971 3139
2973 3759
2975 3883
2976 3383
2976 3472
2977 3491
2978 3679
2980 3203
2980 3334
2980 3399
2980 3933
2983 3314
2983 3724
2983 3729
2986 3559
2987 3959
2988 3559
2988 3846
2989 3054
2990 3928
2991 3524
2992 3177
2992 3889
2993 3063
2993 3384
2996 3597
2996 3599
2996 3907
2997 3002
2997 3273
2997 3438
3000 3429
3003 3796
3004 3300
3005 3115
3005 3553
3005 3660
3008 3640
3011 3389
3011 3750
3012 3105
3012 3143
3012 3984
3013 3095
3013 3534
3014 3222
3014 3335
3014 3460
3016 3865
3018 3731
3019 3156
3020 3428
3020 3516
3020 3792
3022 3162
3022 3306
3022 3770
3023 3858
3024 3143
3025 3211
3026 3168
3026 3775
3026 3874
3027 3200
3027 3607
3028 3701
3028 3853
3029 3580
3030 3475
3030 3719
3030 3903
3033 3587
3034 3346
3035 3239
3038 3913
3039 3258
3039 3756
3044 3496
3046 3222
3046 3320
3047 3993
3049 3259
3049 3814
3049 3967
3050 3540
3051 3433
3052 3085
3052 3525
3052 3914
3053 3569
3054 3101
3054 3532
3054 3702
3054 3957
3055 3865
3057 3278
3057 3801
3059 3807
3060 3196
3060 3518
3060 3579
3061 3100
3064 3815
3066 3126
3066 3683
3066 3779
3069 3753
3072 3520
3072 3999
3076 3912
3076 3990
3077 3696
3079 3599
3081 3291
3082 3450
3082 3779
3082 3795
3084 3710
3085 3087
3085 3938
3086 3496
3087 3129
3087 3536
3088 3622
3090 3529
3091 3241
3092 3267
3092 3691
3092 3715
3094 3529
3094 3761
3095 3159
3095 3505
3096 3132
3096 3227
3098 3285
3098 3349
3099 3589
3100 3110
3103 3224
3104 3695
3105 3457
3105 3751
3106 3703
3107 3210
3107 3440
3110 3399
3110 3442
3110 3982
3115 3379
3116 3413
3119 3200
3119 3214
3120 3715
3121 3247
3124 3554
3124 3726
3126 3192
3126 3557
3126 3911
3127 3151
3128 3594
3129 3140
3130 3961
3131 3240
3132 3255
3134 3325
3135 3946
3137 3393
3138 3443
3142 3280
3143 3764
3144 3439
3147 3242
3149 3442
3151 3267
3153 3579
3153 3784
3154 3517
3155 3455
3156 3791
3158 3682
3160 3938
3161 3602
3161 3692
3162 3955
3163 3884
3165 3702
3167 3407
3170 3410
3170 3654
3171 3950
3172 3234
3173 3830
3176 3845
3176 3905
3177 3725
3179 3574
3179 3635
3179 3797
3180 3470
3181 3217
3181 3305
3183 3811
3188 3560
3189 3605
3191 3711
3191 3738
3193 3781
3193 3814
3196 3826
3197 3323
3198 3361
3201 3474
3201 3719
3202 3930
3203 3234
3203 3965
3204 3749
3205 3535
3207 3692
3209 3375
3212 3260
3212 3717
3218 3804
3220 3273
3221 3239
3223 3648
3225 3491
3227 3357
3227 3526
3230 3841
3231 3557
3234 3559
3236 3269
3239 3787
3240 3498
3244 3577
3244 3876
3245 3524
3249 3381
3249 3527
3252 3766
3254 3939
3255 3974
3258 3937
3260 3817
3261 3540
3263 3555
3265 3372
3267 3380
3267 3902
3268 3956
3269 3525
3270 3639
3270 3948
3271 3340
3273 3994
3276 3362
3277 3713
3278 3448
3278 3669
3280 3291
3280 3456
3282 3295
3282 3393
3283 3489
3283 3934
3284 3532
3286 3432
3287 3982
3288 3365
3289 3448
3290 3807
3296 3510
3298 3571
3302 3677
3305 3496
3307 3550
3307 3952
3310 3693
3314 3749
3316 3884
3316 3890
3317 3562
3318 3876
3320 3959
3323 3353
3328 3901
3329 3649
3329 3914
3330 3647
3333 3417
3333 3473
3334 3860
3337 3411
3337 3487
3338 3752
3339 3831
3339 3930
3339 3951
3340 3724
3342 3487
3343 3477
3344 3426
3347 3706
3349 3565
3349 3709
3350 3437
3350 3887
3350 3995
3352 3605
3356 3476
3357 3536
3357 3592
3359 3775
3361 3610
3361 3746
3364 3459
3366 3741
3368 3820
3370 3933
3371 3978
3373 3859
3374 3503
3374 3779
3375 3975
3376 3749
3377 3454
3377 3837
3378 3590
3379 3685
3380 3642
3383 3818
3384 3391
3384 3399
3384 3913
3387 3530
3388 3524
3388 3782
3388 3851
3391 3784
3392 3660
3393 3476
3397 3663
3400 3524
3402 3490
3403 3865
3404 3954
3406 3437
3407 3873
3413 3566
3413 3666
3414 3888
3416 3921
3417 3954
3418 3467
3418 3603
3419 3682
3419 3897
3421 3779
3423 3555
3423 3673
3424 3477
3424 3907
3430 3750
3430 3815
3431 3784
3434 3623
3435 3629
3437 3911
3438 3974
3440 3544
3441 3467
3442 3542
3442 3892
3445 3509
3446 3629
3447 3693
3451 3494
3451 3642
3451 3647
3455 3949
3456 3578
3458 3764
3460 3665
3460 3735
3461 3824
3464 3534
3467 3501
3468 3758
3471 3611
3471 3822
3473 3777
3476 3934
3477 3805
3478 3843
3480 3546
3480 3936
3480 3998
3484 3682
3485 3880
3488 3772
3489 3556
3489 3709
3493 3965
3495 3816
3496 3536
3502 3889
3504 3673
3511 3543
3511 3580
3512 3932
3519 3659
3519 3696
3521 3797
3522 3569
3522 3822
3523 3905
3526 3777
3534 3933
3535 3599
3535 3834
3539 3858
3541 3621
3542 3933
3545 3664
3545 3868
3545 3875
3546 3933
3550 3607
3553 3585
3553 3784
3561 3682
3562 3653
3563 3628
3566 3643
3568 3927
3571 3663
3571 3909
3571 3911
3573 3651
3574 3929
3577 3941
3581 3656
3583 3680
3588 3749
3589 3954
3592 3720
3592 3964
3596 3844
3597 3710
3597 3883
3599 3741
3604 3607
3604 3723
3604 3898
3608 3655
3611 3661
3612 3900
3614 3838
3615 3663
3616 3707
3620 3735
3620 3809
3625 3901
3626 3746
3631 3702
3637 3852
3644 3821
3644 3903
3646 3683
3655 3999
3658 3928
3673 3692
3674 3894
3675 3903
3677 3907
3686 3781
3699 3739
3705 3813
3706 3876
3713 3735
3727 3952
3728 3931
3730 3794
3738 3860
3741 3769
3748 3827
3756 3867
3765 3965
3777 3940
3779 3808
3780 3843
3781 3960
3782 3906
3798 3803
3803 3945
3804 3936
3811 3817
3815 3905
3816 3839
3838 3950
3839 3962
3841 3878
3848 3989
3856 3897
3857 3922
3857 3961
3881 3913
3887 3924
3890 3904
3895 3912
3904 3989
3907 3908
3982 3988
