0 71
0 197
0 231
0 249
1 101
1 207
1 209
2 50
2 245
3 76
3 86
3 195
3 246
4 5
4 14
4 128
4 203
5 162
5 176
5 237
6 43
6 144
6 208
7 94
7 120
7 121
7 139
7 212
7 226
8 72
8 149
8 162
8 163
8 171
8 208
9 40
9 54
9 82
9 107
9 123
9 156
9 166
10 48
10 68
10 148
10 161
10 194
10 233
11 87
11 148
11 198
12 85
12 110
12 179
12 200
12 232
12 243
13 65
13 81
13 121
13 180
13 215
14 26
14 74
14 111
14 166
14 168
14 242
15 94
15 145
15 162
15 178
16 126
16 190
17 31
17 144
17 196
18 93
18 135
18 198
19 181
19 230
20 46
20 52
20 58
20 69
20 159
21 52
21 101
21 160
21 218
22 92
22 179
23 39
23 82
23 84
23 108
23 130
23 187
23 222
23 227
24 60
24 83
24 106
24 178
25 164
25 179
26 40
26 71
26 111
26 140
26 212
26 222
27 67
27 125
27 194
27 223
28 175
28 246
29 53
29 92
29 146
30 185
31 177
32 56
32 87
32 146
32 153
32 247
33 71
33 101
33 119
33 139
34 36
34 105
34 205
35 110
35 175
35 230
35 243
36 108
36 170
36 179
36 192
36 210
37 132
38 57
38 73
38 78
39 85
39 176
40 52
40 90
40 98
40 122
40 146
40 150
40 189
40 235
41 94
41 116
41 129
41 243
41 244
42 97
42 107
42 125
42 176
43 91
43 111
43 114
44 146
44 234
45 132
45 170
46 88
46 197
46 241
47 52
47 200
48 133
48 151
50 92
50 116
50 123
51 148
52 54
52 78
52 83
52 86
52 87
52 106
52 130
52 211
53 63
53 150
54 57
54 79
54 186
54 207
54 211
55 59
55 88
55 124
55 155
55 166
55 237
56 119
56 217
56 236
57 205
57 212
58 70
58 152
58 173
59 99
59 214
60 101
60 133
60 199
60 203
60 226
61 68
61 80
61 160
61 229
62 238
63 87
63 90
63 145
64 83
64 118
64 185
64 228
65 93
65 140
65 156
65 173
65 200
67 105
67 241
68 116
68 214
68 232
68 245
68 248
69 138
69 204
70 109
70 141
70 144
70 185
70 211
71 126
71 158
71 193
72 94
72 110
72 244
73 106
73 126
73 132
73 157
73 164
74 109
74 129
74 170
74 191
74 212
75 89
75 115
75 179
75 204
75 229
76 105
77 106
77 121
77 154
77 181
77 207
79 82
79 126
79 202
80 111
80 170
80 183
80 196
81 132
81 139
81 175
81 202
81 212
82 97
83 165
83 180
83 214
83 245
84 92
84 172
84 204
84 215
85 115
85 163
85 182
86 164
87 113
87 136
87 153
87 195
88 146
88 155
88 189
88 195
88 212
89 92
89 120
89 235
90 185
90 192
91 108
91 182
92 96
92 122
92 126
92 133
92 200
92 214
92 248
93 229
94 98
95 138
95 156
95 243
95 248
96 139
96 177
96 204
96 219
98 152
98 200
98 203
98 229
99 108
99 197
99 209
100 108
100 182
101 125
101 167
101 209
101 240
102 103
103 147
103 161
103 176
104 169
104 200
104 206
104 237
106 152
107 209
108 133
108 216
109 161
109 207
109 230
110 142
110 149
110 155
110 183
110 205
110 208
110 239
111 157
111 172
112 188
113 172
113 210
113 230
113 245
113 248
114 148
114 191
115 132
115 138
116 137
116 142
116 173
117 159
117 247
118 124
118 143
118 151
118 177
118 207
118 228
118 243
119 143
119 153
119 179
119 228
119 235
120 175
124 156
124 233
125 236
126 143
126 195
127 147
127 173
127 246
128 169
128 202
130 132
130 183
131 151
131 155
131 184
131 186
132 152
132 175
132 205
132 211
132 214
132 240
133 136
133 177
133 233
133 245
134 142
134 163
135 217
135 246
136 237
138 183
138 192
139 179
139 211
140 164
140 171
140 174
140 185
140 241
141 160
141 176
141 223
143 233
143 236
144 202
144 221
145 216
145 232
146 234
147 173
147 174
147 196
148 218
149 164
150 171
150 248
151 159
151 173
151 184
151 194
151 227
152 186
153 216
154 189
154 191
155 194
155 202
156 186
157 230
157 231
157 243
158 201
159 180
159 202
159 218
159 232
159 249
160 212
161 189
161 230
161 244
162 177
162 192
163 167
163 173
165 194
166 176
167 181
168 230
170 204
170 206
170 234
171 185
172 227
173 223
174 218
174 237
176 237
178 217
180 182
182 227
182 231
183 227
183 246
184 209
184 216
188 199
188 208
188 236
188 244
191 196
191 201
192 221
195 199
199 226
199 227
200 218
200 241
202 229
202 232
203 211
205 238
210 218
210 225
210 241
214 217
219 242
220 241
222 240
223 224
230 241
231 244
232 245
237 238
