0 30
0 98
0 118
1 6
1 19
1 69
1 95
1 98
2 11
2 19
2 40
2 76
2 102
2 121
3 12
3 15
3 78
3 102
3 124
4 23
4 52
4 60
4 67
4 86
4 103
4 106
5 11
5 14
5 23
5 39
5 45
5 47
5 79
5 98
6 72
6 75
6 98
6 120
7 37
7 51
7 110
7 115
8 18
8 80
8 105
9 24
9 61
9 86
10 83
10 113
11 112
12 29
12 30
12 39
12 77
12 124
13 23
13 42
13 53
13 60
13 89
14 16
14 21
14 47
14 48
14 61
14 75
14 111
15 31
15 52
15 69
15 78
16 29
16 71
16 80
17 19
17 25
17 36
17 56
17 94
18 27
18 36
18 87
19 107
20 49
20 71
20 86
20 106
21 112
22 52
23 68
23 70
23 82
23 105
23 107
24 45
24 107
25 65
25 73
25 102
25 109
25 123
26 29
26 51
26 54
26 111
27 32
27 37
27 46
27 53
28 93
28 108
29 52
29 79
29 104
29 107
30 89
30 121
31 38
31 42
31 56
31 82
31 90
32 122
33 48
33 53
33 59
33 99
34 38
34 84
35 122
36 89
36 94
36 100
36 103
36 124
37 44
37 69
37 78
37 120
38 51
38 83
38 94
39 52
39 60
39 109
39 124
40 46
40 69
40 88
41 56
43 47
43 64
43 69
44 54
44 78
45 67
45 88
46 55
46 77
46 82
46 109
47 49
47 79
47 83
47 108
48 79
49 65
49 83
49 118
50 79
53 80
53 98
53 109
53 117
54 99
54 120
55 90
56 96
56 101
56 108
56 117
56 119
57 112
58 64
58 89
59 73
59 78
60 87
60 105
61 78
61 103
61 108
62 121
63 79
63 90
63 93
63 98
63 101
64 116
65 121
67 99
67 104
67 111
68 102
68 118
69 80
69 102
71 81
71 83
71 99
72 92
74 75
75 96
75 100
75 119
75 124
76 80
76 86
76 99
76 114
76 116
78 118
79 94
80 105
82 122
83 97
83 103
84 89
86 93
86 97
87 92
89 99
89 113
89 117
90 96
90 116
91 93
93 114
98 100
99 110
100 124
103 116
104 112
104 118
106 113
107 123
113 120
116 124
