0 1930
1 496
1 1460
1 1629
2 32
2 712
2 1042
2 1283
2 1579
3 695
3 739
3 1094
4 595
4 645
4 1279
4 1596
4 1618
4 1711
5 151
5 1569
6 76
6 118
6 535
6 1063
6 1135
6 1160
6 1319
6 1520
6 1709
7 30
7 1523
7 1870
8 52
8 418
8 1129
8 1171
8 1856
9 131
9 1160
9 1316
10 1124
10 1235
10 1642
11 514
11 884
11 1132
11 1464
11 1517
12 470
12 1248
13 93
13 294
13 554
13 1320
14 152
14 162
14 884
14 1100
14 1130
14 1140
15 893
15 1171
15 1264
15 1500
15 1838
17 166
17 294
17 348
17 1510
17 1742
17 1924
18 228
18 542
18 1220
18 1597
18 1846
19 1845
20 155
20 258
20 771
20 880
20 947
20 1254
20 1663
22 202
22 291
22 417
22 1855
23 127
23 133
23 961
23 1811
23 1963
24 842
24 1948
25 188
25 276
25 1091
25 1168
25 1704
26 472
26 1192
27 255
27 256
27 780
27 861
27 1279
27 1410
27 1457
28 207
28 329
28 1004
28 1636
28 1851
29 271
29 894
29 1304
29 1723
29 1916
30 141
30 324
30 498
30 733
30 742
30 1775
30 1961
31 137
31 246
31 1922
32 225
32 442
32 617
32 738
32 743
32 1563
32 1791
32 1842
33 751
33 1860
33 1969
34 210
34 934
34 1061
34 1111
35 357
35 367
35 837
35 1076
36 562
36 903
36 1289
36 1360
36 1571
36 1582
37 298
37 704
37 712
37 1279
37 1430
38 95
38 881
38 885
38 923
38 933
38 1132
38 1196
38 1674
38 1927
39 613
39 1490
40 171
40 511
40 570
40 805
40 1778
40 1937
41 161
41 272
41 623
41 1060
41 1096
41 1488
41 1943
42 627
42 633
42 1152
42 1755
43 470
43 776
43 1070
43 1237
43 1347
43 1761
43 1889
43 1959
44 404
44 1223
44 1291
44 1604
45 804
45 1381
46 95
46 220
46 1231
46 1738
47 769
47 895
47 1396
47 1583
47 1773
48 792
48 939
48 1196
48 1448
48 1927
49 222
49 421
49 686
49 1624
50 93
50 937
50 996
50 1275
50 1737
50 1976
51 602
51 618
51 1397
51 1578
52 226
52 1305
53 120
53 973
54 582
54 1375
54 1589
55 333
55 1803
55 1913
56 210
57 162
57 755
57 1697
57 1866
58 191
58 1127
59 802
59 1648
59 1690
59 1842
59 1975
60 144
60 1290
60 1583
61 661
61 1405
62 968
62 1461
62 1598
62 1678
63 117
63 244
63 720
63 1093
64 163
64 656
64 803
64 1136
65 374
65 1021
65 1119
65 1188
65 1367
65 1393
65 1674
66 178
66 202
66 421
66 612
66 979
67 253
67 635
67 699
67 1671
68 419
68 882
69 353
70 758
70 901
71 549
72 248
72 636
72 1449
72 1517
73 443
73 1164
73 1307
73 1855
74 123
74 293
74 1493
74 1833
74 1960
75 83
75 152
76 109
76 690
77 188
78 342
78 760
78 1732
79 281
79 664
79 836
79 1527
79 1780
80 192
80 1208
81 385
81 1342
81 1804
82 778
82 1408
82 1563
82 1990
83 590
83 1312
83 1342
83 1529
84 365
84 377
84 451
84 789
84 804
84 1130
84 1308
84 1525
84 1537
85 870
85 1457
85 1496
85 1726
85 1904
85 1905
86 380
86 853
86 1534
86 1884
87 1293
87 1705
88 767
88 1526
89 642
90 1450
90 1899
91 217
91 463
91 485
92 174
92 687
92 787
93 445
93 621
93 1364
93 1426
93 1818
94 283
94 703
94 1330
94 1708
95 1743
96 281
96 285
96 728
96 797
96 1230
96 1461
96 1464
97 133
97 1873
98 539
98 1203
99 158
99 811
99 955
99 1315
99 1340
99 1954
100 733
100 1203
100 1728
100 1740
101 987
101 1194
101 1270
101 1293
102 155
102 530
102 733
102 1570
102 1789
102 1922
103 549
103 1407
104 251
105 231
105 253
105 933
105 997
105 1139
105 1211
105 1542
105 1694
105 1981
106 891
106 1049
106 1065
106 1118
106 1191
106 1842
107 575
108 456
108 627
108 974
108 1191
108 1453
109 814
109 821
109 1011
109 1098
109 1464
110 1878
111 1090
111 1337
111 1578
111 1675
112 712
112 935
112 1241
112 1825
113 504
113 792
113 974
113 1464
113 1843
113 1946
114 460
114 631
114 974
114 1057
114 1153
114 1187
114 1459
114 1545
115 401
115 465
115 715
115 983
115 1246
115 1383
115 1418
115 1424
115 1631
116 412
116 779
116 1558
116 1779
116 1837
116 1883
117 406
117 476
118 677
118 680
118 786
118 1140
118 1352
119 523
119 658
119 858
119 901
119 950
119 1180
119 1237
119 1293
119 1856
120 1854
121 167
121 467
122 543
122 583
122 1372
122 1664
122 1782
123 996
123 1770
123 1903
123 1988
125 287
125 586
125 767
125 1032
125 1036
125 1171
125 1226
125 1390
125 1839
126 843
126 1232
126 1512
126 1648
126 1816
127 1174
127 1225
127 1427
127 1675
128 520
128 707
128 1144
129 221
129 550
129 1135
129 1231
130 153
130 309
130 911
130 1315
130 1725
131 1108
131 1221
131 1716
131 1973
132 842
132 1209
133 517
134 303
134 1817
135 663
135 1531
136 194
136 577
136 765
136 1811
137 666
137 687
137 699
137 706
137 1111
137 1266
137 1312
138 312
138 738
138 1110
138 1408
138 1979
139 181
139 589
140 796
140 873
140 1113
140 1842
141 878
141 934
141 1039
142 335
142 778
142 1585
143 294
143 1007
143 1176
143 1198
143 1210
143 1212
143 1403
144 344
144 392
144 1187
144 1509
145 454
145 568
145 959
145 969
146 669
146 923
146 1488
146 1682
147 504
147 538
147 1277
147 1662
147 1978
148 992
148 1279
148 1380
149 740
149 1362
149 1600
150 385
150 811
150 1791
151 322
151 875
151 1213
152 397
152 1386
152 1964
154 401
154 541
154 837
155 193
155 334
155 1813
156 1471
156 1732
156 1770
157 1096
157 1158
157 1347
159 1861
159 1989
160 343
160 602
160 889
161 164
161 179
161 256
161 725
161 1117
162 322
162 797
162 904
162 1707
163 449
163 492
163 1639
164 597
165 354
165 718
166 225
166 1009
166 1075
166 1301
167 772
167 1405
167 1920
168 833
168 1157
168 1483
168 1738
168 1781
169 960
169 1761
170 197
170 808
170 1230
170 1483
171 250
171 851
171 1215
171 1420
172 476
172 500
172 1436
172 1993
173 283
173 518
173 570
173 1474
174 627
174 1311
174 1322
174 1682
174 1976
175 480
175 834
175 968
176 696
177 299
177 596
177 875
177 1024
177 1843
177 1930
178 293
178 1820
179 306
179 706
179 759
179 1639
179 1679
180 249
180 1155
180 1529
180 1961
181 907
181 1351
182 608
182 742
182 797
182 818
183 319
183 426
183 949
184 215
184 361
184 511
184 512
184 565
184 823
184 1161
184 1530
185 1331
186 878
186 1410
187 655
187 812
187 947
187 1774
187 1999
188 496
188 619
188 925
188 1948
189 536
189 635
189 878
189 1439
190 343
190 1087
190 1597
190 1905
190 1965
191 923
191 1066
191 1532
192 821
192 1003
192 1726
193 886
194 271
194 1151
194 1439
194 1542
195 775
195 1153
195 1554
196 529
196 556
196 1019
196 1405
197 805
198 1292
198 1805
199 377
199 806
199 994
199 1258
199 1826
199 1855
200 586
200 636
200 1464
200 1991
201 223
201 286
201 405
201 686
202 544
202 1884
203 1391
203 1764
203 1839
205 843
205 888
205 1264
206 491
206 517
206 912
207 901
208 798
208 1328
208 1807
209 1134
209 1204
210 763
210 892
210 1068
210 1723
211 592
211 1306
211 1523
211 1747
212 464
212 544
212 1001
212 1246
212 1379
212 1389
213 737
213 773
214 467
214 495
214 538
214 1100
214 1717
214 1937
215 352
215 1517
215 1682
215 1951
216 467
216 832
216 1584
216 1613
216 1719
217 517
217 1740
218 410
218 1161
218 1366
218 1725
219 411
219 442
219 649
219 988
219 1069
219 1718
220 698
220 797
220 1511
221 1248
221 1286
221 1874
223 254
223 867
224 382
224 597
224 1198
224 1336
224 1368
224 1478
224 1830
225 1307
225 1520
225 1807
226 727
227 1067
227 1434
227 1614
227 1875
227 1917
228 274
228 614
228 845
228 863
228 1864
228 1928
229 435
229 441
229 555
229 940
229 1104
229 1424
230 307
230 1441
231 1301
231 1695
232 862
232 1663
232 1963
233 245
233 1113
233 1374
233 1844
234 259
234 288
234 720
234 861
235 648
235 1614
235 1882
236 264
236 1056
237 704
237 1262
237 1389
238 1300
238 1994
239 593
239 615
240 373
240 1612
241 293
241 1911
242 666
242 726
242 921
243 385
243 669
243 842
243 1025
243 1094
243 1541
243 1960
244 989
244 1086
244 1120
244 1440
245 343
245 358
245 948
245 1984
246 629
246 1342
247 397
247 786
247 900
247 1936
247 1972
248 320
248 796
248 1026
248 1581
249 1094
249 1497
249 1922
250 319
250 341
250 1134
250 1841
251 541
251 554
251 586
251 1884
252 298
252 1023
252 1120
252 1746
253 424
253 515
253 1292
253 1393
253 1482
253 1577
253 1821
253 1946
254 1333
255 525
255 1820
256 1746
257 538
257 569
257 686
257 988
257 1542
257 1890
258 330
258 1199
258 1574
259 1018
259 1747
259 1969
261 453
261 913
261 1067
261 1447
262 631
262 834
262 1261
262 1417
262 1435
263 1498
264 568
264 648
264 774
264 1134
264 1397
265 400
266 514
266 755
266 868
266 1168
266 1461
266 1937
267 574
267 956
267 1137
267 1724
268 779
268 1154
268 1520
268 1579
269 572
269 1403
270 1480
270 1962
271 1111
271 1734
272 1047
272 1522
273 561
273 733
273 965
274 1457
275 357
275 1311
275 1495
275 1538
275 1659
276 774
276 1110
276 1664
276 1822
277 1192
277 1670
277 1687
277 1869
278 1105
278 1233
278 1990
279 1790
280 632
280 1176
280 1827
281 439
281 977
282 1830
282 1966
283 345
283 1168
283 1368
284 1517
285 560
286 411
286 949
286 1345
286 1370
286 1828
287 1561
288 435
288 631
288 985
290 1186
291 1470
291 1883
292 539
292 902
292 965
292 1346
292 1596
292 1613
292 1730
293 732
293 765
293 1108
293 1546
293 1581
293 1595
293 1597
294 1826
295 1679
296 1339
296 1784
297 736
297 744
297 1159
297 1398
298 1798
298 1963
299 381
299 453
299 951
299 1048
300 871
300 922
300 1643
301 578
301 617
301 900
301 1719
302 1872
303 316
303 861
303 1101
303 1552
303 1674
303 1971
304 764
304 1440
304 1754
305 522
305 527
305 596
305 861
305 1761
306 489
306 743
306 981
306 1271
306 1674
306 1914
306 1918
307 544
307 709
307 1821
307 1942
308 1025
309 1123
309 1571
310 407
310 537
310 875
311 929
311 1578
311 1637
311 1683
312 1216
312 1252
313 1325
313 1957
314 577
314 1142
314 1797
315 366
315 649
315 1050
315 1125
315 1299
315 1429
315 1547
315 1774
316 529
316 613
316 1171
316 1380
316 1560
317 646
317 865
317 1018
317 1025
318 440
318 809
318 1480
318 1572
318 1861
319 1295
320 1121
320 1282
320 1972
321 1186
321 1458
321 1628
322 378
322 1283
322 1300
322 1553
322 1582
322 1765
323 923
323 954
323 1066
323 1899
324 630
324 839
324 951
324 1384
324 1938
325 522
325 680
325 1036
325 1051
325 1082
325 1456
325 1578
325 1813
326 442
326 692
326 879
326 1078
326 1210
326 1298
326 1310
327 520
327 821
327 1042
327 1320
327 1804
327 1945
328 1072
328 1291
328 1319
329 1421
329 1860
329 1907
330 1639
331 1291
331 1694
332 800
332 1225
332 1480
332 1560
333 426
333 1635
333 1673
334 812
334 1223
334 1828
335 955
336 407
336 540
336 927
336 1943
338 366
338 783
338 1698
339 1048
339 1087
339 1866
340 463
340 1332
340 1677
340 1816
341 877
342 353
342 498
342 677
342 917
342 1509
343 1296
344 551
344 708
344 975
344 1094
344 1853
345 1055
345 1104
345 1172
345 1380
346 478
346 1557
346 1848
346 1859
347 393
347 657
347 802
347 1464
348 975
349 1379
349 1950
350 1496
350 1557
350 1594
350 1633
351 439
351 599
351 654
351 782
351 854
351 1530
351 1890
351 1954
351 1963
352 751
352 772
352 1650
352 1662
352 1968
353 661
353 774
353 916
353 940
353 1500
353 1593
353 1667
353 1812
354 855
354 878
354 1185
354 1278
354 1405
355 1034
355 1596
356 868
356 1396
356 1709
357 560
357 792
357 952
357 1182
358 417
359 723
359 724
359 1057
359 1643
360 420
360 721
360 966
360 1328
360 1406
360 1545
361 1569
361 1704
362 1127
362 1152
362 1217
362 1404
362 1677
362 1929
363 684
363 1473
364 709
364 1293
364 1497
364 1516
364 1640
366 713
366 1406
366 1654
367 791
367 1918
368 883
368 1826
369 913
369 1059
369 1319
369 1715
369 1845
369 1926
369 1931
370 1039
370 1124
370 1726
371 469
371 752
371 783
371 856
371 907
371 1584
372 873
373 1198
373 1238
373 1923
374 660
374 794
374 874
374 976
374 1165
374 1424
374 1839
374 1863
375 672
375 819
375 887
376 702
376 839
376 1125
377 823
377 1058
377 1685
378 805
378 1812
379 692
379 1387
380 559
380 788
381 1705
382 643
382 826
382 1179
383 500
383 970
383 1125
383 1309
383 1316
383 1459
384 750
384 768
384 1083
384 1844
385 504
385 1318
385 1697
385 1764
386 819
386 1987
387 1603
387 1821
388 645
388 966
388 1636
388 1794
389 712
389 1313
390 1367
390 1795
390 1941
391 1218
391 1768
391 1901
391 1968
392 785
392 1923
393 1130
393 1253
393 1302
393 1683
394 1362
394 1857
395 840
395 890
395 1636
396 1334
397 830
397 884
397 957
397 1507
397 1549
397 1678
398 885
398 1185
399 761
399 945
399 1847
400 817
400 1329
400 1485
400 1510
400 1675
400 1782
400 1792
401 673
401 974
401 1561
402 1698
402 1744
404 1139
404 1327
404 1333
404 1518
404 1603
404 1687
405 1620
405 1928
406 938
406 1041
406 1536
406 1601
406 1750
406 1962
407 1420
407 1473
408 537
408 1490
409 418
409 1148
409 1760
410 1210
410 1415
410 1449
410 1639
411 822
411 1130
411 1347
411 1474
412 607
412 882
412 1827
413 640
413 900
413 1113
413 1219
413 1818
413 1918
414 664
414 1529
415 627
415 903
415 1133
415 1409
415 1534
415 1741
415 1771
415 1795
415 1827
415 1860
416 635
416 1121
416 1188
416 1466
416 1489
416 1562
417 604
417 1588
417 1628
417 1705
418 707
418 712
418 845
418 1317
418 1981
419 496
419 695
419 1239
419 1714
419 1877
419 1911
420 627
420 1291
420 1378
420 1887
421 596
421 1236
421 1288
421 1942
422 919
422 1456
423 481
423 1269
423 1908
424 560
424 1085
424 1203
424 1459
424 1604
425 661
425 1974
426 517
426 1128
426 1442
427 824
427 1478
427 1837
428 432
428 554
428 960
428 1848
429 1108
429 1133
429 1561
429 1766
430 576
430 1658
430 1714
431 1375
431 1449
432 481
432 1958
433 1939
434 756
434 983
434 1751
434 1833
434 1871
435 630
435 771
435 966
435 1078
435 1658
436 1339
437 449
437 747
437 792
437 1166
437 1505
438 775
438 1575
438 1926
439 447
439 501
439 731
439 938
439 1058
439 1105
439 1660
440 811
440 1315
440 1380
440 1532
440 1798
441 581
442 543
442 584
442 854
443 472
443 693
443 708
443 1060
443 1421
443 1934
444 916
444 1814
444 1955
445 1173
445 1304
445 1872
446 1356
446 1492
446 1816
447 1147
448 898
448 1160
448 1587
448 1897
448 1971
449 457
449 1047
449 1379
449 1888
449 1957
450 1657
450 1769
450 1783
451 502
451 999
451 1810
451 1885
451 1938
452 1341
452 1575
453 579
453 825
453 967
454 1138
455 1756
455 1790
456 847
456 1307
456 1375
457 1112
457 1254
457 1695
458 514
458 792
458 1429
458 1470
459 514
459 1568
459 1807
460 966
460 1210
461 693
461 1702
461 1899
462 677
462 951
463 821
463 1135
463 1585
463 1595
464 584
464 845
464 1368
464 1447
465 1081
465 1277
465 1410
465 1930
466 1016
466 1058
466 1425
466 1586
467 646
467 1467
467 1744
468 1062
468 1695
468 1707
468 1733
469 760
469 1429
469 1495
469 1920
470 769
470 1025
470 1440
470 1528
471 1632
472 656
472 996
472 1602
472 1614
473 1131
473 1915
474 888
474 977
474 1193
474 1780
475 1325
475 1660
476 1045
476 1087
476 1779
477 1012
477 1684
478 575
478 871
478 1437
479 480
479 665
479 839
479 840
479 979
479 1164
479 1947
480 775
481 682
481 888
481 1987
483 1098
483 1201
483 1391
483 1661
484 546
484 778
484 852
484 1211
484 1598
484 1958
485 718
485 734
485 743
485 1045
485 1087
485 1436
485 1706
486 730
486 1270
486 1551
487 1012
487 1274
487 1497
487 1881
488 542
489 542
489 704
489 761
490 567
490 1016
490 1165
491 1816
492 588
492 1295
492 1424
493 496
493 1572
494 1176
494 1482
495 515
495 724
495 761
495 762
495 1509
495 1778
495 1994
496 630
496 1006
496 1250
496 1303
496 1378
496 1539
498 966
498 1191
498 1887
498 1939
498 1944
499 541
499 738
499 1161
500 750
500 1330
500 1573
500 1861
501 811
501 1225
501 1712
502 732
502 837
502 844
502 1319
502 1545
502 1707
503 737
503 921
503 1045
503 1199
504 716
504 1477
504 1535
506 1294
506 1565
506 1978
506 1994
507 1416
507 1595
508 1987
509 643
509 1242
509 1554
510 575
511 533
512 612
513 588
513 1852
514 1001
514 1218
514 1670
515 961
515 1072
515 1367
515 1533
515 1663
515 1956
516 581
516 611
516 1155
516 1444
516 1671
516 1902
517 552
518 949
518 1449
518 1482
518 1942
519 989
519 1044
519 1282
519 1765
520 1138
520 1168
521 535
521 796
521 1594
521 1906
522 591
522 842
522 1406
522 1632
522 1758
523 591
523 731
523 1029
523 1163
523 1773
524 1374
524 1871
525 632
526 651
526 983
526 1612
527 881
527 973
527 1343
527 1861
528 530
529 803
529 1153
529 1243
529 1579
529 1875
530 794
530 1191
530 1670
531 672
531 692
531 1409
532 1852
533 961
533 1087
533 1184
533 1336
533 1399
533 1417
533 1462
533 1500
533 1586
534 658
534 900
534 1251
534 1394
535 773
535 786
535 1299
535 1495
536 1892
538 1421
538 1760
538 1974
539 592
539 876
539 1743
539 1942
540 796
540 1349
540 1529
541 774
541 937
541 1057
541 1191
541 1258
541 1493
541 1537
541 1640
542 958
542 1638
542 1981
544 970
544 1098
544 1667
545 553
545 1865
546 1786
546 1908
547 990
547 1152
547 1390
547 1607
548 587
548 1001
548 1219
548 1224
548 1544
548 1915
549 668
549 1104
550 678
550 1848
551 857
551 1000
551 1269
551 1884
553 691
553 791
553 885
554 1406
554 1515
555 603
555 999
555 1548
556 736
556 849
556 1004
556 1482
556 1589
556 1743
557 593
557 1572
558 614
558 928
558 1270
558 1476
558 1577
559 1085
560 804
560 1368
561 775
561 857
562 870
562 1107
562 1152
562 1557
562 1675
562 1688
563 1128
563 1656
564 1398
564 1896
565 850
565 1694
566 1061
566 1094
566 1111
566 1729
567 1574
567 1950
568 630
568 789
568 1216
568 1235
569 1560
569 1840
569 1855
569 1994
570 1037
570 1045
571 726
571 811
571 813
571 1102
571 1472
571 1782
571 1970
572 727
572 1060
572 1765
573 631
573 797
573 856
573 1151
573 1507
573 1550
573 1855
574 1492
574 1631
575 1383
576 678
576 687
576 755
576 1127
576 1711
576 1934
577 773
577 1229
578 764
578 1271
578 1708
579 1103
579 1113
579 1715
580 1228
580 1617
581 1510
581 1863
582 927
582 1132
582 1532
582 1929
583 992
583 1585
584 695
584 1190
584 1905
585 1306
586 963
586 998
586 1504
587 622
587 893
587 1359
587 1396
587 1400
588 1018
588 1624
588 1973
589 1343
589 1522
589 1524
591 608
591 778
591 1808
592 724
592 1351
592 1641
592 1675
593 676
593 1994
594 625
594 1014
594 1822
595 646
595 765
595 1100
595 1307
595 1344
595 1502
595 1552
596 643
596 782
596 1192
596 1586
596 1836
596 1920
597 999
597 1053
597 1059
598 702
598 1038
599 740
599 888
599 1383
599 1706
599 1920
600 1963
601 838
601 904
601 1108
601 1624
602 1123
602 1289
602 1659
602 1695
603 1088
603 1251
604 1078
604 1757
604 1790
605 793
605 833
605 1050
606 914
606 1063
606 1344
606 1556
606 1728
606 1781
607 989
608 713
609 1893
610 611
610 642
610 911
610 1595
610 1672
610 1692
611 648
611 1100
612 674
612 1134
612 1798
613 1217
613 1226
613 1490
613 1549
614 915
614 917
614 1077
614 1255
614 1480
614 1516
614 1577
615 761
615 1400
615 1843
616 1197
616 1551
617 644
617 1573
617 1874
618 680
618 928
618 988
618 1191
618 1226
618 1309
618 1433
618 1593
618 1821
619 1141
619 1446
619 1701
619 1830
619 1871
620 670
620 1651
621 1180
622 1962
623 1799
623 1883
624 743
624 872
624 1529
624 1625
624 1635
625 652
626 690
627 1159
627 1552
627 1915
629 891
629 972
629 1137
629 1844
629 1947
630 1889
631 1260
631 1373
631 1887
632 995
632 1091
633 1415
634 1710
634 1833
635 738
635 856
635 1001
635 1075
635 1673
636 665
636 1718
636 1754
637 1699
638 1352
638 1604
638 1785
639 682
639 924
639 1837
640 834
641 989
641 1217
641 1532
642 1658
642 1861
643 744
643 1401
644 970
644 1321
644 1598
645 747
645 923
645 1775
646 1086
646 1332
646 1899
647 1533
647 1729
647 1790
648 1293
648 1357
649 1175
649 1466
651 965
651 1265
652 786
652 1450
652 1677
652 1765
653 846
653 1816
654 911
654 1144
654 1681
654 1924
655 688
655 907
655 1527
655 1805
655 1976
656 705
656 1246
657 1788
658 1401
659 786
659 1213
659 1687
660 948
660 979
660 1563
662 1089
662 1977
663 911
663 1590
663 1675
664 700
664 1408
664 1937
665 1215
665 1217
665 1713
667 1695
667 1798
668 886
668 1354
668 1707
668 1943
669 979
669 1047
669 1564
670 963
670 1179
671 935
671 1322
672 1098
672 1873
673 896
673 1257
673 1870
674 693
675 1108
675 1320
675 1456
675 1510
675 1652
675 1981
676 786
676 1077
676 1237
676 1314
676 1435
676 1834
677 1963
678 1340
678 1583
679 1518
680 749
680 812
680 819
680 1214
680 1317
680 1945
680 1952
681 1195
681 1582
681 1814
682 898
682 1065
682 1346
682 1485
683 1191
683 1417
684 957
684 1039
684 1339
684 1868
685 705
685 1267
685 1604
685 1787
686 690
686 767
686 1214
686 1716
687 1559
687 1596
687 1964
688 817
688 1369
688 1848
689 1320
689 1342
689 1408
689 1890
690 1699
692 962
692 1276
692 1423
692 1676
693 987
693 1317
694 1178
694 1636
694 1645
695 701
695 1668
696 731
696 1707
696 1979
699 726
699 1278
699 1559
699 1680
699 1891
700 884
700 1288
700 1952
701 1169
701 1824
702 1876
703 1137
704 788
704 1608
704 1673
704 1713
704 1866
705 1379
705 1712
705 1855
706 825
706 1102
706 1552
708 1012
708 1466
708 1937
709 1138
709 1557
710 1211
710 1465
710 1681
711 730
711 1028
711 1275
711 1755
711 1984
712 1088
712 1130
713 1249
713 1324
713 1653
713 1798
714 811
714 904
714 1428
715 1136
716 1543
717 1090
717 1143
717 1311
717 1518
718 1210
719 902
719 984
720 909
720 1255
720 1546
720 1957
721 1154
722 1008
722 1205
722 1341
723 843
723 1299
724 859
724 1374
725 861
725 1421
725 1580
725 1907
726 1514
726 1667
726 1969
727 1041
727 1579
728 1410
728 1607
728 1775
729 1482
730 740
730 1118
730 1865
730 1937
731 1490
731 1634
731 1658
732 1127
732 1159
732 1437
733 966
734 806
734 1811
735 1000
735 1843
736 1766
736 1892
737 1115
738 841
738 1465
739 1409
740 868
740 1347
740 1434
740 1894
740 1981
741 1123
741 1280
741 1697
742 786
742 1177
742 1488
743 832
743 902
743 1720
743 1799
743 1890
744 1690
744 1817
744 1979
745 1327
745 1488
746 1076
746 1281
746 1366
747 892
747 1492
747 1532
748 1318
749 879
749 926
749 1017
749 1811
751 1259
751 1344
752 1428
753 857
753 1200
753 1317
753 1924
754 1753
755 1132
755 1292
755 1481
755 1502
755 1875
756 766
756 1021
756 1200
756 1390
756 1466
757 1575
757 1798
758 937
758 1428
758 1455
758 1557
758 1701
759 1216
759 1300
759 1359
759 1765
759 1994
762 1666
763 1227
763 1490
763 1718
763 1852
765 872
765 946
765 1491
765 1972
766 1203
766 1883
767 985
767 1082
767 1847
767 1882
768 994
768 1018
768 1494
768 1662
769 798
769 1555
770 1387
771 825
771 844
771 1263
771 1281
771 1517
771 1639
772 880
772 1245
773 787
773 1703
774 779
774 1417
774 1983
775 887
775 1190
775 1603
775 1635
776 1569
777 1160
777 1944
777 1969
778 982
778 1022
778 1188
778 1693
778 1968
779 1119
779 1828
780 1084
780 1296
781 782
781 1182
781 1185
782 1822
783 1801
783 1993
784 1085
784 1546
784 1595
784 1713
785 1015
785 1877
787 1035
787 1163
787 1263
787 1318
787 1381
787 1814
788 977
788 1018
788 1323
788 1505
789 797
789 927
789 1393
789 1930
791 821
791 1725
791 1795
791 1978
792 953
792 1073
792 1651
792 1659
792 1745
793 825
793 1335
793 1531
793 1593
793 1750
794 940
794 1700
794 1876
796 810
796 936
796 972
796 1029
797 892
798 1383
798 1440
799 999
799 1605
801 1059
801 1111
801 1757
803 1191
803 1570
806 1069
806 1371
806 1437
806 1664
806 1829
806 1863
807 1041
807 1115
807 1371
807 1481
807 1719
808 1859
808 1867
809 1497
810 875
810 1731
811 979
811 1479
811 1757
811 1901
812 1062
812 1114
812 1375
812 1835
813 1583
813 1601
814 1261
814 1690
814 1778
815 1152
815 1277
815 1706
816 1307
818 1079
819 854
820 889
820 1178
820 1713
820 1962
821 1659
821 1894
822 993
822 1059
822 1208
823 1077
823 1462
824 1091
824 1101
824 1787
825 1087
825 1846
826 1650
826 1823
827 1554
828 1383
828 1443
828 1780
828 1820
828 1970
829 929
829 1126
830 1111
830 1194
830 1268
831 1374
831 1921
832 889
832 1387
832 1469
832 1630
832 1840
832 1995
833 1135
833 1469
833 1818
834 864
834 1064
835 957
835 1429
835 1916
836 985
836 1001
836 1021
836 1102
837 1247
838 1169
838 1783
838 1897
839 907
839 1862
840 1308
841 853
841 1613
842 1191
842 1408
843 922
843 940
843 1607
843 1892
843 1991
844 845
844 1271
844 1423
844 1971
845 1017
845 1745
846 1181
846 1855
847 1519
847 1749
847 1929
849 1900
849 1914
850 1297
850 1397
850 1938
851 1327
851 1437
851 1518
852 1749
852 1980
853 1306
853 1355
854 980
854 1220
854 1846
855 916
856 1213
856 1306
856 1612
856 1853
857 1656
857 1884
857 1993
858 1036
858 1076
858 1897
859 1078
859 1290
859 1620
859 1936
860 1937
861 1263
861 1383
861 1404
862 1381
863 1162
863 1543
863 1910
864 1640
865 1094
865 1126
865 1467
866 1329
866 1456
866 1998
867 909
867 1103
868 1543
870 982
870 1077
871 1136
871 1548
871 1923
872 1189
872 1807
872 1872
872 1964
873 1289
873 1375
873 1605
873 1725
873 1868
874 970
874 1467
875 968
875 1166
878 1135
878 1898
879 1169
879 1356
879 1737
880 1769
881 1757
882 899
882 1128
882 1208
882 1695
882 1708
882 1752
883 1149
883 1268
883 1568
883 1574
883 1674
884 1505
884 1895
885 1442
885 1799
886 1460
886 1786
887 1498
888 1192
888 1243
888 1261
888 1334
889 1855
889 1974
890 1812
890 1921
891 967
891 1611
892 1306
892 1350
892 1369
893 1581
894 1878
895 1253
895 1478
896 1081
896 1144
897 1374
897 1820
897 1933
898 1631
900 1350
900 1823
901 1444
901 1480
901 1629
901 1690
901 1925
902 1113
902 1189
902 1691
903 1242
904 1531
904 1682
905 1052
905 1444
906 1381
906 1913
907 943
907 1384
907 1646
909 1976
910 1452
910 1754
910 1911
912 1091
912 1343
913 1870
914 1871
915 1622
916 1537
916 1769
916 1819
916 1946
917 1460
919 1306
920 938
920 1237
920 1779
920 1977
921 1080
921 1101
921 1519
921 1845
921 1972
922 1232
922 1599
922 1796
923 1425
923 1492
923 1720
924 1021
924 1732
925 932
925 1117
927 1195
927 1734
927 1783
928 1959
929 967
929 1207
929 1417
929 1762
930 1386
930 1475
930 1491
931 1629
931 1876
932 1238
932 1744
933 1185
933 1226
934 1436
935 1684
936 1233
937 1686
938 1173
939 1179
939 1337
939 1364
939 1905
940 1757
940 1875
941 963
941 973
941 1511
941 1762
942 1572
943 1163
943 1395
943 1457
943 1765
943 1767
944 952
944 1231
944 1731
945 993
945 1387
946 1976
948 1612
948 1923
949 1390
949 1466
949 1811
950 976
950 1349
951 1008
951 1316
951 1760
952 1662
953 1107
954 1233
954 1542
954 1572
954 1624
955 1942
956 1127
956 1162
956 1283
956 1577
956 1862
956 1924
957 1178
957 1458
958 1387
958 1772
958 1877
959 1636
959 1872
960 1140
960 1362
960 1469
960 1575
961 1917
961 1989
962 1760
963 1233
963 1354
964 1217
964 1844
965 1213
965 1238
966 1362
967 1155
967 1815
967 1982
968 1393
968 1598
970 1355
970 1740
971 1188
971 1253
971 1287
971 1377
972 1670
973 1306
974 1282
974 1725
974 1907
974 1915
975 1569
975 1988
976 1862
976 1969
978 1311
979 1320
980 1107
980 1274
981 1097
981 1377
981 1629
982 1004
982 1413
982 1647
983 1662
983 1711
983 1907
984 1093
986 1286
987 1175
987 1576
987 1789
988 1371
989 1157
989 1251
989 1624
989 1894
990 1206
991 1999
993 1673
993 1762
993 1789
994 1227
994 1360
995 1434
996 1004
996 1610
997 1383
998 1032
998 1337
998 1459
999 1278
1000 1217
1000 1295
1001 1232
1001 1565
1001 1800
1003 1185
1004 1257
1004 1979
1005 1520
1005 1906
1006 1169
1006 1370
1007 1061
1007 1272
1007 1356
1007 1572
1007 1731
1008 1021
1008 1121
1008 1414
1009 1165
1009 1941
1010 1154
1011 1452
1012 1347
1012 1351
1012 1725
1012 1961
1013 1420
1014 1125
1014 1417
1014 1644
1015 1472
1016 1027
1016 1305
1017 1079
1017 1261
1017 1621
1017 1628
1017 1688
1019 1950
1020 1877
1021 1725
1022 1868
1022 1982
1024 1187
1025 1803
1025 1991
1026 1277
1027 1190
1027 1493
1027 1535
1027 1876
1027 1974
1028 1275
1028 1339
1028 1881
1029 1599
1030 1102
1030 1180
1030 1983
1031 1509
1031 1967
1032 1931
1033 1778
1034 1976
1035 1356
1035 1980
1037 1457
1037 1500
1037 1583
1038 1298
1038 1342
1038 1703
1038 1790
1039 1445
1039 1539
1039 1557
1039 1575
1040 1541
1040 1979
1041 1250
1041 1713
1042 1244
1042 1757
1042 1902
1043 1570
1044 1595
1045 1130
1045 1333
1045 1447
1045 1920
1047 1781
1047 1966
1048 1561
1050 1843
1051 1113
1052 1081
1052 1579
1053 1585
1053 1638
1054 1265
1054 1478
1056 1739
1056 1796
1057 1086
1057 1178
1057 1427
1060 1190
1060 1429
1061 1404
1062 1092
1062 1645
1062 1739
1063 1735
1063 1825
1064 1614
1064 1674
1064 1675
1064 1736
1064 1748
1065 1116
1065 1163
1065 1312
1067 1114
1067 1652
1068 1537
1068 1966
1069 1105
1069 1636
1069 1884
1069 1926
1070 1134
1070 1317
1070 1678
1070 1684
1070 1834
1071 1342
1071 1851
1072 1560
1073 1331
1074 1594
1075 1426
1075 1922
1076 1298
1076 1659
1077 1529
1077 1757
1078 1396
1079 1315
1079 1612
1080 1920
1082 1142
1083 1108
1083 1114
1083 1359
1083 1474
1084 1135
1084 1293
1084 1529
1084 1533
1086 1140
1086 1165
1086 1287
1087 1144
1087 1800
1088 1145
1089 1247
1089 1276
1089 1404
1089 1689
1089 1998
1091 1700
1092 1461
1093 1518
1093 1825
1094 1292
1094 1332
1094 1399
1094 1969
1095 1107
1095 1790
1096 1164
1096 1196
1096 1248
1096 1707
1097 1298
1097 1760
1097 1979
1098 1153
1098 1834
1098 1990
1099 1231
1100 1108
1101 1314
1101 1544
1101 1818
1101 1958
1103 1236
1103 1775
1104 1392
1104 1986
1105 1115
1105 1147
1105 1226
1105 1438
1106 1395
1106 1576
1106 1957
1109 1584
1110 1530
1110 1594
1111 1597
1112 1902
1113 1366
1114 1194
1114 1291
1116 1166
1117 1357
1117 1498
1118 1917
1120 1358
1121 1203
1121 1939
1122 1155
1125 1129
1125 1414
1125 1542
1128 1825
1128 1892
1129 1303
1129 1422
1129 1612
1129 1717
1129 1787
1130 1203
1130 1542
1131 1378
1131 1791
1131 1881
1132 1415
1132 1892
1135 1931
1135 1939
1136 1592
1137 1433
1138 1602
1138 1707
1138 1933
1139 1463
1139 1553
1140 1195
1140 1777
1141 1264
1142 1353
1142 1558
1143 1160
1143 1421
1143 1577
1144 1149
1145 1967
1146 1494
1146 1546
1147 1695
1147 1696
1147 1828
1148 1233
1148 1359
1148 1990
1150 1807
1151 1591
1151 1855
1152 1591
1153 1156
1153 1492
1153 1858
1154 1846
1155 1960
1156 1334
1157 1304
1157 1392
1159 1695
1160 1476
1160 1837
1161 1424
1161 1702
1161 1922
1162 1497
1162 1860
1165 1252
1165 1516
1165 1778
1166 1809
1167 1927
1168 1206
1168 1430
1170 1192
1170 1328
1170 1697
1170 1806
1171 1789
1172 1198
1172 1755
1173 1895
1173 1920
1174 1433
1175 1302
1175 1613
1175 1877
1175 1957
1176 1672
1176 1702
1177 1230
1177 1835
1177 1988
1178 1226
1179 1497
1180 1595
1180 1647
1181 1674
1182 1251
1182 1307
1182 1377
1182 1383
1182 1745
1183 1899
1184 1548
1184 1563
1185 1293
1185 1334
1185 1632
1187 1249
1187 1363
1187 1520
1192 1591
1192 1995
1193 1655
1193 1948
1194 1342
1194 1385
1195 1673
1196 1579
1197 1468
1197 1703
1199 1715
1200 1536
1200 1860
1200 1884
1200 1927
1201 1606
1202 1250
1202 1899
1203 1679
1204 1690
1204 1780
1207 1266
1207 1410
1207 1560
1208 1500
1208 1822
1209 1646
1209 1766
1210 1725
1211 1468
1211 1991
1212 1840
1214 1443
1215 1227
1215 1661
1215 1758
1215 1798
1216 1395
1216 1694
1216 1788
1217 1393
1217 1486
1217 1561
1219 1232
1219 1246
1219 1638
1219 1898
1220 1633
1221 1247
1221 1515
1221 1552
1221 1681
1222 1443
1222 1851
1224 1225
1224 1235
1225 1671
1225 1826
1226 1323
1226 1735
1226 1784
1226 1993
1229 1628
1229 1726
1230 1749
1230 1945
1231 1704
1232 1818
1233 1240
1235 1262
1236 1240
1236 1575
1237 1805
1237 1830
1237 1857
1237 1871
1238 1316
1239 1386
1240 1363
1240 1869
1241 1753
1242 1424
1243 1720
1244 1352
1245 1934
1246 1905
1247 1497
1248 1624
1249 1301
1249 1317
1249 1451
1250 1512
1251 1271
1252 1392
1253 1717
1253 1890
1254 1890
1255 1743
1256 1484
1257 1872
1258 1366
1258 1638
1258 1690
1258 1753
1259 1844
1260 1452
1260 1548
1260 1942
1261 1453
1262 1748
1262 1753
1262 1841
1263 1521
1263 1959
1266 1729
1268 1457
1268 1496
1269 1577
1269 1858
1270 1566
1270 1645
1270 1683
1272 1494
1273 1868
1274 1453
1274 1671
1274 1873
1275 1990
1277 1824
1278 1308
1279 1455
1281 1347
1281 1441
1281 1643
1282 1310
1282 1598
1284 1779
1285 1480
1285 1624
1287 1310
1288 1559
1288 1714
1289 1724
1290 1995
1291 1370
1292 1343
1292 1672
1294 1426
1294 1502
1295 1696
1295 1758
1296 1989
1297 1303
1298 1449
1298 1450
1298 1538
1298 1776
1299 1565
1299 1805
1300 1482
1301 1805
1303 1829
1305 1792
1305 1960
1306 1529
1307 1350
1310 1470
1311 1833
1312 1804
1313 1440
1313 1733
1314 1552
1314 1577
1314 1815
1315 1381
1316 1500
1317 1519
1318 1634
1318 1996
1319 1975
1320 1696
1320 1708
1322 1491
1322 1515
1324 1954
1326 1415
1326 1813
1326 1988
1328 1361
1328 1431
1329 1548
1329 1829
1330 1446
1330 1854
1330 1939
1330 1998
1331 1545
1332 1967
1333 1804
1336 1385
1341 1972
1342 1906
1342 1946
1343 1792
1344 1372
1344 1518
1345 1694
1346 1959
1347 1988
1348 1488
1348 1579
1348 1977
1350 1398
1350 1492
1350 1538
1350 1868
1350 1947
1351 1453
1351 1918
1353 1429
1353 1547
1353 1669
1353 1909
1355 1928
1356 1762
1356 1883
1356 1990
1357 1393
1357 1774
1358 1793
1359 1890
1361 1676
1362 1396
1362 1702
1362 1720
1364 1419
1364 1768
1366 1604
1366 1620
1366 1935
1367 1377
1367 1433
1368 1484
1368 1872
1369 1643
1369 1666
1370 1517
1370 1519
1370 1740
1373 1632
1373 1842
1374 1820
1374 1899
1375 1591
1375 1612
1375 1667
1376 1477
1376 1598
1376 1757
1377 1481
1377 1749
1378 1838
1378 1978
1380 1573
1380 1602
1380 1649
1380 1758
1381 1499
1381 1841
1385 1698
1387 1874
1387 1920
1387 1945
1388 1589
1388 1903
1390 1673
1390 1727
1392 1415
1392 1805
1393 1453
1397 1461
1397 1687
1398 1593
1398 1753
1399 1854
1401 1523
1401 1759
1404 1458
1404 1477
1404 1505
1404 1619
1404 1732
1406 1545
1407 1901
1408 1877
1408 1914
1410 1476
1411 1593
1412 1474
1412 1604
1414 1747
1415 1996
1416 1997
1417 1607
1419 1761
1419 1906
1420 1973
1424 1932
1427 1681
1428 1595
1429 1565
1430 1982
1433 1435
1434 1823
1435 1512
1436 1567
1443 1807
1444 1460
1446 1996
1448 1492
1448 1796
1449 1540
1449 1821
1449 1985
1450 1729
1456 1931
1457 1748
1459 1542
1459 1788
1460 1686
1461 1758
1462 1515
1462 1564
1462 1646
1464 1802
1465 1512
1465 1642
1466 1510
1468 1818
1468 1822
1469 1771
1470 1496
1470 1659
1471 1627
1471 1660
1472 1481
1473 1609
1475 1500
1475 1628
1475 1880
1476 1762
1477 1611
1479 1526
1484 1744
1484 1756
1490 1808
1491 1501
1491 1708
1492 1816
1493 1573
1493 1811
1494 1627
1500 1942
1501 1661
1501 1963
1506 1651
1506 1951
1508 1548
1508 1949
1510 1526
1512 1523
1512 1609
1517 1759
1518 1933
1520 1905
1521 1726
1521 1931
1523 1656
1524 1768
1525 1622
1529 1829
1530 1778
1530 1860
1534 1749
1534 1843
1534 1851
1534 1881
1535 1846
1541 1714
1542 1756
1544 1564
1547 1604
1548 1576
1548 1791
1549 1888
1549 1951
1551 1779
1551 1985
1552 1904
1553 1592
1554 1774
1556 1801
1557 1783
1558 1563
1558 1999
1559 1641
1560 1642
1560 1983
1560 1990
1561 1579
1561 1961
1563 1679
1566 1683
1567 1751
1567 1809
1567 1943
1567 1973
1569 1693
1570 1697
1570 1767
1571 1716
1572 1625
1572 1930
1573 1762
1576 1942
1577 1820
1578 1582
1580 1620
1580 1776
1581 1756
1582 1679
1584 1821
1585 1793
1587 1676
1592 1767
1592 1808
1593 1827
1595 1763
1595 1873
1597 1847
1598 1633
1599 1662
1599 1843
1600 1878
1601 1694
1603 1915
1604 1656
1606 1953
1607 1754
1608 1859
1609 1768
1610 1835
1612 1681
1615 1866
1619 1824
1620 1673
1621 1684
1622 1897
1623 1879
1623 1994
1626 1789
1627 1755
1627 1859
1628 1705
1633 1685
1633 1827
1635 1652
1636 1882
1642 1744
1644 1801
1645 1679
1645 1845
1645 1897
1645 1966
1646 1979
1648 1744
1650 1811
1651 1812
1652 1957
1653 1706
1654 1661
1655 1673
1656 1992
1657 1749
1657 1904
1657 1946
1659 1955
1659 1997
1661 1931
1664 1779
1665 1812
1666 1704
1667 1730
1676 1869
1677 1716
1679 1822
1680 1834
1681 1883
1682 1754
1682 1938
1684 1830
1684 1848
1684 1952
1686 1905
1686 1979
1687 1842
1690 1829
1691 1701
1692 1928
1695 1794
1698 1932
1701 1763
1705 1983
1706 1760
1712 1774
1712 1974
1713 1971
1718 1934
1722 1895
1724 1954
1724 1959
1727 1810
1727 1913
1727 1984
1729 1842
1730 1871
1732 1807
1739 1808
1739 1994
1753 1819
1759 1773
1761 1895
1761 1982
1762 1842
1763 1907
1763 1961
1765 1898
1766 1943
1767 1816
1768 1975
1772 1832
1772 1995
1776 1955
1777 1964
1781 1886
1783 1828
1784 1926
1785 1964
1787 1956
1788 1948
1790 1971
1791 1997
1797 1800
1797 1998
1800 1818
1801 1849
1810 1840
1813 1815
1816 1947
1818 1839
1819 1850
1822 1879
1824 1994
1827 1897
1830 1922
1831 1963
1832 1882
1835 1960
1838 1884
1847 1850
1847 1867
1847 1906
1849 1985
1853 1879
1857 1878
1859 1969
1861 1971
1862 1943
1863 1929
1865 1892
1866 1959
1868 1987
1875 1973
1876 1982
1889 1978
1891 1963
1893 1982
1897 1954
1906 1996
1913 1955
1916 1926
1920 1986
1923 1932
1924 1929
1925 1963
1925 1986
1934 1966
1937 1949
1937 1975
1940 1990
1947 1983
1963 1984
1965 1967
1985 1993
1994 1999
