0 531
1 159
1 258
1 402
1 623
1 772
1 989
2 56
2 257
2 271
2 758
2 822
2 986
3 257
3 353
3 482
4 368
4 643
5 556
5 586
6 233
6 234
8 16
8 400
8 504
8 850
8 851
8 926
9 206
9 341
9 712
9 842
9 927
10 49
10 708
10 944
11 137
11 248
11 803
12 37
12 223
12 380
12 452
12 588
12 975
13 173
13 499
13 679
14 79
14 259
14 469
14 548
14 619
14 621
14 660
14 678
14 882
14 994
14 998
15 584
16 48
16 348
16 475
16 513
16 654
16 814
16 878
17 35
17 55
17 204
17 477
17 877
18 135
18 273
18 427
18 708
18 747
18 975
19 159
19 282
19 341
19 492
19 799
20 55
20 506
21 115
21 233
21 235
21 380
22 440
22 466
22 852
22 869
23 253
23 267
23 320
23 645
24 547
24 708
25 73
25 135
25 524
25 749
25 887
26 140
26 787
26 960
27 314
27 376
27 571
27 876
28 92
28 310
28 448
28 503
28 957
28 961
28 974
29 497
29 503
29 803
30 170
30 251
30 252
30 444
30 731
30 809
31 233
31 506
31 549
31 569
32 426
32 498
32 506
32 991
33 69
33 708
33 988
34 457
34 696
34 993
35 177
35 266
35 426
36 191
36 526
36 774
36 874
37 253
37 437
37 781
38 912
39 93
39 452
39 742
39 796
40 381
40 913
41 351
41 656
42 147
42 178
42 372
42 498
43 338
43 374
44 177
44 886
45 202
45 233
45 437
45 479
45 816
46 85
46 132
46 256
46 381
46 472
46 541
46 619
46 935
47 123
47 525
47 569
47 949
48 105
48 235
48 384
48 455
49 268
49 323
49 364
49 466
50 54
50 187
50 287
50 329
50 940
51 405
51 717
51 912
51 928
51 969
52 160
52 431
52 520
52 637
52 645
52 693
53 191
53 623
54 239
54 374
54 882
54 919
55 154
55 583
55 764
56 175
56 502
56 919
57 267
57 432
57 506
57 820
57 869
57 940
58 265
58 683
58 787
58 902
59 433
59 666
59 992
60 736
61 364
61 709
61 773
61 784
62 810
62 835
62 982
63 132
63 190
63 655
63 931
63 944
64 178
64 283
65 261
65 324
65 442
65 463
65 651
65 825
65 957
67 214
67 273
67 675
68 102
68 625
68 764
68 928
69 88
69 392
70 269
70 469
70 613
70 954
71 543
72 100
72 109
72 445
72 595
72 831
73 106
73 212
73 734
73 774
73 963
74 347
74 870
74 997
75 436
76 500
76 784
76 906
77 95
77 117
77 266
77 470
77 579
78 181
78 291
78 501
78 592
78 880
78 911
79 443
80 138
80 300
80 584
81 128
81 561
81 657
82 135
82 435
82 681
83 958
84 354
84 359
84 678
84 780
85 270
85 345
85 491
85 751
86 249
86 791
87 454
87 755
88 332
88 432
88 862
89 195
89 202
89 643
90 98
90 428
90 452
90 700
90 709
90 929
90 938
91 207
91 305
91 383
91 426
91 547
91 709
91 967
93 431
93 674
95 242
95 413
95 449
95 534
95 569
95 865
97 231
97 413
97 610
98 363
98 952
99 322
99 454
100 313
100 347
100 363
100 736
100 831
100 884
101 176
101 283
101 334
101 348
101 378
101 625
101 862
102 270
102 446
102 631
102 751
102 880
103 336
104 121
104 546
104 576
104 783
105 443
105 965
106 194
106 418
106 432
106 501
106 740
106 794
106 810
106 871
107 294
107 568
107 682
108 523
108 585
108 842
109 429
109 610
109 913
110 596
110 779
111 142
111 503
111 553
111 876
112 160
112 177
112 180
112 335
113 464
113 692
114 470
114 711
114 935
115 221
115 349
115 385
115 516
115 923
115 977
116 290
116 616
117 500
117 782
118 252
118 740
119 496
119 929
120 207
120 790
121 372
122 221
122 383
122 406
122 678
122 919
123 473
123 818
124 582
124 672
124 690
124 891
125 932
126 388
126 963
127 257
127 414
128 156
128 741
128 972
129 156
129 205
129 532
129 805
130 899
131 228
131 377
131 510
131 693
131 755
132 142
132 166
132 241
132 259
132 649
132 809
132 975
133 469
133 764
133 962
134 638
134 883
134 958
134 972
135 549
135 907
136 461
137 439
137 592
137 706
139 302
139 483
139 770
139 891
139 900
140 316
140 909
140 943
141 572
141 620
141 894
141 905
141 981
142 301
142 898
143 595
143 624
143 808
144 249
144 555
144 860
145 848
146 318
146 414
146 662
146 691
147 779
147 997
148 165
148 843
149 725
149 745
150 296
150 616
150 791
151 268
151 394
151 659
151 715
152 264
152 777
153 527
153 599
153 921
154 227
154 387
154 495
154 695
154 983
155 256
155 390
155 688
155 752
155 911
155 919
156 181
156 223
156 306
156 550
156 748
156 775
156 799
157 408
157 975
158 205
158 461
159 177
159 238
159 713
159 736
159 861
160 246
160 272
160 694
160 761
161 267
161 624
162 354
162 407
162 539
162 582
163 381
163 496
163 953
164 383
164 730
165 345
165 798
165 878
165 908
165 915
166 285
166 410
166 592
166 685
166 710
166 751
166 767
167 512
167 608
167 816
167 925
168 534
168 556
168 581
168 661
168 795
169 804
169 853
170 336
170 352
170 531
172 186
172 300
172 355
172 357
173 875
173 886
174 448
174 958
174 966
175 265
175 314
175 514
175 829
176 402
176 500
176 718
176 757
176 786
177 289
177 343
177 604
178 281
178 624
179 186
179 324
179 335
179 547
179 749
179 752
179 979
180 205
180 213
180 692
180 704
180 985
181 413
181 492
181 694
181 781
182 679
182 751
182 777
183 679
183 739
183 754
183 766
184 783
184 808
185 198
185 329
185 999
186 274
186 934
187 393
187 722
187 734
188 458
188 491
188 545
188 560
188 644
188 656
188 688
188 847
189 573
189 760
189 915
190 214
190 491
190 770
191 197
191 397
191 467
191 874
192 225
192 322
193 716
193 971
194 605
194 855
195 293
195 376
195 609
196 771
196 792
196 908
196 961
197 397
198 602
198 677
198 920
198 958
199 228
199 288
199 301
199 438
199 819
200 859
200 941
201 289
201 312
201 439
201 511
202 341
202 440
202 828
203 311
203 427
203 567
203 800
203 873
203 962
204 244
204 289
204 559
204 678
204 685
205 242
205 396
205 580
205 990
206 502
206 568
206 996
207 222
207 862
208 362
209 479
209 880
210 596
210 679
210 720
210 966
211 767
211 811
212 759
213 580
213 756
214 684
214 786
214 831
214 850
215 366
215 575
215 936
216 238
216 461
216 535
217 658
217 892
218 222
218 808
218 849
219 337
219 548
219 858
219 907
219 983
220 391
220 567
220 759
221 423
222 266
222 928
223 365
223 928
224 253
224 417
224 482
224 975
225 614
225 798
225 854
225 866
226 383
226 919
227 852
228 262
228 328
228 624
228 685
229 240
229 680
230 425
230 466
231 345
231 637
232 557
232 689
233 447
233 470
234 364
234 494
234 505
234 899
235 370
235 396
235 751
235 852
235 966
236 914
237 637
237 826
237 958
238 254
238 318
238 517
238 549
239 319
239 397
239 507
239 511
240 417
240 527
240 533
240 541
240 577
241 245
241 277
241 707
242 408
242 498
242 681
243 302
243 382
243 717
243 823
244 499
244 989
246 299
246 511
246 637
246 735
246 849
246 935
247 829
247 898
248 416
248 585
248 697
248 893
249 376
249 934
250 426
250 477
250 494
250 652
250 768
250 834
251 443
252 726
252 864
254 353
254 462
254 797
254 880
255 738
256 910
257 337
257 458
257 739
257 857
257 960
258 643
258 891
259 625
259 717
259 982
260 526
260 968
261 777
261 855
261 900
262 458
262 478
262 601
262 680
262 970
263 586
263 933
263 948
264 472
265 488
265 604
265 789
265 855
265 915
266 338
266 846
267 315
267 644
267 692
268 705
268 936
269 337
269 502
270 284
270 390
270 666
271 348
271 481
271 992
272 570
273 298
273 497
273 564
273 583
273 920
273 997
274 296
274 320
274 430
274 935
274 961
275 308
275 565
276 459
276 513
277 652
277 794
278 322
278 353
278 855
278 956
280 345
280 368
280 411
280 413
280 754
280 911
281 390
281 441
282 923
283 477
283 508
283 734
284 916
285 629
285 915
286 633
286 873
286 940
287 890
287 895
288 314
288 438
288 633
288 753
288 900
289 748
290 468
291 446
291 621
291 835
292 471
292 836
293 333
293 369
293 502
293 568
294 470
294 953
295 332
295 522
295 560
295 762
296 564
296 931
297 407
297 611
297 729
298 391
298 413
298 546
298 651
298 877
299 562
299 861
300 425
300 783
300 911
301 491
301 505
302 749
303 341
303 488
304 375
304 791
304 843
305 659
305 679
306 653
306 715
306 965
307 852
307 855
308 330
308 975
309 636
309 701
310 764
310 894
310 985
311 742
312 640
312 773
312 851
312 868
313 527
313 639
313 815
314 485
314 752
314 800
315 351
315 370
315 415
315 499
315 648
316 329
316 376
317 453
318 568
318 608
318 883
319 321
319 724
319 812
319 858
319 910
319 956
320 330
320 529
320 714
320 800
321 327
321 400
321 456
321 956
322 351
322 457
322 475
322 533
323 808
323 817
323 941
324 748
325 339
325 355
325 900
326 408
326 631
326 929
326 983
327 810
328 650
328 978
329 712
329 737
329 943
330 405
330 781
330 919
331 530
331 647
331 961
331 966
332 664
332 766
332 904
333 461
333 692
333 827
335 588
335 612
335 627
335 820
335 976
336 543
336 629
336 838
337 361
337 740
337 899
338 343
338 387
338 568
338 599
338 615
338 634
338 829
338 962
339 343
339 680
339 684
340 441
340 443
340 587
340 920
340 968
341 432
341 656
341 761
341 826
341 876
341 887
342 797
342 889
342 921
342 988
342 998
343 358
343 408
343 459
343 527
343 595
343 608
343 722
344 463
344 598
344 775
344 999
345 383
345 613
345 705
345 884
346 622
347 634
348 496
348 761
349 445
349 609
350 530
350 599
350 625
350 669
350 672
351 791
351 806
351 934
351 963
352 796
353 549
353 726
353 747
353 977
354 368
354 389
355 479
355 870
356 852
356 906
356 907
357 578
357 719
358 694
358 951
359 457
359 469
359 754
359 783
359 785
359 832
359 947
360 674
360 754
361 723
361 857
361 952
362 801
363 602
363 623
363 635
363 753
363 860
363 967
364 520
364 582
364 931
364 989
365 457
365 670
366 877
367 581
369 411
369 448
369 450
369 494
369 507
369 686
370 733
370 921
371 383
371 710
371 791
371 842
371 971
372 672
372 694
373 396
373 790
373 889
373 950
374 503
374 803
374 977
376 535
377 559
377 618
377 849
378 492
379 638
379 932
380 653
380 776
381 771
381 799
382 513
382 749
383 617
383 929
383 979
384 703
385 744
385 774
385 994
386 663
386 784
387 555
388 446
388 650
389 480
389 542
390 432
390 445
390 457
392 441
393 410
393 724
393 754
393 880
393 910
394 552
394 608
394 669
395 535
395 722
395 974
396 459
396 754
396 864
397 420
397 676
397 991
398 472
399 623
399 697
399 715
399 809
399 943
400 967
401 434
401 815
402 836
402 852
403 496
403 533
403 817
403 916
404 758
404 772
405 693
405 810
407 503
407 637
407 663
407 857
408 565
408 916
408 991
409 950
410 870
411 541
411 653
412 747
412 895
413 760
413 814
414 723
414 835
415 685
415 764
415 856
415 901
416 496
416 517
416 840
417 662
417 735
417 874
417 886
417 911
420 578
420 698
420 699
420 810
421 611
422 549
422 607
422 686
422 927
422 997
423 498
423 503
424 715
424 905
425 479
425 822
425 920
425 951
426 469
427 815
428 681
428 868
428 931
429 827
429 894
430 568
430 590
430 672
430 674
430 812
430 850
430 998
431 677
432 651
433 601
433 688
434 611
434 735
435 446
435 476
435 600
435 751
436 504
436 577
436 580
436 620
436 627
436 643
436 791
436 851
436 914
436 970
437 752
437 872
438 538
438 718
438 926
439 509
439 707
439 774
439 878
439 970
440 724
441 475
441 664
441 737
441 846
441 899
443 711
444 813
445 724
446 533
446 536
446 553
446 698
446 827
446 863
446 975
447 526
447 638
448 526
448 782
448 785
448 965
449 536
451 480
451 972
452 654
453 902
453 952
454 595
454 661
454 769
455 513
455 542
455 617
455 778
456 732
457 784
457 861
458 746
458 844
458 848
459 529
460 640
460 763
460 840
460 894
461 622
461 693
462 531
463 627
463 694
463 868
463 980
466 538
466 731
468 507
469 474
469 707
469 722
469 917
469 994
470 580
471 595
471 921
471 950
472 627
473 615
473 919
474 537
474 854
474 953
475 521
475 541
475 560
476 746
476 815
477 511
477 657
478 493
478 623
478 657
478 759
478 828
479 586
479 681
480 546
480 603
480 791
481 743
482 573
482 720
482 809
482 935
482 982
484 506
484 593
484 649
484 765
484 874
484 939
485 732
485 873
485 961
486 518
486 534
486 566
486 732
487 900
488 528
488 827
488 999
489 724
490 674
491 794
492 667
492 751
492 754
492 847
492 899
492 962
493 546
493 565
493 800
493 849
494 534
494 670
494 691
494 720
494 795
495 638
495 704
495 856
495 949
496 740
496 873
497 631
498 946
499 538
499 615
500 949
501 763
501 901
502 507
502 671
503 512
503 570
503 834
504 505
505 527
505 580
505 699
506 596
506 634
507 999
508 610
508 820
510 713
510 848
511 640
511 648
512 675
512 691
513 735
513 855
513 927
514 527
514 702
515 777
516 849
517 670
518 550
519 585
519 592
519 666
520 615
520 732
520 812
520 954
521 979
522 713
523 774
523 775
523 783
524 593
525 710
525 813
526 943
527 530
527 777
527 979
528 972
531 668
531 934
532 543
532 738
532 803
532 890
534 720
534 878
535 911
536 617
539 926
540 918
541 639
541 751
542 553
542 577
542 690
542 791
542 863
543 630
543 700
543 827
543 930
544 596
544 694
546 830
547 684
550 576
550 666
550 927
552 913
554 919
554 930
555 649
555 764
556 684
557 957
558 812
559 612
559 802
559 998
560 799
560 928
561 655
561 818
561 946
562 583
562 735
562 791
562 878
563 698
564 918
565 581
566 572
566 916
567 914
568 711
568 845
569 678
569 812
570 932
571 719
572 614
572 674
573 707
574 591
574 828
575 647
575 771
576 623
576 987
577 646
578 934
579 730
580 596
580 619
580 957
581 833
581 889
581 986
582 938
583 788
585 880
585 991
586 868
589 825
589 837
589 906
590 719
590 916
590 938
592 823
593 613
593 702
593 834
593 867
593 894
594 902
595 763
597 949
597 952
598 744
598 806
598 850
598 921
599 747
599 970
600 602
600 908
601 640
602 873
602 953
603 747
603 771
603 894
604 625
604 794
604 798
605 691
606 639
606 680
607 686
607 732
608 937
612 860
612 983
614 802
615 824
615 944
616 750
616 875
617 969
618 750
620 641
620 721
621 753
621 972
621 989
622 747
622 785
623 804
623 856
624 943
624 961
625 714
625 782
625 947
626 862
626 921
626 953
626 988
627 651
627 898
627 915
629 823
629 846
630 798
630 847
631 809
631 960
633 880
633 952
634 787
635 993
637 863
639 906
640 821
640 915
641 766
642 832
643 706
644 718
645 672
646 695
646 848
647 779
648 688
648 689
648 807
648 919
649 652
649 891
649 975
650 653
650 751
651 961
652 818
653 721
653 743
653 880
654 972
655 809
655 924
656 754
656 783
656 833
656 854
656 903
656 994
657 814
659 734
659 984
660 663
661 667
661 711
661 730
661 925
662 762
662 789
662 802
662 902
663 717
663 782
665 770
666 775
667 864
667 984
668 772
668 850
668 929
669 696
669 723
669 744
670 946
671 748
675 690
675 822
675 970
676 886
676 901
676 953
677 865
677 942
678 746
678 837
679 790
679 836
679 950
680 755
680 783
680 866
681 842
681 903
682 748
683 868
684 891
686 708
688 886
689 718
690 765
690 857
690 993
692 939
695 735
695 747
696 901
697 833
698 733
699 822
702 730
702 880
703 729
703 752
707 851
707 917
707 942
708 911
708 952
708 983
710 924
712 983
713 721
715 799
715 896
716 846
716 937
717 801
717 979
718 827
719 727
719 935
720 768
721 880
722 739
722 758
723 905
724 774
726 872
728 887
728 916
731 975
732 983
733 945
734 743
735 764
735 866
737 755
740 785
741 872
741 899
741 911
741 969
742 846
742 976
747 973
748 802
748 950
749 895
750 996
752 838
754 993
757 984
758 832
763 958
764 903
766 887
766 897
767 968
768 887
769 818
769 821
771 867
773 892
777 796
778 986
782 786
782 825
782 842
785 962
787 863
787 942
789 823
789 830
791 797
794 875
796 831
799 831
800 911
802 870
803 952
806 808
806 923
806 954
806 959
807 992
808 854
809 887
811 892
811 906
812 999
819 989
824 873
824 958
824 982
824 997
825 879
825 968
827 838
827 843
828 908
830 885
832 960
833 864
834 847
834 900
835 901
837 886
838 855
838 977
840 865
841 908
842 876
843 885
843 922
843 971
845 851
846 953
847 879
852 923
856 866
858 933
866 920
871 971
872 914
872 957
875 901
877 882
877 954
878 954
882 914
883 901
890 949
895 923
896 915
897 919
903 994
904 964
905 938
906 965
906 987
909 937
910 945
911 938
911 954
912 970
921 946
928 967
936 976
939 960
940 965
941 956
954 961
961 970
962 979
971 982
