0 1
0 24
1 2
1 25
2 3
2 26
4 5
5 29
6 7
7 31
8 32
9 10
9 33
10 34
11 12
11 35
12 13
12 36
13 37
14 15
15 39
17 41
18 42
19 20
19 43
20 21
21 22
21 45
22 46
24 25
24 48
25 49
26 27
26 50
27 51
29 53
30 31
30 54
32 33
34 58
35 36
35 59
36 37
36 60
37 61
38 39
38 62
39 40
40 41
41 42
42 66
43 44
43 67
46 47
47 71
49 50
53 54
53 77
54 55
54 78
55 79
58 82
59 60
59 83
60 61
61 62
61 85
62 63
62 86
63 64
65 66
66 90
67 91
68 69
68 92
69 70
70 94
72 73
73 74
75 76
76 77
76 100
77 78
77 101
78 102
79 80
79 103
80 81
81 105
82 106
83 84
84 85
85 86
85 109
87 88
87 111
88 89
88 112
89 113
91 115
92 93
93 117
94 118
95 119
96 97
96 120
97 98
97 121
99 100
100 124
101 102
102 126
103 104
104 128
105 106
105 129
106 107
107 108
108 109
109 110
109 133
110 134
111 135
112 113
112 136
113 114
113 137
114 115
114 138
115 116
116 140
117 118
117 141
118 119
120 121
121 145
122 123
122 146
123 124
123 147
125 149
126 150
127 128
129 153
130 131
130 154
131 132
131 155
132 156
133 134
134 135
134 158
135 136
135 159
136 160
137 138
137 161
138 162
139 140
139 163
140 141
141 142
142 166
146 147
146 170
147 171
149 150
149 173
150 151
151 152
151 175
152 153
152 176
153 177
154 155
156 180
157 158
158 159
158 182
159 160
160 161
160 184
161 162
161 185
162 186
163 164
163 187
164 188
165 166
166 167
166 190
168 169
168 192
169 193
170 194
171 195
173 174
173 197
174 175
174 198
175 176
175 199
176 177
176 200
177 178
179 180
180 204
181 182
181 205
182 183
183 184
184 208
185 186
186 210
188 189
189 190
190 191
192 193
193 194
194 195
194 218
195 196
195 219
196 220
197 198
197 221
199 200
200 224
201 202
201 225
203 204
204 205
204 228
206 207
206 230
207 231
209 233
210 211
210 234
211 212
212 213
213 214
214 215
214 238
215 239
216 240
217 218
217 241
218 242
219 243
221 222
221 245
222 223
222 246
224 248
225 226
226 250
228 229
228 252
229 230
230 231
230 254
231 255
232 233
233 234
233 257
234 258
236 237
236 260
237 238
238 239
238 262
239 263
240 241
240 264
241 242
242 243
242 266
244 245
245 269
246 247
247 248
247 271
248 249
249 250
251 252
251 275
252 276
254 255
255 256
255 279
256 257
256 280
257 258
258 259
258 282
259 260
259 283
260 284
261 262
261 285
262 263
262 286
264 265
265 266
267 268
269 293
270 271
270 294
271 272
271 295
272 273
272 296
273 274
273 297
274 275
274 298
275 276
276 277
277 278
277 301
279 280
279 303
280 281
280 304
282 283
282 306
283 284
285 286
285 309
286 287
287 311
288 289
289 290
289 313
291 292
292 293
293 294
293 317
294 295
295 296
295 319
296 297
296 320
297 298
297 321
298 299
298 322
299 300
299 323
300 301
300 324
301 302
302 303
302 326
303 304
306 330
307 308
308 309
310 311
311 335
312 313
312 336
313 337
314 315
314 338
315 316
317 318
317 341
318 319
319 320
319 343
321 345
322 323
322 346
324 325
324 348
325 326
326 327
327 328
327 351
328 329
328 352
329 330
329 353
332 333
333 334
334 335
334 358
335 359
336 337
336 360
337 361
339 340
339 363
340 341
341 342
342 366
343 344
344 345
345 369
346 347
346 370
347 371
348 349
348 372
349 350
349 373
350 351
350 374
351 352
352 353
353 354
353 377
354 355
355 356
355 379
356 357
356 380
357 358
357 381
358 359
358 382
360 384
361 362
363 364
364 365
365 366
366 367
367 391
368 369
368 392
369 370
369 393
370 371
372 373
372 396
373 374
374 398
375 376
375 399
376 377
377 378
377 401
378 379
378 402
380 381
381 382
381 405
382 383
382 406
383 407
384 385
385 409
386 387
386 410
387 388
387 411
388 412
389 390
390 391
390 414
391 392
392 393
392 416
393 394
394 395
394 418
395 419
396 420
397 398
398 422
401 402
401 425
402 426
403 404
404 405
404 428
405 429
406 407
406 430
407 431
408 409
408 432
409 410
410 411
411 412
411 435
413 437
414 415
414 438
415 439
416 440
417 418
417 441
418 442
419 420
419 443
420 421
420 444
421 445
422 423
423 424
423 447
424 425
424 448
425 449
426 450
427 428
427 451
428 429
428 452
429 430
429 453
430 431
431 455
432 433
432 456
433 434
433 457
434 435
434 458
435 436
436 460
439 440
440 441
441 442
442 443
442 466
443 444
443 467
444 445
445 446
445 469
447 448
447 471
449 450
449 473
450 451
451 475
453 477
456 457
456 480
457 481
458 459
459 483
460 461
460 484
461 462
461 485
462 463
463 487
464 465
464 488
465 466
465 489
466 490
467 491
468 492
470 471
471 495
472 473
473 497
474 475
475 476
475 499
476 477
476 500
477 478
477 501
478 502
479 503
480 481
480 504
481 482
481 505
482 483
482 506
483 484
483 507
484 485
486 487
486 510
487 511
488 512
489 490
490 491
491 492
492 493
492 516
494 495
496 497
497 498
497 521
498 522
499 523
500 524
501 502
503 527
505 506
506 507
507 508
509 510
510 511
510 534
511 512
511 535
512 513
512 536
513 514
514 515
514 538
515 516
515 539
516 517
516 540
517 518
517 541
518 542
520 521
521 522
522 523
522 546
524 548
525 526
525 549
526 527
526 550
527 551
531 532
532 533
532 556
533 534
534 535
534 558
535 559
536 537
536 560
537 538
539 540
541 542
541 565
542 543
543 544
543 567
546 547
547 548
547 571
550 551
552 553
553 554
554 555
556 557
557 558
561 562
564 565
566 567
568 569
569 570
570 571
572 573
573 574
574 575
