0 1
0 2
0 6
0 11
0 14
0 16
0 20
0 22
0 24
0 29
0 31
0 33
0 40
0 42
0 48
0 49
0 61
0 80
0 116
0 129
0 156
0 157
0 165
0 166
0 174
0 187
0 190
0 194
0 199
0 201
0 209
0 224
0 225
0 227
1 2
1 3
1 4
1 5
1 6
1 7
1 10
1 12
1 13
1 15
1 18
1 19
1 20
1 21
1 23
1 25
1 26
1 28
1 30
1 32
1 41
1 45
1 50
1 53
1 56
1 60
1 62
1 63
1 64
1 66
1 68
1 71
1 74
1 75
1 76
1 81
1 83
1 84
1 87
1 89
1 96
1 102
1 108
1 109
1 113
1 115
1 118
1 121
1 126
1 131
1 132
1 134
1 137
1 142
1 144
1 148
1 151
1 152
1 155
1 161
1 168
1 169
1 174
1 188
1 200
1 202
1 210
1 212
1 214
1 215
1 220
1 229
1 230
1 237
1 239
1 240
1 246
2 3
2 4
2 7
2 8
2 11
2 15
2 17
2 25
2 34
2 36
2 43
2 45
2 48
2 61
2 64
2 79
2 84
2 94
2 97
2 98
2 106
2 111
2 114
2 116
2 122
2 123
2 127
2 130
2 131
2 138
2 155
2 163
2 170
2 176
2 179
2 189
2 195
2 212
2 218
2 222
2 235
2 243
2 247
3 5
3 12
3 16
3 18
3 23
3 29
3 33
3 35
3 36
3 37
3 38
3 39
3 54
3 56
3 57
3 58
3 60
3 66
3 67
3 72
3 76
3 78
3 86
3 92
3 99
3 112
3 136
3 139
3 143
3 145
3 146
3 154
3 157
3 164
3 167
3 171
3 179
3 181
3 188
3 216
3 217
3 225
3 227
3 241
4 8
4 9
4 10
4 26
4 27
4 31
4 34
4 35
4 38
4 41
4 43
4 44
4 46
4 47
4 50
4 53
4 62
4 73
4 74
4 77
4 83
4 91
4 92
4 94
4 98
4 101
4 104
4 105
4 107
4 113
4 119
4 121
4 126
4 130
4 132
4 133
4 135
4 143
4 149
4 151
4 171
4 172
4 177
4 183
4 185
4 195
4 208
4 218
4 228
4 242
5 13
5 44
5 46
5 52
5 119
5 160
5 163
5 173
5 196
5 204
5 207
6 9
6 14
6 27
6 90
6 120
6 124
6 128
6 148
6 153
6 158
6 184
6 221
7 117
7 205
9 95
10 58
10 69
10 88
10 129
10 144
10 161
10 178
10 248
11 30
11 42
11 100
11 142
11 189
11 199
11 209
12 47
12 54
13 21
13 88
13 90
13 125
15 17
15 37
15 79
15 86
15 99
16 40
16 65
17 39
17 93
17 114
17 120
17 122
18 19
18 191
19 128
19 175
19 197
19 214
19 246
20 22
20 24
20 28
20 95
20 111
20 115
20 140
20 150
22 65
22 153
24 49
24 70
24 82
24 203
24 221
25 69
25 78
25 184
26 205
28 82
28 158
29 71
30 32
30 55
30 57
30 59
30 63
30 72
30 77
30 91
30 106
30 145
30 149
30 236
31 55
32 51
32 177
32 180
33 112
33 173
35 51
35 52
35 125
35 159
35 181
36 73
36 108
36 141
36 186
37 89
37 222
37 249
40 97
40 139
40 244
41 80
41 85
41 107
41 167
41 178
41 213
41 226
42 67
42 81
42 93
42 117
42 152
42 164
42 249
43 147
44 59
44 68
44 226
45 87
45 110
45 165
45 206
46 101
46 138
46 150
46 198
47 211
48 100
48 166
48 170
49 232
50 135
50 136
51 133
51 210
53 103
54 70
54 109
54 123
54 127
54 169
54 183
54 193
54 208
56 192
56 224
57 193
63 103
66 85
67 75
67 105
67 154
68 104
68 162
68 201
71 134
71 240
79 147
81 110
82 102
82 180
82 229
83 96
84 232
85 223
87 160
91 182
93 247
95 230
97 156
97 162
98 118
99 202
102 124
102 211
106 187
108 137
109 140
110 239
112 237
116 235
118 203
119 245
120 231
120 234
121 146
122 206
122 233
123 241
124 220
124 238
127 141
127 168
127 219
128 233
129 185
129 200
131 175
143 213
144 186
144 192
144 223
147 159
147 236
152 172
152 182
152 191
152 242
152 248
154 243
163 216
165 176
168 204
171 196
171 215
176 190
176 219
178 197
185 198
185 244
186 238
193 194
197 217
197 245
202 207
210 234
226 228
230 231
