0 1
0 2
0 3
0 8
0 9
0 11
0 13
0 19
0 22
0 27
0 31
0 37
0 43
0 45
0 53
0 54
0 66
0 68
0 74
0 77
0 84
0 94
0 101
0 103
0 110
0 117
0 129
0 133
0 139
0 153
0 161
0 173
0 176
0 181
0 185
0 190
0 192
0 199
0 206
0 222
0 231
0 235
0 237
0 253
0 257
0 260
0 270
0 276
0 282
0 286
0 291
0 304
0 305
0 313
0 316
0 317
0 319
0 321
0 356
0 378
0 388
0 394
0 396
0 420
0 433
0 434
0 436
0 458
0 462
0 463
0 473
0 475
0 480
0 482
0 488
0 497
0 510
0 519
0 523
0 535
0 539
0 546
0 549
0 565
0 570
0 578
0 612
0 630
0 670
0 675
0 689
0 691
0 718
0 720
0 726
0 729
0 742
0 743
0 752
0 756
0 765
0 771
0 775
0 781
0 784
0 794
0 801
0 803
0 813
0 824
0 828
0 832
0 843
0 852
0 870
0 879
0 908
0 915
0 920
0 924
0 932
0 940
0 955
0 956
0 966
0 977
0 1003
0 1008
0 1011
0 1013
0 1023
0 1031
0 1041
0 1044
0 1049
0 1068
0 1085
0 1098
0 1135
0 1153
0 1160
0 1175
0 1189
0 1194
0 1199
0 1206
0 1228
0 1241
0 1268
0 1269
0 1300
0 1303
0 1307
0 1323
0 1361
0 1382
0 1423
0 1426
0 1430
0 1432
0 1453
0 1469
0 1470
0 1478
0 1483
0 1489
0 1490
0 1494
0 1500
0 1501
0 1517
0 1518
0 1520
0 1533
0 1536
0 1539
0 1542
0 1584
0 1597
0 1602
0 1607
0 1633
0 1641
0 1662
0 1666
0 1674
0 1677
0 1687
0 1698
0 1736
0 1755
0 1760
0 1769
0 1776
0 1779
0 1783
0 1803
0 1839
0 1840
0 1874
0 1884
0 1898
0 1910
0 1911
0 1925
0 1927
0 1945
0 1951
0 1961
0 1966
0 1991
0 2046
0 2058
0 2063
0 2075
0 2078
0 2093
0 2108
0 2111
0 2117
0 2123
0 2146
0 2155
0 2160
0 2178
0 2183
0 2185
0 2189
0 2214
0 2223
0 2251
0 2271
0 2274
0 2288
0 2293
0 2295
0 2322
0 2365
0 2379
0 2400
0 2407
0 2418
0 2429
0 2432
0 2450
0 2464
0 2473
0 2484
0 2485
0 2502
0 2521
0 2524
0 2543
0 2551
0 2562
0 2568
0 2596
0 2609
0 2612
0 2615
0 2625
0 2638
0 2643
0 2646
0 2648
0 2651
0 2694
0 2695
0 2708
0 2726
0 2779
0 2781
0 2783
0 2793
0 2832
0 2842
0 2866
0 2882
0 2937
0 2938
0 2948
0 2955
0 3002
0 3020
0 3021
0 3022
0 3035
0 3037
0 3083
0 3085
0 3095
0 3096
0 3104
0 3123
0 3125
0 3130
0 3184
0 3185
0 3210
0 3221
0 3233
0 3235
0 3243
0 3244
0 3259
0 3287
0 3298
0 3328
0 3337
0 3383
0 3385
0 3416
0 3421
0 3424
0 3445
0 3449
0 3451
0 3459
0 3482
0 3511
0 3520
0 3548
0 3549
0 3570
0 3577
0 3601
0 3606
0 3607
0 3630
0 3653
0 3689
0 3771
0 3775
0 3788
0 3799
0 3806
0 3818
0 3837
0 3843
0 3871
0 3886
0 3892
0 3930
0 3962
0 3985
0 3989
0 3991
1 2
1 4
1 6
1 7
1 10
1 14
1 15
1 18
1 21
1 22
1 24
1 26
1 28
1 38
1 47
1 54
1 55
1 57
1 66
1 80
1 96
1 100
1 106
1 109
1 119
1 132
1 141
1 146
1 150
1 187
1 192
1 193
1 199
1 208
1 222
1 225
1 231
1 234
1 237
1 240
1 252
1 256
1 275
1 277
1 282
1 293
1 299
1 318
1 326
1 327
1 328
1 336
1 339
1 342
1 352
1 353
1 358
1 370
1 395
1 398
1 423
1 437
1 440
1 454
1 471
1 489
1 490
1 515
1 517
1 558
1 585
1 593
1 606
1 633
1 634
1 645
1 678
1 679
1 683
1 684
1 712
1 715
1 716
1 736
1 744
1 750
1 758
1 766
1 771
1 820
1 831
1 841
1 851
1 869
1 879
1 893
1 896
1 929
1 933
1 955
1 961
1 964
1 973
1 1018
1 1032
1 1034
1 1065
1 1101
1 1141
1 1167
1 1170
1 1177
1 1178
1 1179
1 1187
1 1195
1 1246
1 1273
1 1293
1 1294
1 1299
1 1305
1 1322
1 1379
1 1381
1 1383
1 1385
1 1394
1 1397
1 1401
1 1404
1 1410
1 1412
1 1424
1 1429
1 1435
1 1436
1 1508
1 1539
1 1557
1 1613
1 1615
1 1646
1 1655
1 1667
1 1672
1 1680
1 1710
1 1748
1 1761
1 1762
1 1768
1 1781
1 1783
1 1809
1 1815
1 1817
1 1838
1 1845
1 1847
1 1867
1 1949
1 1969
1 1977
1 1992
1 1998
1 2005
1 2024
1 2041
1 2048
1 2069
1 2079
1 2156
1 2165
1 2195
1 2202
1 2217
1 2220
1 2276
1 2284
1 2285
1 2286
1 2287
1 2289
1 2323
1 2325
1 2335
1 2348
1 2349
1 2392
1 2404
1 2412
1 2416
1 2421
1 2422
1 2426
1 2429
1 2430
1 2434
1 2439
1 2453
1 2493
1 2542
1 2544
1 2547
1 2556
1 2557
1 2565
1 2576
1 2581
1 2584
1 2603
1 2615
1 2702
1 2705
1 2713
1 2735
1 2741
1 2742
1 2752
1 2775
1 2791
1 2807
1 2810
1 2819
1 2833
1 2839
1 2884
1 2931
1 2940
1 2945
1 2980
1 2997
1 3015
1 3034
1 3051
1 3061
1 3142
1 3145
1 3156
1 3171
1 3181
1 3189
1 3192
1 3216
1 3239
1 3251
1 3261
1 3265
1 3267
1 3297
1 3299
1 3413
1 3424
1 3434
1 3443
1 3522
1 3574
1 3592
1 3593
1 3711
1 3743
1 3789
1 3793
1 3797
1 3807
1 3821
1 3841
1 3847
1 3861
1 3930
1 3942
1 3967
1 3983
2 3
2 5
2 6
2 7
2 10
2 12
2 13
2 14
2 15
2 20
2 24
2 25
2 26
2 28
2 29
2 30
2 31
2 38
2 40
2 42
2 43
2 44
2 45
2 46
2 48
2 50
2 56
2 58
2 60
2 62
2 63
2 69
2 71
2 76
2 79
2 83
2 85
2 88
2 90
2 91
2 93
2 96
2 103
2 104
2 107
2 111
2 113
2 116
2 121
2 125
2 128
2 129
2 135
2 136
2 140
2 141
2 153
2 154
2 159
2 160
2 162
2 164
2 165
2 170
2 172
2 173
2 175
2 176
2 186
2 191
2 198
2 201
2 202
2 211
2 215
2 216
2 217
2 224
2 233
2 239
2 243
2 246
2 252
2 253
2 254
2 258
2 262
2 269
2 271
2 281
2 284
2 285
2 288
2 295
2 300
2 304
2 313
2 314
2 315
2 333
2 342
2 343
2 346
2 350
2 351
2 386
2 389
2 396
2 397
2 413
2 414
2 416
2 418
2 419
2 425
2 431
2 441
2 452
2 457
2 466
2 482
2 499
2 503
2 507
2 516
2 518
2 520
2 532
2 533
2 534
2 537
2 550
2 551
2 557
2 562
2 566
2 568
2 580
2 584
2 589
2 594
2 603
2 610
2 614
2 617
2 621
2 622
2 643
2 663
2 665
2 670
2 680
2 690
2 693
2 698
2 706
2 708
2 715
2 720
2 721
2 732
2 737
2 739
2 753
2 754
2 757
2 760
2 762
2 767
2 773
2 780
2 787
2 788
2 789
2 792
2 802
2 806
2 817
2 842
2 844
2 858
2 860
2 863
2 865
2 871
2 882
2 883
2 895
2 905
2 918
2 919
2 922
2 931
2 939
2 948
2 949
2 956
2 964
2 980
2 981
2 983
2 1003
2 1004
2 1008
2 1009
2 1018
2 1040
2 1046
2 1056
2 1058
2 1083
2 1092
2 1096
2 1112
2 1118
2 1125
2 1127
2 1137
2 1152
2 1163
2 1169
2 1173
2 1193
2 1204
2 1205
2 1217
2 1233
2 1238
2 1239
2 1242
2 1245
2 1254
2 1259
2 1261
2 1270
2 1289
2 1290
2 1298
2 1331
2 1334
2 1349
2 1351
2 1358
2 1362
2 1366
2 1373
2 1383
2 1384
2 1388
2 1397
2 1415
2 1418
2 1420
2 1431
2 1442
2 1444
2 1447
2 1452
2 1454
2 1459
2 1470
2 1472
2 1495
2 1502
2 1507
2 1510
2 1513
2 1526
2 1528
2 1553
2 1562
2 1567
2 1569
2 1572
2 1574
2 1580
2 1586
2 1603
2 1604
2 1617
2 1624
2 1625
2 1626
2 1643
2 1652
2 1682
2 1694
2 1727
2 1763
2 1770
2 1780
2 1782
2 1791
2 1807
2 1809
2 1813
2 1823
2 1842
2 1843
2 1852
2 1868
2 1886
2 1894
2 1895
2 1914
2 1916
2 1937
2 1942
2 1946
2 1953
2 1968
2 1974
2 2003
2 2005
2 2008
2 2017
2 2022
2 2028
2 2029
2 2047
2 2054
2 2086
2 2100
2 2105
2 2107
2 2128
2 2142
2 2161
2 2172
2 2196
2 2200
2 2229
2 2232
2 2241
2 2243
2 2254
2 2258
2 2262
2 2266
2 2277
2 2282
2 2287
2 2293
2 2308
2 2313
2 2322
2 2335
2 2367
2 2376
2 2440
2 2449
2 2456
2 2457
2 2462
2 2470
2 2481
2 2486
2 2495
2 2498
2 2505
2 2532
2 2536
2 2541
2 2550
2 2551
2 2560
2 2564
2 2580
2 2582
2 2587
2 2598
2 2604
2 2607
2 2617
2 2620
2 2623
2 2624
2 2627
2 2632
2 2673
2 2674
2 2683
2 2692
2 2693
2 2704
2 2707
2 2717
2 2726
2 2729
2 2739
2 2752
2 2758
2 2800
2 2807
2 2812
2 2814
2 2828
2 2842
2 2866
2 2870
2 2874
2 2882
2 2896
2 2900
2 2901
2 2904
2 2923
2 2934
2 2971
2 2976
2 3020
2 3024
2 3043
2 3050
2 3056
2 3132
2 3144
2 3155
2 3201
2 3202
2 3223
2 3234
2 3253
2 3258
2 3263
2 3268
2 3270
2 3287
2 3289
2 3294
2 3301
2 3302
2 3303
2 3311
2 3318
2 3324
2 3325
2 3330
2 3337
2 3340
2 3341
2 3342
2 3357
2 3372
2 3382
2 3385
2 3405
2 3430
2 3433
2 3439
2 3451
2 3455
2 3464
2 3469
2 3471
2 3488
2 3490
2 3492
2 3524
2 3531
2 3550
2 3554
2 3563
2 3598
2 3601
2 3603
2 3611
2 3623
2 3628
2 3629
2 3636
2 3654
2 3655
2 3659
2 3662
2 3671
2 3693
2 3706
2 3707
2 3732
2 3747
2 3752
2 3760
2 3765
2 3769
2 3795
2 3800
2 3823
2 3830
2 3850
2 3857
2 3862
2 3865
2 3880
2 3897
2 3911
2 3920
2 3944
2 3956
2 3957
2 3968
2 3974
2 3984
2 3988
3 4
3 5
3 12
3 19
3 30
3 47
3 58
3 63
3 74
3 75
3 87
3 94
3 98
3 104
3 107
3 113
3 126
3 127
3 133
3 140
3 145
3 147
3 156
3 160
3 171
3 177
3 204
3 223
3 230
3 255
3 287
3 302
3 310
3 383
3 392
3 414
3 447
3 456
3 491
3 524
3 545
3 548
3 583
3 608
3 609
3 613
3 640
3 654
3 668
3 687
3 703
3 750
3 783
3 834
3 857
3 859
3 885
3 888
3 889
3 958
3 976
3 991
3 1039
3 1110
3 1145
3 1176
3 1191
3 1220
3 1222
3 1229
3 1236
3 1276
3 1304
3 1310
3 1317
3 1386
3 1432
3 1455
3 1511
3 1529
3 1592
3 1596
3 1699
3 1732
3 1736
3 1843
3 1861
3 1991
3 2004
3 2044
3 2080
3 2091
3 2171
3 2193
3 2194
3 2206
3 2281
3 2314
3 2375
3 2441
3 2475
3 2481
3 2514
3 2634
3 2658
3 2699
3 2721
3 2747
3 2757
3 2773
3 2812
3 2827
3 2835
3 2860
3 2939
3 2974
3 2975
3 2983
3 2985
3 3062
3 3066
3 3073
3 3080
3 3097
3 3183
3 3204
3 3270
3 3277
3 3290
3 3331
3 3353
3 3421
3 3436
3 3437
3 3494
3 3497
3 3514
3 3521
3 3530
3 3532
3 3533
3 3545
3 3556
3 3562
3 3630
3 3662
3 3670
3 3698
3 3725
3 3772
3 3827
3 3849
3 3913
3 3920
3 3928
3 3935
3 3953
3 3994
4 17
4 81
4 183
4 212
4 233
4 339
4 366
4 367
4 376
4 385
4 412
4 497
4 512
4 573
4 686
4 695
4 702
4 755
4 825
4 918
4 979
4 994
4 1033
4 1076
4 1084
4 1092
4 1139
4 1155
4 1225
4 1232
4 1282
4 1428
4 1447
4 1558
4 1570
4 1589
4 1636
4 1937
4 1965
4 1981
4 2027
4 2156
4 2244
4 2360
4 2370
4 2478
4 2559
4 2586
4 2625
4 2628
4 2700
4 2765
4 2810
4 2958
4 2967
4 3035
4 3089
4 3090
4 3118
4 3131
4 3135
4 3309
4 3344
4 3389
4 3428
4 3446
4 3454
4 3486
4 3633
4 3656
4 3830
4 3892
4 3946
5 102
5 118
5 144
5 194
5 371
5 383
5 385
5 419
5 464
5 637
5 660
5 701
5 799
5 935
5 998
5 1184
5 1200
5 1247
5 1477
5 1776
5 1996
5 2022
5 2069
5 2267
5 2344
5 2783
5 2852
5 2877
5 2927
5 3045
5 3200
5 3219
5 3264
5 3306
5 3311
5 3509
5 3551
5 3949
6 8
6 52
6 278
6 420
6 491
6 1089
6 2180
6 2227
6 2472
6 2473
6 3395
6 3413
6 3742
6 3876
6 3999
7 9
7 16
7 18
7 20
7 37
7 39
7 50
7 91
7 109
7 157
7 158
7 209
7 242
7 293
7 328
7 347
7 354
7 379
7 409
7 428
7 490
7 588
7 639
7 705
7 733
7 759
7 776
7 827
7 837
7 838
7 860
7 907
7 952
7 954
7 974
7 1000
7 1007
7 1015
7 1059
7 1060
7 1103
7 1153
7 1163
7 1166
7 1171
7 1243
7 1327
7 1349
7 1364
7 1479
7 1579
7 1600
7 1689
7 1703
7 1765
7 1768
7 1800
7 1833
7 1887
7 1988
7 2031
7 2055
7 2104
7 2124
7 2176
7 2227
7 2273
7 2316
7 2418
7 2599
7 2650
7 2757
7 2775
7 2871
7 2874
7 2912
7 2936
7 2952
7 3151
7 3172
7 3243
7 3328
7 3696
7 3699
7 3811
7 3854
7 3875
7 3883
7 3885
7 3988
8 17
8 102
8 112
8 120
8 299
8 495
8 532
8 901
8 969
8 995
8 1168
8 1465
8 1893
8 2330
8 2387
8 2485
8 2825
8 2945
8 3054
8 3783
8 3975
9 11
9 35
9 40
9 165
9 179
9 343
9 467
9 514
9 518
9 823
9 826
9 948
9 1162
9 1309
9 1453
9 1471
9 1484
9 1526
9 1586
9 1632
9 1662
9 1733
9 1775
9 1885
9 1890
9 1908
9 2006
9 2145
9 2318
9 2397
9 2399
9 2803
9 2992
9 3465
9 3544
9 3558
9 3641
10 67
10 105
10 155
10 558
10 1448
10 1465
10 1973
10 2526
10 2719
10 2769
10 2828
11 21
11 36
11 52
11 118
11 150
11 186
11 259
11 340
11 400
11 415
11 559
11 586
11 761
11 829
11 917
11 919
11 993
11 1043
11 1056
11 1119
11 1227
11 1231
11 1509
11 1575
11 1579
11 1601
11 1668
11 1719
11 1829
11 1851
11 1888
11 1912
11 1927
11 2008
11 2082
11 2193
11 2305
11 2482
11 2487
11 2801
11 2917
11 2921
11 2927
11 3050
11 3126
11 3211
11 3379
11 3489
11 3491
11 3502
11 3539
11 3663
11 3792
11 3799
11 3933
12 16
12 29
12 73
12 85
12 86
12 125
12 132
12 134
12 138
12 256
12 320
12 372
12 391
12 403
12 425
12 459
12 466
12 480
12 486
12 510
12 516
12 564
12 649
12 704
12 764
12 803
12 842
12 934
12 936
12 997
12 1015
12 1052
12 1066
12 1067
12 1077
12 1271
12 1329
12 1512
12 1581
12 1699
12 1873
12 1955
12 2039
12 2049
12 2110
12 2212
12 2282
12 2316
12 2479
12 2500
12 2646
12 2969
12 2989
12 3030
12 3054
12 3135
12 3334
12 3598
12 3612
12 3624
12 3749
12 3751
12 3829
12 3918
13 41
13 72
13 131
13 148
13 239
13 288
13 368
13 421
13 465
13 478
13 486
13 625
13 661
13 663
13 674
13 711
13 728
13 739
13 767
13 813
13 878
13 1051
13 1171
13 1239
13 1311
13 1514
13 1728
13 1997
13 2240
13 2247
13 2405
13 2566
13 2572
13 2696
13 2749
13 2756
13 2787
13 2926
13 2992
13 3291
13 3486
13 3517
13 3608
13 3723
13 3727
13 3772
13 3912
14 46
14 65
14 83
14 149
14 189
14 308
14 325
14 388
14 770
14 926
14 938
14 1167
14 1168
14 1275
14 1473
14 1476
14 1713
14 1979
14 2465
14 2535
14 2647
14 2801
14 2820
14 2865
14 2899
14 2965
14 2999
14 3275
15 23
15 51
15 87
15 131
15 169
15 171
15 182
15 200
15 201
15 206
15 213
15 244
15 247
15 267
15 310
15 332
15 334
15 335
15 346
15 357
15 360
15 364
15 404
15 422
15 432
15 449
15 450
15 468
15 492
15 531
15 536
15 540
15 585
15 590
15 597
15 601
15 619
15 632
15 647
15 652
15 657
15 659
15 667
15 668
15 709
15 764
15 798
15 819
15 830
15 849
15 877
15 938
15 971
15 972
15 1017
15 1027
15 1064
15 1088
15 1089
15 1104
15 1105
15 1106
15 1150
15 1165
15 1218
15 1240
15 1275
15 1299
15 1318
15 1321
15 1348
15 1369
15 1384
15 1387
15 1393
15 1429
15 1431
15 1439
15 1455
15 1461
15 1468
15 1480
15 1487
15 1501
15 1516
15 1556
15 1566
15 1599
15 1616
15 1622
15 1710
15 1725
15 1747
15 1774
15 1798
15 1834
15 1905
15 1920
15 1947
15 1983
15 2025
15 2083
15 2106
15 2109
15 2201
15 2214
15 2246
15 2256
15 2261
15 2363
15 2411
15 2522
15 2589
15 2597
15 2667
15 2672
15 2725
15 2736
15 2746
15 2759
15 2805
15 2838
15 2840
15 2933
15 2955
15 2957
15 3056
15 3076
15 3082
15 3138
15 3222
15 3248
15 3300
15 3305
15 3320
15 3332
15 3430
15 3457
15 3483
15 3484
15 3493
15 3501
15 3513
15 3555
15 3590
15 3627
15 3649
15 3700
15 3710
15 3715
15 3716
15 3741
15 3757
15 3774
15 3781
15 3869
15 3872
15 3890
15 3895
15 3908
15 3962
15 3971
16 3810
17 62
17 99
17 136
17 174
17 355
17 361
17 571
17 728
17 910
17 1380
17 1454
17 1788
17 2141
17 2182
17 2328
17 2656
17 2811
17 3077
17 3378
17 3393
17 3567
17 3776
17 3794
17 3822
17 3938
18 41
18 49
18 185
18 557
18 864
18 960
18 973
18 988
18 1498
18 1573
18 2003
18 2569
18 2784
18 2982
18 3947
19 27
19 34
19 35
19 56
19 145
19 212
19 290
19 309
19 326
19 411
19 452
19 487
19 498
19 589
19 605
19 654
19 695
19 843
19 913
19 946
19 1047
19 1202
19 1253
19 1269
19 1280
19 1356
19 1359
19 1378
19 1386
19 1406
19 1551
19 1563
19 1577
19 1590
19 1756
19 1934
19 1962
19 2053
19 2075
19 2134
19 2254
19 2260
19 2299
19 2419
19 2460
19 2486
19 2512
19 2568
19 2577
19 2690
19 2694
19 2790
19 2867
19 2920
19 3021
19 3138
19 3172
19 3221
19 3229
19 3238
19 3653
19 3655
19 3691
19 3804
19 3887
20 25
20 48
20 64
20 127
20 287
20 382
20 442
20 453
20 624
20 674
20 688
20 787
20 1076
20 1201
20 1212
20 1342
20 1380
20 1670
20 1672
20 1773
20 1841
20 1953
20 1967
20 1975
20 1984
20 2040
20 2114
20 2165
20 2268
20 2337
20 2387
20 2461
20 2970
20 3001
20 3067
20 3157
20 3615
20 3736
20 3790
20 3915
20 3922
20 3951
21 32
21 330
21 1016
22 23
22 36
22 39
22 55
22 82
22 95
22 214
22 216
22 223
22 230
22 320
22 321
22 355
22 377
22 454
22 472
22 477
22 504
22 533
22 534
22 582
22 602
22 604
22 690
22 698
22 741
22 774
22 775
22 786
22 844
22 853
22 888
22 893
22 897
22 932
22 976
22 1060
22 1144
22 1154
22 1206
22 1255
22 1258
22 1285
22 1312
22 1342
22 1375
22 1395
22 1507
22 1530
22 1597
22 1627
22 1669
22 1687
22 1691
22 1744
22 1766
22 1767
22 1864
22 2059
22 2092
22 2219
22 2244
22 2249
22 2268
22 2296
22 2326
22 2361
22 2388
22 2513
22 2515
22 2575
22 2635
22 2654
22 2655
22 2724
22 2806
22 2973
22 2984
22 3058
22 3088
22 3417
22 3447
22 3478
22 3550
22 3652
22 3763
22 3898
22 3979
23 73
23 184
23 279
23 289
23 296
23 297
23 306
23 416
23 435
23 451
23 599
23 717
23 759
23 1055
23 1122
23 1133
23 1220
23 1284
23 1555
23 1743
23 1745
23 1790
23 2064
23 2084
23 2225
23 2255
23 2483
23 2640
23 2728
23 3120
23 3312
23 3322
23 3422
23 3555
23 3677
23 3901
23 3907
24 33
24 71
24 137
24 284
24 359
24 448
24 798
24 817
24 1392
24 1798
24 1865
24 2152
24 2163
24 2181
24 2260
24 2530
24 2542
24 2789
24 3692
24 3954
25 44
25 51
25 53
25 67
25 70
25 88
25 97
25 105
25 112
25 139
25 146
25 147
25 156
25 167
25 177
25 184
25 188
25 210
25 211
25 220
25 229
25 234
25 238
25 251
25 270
25 296
25 316
25 362
25 374
25 427
25 461
25 507
25 511
25 513
25 514
25 576
25 588
25 591
25 658
25 684
25 685
25 705
25 706
25 726
25 741
25 795
25 808
25 850
25 852
25 853
25 923
25 953
25 960
25 996
25 1014
25 1045
25 1105
25 1108
25 1120
25 1139
25 1147
25 1203
25 1213
25 1358
25 1404
25 1407
25 1417
25 1421
25 1425
25 1441
25 1449
25 1451
25 1468
25 1472
25 1529
25 1534
25 1541
25 1591
25 1735
25 1751
25 1772
25 1778
25 1853
25 1870
25 1886
25 1890
25 1985
25 1993
25 2114
25 2132
25 2173
25 2186
25 2237
25 2252
25 2301
25 2345
25 2404
25 2466
25 2588
25 2601
25 2672
25 2676
25 2733
25 2745
25 2831
25 2843
25 2850
25 2872
25 2981
25 3000
25 3005
25 3019
25 3186
25 3226
25 3280
25 3343
25 3431
25 3516
25 3554
25 3557
25 3566
25 3587
25 3680
25 3686
25 3711
25 3782
25 3788
25 3831
25 3885
25 3977
26 163
26 469
26 808
26 1855
26 2150
26 3951
27 33
27 69
27 80
27 202
27 207
27 220
27 337
27 345
27 404
27 427
27 451
27 529
27 556
27 615
27 626
27 650
27 696
27 707
27 740
27 802
27 862
27 944
27 991
27 997
27 1020
27 1036
27 1070
27 1124
27 1255
27 1390
27 1425
27 1541
27 1554
27 1608
27 1671
27 1749
27 1778
27 1881
27 1948
27 2065
27 2072
27 2074
27 2151
27 2208
27 2213
27 2219
27 2224
27 2266
27 2321
27 2336
27 2381
27 2403
27 2583
27 2621
27 2631
27 2643
27 2832
27 2863
27 2905
27 2953
27 3197
27 3288
27 3475
27 3590
27 3706
27 3729
27 3738
27 3812
27 3855
27 3923
28 32
28 78
28 90
28 108
28 134
28 152
28 193
28 210
28 311
28 331
28 384
28 408
28 439
28 458
28 502
28 527
28 580
28 623
28 711
28 714
28 727
28 761
28 762
28 779
28 788
28 1000
28 1029
28 1244
28 1272
28 1278
28 1320
28 1558
28 1576
28 1622
28 1628
28 1731
28 1900
28 1972
28 2098
28 2463
28 2585
28 2926
28 2960
28 3026
28 3033
28 3176
28 3257
28 3646
28 3859
29 34
29 57
29 59
29 75
29 86
29 93
29 135
29 138
29 162
29 195
29 198
29 215
29 295
29 311
29 329
29 398
29 439
29 455
29 528
29 544
29 551
29 555
29 632
29 845
29 894
29 920
29 933
29 957
29 963
29 1025
29 1069
29 1115
29 1193
29 1197
29 1288
29 1307
29 1310
29 1316
29 1417
29 1734
29 1771
29 1804
29 1844
29 1848
29 1905
29 1979
29 2076
29 2131
29 2400
29 2777
29 2966
29 3010
29 3180
29 3231
29 3409
29 3432
29 3459
29 3464
29 3525
29 3791
29 3945
30 59
30 65
30 120
30 258
30 381
30 390
30 531
30 561
30 699
30 730
30 752
30 811
30 1019
30 1021
30 1138
30 1182
30 1339
30 1512
30 1578
30 1606
30 1683
30 1770
30 1926
30 2041
30 2264
30 2331
30 2432
30 2567
30 2704
30 2785
30 2941
30 3049
30 3133
30 3317
30 3392
30 3400
30 3504
30 3515
30 3737
30 3838
30 3964
31 324
31 405
31 1005
31 1532
32 825
32 1192
32 1540
32 2645
32 3553
32 3559
32 3969
33 149
33 241
33 322
33 814
33 988
33 1273
33 1460
33 1766
33 1779
33 1939
33 2602
33 2821
33 3100
34 255
34 525
34 864
34 1086
34 1253
34 1343
34 1739
34 2019
34 2278
34 2523
34 2640
34 2756
34 3224
34 3403
34 3460
34 3997
36 238
36 286
36 462
36 581
36 656
36 773
36 1203
36 1717
36 2149
36 2313
39 77
39 97
39 169
39 378
39 500
39 945
39 1082
39 1121
39 1227
39 1519
39 1559
39 1611
39 1636
39 1697
39 2517
39 2658
39 3102
39 3834
39 3915
40 42
40 111
40 115
40 143
40 180
40 203
40 218
40 243
40 257
40 271
40 290
40 292
40 312
40 408
40 421
40 431
40 438
40 470
40 554
40 598
40 600
40 607
40 619
40 669
40 738
40 793
40 876
40 916
40 966
40 990
40 998
40 1042
40 1098
40 1099
40 1180
40 1393
40 1438
40 1519
40 1560
40 1625
40 1679
40 1722
40 1782
40 1784
40 1806
40 1810
40 1884
40 1932
40 2045
40 2094
40 2198
40 2271
40 2310
40 2343
40 2415
40 2463
40 2465
40 2501
40 2520
40 2527
40 2567
40 2591
40 2719
40 2722
40 2944
40 3137
40 3256
40 3292
40 3350
40 3381
40 3406
40 3606
40 3739
40 3990
41 64
41 493
41 671
41 818
41 1217
41 1305
41 1749
41 2188
41 2290
41 2393
41 2972
41 2982
41 3709
42 100
42 371
42 380
42 786
42 1050
42 1315
42 1325
42 1440
42 1772
42 1971
42 2006
42 2401
42 2434
42 2847
42 3032
42 3074
42 3260
42 3279
42 3483
42 3671
42 3775
42 3802
42 3913
43 130
43 269
43 1371
43 1930
43 2742
43 3173
43 3882
44 2480
45 61
45 68
45 205
45 305
45 444
45 564
45 723
45 749
45 1038
45 1142
45 1198
45 1344
45 1353
45 1609
45 1616
45 1642
45 1945
45 2081
45 2457
45 2494
45 2569
45 2715
45 2913
45 3003
45 3241
45 3347
45 3442
45 3568
45 3650
45 3670
45 3695
45 3703
45 3941
45 3976
46 72
46 79
46 101
46 174
46 235
46 318
46 323
46 329
46 368
46 399
46 946
46 963
46 1228
46 1316
46 1490
46 1559
46 1584
46 1675
46 1917
46 2177
46 2336
46 2519
46 2538
46 2639
46 2716
46 3414
46 3420
46 3422
46 3454
46 3493
46 3854
46 3888
47 60
47 114
47 148
47 151
47 196
47 254
47 266
47 268
47 279
47 302
47 380
47 399
47 484
47 574
47 581
47 678
47 837
47 886
47 1119
47 1200
47 1242
47 1250
47 1578
47 1657
47 1724
47 1976
47 2035
47 2096
47 2206
47 2326
47 2435
47 2498
47 2608
47 2619
47 2747
47 2761
47 2770
47 2829
47 2920
47 2959
47 3073
47 3116
47 3212
47 3277
47 3433
47 3517
47 3614
47 3639
47 3762
47 3768
47 3774
48 49
48 142
48 197
48 249
48 369
48 984
48 1156
48 1722
48 2896
48 2901
48 3386
48 3683
48 3698
48 3958
49 119
49 242
49 393
49 1093
49 2359
49 2878
49 3013
49 3022
49 3562
50 228
50 517
50 552
50 655
50 664
50 723
50 816
50 870
50 1403
50 1654
50 1821
50 2648
50 2892
50 3042
50 3506
50 3756
50 3887
50 3927
51 61
51 250
51 268
51 273
51 349
51 392
51 465
51 915
51 972
51 1259
51 1452
51 2071
51 3568
51 3853
52 263
52 376
52 430
52 846
52 854
52 878
52 1204
52 1706
52 1846
52 1866
52 2224
52 2630
52 3249
52 3394
52 3656
52 3694
52 3730
53 303
53 325
53 411
53 1022
53 1072
53 1112
53 1251
53 1296
53 1556
53 1777
53 2456
54 172
54 245
54 423
54 821
54 1034
54 2665
54 2995
54 3003
54 3429
55 189
55 530
55 628
55 856
55 1196
55 1389
55 1880
55 2547
55 3296
55 3348
55 3360
55 3619
55 3765
55 3863
56 84
56 880
56 1071
56 1336
56 1495
56 1629
56 1757
56 3107
56 3950
57 422
57 1126
57 1439
57 3122
58 221
58 566
58 573
58 583
58 719
58 1237
58 1459
58 1496
58 1499
58 1759
58 1944
58 2056
58 2137
58 2159
58 2242
58 2365
58 2495
58 2518
58 2587
58 2792
58 2919
58 3687
58 3960
59 89
59 92
59 121
59 154
59 164
59 166
59 178
59 194
59 225
59 272
59 323
59 348
59 397
59 417
59 442
59 448
59 450
59 467
59 487
59 523
59 535
59 579
59 611
59 636
59 753
59 766
59 904
59 971
59 1062
59 1278
59 1352
59 1449
59 1497
59 1524
59 1534
59 1647
59 1665
59 1746
59 1858
59 1883
59 1907
59 2095
59 2121
59 2140
59 2197
59 2238
59 2272
59 2275
59 2606
59 2654
59 2780
59 2844
59 2860
59 3504
59 3507
59 3548
59 3597
59 3688
59 3801
59 3840
59 3905
59 3980
59 3983
60 95
60 209
60 294
60 375
60 520
60 992
60 1011
60 1032
60 1123
60 1147
60 1252
60 1257
60 1370
60 1715
60 1941
60 2102
60 2354
60 2438
60 2558
60 2598
60 2670
60 2774
60 3199
60 3735
60 3842
60 3998
61 126
61 492
61 548
61 600
61 616
61 694
61 1980
61 2157
61 2307
61 2407
61 2776
61 2851
61 3770
62 777
62 909
62 1150
62 2373
62 3856
63 98
63 463
63 544
63 596
63 757
63 928
63 1012
63 1246
63 1410
63 1635
63 2195
63 2248
63 2350
63 2859
63 3264
63 3697
64 123
64 1402
64 3087
65 106
65 428
65 1421
65 2294
65 3255
65 3371
65 3412
66 78
66 82
66 219
66 350
66 429
66 503
66 800
66 883
66 987
66 1566
66 1694
66 2009
66 2145
66 2204
66 2411
66 2819
66 3171
66 3191
66 3297
66 3827
67 1458
67 1732
67 1796
67 1978
67 2062
67 2203
67 2382
67 2450
67 2464
67 2531
67 2622
67 2642
67 2813
67 3331
67 3594
67 3961
68 219
68 1341
69 70
69 76
69 244
69 261
69 502
69 540
69 734
69 1313
69 1396
69 1484
69 1524
69 1582
69 1601
69 1868
69 1908
69 2318
69 2447
69 2506
69 2554
69 2670
69 2895
69 3160
69 3318
69 3339
69 3567
69 3637
71 81
71 89
71 552
71 686
71 769
71 807
71 943
71 1338
71 1377
71 1424
71 1443
71 1520
71 1569
71 1811
71 2746
71 2750
71 3203
71 3265
71 3450
71 3903
72 116
72 314
72 381
72 1063
72 2067
72 2176
72 2320
72 2358
72 2664
72 3034
72 3676
72 3906
73 889
73 1653
73 2103
73 2339
73 2543
74 123
74 344
74 365
74 382
74 538
74 707
74 1028
74 1079
74 1441
74 1588
74 2043
74 2186
74 2235
74 2447
74 2939
74 3398
74 3573
74 3839
74 3860
75 784
75 1308
75 1505
75 2862
76 99
76 207
76 307
76 413
76 470
76 528
76 614
76 746
76 1516
76 1546
76 1761
76 1823
76 2033
76 2649
76 2688
76 3012
76 3316
76 3333
76 3438
76 3543
76 3986
77 163
77 195
77 204
77 213
77 247
77 281
77 330
77 364
77 403
77 468
77 477
77 610
77 612
77 621
77 710
77 778
77 780
77 782
77 867
77 927
77 930
77 1023
77 1029
77 1158
77 1221
77 1318
77 1719
77 2013
77 2050
77 2083
77 2139
77 2291
77 2476
77 2771
77 2803
77 2868
77 3014
77 3174
77 3185
77 3456
77 3571
77 3582
77 3651
77 3776
77 3907
78 137
78 2297
79 283
79 1047
79 2052
81 110
81 232
81 308
81 348
81 407
81 445
81 469
81 542
81 579
81 607
81 679
81 748
81 812
81 866
81 882
81 931
81 977
81 1151
81 1279
81 1291
81 1409
81 1414
81 1535
81 1702
81 1737
81 1860
81 1900
81 1904
81 1941
81 2076
81 2082
81 2144
81 2230
81 2276
81 2398
81 2718
81 2761
81 2906
81 3057
81 3107
81 3411
81 3477
81 3533
81 3546
81 3680
81 3740
81 3813
81 3867
81 3884
82 218
82 1183
82 2477
82 3647
83 159
83 217
83 347
83 485
83 618
83 892
83 914
83 1304
83 1369
83 1437
83 1457
83 1786
83 1812
83 2593
83 2915
83 3404
85 1019
85 2496
86 1965
86 2710
88 890
88 2679
88 2741
88 3229
88 3923
89 124
89 344
89 513
89 515
89 522
89 571
89 906
89 911
89 1048
89 1063
89 1317
89 1793
89 1936
89 2034
89 2329
89 2338
89 2659
89 2932
89 2978
89 3040
89 3396
89 3672
89 3708
90 92
90 152
90 214
90 229
90 363
90 426
90 672
90 1198
90 1216
90 1347
90 1360
90 1635
90 1669
90 1988
90 2010
90 2110
90 2341
90 2539
90 3051
90 3068
90 3246
90 3500
90 3815
91 250
91 508
91 769
91 1068
91 1073
91 1215
91 1245
91 1301
91 1353
91 1614
91 1735
91 1812
91 1855
91 1999
91 2179
91 2257
91 2612
91 2844
91 3026
91 3106
91 3285
91 3326
91 3358
91 3566
91 3848
92 108
92 190
92 196
92 236
92 333
92 356
92 369
92 615
92 725
92 861
92 876
92 1004
92 1037
92 1360
92 1411
92 1553
92 1916
92 1975
92 2018
92 2154
92 2187
92 2190
92 2386
92 2537
92 2579
92 2589
92 2693
92 2754
92 2759
92 2880
92 2891
92 2900
92 3023
92 3065
92 3117
92 3181
92 3658
92 3674
92 3712
94 277
94 400
94 1295
94 2309
94 2712
94 3007
94 3661
95 180
95 200
95 331
95 395
95 483
95 563
95 839
95 1035
95 1066
95 1297
95 1456
95 1646
95 1651
95 1734
95 1826
95 1828
95 1883
95 2037
95 2257
95 2306
95 2370
95 2616
95 2706
95 2837
95 2941
95 3354
95 3787
95 3900
95 3989
96 115
96 708
96 1117
96 1345
96 2066
96 2310
96 2529
96 2755
96 3611
96 3896
97 2229
98 130
98 461
98 1190
98 2371
98 2878
99 2641
99 3996
101 144
101 183
101 265
101 389
101 681
101 1437
101 2188
101 2283
101 2991
101 3949
102 122
102 226
102 489
102 1343
102 1354
102 1989
102 2520
102 2930
102 3713
102 3756
102 3922
102 3973
103 418
103 597
103 677
103 820
103 951
103 1123
103 1136
103 1740
103 2032
103 2053
103 2379
103 2408
103 2577
103 2914
103 3127
103 3852
104 1422
104 1716
104 2261
104 3605
104 3701
105 538
105 587
105 1038
105 1332
105 1335
105 1469
105 2026
105 2140
105 2906
105 3614
106 266
106 547
106 567
106 1044
106 1388
106 1712
106 1940
106 2426
106 3269
107 158
107 1477
107 3409
108 157
108 373
108 623
108 645
108 672
108 734
108 863
108 898
108 1091
108 1793
108 3208
108 3371
109 117
109 208
109 245
109 337
109 354
109 374
109 391
109 393
109 443
109 521
109 546
109 627
109 682
109 692
109 751
109 836
109 848
109 1075
109 1140
109 1419
109 1521
109 1540
109 2031
109 2279
109 2959
109 3124
109 3361
109 3476
109 3894
110 168
110 170
110 479
110 857
110 1413
110 1656
110 2610
110 3074
111 292
111 509
111 912
111 1238
111 1494
111 1750
111 1990
111 2772
112 438
112 2021
113 114
113 151
113 155
113 357
113 811
113 1065
113 1667
113 1726
113 1773
113 3061
113 3160
113 3289
113 3502
113 3535
113 3918
114 168
114 483
114 848
114 901
114 1086
114 1113
114 1291
114 1379
114 1973
114 1977
114 2018
114 2592
114 2869
114 3048
114 3211
114 3329
114 3639
114 3834
115 3746
116 122
116 124
116 166
116 315
116 443
116 560
116 818
116 959
116 1268
116 1355
116 1605
116 1995
116 2072
116 2506
116 2605
116 3216
116 3254
117 606
118 128
118 143
118 227
118 327
118 749
118 1362
118 2305
118 3006
118 3198
118 3753
119 181
119 261
119 289
119 334
119 433
119 542
119 710
119 1083
119 1340
119 1423
119 1701
119 1889
119 2242
119 2353
119 2394
119 2471
119 2706
119 2929
119 2935
119 2942
119 3583
119 3995
120 529
121 1329
123 464
123 781
123 2175
123 3303
123 3674
123 3840
123 3849
124 161
124 178
124 662
124 675
124 756
124 849
124 854
124 994
124 1474
124 1676
124 1714
124 1931
124 1994
124 2255
124 2258
124 2275
124 2469
124 2606
124 2702
124 2774
124 3390
124 3940
125 187
125 768
125 846
125 1081
125 1142
125 1166
125 1458
125 1496
125 1570
125 1665
125 1752
125 1948
125 2103
125 2784
125 2786
125 3227
125 3348
125 3463
125 3563
125 3761
125 3850
125 3893
126 297
126 530
126 549
126 987
126 1493
126 1587
126 2530
126 2898
127 317
127 338
127 527
127 541
127 789
127 1069
127 1074
127 1595
127 1751
127 1875
127 1911
127 1958
127 2066
127 2094
127 2571
127 2604
127 3013
127 3685
127 3881
128 291
128 682
128 1374
128 1697
128 2055
128 3048
129 506
129 545
129 652
129 2943
130 3357
131 175
131 251
131 264
131 434
131 536
131 638
131 641
131 1116
131 1175
131 1321
131 1430
131 1456
131 1565
131 1739
131 1963
131 2030
131 2147
131 2655
131 2660
131 2712
131 2892
131 3046
131 3060
131 3085
131 3214
131 3363
131 3444
131 3864
132 916
132 965
132 1531
132 1993
132 3753
133 1810
133 2402
134 537
134 815
134 903
134 959
134 1199
134 1371
134 1503
134 1630
135 142
135 298
135 437
135 892
135 1461
135 2582
135 2966
135 3648
136 203
136 445
136 620
136 622
136 1121
136 1711
136 1872
136 3245
136 3825
136 3991
137 236
137 406
137 449
137 526
137 646
137 660
137 835
137 877
137 993
137 1554
137 1858
137 1982
137 2319
137 2680
137 2791
137 3128
137 3321
137 3766
137 3939
138 167
138 986
138 1451
138 2134
138 3115
138 3250
138 3673
138 3784
139 765
139 2056
140 1400
142 283
142 300
142 620
142 648
142 847
142 999
142 1162
142 1267
142 1283
142 2247
142 2279
142 2366
142 2834
142 2942
142 3300
142 3615
142 3831
142 3909
142 3910
144 902
144 2597
144 2855
145 3094
146 3047
147 3640
148 493
148 3876
149 1374
150 631
150 1187
150 2356
150 3473
150 3901
151 227
151 246
151 248
151 625
151 642
151 986
151 1045
151 1087
151 1194
151 1226
151 1248
151 1309
151 1311
151 1350
151 1446
151 1467
151 1814
151 1832
151 2205
151 2283
151 2337
151 2352
151 2471
151 2619
151 2767
151 2825
151 3479
151 3536
151 3733
152 2846
153 188
153 1037
153 1113
153 1382
153 1433
153 2185
153 2653
153 3028
153 3031
153 3702
153 3847
154 406
154 666
154 1001
154 1195
154 3365
155 1859
156 2849
157 335
157 524
157 736
158 182
158 224
158 543
158 655
158 714
158 904
158 968
158 1061
158 1137
158 1146
158 1247
158 1286
158 1339
158 1549
158 1581
158 1888
158 1893
158 2100
158 2409
158 2699
158 2850
158 2950
158 3207
158 3625
158 3683
158 3761
159 322
159 446
159 562
159 962
159 1021
159 1261
159 1831
159 2203
159 2355
159 2421
159 2581
159 2701
159 2808
159 2888
159 3628
159 3814
160 370
160 699
160 754
160 914
160 1062
160 1615
160 2113
160 3629
161 1072
161 3754
162 680
162 1061
162 1244
162 1640
162 2472
162 3179
162 3891
163 1753
163 2413
165 226
165 553
165 763
165 774
165 911
165 2715
165 3764
165 3823
166 274
166 1205
166 1208
167 2787
168 1348
169 303
169 644
169 949
169 1878
169 2044
169 2194
169 3294
169 3428
169 3643
170 2571
170 2971
171 259
171 362
171 509
171 567
171 595
171 983
171 1674
171 2013
171 2225
171 2306
171 2355
171 2669
171 2796
172 197
172 205
172 387
172 519
172 576
172 1794
172 1821
172 2088
172 2290
172 2703
172 2744
172 3006
172 3127
172 3152
174 241
174 373
174 453
174 605
174 770
174 950
174 985
174 1185
174 1249
174 1434
174 1738
174 1820
174 1832
174 2058
174 3373
176 273
176 372
176 569
176 646
176 1059
176 1081
176 1154
176 1173
176 1279
176 1295
176 1298
176 1762
176 2023
176 2440
176 2797
176 3008
176 3153
176 3495
177 358
177 2545
177 2993
177 3266
177 3649
177 3958
178 179
178 263
178 375
178 417
178 444
178 471
178 511
178 626
178 1189
178 2687
178 2871
178 3159
178 3242
179 276
179 459
179 587
179 635
179 2308
179 2817
180 191
180 673
180 1323
180 1492
180 1800
180 1952
180 2295
180 2388
180 3700
180 3804
180 3945
181 359
181 476
181 768
181 899
181 1257
181 1956
181 2001
181 2624
181 3602
182 1375
182 1904
182 2184
182 2202
182 2779
182 3327
182 3432
183 2119
183 2130
183 3460
184 384
185 306
185 554
185 1260
185 1659
185 3893
187 440
187 751
187 1759
187 1928
187 1959
187 1996
187 2191
187 2412
187 2505
187 3246
189 249
189 410
189 673
189 1114
189 2007
189 3939
190 1700
190 2768
191 1637
191 1649
191 3250
192 603
192 1030
192 1090
192 1327
192 2124
192 3947
193 1560
193 1593
193 2461
193 2639
194 584
194 676
194 2043
194 2518
195 2858
195 3660
196 307
196 309
196 432
196 1365
196 1688
196 1805
196 2417
196 2785
196 3256
196 3532
197 386
197 1005
197 1486
197 2890
197 2943
197 3688
197 3713
199 272
199 401
199 472
199 499
199 636
199 937
199 947
199 962
199 1326
199 1511
199 1801
199 1807
199 1857
199 1928
199 1957
199 2435
199 2477
199 2488
199 2664
199 2698
199 2734
199 2857
199 3164
199 3245
199 3367
199 3950
200 3323
201 2555
201 3000
201 3012
202 274
202 1078
202 2489
202 2868
203 978
204 995
204 2714
204 2740
205 394
205 653
205 2460
206 352
206 1132
206 1418
206 3093
207 221
207 228
207 265
207 267
207 278
207 280
207 363
207 592
207 596
207 638
207 661
207 700
207 713
207 829
207 855
207 985
207 1110
207 1126
207 1130
207 1354
207 1364
207 1648
207 1869
207 1958
207 2060
207 2122
207 2248
207 2301
207 2303
207 2549
207 2794
207 3004
207 3005
207 3196
207 3335
207 3572
208 360
208 1797
208 2869
209 367
209 407
209 501
209 575
209 593
209 657
209 782
209 832
209 941
209 1161
209 1263
209 1341
209 1849
209 1924
209 2157
209 2211
209 2916
209 3029
209 3195
209 3839
209 3955
210 1057
212 505
212 677
212 745
212 925
212 989
212 1074
212 1408
212 2602
212 2921
212 3170
212 3262
212 3529
213 232
213 455
213 1057
213 3666
214 240
214 336
214 441
214 1864
214 2045
214 2284
214 2616
214 2826
214 2913
214 3064
214 3106
214 3274
214 3350
214 3617
216 801
216 1623
216 1787
216 2396
217 298
217 456
217 634
217 681
217 724
217 999
217 1463
217 1704
217 1946
217 2061
217 2235
217 2292
217 2637
217 2730
217 2782
218 264
218 629
218 650
219 377
219 828
219 1306
219 1658
219 2070
219 3267
220 595
220 613
220 1180
220 1276
220 1301
220 1693
220 1705
220 2894
220 3604
222 727
222 1835
222 3002
222 3366
222 3640
222 3948
223 301
223 1593
223 1639
223 1969
223 2590
223 3320
224 1014
224 1535
224 2272
224 3692
226 856
226 1240
226 2428
226 2708
226 3616
227 361
227 601
227 1157
227 1381
227 1713
227 2115
227 2344
227 3023
228 338
228 957
228 1093
228 1164
228 1792
228 2016
228 2152
228 2384
228 2821
228 2824
228 2856
228 2977
228 3402
228 3571
229 974
229 1088
229 1606
229 1923
229 2614
229 3407
229 3767
230 2470
232 401
232 541
232 823
232 1243
232 1548
232 1887
232 1901
232 1906
232 1984
232 2409
232 3260
232 3498
233 1016
233 1627
233 3874
234 301
234 496
234 836
234 1080
234 1419
234 1829
234 1972
234 2143
234 2553
234 2622
234 2834
234 3525
234 3627
235 649
235 900
235 1260
235 1376
235 2009
235 2334
235 3101
235 3666
236 643
236 872
236 965
236 1053
236 1561
236 1673
236 2252
236 2875
236 3218
236 3480
236 3814
237 387
237 809
237 921
237 1721
237 2038
237 2116
237 2491
237 2766
237 2799
237 2937
239 351
239 478
239 494
239 572
239 772
239 1052
239 1188
239 1248
239 1346
239 1842
239 1863
239 2629
239 2770
239 3067
239 3588
239 3608
239 3665
239 3733
240 285
240 332
240 722
240 1583
240 1808
240 1931
240 2487
240 2689
240 3105
240 3224
240 3719
240 3777
240 3841
242 559
242 797
242 982
242 3903
243 248
243 1880
243 2651
243 2837
244 349
245 746
245 799
245 840
245 862
245 909
245 1027
245 1145
245 1949
245 2020
245 2085
245 2259
245 2380
245 2610
245 2662
245 2960
245 3016
245 3017
245 3099
245 3163
245 3508
245 3543
245 3750
245 3992
246 280
246 474
246 485
246 951
246 1854
246 3163
246 3585
246 3722
246 3871
248 3071
248 3169
248 3443
250 275
250 1550
250 2641
251 952
251 3453
252 498
252 1035
252 2243
252 2570
253 1390
254 260
254 294
254 365
254 508
254 582
254 635
254 676
254 697
254 805
254 894
254 1265
254 1288
254 1607
254 1620
254 1964
254 2221
254 2269
254 2285
254 2381
254 2517
254 2751
254 3036
254 3466
254 3645
254 3752
254 3755
256 353
256 379
256 402
256 687
256 778
256 1895
256 1981
256 2863
256 2954
256 3086
256 3194
256 3308
256 3732
256 3810
257 345
257 1679
257 2060
258 262
258 390
258 794
258 1108
258 1696
260 2349
260 2720
260 2732
262 3527
263 722
263 2918
263 3408
265 912
265 3538
266 1951
266 3495
267 1408
267 2793
268 2800
269 446
269 859
269 1359
270 1181
270 1265
270 1280
270 1680
270 1844
270 1869
270 2001
270 2393
270 2490
270 2637
270 3110
270 3321
270 3384
272 402
272 725
272 729
272 1079
272 1952
272 1968
272 2382
272 3895
273 412
273 424
273 742
273 1157
273 2467
273 2735
273 2914
273 3505
273 3626
274 574
274 758
274 1007
274 1314
274 1498
274 1826
274 2425
274 2578
274 3069
274 3576
274 3591
275 1678
276 460
276 526
276 570
276 804
276 984
276 1033
276 1152
276 1306
276 1412
276 2032
276 2173
276 2453
276 2919
276 2969
276 3375
276 3423
276 3936
276 3937
279 494
279 1338
279 3499
280 2445
280 3612
282 547
282 841
282 2097
283 319
284 415
284 810
284 3526
285 473
285 700
285 1753
285 2125
285 2667
285 3200
285 3456
285 3833
286 563
286 565
286 3798
287 628
287 629
287 1053
287 1901
287 2167
287 2391
287 2778
287 3237
288 312
288 609
288 1070
288 1131
288 1303
288 1427
288 1657
288 1919
288 3038
288 3659
289 340
289 598
289 735
289 1144
289 1297
289 1488
289 1523
289 1673
289 1684
289 1865
289 2127
289 2161
289 2239
289 2692
289 2830
289 2905
289 3561
289 3813
289 3842
289 3872
289 3912
290 992
290 1367
290 1661
291 1620
291 2143
291 2510
291 2767
291 3665
292 755
292 3188
293 457
293 608
293 1042
293 1377
293 1460
293 1851
294 479
294 735
294 921
294 1138
294 1146
294 1178
294 1356
294 1537
294 1955
294 2170
294 2192
294 2750
294 2933
294 3973
295 521
295 2383
295 2754
295 3785
296 341
296 556
296 647
296 822
296 1049
296 1610
296 2207
296 2209
296 3393
296 3445
296 3755
297 648
299 2228
299 2501
299 3164
300 785
301 3314
304 324
304 366
304 942
304 2671
304 2994
306 409
306 410
306 1598
307 1723
308 405
308 704
308 886
308 1143
308 1165
308 1324
308 1530
308 2182
308 2513
308 2677
308 3620
308 3984
309 475
309 3093
309 3162
309 3877
311 474
311 928
311 1401
311 1552
311 1603
311 2236
311 2433
311 3803
313 341
314 1181
314 2722
315 874
315 1588
315 1936
317 1026
317 2123
319 743
320 797
320 1006
320 1107
320 3896
321 426
321 1102
321 1464
321 1992
322 640
322 653
322 2492
322 3343
323 1215
323 2781
323 2986
323 3072
323 3904
324 512
324 1064
324 1104
324 1149
324 1407
324 1645
324 1760
324 1811
324 2163
324 2359
324 2613
324 2889
324 2987
324 2988
324 3190
324 3476
324 3861
324 3990
325 891
325 1481
325 2820
327 525
327 791
327 1463
327 1924
327 2546
327 2734
327 3183
327 3201
327 3368
327 3387
327 3870
328 568
328 697
328 3522
329 555
329 1050
329 2372
329 2395
329 2415
329 2538
329 2553
330 2999
333 871
333 1910
334 850
334 2148
336 858
336 908
336 1650
336 2536
336 3248
336 3545
338 1271
339 460
339 1186
339 1572
339 2973
340 578
341 666
342 3222
343 2594
346 495
346 504
346 724
346 748
346 855
346 1219
346 1466
346 3569
346 3593
347 429
347 958
347 1409
347 1462
347 2468
347 2565
347 3039
347 3233
347 3272
347 3485
348 747
348 1266
348 1935
348 2117
348 2121
348 2515
348 3155
348 3159
348 3599
348 3673
348 3705
349 810
349 1314
350 560
350 1549
350 2057
350 2653
351 2544
352 1197
352 1671
352 1815
352 2583
352 2963
352 2970
352 3779
352 3908
353 1504
354 1159
354 1237
355 967
355 2363
355 3737
356 496
356 1475
357 1107
357 2427
361 488
361 812
361 2199
361 2657
362 3055
362 3450
363 868
363 1436
363 3512
366 1767
368 1816
369 1756
369 1903
369 2423
369 3150
369 3592
369 3782
370 1058
370 3723
371 617
371 1041
371 1922
371 2169
371 3523
371 3677
372 1757
373 630
373 1127
373 1562
373 1634
373 2782
373 3420
373 3633
373 3709
374 925
374 1067
374 1827
374 2876
375 1158
375 1505
375 2516
375 2701
375 2718
375 3795
376 961
377 1155
377 1210
377 1350
377 1515
377 1555
377 3400
377 3599
377 3631
377 3648
379 436
379 505
379 550
379 631
379 935
379 1600
379 1754
379 1763
379 2516
379 2600
379 2908
379 3734
380 435
380 618
380 867
380 1149
380 1587
380 1944
380 2245
380 2628
380 2682
380 3519
381 779
381 796
381 3471
381 3924
382 594
382 1750
382 3589
383 2895
383 3967
384 694
384 1024
384 3368
385 430
385 481
385 1841
385 2153
385 2585
385 3617
386 839
386 1252
386 3217
386 3679
387 2324
388 1387
389 1997
389 2372
389 3682
391 424
391 937
391 1571
391 2135
391 3129
391 3789
392 1806
393 1208
394 3079
396 476
396 2369
397 807
397 1103
397 1542
397 1702
397 1850
397 1917
397 2614
397 2814
397 3473
397 3905
398 833
398 866
398 897
398 936
398 1633
398 3899
398 3959
401 895
401 1707
401 2399
402 484
403 790
403 3121
403 3296
404 721
404 1571
404 1700
404 1875
404 2327
405 642
405 1398
405 3591
406 838
407 1164
407 2378
407 3103
407 3228
407 3647
408 760
408 887
408 2491
408 3366
408 3727
410 522
410 637
410 1212
410 1446
410 1718
410 1740
410 3985
411 1172
411 1479
412 738
412 2608
412 3070
413 2573
413 2680
413 3070
413 3978
414 1313
414 3966
416 3134
416 3937
417 1675
417 2230
417 2795
418 1100
418 1658
418 3292
419 2226
419 2745
420 1264
420 1989
421 1210
421 1523
421 2035
421 2073
421 2153
421 2172
421 3610
423 1232
423 2710
423 3166
424 790
424 3792
425 659
425 2274
425 2578
427 1644
427 3033
428 639
428 845
428 2936
431 1938
431 2424
432 447
433 2061
434 740
434 1229
434 1565
436 3551
437 501
437 929
437 2286
437 2584
437 3197
437 3828
439 2017
439 3146
440 900
440 1141
440 1333
440 1443
440 2077
440 3251
441 910
441 1363
441 2864
441 3036
442 543
442 737
442 969
442 996
442 2068
442 3463
443 1190
443 2806
444 1515
445 2764
448 481
449 2789
451 2020
451 3410
451 3669
452 561
452 602
452 840
452 1010
452 1039
452 1085
452 1610
452 1824
452 3377
452 3447
452 3780
452 3787
453 1831
453 3349
454 586
454 2175
454 3088
454 3190
455 2436
458 1475
459 907
459 1262
459 2191
459 2924
459 2947
459 3081
459 3082
459 3877
460 1109
462 747
462 2036
462 2299
462 2607
463 1284
463 3925
464 1002
464 1172
464 1509
464 1695
464 2144
464 3066
464 3589
465 506
465 1207
465 1612
465 1652
465 2809
465 3319
466 577
466 641
466 981
466 1099
466 1115
466 1324
466 2716
467 793
469 3333
470 709
470 1688
470 3725
472 899
472 1219
472 1723
472 1742
472 1921
472 2025
472 2377
472 2611
472 2848
474 745
474 847
474 3425
475 590
475 873
475 1024
475 1234
475 1564
475 1592
475 1701
475 1834
475 2652
475 2816
475 2888
475 3169
475 3310
475 3452
475 3481
475 3719
476 763
476 967
476 1372
476 1894
476 1960
476 3257
477 1518
477 1708
477 2691
478 3078
479 1272
479 1510
479 3866
480 2024
480 3091
480 3188
481 500
481 942
481 3822
482 572
483 980
483 1184
483 1580
483 1618
483 2204
483 2535
483 3196
484 2347
486 627
486 732
486 800
486 1345
486 1438
486 1550
486 1685
486 1932
486 2196
486 2433
486 2533
486 3193
486 3242
486 3714
487 2442
488 1486
488 1820
488 2437
489 575
489 1337
489 2428
489 3240
489 3360
491 2835
491 3306
492 662
492 2348
493 806
493 1151
493 1582
494 1725
494 3523
494 3992
497 692
497 2909
497 2964
498 718
498 890
498 1879
498 3014
499 591
500 3924
501 975
501 1488
501 3075
502 1020
502 1729
502 2127
502 2700
503 1643
503 1745
503 2661
503 3741
504 539
504 719
504 1080
504 2130
504 2223
504 2410
504 3028
504 3154
505 713
505 1282
505 1319
505 1639
505 3588
506 1106
506 3487
507 898
507 1285
507 1400
507 2392
507 3236
507 3897
509 644
509 693
509 785
509 822
509 902
509 1320
509 1647
509 1795
509 2104
509 2218
510 1087
510 1363
511 651
511 703
511 1281
511 2893
511 3946
512 2413
512 3109
512 3187
512 3373
513 776
513 3785
514 689
515 1543
515 1818
515 1861
515 3273
517 669
517 945
517 1128
517 1573
517 2818
517 3175
517 3534
517 3859
518 923
518 1289
518 1618
518 2351
518 2898
520 1225
520 1440
520 1467
520 1574
520 1663
520 1720
520 1961
520 2166
520 2183
520 2226
520 2509
520 2838
520 2984
520 3134
520 3634
521 577
521 792
521 881
521 1077
521 1294
521 1433
521 1943
521 2442
521 2862
521 3059
521 3161
521 3390
521 3547
521 3921
522 1183
522 1564
522 1594
522 1787
522 2015
522 3578
523 943
524 569
524 1025
524 1101
524 1405
524 2777
524 3497
526 975
527 553
527 633
527 865
527 1097
527 1328
527 1506
527 1538
527 1551
527 1596
527 1638
527 1651
527 2208
527 2312
527 2965
527 3295
527 3304
527 3526
527 3644
529 1156
529 1482
529 1813
530 834
530 1236
530 1502
530 3681
531 1803
531 3151
532 604
532 611
532 664
532 712
532 926
532 1040
532 1218
532 1274
532 1293
532 1686
532 1830
532 1833
532 2037
532 2522
532 2720
532 2796
532 2986
532 3180
532 3407
532 3470
532 3837
532 3934
532 3970
533 831
533 1270
533 1995
533 2311
533 2494
533 3103
534 616
534 1335
534 1898
534 3279
536 814
537 1192
537 1365
537 2116
537 2139
537 2198
537 2458
537 2649
538 1444
538 3312
543 1999
543 2482
543 3176
543 3449
543 3513
543 3681
546 819
546 1730
546 2303
547 1849
549 1214
549 3111
550 1462
550 2977
551 691
551 1334
551 2579
552 827
552 887
552 1095
552 1118
552 1134
552 1312
552 1819
552 1986
552 2475
552 2907
552 3284
552 3910
553 1125
553 2723
555 2431
557 874
557 1012
557 1075
557 1084
557 1695
557 3888
558 1561
558 2798
559 953
559 2067
565 2952
565 3884
566 656
566 733
566 809
566 1116
566 1344
566 1427
566 1631
566 1775
566 2038
566 2177
566 2263
566 2288
566 2550
566 2707
566 2940
566 3031
566 3044
567 667
568 665
568 941
568 1073
568 1966
568 2138
568 2164
568 2339
568 2929
569 1009
569 1870
569 2743
570 3979
571 3166
572 592
572 868
572 1223
572 1915
572 2417
572 2923
572 3603
572 3624
572 3828
573 1094
573 2057
573 3144
574 3906
575 1705
576 1231
576 3157
576 3720
577 1281
577 1676
577 1923
577 2169
577 3645
579 3423
580 1131
580 1552
580 2315
580 2414
580 2686
580 2864
580 3271
580 3412
583 1413
585 1054
585 2101
585 2575
586 1368
587 835
587 873
587 922
587 1209
587 1848
587 2136
587 2499
587 2561
587 3512
587 3516
588 651
588 696
588 1249
588 1366
588 3398
589 1396
590 1514
593 1950
593 2265
593 2816
593 3315
594 1391
594 1818
595 702
595 744
595 1161
595 2212
595 3537
595 3891
596 599
596 1094
596 1743
598 1006
598 1907
598 3564
599 884
599 1174
600 685
600 816
600 1604
600 1846
600 3446
602 875
602 1434
602 1877
602 2396
602 3703
602 3821
605 1235
605 1707
607 3249
609 3345
610 2932
611 624
611 731
611 1825
611 2221
611 2626
611 3622
611 3793
611 3963
612 833
612 934
612 3154
612 3165
612 3736
613 2065
613 3329
613 3987
616 2063
616 2259
616 2678
617 1950
618 791
618 1082
618 1177
618 1525
618 1653
618 1814
618 2080
618 2148
618 2281
618 2394
618 2974
618 3161
618 3263
618 3436
620 1741
620 2490
620 3482
621 1372
622 2092
623 1256
623 1450
623 1839
624 671
624 1962
626 3099
628 1714
629 796
629 826
629 875
629 1492
629 1933
629 3046
629 3341
629 3819
632 1804
632 2216
633 1300
634 1677
634 1780
634 2635
635 1336
635 1538
635 1822
635 1933
636 3968
637 1802
637 3177
637 3489
639 2302
639 2340
639 2691
640 815
640 1548
640 1978
640 3488
642 1078
642 1685
642 2341
642 2445
642 3141
643 821
643 885
643 2525
643 2922
643 3278
643 3288
643 3340
644 905
644 1693
644 2591
644 2780
644 3307
644 3510
644 3758
644 3844
646 1185
647 1414
647 2402
647 3113
648 658
648 1326
648 1909
648 3720
650 881
650 970
650 1254
650 1274
652 1835
652 2220
652 3766
652 3808
652 3995
655 1325
655 1681
655 1799
655 2199
656 2876
656 2912
656 3064
658 1628
658 2817
659 1124
659 2480
664 701
664 3041
666 683
666 2574
666 2788
666 3902
670 978
670 1211
670 1708
670 2087
670 2099
671 688
671 1797
671 2605
671 3758
671 3909
672 1209
673 1013
673 1998
674 1557
674 1758
674 1974
674 2451
674 3178
674 3587
674 3744
676 917
676 3114
677 1002
677 1109
678 2088
680 1370
682 2836
682 2948
686 716
686 1283
686 1971
688 1235
688 1499
688 2118
689 906
689 1402
689 2840
689 3404
690 2985
691 869
691 3541
693 1328
694 1399
694 3206
695 730
695 3661
695 3780
696 939
696 1191
696 1794
696 1838
696 2273
696 2524
696 2678
696 2685
696 2961
696 3027
696 3415
697 1043
697 1789
697 2737
698 2499
699 979
699 1333
699 2360
699 3773
701 3370
702 913
702 2511
704 1918
705 2231
706 1331
706 1663
710 1222
710 1943
710 3997
711 947
711 1226
711 1361
711 1692
713 717
713 970
713 1134
713 1471
713 1670
713 2231
713 2332
713 2342
713 2660
713 2904
713 2963
713 3137
713 3856
713 3870
714 1048
714 3586
715 3225
716 1718
717 1464
717 2138
717 2321
717 2340
717 2510
718 1230
719 2187
719 2552
720 1233
720 3462
721 1563
721 1619
721 2280
721 3701
723 3210
723 3759
725 1102
725 1133
725 1445
725 2652
727 989
727 1111
727 2527
727 2623
727 3496
727 3690
728 731
728 1179
728 1892
728 2330
728 2795
729 1621
729 2142
729 2343
729 2419
731 896
735 2430
735 2990
735 3778
736 1836
737 795
737 1822
737 1929
737 3227
738 777
738 1918
738 2502
740 1030
741 783
741 2174
741 3274
742 1450
742 1686
742 2126
742 2222
742 2668
742 3786
743 830
743 2323
746 805
746 2406
746 2511
746 2727
748 1963
748 3140
748 3585
749 1422
749 1729
750 872
750 1221
750 2826
750 2883
750 3851
751 930
751 1207
752 1216
753 1368
753 1476
753 3009
753 3448
753 3511
754 772
754 804
754 884
754 2215
754 2466
754 2666
754 3128
754 3156
755 1090
755 1655
755 1703
755 1738
755 2171
755 2682
755 3212
755 3778
756 880
756 2334
758 3455
761 1547
763 1095
763 3271
763 3520
764 1645
764 1681
765 944
765 3408
766 1071
766 3049
766 3132
766 3642
767 3081
768 2089
768 2852
769 1827
769 2050
770 1251
770 2469
770 3399
770 3707
771 2684
773 1621
773 2496
773 3556
774 824
775 1296
775 1709
775 1938
775 2113
775 2289
775 3338
776 1403
777 1097
777 1234
777 1568
777 3327
777 3584
778 1140
778 3143
779 2162
781 3917
782 1913
783 1017
783 1287
783 2026
783 3676
792 1473
792 1491
792 2030
792 2541
792 2805
794 1575
797 1096
797 1744
797 3594
797 3623
799 861
799 1022
799 1046
799 1051
799 1055
799 1489
799 1792
799 2111
799 3141
799 3730
800 940
800 1010
800 1528
801 2085
802 1355
802 1746
802 2042
802 2935
802 3142
802 3638
803 2179
803 2398
804 1367
804 2740
805 2232
807 968
807 1170
807 1720
807 1828
807 1882
807 2049
807 3724
809 2237
810 1114
810 1373
810 2894
811 1266
811 2853
811 3718
812 3286
812 3605
812 3675
813 1319
813 1428
813 2764
813 2859
813 3104
813 3168
813 3806
814 1711
816 1954
816 2147
816 3803
816 3902
817 1892
817 2054
818 2386
819 3149
820 851
820 1398
820 1769
820 3565
821 1287
821 1537
821 1805
821 2015
821 2448
822 1716
822 1754
822 2449
822 3410
822 3685
824 2315
824 2446
825 1395
826 1678
827 1148
827 2362
827 2443
827 3125
827 3547
827 3809
829 927
829 1028
829 1915
832 924
832 2546
833 1527
834 903
837 2687
840 950
840 2122
840 3139
840 3230
840 3705
840 3868
841 1188
841 1623
841 1825
841 2042
841 3017
841 3332
841 3346
841 3836
842 2674
842 3954
844 1906
844 2002
844 2454
844 2695
844 2758
844 3660
846 1277
848 2436
849 2112
852 1435
852 2454
852 3338
852 3731
854 1791
854 2251
854 2476
854 3931
857 1942
858 1132
858 1659
858 2118
858 2238
858 2788
858 2802
858 3184
858 3220
858 3809
859 2528
859 3507
861 1613
861 3097
862 2885
863 1330
863 2910
864 1302
864 1567
864 3510
865 1956
865 2537
867 1802
867 1862
868 1576
870 2744
870 3475
871 891
871 1100
871 1426
871 1644
871 2027
872 1712
872 2586
872 3285
874 1129
874 2209
874 2245
874 2350
874 2621
874 2769
874 3086
875 1487
875 3544
879 1347
879 2877
879 3352
880 2278
881 1590
881 2280
881 2405
881 2753
881 3873
885 982
885 1264
885 1346
885 2210
885 2998
885 3024
885 3060
885 3472
886 2149
886 2822
888 2574
888 3076
890 1632
891 1332
891 1478
891 2609
892 1630
893 2166
893 2371
893 2972
894 1117
903 1036
904 1871
904 2120
909 990
909 1457
909 2368
909 3019
909 3232
910 1054
911 1508
914 1136
914 1967
914 1970
914 3759
917 1031
918 1111
918 1130
918 1357
918 1641
918 3111
918 3632
918 3762
918 3816
919 2164
920 3275
920 3657
921 1704
921 3658
924 1230
924 2362
924 2861
924 3993
925 2961
925 3702
927 1277
927 1506
927 2078
927 3052
927 3129
927 3461
927 3472
927 3771
929 1503
931 1394
931 2642
932 1631
932 2168
933 3438
933 3474
934 2189
935 3059
935 3465
937 2180
938 3926
941 2408
942 954
945 2012
945 2696
945 2858
945 3220
945 3717
946 1598
946 2270
946 2364
946 2711
947 1785
947 2051
947 2311
947 2320
947 3100
948 1637
948 2105
950 1544
950 2087
950 3381
953 1263
953 2596
955 3715
956 1001
956 1286
956 2007
956 2250
957 3079
958 1391
958 2265
958 2809
958 2968
958 3583
959 1201
959 3204
961 1416
961 1595
961 2106
962 1290
962 1837
962 2395
962 2554
962 2636
962 2762
962 2839
963 1891
964 1668
964 2239
964 2813
964 2875
964 3096
964 3542
964 3927
966 2548
966 3773
968 1935
970 2531
970 3474
970 3604
971 3027
972 3597
974 1337
974 2572
974 2698
974 3388
978 1614
979 1091
979 3943
981 1649
983 3039
987 1174
987 1224
987 1741
987 3291
990 1866
990 2725
990 3668
997 1696
997 2697
997 3745
998 1224
998 1957
998 2029
999 2240
1000 1897
1001 2014
1001 2663
1003 1504
1003 1765
1003 2300
1003 2459
1003 2512
1003 3226
1003 3790
1004 1764
1004 1959
1004 2033
1004 3932
1005 1182
1005 1532
1005 3710
1005 3770
1006 2192
1007 2368
1011 1026
1011 1258
1011 1351
1011 1420
1011 1466
1011 1480
1011 1485
1011 1726
1011 1774
1011 2000
1011 2023
1011 2351
1011 2353
1011 2374
1011 2688
1011 2911
1011 3346
1011 3416
1016 2573
1017 1169
1017 1241
1017 1406
1017 1819
1017 2676
1017 2924
1017 2967
1017 2990
1018 2873
1021 3442
1022 1799
1023 1120
1023 1385
1024 2558
1025 1122
1025 1186
1026 2071
1026 3664
1029 1862
1029 2723
1032 1376
1032 2489
1034 1629
1034 2002
1034 2915
1034 2949
1034 3174
1034 3414
1035 2129
1038 1196
1038 1929
1038 2077
1038 2443
1041 3534
1042 1903
1042 2620
1045 2385
1046 1583
1046 1881
1046 2897
1047 1546
1051 1666
1051 1985
1051 2799
1051 3305
1055 1934
1055 2497
1055 2762
1055 3353
1056 2484
1058 1129
1059 2424
1061 2736
1061 3043
1061 3143
1061 3427
1061 3987
1063 1267
1063 1308
1063 1521
1063 1856
1063 2016
1063 3824
1063 3864
1065 3130
1066 1640
1068 2748
1069 3194
1070 1176
1070 3395
1071 2089
1072 1909
1073 1128
1074 2765
1074 3574
1076 1143
1076 1660
1076 1664
1076 2332
1076 2890
1076 3187
1076 3269
1077 2773
1077 3356
1081 1682
1081 2539
1085 1214
1085 1897
1085 1925
1085 2233
1085 2851
1085 3797
1086 1389
1086 1837
1086 2052
1086 3505
1086 3696
1087 3231
1090 2675
1093 2039
1094 1202
1097 1211
1097 1902
1101 1135
1102 3324
1102 3370
1103 2533
1104 2010
1104 2346
1104 2978
1104 3317
1104 3657
1105 1160
1106 3764
1107 3282
1108 1378
1108 1577
1108 2534
1108 3322
1109 1790
1109 2062
1112 1801
1112 1889
1112 2250
1112 2376
1112 3882
1113 1533
1113 3616
1113 3940
1115 1522
1116 1731
1116 3491
1117 3215
1120 1262
1122 3969
1123 3695
1125 1485
1125 2968
1127 3965
1128 2848
1128 3084
1129 1223
1129 1642
1129 1690
1129 2151
1129 2690
1131 3325
1134 1148
1134 2423
1134 3258
1137 1784
1138 1591
1139 1159
1139 1392
1139 2319
1140 3514
1141 3068
1143 1698
1146 1919
1146 3518
1147 2112
1147 2562
1148 1357
1149 1882
1149 3503
1150 1292
1150 1656
1154 2455
1156 1638
1156 2995
1156 3596
1157 3304
1159 2843
1161 3621
1162 3192
1163 1808
1164 1416
1164 1730
1164 1824
1164 1980
1164 2493
1164 3622
1167 2794
1169 1527
1169 3485
1170 1497
1172 1891
1172 1921
1172 2459
1172 2626
1172 3899
1175 1648
1176 2081
1179 2091
1180 2455
1181 1405
1183 2414
1183 2662
1183 3102
1184 3664
1185 1315
1186 3704
1189 2253
1189 2401
1189 2467
1189 2917
1189 3669
1192 1213
1197 2000
1198 3729
1205 1544
1205 1599
1205 1609
1205 3280
1205 3651
1206 1960
1206 2881
1210 2899
1210 3308
1210 3726
1211 2406
1212 2815
1213 2618
1215 2004
1217 2170
1217 3635
1222 2709
1222 2771
1224 1340
1224 2669
1228 1816
1228 2178
1228 3140
1228 3302
1228 3816
1229 2107
1230 3584
1232 1322
1232 1481
1232 2046
1232 2051
1232 2416
1232 2580
1232 2656
1232 3397
1232 3467
1237 1302
1237 2590
1240 2849
1242 1445
1242 1873
1242 1970
1242 2047
1242 3218
1242 3283
1243 1536
1243 1611
1243 2097
1243 2137
1243 2618
1243 2627
1245 1250
1245 1292
1245 1330
1245 3609
1248 1256
1248 2128
1248 2507
1251 1545
1252 1795
1252 3119
1254 1493
1255 3851
1256 1352
1256 1691
1256 2964
1257 2717
1257 3607
1258 2657
1258 3165
1262 3411
1262 3726
1262 3786
1263 1706
1263 2373
1264 2312
1264 3195
1265 1619
1265 2636
1265 3832
1266 2070
1266 2603
1267 1689
1267 1715
1267 1850
1267 3911
1270 2384
1271 1483
1273 2570
1275 3712
1276 1448
1276 1930
1276 2159
1276 3040
1276 3693
1276 3917
1277 1474
1277 2141
1284 1733
1284 3970
1286 1545
1287 1411
1287 1747
1287 2146
1287 3388
1289 3453
1289 3620
1291 2560
1291 2763
1291 2902
1292 1879
1293 1920
1293 2098
1293 2519
1297 1752
1297 3375
1299 3836
1302 3069
1303 2739
1304 2014
1304 2753
1307 1912
1307 2441
1308 1415
1308 2126
1308 2611
1310 1896
1310 3121
1310 3299
1310 3426
1311 2262
1311 3748
1312 1856
1313 2115
1314 2095
1316 1896
1317 3744
1318 2309
1318 2342
1319 1872
1319 3015
1320 1500
1321 1482
1321 1491
1321 1939
1321 2256
1321 2504
1321 2956
1321 3025
1325 2514
1325 2564
1330 3198
1332 3879
1335 2019
1335 2957
1337 1522
1337 1683
1337 2133
1337 2689
1338 1940
1338 2632
1338 3179
1341 1399
1341 2064
1341 2444
1341 2503
1342 3431
1348 1758
1348 2333
1349 1878
1352 1724
1352 1764
1352 2599
1352 3232
1353 2870
1353 2880
1354 1442
1354 1634
1354 2131
1356 1585
1356 2211
1356 2601
1356 2647
1356 2881
1363 1796
1364 1863
1364 1954
1364 2979
1364 2996
1364 3558
1367 1547
1367 2452
1367 2458
1367 2563
1367 2595
1367 2727
1367 3230
1367 3694
1370 2659
1370 2889
1375 1737
1375 1785
1376 1913
1377 1525
1377 3286
1379 2356
1379 2911
1379 3112
1380 1854
1381 3389
1383 2300
1384 3145
1385 2277
1385 2525
1385 3365
1387 3478
1388 2215
1388 2478
1388 2488
1391 2534
1393 2333
1393 3178
1397 3001
1397 3379
1398 1788
1398 3239
1398 3728
1398 3745
1399 2508
1399 3769
1400 1692
1400 3240
1403 2431
1405 1568
1405 3783
1406 2644
1408 1817
1408 2804
1408 3281
1408 3619
1408 3860
1411 2613
1413 2034
1415 3063
1418 2714
1418 2797
1418 3094
1418 3929
1420 1626
1420 2246
1422 2090
1422 2749
1424 1605
1424 2298
1426 1602
1426 1727
1430 2991
1431 2873
1431 3982
1432 3569
1434 3994
1436 2444
1437 1902
1439 1513
1439 1608
1439 1786
1439 3052
1440 1982
1446 3570
1447 2509
1448 2201
1448 3935
1451 3479
1452 3743
1456 2922
1461 2267
1461 2474
1461 2925
1464 2228
1465 1661
1466 1531
1466 1654
1466 3105
1467 1830
1468 2766
1471 1742
1471 2962
1471 3980
1472 1517
1473 1840
1474 3519
1477 1876
1478 2325
1478 3546
1479 1650
1479 1860
1479 2352
1479 3062
1479 3426
1482 1728
1485 1755
1485 2439
1485 2743
1485 2830
1485 3045
1489 3058
1489 3276
1490 2236
1492 1717
1494 1899
1495 3515
1496 2403
1502 2448
1503 2249
1504 2980
1507 2897
1508 2666
1508 3110
1508 3490
1510 2158
1513 3010
1514 3117
1515 1585
1515 2665
1516 3560
1520 3234
1523 1859
1527 3383
1528 3867
1530 2167
1531 2630
1531 3158
1532 3635
1535 2294
1537 2108
1539 3751
1541 1543
1542 2452
1542 2989
1543 1709
1543 2086
1543 2390
1543 3452
1547 2036
1547 2040
1547 3149
1548 1914
1548 2270
1548 3084
1548 3405
1552 1612
1552 2790
1552 2975
1557 1594
1558 1589
1559 1624
1560 3281
1560 3596
1561 1857
1561 2101
1561 3011
1563 2681
1566 3528
1567 2857
1569 2048
1572 2944
1575 2028
1575 3266
1577 2367
1579 2213
1579 2683
1583 2768
1587 2160
1587 3295
1587 3750
1589 2298
1589 3177
1590 1987
1590 2327
1590 3011
1590 3500
1590 3852
1590 3919
1591 1781
1591 2120
1597 1684
1603 1845
1603 2324
1603 3425
1605 1721
1605 2184
1608 2304
1608 2994
1608 3874
1609 2158
1609 2953
1609 3170
1609 3241
1610 2729
1610 3943
1611 1617
1612 1660
1612 1664
1612 2497
1612 2663
1613 3415
1616 3237
1616 3253
1616 3914
1617 2369
1618 1847
1618 3351
1619 2532
1619 2763
1619 3018
1620 1852
1621 2507
1628 2253
1629 2331
1631 2074
1631 3900
1634 3642
1635 3557
1636 3301
1638 2347
1638 2500
1638 3496
1640 2479
1640 2786
1641 2918
1641 3347
1642 2205
1642 2420
1642 3336
1643 1690
1645 2956
1645 3115
1645 3679
1646 1771
1647 2068
1650 2887
1650 3904
1652 3819
1653 1876
1653 1877
1653 2012
1653 2269
1653 2879
1653 3418
1654 3173
1654 3641
1655 3429
1655 3866
1657 3359
1658 2154
1658 2234
1658 2996
1660 3458
1662 1994
1662 3394
1663 3768
1664 2174
1664 2629
1664 2760
1664 2998
1664 3309
1664 3521
1664 3650
1666 3487
1668 3942
1670 1867
1671 2385
1673 3440
1673 3835
1674 2102
1677 1926
1677 2302
1677 3004
1677 3278
1678 3625
1679 2668
1681 2824
1683 3098
1683 3779
1684 2119
1687 2133
1687 2853
1687 3820
1690 2947
1691 1789
1691 2831
1691 3077
1693 3461
1694 3108
1694 3109
1696 2650
1698 2132
1698 2462
1701 1899
1705 1836
1705 2993
1705 3964
1708 1987
1708 2079
1712 2364
1712 2671
1713 2563
1716 2644
1718 2907
1720 3820
1722 2011
1722 2557
1723 3384
1724 3458
1724 3731
1724 3844
1725 3075
1726 2292
1726 3857
1728 1853
1728 1874
1728 2150
1728 3832
1728 3981
1730 2552
1733 2059
1733 2508
1733 3235
1737 3255
1737 3926
1739 2738
1740 3600
1740 3868
1742 1777
1743 2233
1743 2437
1743 2778
1743 2792
1743 3369
1747 1748
1747 2073
1747 2545
1750 2872
1750 3535
1751 2234
1751 3738
1751 3889
1752 1871
1752 1983
1753 3938
1754 3148
1756 3018
1757 2976
1759 1990
1759 3439
1759 3853
1760 2216
1760 3469
1761 2751
1761 3363
1762 2730
1764 3030
1764 3175
1768 1922
1768 2168
1768 2931
1768 3182
1768 3205
1777 2846
1779 2357
1785 2865
1789 1976
1789 3399
1789 3824
1789 3846
1791 2823
1792 2190
1794 3552
1794 3754
1795 2566
1795 2887
1795 3091
1795 3540
1796 2822
1797 2731
1799 3095
1799 3716
1800 2854
1801 2885
1806 3273
1808 2338
1809 2949
1809 3536
1809 3549
1814 3528
1817 2317
1818 3925
1820 2760
1820 3717
1822 2129
1823 3540
1825 2634
1825 2845
1825 3739
1831 2903
1832 2093
1832 2389
1835 3498
1836 2815
1841 2861
1841 3748
1844 3262
1844 3672
1846 3065
1846 3238
1847 2988
1848 3976
1851 2829
1852 2096
1861 3518
1865 1986
1865 3261
1866 3118
1866 3957
1868 3055
1870 2732
1872 1964
1872 2361
1872 3581
1873 3330
1875 2661
1875 2910
1876 2818
1877 3167
1877 3708
1878 2218
1881 2549
1882 1885
1882 2748
1883 2200
1885 2950
1885 3858
1891 2181
1895 2109
1895 3092
1896 3880
1903 3492
1904 3637
1906 3560
1908 2483
1908 3386
1910 2099
1911 2314
1915 1947
1915 3335
1915 3981
1917 2559
1917 3098
1919 3298
1923 2136
1923 3972
1928 2217
1929 2296
1936 2925
1940 2451
1940 2633
1940 2645
1940 2836
1942 2021
1942 2366
1943 3833
1947 2958
1949 2521
1951 2468
1951 3113
1957 2684
1958 2854
1960 2540
1960 3042
1964 2588
1965 3691
1965 3721
1969 2594
1969 3466
1972 2685
1972 3314
1974 3037
1975 3339
1976 2197
1977 3955
1978 3965
1980 2893
1983 2011
1986 2155
1989 2345
1989 2548
1989 3025
2000 2390
2000 2422
2000 3697
2000 3805
2003 3108
2003 3690
2004 2383
2004 2425
2004 2856
2009 2329
2009 3352
2019 2084
2019 3417
2019 3644
2020 2125
2024 3998
2027 3377
2033 2731
2038 2879
2038 3435
2041 3209
2041 3268
2043 3136
2045 2847
2052 3484
2053 3223
2055 2397
2055 3345
2056 2090
2058 2317
2058 2380
2058 3977
2059 2264
2059 3845
2059 3878
2062 2222
2063 2446
2077 3427
2078 2135
2082 3092
2085 2528
2085 3406
2088 3354
2092 2916
2096 3225
2097 2378
2097 3122
2099 2997
2099 3468
2100 2162
2100 2207
2101 2357
2101 2593
2101 3602
2104 3613
2105 2391
2117 2354
2119 3448
2124 2328
2124 3367
2128 2291
2128 2833
2131 2909
2131 3191
2135 3236
2138 2389
2141 2556
2142 3047
2146 3032
2147 3123
2148 3704
2151 3869
2152 3293
2153 2883
2155 2827
2155 3290
2155 3794
2156 3009
2157 3835
2161 2681
2164 3126
2168 2891
2175 2438
2176 3089
2177 3668
2178 2902
2180 3796
2180 3846
2181 2804
2181 2811
2181 3247
2181 3396
2181 3626
2181 3646
2183 3313
2188 3538
2190 2346
2192 3721
2195 2946
2199 3380
2199 3503
2201 3153
2201 3418
2202 2241
2203 3158
2204 2210
2204 2263
2204 3572
2205 2427
2205 2555
2205 2867
2207 2705
2208 2304
2209 3376
2210 2886
2211 2410
2211 2492
2212 2561
2212 2981
2213 3217
2215 2724
2218 2529
2219 3462
2222 2307
2231 3063
2231 3501
2231 3862
2234 2679
2234 3524
2237 2374
2237 3189
2237 3319
2239 3259
2239 3829
2244 2776
2244 3402
2248 3921
2249 3684
2253 2954
2258 3437
2268 2297
2268 3053
2274 3734
2275 2808
2275 3351
2276 3561
2277 3119
2279 2375
2279 3667
2281 2709
2283 2474
2286 3310
2286 3974
2287 2377
2287 3315
2289 3072
2290 2631
2291 3817
2292 2673
2296 3961
2301 2798
2303 3349
2308 2677
2308 3682
2309 3742
2314 2675
2314 2951
2320 2962
2320 3581
2322 2358
2322 3007
2328 2884
2331 3931
2332 2638
2332 3136
2332 3441
2343 2802
2351 3579
2355 2420
2355 3071
2355 3687
2366 3481
2368 3152
2368 3576
2375 2686
2377 2908
2379 2617
2379 3139
2380 2540
2400 2595
2401 3293
2401 3441
2407 3364
2407 3434
2410 3541
2423 3131
2433 3894
2452 3387
2453 2503
2455 2592
2455 3307
2458 2526
2459 3057
2462 3763
2463 2633
2463 3080
2463 3932
2464 3124
2467 3941
2471 2737
2471 3168
2471 3336
2472 2504
2472 3595
2472 3678
2472 3718
2473 2523
2473 3313
2473 3374
2474 3272
2475 3565
2479 3580
2485 3747
2486 2845
2487 3971
2495 3090
2501 2576
2501 3254
2501 3316
2502 2600
2504 3342
2512 3936
2513 3148
2513 3638
2513 3826
2514 2721
2519 3784
2521 2703
2521 3999
2534 3963
2535 3101
2539 3276
2540 2928
2540 3667
2542 3826
2543 2855
2543 3559
2544 3689
2547 3537
2552 3952
2556 3530
2558 2713
2559 3078
2560 2823
2560 3283
2560 3595
2560 3652
2564 2983
2572 2903
2574 3186
2575 2886
2578 3889
2583 3205
2586 3467
2587 3956
2592 3419
2593 3760
2594 2755
2603 3041
2610 2841
2613 2711
2616 3509
2619 3654
2619 3757
2623 3008
2624 2951
2626 2841
2626 3575
2628 2934
2630 3838
2630 3848
2634 3767
2639 3916
2640 2772
2644 3207
2644 3631
2644 3815
2647 3193
2647 3358
2647 3879
2649 3684
2650 3053
2658 2728
2662 2733
2663 3724
2664 2697
2664 3468
2665 3334
2670 3621
2677 3993
2684 2938
2698 3044
2703 3209
2704 3382
2706 3609
2715 3029
2721 2738
2721 3114
2722 2979
2725 3865
2732 3213
2732 3506
2734 3133
2737 3807
2745 3214
2745 3781
2747 3244
2750 3978
2759 3440
2762 3898
2766 3886
2768 3890
2775 3083
2775 3539
2775 3944
2782 3206
2783 3252
2789 3247
2790 3960
2796 3362
2807 3147
2807 3362
2808 3355
2813 3213
2829 2930
2830 3527
2834 3735
2843 2987
2843 3740
2846 3777
2856 2928
2857 3817
2859 3805
2859 3818
2860 3147
2873 3228
2882 3116
2883 3199
2885 3380
2885 3722
2891 3573
2891 3800
2896 3215
2907 3933
2909 3477
2928 3038
2928 3529
2931 3686
2931 3928
2936 3663
2937 3323
2942 2946
2942 3875
2953 3369
2965 3391
2967 3470
2967 3542
2967 3610
2968 3391
2971 3284
2980 3355
3002 3203
3002 3812
3003 3919
3014 3016
3016 3749
3027 3087
3032 3372
3032 3374
3036 3361
3043 3162
3044 3376
3045 3219
3046 3435
3053 3356
3057 3208
3059 3344
3066 3120
3070 3855
3072 3632
3084 3150
3085 3494
3087 3364
3088 3146
3089 3531
3092 3252
3092 3586
3096 3403
3097 3401
3097 3419
3098 3112
3100 3728
3107 3613
3110 3914
3127 3359
3130 3167
3130 3202
3136 3982
3140 3802
3145 3636
3155 3182
3155 3378
3163 3580
3170 3825
3183 3282
3184 3796
3198 3457
3206 3678
3224 3618
3239 3582
3243 3634
3246 3480
3255 3959
3256 3397
3260 3326
3275 3444
3278 3392
3278 3746
3289 3401
3289 3699
3295 3499
3299 3843
3306 3553
3312 3675
3313 3948
3318 3863
3321 3845
3330 3618
3330 3791
3330 3798
3344 3600
3357 3986
3358 3643
3381 3952
3395 3552
3407 3575
3432 3929
3433 3878
3467 3972
3483 3564
3484 3858
3495 3508
3506 3934
3541 3578
3545 3579
3548 3808
3552 3577
3555 3801
3586 3916
3600 3883
3604 3714
3607 3873
3667 3953
3726 3811
3782 3881
3844 3966
3845 3975
3913 3996
