0 35
0 660
0 893
1 509
1 919
2 661
2 701
2 968
3 19
3 466
3 510
3 653
3 905
4 151
4 180
4 896
5 195
6 111
6 146
6 231
7 384
7 596
7 747
7 763
7 819
7 838
7 950
8 325
8 475
8 510
8 929
9 224
9 467
10 80
10 288
10 617
10 797
11 220
11 246
11 295
11 773
11 893
11 910
12 35
12 324
12 367
12 532
12 912
13 189
13 397
13 449
13 876
14 267
14 278
14 435
14 520
15 222
15 284
15 436
15 739
16 351
17 157
17 468
17 484
18 350
18 995
19 503
19 794
19 839
20 233
21 280
21 315
21 477
23 131
23 222
23 225
23 365
23 425
23 585
23 945
24 51
24 63
25 585
25 795
26 333
26 464
26 783
26 922
28 591
28 797
29 512
29 861
29 899
30 214
30 639
30 887
31 355
31 952
31 982
32 104
32 626
32 695
33 72
33 434
34 277
34 373
34 832
34 846
34 900
35 424
35 595
35 686
35 816
35 894
36 70
36 74
36 369
36 374
36 603
36 966
37 260
37 975
38 280
38 411
38 473
39 218
39 228
39 538
39 860
39 871
40 160
40 594
40 697
40 749
41 700
41 780
41 902
41 988
42 84
42 210
42 407
42 413
42 827
43 122
43 228
43 413
43 576
43 712
43 740
43 832
44 117
44 251
44 261
44 277
44 364
44 468
44 590
44 810
45 157
45 466
45 647
46 298
46 442
46 526
47 81
47 201
47 366
47 628
47 659
47 692
47 708
47 953
48 376
48 595
48 667
48 835
49 345
49 434
49 468
49 545
49 554
49 613
50 114
50 482
50 743
50 960
51 572
52 361
52 519
52 763
52 882
52 965
53 54
53 62
53 237
53 300
53 444
53 922
54 296
54 725
54 837
54 904
55 215
55 943
56 339
56 699
57 145
57 444
57 704
57 868
58 256
58 295
58 567
58 674
58 767
58 891
58 988
59 111
59 256
59 276
59 519
59 830
59 877
60 177
60 530
60 533
60 826
60 871
60 890
61 255
61 735
61 782
62 145
62 394
62 440
63 64
63 67
63 279
63 711
64 299
64 491
65 448
65 784
65 883
66 125
66 582
66 644
67 81
67 445
67 480
67 731
67 924
68 201
69 141
69 440
69 523
69 857
70 77
70 445
70 566
71 165
71 626
71 872
71 968
72 500
72 800
72 985
73 400
73 416
73 542
73 587
73 894
74 347
74 408
74 507
75 99
75 199
75 332
75 447
76 97
76 218
76 364
76 781
76 978
77 147
77 265
77 275
77 401
77 470
78 106
78 381
78 871
78 910
79 321
79 358
79 468
79 686
80 993
81 608
81 948
82 123
82 477
82 921
83 509
83 761
83 941
83 966
84 139
84 153
84 330
84 483
84 798
84 870
84 996
85 675
85 883
86 322
86 723
86 997
86 998
87 102
87 155
87 180
87 915
87 958
88 427
88 542
89 108
89 426
89 787
89 897
90 603
91 594
91 642
92 271
92 314
93 338
93 388
93 522
93 615
93 940
95 179
95 200
95 315
95 322
95 603
95 760
96 125
96 414
96 730
96 923
96 963
97 560
97 862
97 976
98 215
98 577
98 719
98 751
99 333
99 339
99 454
99 577
100 162
100 273
100 734
100 812
101 169
101 346
101 626
102 138
102 169
102 256
102 296
102 680
102 728
103 128
103 396
103 726
103 785
103 889
103 908
104 749
104 851
105 888
106 262
106 542
106 657
106 721
107 388
107 751
108 135
108 312
108 455
108 660
108 876
108 945
109 175
109 936
110 140
110 336
110 436
110 444
110 577
110 808
110 885
110 923
111 249
111 394
111 512
111 620
111 625
111 749
111 941
112 560
112 645
112 682
112 864
113 396
114 534
114 636
115 572
115 828
115 868
116 611
116 621
116 805
116 907
117 575
117 581
117 921
118 156
118 438
118 491
118 891
119 128
119 201
119 249
119 427
119 662
119 829
120 966
120 985
121 353
121 558
121 896
122 343
122 411
122 751
123 606
124 338
124 839
126 191
126 492
126 760
127 154
127 380
127 389
127 468
127 500
127 816
128 171
128 285
129 244
129 385
129 498
129 642
129 997
130 136
130 203
130 390
130 540
130 608
130 807
130 927
131 494
131 525
131 667
131 805
131 816
131 948
132 254
132 402
132 584
132 585
132 591
133 305
133 989
134 193
134 290
134 605
134 641
134 694
134 945
135 288
135 431
135 582
135 826
136 314
136 316
136 367
136 761
136 804
136 929
137 334
137 756
137 949
138 623
138 640
138 736
138 752
138 770
138 791
139 811
139 820
139 853
140 316
140 495
141 144
141 213
141 308
141 339
141 403
141 469
141 626
141 785
142 255
142 389
143 225
143 279
143 695
144 790
144 907
145 205
145 410
145 648
145 711
145 750
146 842
147 385
147 450
147 612
147 650
147 885
148 969
149 198
149 257
149 387
149 828
149 853
150 382
150 829
150 950
151 617
151 912
152 422
152 459
152 638
152 682
153 509
153 806
153 813
154 173
154 474
154 487
154 505
154 725
154 826
155 448
155 557
155 564
155 707
155 855
155 911
156 379
156 526
156 869
156 984
157 644
157 722
157 826
157 871
157 983
158 232
158 933
159 425
160 983
161 241
161 306
161 599
161 672
161 712
161 881
162 164
163 447
163 978
164 320
164 453
164 556
164 726
164 757
165 341
165 652
166 353
166 478
167 291
167 772
167 788
168 199
168 703
170 599
170 918
170 965
170 997
171 644
171 983
172 403
172 686
172 917
173 199
173 540
173 672
174 269
174 414
174 702
174 802
174 916
174 993
175 348
175 473
175 544
176 207
176 259
176 514
177 377
177 528
178 472
179 915
180 348
180 688
180 846
181 189
181 252
181 820
182 546
182 631
183 265
183 578
184 307
184 938
185 293
185 311
185 357
185 705
185 772
185 827
185 896
186 942
187 564
187 918
188 204
188 879
189 601
190 257
191 359
191 538
191 625
191 980
192 595
192 706
192 926
193 242
193 647
193 710
194 263
194 373
194 587
194 797
194 897
196 500
196 795
196 841
197 254
197 733
199 550
199 556
199 635
199 797
199 869
200 201
200 247
200 783
200 805
201 349
201 405
201 410
201 656
201 904
202 378
202 669
202 836
202 928
202 995
203 234
203 493
204 372
204 765
204 802
205 430
205 562
206 387
206 743
206 851
207 417
207 647
207 659
207 897
208 533
208 856
209 291
209 442
209 481
209 942
210 243
210 529
210 635
210 683
210 747
211 448
211 495
211 605
211 975
212 629
212 745
213 239
213 273
213 314
213 385
213 679
213 781
213 846
213 913
214 377
214 839
215 705
216 370
216 589
216 695
217 346
217 541
217 640
217 862
218 282
218 757
219 443
219 452
219 476
219 925
220 442
221 432
221 489
221 674
221 741
221 984
222 368
222 989
223 700
223 787
223 851
223 881
224 282
224 298
224 583
224 613
225 260
225 321
225 561
225 959
226 418
226 802
226 812
226 937
227 808
227 941
227 942
228 303
228 654
229 249
229 260
229 321
229 488
229 522
229 541
229 607
229 689
229 881
229 990
230 868
230 953
231 423
231 567
231 665
231 819
232 304
232 559
232 564
232 782
232 843
233 242
233 316
233 535
233 742
233 861
234 290
234 850
234 941
235 251
235 519
235 739
235 811
236 313
236 866
236 884
237 460
237 653
237 679
237 930
238 823
238 952
239 309
239 445
240 655
240 975
241 247
241 506
241 551
241 820
241 877
242 278
242 295
242 454
242 616
243 378
243 462
243 559
243 594
243 677
243 842
244 493
245 314
245 720
245 934
245 971
245 997
246 432
246 567
246 736
246 854
246 900
247 555
248 734
249 346
249 684
249 813
249 862
249 921
250 313
250 535
250 785
250 924
250 983
251 551
251 690
251 732
251 763
251 902
251 940
252 264
252 392
252 554
252 567
252 717
252 776
253 567
253 575
253 623
254 554
254 600
254 996
255 265
255 290
255 335
255 957
256 538
256 918
257 670
257 851
258 306
258 344
258 353
258 644
259 667
260 348
260 416
260 680
261 456
261 503
261 618
262 318
262 323
262 394
263 432
263 842
263 948
264 645
264 727
264 965
264 989
265 417
265 436
265 806
265 932
266 328
266 430
266 549
266 629
266 755
267 441
267 611
268 443
268 681
268 859
269 523
269 647
269 672
269 699
269 971
269 986
270 635
270 662
270 817
270 854
270 874
270 921
271 670
271 939
272 320
272 408
272 469
272 827
273 513
273 520
273 770
273 913
274 275
274 278
274 685
274 941
275 336
275 429
275 430
275 533
275 564
275 821
275 918
277 381
277 765
278 451
278 737
278 929
278 966
278 975
279 511
279 643
279 751
279 926
280 507
281 300
281 520
281 712
281 739
281 846
281 927
281 990
282 283
282 609
282 810
282 888
283 333
283 366
284 520
285 486
285 770
285 821
287 394
287 479
288 384
288 415
288 730
288 761
288 932
288 944
289 345
289 731
289 833
289 909
290 375
291 599
291 842
292 858
292 865
293 550
294 812
294 898
295 409
295 434
295 715
295 780
295 865
296 335
296 410
296 729
296 905
297 386
297 409
297 507
297 862
297 898
298 391
298 479
298 890
299 757
300 611
300 981
301 710
302 756
302 808
302 969
302 989
302 994
303 698
303 797
303 836
304 622
305 381
305 520
305 579
305 675
306 628
306 742
306 954
308 385
308 396
308 761
308 802
309 333
309 737
310 416
311 435
311 933
312 371
312 437
312 504
312 898
313 367
313 458
313 837
314 939
314 975
315 518
317 612
317 863
317 949
318 352
318 364
318 373
318 382
318 414
318 549
318 554
319 565
319 670
319 711
319 969
319 996
320 441
320 677
320 899
321 472
321 703
321 985
322 353
322 812
323 389
323 575
323 791
323 906
325 471
325 743
325 827
326 364
326 654
326 763
327 668
327 956
328 735
328 869
328 890
328 958
329 411
329 584
329 620
329 638
329 997
330 831
331 492
331 738
331 923
332 572
332 695
333 490
333 875
334 389
334 622
335 728
335 867
337 394
337 428
337 679
337 688
338 396
338 659
338 759
338 952
339 749
339 809
339 905
340 518
341 551
341 617
341 837
341 928
342 494
342 546
342 634
342 951
343 367
343 808
343 821
343 904
344 654
344 724
345 536
346 692
347 354
347 530
347 581
347 830
348 379
348 662
349 377
349 430
349 604
349 681
349 954
350 443
350 513
350 784
351 357
351 803
351 914
351 981
352 811
353 601
353 715
353 723
353 813
354 705
355 434
355 763
356 901
357 625
357 735
357 820
358 554
358 659
358 724
358 785
359 712
359 932
360 535
360 612
360 771
360 785
361 763
361 777
362 469
362 513
362 579
362 642
362 662
362 741
362 754
363 641
364 406
364 818
364 827
364 859
364 953
365 498
365 835
366 850
366 933
367 810
368 385
368 657
369 502
370 406
370 505
371 469
371 965
371 980
372 591
372 746
372 856
373 482
373 767
374 471
374 682
374 965
374 970
375 661
375 883
378 858
378 996
379 451
379 667
380 794
380 983
381 582
381 618
381 675
381 727
382 861
382 914
383 508
383 594
383 953
384 388
384 570
384 972
385 563
385 676
385 763
386 451
386 718
387 984
388 443
388 716
389 512
389 520
389 579
389 988
390 495
390 677
391 556
391 973
392 463
392 480
392 591
392 957
393 498
393 915
394 399
394 483
394 704
395 482
395 736
395 878
396 585
396 610
398 467
399 545
399 643
399 812
400 498
400 562
400 896
401 444
401 445
401 515
401 634
401 674
401 822
401 902
401 950
401 960
401 963
402 722
402 828
402 977
403 871
404 679
404 785
404 843
405 558
405 782
405 879
407 916
408 505
408 587
408 808
409 610
409 747
409 983
410 607
411 534
411 701
411 830
412 528
412 747
412 895
412 975
413 870
414 951
415 931
416 471
416 477
416 806
416 813
416 839
416 841
417 667
417 785
417 834
418 622
419 586
419 979
420 512
420 684
420 709
420 740
420 757
420 831
420 960
421 579
422 524
422 841
422 952
422 993
423 853
424 460
424 817
424 832
424 964
425 658
426 661
426 746
427 740
428 469
428 693
428 930
428 973
429 880
430 457
430 717
430 799
430 857
430 868
430 915
431 646
431 856
431 888
432 457
432 510
432 741
432 773
433 652
433 850
434 662
434 872
435 438
435 746
435 875
436 481
436 789
437 808
437 868
438 680
438 959
440 766
440 818
441 651
442 597
442 631
442 699
443 660
443 740
443 790
444 765
446 835
446 905
447 508
447 579
447 660
447 847
449 677
449 913
449 945
449 976
450 511
450 659
450 907
450 987
451 502
452 626
452 664
452 724
453 513
453 547
453 623
453 894
453 917
454 501
454 550
454 836
454 949
455 592
455 857
455 881
456 477
456 546
456 552
457 470
457 616
457 752
458 852
458 901
460 513
460 698
460 738
460 915
461 575
461 810
462 777
462 850
463 739
463 966
464 801
464 922
465 926
466 927
468 495
468 572
468 676
468 796
469 521
469 622
469 655
469 779
470 496
471 485
471 919
472 584
472 669
472 854
473 711
474 507
474 715
474 785
474 831
474 879
475 523
476 534
476 637
476 901
477 643
477 795
477 804
478 543
478 648
479 552
479 744
479 914
480 703
480 842
481 669
481 702
481 743
482 713
482 747
483 509
483 798
483 890
485 558
485 609
485 640
485 718
486 494
486 516
486 631
486 786
486 901
486 949
486 966
487 868
488 759
488 762
488 894
489 551
489 761
489 842
489 984
489 996
490 705
491 702
491 729
491 883
491 969
491 976
492 853
493 848
494 623
494 899
494 962
495 654
496 686
497 941
498 713
498 722
498 755
498 825
498 840
498 915
498 993
499 542
499 721
499 874
500 636
500 780
500 827
501 556
501 600
501 994
502 624
502 767
502 838
502 981
503 606
504 545
504 714
504 899
504 913
504 960
505 754
506 620
506 655
506 760
507 558
507 691
507 951
508 665
509 595
509 696
509 821
510 740
511 642
513 545
513 649
515 516
515 843
515 966
516 526
516 901
517 817
518 690
518 732
518 774
518 786
518 894
519 793
520 603
520 802
521 840
521 929
521 978
522 935
523 559
523 602
523 769
523 788
524 944
525 685
526 669
526 764
526 916
526 991
527 748
527 762
527 821
527 939
527 976
529 530
529 654
529 725
530 861
531 636
531 714
532 725
532 762
532 860
533 589
533 677
534 627
534 814
535 615
535 703
536 826
537 925
538 624
538 943
539 908
539 959
540 590
540 618
540 671
540 815
540 893
541 948
542 769
543 794
543 978
543 996
545 560
545 619
545 787
546 590
546 604
547 695
547 947
548 933
549 634
550 608
550 683
550 760
551 643
552 684
552 747
553 613
553 624
553 630
553 976
554 604
554 798
555 580
555 891
557 612
557 770
557 961
558 917
559 716
559 747
559 860
559 867
560 731
560 765
562 622
562 788
564 668
565 740
566 677
566 786
566 903
567 607
567 657
567 736
568 579
568 836
569 641
569 695
569 977
569 999
570 614
570 830
570 982
571 655
572 808
572 980
573 705
574 728
574 780
574 839
575 738
575 968
577 828
577 837
577 866
578 645
578 684
579 763
579 885
579 973
581 600
582 633
582 666
582 969
582 974
583 778
583 860
584 622
584 729
585 588
585 860
585 911
586 616
586 840
588 703
588 782
588 965
590 647
590 820
591 678
591 931
591 969
591 980
592 764
592 833
592 926
592 960
593 731
593 827
594 599
594 775
594 880
595 614
598 625
599 695
599 727
599 772
599 859
600 832
600 894
601 769
602 732
602 972
603 789
603 828
603 898
604 867
605 679
605 770
605 884
606 858
607 674
607 691
607 918
607 947
608 698
608 707
608 715
608 985
610 836
610 861
610 872
610 919
611 841
611 898
612 749
612 893
613 629
613 744
613 887
614 697
614 873
615 979
616 945
617 697
617 846
618 656
618 924
618 964
619 985
620 770
620 850
621 720
621 802
622 793
622 816
622 886
623 646
623 698
624 774
625 877
626 713
626 733
627 813
627 817
629 856
631 873
632 672
633 887
634 663
634 756
634 803
634 986
636 653
636 673
636 735
636 814
636 864
636 981
637 871
637 922
638 641
639 927
640 655
640 724
640 729
640 911
642 925
642 946
644 725
644 818
645 866
646 816
648 820
648 922
649 791
651 704
651 950
652 683
653 727
653 945
654 670
654 984
657 705
658 712
661 669
662 779
663 665
663 805
665 744
665 857
666 699
666 772
666 844
666 907
667 732
667 779
667 959
667 991
668 946
668 969
669 920
670 673
671 691
671 851
671 910
673 999
674 782
674 859
675 725
675 796
675 924
675 931
677 765
678 768
678 824
678 942
683 741
683 826
685 973
687 755
687 804
688 970
689 999
690 861
693 751
693 834
693 902
693 931
695 750
697 787
698 895
699 888
701 957
702 862
702 951
703 869
704 718
704 834
707 776
707 924
709 751
710 980
711 824
711 828
711 835
713 768
713 861
715 823
716 736
717 948
717 981
718 750
719 826
720 914
721 813
721 821
722 758
722 865
723 973
725 752
726 950
727 791
727 939
728 934
729 750
731 856
731 942
731 989
732 802
732 837
733 770
734 879
734 959
735 886
735 993
736 897
736 951
740 906
742 783
742 892
743 897
744 997
745 824
745 870
749 754
750 815
750 959
751 815
751 848
751 880
753 797
753 824
753 890
753 931
754 837
755 797
755 973
756 961
756 998
758 974
759 975
759 994
761 808
761 955
762 872
762 941
763 913
764 854
769 836
769 861
771 979
772 954
773 975
775 794
776 874
776 996
777 930
779 908
780 791
780 837
781 915
783 953
784 828
785 818
786 836
787 955
788 863
789 950
792 879
793 960
794 807
794 818
794 858
796 980
797 969
798 813
798 936
800 811
800 919
801 812
802 837
802 979
803 910
806 833
807 889
808 809
808 931
809 889
810 914
811 935
812 888
812 989
814 888
817 969
819 832
823 855
827 906
827 943
829 955
830 855
834 891
839 853
839 958
839 998
841 936
847 959
855 880
855 994
856 955
859 914
865 947
869 875
876 984
877 998
881 888
881 919
881 956
883 904
883 942
888 930
888 947
889 974
890 965
892 983
893 976
897 965
899 950
899 977
900 911
901 996
902 986
904 908
904 943
904 959
904 988
905 988
906 908
907 990
914 968
923 960
931 985
932 987
934 942
935 957
939 999
941 985
941 998
942 957
945 988
950 999
959 977
972 987
976 991
981 996
983 999
