0 24
1 25
2 3
2 26
3 4
4 5
4 28
5 6
6 7
9 10
9 33
10 11
10 34
11 12
11 35
12 13
12 36
13 14
13 37
14 15
14 38
15 16
16 17
17 18
18 42
19 20
19 43
20 21
20 44
21 22
21 45
23 47
24 25
24 48
25 26
26 27
26 50
27 51
29 30
30 31
30 54
31 32
32 56
33 34
33 57
34 35
34 58
35 36
35 59
36 37
37 38
37 61
38 39
38 62
39 40
41 42
41 65
42 66
43 44
43 67
46 47
46 70
48 49
49 50
49 73
50 51
51 75
52 76
53 54
53 77
54 78
55 56
55 79
56 57
56 80
58 82
59 83
60 84
61 85
62 63
63 87
64 65
65 66
65 89
66 67
66 90
69 70
69 93
70 71
71 95
72 73
72 96
74 75
76 100
77 78
78 79
79 80
79 103
80 81
80 104
81 82
81 105
82 83
82 106
83 84
83 107
84 85
85 86
85 109
86 87
86 110
88 112
89 90
89 113
90 91
91 92
91 115
92 93
93 94
93 117
94 95
95 119
96 97
97 121
98 99
98 122
99 100
100 101
101 125
102 103
102 126
103 127
104 105
104 128
105 106
105 129
106 107
106 130
107 131
108 109
108 132
109 110
111 112
113 114
114 115
114 138
116 117
117 118
117 141
118 119
118 142
120 121
121 122
121 145
122 146
123 147
124 148
126 127
126 150
127 128
128 129
128 152
129 130
129 153
130 131
130 154
131 132
132 133
133 134
133 157
134 135
134 158
135 136
135 159
137 161
140 164
141 142
142 143
143 167
144 168
145 146
145 169
146 170
147 148
147 171
148 172
149 150
150 151
150 174
151 152
151 175
152 176
153 154
154 178
155 179
156 157
158 182
159 160
160 161
160 184
161 162
162 163
163 187
164 188
165 166
166 167
166 190
168 169
168 192
169 170
170 171
172 173
174 175
174 198
175 176
175 199
177 201
178 179
178 202
179 180
179 203
180 181
180 204
182 183
182 206
183 184
183 207
184 208
185 186
186 187
187 188
187 211
188 189
189 213
190 191
190 214
191 215
192 193
192 216
193 194
193 217
194 218
195 219
197 221
198 222
199 200
199 223
200 201
201 225
202 203
203 204
207 208
208 232
209 233
210 211
210 234
211 212
211 235
212 213
212 236
213 237
214 215
215 239
216 217
216 240
217 218
218 219
218 242
219 243
220 221
220 244
221 245
222 223
223 224
223 247
225 226
225 249
226 227
226 250
227 228
227 251
228 229
229 230
230 231
231 232
232 233
232 256
233 234
234 235
234 258
235 236
236 237
236 260
237 238
240 264
241 265
244 245
244 268
245 246
245 269
246 247
246 270
247 271
248 272
249 273
250 251
251 252
251 275
252 253
253 277
254 278
255 256
256 257
256 280
257 258
257 281
258 259
258 282
259 260
259 283
261 285
264 288
265 289
266 267
266 290
267 268
267 291
268 269
268 292
269 270
269 293
270 271
270 294
271 272
271 295
274 298
275 299
277 278
279 280
280 281
281 282
281 305
282 283
283 284
283 307
284 308
285 286
286 287
286 310
289 290
290 314
291 292
291 315
292 293
292 316
293 294
295 296
296 297
297 298
299 300
300 301
300 324
301 302
301 325
302 303
303 304
303 327
304 305
304 328
305 329
306 307
306 330
307 308
307 331
308 309
308 332
309 310
309 333
312 313
313 314
313 337
314 315
315 339
316 317
318 319
319 343
320 344
321 322
321 345
322 346
323 347
324 325
324 348
325 326
326 327
327 351
328 352
329 330
329 353
330 331
331 332
331 355
332 333
333 334
334 335
334 358
335 359
337 338
338 339
338 362
339 340
340 341
340 364
341 365
342 366
343 344
344 368
346 347
346 370
347 348
347 371
348 372
349 373
350 374
352 376
353 377
354 355
355 356
355 379
356 380
357 358
357 381
360 384
361 362
361 385
362 363
362 386
363 364
365 366
366 390
367 391
368 369
370 371
371 372
372 373
372 396
373 374
374 398
376 377
376 400
377 401
379 403
382 383
382 406
383 407
384 385
384 408
385 386
385 409
386 387
386 410
387 388
388 389
388 412
389 390
390 391
391 392
391 415
393 394
394 395
395 396
395 419
396 397
397 398
397 421
398 399
398 422
399 423
400 424
401 402
404 405
404 428
406 407
406 430
407 431
408 432
410 411
411 412
411 435
412 436
413 414
413 437
414 415
414 438
415 416
415 439
416 417
417 441
418 419
419 443
420 421
420 444
422 423
422 446
423 424
423 447
424 448
425 426
426 427
428 452
429 430
432 456
433 457
434 458
435 436
437 461
438 462
439 440
439 463
440 464
441 465
442 443
442 466
443 467
444 468
446 470
447 448
448 449
449 450
449 473
450 451
450 474
451 452
453 454
453 477
454 455
456 457
456 480
457 481
458 459
458 482
459 460
459 483
460 484
461 485
463 487
464 465
465 466
466 490
467 491
468 469
468 492
469 470
469 493
470 471
471 472
471 495
474 475
474 498
475 476
476 477
476 500
477 501
479 503
481 482
481 505
483 484
483 507
484 485
484 508
485 486
487 488
488 489
488 512
489 513
490 514
491 515
492 493
492 516
493 494
494 495
494 518
496 497
496 520
497 521
498 499
499 500
500 501
500 524
501 502
502 503
502 526
504 505
506 507
506 530
507 508
507 531
508 532
509 510
510 511
511 535
512 513
512 536
513 514
513 537
514 515
514 538
515 516
516 517
516 540
517 541
519 520
519 543
520 544
521 545
522 523
522 546
523 524
524 525
525 526
526 527
526 550
527 551
528 529
528 552
530 554
531 532
532 533
533 534
533 557
534 535
534 558
535 559
536 537
536 560
537 561
539 540
539 563
540 541
540 564
541 542
541 565
542 566
543 544
543 567
544 545
545 569
546 547
546 570
547 548
548 549
550 574
551 575
553 554
554 555
556 557
557 558
563 564
564 565
568 569
570 571
572 573
573 574
