0 67
0 73
0 75
1 5
1 19
1 35
1 47
1 86
1 122
2 11
2 42
2 104
2 106
3 4
3 16
3 33
3 52
3 62
3 106
4 50
4 57
4 72
4 80
4 96
4 104
5 64
5 74
5 97
6 57
6 98
7 11
7 17
8 88
8 112
9 12
10 32
10 120
11 16
11 24
11 71
12 29
12 35
12 78
12 116
13 37
13 69
13 115
13 116
14 18
14 31
14 54
14 92
14 93
14 121
15 22
15 42
15 90
15 93
15 112
15 121
16 38
16 46
16 82
17 42
17 57
17 95
17 117
18 19
18 34
19 73
19 79
19 94
19 123
20 70
20 107
21 42
21 43
21 93
21 103
21 110
21 112
21 114
21 119
22 37
22 103
22 115
23 79
23 116
23 118
24 70
24 73
24 104
24 110
24 117
25 38
25 78
25 107
26 94
26 120
26 123
27 48
27 67
28 33
28 80
28 88
28 110
29 48
29 56
29 57
30 32
30 49
30 99
30 117
31 52
31 124
32 53
32 66
32 114
32 118
33 65
33 79
33 121
33 123
33 124
34 43
34 122
35 37
35 47
35 51
35 73
35 85
37 39
37 49
37 116
37 118
38 62
38 90
38 118
39 63
39 103
39 115
40 90
40 110
40 112
41 54
42 59
42 88
44 79
45 53
45 64
45 79
45 86
45 101
45 123
46 88
47 64
49 81
50 58
50 114
50 118
51 52
51 101
52 62
52 66
52 95
52 103
53 86
53 92
53 93
53 116
54 104
55 101
56 59
56 80
57 83
57 95
58 93
58 99
58 101
58 119
59 73
60 102
60 118
61 74
61 80
62 74
62 101
63 68
65 68
65 81
65 89
65 103
66 73
68 79
70 123
71 102
72 90
73 85
75 101
75 103
76 100
76 122
77 104
77 124
78 80
78 97
79 91
79 100
80 104
81 92
81 94
83 116
84 99
85 105
86 100
86 101
86 109
87 90
88 96
88 110
89 122
90 93
90 116
91 97
91 105
92 124
93 107
94 115
95 104
95 111
95 124
97 118
99 104
99 120
101 106
102 112
103 106
103 123
104 108
111 118
112 117
114 116
116 123
122 123
