0 1
0 2
0 3
0 4
0 5
0 7
0 9
0 11
0 21
0 22
0 25
0 29
0 30
0 33
0 34
0 36
0 37
0 43
0 44
0 54
0 55
0 62
0 63
0 71
0 72
0 74
0 79
0 86
0 94
0 95
0 96
0 111
0 118
0 126
0 129
0 133
0 139
0 142
0 146
0 150
0 151
0 152
0 166
0 167
0 172
0 179
0 183
0 190
0 191
0 192
0 195
0 200
0 215
0 217
0 220
0 226
0 233
0 263
0 264
0 267
0 270
0 272
0 284
0 290
0 298
0 307
0 310
0 322
0 324
0 326
0 329
0 330
0 346
0 361
0 367
0 368
0 373
0 374
0 383
0 399
0 413
0 416
0 428
0 429
0 446
0 459
0 473
0 475
0 489
0 493
0 494
0 495
0 504
0 505
0 515
0 523
0 525
0 548
0 553
0 554
0 557
0 558
0 571
0 592
0 600
0 601
0 613
0 621
0 633
0 644
0 645
0 667
0 670
0 676
0 677
0 696
0 697
0 705
0 711
0 732
0 759
0 777
0 782
0 788
0 789
0 791
0 792
0 796
0 799
0 837
0 839
0 853
0 857
0 859
0 861
0 872
0 897
0 907
0 924
0 943
0 947
0 965
0 978
0 984
0 989
0 1008
0 1021
0 1035
0 1037
0 1040
0 1043
0 1049
0 1053
0 1060
0 1072
0 1096
0 1120
0 1125
0 1131
0 1143
0 1147
0 1163
0 1166
0 1184
0 1216
0 1232
0 1235
0 1295
0 1328
0 1335
0 1337
0 1341
0 1354
0 1367
0 1395
0 1396
0 1403
0 1422
0 1449
0 1466
0 1474
0 1504
0 1536
0 1562
0 1564
0 1571
0 1573
0 1586
0 1587
0 1589
0 1619
0 1646
0 1665
0 1671
0 1674
0 1677
0 1713
0 1727
0 1749
0 1753
0 1755
0 1772
0 1781
0 1799
0 1802
0 1815
0 1828
0 1851
0 1858
0 1906
0 1926
0 1929
0 1943
0 1953
0 1957
0 1985
1 2
1 4
1 5
1 6
1 8
1 9
1 10
1 12
1 13
1 14
1 17
1 19
1 20
1 21
1 22
1 23
1 24
1 27
1 28
1 29
1 30
1 31
1 32
1 36
1 39
1 45
1 49
1 50
1 51
1 56
1 60
1 62
1 64
1 67
1 68
1 69
1 71
1 78
1 80
1 85
1 87
1 88
1 89
1 91
1 99
1 102
1 109
1 110
1 112
1 113
1 120
1 125
1 128
1 135
1 138
1 144
1 145
1 146
1 152
1 158
1 160
1 162
1 164
1 165
1 169
1 178
1 181
1 187
1 188
1 192
1 193
1 194
1 198
1 202
1 203
1 216
1 220
1 221
1 223
1 224
1 229
1 230
1 235
1 239
1 241
1 242
1 245
1 246
1 247
1 251
1 255
1 257
1 264
1 269
1 271
1 272
1 276
1 278
1 282
1 283
1 285
1 288
1 290
1 292
1 296
1 299
1 300
1 301
1 311
1 321
1 325
1 331
1 346
1 348
1 351
1 353
1 364
1 366
1 368
1 376
1 379
1 384
1 385
1 386
1 388
1 392
1 398
1 403
1 414
1 417
1 424
1 439
1 440
1 445
1 448
1 466
1 467
1 470
1 471
1 472
1 479
1 480
1 486
1 489
1 495
1 496
1 500
1 502
1 523
1 524
1 526
1 529
1 531
1 538
1 542
1 551
1 561
1 562
1 567
1 569
1 580
1 587
1 599
1 601
1 603
1 625
1 629
1 632
1 635
1 638
1 640
1 652
1 659
1 663
1 668
1 670
1 674
1 677
1 696
1 698
1 710
1 712
1 714
1 722
1 736
1 737
1 741
1 746
1 750
1 775
1 777
1 782
1 786
1 795
1 797
1 800
1 810
1 816
1 820
1 823
1 833
1 841
1 843
1 866
1 868
1 872
1 875
1 879
1 886
1 892
1 898
1 899
1 900
1 902
1 909
1 913
1 914
1 915
1 923
1 929
1 930
1 950
1 954
1 957
1 960
1 977
1 981
1 983
1 993
1 1000
1 1005
1 1018
1 1025
1 1037
1 1042
1 1046
1 1051
1 1062
1 1067
1 1075
1 1084
1 1085
1 1094
1 1109
1 1126
1 1127
1 1133
1 1146
1 1155
1 1177
1 1189
1 1195
1 1198
1 1208
1 1211
1 1212
1 1215
1 1218
1 1227
1 1234
1 1237
1 1244
1 1249
1 1252
1 1270
1 1278
1 1280
1 1282
1 1289
1 1298
1 1303
1 1308
1 1312
1 1317
1 1319
1 1321
1 1323
1 1329
1 1343
1 1355
1 1358
1 1372
1 1378
1 1382
1 1386
1 1389
1 1401
1 1419
1 1424
1 1429
1 1436
1 1442
1 1443
1 1447
1 1448
1 1451
1 1478
1 1501
1 1506
1 1518
1 1522
1 1529
1 1531
1 1535
1 1537
1 1557
1 1580
1 1582
1 1592
1 1600
1 1605
1 1608
1 1613
1 1623
1 1638
1 1650
1 1661
1 1668
1 1681
1 1690
1 1699
1 1704
1 1724
1 1727
1 1742
1 1747
1 1759
1 1765
1 1788
1 1790
1 1796
1 1798
1 1809
1 1817
1 1872
1 1878
1 1879
1 1883
1 1884
1 1893
1 1911
1 1913
1 1933
1 1935
1 1937
1 1965
1 1991
2 3
2 6
2 20
2 26
2 33
2 38
2 40
2 45
2 54
2 64
2 76
2 81
2 84
2 118
2 128
2 135
2 145
2 151
2 172
2 190
2 212
2 217
2 259
2 265
2 274
2 275
2 302
2 305
2 320
2 329
2 405
2 412
2 437
2 446
2 447
2 458
2 469
2 470
2 472
2 487
2 527
2 550
2 563
2 572
2 580
2 581
2 592
2 595
2 615
2 647
2 674
2 680
2 682
2 699
2 700
2 709
2 716
2 733
2 745
2 761
2 781
2 815
2 858
2 862
2 871
2 887
2 901
2 925
2 942
2 961
2 964
2 995
2 999
2 1018
2 1101
2 1104
2 1135
2 1165
2 1167
2 1177
2 1186
2 1219
2 1254
2 1258
2 1267
2 1287
2 1291
2 1294
2 1309
2 1337
2 1342
2 1345
2 1353
2 1383
2 1387
2 1401
2 1413
2 1416
2 1427
2 1439
2 1450
2 1487
2 1488
2 1507
2 1530
2 1532
2 1541
2 1563
2 1578
2 1595
2 1640
2 1645
2 1656
2 1667
2 1692
2 1717
2 1857
2 1863
2 1879
2 1882
2 1978
2 1981
2 1983
2 1993
3 27
3 35
3 42
3 49
3 51
3 73
3 92
3 95
3 99
3 107
3 116
3 119
3 123
3 148
3 149
3 155
3 157
3 158
3 186
3 193
3 206
3 211
3 218
3 231
3 252
3 263
3 280
3 291
3 297
3 310
3 313
3 326
3 353
3 370
3 375
3 380
3 385
3 393
3 404
3 414
3 431
3 433
3 435
3 450
3 469
3 474
3 480
3 525
3 547
3 563
3 574
3 593
3 607
3 611
3 664
3 673
3 689
3 693
3 700
3 707
3 725
3 748
3 767
3 783
3 814
3 828
3 849
3 911
3 913
3 935
3 1052
3 1066
3 1068
3 1083
3 1091
3 1095
3 1100
3 1140
3 1141
3 1154
3 1178
3 1208
3 1211
3 1226
3 1236
3 1237
3 1271
3 1304
3 1365
3 1371
3 1445
3 1449
3 1450
3 1461
3 1462
3 1481
3 1484
3 1490
3 1521
3 1536
3 1542
3 1548
3 1550
3 1553
3 1577
3 1579
3 1604
3 1617
3 1654
3 1675
3 1684
3 1694
3 1766
3 1842
3 1859
3 1886
3 1893
3 1914
3 1918
3 1952
3 1965
3 1999
4 8
4 24
4 69
4 160
4 240
4 370
4 488
4 586
4 631
4 708
4 859
4 1088
4 1131
4 1164
4 1201
4 1287
4 1490
4 1542
4 1567
4 1723
4 1745
4 1829
4 1939
4 1941
5 10
5 11
5 13
5 14
5 16
5 17
5 18
5 23
5 26
5 41
5 44
5 47
5 48
5 53
5 56
5 60
5 63
5 72
5 77
5 89
5 101
5 103
5 105
5 119
5 120
5 124
5 137
5 153
5 156
5 180
5 181
5 182
5 184
5 201
5 207
5 213
5 214
5 222
5 235
5 237
5 238
5 239
5 246
5 254
5 260
5 277
5 281
5 289
5 294
5 295
5 298
5 318
5 334
5 350
5 355
5 359
5 360
5 362
5 371
5 377
5 381
5 401
5 404
5 406
5 419
5 427
5 435
5 452
5 462
5 464
5 475
5 478
5 483
5 497
5 507
5 511
5 514
5 543
5 546
5 549
5 554
5 556
5 566
5 583
5 587
5 590
5 597
5 598
5 606
5 611
5 612
5 624
5 637
5 639
5 650
5 663
5 671
5 682
5 694
5 707
5 712
5 714
5 716
5 726
5 736
5 742
5 774
5 775
5 778
5 781
5 793
5 794
5 795
5 799
5 801
5 803
5 818
5 824
5 828
5 842
5 843
5 851
5 877
5 881
5 890
5 891
5 898
5 900
5 919
5 927
5 932
5 944
5 949
5 962
5 963
5 972
5 982
5 986
5 992
5 1010
5 1013
5 1019
5 1031
5 1036
5 1039
5 1057
5 1061
5 1063
5 1070
5 1071
5 1095
5 1102
5 1105
5 1112
5 1134
5 1136
5 1144
5 1164
5 1168
5 1179
5 1191
5 1195
5 1204
5 1205
5 1206
5 1225
5 1233
5 1265
5 1272
5 1275
5 1294
5 1305
5 1313
5 1315
5 1321
5 1345
5 1361
5 1367
5 1370
5 1375
5 1377
5 1379
5 1400
5 1437
5 1438
5 1480
5 1504
5 1511
5 1532
5 1553
5 1558
5 1565
5 1572
5 1581
5 1592
5 1629
5 1632
5 1637
5 1651
5 1660
5 1712
5 1715
5 1722
5 1747
5 1748
5 1769
5 1797
5 1812
5 1821
5 1829
5 1833
5 1835
5 1838
5 1840
5 1850
5 1853
5 1895
5 1898
5 1901
5 1934
5 1940
5 1947
5 1951
5 1975
5 1980
5 1988
5 1994
6 7
6 12
6 15
6 28
6 34
6 37
6 48
6 58
6 59
6 65
6 85
6 93
6 98
6 101
6 104
6 106
6 136
6 141
6 154
6 159
6 176
6 197
6 236
6 260
6 268
6 293
6 296
6 327
6 343
6 351
6 365
6 378
6 397
6 400
6 441
6 451
6 500
6 509
6 544
6 552
6 613
6 619
6 769
6 772
6 780
6 784
6 787
6 790
6 792
6 817
6 853
6 927
6 988
6 993
6 997
6 1087
6 1141
6 1151
6 1169
6 1185
6 1191
6 1207
6 1262
6 1271
6 1279
6 1324
6 1326
6 1333
6 1374
6 1485
6 1576
6 1624
6 1627
6 1648
6 1649
6 1656
6 1800
6 1814
6 1825
6 1826
6 1884
6 1912
6 1929
6 1970
7 31
7 40
7 61
7 77
7 87
7 88
7 94
7 132
7 147
7 177
7 203
7 225
7 244
7 337
7 390
7 410
7 436
7 440
7 447
7 457
7 493
7 515
7 518
7 548
7 596
7 635
7 656
7 739
7 808
7 881
7 991
7 1029
7 1089
7 1098
7 1187
7 1190
7 1302
7 1306
7 1310
7 1384
7 1405
7 1408
7 1420
7 1528
7 1552
7 1565
7 1644
7 1645
7 1689
7 1703
7 1744
7 1781
7 1845
7 1864
7 1900
7 1999
8 15
8 46
8 100
8 279
8 294
8 323
8 376
8 688
8 702
8 709
8 780
8 810
8 885
8 895
8 921
8 1076
8 1160
8 1236
8 1252
8 1288
8 1313
8 1408
8 1446
8 1506
8 1767
8 1925
9 398
9 695
9 797
9 914
9 1109
9 1560
9 1707
9 1857
10 399
10 578
10 1005
10 1369
10 1381
10 1600
10 1930
11 214
11 258
11 759
11 804
11 893
11 1247
11 1285
11 1443
11 1491
11 1677
12 57
12 484
12 1357
12 1459
13 1176
13 1334
13 1639
14 19
14 176
14 187
14 453
14 521
14 638
14 691
14 833
14 834
14 931
14 1293
14 1961
15 16
15 58
15 61
15 81
15 83
15 105
15 114
15 167
15 179
15 209
15 243
15 332
15 373
15 386
15 393
15 437
15 456
15 468
15 482
15 491
15 541
15 697
15 744
15 848
15 888
15 940
15 1015
15 1050
15 1087
15 1238
15 1257
15 1302
15 1412
15 1464
15 1580
15 1667
15 1698
15 1762
15 1779
15 1861
15 1949
15 1963
16 18
16 35
16 42
16 84
16 115
16 117
16 168
16 316
16 369
16 415
16 492
16 561
16 605
16 616
16 664
16 720
16 807
16 967
16 971
16 1061
16 1098
16 1132
16 1147
16 1158
16 1297
16 1304
16 1425
16 1469
16 1502
16 1539
16 1805
16 1827
16 1888
16 1892
16 1904
16 1907
16 1933
17 678
17 1023
17 1909
18 52
18 148
18 394
18 430
18 528
18 599
18 661
18 986
18 1116
18 1180
18 1261
18 1266
18 1392
18 1717
19 130
19 150
19 157
19 213
19 230
19 314
19 465
19 589
19 627
19 999
19 1024
19 1152
19 1183
19 1185
19 1217
19 1231
19 1309
19 1331
19 1479
19 1502
19 1515
19 1570
19 1782
19 1853
19 1915
19 1946
20 907
20 1258
21 258
21 360
21 389
21 434
21 501
21 568
21 1660
21 1704
21 1714
21 1719
21 1785
21 1924
22 46
22 70
22 91
22 168
22 189
22 196
22 210
22 227
22 307
22 337
22 362
22 374
22 413
22 418
22 509
22 512
22 530
22 610
22 648
22 684
22 701
22 761
22 773
22 785
22 826
22 855
22 869
22 950
22 951
22 962
22 971
22 1028
22 1043
22 1084
22 1091
22 1153
22 1197
22 1240
22 1289
22 1347
22 1350
22 1393
22 1470
22 1545
22 1578
22 1591
22 1606
22 1615
22 1745
22 1844
22 1852
22 1867
22 1876
22 1894
22 1954
23 32
23 43
23 439
24 25
24 47
24 67
24 155
24 226
24 247
24 350
24 436
24 503
24 625
24 784
24 798
24 908
24 1200
24 1288
24 1316
24 1354
24 1364
24 1445
24 1699
24 1707
24 1731
24 1966
25 50
25 66
25 143
25 161
25 171
25 270
25 274
25 375
25 499
25 546
25 577
25 744
25 747
25 880
25 952
25 1263
25 1283
25 1332
25 1594
25 1620
25 1830
26 109
26 195
26 281
26 352
26 569
26 874
26 933
26 1063
26 1088
26 1224
26 1316
26 1632
26 1934
27 140
27 945
28 52
28 75
28 92
28 93
28 97
28 163
28 200
28 201
28 238
28 303
28 312
28 317
28 487
28 566
28 574
28 598
28 632
28 655
28 687
28 710
28 740
28 752
28 819
28 821
28 851
28 892
28 924
28 956
28 1090
28 1093
28 1156
28 1214
28 1322
28 1431
28 1516
28 1537
28 1555
28 1588
28 1686
28 1764
28 1839
28 1895
28 1968
28 1977
29 219
29 301
29 1488
29 1818
30 38
30 70
30 112
30 153
30 163
30 171
30 261
30 293
30 315
30 396
30 434
30 461
30 564
30 573
30 806
30 812
30 963
30 1009
30 1054
30 1111
30 1121
30 1182
30 1202
30 1239
30 1420
30 1612
30 1775
30 1789
30 1836
30 1845
30 1863
30 1881
31 139
31 196
31 282
31 438
31 748
31 976
31 1138
31 1238
31 1266
31 1293
31 1702
32 39
32 107
32 108
32 114
32 117
32 154
32 175
32 218
32 236
32 297
32 309
32 347
32 412
32 442
32 503
32 582
32 686
32 702
32 715
32 739
32 867
32 1065
32 1075
32 1080
32 1114
32 1173
32 1245
32 1414
32 1459
32 1503
32 1625
32 1635
32 1736
32 1785
32 1811
32 1969
32 1994
33 1352
33 1356
34 703
35 53
35 75
35 110
35 142
35 180
35 265
35 292
35 430
35 575
35 589
35 684
35 699
35 827
35 883
35 934
35 1015
35 1079
35 1090
35 1168
35 1318
35 1467
35 1554
35 1628
35 1708
35 1741
35 1784
35 1908
36 590
36 1524
36 1763
37 516
37 1959
38 41
38 74
38 79
38 130
38 149
38 156
38 175
38 288
38 328
38 425
38 485
38 511
38 602
38 641
38 659
38 703
38 928
38 958
38 973
38 1014
38 1083
38 1187
38 1203
38 1664
38 1891
38 1907
40 127
40 306
40 318
40 335
40 636
40 738
40 970
40 1011
40 1056
40 1460
40 1626
40 1631
40 1652
40 1676
41 1476
41 1610
42 788
42 1255
43 121
43 199
43 231
43 250
43 565
43 719
43 850
43 1074
43 1085
43 1174
43 1385
43 1614
43 1616
43 1712
43 1738
43 1955
44 66
44 314
44 624
44 846
44 887
44 904
44 1190
44 1393
44 1758
45 57
45 162
45 259
45 295
45 382
45 394
45 420
45 636
45 718
45 769
45 905
45 1251
45 1255
45 1861
45 1976
46 83
46 115
46 131
46 143
46 178
46 204
46 324
46 345
46 352
46 402
46 425
46 507
46 518
46 1133
46 1156
46 1328
46 1430
46 1432
46 1653
47 111
47 124
47 134
47 737
47 765
47 880
47 1150
47 1299
47 1312
47 1336
47 1761
47 1803
48 442
48 679
49 55
49 65
49 98
49 166
49 189
49 466
49 485
49 1290
49 1498
49 1799
49 1964
50 68
50 78
50 86
50 103
50 141
50 228
50 340
50 384
50 520
50 643
50 1149
50 1257
50 1948
51 59
51 215
51 332
51 557
51 654
51 779
51 1009
51 1590
51 1956
52 96
52 127
52 323
52 454
52 506
52 591
52 639
52 644
52 798
52 836
52 879
52 906
52 916
52 918
52 928
52 948
52 990
52 1045
52 1054
52 1148
52 1333
52 1424
52 1508
53 558
53 811
53 1201
53 1368
53 1437
53 1724
53 1728
53 1815
54 177
54 253
54 256
54 359
54 824
54 863
54 1022
54 1872
54 1976
55 122
55 344
55 722
55 972
55 996
55 1081
55 1150
55 1180
55 1399
55 1507
55 1654
56 147
56 205
56 237
56 250
56 312
56 481
56 482
56 1251
56 1324
56 1603
56 1871
57 212
57 229
57 468
57 534
57 814
57 829
57 882
57 1161
57 1446
57 1641
57 1932
57 1975
58 90
58 182
58 418
58 514
58 605
58 939
59 276
59 735
60 227
60 248
60 411
60 1128
61 1159
62 313
62 333
62 805
62 980
62 1038
62 1119
62 1221
63 133
63 185
63 244
63 421
63 456
63 547
63 675
63 918
63 1001
63 1016
63 1162
63 1240
63 1260
63 1351
63 1584
63 1594
63 1977
64 126
64 225
64 333
64 560
64 585
64 597
64 1122
64 1721
65 170
65 825
65 1898
66 73
66 80
66 224
66 634
66 811
66 873
66 1039
66 1182
66 1409
66 1457
66 1492
66 1588
67 197
67 223
67 241
67 249
67 304
67 403
67 423
67 428
67 449
67 463
67 488
67 513
67 559
67 570
67 588
67 604
67 656
67 718
67 730
67 743
67 868
67 876
67 910
67 917
67 933
67 947
67 1110
67 1173
67 1192
67 1213
67 1220
67 1242
67 1269
67 1355
67 1457
67 1618
67 1662
67 1663
67 1715
67 1768
67 1775
67 1789
67 1847
67 1866
67 1883
67 1910
67 1996
68 463
68 539
68 728
68 974
68 1026
69 82
69 129
69 173
69 304
69 367
69 409
69 506
69 532
69 903
69 1031
69 1111
69 1481
69 1523
69 1570
69 1689
69 1734
70 137
70 232
70 234
70 371
70 510
70 521
70 765
70 878
70 1484
70 1630
70 1867
71 954
71 1549
71 1967
72 198
74 76
74 97
74 283
74 356
74 450
74 499
74 816
74 854
74 1048
74 1184
74 1205
74 1494
74 1579
74 1623
74 1850
74 1927
74 1944
74 1990
75 317
75 363
75 541
75 1078
75 1189
75 1498
75 1603
76 102
76 122
76 140
76 618
76 1048
76 1627
77 1385
78 82
78 113
78 125
78 136
78 335
78 342
78 432
78 505
78 560
78 585
78 658
78 671
78 813
78 831
78 903
78 1139
78 1360
78 1411
78 1696
78 1938
79 249
79 649
79 1004
79 1625
80 104
80 161
80 173
80 320
80 734
80 1034
80 1137
80 1902
81 990
81 1357
81 1807
81 1891
81 1920
82 1366
82 1610
84 1225
85 106
85 134
85 174
85 348
85 423
85 573
85 654
85 979
85 1108
85 1162
85 1369
85 1690
85 1981
85 1997
86 90
86 228
86 243
86 254
86 331
86 400
86 517
86 687
86 835
86 841
86 1007
86 1093
86 1186
86 1200
86 1298
86 1451
86 1491
86 1499
86 1651
86 1706
86 1838
86 1960
90 108
90 216
90 490
90 524
90 534
90 549
90 776
90 975
90 1033
90 1146
90 1250
90 1346
90 1386
90 1454
90 1509
90 1587
90 1683
90 1985
91 131
91 278
91 397
91 591
91 615
91 680
91 683
91 838
91 849
91 917
91 974
91 1011
91 1284
91 1348
91 1538
91 1756
92 116
92 205
92 647
92 819
92 1216
92 1353
92 1687
92 1760
93 556
93 689
93 1682
93 1811
94 1730
95 358
95 1456
95 1746
96 458
96 545
96 586
96 725
96 729
96 786
96 894
96 932
96 983
96 1035
96 1118
96 1139
96 1366
96 1564
96 1766
96 1826
96 1926
97 286
97 339
97 681
97 793
97 1327
97 1423
98 100
98 186
98 287
98 356
98 464
98 588
98 705
98 838
98 1683
98 1744
98 1887
99 268
99 1178
100 123
100 170
100 188
100 1053
100 1215
100 1268
100 1472
100 1508
100 1622
100 1685
100 1909
100 1928
101 502
102 185
102 727
102 764
103 169
103 251
103 309
103 453
103 462
103 603
103 617
103 642
103 662
103 910
103 1259
103 1611
103 1843
104 660
104 753
104 770
104 829
104 1392
104 1496
105 284
105 315
105 366
105 527
105 715
105 1232
105 1711
106 477
106 661
106 681
106 704
106 939
106 1042
106 1277
106 1425
106 1436
106 1743
108 885
108 909
108 994
108 1016
108 1500
110 1165
111 336
111 369
111 516
111 1373
111 1942
112 207
112 286
112 445
112 454
112 484
112 565
112 631
112 723
112 969
112 1295
112 1417
112 1433
112 1794
113 174
113 300
113 349
113 543
113 776
113 866
113 1080
113 1244
113 1582
113 1672
113 1729
114 144
115 1320
116 121
116 183
116 372
116 536
116 609
116 931
116 1571
116 1681
117 164
117 308
117 492
117 627
117 746
117 805
117 1285
117 1821
118 191
118 277
118 372
118 825
118 1917
119 202
119 596
121 261
122 138
122 159
122 233
122 344
122 526
122 540
122 733
122 864
122 1030
122 1292
122 1434
122 1676
122 1808
123 345
123 1414
123 1897
124 132
124 194
124 408
124 609
124 621
124 760
124 896
124 966
124 1378
124 1688
124 1837
126 165
126 299
126 363
126 449
126 555
126 836
126 1010
127 234
127 273
127 581
127 800
127 820
127 1066
127 1652
127 1967
128 1079
128 1351
128 1684
128 1708
129 219
129 637
129 787
129 1860
129 1956
130 184
130 242
130 823
131 269
131 443
131 520
131 982
131 994
131 1099
131 1157
134 275
134 330
134 774
134 936
134 1006
134 1151
134 1175
134 1723
135 1338
135 1583
137 1607
139 396
140 1198
140 1602
142 751
142 988
142 1300
142 1830
143 1716
143 1786
144 1791
145 199
145 779
145 846
145 1583
145 1602
145 1626
145 1751
145 1834
145 1984
147 1113
148 1248
149 417
149 1004
149 1058
150 519
150 668
150 989
150 1137
150 1697
151 1112
151 1622
152 221
152 240
152 253
152 256
152 354
152 390
152 662
152 1065
152 1157
152 1272
152 1286
152 1300
152 1394
152 1512
152 1596
152 1601
152 1658
153 306
153 355
153 1059
153 1453
155 273
155 379
155 406
155 519
155 576
155 608
155 691
155 1030
155 1887
156 349
156 387
156 388
156 494
156 926
156 1052
156 1203
156 1360
156 1569
158 1209
158 1947
159 380
159 985
159 1332
160 870
160 991
160 1429
160 1839
161 949
161 1452
161 1964
163 474
163 946
164 533
164 623
164 658
164 935
164 1890
167 365
167 508
167 920
167 1901
168 210
168 262
168 457
168 483
168 606
168 640
168 706
168 758
168 864
168 943
168 1105
168 1130
168 1212
168 1394
168 1503
168 1510
168 1728
168 1792
168 1986
169 208
169 285
169 322
169 411
169 477
169 1566
170 245
170 426
170 539
170 683
170 831
170 1860
170 1921
170 1978
171 877
171 1134
171 1489
172 206
172 532
172 757
172 762
172 926
172 1020
172 1591
172 1802
172 1816
174 1264
174 1527
175 1349
176 1249
176 1642
177 646
177 1526
177 1889
178 204
178 209
178 280
178 357
178 476
178 537
178 555
178 731
178 844
178 1055
178 1253
178 1286
178 1468
178 1493
178 1556
178 1702
178 1980
180 248
181 1848
182 1649
183 208
183 1340
185 287
185 401
185 476
185 628
185 832
185 975
185 1228
185 1475
185 1784
187 1395
192 1628
193 321
193 382
193 666
193 667
194 729
195 754
196 389
196 392
196 538
196 698
196 865
196 874
196 1188
196 1415
196 1527
196 1581
196 1777
196 1786
197 319
197 441
197 1406
198 1495
198 1678
199 338
199 422
199 608
199 1256
199 1325
199 1767
199 1792
200 741
200 1062
200 1358
200 1795
201 1432
202 211
202 343
202 567
202 570
202 679
202 755
202 873
202 1362
202 1382
202 1608
204 628
204 1129
205 645
206 409
208 465
208 619
208 1754
211 222
211 232
211 255
211 279
211 1118
211 1231
211 1397
211 1621
212 618
212 1227
212 1229
212 1267
212 1349
214 626
214 655
214 923
214 1391
214 1398
214 1474
214 1616
215 303
215 1925
216 717
216 1961
217 311
217 785
217 1154
218 763
218 1341
218 1621
220 262
221 1435
222 357
224 252
224 327
224 564
224 650
224 721
224 875
224 957
224 1012
224 1110
224 1412
224 1659
224 1841
225 1597
226 419
226 431
226 460
227 271
227 325
227 347
227 421
227 544
227 721
227 951
227 1103
227 1273
227 1483
227 1568
227 1679
227 1804
227 1831
227 1986
228 266
228 305
228 308
228 361
228 575
228 876
228 959
228 1140
228 1172
228 1217
228 1549
228 1552
228 1673
228 1864
228 1966
229 339
229 901
229 920
229 1021
229 1160
229 1253
229 1375
229 1447
229 1992
230 381
230 426
230 751
230 941
230 1404
231 594
231 767
231 1855
231 1955
232 734
232 1725
233 402
233 461
233 1047
233 1077
233 1119
233 1243
233 1311
233 1755
233 1918
234 257
235 1179
235 1751
236 1308
237 1166
237 1209
237 1485
240 405
240 614
240 807
240 1339
241 764
241 1974
243 1152
243 1303
245 433
245 501
245 533
245 550
245 610
245 1380
245 1855
246 377
246 522
246 1936
247 267
247 391
247 641
247 758
247 861
247 912
247 1117
247 1376
247 1428
247 1455
247 1463
247 1550
248 1722
250 1136
254 878
254 1849
256 1001
258 1311
258 1974
259 593
259 752
259 847
259 1219
259 1223
259 1692
260 291
260 340
260 1812
261 510
261 1008
262 701
262 749
262 894
262 1122
262 1124
262 1421
262 1953
264 342
264 1750
265 266
265 354
265 804
265 855
266 455
266 743
266 1228
267 694
267 854
267 1143
267 1709
267 1936
269 530
271 617
271 860
271 1959
272 1740
273 391
273 713
273 1014
275 289
275 665
275 1032
275 1296
276 1069
277 451
277 553
277 604
277 1027
277 1276
277 1534
277 1940
278 1772
279 653
279 1407
280 595
280 835
280 886
280 1486
280 1525
282 486
282 1377
282 1714
283 448
283 856
283 1790
284 1346
284 1505
284 1950
285 341
285 584
285 763
285 766
285 1415
285 1546
285 1650
285 1773
288 478
289 358
289 383
289 416
289 1113
289 1314
289 1678
290 302
290 328
290 802
290 1326
292 1273
294 916
294 1222
294 1643
295 695
295 1399
295 1774
296 338
296 1089
296 1473
297 459
297 1170
297 1521
299 537
299 669
299 808
299 857
299 1045
299 1497
299 1662
299 1685
299 1851
299 1973
300 513
300 1402
301 471
301 1749
302 966
304 749
305 473
305 1344
305 1636
305 1688
305 1705
305 1710
306 316
307 559
307 657
307 766
307 852
307 1032
307 1921
308 395
308 424
308 562
308 922
312 319
312 551
312 578
312 622
313 1389
313 1551
313 1783
315 481
315 496
315 985
315 1396
315 1554
316 568
317 378
318 1107
318 1224
320 336
320 817
322 1630
325 882
325 1148
325 1848
325 1882
326 334
326 649
326 1282
326 1691
327 1167
328 981
328 1193
328 1223
328 1680
328 1844
329 444
329 498
329 552
329 600
329 944
329 1114
329 1206
329 1417
329 1634
330 1598
331 648
332 830
332 1330
333 946
333 1590
333 1900
334 1752
335 364
335 579
335 738
335 768
335 968
335 1072
335 1524
336 1226
336 1666
337 341
337 490
337 929
337 934
337 1568
337 1862
337 1958
338 1361
339 1418
339 1847
341 542
341 678
341 728
341 904
341 937
341 1069
341 1519
341 1557
341 1987
342 602
343 1261
343 1778
344 395
344 997
344 1407
344 1843
345 1247
345 1388
345 1566
345 1858
346 452
346 755
346 1241
347 731
347 1530
347 1639
347 1869
347 1979
348 1713
349 410
349 669
349 772
349 888
349 1181
349 1410
349 1720
350 1306
350 1969
351 1561
352 498
352 745
352 969
352 1019
352 1081
352 1174
352 1419
352 1666
352 1732
352 1813
352 1824
352 1868
352 1875
352 1899
353 1505
353 1739
354 504
355 723
355 1307
355 1342
355 1657
356 1281
357 497
357 732
357 955
357 1560
357 1585
357 1846
357 1888
357 1945
360 970
360 1529
361 660
361 1915
363 921
364 1384
365 408
365 1460
365 1776
366 1026
368 535
368 840
368 1614
369 1096
370 616
371 438
371 642
371 753
371 826
371 1123
371 1461
371 1613
371 1636
371 1655
373 415
374 387
375 1390
376 420
376 467
376 623
376 1317
377 512
379 528
379 577
380 540
380 742
380 1758
380 1916
381 998
381 1404
381 1440
382 1757
383 407
386 724
387 422
387 522
387 531
387 1117
387 1233
387 1318
387 1910
388 443
388 508
388 845
388 895
388 968
388 1041
388 1468
388 1544
388 1633
388 1642
390 407
390 893
390 1658
392 479
394 582
394 686
394 688
394 862
394 1000
394 1679
395 1670
396 1426
397 444
398 1719
398 1791
400 429
400 432
400 652
400 827
400 1002
400 1737
401 455
401 607
401 1242
401 1276
401 1426
401 1519
401 1555
402 790
402 1379
403 535
403 905
403 1202
403 1805
404 1931
405 1480
406 634
408 740
408 1082
408 1101
408 1609
409 1525
410 1383
411 1441
414 1540
414 1927
415 1350
416 806
416 1514
417 1264
417 1458
418 1130
418 1653
418 1765
421 427
422 724
422 979
422 1381
422 1808
423 938
423 1159
423 1605
424 1259
426 536
427 1438
430 1971
431 576
431 719
431 726
431 771
431 1058
431 1145
431 1280
431 1380
431 1486
431 1736
431 1937
432 594
432 809
433 651
433 768
433 770
433 1322
433 1410
433 1422
433 1661
433 1960
434 633
434 690
435 675
435 899
435 1100
435 1171
435 1771
435 1822
435 1827
436 844
437 491
437 1941
440 847
440 987
440 1078
442 856
444 897
444 919
444 1020
444 1700
445 865
445 1756
446 870
446 1239
446 1274
446 1402
446 1854
447 460
447 1373
449 1499
450 1862
450 1871
451 630
453 1856
455 1520
455 1983
456 579
456 1703
459 1456
460 643
460 708
461 756
461 1388
461 1822
462 839
462 1691
464 889
464 1606
464 1738
464 1880
466 529
466 1567
467 612
467 1984
469 653
471 1325
471 1988
472 1334
474 620
474 1163
474 1210
474 1476
474 1500
474 1800
476 1230
477 1559
478 1183
478 1641
480 545
480 965
480 1452
482 1193
483 1161
483 1274
485 583
485 690
485 884
485 1801
485 1944
486 1056
487 1877
488 1194
492 629
492 672
492 1022
492 1620
493 858
494 685
494 711
494 713
494 922
494 1398
494 1593
496 1331
496 1405
496 1816
497 961
500 1250
500 1428
502 842
502 906
502 1092
502 1199
502 1403
503 1044
505 517
505 571
505 614
505 693
505 727
505 783
505 912
505 1254
506 915
507 622
507 1123
515 1599
516 871
516 1526
516 1721
519 626
522 1979
525 666
526 953
526 1246
527 1586
528 651
528 1922
539 760
539 1768
539 1795
540 891
540 1023
540 1364
540 1477
540 1686
544 657
544 706
544 778
544 1207
544 1291
544 1954
545 1558
545 1735
545 1803
545 1836
546 735
546 1028
546 1229
546 1741
548 1108
548 1230
548 1501
550 945
552 584
552 1387
553 1479
554 821
554 1116
555 620
556 1099
557 1709
560 1275
560 1533
560 1807
564 1463
565 863
565 1828
565 1998
567 802
567 984
567 1047
567 1196
567 1483
567 1903
567 1948
570 572
570 704
570 717
570 822
572 1763
573 1797
573 1798
573 1835
574 672
574 794
574 1170
574 1885
575 987
575 1126
578 646
578 940
580 941
582 942
585 1103
585 1158
585 1512
585 1793
585 1923
588 1441
588 1541
591 1064
592 840
593 1633
595 803
595 925
595 1127
595 1880
600 757
600 1245
600 1363
601 1598
602 630
602 837
605 1070
606 747
606 754
606 852
606 1780
606 1903
607 1971
608 1027
608 1301
608 1693
611 685
612 1277
612 1647
614 890
614 936
614 1124
614 1453
614 1467
615 1086
619 1575
619 1706
620 665
620 1036
620 1544
620 1547
624 930
625 750
625 771
631 1752
633 673
633 791
634 1413
634 1434
634 1528
635 1262
638 720
638 1073
638 1604
638 1950
639 1263
641 692
641 730
641 773
641 884
641 1059
642 676
642 1176
645 955
645 1038
647 1982
649 1076
650 1611
654 1017
656 812
656 1024
656 1315
656 1597
656 1778
657 1495
659 1776
661 1737
663 848
663 1269
663 1455
663 1739
664 1607
668 1912
668 1935
670 952
670 1365
670 1777
670 1987
673 1248
674 973
674 1213
674 1344
675 1132
675 1430
677 692
677 1144
681 1494
681 1801
683 959
683 1260
683 1657
683 1810
683 1837
687 867
687 937
687 1169
688 756
689 830
693 815
696 1172
698 1533
699 1003
699 1997
700 1029
700 1082
701 953
701 1002
701 1243
701 1406
704 1348
704 1444
704 1522
704 1788
704 1819
708 1290
709 1175
709 1458
710 1307
715 1510
715 1735
716 1086
718 845
718 1279
718 1442
719 796
719 1270
719 1561
719 1970
721 977
721 1806
723 1870
726 1877
726 1992
727 1477
728 1097
731 1033
731 1060
731 1104
733 1296
733 1352
733 1471
733 1705
734 1305
734 1841
737 1427
740 1796
741 789
742 822
742 1742
742 1771
743 762
746 1221
754 1050
754 1281
754 1577
755 1409
757 1196
757 1585
757 1995
758 1824
764 964
764 1569
767 1125
767 1595
769 1256
769 1489
771 1545
772 1057
773 1094
774 801
774 1064
775 809
775 1073
776 1077
776 1106
776 1640
777 976
777 1371
780 1421
780 1465
780 1897
782 813
782 889
782 896
783 980
786 1372
790 1336
790 1761
790 1823
790 1972
793 883
793 1575
793 1874
794 1546
794 1615
797 998
797 1107
800 834
808 1145
810 818
810 978
810 1673
811 869
812 1120
812 1520
813 1359
815 938
815 948
816 1729
816 1814
817 832
819 1106
821 1204
826 1074
826 1356
827 1411
829 1129
833 850
833 860
833 908
836 992
836 1006
836 1235
836 1246
836 1647
839 1663
841 1943
843 1482
845 1292
845 1637
847 996
847 1071
851 1454
851 1945
852 1188
852 1930
858 1376
862 1041
862 1531
865 1192
867 967
867 1902
868 1138
868 1199
871 1854
871 1885
878 902
878 958
879 911
881 1599
883 1003
883 1329
883 1601
883 1682
884 1473
890 1068
890 1540
892 1297
892 1726
895 1475
897 1870
899 1194
901 1115
901 1135
901 1142
901 1284
901 1865
901 1905
903 1097
903 1849
904 1517
908 1320
912 1400
913 1694
917 1390
917 1928
918 1991
920 1218
920 1669
921 1548
927 1471
927 1874
928 1718
931 995
931 1340
935 1102
935 1115
941 956
941 1013
941 1493
941 1917
942 1444
944 960
945 1012
948 1700
950 1609
950 1769
951 1823
954 1701
954 1731
955 1330
955 1469
955 1534
956 1834
957 1241
957 1938
960 1034
960 1989
964 1990
966 1431
967 1283
967 1804
968 1046
968 1210
968 1573
968 1876
974 1919
977 1149
979 1025
979 1067
979 1664
984 1040
987 1044
987 1916
987 1989
990 1007
990 1543
992 1301
994 1725
996 1181
997 1017
997 1418
997 1973
998 1589
1003 1092
1004 1693
1007 1153
1010 1049
1012 1842
1013 1051
1013 1055
1013 1634
1013 1892
1016 1559
1016 1655
1016 1780
1019 1787
1024 1268
1025 1825
1032 1819
1035 1513
1035 1535
1035 1759
1036 1509
1036 1995
1038 1806
1038 1833
1039 1733
1039 1913
1039 1972
1041 1423
1041 1906
1042 1128
1047 1234
1047 1339
1048 1142
1048 1347
1048 1478
1049 1732
1052 1374
1056 1726
1058 1359
1058 1433
1058 1946
1061 1171
1064 1923
1065 1919
1066 1899
1067 1516
1067 1762
1070 1265
1070 1327
1072 1121
1073 1896
1074 1222
1077 1220
1079 1370
1083 1957
1085 1299
1093 1492
1098 1323
1098 1593
1099 1638
1101 1466
1103 1482
1103 1672
1109 1543
1110 1368
1113 1720
1113 1875
1121 1659
1121 1701
1121 1773
1125 1338
1129 1155
1131 1319
1136 1214
1144 1518
1144 1962
1158 1363
1161 1513
1164 1711
1166 1523
1169 1674
1172 1362
1174 1439
1174 1487
1175 1343
1175 1397
1178 1646
1181 1448
1182 1840
1184 1794
1185 1890
1189 1810
1193 1197
1193 1335
1194 1873
1198 1462
1205 1539
1211 1278
1218 1391
1218 1996
1221 1584
1221 1733
1225 1698
1229 1865
1234 1574
1235 1538
1241 1416
1242 1310
1242 1556
1242 1931
1247 1734
1248 1572
1249 1314
1255 1465
1255 1511
1260 1856
1270 1496
1274 1680
1274 1924
1277 1576
1280 1696
1285 1464
1286 1817
1289 1818
1291 1497
1293 1852
1296 1695
1297 1905
1298 1514
1298 1612
1300 1740
1306 1515
1325 1939
1326 1922
1331 1782
1336 1889
1336 1993
1337 1470
1340 1675
1350 1648
1355 1643
1357 1440
1357 1743
1357 1820
1359 1435
1363 1695
1368 1596
1368 1716
1368 1878
1382 1942
1385 1687
1390 1914
1393 1951
1400 1920
1407 1783
1411 1562
1413 1472
1423 1764
1427 1813
1437 1574
1437 1669
1437 1809
1437 1952
1439 1770
1442 1644
1447 1631
1447 1866
1448 1881
1453 1820
1453 1962
1454 1624
1454 1859
1455 1517
1455 1774
1457 1886
1462 1551
1462 1619
1466 1563
1476 1963
1478 1779
1478 1908
1480 1665
1480 1757
1482 1718
1491 1869
1495 1671
1496 1730
1504 1547
1507 1760
1507 1846
1512 1618
1524 1748
1528 1904
1572 1753
1572 1770
1590 1635
1593 1617
1595 1968
1597 1670
1597 1754
1603 1787
1609 1629
1619 1894
1619 1896
1628 1832
1639 1668
1644 1697
1645 1746
1650 1710
1652 1832
1655 1831
1665 1793
1669 1911
1723 1750
1724 1949
1822 1868
1825 1998
1836 1958
1849 1873
1886 1982
1922 1932
