0 1
0 2
0 7
0 24
0 27
0 30
0 53
0 56
0 92
0 115
0 133
0 137
0 144
0 178
0 186
0 192
0 218
0 222
1 2
1 3
1 4
1 5
1 6
1 7
1 8
1 10
1 11
1 12
1 23
1 31
1 32
1 37
1 38
1 51
1 57
1 61
1 62
1 64
1 67
1 71
1 72
1 74
1 81
1 113
1 114
1 120
1 131
1 157
1 159
1 166
1 170
1 176
1 186
1 198
1 201
1 205
1 216
1 218
1 228
1 232
1 234
1 242
1 243
1 245
1 248
2 3
2 5
2 6
2 12
2 13
2 16
2 18
2 19
2 20
2 25
2 26
2 27
2 29
2 33
2 34
2 35
2 37
2 38
2 39
2 41
2 43
2 46
2 53
2 55
2 57
2 58
2 62
2 63
2 66
2 73
2 77
2 82
2 87
2 89
2 90
2 91
2 96
2 97
2 98
2 108
2 109
2 111
2 112
2 119
2 132
2 138
2 148
2 152
2 153
2 164
2 167
2 169
2 171
2 174
2 183
2 187
2 190
2 197
2 206
2 208
2 230
2 231
2 233
2 237
2 238
2 242
2 245
3 4
3 14
3 26
3 28
3 42
3 47
3 52
3 58
3 61
3 65
3 66
3 69
3 78
3 80
3 88
3 90
3 91
3 101
3 102
3 115
3 116
3 122
3 155
3 158
3 161
3 172
3 177
3 182
3 184
3 202
3 203
3 212
3 220
3 240
4 8
4 14
4 33
4 54
4 83
4 84
4 85
4 127
4 157
4 168
5 100
6 9
6 16
6 98
6 105
6 108
6 119
6 121
6 188
6 193
6 249
7 19
7 21
7 25
7 32
7 43
7 48
7 71
7 79
7 82
7 94
7 96
7 103
7 106
7 107
7 110
7 117
7 129
7 134
7 137
7 141
7 151
7 160
7 173
7 175
7 177
7 197
7 209
7 211
7 213
7 231
7 235
7 236
7 241
7 248
8 9
8 10
8 11
8 15
8 20
8 22
8 29
8 50
8 60
8 67
8 84
8 100
8 107
8 109
8 111
8 112
8 187
9 17
9 23
9 28
9 54
9 76
9 79
9 95
9 121
9 193
9 224
9 230
10 35
10 40
10 56
10 105
10 240
11 15
11 36
11 40
11 48
11 70
11 97
11 104
11 136
11 140
11 150
11 170
11 189
11 233
12 13
12 17
12 18
12 22
12 49
12 76
12 99
12 161
12 192
12 203
12 222
13 36
13 120
13 136
13 143
13 200
14 21
14 104
14 162
16 24
16 30
16 31
16 44
16 50
16 52
16 64
16 68
16 69
16 122
16 129
16 140
16 147
16 149
16 154
16 160
16 166
16 179
16 191
16 204
16 215
16 219
17 51
17 147
17 198
17 229
18 34
18 42
18 45
18 65
18 83
18 116
18 145
18 162
18 244
19 124
20 86
20 134
20 139
20 224
21 68
21 80
21 118
21 239
22 44
22 135
22 207
23 95
23 143
24 78
24 149
24 151
24 172
24 215
25 87
25 128
25 201
26 180
26 195
26 204
28 132
29 55
29 169
30 46
30 73
30 75
30 106
30 163
30 184
30 199
30 243
31 123
31 178
31 210
33 59
33 148
34 41
34 81
34 85
34 102
34 113
34 123
34 199
35 190
37 130
38 39
38 49
38 168
38 223
40 63
40 92
40 167
40 195
41 59
41 158
41 211
42 45
42 47
44 196
47 174
48 72
48 241
48 246
49 176
50 70
50 75
50 130
50 171
50 207
50 226
50 235
50 236
53 77
53 144
53 156
53 175
54 150
55 128
55 206
55 212
55 226
56 74
56 138
59 60
59 181
59 220
61 86
61 88
61 94
61 141
61 156
61 165
61 179
61 185
62 217
63 99
63 101
63 152
64 93
65 142
66 89
66 145
66 159
67 210
68 181
68 189
69 103
70 125
71 221
74 110
75 155
78 125
78 209
79 180
79 196
82 208
83 126
83 133
87 93
87 117
87 124
87 153
87 227
88 244
89 154
92 118
92 191
92 238
92 246
93 217
96 205
97 146
101 142
102 188
105 127
106 200
110 114
110 194
111 135
113 146
113 223
117 202
118 126
126 131
126 216
132 139
135 194
136 214
136 229
136 249
140 163
141 219
142 164
143 173
143 234
146 182
146 239
152 183
154 165
167 185
192 225
194 247
199 247
201 228
205 213
206 214
207 232
211 227
214 225
215 221
230 237
