0 141
0 709
0 2468
0 3131
1 724
1 1119
1 1944
1 2032
1 2570
1 2921
2 1056
2 1274
2 1541
2 1585
2 1695
2 3043
2 3212
2 3329
3 1336
3 1352
3 1433
3 1876
3 3472
4 3000
4 3560
5 1492
5 2278
5 3810
6 313
6 1887
6 2109
6 2796
6 3091
6 3198
6 3733
7 620
7 626
7 2432
7 2630
7 3284
8 131
8 393
8 485
8 3890
8 3963
9 1353
9 1779
9 3121
10 351
10 659
10 796
10 1209
10 1356
10 1471
10 1741
10 2170
10 2351
10 3383
10 3818
11 2586
12 1092
12 3598
13 255
13 958
13 2116
13 3267
13 3559
14 910
14 1832
14 3136
15 1014
15 1299
15 2971
15 3352
15 3581
16 1202
16 1316
17 1840
17 2555
17 3170
17 3273
18 158
18 197
18 2064
18 3245
18 3928
19 187
19 299
19 2533
19 3912
20 899
20 1419
20 1452
20 1628
20 2280
20 3222
21 704
21 1403
21 1857
21 2441
21 2523
21 3091
21 3105
21 3170
21 3196
21 3523
22 1086
22 1596
22 3585
23 583
23 1729
23 2443
23 3693
24 265
24 1228
24 1280
24 1326
24 2892
25 1852
25 2358
25 2721
26 123
26 302
26 579
26 2625
26 2991
26 3878
27 782
28 2660
28 3090
29 1446
29 1672
30 566
30 725
30 1592
30 3100
30 3118
30 3241
31 2460
31 2755
32 65
32 1336
32 2221
33 1505
33 1586
33 1902
33 2550
33 3680
34 74
34 162
34 1607
34 2419
34 3328
34 3843
34 3945
35 2414
35 2471
35 2555
35 3499
35 3634
36 72
36 573
36 1345
36 2814
36 3395
36 3426
37 587
37 3701
38 46
38 452
38 885
38 1446
38 2065
38 2506
38 3415
39 3008
40 63
40 1913
40 2299
40 2749
40 2795
40 2799
41 425
41 1520
41 1754
41 2354
42 987
42 1632
43 1399
43 3280
43 3823
44 1049
44 3861
45 231
45 248
45 469
45 2003
45 2672
45 2824
46 679
46 1274
46 2282
46 2301
46 2689
46 3899
47 142
47 609
47 845
47 1548
47 2162
47 3223
47 3772
48 956
48 1864
48 2542
48 3901
49 981
49 1800
49 1814
49 2621
49 3193
49 3705
49 3864
50 557
50 2629
51 1292
51 1920
52 1087
52 1444
54 2527
54 3679
55 889
55 1654
55 2072
56 1263
56 2417
56 2658
56 3859
57 1302
57 2220
57 3099
57 3382
58 1675
58 1962
58 3109
59 2139
59 2145
59 2269
59 2273
59 3365
59 3674
60 1234
60 1514
60 2164
60 3435
61 407
61 574
61 2732
61 3057
62 2191
62 2306
62 2953
62 3460
63 179
63 271
63 1102
63 1362
63 1668
63 2889
64 242
64 957
64 988
64 2968
64 3834
65 3798
66 372
66 1358
66 1953
66 2080
66 2333
66 3787
66 3803
67 299
67 576
67 632
67 1509
67 1741
67 2061
67 2499
67 2946
67 3687
68 1321
69 398
69 522
69 2944
69 3009
70 1211
70 2351
70 3467
70 3634
70 3766
71 3443
71 3944
71 3973
72 304
72 591
72 2630
73 1104
73 2382
73 3335
73 3629
73 3757
74 194
74 2317
74 2643
74 3275
74 3696
75 131
75 734
75 1282
75 3429
76 1052
76 1212
76 1557
76 1901
76 2091
76 2169
76 2582
76 2664
77 2248
77 2883
78 1095
78 1879
78 3979
79 231
79 1508
79 1787
79 1849
79 1939
79 2240
79 2747
79 2878
80 149
80 2509
80 3787
81 119
81 2661
82 226
82 2372
82 3050
82 3726
83 505
83 559
83 1633
83 2709
83 3248
84 210
84 1804
84 2481
84 2949
85 1027
85 1295
85 2992
85 3833
86 800
87 2979
87 3604
88 2149
88 2537
88 3702
88 3719
89 713
89 872
89 1329
89 1889
89 2158
89 3440
91 1555
92 604
92 614
92 1360
92 1885
92 3230
93 370
93 539
94 310
94 1946
94 3138
95 311
95 2932
95 3094
95 3910
96 1683
97 2006
97 2766
97 3282
97 3360
98 2573
98 3884
98 3974
99 1238
99 2398
99 2902
100 514
100 818
100 3207
100 3501
102 1054
102 1189
102 1726
102 3939
103 1152
103 3720
104 172
104 1045
104 1811
104 1829
104 2204
105 1108
105 1637
105 1900
105 2024
106 864
106 2041
107 445
107 2816
108 2129
108 2962
109 2141
109 2201
110 367
110 817
110 1683
110 2076
110 2328
110 2442
110 3694
111 1489
111 1757
111 2505
111 2949
111 3322
112 269
112 654
112 1051
112 2183
112 2537
112 3190
112 3380
113 698
113 1717
113 3329
113 3854
114 260
114 2948
115 698
116 3462
116 3624
117 1653
117 1705
118 293
118 1523
118 3575
118 3699
118 3818
119 1742
119 2566
119 3084
119 3210
120 2741
120 3602
121 1723
121 2243
121 3235
121 3365
121 3629
122 1038
122 2190
122 2875
122 3195
122 3648
123 2917
124 529
124 1405
124 2621
124 3861
125 1152
125 2020
125 2450
125 3064
125 3732
126 189
126 1816
126 2963
126 3664
127 1007
127 2220
127 2600
128 682
128 1072
128 1690
128 2554
128 3683
128 3864
129 532
129 1330
130 806
130 1838
130 2914
130 3434
131 481
131 1108
131 1668
131 3109
131 3527
132 2594
132 3314
132 3776
133 262
133 552
133 1059
133 1390
133 2849
133 3764
134 237
134 1228
134 3229
134 3466
135 1081
136 572
136 884
136 2074
136 2226
136 2424
136 2543
137 710
137 907
137 1321
138 1349
138 1571
138 1700
138 1866
138 2380
138 3345
139 141
139 515
139 2216
139 3265
140 311
140 3158
141 198
141 946
141 1630
141 2461
141 3187
141 3904
141 3977
142 1052
142 2482
142 3622
142 3935
143 3268
144 1760
144 3940
145 897
145 3674
146 1476
146 2481
147 2215
148 1398
148 1716
148 1770
149 3056
149 3205
149 3511
149 3530
149 3533
150 614
150 622
150 1753
150 1889
150 2231
150 2894
150 3688
151 540
151 1284
151 1557
151 1797
151 3979
152 2382
152 2456
152 3373
152 3499
153 317
153 3381
154 1461
154 1692
154 2140
154 2448
154 2928
154 3137
154 3359
155 618
155 2393
155 3840
156 1091
156 1596
156 2082
156 2485
156 2732
156 3560
156 3712
156 3805
156 3967
157 3355
157 3946
158 688
158 1983
158 2796
158 3143
159 347
159 730
159 3420
160 862
160 1853
160 3713
161 2607
161 2867
162 509
162 3591
163 2742
163 3003
164 562
164 1551
164 1699
164 2005
164 2388
165 1067
165 1540
165 2147
166 1409
166 1792
166 1879
166 3605
166 3783
167 220
167 742
167 1348
167 2572
167 3048
167 3065
168 3217
168 3517
168 3552
169 2577
169 3702
170 886
170 1667
170 2233
170 2932
170 3393
171 1612
171 3182
171 3587
172 559
172 2570
172 2998
173 893
173 1751
173 2617
173 3925
174 380
174 593
174 782
174 1325
174 1921
174 2698
174 3023
174 3115
174 3756
175 839
175 1778
175 3806
176 381
176 572
176 971
176 2329
176 3317
176 3476
176 3841
177 713
177 2293
177 2609
178 185
178 223
178 1081
178 3489
179 682
179 746
179 1304
179 3674
180 567
180 570
180 1206
180 1349
180 2540
180 3347
180 3473
181 1097
181 2837
181 2907
182 1076
182 1268
182 2279
182 3801
183 933
183 1068
183 3818
184 283
184 489
184 810
184 1259
184 2504
184 2559
184 3972
185 2542
186 1610
186 3303
187 586
187 1320
187 2133
187 2734
187 2903
187 2967
187 3437
188 402
188 1653
188 1927
188 1955
188 2303
188 2646
189 2551
189 2704
189 3435
189 3711
189 3827
190 526
190 1117
190 1552
191 248
191 946
191 1790
191 2425
191 3873
192 1727
193 277
193 1660
193 3717
194 735
194 786
194 3101
195 2744
196 1348
197 379
197 2022
197 2785
197 3954
198 2240
198 2348
198 2719
198 3450
199 402
199 531
199 1281
199 2668
199 2678
199 2768
200 1229
200 2458
200 3770
201 406
201 984
201 1670
201 2639
201 3045
201 3094
201 3773
202 333
202 732
202 903
203 309
203 1017
203 1661
203 3371
204 3151
205 236
205 2211
205 2345
205 2577
205 2988
205 3073
205 3621
206 1128
206 2855
206 3907
207 372
207 420
208 382
208 640
208 2388
208 3186
208 3383
208 3922
209 758
209 1183
210 1236
210 3224
211 495
211 640
211 687
211 1296
211 1600
211 1711
211 2089
211 2998
211 3695
212 433
212 461
212 796
212 3456
212 3740
213 659
213 975
213 1181
213 3037
214 537
214 580
214 3800
215 425
215 1765
215 2330
216 1762
216 1771
216 2153
216 2266
216 2526
216 3956
217 418
217 3242
218 880
218 964
218 1318
218 1791
218 1940
218 2013
219 445
219 758
219 2673
220 323
220 1561
220 2970
220 3036
220 3513
220 3618
221 724
221 2523
222 412
222 910
222 1240
222 1261
223 1603
223 2617
223 2943
223 3171
223 3189
223 3991
224 2128
224 2857
225 2819
226 2379
227 1361
227 2478
228 632
228 674
228 839
229 2194
230 818
230 1018
230 1252
230 1311
230 2468
230 3756
231 3655
231 3709
232 746
232 1183
232 1646
232 3853
233 2169
233 3423
234 2018
235 1415
235 1638
235 3036
236 2044
236 2468
236 3325
236 3469
236 3577
238 468
238 1600
238 2358
238 3232
238 3285
238 3287
239 474
239 1720
239 3240
239 3441
239 3566
240 352
240 2923
240 3555
241 806
242 634
242 1070
242 1540
242 2640
243 843
243 2043
243 2274
243 2466
243 2919
244 483
244 2403
244 3970
245 2213
245 2503
245 3222
246 1289
246 2894
246 3076
246 3871
247 463
247 2620
248 2919
248 3342
248 3497
248 3534
249 792
249 3150
250 3809
251 595
251 1390
251 3446
252 940
252 1461
252 2539
252 2628
253 257
253 899
253 1562
254 983
254 1248
254 1356
254 1410
254 2790
254 2968
254 3723
254 3984
255 796
255 1228
255 1966
255 2293
255 3483
256 1507
256 2891
256 2994
257 1342
257 1727
257 2887
258 865
258 2600
259 500
259 1433
259 2117
260 484
260 1096
260 2216
260 3064
260 3672
261 385
261 3022
261 3082
262 1025
262 1787
262 2563
262 3685
262 3829
263 1368
263 1456
263 1527
263 2268
263 2571
263 2787
263 3692
264 608
264 1422
264 1976
264 2339
264 3142
264 3534
265 643
265 1098
265 1917
266 2076
266 3906
267 1933
267 2453
268 326
268 1387
268 1938
268 2427
268 2803
268 3152
269 1177
269 1854
270 1259
270 1264
271 675
271 844
271 1707
271 2043
271 3580
272 880
272 2163
272 3243
272 3335
273 357
273 1208
273 1723
273 3022
273 3381
273 3835
274 721
274 1021
274 1044
274 1530
274 1569
274 1847
274 2276
274 2940
275 404
275 966
275 2097
276 1090
276 2670
276 2960
276 3539
277 726
277 1063
277 3852
278 1105
278 1534
278 1689
278 2318
278 2666
279 1778
279 3266
280 1110
280 2098
280 3135
280 3376
280 3743
280 3817
281 1672
281 3484
282 399
282 434
282 2510
282 3407
283 428
283 473
283 2180
283 2286
283 3724
284 1277
284 1591
284 3141
284 3726
284 3810
285 756
285 1344
285 1995
285 2536
285 2629
286 483
286 1238
286 2983
287 2472
287 2518
287 2688
288 1248
288 1967
288 2488
288 3059
288 3413
288 3689
289 364
289 801
289 1709
289 1981
290 1160
290 2129
291 1358
291 2136
291 3766
292 2363
292 2999
293 419
293 461
294 1017
294 1508
294 1757
294 2209
295 462
295 629
295 1002
295 1547
296 1354
296 2482
297 849
297 960
297 1064
297 2064
297 2346
297 2612
297 2792
297 3104
297 3923
298 724
298 1379
298 1875
298 2594
299 841
299 2038
299 2933
300 575
300 834
300 2920
300 2941
300 3314
300 3471
301 3545
302 337
302 1256
302 2781
302 3872
303 649
303 983
303 1061
303 1184
303 1843
304 423
304 695
304 3352
305 2264
305 2636
305 3109
305 3831
306 1739
306 1928
306 2008
306 2257
306 2379
306 2431
306 2831
306 3317
306 3738
307 1040
307 1668
307 2085
307 2210
307 2584
307 3170
307 3801
308 1093
308 1097
308 1206
308 2113
309 3324
309 3994
310 2955
311 1388
311 1516
311 1805
311 1816
311 3673
311 3995
312 2447
312 2591
313 634
313 3576
313 3723
314 1771
314 1779
314 3302
315 1583
315 1989
315 2637
315 3451
315 3580
315 3697
316 2659
316 3007
317 1213
317 2763
317 3265
318 555
318 3309
319 766
319 3928
320 1701
320 2438
320 2910
321 1304
321 1534
321 3011
322 1089
322 2947
322 3081
322 3621
322 3870
323 2794
323 2979
324 2205
324 2493
324 3781
325 489
325 980
326 1314
326 2273
326 3018
326 3045
327 1019
327 1407
327 2530
328 1371
328 2008
328 2452
328 2548
329 3403
330 670
330 1319
330 2260
330 2972
331 667
331 1310
332 3879
333 390
333 1547
333 1582
333 1808
333 2091
333 2301
333 2584
333 2660
333 2744
333 3842
334 1376
334 1716
334 2101
334 3164
334 3343
334 3889
335 1218
335 1550
335 1909
335 3370
336 1204
336 1678
336 3256
336 3552
337 715
337 1030
337 2116
337 2615
337 3345
338 1671
338 2325
338 2925
338 3349
339 1452
339 2624
339 2975
339 3356
339 3796
340 1251
340 1446
340 1626
340 2039
340 2626
340 3306
340 3780
341 705
341 814
341 1243
341 1858
341 2324
341 2437
342 428
342 957
342 1058
342 1191
342 2788
343 428
343 1723
343 1977
343 2043
344 488
344 2047
344 2447
344 2557
344 3722
345 559
345 1400
345 3834
346 1482
346 2823
346 3808
347 2553
348 1157
348 2871
348 3322
349 1783
349 2092
349 2983
349 3023
350 1259
350 1962
350 2892
351 1038
351 1045
351 1478
352 1168
352 1229
352 2258
353 2412
353 2788
353 3418
353 3720
353 3820
354 424
354 481
354 1328
354 3784
355 1758
355 3692
356 1565
356 2120
357 2990
357 3044
357 3700
358 371
358 1701
359 640
359 919
359 1951
360 1604
360 3515
361 1513
361 2439
361 2925
362 1968
362 2479
362 2967
363 900
363 1015
363 1668
363 2833
364 1102
364 1597
364 1748
364 2213
366 1311
366 2044
366 3586
366 3762
367 1598
367 1785
367 2127
368 415
368 751
368 1635
368 3247
369 2804
369 2890
370 2845
371 1401
371 2265
371 2694
371 3516
371 3694
372 1077
372 1801
372 2648
372 2868
373 374
373 465
373 735
373 995
373 1007
373 2834
374 809
374 3235
374 3835
375 549
375 1117
375 1540
375 1651
375 1679
376 535
376 1621
376 2170
376 2749
376 3826
376 3838
377 693
377 987
377 1232
377 1890
377 2112
377 2256
377 3720
379 402
379 2402
379 3026
381 1688
381 1854
382 1613
382 1834
382 2340
383 1894
383 2112
383 3064
383 3449
384 1251
384 1715
384 2026
384 2135
384 2536
384 2608
385 923
385 1460
385 1546
385 1740
385 3065
385 3157
386 803
386 923
386 1069
386 1539
387 910
387 1441
387 3262
387 3477
388 1047
388 1438
388 2336
389 1101
389 1656
389 2576
389 3780
390 427
390 719
390 1246
390 1931
391 1716
391 2125
392 2142
392 2780
392 3875
393 443
393 507
393 2069
393 2195
393 2810
393 3226
393 3355
394 1913
394 2226
394 3209
395 1851
395 3787
396 2976
396 3086
396 3956
397 660
397 1768
397 2737
398 869
398 1450
398 2854
399 3828
400 902
400 1343
400 2147
400 2368
400 2781
400 2965
400 3227
400 3257
401 634
401 1008
401 1519
401 1565
401 1594
401 2225
402 419
402 3406
402 3652
402 3744
403 1435
403 1459
403 2552
403 3011
404 430
404 499
404 750
404 766
404 1217
405 758
405 1846
405 2772
406 466
406 939
406 1536
406 3760
407 1605
407 3423
408 3575
409 501
409 1728
409 3483
410 3807
411 627
411 2957
411 3246
411 3608
412 593
412 2673
412 3225
412 3510
413 1227
413 2016
413 3303
413 3535
413 3917
414 709
414 1234
414 3838
415 1299
415 2047
415 2052
415 2412
415 2414
415 3296
416 1290
416 1950
416 2851
417 1901
418 1264
418 2222
418 3067
418 3791
418 3832
419 1176
419 1532
419 3976
420 1166
420 1868
420 2841
420 3029
420 3418
421 3148
421 3495
421 3705
422 892
422 971
422 3688
423 1285
423 1483
423 3446
424 1066
424 1139
424 1721
424 3249
424 3857
425 1170
425 2058
425 2170
425 2950
425 3235
426 2283
426 2936
428 509
428 718
428 920
428 1618
428 3896
429 960
429 1458
429 1777
429 2303
429 3408
430 1063
430 1528
430 1776
430 2385
430 3330
430 3379
430 3905
431 797
431 2124
431 3206
432 444
432 571
432 2276
432 2673
432 3556
433 735
433 828
433 2048
433 2759
433 3521
434 634
434 1378
434 3181
435 1633
436 437
436 1301
436 3507
436 3531
437 673
437 1083
437 2353
437 3263
437 3448
437 3978
438 2092
438 2320
438 2690
438 3544
439 534
439 657
440 1248
440 1553
441 443
441 578
441 1847
442 1489
442 3400
443 466
443 1132
443 1411
443 2187
443 2616
444 882
444 1219
444 1479
444 1730
444 3310
445 1384
445 2811
445 3598
445 3798
446 760
446 1330
446 2993
447 684
447 1238
447 2259
447 2280
448 3750
449 646
449 878
450 1806
450 2201
450 3448
450 3664
451 1802
451 2541
451 2878
451 3318
452 2328
452 2810
453 2629
454 2076
454 3221
454 3282
454 3897
455 1504
455 2523
456 3578
457 646
457 2017
458 938
458 3022
458 3105
459 1435
459 2743
460 968
460 2425
460 3059
460 3704
461 2085
461 2967
461 3938
462 684
462 756
462 2030
463 704
463 891
463 1261
463 1839
463 3624
464 689
464 2521
466 1126
466 2332
466 3381
466 3645
467 2890
468 1987
469 989
469 1165
469 2402
469 2928
469 3014
469 3295
469 3818
470 979
470 1335
470 2028
470 2551
471 1017
471 1247
471 1393
472 1741
472 2545
472 3109
472 3514
472 3868
473 886
473 1281
473 3207
473 3527
473 3532
473 3773
473 3931
474 1676
474 2645
474 3066
475 2559
475 3487
475 3597
476 1576
476 1893
476 2648
477 993
477 1979
478 892
479 1411
479 2057
480 709
480 1082
480 1892
480 2329
480 3341
481 609
481 1716
481 2973
482 671
482 690
482 2909
482 2995
482 3497
483 1121
483 1551
483 1832
483 2120
484 1311
484 2113
485 595
485 3782
486 2188
486 2259
486 2464
486 2898
486 3040
486 3386
486 3763
487 1548
487 1977
487 2420
487 2471
487 3100
488 1981
488 2579
488 2928
489 841
489 921
489 1812
489 2656
490 527
490 1092
490 2439
490 3483
491 654
491 1941
491 2120
492 1439
492 2316
492 3679
493 1562
493 1739
493 3481
493 3536
494 1914
494 2360
494 3383
495 2200
495 2806
495 3741
496 1495
496 2383
496 2766
496 3356
497 817
497 985
497 1660
497 1982
498 505
498 3934
499 1618
499 2362
499 2574
499 2842
499 2920
499 3679
500 1678
500 2638
500 2921
501 1391
502 1197
502 3521
503 693
503 1088
503 1738
503 1822
504 861
504 3052
505 656
505 1682
505 1743
505 2121
505 2498
506 510
506 1066
506 1485
508 1442
508 3260
509 738
509 1320
509 2891
509 3066
509 3727
510 2437
511 703
511 1035
511 1260
511 1282
511 1658
511 3261
511 3588
512 1131
512 2359
513 817
513 1218
513 2731
513 2926
514 2458
514 3345
514 3545
514 3596
515 1051
515 1228
515 1455
515 3753
516 996
517 944
517 3683
517 3881
518 3818
519 1743
519 2914
519 3915
520 1490
521 1084
521 1818
521 2552
522 651
522 652
522 809
522 967
522 1098
522 1834
522 1942
522 2161
523 588
523 1256
523 1878
523 3196
524 814
524 1423
524 1941
524 3054
525 1607
525 2404
525 3324
526 1823
527 688
527 691
528 2872
528 2937
528 3435
528 3478
529 582
529 598
529 1637
529 1931
530 1323
530 1513
530 2301
531 2286
531 2349
531 2533
531 2550
531 2660
531 3205
531 3274
531 3378
532 628
532 646
532 878
532 3144
535 923
535 2433
536 837
536 1747
536 2934
537 1693
537 2068
537 3127
537 3229
537 3370
538 2396
538 3488
539 659
539 943
539 2546
539 2775
539 3505
540 2450
540 2707
541 881
541 3272
541 3977
542 1865
542 2593
542 3110
542 3723
543 1753
543 2606
543 3267
544 3408
545 2842
545 2894
545 3043
545 3925
546 2705
546 3251
546 3566
546 3928
547 764
547 2223
547 2940
547 3427
547 3963
548 1406
548 1549
549 702
549 953
549 978
549 997
549 1929
549 2877
549 2972
551 2558
551 3300
551 3714
551 3719
551 3945
552 1699
552 3966
554 3415
555 1336
555 1724
555 1818
555 3024
556 1809
556 1856
556 2120
556 3383
556 3721
557 617
557 1184
557 1214
557 2461
557 2810
558 3471
559 2155
560 1576
560 1749
560 1943
560 2686
560 2795
560 3282
561 3425
561 3487
563 891
563 2546
564 2159
564 2334
564 2969
564 3573
565 1752
565 2116
565 3523
566 2638
566 3149
566 3450
567 2281
568 1357
568 1401
568 2248
568 2791
568 2863
568 3180
569 3278
570 1106
570 2463
570 2769
570 3118
570 3654
571 573
571 2165
571 2673
571 3089
571 3357
572 802
572 1389
572 3097
573 1583
573 2645
573 3386
574 986
574 1273
574 1623
575 1539
575 3164
575 3335
576 1592
576 3370
576 3724
577 2548
577 2593
577 3279
578 1436
578 2551
579 3286
579 3645
580 1170
581 959
581 1499
581 2155
581 3503
582 2306
582 2374
582 2548
582 2846
583 755
583 940
583 1818
583 2451
584 3389
585 1718
585 1812
585 3377
586 600
586 2606
586 3302
587 2321
587 2340
587 2533
588 775
588 1131
588 1152
588 2413
589 2653
589 2852
590 1475
590 2631
590 2639
590 2663
590 2791
590 3729
591 1505
591 3109
592 1933
592 3668
593 2188
593 2600
593 2623
594 2309
595 1028
595 1706
595 1889
595 2293
595 3520
595 3809
595 3941
596 740
596 865
596 910
596 2255
596 3195
596 3978
597 1004
598 3186
598 3889
599 970
599 2485
599 3546
599 3638
600 955
600 3032
600 3290
601 1703
601 2698
601 3162
601 3838
602 1155
602 1817
602 1853
602 3747
603 670
603 2251
603 2650
604 969
604 1494
604 2092
604 2972
604 3907
605 1766
605 2604
606 3122
606 3269
607 1105
607 1211
607 3884
608 813
608 1387
608 1508
608 1697
608 1912
608 2642
608 3357
608 3618
609 2149
609 2535
609 2843
610 798
610 1237
610 1591
610 2840
610 3142
610 3147
611 1529
612 2589
612 3337
613 1410
613 2154
613 2579
614 637
614 1575
614 2992
614 3083
614 3610
614 3647
615 1411
615 1416
615 1504
615 2644
615 3190
615 3507
615 3836
616 1185
616 1930
616 2721
616 3173
617 1190
617 1561
617 2357
618 857
619 1805
619 3569
619 3737
619 3946
620 2633
620 3595
621 2251
622 1351
622 1452
622 2746
622 2952
622 3151
622 3160
623 748
623 1379
623 2638
623 3753
624 753
625 1891
625 3681
626 683
626 2384
627 774
627 1327
627 3856
628 1201
628 1579
628 2015
628 3135
628 3461
629 1806
629 1853
630 2409
630 2584
630 3384
631 784
631 2065
632 3848
633 1058
633 1509
633 3434
634 2783
634 3790
634 3811
635 2792
635 2904
636 1460
636 2700
636 3864
636 3884
637 1217
637 1690
637 2128
637 2726
637 2826
638 1936
638 2124
639 2851
639 3417
640 1146
641 1517
641 3306
642 947
642 2165
642 3671
643 900
643 1789
643 2119
643 3829
643 3902
644 1064
644 3253
644 3624
645 2230
645 3225
646 862
646 1376
646 2567
646 2933
646 3755
647 1340
647 1831
647 2030
647 3782
648 2589
648 2961
648 3260
649 834
649 982
649 2111
649 2701
650 1425
651 1592
651 1967
651 2049
651 3474
652 2994
652 3383
652 3515
654 1120
654 2485
654 3837
655 762
655 1936
655 2238
655 2388
656 950
656 1020
657 869
657 3059
657 3147
657 3729
657 3775
658 2348
658 2500
659 1581
659 2377
659 2990
659 3024
659 3294
660 1235
660 1537
661 801
661 2155
661 2266
661 2645
661 2978
662 1965
662 3372
663 1443
663 2814
664 1223
664 2676
664 3483
664 3749
665 1432
665 2034
665 2692
665 3471
665 3500
666 2610
667 3669
668 1993
668 2427
668 2962
668 3461
668 3735
668 3922
669 1921
669 2846
669 3962
670 2504
670 2601
671 2543
671 2753
671 3231
672 1347
672 2486
673 1558
673 1741
673 1806
674 840
674 904
674 1418
674 1568
674 1760
674 1941
674 1988
675 877
675 1286
675 3325
676 1695
677 695
677 2448
677 3594
678 921
678 958
678 1123
678 1348
678 1463
678 1647
678 1731
678 2117
678 2181
679 739
679 1503
679 2732
679 3144
679 3812
680 794
680 3940
681 1635
681 2973
681 3142
681 3989
682 953
682 1246
682 1904
683 1254
683 1417
683 1555
683 1880
683 2272
683 2397
684 1284
684 1406
684 1848
684 2152
685 1485
685 1952
686 689
686 1276
686 2166
686 3713
686 3913
687 1908
687 2648
687 2875
688 2605
689 1602
689 1651
690 1774
690 3483
691 2955
691 3013
691 3421
692 2089
692 2314
693 746
693 1048
693 1532
693 2074
693 2087
694 1094
694 2050
694 2424
694 3783
695 786
695 1271
695 2822
695 3575
696 1031
696 1615
696 1876
696 2640
696 2860
697 1194
697 1202
697 1507
697 1778
697 2133
697 2596
698 2016
699 2301
699 2356
699 2585
699 2589
699 2636
699 2791
700 2261
700 3059
700 3184
700 3569
700 3760
701 730
701 1522
701 2660
701 2986
702 1713
702 2099
702 2152
703 2102
703 2189
703 3517
704 1249
704 2922
705 2114
705 3226
706 732
706 2268
707 829
707 1058
707 1775
707 2300
708 763
708 1811
708 2277
708 2562
709 1304
709 1916
709 2860
709 3864
710 911
710 1163
710 2297
710 3721
711 1809
711 3101
712 2524
712 2816
712 2874
713 2870
713 3718
714 903
714 1655
714 1805
714 2502
714 2883
714 3188
715 1688
715 1704
715 3235
716 1167
716 2645
716 2968
716 3804
716 3838
717 2677
718 821
718 869
719 1184
719 1410
720 1000
720 1082
720 1129
720 2572
720 2739
720 3192
721 1508
721 2336
721 3679
721 3759
722 3332
723 2777
723 2783
723 2903
723 3350
723 3710
723 3858
724 1257
724 1936
725 844
725 913
725 1638
725 2102
725 2399
726 763
726 2559
726 3372
726 3734
726 3898
727 1951
727 2791
727 3278
727 3833
728 1125
728 1750
728 2476
728 2872
729 1580
729 3027
729 3805
730 848
730 948
730 963
730 1472
730 1925
730 3006
731 992
731 1194
732 1137
732 1598
732 2426
732 3190
733 2353
734 1254
735 886
735 1034
735 1292
735 2482
735 2876
735 2960
735 3903
736 1370
736 2029
736 3161
736 3368
737 1481
737 3040
738 2454
738 2609
739 1060
739 2476
739 2571
739 2943
740 1331
740 1931
740 3088
740 3241
741 1163
741 1621
741 1825
741 2768
741 3499
742 2552
743 909
743 1878
743 2489
744 2407
744 2722
744 3905
745 1186
745 2081
745 2389
745 2814
746 1169
746 1567
746 3248
747 1187
747 1962
747 2187
747 2615
748 2157
748 3179
749 3507
750 2927
750 3701
751 1125
751 2188
751 3595
752 2726
752 3223
753 2382
753 3072
754 1069
754 1078
754 1771
754 2259
754 2420
754 3336
754 3743
755 818
755 990
755 1778
755 3321
756 1566
756 1705
756 2764
756 2880
757 1770
757 2736
758 883
758 911
758 2415
759 3037
759 3637
760 3325
761 1749
761 3214
762 1804
762 2786
762 2861
762 3147
762 3751
763 2581
763 2757
763 3962
764 2285
765 1405
765 2056
765 2568
765 3544
766 792
766 2022
767 1300
767 2555
767 3362
767 3506
767 3832
768 2059
768 3324
768 3351
769 1161
769 3217
770 1314
770 1593
770 3208
770 3642
770 3855
772 1518
772 3303
774 2720
774 2885
774 3481
775 1235
775 2341
775 3518
776 1528
776 1636
776 2162
777 1376
777 2207
777 2916
779 1134
779 2193
779 3704
780 958
780 1266
780 2171
780 3272
781 1760
782 916
782 1126
783 1094
783 1864
783 3029
784 903
784 1615
784 2110
784 2356
784 3425
785 1261
785 2036
785 3204
786 1696
786 2059
786 2304
786 2687
786 3203
787 856
787 2850
788 1352
788 2156
788 3128
789 983
789 1168
789 1707
789 3922
790 3193
790 3351
791 1961
792 1033
792 1220
792 1417
792 1761
792 2083
792 2098
792 3035
793 891
793 923
794 1546
794 1825
795 1224
795 1911
795 2111
795 2604
796 1035
796 2751
797 920
797 1477
797 2387
797 2916
798 2276
799 1188
799 1554
799 2103
799 2367
799 2575
799 3837
800 2374
800 2741
800 2784
800 3029
801 1561
801 3730
802 1093
802 1475
802 1620
803 2372
803 2605
804 1232
804 2668
804 3458
804 3924
804 3953
805 933
805 1704
805 1956
805 3050
805 3204
805 3263
806 1458
807 1075
807 2450
807 2531
807 2549
807 3628
808 2125
808 2313
808 2824
808 3060
808 3409
808 3511
808 3591
808 3723
809 2502
809 3942
810 1855
810 1869
810 3185
811 3483
812 943
812 2820
813 984
813 1385
813 1837
813 2952
813 3463
814 1510
814 1654
814 1959
815 2320
815 3946
816 1442
817 2069
817 2215
817 2367
818 2052
818 3582
818 3736
819 1161
819 1965
819 3900
820 880
820 1736
820 1788
820 1917
820 2002
820 2152
820 2702
820 3325
821 840
821 1434
821 1941
822 2225
822 3299
823 1190
823 1304
823 3087
823 3862
823 3928
824 1517
824 1584
824 3052
824 3230
825 1593
825 3844
826 2728
826 3609
827 2943
828 980
828 998
828 1508
828 2952
828 3039
828 3217
828 3903
829 1887
829 1950
829 3123
830 1590
833 1061
833 3806
834 1168
834 2021
834 2054
834 2849
834 2937
834 3053
834 3167
835 3081
836 3436
837 1943
837 2341
838 1840
838 2313
838 2549
838 3523
838 3982
839 1537
839 2773
839 3175
839 3504
840 1930
840 2667
840 2782
840 3340
841 2152
842 1587
842 3335
843 1201
843 1652
843 1971
843 2127
843 2171
843 2218
844 867
844 2570
844 3030
844 3379
845 2528
845 3799
846 3995
847 1515
847 1645
847 2070
847 3629
847 3659
848 940
848 1649
848 2077
848 3327
849 933
849 3814
850 917
850 1414
850 1701
850 2457
851 1901
851 1973
851 2388
851 3184
852 868
852 2578
852 2979
853 3624
854 1884
854 3488
854 3827
855 2408
855 2942
855 3429
856 1665
856 3506
856 3511
857 878
857 934
857 1510
857 2136
857 2537
857 3593
858 1364
858 2904
858 3266
858 3671
858 3717
859 1060
859 2794
859 3256
860 1468
860 2897
860 2993
861 2743
861 2863
862 900
862 1503
862 1789
862 3044
863 1374
863 1642
863 1843
863 2453
863 3920
864 971
866 2121
866 2988
867 2707
867 3025
868 1080
868 1430
868 1737
868 2282
868 2405
868 3956
868 3990
869 3391
870 2910
870 3257
870 3715
871 1553
871 2493
872 1012
872 2328
872 2704
872 3496
873 1842
873 2666
873 2889
873 3153
873 3508
873 3762
874 2618
874 3132
875 3207
875 3547
876 909
876 2621
876 3753
876 3865
877 1111
877 1250
878 1579
878 1720
878 1893
879 1106
879 1905
879 2522
880 966
880 1904
880 3345
880 3710
881 1998
881 3851
882 1324
882 1977
882 2292
882 2469
882 2771
882 3852
883 2038
883 2272
883 2654
883 3880
884 2661
884 2886
884 3628
885 1903
885 2219
885 2465
885 2528
885 3004
885 3602
886 2717
886 2757
887 1660
887 2291
888 1345
888 1472
888 1481
889 1253
889 1489
889 3034
889 3370
890 3176
891 2737
892 1106
892 1487
892 2081
892 2612
893 1088
893 1911
893 2121
893 2269
893 2736
893 3848
894 1801
894 2443
896 2306
896 2753
896 3076
896 3937
897 2338
897 2576
897 2728
898 1194
898 3378
899 2968
900 1033
900 1187
900 1452
900 2935
900 3907
901 3149
903 3331
904 2487
904 3404
904 3551
904 3619
905 1845
905 1955
905 3420
906 1339
906 1653
907 1000
907 2505
908 3872
909 1056
909 2014
909 2057
909 2189
909 2421
910 2340
910 2395
911 1853
911 3596
912 987
912 1479
912 1499
912 2381
912 3531
914 1217
914 2985
915 1358
915 1522
915 2082
915 2678
915 3482
916 1154
916 2505
916 2956
916 3239
916 3405
916 3598
917 1340
917 1699
918 3761
918 3903
919 1514
919 2784
919 3216
919 3409
920 1039
920 2054
920 2302
920 2331
920 2915
920 2922
920 3845
921 1251
921 2483
922 1619
922 3571
922 3948
923 1050
923 2562
923 2841
924 3147
924 3487
925 2027
926 2555
927 3539
927 3733
928 1125
928 1681
928 2044
928 3597
929 1985
929 2175
929 2353
930 1534
930 3810
931 1030
931 1375
931 1742
931 2112
931 2141
931 2744
932 1148
932 1422
932 1904
932 2012
932 2318
932 3461
932 3676
933 1206
933 1782
933 3437
935 2696
935 2749
936 1949
936 2379
936 3241
937 1881
937 3308
937 3860
938 3078
938 3130
939 1911
939 2204
939 3697
940 1382
941 1560
941 2137
941 3303
942 1234
942 1246
942 1362
942 1481
942 3526
942 3938
943 3738
943 3816
944 1116
944 1460
944 1700
944 2874
945 2033
945 2181
945 2887
945 3989
947 1425
948 3431
949 2810
949 3110
949 3908
950 1971
950 2380
950 3465
951 1045
951 1204
953 2624
953 3992
954 1463
954 2137
954 3781
955 981
955 3965
956 1646
956 2078
956 2707
957 2376
957 2496
957 2688
957 3702
958 1396
958 1838
958 2298
958 3230
959 1435
959 1563
959 2140
959 2306
959 3300
960 1143
960 1506
960 1817
960 2862
962 2310
962 3774
962 3920
963 987
963 1705
963 3716
963 3923
964 1001
964 1527
964 1528
964 1710
964 1944
964 2418
964 3888
965 2530
965 2968
965 3295
965 3516
966 1287
966 1691
966 2122
966 3323
967 2679
968 2619
968 2887
969 1903
969 2245
969 2448
969 3930
969 3989
970 2128
970 3140
971 2840
971 3068
971 3156
972 1754
973 977
973 1773
973 1790
973 2208
973 2581
973 2615
973 3687
973 3905
974 2076
974 3914
975 2480
975 3317
975 3770
976 1033
976 1156
976 1810
976 2768
976 3792
976 3804
977 1272
977 2254
978 2320
978 3112
979 2212
979 2214
979 3573
979 3686
980 1659
980 2475
980 2577
980 2680
981 1933
981 2122
981 2693
982 2206
982 2410
982 2514
982 2702
982 3153
982 3559
983 1241
983 1789
983 2467
983 3430
984 1382
984 1860
984 2983
985 1590
985 1652
985 2426
985 2539
985 3079
985 3541
985 3976
986 1917
987 1128
987 2301
987 2349
987 3182
988 1476
988 1713
988 1846
988 2613
988 3521
989 1272
990 1667
990 2109
990 2707
991 1944
991 2631
992 2118
992 2281
992 3214
992 3947
994 1293
994 1847
994 1896
994 2347
995 1323
995 1358
995 1993
995 2967
995 3322
996 1734
996 1752
997 1947
998 1811
998 2858
998 3593
999 1719
999 2427
999 3070
999 3409
1000 1184
1000 1228
1000 1747
1000 3041
1002 1516
1002 2559
1003 1076
1003 1647
1003 3654
1004 2345
1004 3798
1005 2095
1005 2364
1005 2409
1006 3793
1007 1080
1007 1930
1007 2177
1007 3539
1007 3707
1007 3727
1008 1312
1008 2602
1009 1932
1009 2108
1009 2356
1010 1142
1011 1855
1011 2056
1011 2533
1011 3353
1011 3601
1012 1404
1013 1242
1013 2617
1013 3415
1014 2529
1014 3439
1016 1599
1016 3333
1017 1518
1017 1915
1017 3652
1018 1529
1018 2334
1018 2585
1018 3164
1018 3250
1018 3682
1018 3987
1019 2926
1020 1544
1020 2577
1021 3124
1022 1759
1022 2769
1022 3883
1023 1143
1023 1312
1023 3761
1024 2201
1024 2634
1024 3038
1024 3538
1024 3638
1025 1283
1025 2528
1025 3213
1025 3355
1025 3564
1025 3621
1026 1838
1026 2009
1027 3250
1027 3467
1028 1409
1028 1488
1028 3939
1029 1126
1029 1288
1029 1583
1029 3861
1029 3888
1031 1070
1032 2222
1032 3195
1032 3435
1033 1642
1033 1663
1033 1677
1033 2842
1033 2948
1033 3261
1034 2317
1034 2386
1034 2986
1034 3078
1035 1612
1035 3102
1035 3768
1036 1898
1036 2158
1036 2484
1036 3545
1037 3881
1037 3942
1039 2294
1039 2913
1040 1315
1040 2433
1040 3360
1041 2301
1042 1074
1042 1185
1042 1990
1042 3039
1042 3694
1042 3781
1042 3811
1043 1148
1043 3639
1043 3892
1044 1739
1044 2651
1045 1129
1045 1994
1045 2644
1045 2806
1046 1692
1046 3917
1047 3698
1048 1068
1048 3017
1048 3222
1048 3260
1048 3732
1049 2861
1049 3930
1050 1632
1050 3633
1051 1592
1051 3114
1052 1271
1052 1762
1052 2352
1053 2346
1053 2925
1053 3052
1054 1693
1054 1950
1054 2155
1054 2161
1054 3070
1055 1296
1056 2756
1057 1465
1057 1766
1057 2410
1058 2681
1058 3557
1059 1633
1060 1109
1060 2128
1060 2526
1061 2491
1061 2587
1061 2832
1061 3120
1062 3297
1063 2946
1063 3598
1064 1125
1064 1850
1064 2568
1065 1109
1065 3027
1065 3494
1066 1892
1066 2181
1066 3818
1067 1181
1067 1454
1068 1273
1068 2573
1068 3175
1068 3230
1068 3319
1068 3350
1069 2435
1069 2480
1070 1764
1070 3095
1071 3613
1072 1368
1072 1922
1072 2745
1072 3672
1073 1195
1073 1307
1074 3091
1075 2040
1075 2355
1076 1494
1076 1711
1076 1726
1076 2252
1076 2931
1077 2108
1077 3090
1078 3398
1078 3591
1078 3664
1079 2161
1079 2378
1079 3172
1080 1195
1080 1281
1080 1301
1080 2012
1080 3574
1082 3078
1082 3700
1083 1116
1083 2354
1083 3158
1084 1433
1084 2475
1085 3324
1086 1496
1086 2189
1086 3326
1087 3324
1088 2400
1088 2505
1089 1219
1089 1627
1090 2980
1090 3276
1091 1322
1091 1912
1091 2174
1091 2780
1091 3451
1092 1173
1092 3096
1092 3400
1093 1781
1093 3240
1093 3649
1094 1838
1094 2075
1094 3432
1094 3653
1094 3701
1094 3714
1095 1472
1095 2327
1095 2646
1095 3558
1095 3563
1095 3810
1095 3888
1096 1559
1096 1963
1096 2520
1097 1249
1097 2094
1097 2227
1097 2324
1097 2342
1097 2376
1097 2564
1097 3049
1098 1286
1098 1973
1098 2181
1098 2718
1099 1135
1099 1566
1099 1594
1099 2750
1099 2790
1099 3969
1100 1618
1100 2113
1100 3682
1101 2374
1101 2569
1101 3562
1101 3565
1101 3790
1102 1285
1102 2940
1103 3801
1103 3981
1104 2666
1105 1472
1106 1518
1106 1648
1106 2782
1106 3234
1107 2735
1107 2906
1107 2977
1108 2403
1108 3890
1109 1371
1109 2112
1109 2149
1109 3457
1109 3587
1110 1993
1110 2572
1110 2855
1110 3223
1110 3895
1111 1125
1111 2009
1111 3730
1111 3834
1111 3867
1112 2006
1112 2536
1113 2429
1113 3820
1115 1181
1115 2474
1115 2804
1115 3090
1115 3612
1116 2305
1116 2899
1118 2243
1119 2236
1119 2552
1119 2994
1120 2713
1120 2734
1120 2797
1121 2905
1122 1811
1122 2621
1122 2977
1122 3040
1122 3837
1122 3907
1123 1357
1123 2271
1123 2514
1123 3448
1124 1230
1124 1783
1124 3291
1124 3707
1125 1324
1125 2263
1125 3343
1126 3060
1126 3356
1126 3809
1126 3856
1127 1281
1127 1653
1127 2626
1127 2738
1127 2915
1127 3678
1127 3986
1128 3564
1129 1159
1129 1845
1129 1886
1129 3164
1129 3371
1129 3977
1130 2123
1130 2269
1130 3246
1130 3262
1130 3346
1131 3606
1131 3790
1132 2227
1133 2058
1133 2977
1133 3236
1134 1999
1134 2139
1134 3105
1135 3401
1136 2525
1136 2847
1136 3291
1137 1802
1137 3589
1138 3539
1138 3823
1139 3659
1140 1983
1140 2430
1140 2874
1140 3415
1142 1873
1142 2021
1142 2325
1142 3881
1143 2743
1143 2748
1143 3121
1143 3582
1144 1602
1145 2438
1145 2608
1145 3526
1146 1329
1146 1822
1146 2119
1146 2233
1147 3056
1147 3662
1148 1949
1148 2032
1148 2320
1149 2674
1149 3489
1149 3778
1149 3806
1150 2902
1150 3768
1150 3837
1151 1171
1151 1183
1151 3148
1151 3347
1151 3825
1151 3941
1152 1675
1152 1743
1152 3493
1153 2421
1153 2601
1154 2408
1154 3466
1155 2030
1155 2268
1155 2760
1155 3599
1156 1918
1156 2346
1156 2649
1156 2915
1156 3364
1156 3766
1157 1638
1157 2114
1158 2256
1158 2336
1158 3895
1160 2060
1160 3688
1161 1183
1162 1655
1162 1919
1162 2221
1162 2490
1162 2510
1162 3080
1162 3715
1163 1376
1163 1433
1163 2581
1163 3151
1163 3158
1164 1460
1164 1587
1164 2035
1165 1625
1165 1883
1166 2051
1166 2245
1166 2423
1167 3432
1167 3924
1168 1507
1168 1862
1168 3181
1169 1629
1169 2998
1170 1471
1170 1824
1170 2693
1171 2489
1171 2977
1172 1221
1172 3496
1172 3497
1173 1563
1173 3251
1173 3458
1173 3830
1174 1752
1174 3454
1175 1750
1176 2348
1176 3214
1176 3216
1178 2640
1178 3365
1178 3399
1179 1461
1179 1876
1179 2146
1179 2198
1179 2619
1179 3198
1179 3789
1180 1235
1180 1525
1181 2514
1181 2681
1181 3673
1182 2731
1183 1211
1183 2213
1183 3757
1185 1704
1185 2417
1186 1337
1186 3340
1187 2154
1187 2997
1187 3452
1188 2103
1188 2132
1188 3214
1188 3329
1189 3769
1190 2815
1191 2822
1192 1553
1192 1672
1193 1848
1193 3570
1194 1400
1194 3851
1195 3289
1196 3796
1197 1665
1197 2076
1198 2722
1199 2789
1199 3164
1199 3657
1199 3866
1201 1453
1201 1716
1201 1965
1201 2961
1201 3030
1201 3421
1201 3502
1202 1508
1202 3768
1203 2679
1203 3150
1204 2623
1204 2717
1204 3316
1204 3709
1205 1237
1205 2799
1205 3405
1205 3448
1206 1381
1206 2356
1206 3500
1207 2444
1207 3138
1208 1678
1208 1771
1208 2366
1208 2990
1208 3206
1208 3229
1209 1598
1209 1768
1209 2084
1209 2291
1209 2761
1209 2883
1210 2229
1211 1256
1211 1318
1211 3102
1211 3147
1212 1573
1212 2306
1212 2752
1212 2976
1212 3997
1213 1279
1213 1460
1213 1535
1213 2440
1213 2791
1213 3659
1213 3774
1214 1422
1214 3129
1214 3252
1215 1682
1215 2250
1215 3034
1216 1922
1216 2877
1216 2886
1216 3185
1216 3528
1217 3213
1217 3218
1217 3456
1217 3563
1218 1823
1218 2089
1218 2500
1218 3442
1218 3559
1219 1698
1219 2354
1221 1313
1221 1988
1221 2282
1222 1981
1222 2712
1222 3614
1222 3934
1223 2108
1224 1305
1224 1639
1224 2387
1224 3452
1225 2635
1225 3296
1225 3913
1226 1700
1226 2744
1226 2754
1226 2982
1227 1774
1227 3969
1228 2273
1229 3961
1230 2252
1230 3183
1231 1775
1231 1902
1231 2291
1232 2845
1233 1282
1233 3636
1233 3787
1234 1584
1234 2152
1235 3095
1235 3486
1235 3627
1236 1985
1236 2722
1236 2865
1236 3972
1238 1608
1238 1965
1238 3566
1238 3655
1239 1424
1239 3310
1239 3634
1240 1249
1240 2291
1240 3426
1241 3072
1241 3084
1241 3302
1241 3720
1242 2155
1242 2444
1242 3467
1243 1502
1243 2498
1243 2852
1244 2411
1244 2453
1245 1414
1245 1539
1245 2375
1245 2413
1246 1828
1247 1325
1247 2359
1247 3326
1248 1795
1248 1984
1249 1587
1249 2271
1249 2355
1249 2870
1249 2940
1250 1785
1250 3068
1250 3248
1250 3374
1251 3011
1252 1305
1252 3982
1253 2432
1253 3203
1253 3681
1253 3701
1254 2205
1255 1421
1255 1646
1255 2836
1255 3828
1256 1298
1256 1681
1256 2460
1256 2808
1257 2730
1258 2274
1258 3423
1259 1717
1259 1764
1259 2170
1259 2656
1260 1955
1260 2221
1260 2269
1261 1481
1261 1494
1261 2441
1261 2508
1261 3196
1262 3272
1262 3396
1263 1426
1263 1734
1263 1977
1263 2459
1263 2892
1264 1740
1264 2640
1265 1501
1265 1620
1265 1740
1265 1971
1265 3140
1265 3871
1266 1914
1267 1272
1267 3008
1268 2872
1268 3168
1268 3352
1268 3363
1269 3376
1269 3634
1270 1446
1271 3900
1272 2677
1272 2774
1272 2991
1272 3046
1273 3731
1273 3897
1274 1817
1274 3033
1274 3223
1275 1624
1275 2899
1275 3299
1275 3390
1275 3985
1276 2865
1276 3016
1277 1584
1277 2945
1277 3795
1278 1801
1278 2099
1278 2285
1278 2787
1278 3077
1279 1428
1279 2073
1279 2948
1279 2968
1279 3910
1280 3235
1280 3780
1281 1314
1281 2111
1281 2438
1281 3976
1282 2585
1283 3442
1284 1478
1284 2433
1284 2797
1284 2901
1284 3685
1285 2309
1286 2048
1287 1915
1287 3504
1288 1511
1288 2076
1289 1439
1289 3497
1290 2158
1290 2331
1290 2848
1290 2952
1290 3682
1290 3755
1291 1645
1292 1615
1292 3090
1293 1314
1293 2299
1293 3900
1294 1788
1294 2552
1296 1891
1297 3257
1297 3369
1298 2672
1299 1516
1299 3692
1299 3874
1300 3217
1301 1554
1301 3563
1302 1528
1302 2991
1302 3202
1303 1331
1305 2410
1305 3180
1306 3252
1306 3747
1307 2432
1307 3548
1308 1332
1308 2176
1308 2241
1308 2356
1308 2414
1308 2800
1308 3131
1308 3204
1308 3533
1309 2492
1309 2587
1309 3577
1310 2012
1310 2015
1310 2303
1310 2746
1310 2779
1310 3640
1310 3851
1311 1573
1311 2046
1312 1647
1312 2458
1312 2643
1312 2948
1313 1379
1313 2336
1314 1874
1314 2978
1314 3569
1314 3587
1315 3873
1316 1345
1316 3607
1317 2240
1317 3434
1319 1715
1319 3915
1320 3916
1321 2079
1321 2228
1322 1720
1322 3029
1322 3265
1323 1432
1323 1878
1323 2973
1323 3620
1323 3902
1324 2296
1324 3812
1325 2301
1325 3635
1326 2137
1327 1404
1327 2117
1327 3735
1328 1618
1328 2028
1328 2273
1328 3213
1329 1333
1329 2464
1330 1899
1330 2205
1330 2338
1330 2909
1331 2742
1332 2095
1333 2142
1333 2664
1333 2799
1333 3907
1334 2726
1334 3102
1334 3351
1334 3764
1335 2180
1335 3712
1336 1356
1336 2042
1336 3195
1336 3356
1336 3678
1337 1832
1337 2144
1338 1741
1338 2215
1338 3669
1339 3489
1340 2014
1341 2002
1341 2438
1341 2945
1341 3373
1342 2133
1342 2361
1342 2542
1342 3569
1342 3776
1343 1834
1343 3591
1343 3634
1344 1916
1344 2059
1344 2071
1344 2111
1344 2747
1345 1443
1345 2113
1345 2525
1346 2281
1346 3352
1347 1581
1347 3778
1348 1524
1348 2592
1348 3707
1349 1676
1349 2213
1349 2387
1349 2712
1350 1468
1350 2343
1350 3487
1351 1915
1352 1521
1352 1565
1352 1841
1352 2627
1353 2098
1353 2246
1353 3490
1354 1916
1354 2350
1354 2392
1355 1782
1356 2665
1357 3986
1358 1524
1358 1771
1358 2047
1358 3606
1359 2613
1359 3705
1360 1623
1360 2054
1360 2664
1360 2739
1360 3852
1360 3962
1361 1902
1361 2189
1361 3036
1362 1646
1362 1647
1362 2541
1363 2100
1363 2257
1363 2646
1363 3318
1365 1612
1365 2579
1366 1814
1366 2729
1366 3978
1367 1690
1367 2441
1367 2647
1367 2675
1368 1399
1368 2330
1368 3787
1369 2426
1370 1981
1370 3045
1370 3442
1371 1717
1372 1544
1372 2111
1372 2172
1372 2540
1372 2796
1372 3843
1373 1464
1373 3343
1373 3966
1374 2004
1374 2441
1374 2916
1375 1681
1375 2068
1375 3353
1376 3992
1377 1849
1377 1993
1378 1498
1378 2758
1378 3043
1379 2402
1379 3114
1379 3270
1380 1864
1380 3117
1381 1515
1381 1613
1381 1934
1381 2073
1381 2573
1381 3222
1382 2119
1383 1482
1383 3311
1383 3463
1383 3756
1384 3218
1384 3475
1384 3951
1385 1951
1386 1388
1386 1480
1386 1925
1386 2572
1386 2745
1386 3964
1387 1430
1387 2275
1387 2851
1388 1505
1388 2377
1388 3634
1388 3971
1389 2665
1389 3247
1390 1473
1391 1968
1391 3411
1391 3607
1392 3908
1393 3243
1394 2075
1395 1955
1395 2043
1395 2836
1395 2981
1396 3177
1397 2157
1397 2598
1397 3132
1397 3182
1398 1726
1398 1945
1398 1973
1398 2583
1398 3027
1399 1739
1399 2319
1399 2631
1399 3017
1399 3607
1400 1432
1400 1948
1401 1514
1401 2155
1401 3818
1402 2199
1402 2602
1403 2090
1403 3175
1404 1461
1405 2299
1406 1655
1406 2307
1406 2664
1407 2174
1407 3522
1408 3727
1409 1618
1409 1971
1409 2070
1409 2111
1409 2515
1409 3626
1410 1481
1410 3466
1411 1428
1411 2909
1412 2577
1412 3307
1412 3395
1414 1775
1414 2378
1414 3540
1415 2057
1415 2102
1415 2904
1416 3393
1416 3508
1416 3992
1417 3265
1418 2400
1418 2450
1418 2580
1419 2419
1419 3795
1420 1727
1420 2343
1420 2760
1420 3354
1421 1882
1421 3621
1422 2786
1422 3813
1423 1433
1423 2005
1423 2079
1423 2127
1423 2160
1423 3463
1424 3966
1425 3068
1425 3281
1425 3316
1426 1520
1426 2300
1426 3283
1426 3737
1427 1722
1428 2393
1428 3062
1428 3548
1428 3714
1429 1859
1429 2188
1429 2738
1429 3752
1430 3066
1430 3391
1430 3489
1430 3872
1431 1513
1431 2159
1431 2212
1431 2939
1431 3825
1434 1615
1434 2814
1434 3805
1435 2038
1435 2368
1435 2572
1436 3236
1437 2110
1437 3730
1440 2352
1440 2660
1440 3723
1441 2058
1442 2467
1442 3231
1443 1978
1443 1990
1443 2662
1444 1489
1444 3532
1445 1582
1445 1789
1445 3015
1445 3902
1446 2097
1446 3625
1447 2955
1447 3165
1447 3377
1448 2144
1448 3107
1449 1665
1449 2694
1449 3808
1449 3867
1450 1893
1450 1962
1450 2037
1450 2056
1451 1453
1451 1640
1451 1897
1451 2110
1451 3035
1451 3967
1451 3995
1452 2116
1453 3141
1455 2476
1455 2578
1455 3102
1456 2846
1456 2861
1456 3117
1457 1915
1457 1926
1458 1785
1458 2063
1458 2148
1459 1654
1459 3195
1459 3222
1459 3980
1460 1887
1460 3536
1460 3991
1461 3285
1462 1513
1463 1628
1463 2473
1463 2698
1463 2988
1464 1754
1464 2310
1464 2578
1464 3263
1465 1718
1465 1769
1465 3693
1465 3777
1466 1763
1466 2040
1466 2647
1466 3009
1467 2399
1467 3296
1468 2053
1469 2072
1469 2513
1469 2911
1469 3298
1470 2066
1470 3777
1470 3822
1471 1578
1471 3338
1472 1561
1472 2455
1473 3688
1475 1767
1475 2108
1475 2928
1475 3792
1476 1616
1476 2294
1476 2593
1476 2695
1477 1578
1477 1624
1478 3656
1479 1660
1479 2013
1479 2022
1479 2293
1479 2429
1479 2622
1479 2776
1479 3296
1480 2063
1480 2342
1480 2411
1480 2525
1481 1922
1481 2350
1481 2871
1481 3815
1482 1510
1482 1996
1482 2575
1483 3544
1484 1646
1484 2558
1484 2562
1484 2564
1484 2840
1484 3463
1485 1675
1485 2044
1485 2173
1485 3135
1485 3251
1485 3305
1485 3958
1486 1553
1486 3371
1486 3483
1486 3680
1487 1817
1487 2138
1487 3538
1488 2445
1488 3114
1488 3192
1488 3429
1488 3903
1490 3870
1491 1997
1491 2900
1492 2061
1492 3016
1492 3644
1492 3702
1493 2772
1493 3141
1493 3498
1493 3757
1494 3653
1495 1521
1495 1859
1496 2765
1496 3181
1497 1617
1497 2808
1497 2999
1497 3639
1497 3970
1498 1514
1498 2763
1499 1707
1499 2740
1500 2379
1500 2534
1500 2634
1502 1699
1503 2603
1503 2981
1504 3004
1504 3210
1504 3886
1505 1984
1506 1511
1506 1699
1506 2053
1506 2633
1506 3049
1506 3459
1507 2497
1507 2682
1507 3423
1508 2258
1508 3743
1509 2423
1509 3750
1510 2188
1511 1977
1511 3820
1512 1938
1512 2093
1512 2102
1512 3895
1513 1820
1513 3428
1515 3488
1516 3859
1516 3946
1517 2434
1518 1554
1518 1618
1518 2627
1518 2900
1518 3560
1519 3534
1520 2596
1521 1594
1521 3232
1521 3616
1522 3270
1523 2980
1523 3045
1523 3777
1524 2494
1524 3933
1525 2199
1526 2233
1526 2292
1526 3396
1527 1880
1527 2530
1527 2571
1527 2956
1527 3436
1528 2106
1529 1700
1529 2029
1529 2574
1529 3760
1530 1808
1530 2315
1530 3169
1531 2377
1531 2937
1532 1773
1532 2284
1532 2360
1532 2723
1532 3260
1532 3570
1533 3982
1535 2074
1535 2293
1536 3657
1537 1661
1537 1677
1537 2484
1537 3082
1538 2227
1538 3227
1538 3403
1539 1757
1539 3648
1539 3744
1539 3848
1539 3864
1540 2654
1542 2600
1542 2887
1542 3557
1542 3806
1543 2420
1543 2467
1543 2740
1543 3285
1544 1569
1544 2157
1545 1563
1545 2075
1546 1764
1546 2418
1546 2783
1546 3128
1547 2014
1547 2188
1548 2501
1548 3117
1548 3753
1549 2148
1549 2827
1549 3348
1549 3720
1550 2763
1550 3498
1551 2625
1552 1874
1552 1924
1552 2095
1552 2190
1552 2230
1552 2260
1552 2635
1552 2929
1552 3178
1552 3964
1554 3977
1555 1941
1555 2013
1555 3251
1556 1577
1556 2363
1557 1869
1557 1918
1557 2125
1557 2364
1558 1722
1558 2175
1558 2981
1558 3012
1558 3611
1559 1677
1559 1686
1559 1925
1559 2375
1560 1650
1560 2733
1560 2929
1560 3619
1560 3861
1561 2305
1562 1977
1562 2505
1562 2507
1562 3553
1562 3647
1563 1808
1563 2107
1563 2841
1563 3764
1565 1887
1565 2013
1565 2114
1565 3040
1566 2188
1566 3266
1568 3347
1568 3746
1569 2118
1570 1666
1570 3159
1570 3900
1571 2811
1571 3504
1572 2016
1572 2363
1572 3884
1573 2460
1573 3222
1574 3606
1575 2026
1575 2701
1576 1695
1576 1807
1576 1872
1577 1922
1577 2492
1577 3775
1577 3889
1578 3925
1579 3796
1582 1815
1582 2215
1582 2726
1582 3347
1583 2970
1583 3660
1584 1698
1584 2137
1584 2302
1584 2582
1585 2869
1586 1792
1586 1966
1586 3479
1586 3670
1587 2696
1587 3950
1588 1799
1588 2951
1588 3020
1588 3230
1589 2341
1589 3137
1590 1678
1591 2476
1591 2590
1592 1792
1592 2161
1592 2348
1592 2691
1592 3006
1592 3051
1592 3552
1593 2231
1593 2296
1593 3093
1593 3477
1595 3892
1596 2922
1597 1848
1597 2273
1597 2437
1597 2648
1598 1942
1598 2124
1598 3196
1599 2799
1599 2932
1600 1791
1600 2160
1601 2357
1601 3556
1601 3982
1602 1800
1602 2696
1603 3072
1603 3904
1604 2240
1604 3076
1605 3785
1605 3943
1606 2722
1607 1863
1607 2363
1607 2665
1607 3940
1608 2181
1608 3310
1609 1673
1609 2647
1609 3772
1609 3805
1609 3974
1610 2242
1610 2804
1610 2893
1611 2246
1611 3688
1612 1800
1612 2536
1612 3107
1612 3610
1613 2615
1614 2033
1614 2692
1614 2729
1614 2844
1614 3450
1615 1989
1615 3667
1616 1666
1616 2432
1616 3402
1616 3581
1616 3697
1617 2750
1617 3195
1617 3696
1617 3881
1618 2342
1618 3133
1619 1888
1619 3154
1620 2105
1620 2776
1620 2791
1621 2851
1621 3116
1622 1886
1622 2365
1622 3400
1623 1949
1623 2922
1623 3494
1623 3674
1623 3997
1625 2896
1625 3294
1625 3298
1626 2133
1626 2762
1626 3666
1627 3329
1627 3507
1627 3556
1628 1908
1628 2976
1628 3033
1628 3148
1628 3713
1628 3964
1629 2004
1629 2303
1629 2576
1630 1821
1630 1945
1632 1681
1632 1685
1632 2655
1632 3025
1632 3268
1632 3553
1633 3616
1634 1727
1634 3198
1635 1658
1635 2316
1635 3665
1636 1778
1636 3384
1637 3162
1637 3200
1637 3281
1637 3417
1639 2565
1639 3408
1640 2775
1641 1900
1641 3304
1641 3840
1642 3534
1642 3763
1643 3451
1643 3944
1644 3213
1644 3402
1644 3771
1644 3878
1645 2061
1645 2082
1645 2649
1645 2761
1645 3203
1645 3898
1646 2531
1647 1668
1647 1910
1647 2245
1647 2480
1648 1922
1648 2183
1648 2475
1648 2482
1648 2539
1648 3978
1649 1812
1649 2031
1649 2654
1649 2898
1649 3145
1650 2188
1650 3358
1651 3661
1652 1885
1652 3372
1653 2846
1654 2592
1654 3069
1655 2188
1657 1778
1657 2068
1657 2297
1657 2432
1658 2096
1658 2930
1658 3688
1659 2860
1659 2962
1659 3375
1660 2063
1660 2313
1660 3461
1661 3641
1662 3063
1663 1773
1663 2144
1663 3471
1663 3793
1665 2184
1665 3844
1666 1889
1666 1928
1666 2446
1666 3178
1667 2339
1667 2677
1667 3389
1668 2088
1668 3319
1669 3209
1670 1962
1670 1972
1670 2363
1670 2675
1671 3023
1671 3365
1671 3537
1672 3483
1672 3945
1673 2702
1673 2916
1673 2920
1674 2714
1675 3056
1675 3412
1675 3561
1677 3653
1678 2141
1678 2181
1679 2852
1680 2640
1680 2847
1681 2059
1681 2245
1682 2241
1682 3049
1682 3668
1682 3747
1682 3876
1683 1838
1683 2066
1683 2481
1683 3185
1684 2131
1684 2205
1685 3750
1686 3199
1687 2440
1688 1986
1688 3063
1688 3514
1689 2001
1689 2176
1689 3374
1690 2308
1690 3854
1691 3277
1692 3631
1693 2483
1693 2601
1693 3507
1694 3445
1695 1891
1695 3351
1696 2149
1696 2822
1696 2936
1697 2051
1697 2130
1698 2952
1698 3306
1698 3410
1698 3869
1698 3960
1699 2099
1700 1728
1700 3115
1700 3152
1701 3985
1702 1875
1702 3034
1702 3483
1703 2803
1703 3853
1703 3957
1704 3458
1705 1962
1706 2246
1706 3791
1708 1887
1708 2746
1709 2270
1709 2966
1709 3286
1710 3210
1710 3937
1711 2803
1711 3618
1712 3431
1713 2468
1713 3340
1713 3395
1713 3577
1714 2760
1715 2563
1715 2893
1716 2587
1716 2667
1716 2769
1717 1837
1717 2016
1718 1763
1718 2334
1718 3988
1719 1726
1719 1847
1719 2394
1721 2780
1721 3092
1721 3222
1721 3782
1722 3836
1723 1846
1723 2014
1725 1932
1725 2391
1725 3703
1726 1905
1726 1907
1726 1970
1726 3549
1727 1797
1727 1854
1727 2851
1728 3388
1729 2749
1729 3681
1730 2514
1730 3839
1731 1835
1731 3179
1733 2931
1735 3026
1735 3648
1736 1809
1736 2699
1737 1818
1737 3298
1737 3648
1738 1964
1738 2433
1738 2436
1738 3928
1739 2486
1739 2599
1739 2736
1739 3641
1740 3500
1741 3555
1741 3577
1742 2721
1742 3384
1743 1957
1743 2675
1743 3363
1744 1904
1745 2978
1745 3190
1746 1914
1746 3410
1746 3441
1747 2926
1747 3049
1747 3753
1748 1818
1748 2212
1748 2902
1749 2301
1749 3728
1750 2109
1750 2609
1750 3307
1751 3298
1751 3884
1752 2007
1752 2210
1752 2688
1753 1843
1753 1857
1753 2063
1753 3460
1754 2114
1754 2438
1755 1801
1755 2019
1755 2162
1755 3437
1756 2147
1756 2224
1756 2383
1756 2695
1758 2144
1758 2169
1758 3218
1758 3793
1759 3178
1759 3362
1759 3845
1760 1929
1760 2216
1760 2539
1760 2717
1760 3063
1760 3550
1761 3125
1762 2948
1762 3656
1762 3690
1763 3427
1764 2431
1764 3274
1764 3483
1764 3611
1764 3668
1765 2429
1765 2765
1765 3356
1765 3941
1766 3887
1767 1984
1767 2378
1768 2340
1768 3885
1769 3184
1769 3454
1770 2757
1770 3517
1771 2322
1771 2675
1772 3336
1772 3983
1773 2064
1773 2742
1773 3158
1773 3271
1774 2073
1774 2819
1775 2153
1775 3373
1776 3500
1777 1779
1778 3855
1779 2139
1779 2892
1779 3860
1780 2546
1780 2869
1782 2253
1783 3288
1785 1912
1785 1949
1785 2225
1785 2539
1785 2839
1785 2841
1785 3683
1785 3729
1786 3621
1787 3169
1787 3185
1788 2404
1788 2727
1788 3398
1791 1930
1791 2148
1791 2908
1792 1965
1792 2113
1792 2404
1792 2825
1794 2189
1796 2761
1797 2287
1797 2425
1797 2496
1797 2760
1797 2776
1797 3250
1798 2502
1799 1806
1799 1874
1799 2556
1799 3886
1799 3997
1800 3260
1801 2750
1801 3839
1801 3997
1802 2367
1802 2629
1804 2388
1804 3728
1805 3313
1805 3416
1806 2077
1806 2222
1806 2755
1807 2854
1807 3056
1808 3232
1809 3243
1811 2601
1812 2032
1813 3349
1813 3688
1814 2630
1814 3471
1815 1931
1815 1946
1815 2708
1815 3206
1815 3426
1815 3636
1816 2990
1816 3801
1817 2161
1817 2726
1818 2351
1818 2908
1819 2666
1819 2700
1819 3262
1819 3934
1820 3334
1821 3314
1822 2597
1822 2727
1822 3059
1823 3142
1823 3731
1823 3760
1824 2427
1824 2622
1826 2760
1826 3174
1827 2303
1827 2551
1827 2647
1828 2546
1830 3014
1830 3338
1830 3686
1831 3074
1831 3966
1833 2821
1835 2461
1835 2559
1836 3267
1836 3472
1837 2511
1837 3674
1838 3708
1838 3746
1839 3497
1839 3751
1839 3892
1840 2023
1840 2608
1840 3822
1842 1872
1842 3452
1843 2128
1843 3007
1843 3592
1844 2044
1844 3172
1845 2101
1845 2703
1845 3400
1846 2522
1846 2804
1847 2247
1847 2293
1848 2563
1848 3060
1848 3414
1848 3597
1849 1855
1849 2441
1849 3976
1850 2762
1851 2037
1851 3239
1851 3380
1851 3988
1854 2980
1855 2576
1856 2967
1857 2163
1857 2492
1857 3321
1857 3485
1858 1978
1859 2004
1859 2872
1860 1991
1860 3607
1861 3396
1861 3729
1863 1879
1863 2509
1863 2912
1863 3319
1863 3422
1864 2151
1865 1977
1865 3025
1865 3328
1865 3940
1866 1893
1866 2300
1866 3757
1867 2468
1867 3602
1868 2098
1868 3421
1869 2170
1869 2376
1869 2925
1869 3713
1870 2722
1870 3306
1870 3391
1871 1885
1871 1905
1872 3489
1872 3975
1873 2164
1873 3402
1874 3918
1875 2147
1876 3015
1876 3555
1876 3864
1877 2227
1877 3187
1878 2002
1878 2791
1878 3224
1879 2444
1879 3281
1879 3383
1879 3764
1881 3178
1881 3338
1882 3767
1883 3245
1883 3344
1883 3645
1883 3677
1884 1896
1884 2128
1884 2739
1885 1923
1886 2013
1887 2659
1887 3796
1888 2902
1888 3526
1889 2425
1889 2469
1890 2655
1890 2857
1890 3152
1890 3443
1891 2788
1891 3368
1891 3387
1892 2744
1892 2962
1893 2140
1893 2827
1893 2886
1894 2715
1895 2860
1895 3247
1895 3441
1896 2493
1896 2994
1897 2156
1898 2197
1898 2396
1898 3071
1899 1991
1899 2132
1899 2239
1899 2759
1899 3087
1899 3263
1899 3947
1900 2479
1902 2760
1902 2908
1902 3851
1904 3684
1904 3870
1905 2201
1905 2407
1905 2450
1905 3429
1906 3179
1906 3377
1907 1908
1907 3138
1908 1925
1908 2426
1908 2576
1908 2998
1909 2328
1909 2463
1909 3713
1911 2460
1911 2834
1911 3959
1912 2255
1912 2359
1912 2600
1914 2058
1914 2587
1914 3094
1914 3745
1914 3780
1916 1974
1916 2747
1916 3809
1917 3691
1918 3201
1919 2965
1920 2141
1920 2322
1920 2485
1920 2734
1920 3651
1920 3755
1921 2091
1921 3535
1921 3630
1923 2225
1924 2352
1924 2795
1924 2992
1924 3432
1924 3451
1924 3710
1925 2314
1925 2754
1925 2789
1925 3518
1926 1968
1926 2933
1926 3408
1926 3776
1926 3993
1927 2153
1927 2504
1927 2916
1927 3465
1928 2169
1929 2658
1929 3183
1929 3393
1929 3509
1929 3536
1930 3376
1930 3498
1931 3193
1931 3428
1932 2078
1932 2524
1932 2964
1932 2975
1932 3057
1932 3158
1932 3977
1933 2494
1933 2508
1933 2526
1934 2475
1934 3121
1934 3734
1935 2253
1935 3496
1935 3743
1935 3934
1936 2293
1937 2559
1938 3104
1938 3382
1938 3953
1939 3037
1939 3168
1940 1996
1941 2825
1941 2926
1942 2625
1943 2702
1943 3472
1944 2911
1944 3148
1944 3409
1946 2107
1948 3426
1948 3429
1949 2326
1949 2729
1949 3365
1949 3547
1949 3748
1950 2153
1950 2220
1952 2559
1953 2046
1953 2837
1954 2437
1954 2813
1954 3011
1954 3431
1954 3828
1955 2025
1955 3613
1955 3699
1956 3024
1957 2099
1957 3882
1958 2303
1958 2790
1958 3019
1958 3293
1959 2190
1959 2967
1961 2421
1961 2724
1961 2898
1962 3743
1963 2453
1964 2549
1965 2223
1965 3707
1966 3296
1966 3329
1967 3831
1968 3445
1969 2154
1969 2293
1969 2672
1969 3889
1970 2564
1970 3152
1970 3418
1970 3626
1970 3820
1971 2845
1971 3205
1971 3447
1973 3784
1975 2201
1975 2804
1976 3227
1976 3609
1977 2399
1977 3324
1977 3432
1977 3794
1978 2249
1978 2448
1978 2914
1978 3526
1978 3533
1979 2207
1979 2351
1979 3593
1979 3612
1979 3950
1980 2988
1980 3202
1980 3597
1981 2004
1981 2215
1981 2580
1982 2158
1982 2804
1982 3638
1983 2793
1983 2856
1983 2974
1983 3441
1984 2324
1984 3614
1985 3632
1985 3983
1986 2700
1986 3465
1987 2632
1987 2696
1987 2880
1987 3200
1987 3473
1987 3624
1989 3336
1990 2245
1990 2262
1991 2564
1991 2702
1991 3210
1991 3802
1992 3191
1993 2021
1993 2101
1993 2709
1993 3542
1993 3921
1994 2444
1994 2995
1994 3036
1995 2241
1995 2349
1995 3091
1996 3590
1996 3786
1996 3971
1997 2245
1997 3090
1998 2287
1998 2682
1998 2691
1998 3050
1998 3306
2000 3127
2000 3158
2000 3276
2000 3289
2000 3409
2000 3784
2000 3842
2000 3993
2001 2015
2001 3487
2001 3538
2001 3637
2002 3246
2003 2161
2003 2315
2003 2572
2003 3316
2003 3382
2004 3045
2004 3792
2005 2053
2005 2459
2005 2471
2005 3239
2006 2426
2007 2048
2007 2768
2007 3191
2009 3989
2010 2565
2011 2664
2012 2848
2012 3102
2013 2351
2013 3422
2013 3472
2013 3527
2014 2045
2014 3594
2014 3749
2015 2526
2015 2805
2015 3314
2016 2169
2016 2545
2016 2659
2017 2483
2017 2948
2017 3149
2017 3195
2018 2858
2018 2924
2019 2052
2019 2660
2019 3514
2020 2440
2021 2726
2021 2956
2023 2732
2024 3072
2024 3921
2026 3493
2026 3580
2027 2217
2027 2858
2028 3914
2029 3119
2029 3388
2030 2482
2030 3554
2031 2916
2031 3095
2031 3981
2034 2949
2034 3535
2035 2387
2035 2460
2035 3482
2036 2062
2037 2883
2037 2944
2037 3360
2038 3071
2038 3530
2038 3563
2040 2278
2040 2714
2041 2121
2041 2869
2043 3842
2044 2233
2044 3648
2045 2281
2045 3347
2046 2524
2047 2151
2047 2693
2047 3251
2048 2190
2048 2431
2048 3546
2049 2197
2049 3134
2049 3375
2049 3851
2050 3153
2051 2304
2051 3425
2051 3956
2052 2060
2052 2083
2052 2694
2053 2273
2053 2924
2053 3777
2053 3995
2054 2499
2054 3231
2055 2957
2055 3116
2056 3326
2056 3536
2057 2753
2058 3960
2059 3261
2059 3423
2059 3427
2060 3157
2061 2841
2061 2911
2061 3225
2061 3281
2063 3092
2063 3372
2065 3895
2066 2303
2067 2268
2067 3708
2068 3165
2068 3459
2069 3866
2070 2207
2070 2640
2070 2755
2071 2580
2071 2801
2071 3494
2071 3691
2071 3933
2072 3011
2073 2244
2074 3070
2074 3148
2075 2621
2076 2463
2076 2624
2077 3363
2077 3758
2077 3916
2077 3938
2078 3597
2079 2118
2079 2887
2080 3099
2080 3265
2081 2313
2081 2359
2081 3739
2082 3996
2083 2607
2083 3793
2083 3815
2086 3348
2087 2882
2087 2997
2087 3493
2090 2877
2090 3967
2091 3991
2093 2744
2094 3132
2094 3231
2094 3417
2094 3896
2095 3163
2096 2387
2097 3053
2097 3428
2097 3900
2098 3551
2099 2730
2099 3631
2101 2530
2101 2913
2102 2266
2103 2226
2103 2975
2103 3261
2104 3656
2104 3835
2105 2770
2105 2821
2105 3680
2106 2240
2106 2305
2106 2460
2106 3779
2107 2273
2108 2177
2109 2886
2109 3745
2110 2255
2110 2537
2110 3272
2111 2735
2111 3058
2112 2329
2113 2573
2114 2335
2114 3755
2115 3342
2116 3501
2117 2633
2118 2122
2118 2278
2118 2661
2118 3251
2119 3184
2120 2734
2121 3168
2122 3930
2123 2354
2123 2689
2123 2816
2123 2914
2123 3287
2124 3631
2125 2390
2125 3665
2129 3680
2130 2771
2130 3618
2131 2349
2131 2471
2131 2638
2131 3325
2131 3502
2132 2659
2132 2925
2133 2211
2134 2768
2134 3830
2134 3883
2135 2385
2135 3475
2136 2616
2137 3197
2138 3126
2138 3299
2139 3826
2140 2651
2141 2637
2141 3042
2142 2345
2142 2520
2142 2732
2143 3161
2143 3231
2143 3260
2144 2210
2144 2349
2144 2909
2144 3644
2145 2372
2145 3199
2145 3763
2146 2671
2146 3661
2147 3160
2148 2424
2148 3255
2148 3519
2149 3630
2150 2220
2151 3350
2151 3982
2152 2541
2152 3667
2153 2225
2153 3077
2154 3272
2155 2644
2155 3344
2155 3785
2155 3838
2157 3354
2157 3980
2158 2545
2158 2564
2158 3610
2158 3674
2160 2348
2160 2571
2160 3339
2160 3578
2162 3014
2162 3973
2163 2672
2164 3634
2165 3164
2166 3127
2166 3762
2166 3831
2167 2632
2167 3048
2168 2231
2168 2442
2170 2502
2170 3133
2170 3773
2170 3813
2171 2526
2171 3651
2172 2592
2172 3069
2173 3556
2173 3695
2173 3914
2175 2854
2176 2671
2177 2262
2177 3801
2177 3881
2178 2484
2178 2627
2179 2276
2179 2647
2179 2802
2179 3539
2180 3709
2181 3154
2181 3786
2182 2301
2182 2466
2183 3713
2184 2311
2184 2760
2184 3267
2185 2834
2185 3893
2186 2238
2187 2823
2187 3516
2188 2618
2188 2756
2188 3106
2188 3476
2189 2804
2192 3455
2192 3507
2193 2749
2193 3483
2194 2529
2195 3010
2195 3266
2196 2261
2196 3461
2198 3745
2198 3774
2198 3903
2199 2255
2199 3845
2199 3916
2200 3468
2201 2699
2201 3214
2201 3789
2202 2482
2202 2966
2202 3584
2204 3208
2205 2550
2205 2965
2206 2408
2209 2941
2209 3347
2209 3634
2209 3848
2209 3901
2210 2578
2211 2764
2211 3921
2212 2232
2212 2378
2215 2289
2215 3703
2217 2714
2219 2897
2220 3603
2222 3573
2223 3935
2224 2755
2224 3751
2225 2299
2226 2231
2226 2422
2226 3083
2226 3520
2227 2293
2227 3107
2227 3606
2228 2243
2228 2904
2228 3239
2228 3343
2229 2854
2229 3847
2230 2858
2231 2500
2232 2771
2232 2861
2232 3332
2232 3494
2233 2588
2233 3884
2234 2606
2235 2834
2236 2310
2236 3416
2236 3430
2236 3443
2236 3541
2239 2927
2239 3710
2241 2371
2241 3106
2241 3580
2242 2508
2242 2698
2242 2880
2242 3991
2244 2388
2244 2544
2244 3692
2244 3951
2247 2783
2247 3330
2247 3524
2248 2819
2249 2797
2249 3685
2250 2388
2250 3183
2250 3293
2250 3423
2251 2292
2251 3017
2251 3250
2252 3145
2254 2730
2254 3431
2255 3088
2256 2491
2257 2365
2257 2845
2257 2918
2257 2959
2257 3038
2258 2430
2258 3008
2259 2477
2259 2492
2259 3279
2259 3446
2259 3506
2259 3594
2260 3762
2261 2492
2261 3457
2261 3608
2262 3056
2262 3940
2264 3269
2265 2478
2265 2900
2265 3752
2266 2683
2266 3267
2267 2439
2268 3129
2268 3588
2268 3693
2269 2400
2269 3757
2270 2547
2270 3005
2271 2991
2271 3440
2271 3634
2272 2830
2273 3227
2274 2582
2275 2357
2275 2435
2275 3890
2276 2398
2276 2732
2276 2838
2276 3204
2277 2278
2277 3027
2277 3086
2278 3707
2279 2373
2279 3937
2280 2283
2280 2315
2280 2650
2280 2720
2280 3551
2281 3117
2282 2674
2283 3627
2284 3003
2285 3817
2286 2296
2289 2719
2289 3174
2290 3019
2290 3102
2290 3619
2293 2460
2294 2518
2294 3423
2294 3778
2295 2881
2295 3871
2296 3123
2296 3969
2297 2948
2297 3540
2297 3973
2299 3679
2300 3754
2301 2396
2301 2683
2301 2912
2302 3755
2303 3153
2305 2894
2306 2675
2307 2366
2307 2725
2307 2933
2308 2877
2309 3061
2309 3382
2309 3404
2310 2616
2310 2968
2310 3487
2310 3535
2311 3753
2312 3348
2312 3741
2312 3988
2313 2526
2313 3233
2313 3655
2314 3846
2315 2758
2316 2963
2316 3606
2316 3789
2318 2526
2318 2977
2318 3225
2319 2698
2320 3374
2324 2575
2325 2794
2325 3125
2325 3988
2327 2409
2327 3008
2327 3568
2328 3081
2329 2355
2330 2428
2330 2455
2330 3785
2332 3088
2333 3451
2336 3142
2337 2884
2338 3027
2338 3362
2338 3457
2338 3487
2338 3489
2339 2358
2339 2701
2339 2831
2341 3085
2342 2650
2343 2504
2343 3402
2343 3409
2344 3733
2345 2703
2345 2883
2345 2898
2345 3714
2347 2665
2347 2669
2347 2886
2349 2372
2350 2517
2350 2813
2350 3727
2351 3081
2351 3190
2352 3616
2352 3759
2353 2878
2353 3118
2353 3739
2354 2439
2354 2482
2355 3743
2356 2976
2356 3426
2356 3972
2357 2361
2357 3223
2357 3245
2357 3521
2358 2514
2358 3307
2358 3738
2358 3966
2359 2411
2359 2488
2361 3616
2362 2445
2362 2956
2362 3000
2362 3374
2363 2740
2363 2833
2363 3398
2363 3734
2364 3274
2365 2487
2366 2688
2366 3668
2367 2551
2368 3847
2371 2774
2371 3225
2371 3614
2372 2804
2373 3854
2374 2576
2375 3348
2375 3764
2376 3183
2377 2567
2377 2821
2377 3476
2379 3862
2380 3839
2381 3193
2381 3826
2384 2733
2384 2740
2384 3298
2384 3647
2385 3365
2385 3620
2386 2714
2387 3449
2388 3428
2388 3698
2389 3042
2389 3479
2390 2900
2391 2667
2391 3285
2392 2714
2393 2478
2394 2447
2394 3066
2396 3275
2396 3278
2397 3596
2398 3240
2398 3411
2398 3593
2398 3753
2399 2844
2399 3662
2399 3764
2400 3783
2402 2483
2402 3869
2403 2890
2404 2847
2404 3996
2405 2700
2405 2892
2405 3155
2406 3157
2407 2908
2408 2510
2408 2635
2408 3145
2412 2793
2413 2535
2413 3747
2413 3985
2414 2556
2414 3408
2415 3132
2415 3598
2416 2534
2416 2573
2417 2572
2418 2868
2418 3688
2419 2969
2419 3383
2420 2992
2420 3463
2421 3093
2422 3141
2422 3339
2423 3802
2423 3808
2425 3958
2426 3955
2427 3145
2428 2626
2428 2739
2428 3226
2429 2699
2429 3167
2429 3857
2430 2721
2432 3037
2432 3460
2432 3924
2433 2958
2433 3623
2434 3202
2435 2620
2435 3026
2436 2602
2437 2676
2437 3813
2438 2580
2438 2588
2439 3958
2440 3589
2441 2832
2441 3843
2441 3999
2442 2938
2443 3589
2445 2564
2446 3194
2446 3587
2447 3270
2447 3881
2448 2706
2448 2857
2449 2504
2449 3505
2449 3804
2450 2861
2450 3082
2450 3115
2450 3386
2452 3299
2452 3320
2452 3398
2454 3893
2456 3317
2456 3430
2456 3684
2456 3970
2456 3982
2457 2655
2457 2776
2459 2615
2460 3113
2460 3229
2462 2986
2462 3014
2463 2464
2463 2642
2463 2969
2463 3137
2463 3992
2465 3258
2469 2758
2470 2927
2471 2494
2472 3171
2472 3242
2473 3367
2474 3634
2474 3992
2475 2574
2475 2862
2475 3318
2478 3583
2478 3687
2478 3752
2480 3187
2480 3503
2481 2694
2482 3686
2483 2729
2483 3974
2484 3696
2484 3910
2485 3009
2486 3906
2487 2695
2487 2835
2488 3285
2488 3552
2489 3237
2490 3692
2491 3519
2491 3678
2492 3030
2492 3712
2495 2920
2495 3458
2496 2963
2496 3662
2498 3148
2500 3758
2502 3242
2502 3479
2502 3676
2504 2858
2505 2859
2507 3127
2507 3665
2508 3431
2508 3977
2509 3059
2509 3671
2510 2825
2510 3214
2510 3415
2510 3693
2510 3739
2511 3801
2511 3814
2512 2573
2512 3181
2514 3873
2515 3138
2515 3800
2517 2579
2517 2667
2518 2903
2518 3565
2519 2787
2519 2836
2519 3427
2519 3644
2520 2689
2520 3348
2522 2895
2522 3551
2523 2954
2523 3133
2525 2801
2526 3765
2528 2574
2529 3201
2531 2726
2532 2751
2532 3481
2532 3632
2534 2990
2534 3361
2534 3707
2534 3714
2535 3194
2535 3767
2536 2607
2537 3344
2538 3238
2538 3629
2538 3996
2540 3062
2540 3095
2542 3479
2543 2999
2543 3951
2543 3999
2544 2841
2544 3691
2545 3813
2546 3816
2547 2570
2547 2589
2547 2971
2548 3012
2549 3061
2549 3379
2549 3767
2550 3920
2551 2838
2551 3282
2551 3717
2551 3986
2552 2666
2552 2823
2553 2673
2553 2835
2553 3579
2553 3923
2554 3378
2554 3815
2555 3670
2556 2620
2556 2642
2556 3276
2556 3558
2558 2892
2558 3078
2559 2904
2560 3020
2560 3179
2560 3885
2563 2633
2565 3175
2565 3422
2565 3447
2565 3625
2567 3286
2568 3101
2570 2644
2570 3080
2571 2681
2571 2993
2571 3172
2571 3403
2571 3573
2572 2573
2572 3374
2572 3561
2573 3062
2573 3830
2574 3634
2575 2829
2575 3247
2576 2577
2576 3957
2577 2777
2578 3075
2578 3353
2578 3759
2579 2759
2582 3589
2582 3882
2583 2735
2583 3614
2583 3934
2584 3922
2584 3931
2585 3204
2585 3502
2586 3901
2587 3216
2588 3355
2589 2656
2589 2736
2589 2781
2589 3689
2590 3658
2591 3534
2594 3445
2594 3924
2596 2895
2596 2951
2596 2991
2596 3094
2596 3660
2597 3419
2598 3698
2598 3909
2599 3351
2599 3904
2601 3611
2603 2651
2603 2721
2603 3437
2605 3200
2605 3507
2606 3322
2606 3562
2606 3760
2608 2785
2608 2895
2610 3182
2611 3656
2612 3159
2615 3561
2617 2628
2617 3951
2621 3008
2621 3191
2621 3756
2622 2795
2623 2645
2623 3886
2623 3966
2624 2849
2625 3487
2625 3752
2628 2805
2628 3040
2628 3270
2628 3369
2630 3561
2631 2746
2631 2856
2632 2722
2633 2751
2633 3052
2633 3837
2636 2951
2638 3182
2639 3799
2641 3353
2642 3834
2644 3123
2644 3563
2646 2815
2647 3098
2648 2674
2648 3450
2649 3650
2650 2797
2650 3854
2651 2947
2652 3620
2652 3779
2653 3106
2655 2699
2655 2721
2655 3316
2655 3593
2656 2715
2656 2992
2657 3492
2657 3651
2657 3973
2659 3658
2660 3140
2661 3109
2661 3420
2662 3521
2663 2923
2668 3323
2669 2691
2670 2813
2670 3019
2671 3145
2671 3157
2672 3552
2673 3173
2676 3568
2676 3713
2677 3408
2677 3522
2679 3075
2679 3416
2679 3681
2679 3772
2680 2886
2680 3309
2680 3829
2681 2885
2681 3970
2683 3337
2683 3778
2684 3286
2687 3073
2688 3588
2688 3740
2690 3815
2691 2695
2691 3611
2692 3630
2692 3995
2694 3320
2694 3544
2695 3801
2696 3344
2697 2809
2698 2866
2699 2944
2699 3097
2701 2915
2704 3332
2705 3157
2706 3830
2708 3597
2708 3625
2709 3160
2710 3031
2710 3466
2712 3354
2712 3491
2713 3037
2713 3045
2713 3992
2714 3045
2714 3432
2714 3846
2715 2993
2715 3145
2715 3437
2715 3855
2717 3699
2720 3674
2723 2866
2723 2975
2724 2887
2724 3062
2724 3788
2726 3180
2729 3263
2729 3475
2730 3143
2730 3523
2730 3769
2731 2967
2732 2967
2732 3117
2732 3256
2733 3086
2734 3299
2735 3033
2735 3111
2735 3453
2738 2892
2738 3471
2739 2997
2740 3474
2741 3425
2744 3883
2744 3981
2745 3376
2746 2853
2747 3264
2748 2849
2748 2926
2748 3214
2748 3756
2750 3223
2750 3367
2751 3037
2751 3602
2753 3731
2754 2989
2754 3538
2755 3782
2756 2850
2757 3824
2759 3928
2760 2786
2760 3670
2763 3623
2763 3703
2763 3877
2764 2793
2764 3950
2765 2880
2766 3280
2766 3640
2768 3784
2768 3808
2769 3757
2770 2812
2772 2811
2772 3072
2772 3958
2774 2841
2774 3698
2774 3797
2774 3839
2775 2885
2775 3388
2775 3969
2777 2869
2780 3073
2781 3022
2781 3463
2783 3005
2783 3641
2785 2821
2785 3916
2787 3458
2788 3697
2790 3048
2791 3739
2793 3303
2794 3214
2794 3651
2796 3215
2796 3251
2798 2972
2798 3866
2800 2995
2800 3301
2800 3345
2800 3995
2802 3956
2804 3205
2805 3093
2805 3343
2806 3370
2807 3447
2809 2994
2809 3760
2812 2931
2812 3106
2812 3818
2814 3694
2815 2900
2815 3513
2817 2918
2818 3078
2818 3836
2819 2902
2819 3837
2819 3885
2820 3037
2820 3498
2820 3743
2820 3938
2821 3158
2823 3234
2823 3973
2824 2884
2825 3563
2828 3171
2828 3621
2829 3122
2830 3992
2832 3224
2832 3418
2833 3326
2833 3422
2833 3881
2834 3188
2835 3025
2836 3048
2837 3828
2839 3730
2840 3525
2841 2931
2841 3072
2842 3153
2842 3355
2843 3909
2844 3220
2844 3514
2844 3515
2844 3637
2845 3089
2845 3249
2846 3978
2847 2863
2849 3004
2849 3524
2849 3561
2850 3930
2852 3500
2853 3776
2854 2942
2854 3165
2854 3625
2854 3992
2855 2977
2855 3952
2856 3111
2857 2899
2857 2900
2857 3871
2859 3024
2860 3688
2861 3614
2862 3120
2863 3601
2863 3717
2867 3081
2868 3865
2869 3528
2873 3214
2874 3691
2874 3776
2876 2939
2877 2938
2877 3377
2878 2985
2880 3809
2881 3133
2882 3409
2882 3567
2883 3376
2884 3673
2885 3444
2886 3121
2886 3431
2886 3517
2887 3807
2887 3936
2889 2995
2889 3970
2890 3518
2891 3131
2891 3301
2892 3470
2894 3429
2895 3197
2895 3383
2896 3727
2896 3812
2898 3313
2898 3435
2899 3569
2899 3723
2900 3700
2903 3096
2904 3692
2905 3091
2907 3532
2908 3079
2909 3073
2911 3208
2913 3112
2913 3504
2913 3819
2914 3027
2915 2932
2916 3669
2918 3259
2920 3343
2920 3645
2921 3190
2923 3958
2924 3788
2927 3980
2928 3103
2930 3358
2932 3112
2932 3225
2933 2963
2934 3010
2934 3257
2935 3877
2936 3795
2936 3850
2938 3426
2939 3985
2940 3414
2940 3804
2940 3888
2942 3612
2942 3948
2943 3031
2943 3373
2945 3593
2945 3783
2946 3319
2947 3346
2947 3536
2948 3311
2948 3804
2948 3991
2949 3823
2949 3889
2950 3264
2950 3814
2952 3872
2953 3006
2953 3404
2953 3957
2955 3422
2959 3811
2964 3545
2964 3845
2965 3381
2965 3817
2966 3245
2968 3030
2969 3348
2969 3621
2971 3224
2971 3289
2972 3271
2972 3690
2972 3967
2973 3094
2978 3786
2978 3965
2979 3396
2980 3161
2982 3456
2982 3858
2984 3956
2985 3487
2989 3050
2990 3408
2990 3480
2990 3800
2990 3908
2991 3097
2991 3457
2991 3738
2991 3766
2993 3450
2994 3890
2995 3695
2995 3938
2996 3738
2999 3100
3001 3810
3002 3670
3004 3220
3005 3542
3006 3978
3007 3230
3007 3339
3007 3493
3008 3061
3009 3945
3010 3073
3010 3091
3011 3229
3012 3213
3012 3702
3014 3480
3015 3342
3017 3284
3019 3747
3020 3069
3020 3154
3020 3454
3021 3035
3027 3236
3027 3485
3028 3589
3031 3578
3032 3090
3032 3924
3035 3656
3037 3053
3038 3053
3039 3291
3039 3750
3039 3866
3040 3680
3041 3317
3041 3755
3042 3657
3042 3845
3046 3175
3046 3403
3047 3823
3048 3320
3048 3467
3051 3601
3052 3755
3053 3643
3059 3162
3059 3647
3060 3433
3060 3892
3060 3915
3062 3095
3062 3105
3062 3245
3062 3494
3064 3484
3065 3233
3065 3256
3065 3894
3066 3138
3066 3149
3066 3196
3066 3827
3067 3208
3068 3145
3071 3542
3071 3968
3072 3453
3073 3466
3073 3691
3074 3158
3074 3959
3075 3265
3075 3691
3075 3897
3079 3599
3079 3751
3080 3371
3080 3797
3080 3995
3081 3728
3082 3433
3083 3199
3083 3399
3083 3449
3085 3552
3087 3130
3088 3576
3088 3733
3093 3944
3095 3409
3098 3159
3101 3398
3101 3660
3101 3673
3101 3905
3103 3819
3104 3405
3105 3416
3108 3395
3108 3417
3108 3582
3109 3493
3110 3523
3112 3526
3113 3259
3117 3468
3119 3324
3119 3584
3119 3953
3120 3378
3120 3432
3120 3689
3121 3754
3121 3997
3122 3224
3122 3929
3127 3860
3128 3240
3128 3830
3132 3339
3133 3326
3133 3799
3134 3316
3135 3273
3135 3331
3135 3526
3135 3690
3137 3658
3138 3674
3138 3951
3141 3545
3145 3537
3147 3631
3147 3691
3148 3853
3150 3477
3151 3599
3152 3439
3153 3925
3153 3951
3155 3423
3155 3872
3155 3907
3156 3166
3156 3173
3156 3281
3156 3346
3156 3900
3158 3993
3159 3254
3160 3470
3160 3844
3162 3519
3164 3402
3164 3611
3166 3613
3166 3626
3167 3231
3167 3572
3167 3641
3168 3430
3170 3216
3170 3609
3173 3286
3173 3890
3174 3278
3174 3805
3175 3976
3176 3261
3176 3660
3178 3526
3179 3208
3180 3399
3180 3766
3183 3854
3185 3271
3188 3964
3189 3922
3194 3275
3194 3548
3197 3543
3201 3765
3202 3905
3204 3913
3205 3557
3205 3695
3207 3855
3207 3999
3209 3743
3212 3388
3212 3719
3215 3458
3216 3559
3217 3504
3218 3867
3221 3622
3222 3392
3222 3752
3225 3685
3226 3357
3226 3861
3227 3580
3227 3607
3229 3984
3231 3653
3232 3777
3235 3467
3235 3502
3236 3255
3237 3244
3237 3843
3244 3571
3244 3994
3246 3356
3246 3993
3247 3279
3247 3764
3255 3755
3255 3853
3256 3900
3257 3462
3258 3676
3263 3595
3263 3975
3264 3277
3264 3683
3264 3706
3265 3944
3270 3385
3270 3591
3272 3337
3275 3906
3276 3475
3282 3583
3285 3880
3287 3448
3288 3593
3288 3994
3289 3931
3294 3700
3295 3819
3298 3422
3299 3538
3299 3733
3301 3431
3302 3824
3303 3539
3304 3311
3305 3486
3305 3844
3307 3597
3307 3916
3308 3426
3308 3703
3309 3498
3309 3916
3311 3707
3315 3607
3319 3513
3319 3909
3324 3414
3328 3491
3328 3853
3329 3651
3332 3686
3332 3958
3335 3404
3337 3992
3340 3529
3341 3586
3343 3957
3345 3764
3346 3602
3347 3424
3350 3747
3350 3804
3351 3938
3352 3771
3353 3442
3353 3543
3358 3795
3359 3954
3361 3588
3364 3590
3364 3921
3365 3625
3366 3837
3367 3906
3376 3590
3376 3783
3378 3401
3381 3757
3382 3389
3383 3471
3384 3562
3386 3597
3387 3584
3387 3704
3387 3721
3388 3559
3388 3646
3390 3969
3391 3885
3392 3597
3392 3663
3393 3578
3394 3941
3396 3961
3402 3740
3403 3614
3405 3656
3405 3841
3406 3851
3409 3578
3413 3488
3413 3903
3415 3780
3416 3772
3419 3499
3422 3449
3424 3758
3426 3580
3427 3481
3431 3626
3431 3760
3431 3976
3435 3563
3435 3931
3446 3667
3448 3809
3452 3788
3453 3667
3454 3786
3454 3800
3454 3850
3455 3464
3456 3869
3457 3508
3458 3869
3460 3558
3461 3646
3463 3879
3467 3532
3467 3576
3467 3967
3469 3692
3469 3773
3472 3878
3473 3639
3479 3754
3479 3768
3480 3531
3481 3930
3482 3822
3484 3612
3486 3548
3487 3547
3489 3719
3492 3952
3497 3556
3499 3556
3501 3742
3501 3942
3502 3627
3503 3748
3505 3535
3505 3580
3505 3678
3516 3696
3522 3652
3524 3591
3524 3665
3525 3733
3525 3751
3526 3861
3532 3881
3532 3968
3534 3716
3539 3669
3539 3741
3542 3880
3543 3742
3546 3814
3548 3605
3551 3859
3553 3828
3554 3751
3557 3968
3559 3780
3560 3823
3561 3635
3562 3982
3569 3908
3569 3990
3577 3746
3578 3973
3580 3771
3582 3993
3583 3614
3584 3670
3585 3806
3585 3836
3591 3696
3596 3795
3601 3790
3602 3616
3602 3634
3602 3678
3602 3782
3602 3787
3606 3729
3606 3863
3607 3822
3607 3968
3608 3628
3611 3782
3614 3713
3614 3864
3615 3915
3616 3975
3616 3981
3621 3808
3626 3742
3628 3938
3630 3643
3630 3768
3631 3997
3635 3750
3636 3803
3647 3672
3651 3873
3655 3810
3655 3854
3658 3779
3661 3748
3661 3853
3676 3779
3681 3814
3694 3878
3694 3925
3695 3965
3702 3903
3705 3911
3715 3917
3733 3744
3740 3743
3740 3914
3744 3797
3745 3859
3745 3988
3749 3771
3752 3923
3760 3922
3764 3946
3777 3864
3780 3929
3786 3875
3799 3803
3811 3815
3817 3968
3822 3851
3833 3990
3840 3924
3843 3914
3844 3881
3851 3971
3859 3933
3863 3941
3865 3960
3874 3936
3886 3934
3903 3975
3911 3966
3915 3971
3917 3973
3938 3941
3954 3997
3997 3999
