0 1
0 2
0 4
0 5
0 6
0 7
0 8
0 13
0 14
0 15
0 18
0 23
0 29
0 31
0 33
0 45
0 46
0 51
0 53
0 56
0 59
0 62
0 68
0 70
0 71
0 75
0 88
0 89
0 94
0 101
0 102
0 108
0 112
0 120
0 127
0 159
0 160
0 161
0 162
0 178
0 185
0 190
0 207
0 208
0 214
0 218
0 226
0 237
0 246
1 2
1 3
1 5
1 9
1 10
1 14
1 15
1 22
1 24
1 25
1 30
1 31
1 39
1 49
1 52
1 63
1 69
1 93
1 102
1 114
1 119
1 125
1 126
1 137
1 144
1 145
1 147
1 151
1 154
1 156
1 164
1 169
1 181
1 183
1 192
1 201
1 203
1 204
1 212
1 219
1 220
1 221
1 227
1 235
2 3
2 4
2 6
2 7
2 11
2 12
2 13
2 16
2 18
2 20
2 22
2 24
2 28
2 35
2 50
2 52
2 55
2 60
2 67
2 72
2 80
2 83
2 96
2 98
2 107
2 123
2 138
2 139
2 186
2 197
2 206
2 210
2 212
2 242
2 244
2 249
3 241
4 17
4 37
4 41
4 43
4 55
4 74
4 82
4 86
4 91
4 97
4 110
4 131
4 146
4 153
4 183
4 185
4 195
4 209
4 218
5 8
5 11
5 26
5 30
5 57
5 73
5 78
5 87
5 90
5 91
5 128
5 145
5 181
5 197
5 203
6 9
6 21
6 25
6 53
6 61
6 65
6 67
6 75
6 80
6 84
6 105
6 120
6 122
6 128
6 130
6 132
6 141
6 165
6 189
6 192
6 202
6 206
6 236
6 237
6 240
7 140
7 161
7 179
7 199
7 230
7 234
8 17
8 77
8 201
8 213
9 10
9 12
9 26
9 34
9 35
9 36
9 60
9 64
9 68
9 95
9 99
9 100
9 112
9 115
9 122
9 134
9 146
9 167
9 168
9 180
9 196
9 199
9 207
9 214
9 215
9 226
9 233
10 19
10 27
10 92
10 95
10 115
10 175
10 222
11 40
11 42
11 43
11 48
11 64
11 87
11 138
11 149
11 205
11 215
12 83
12 85
12 105
12 135
12 175
12 220
13 20
13 23
13 32
13 36
13 38
13 40
13 41
13 65
13 79
13 90
13 106
13 107
13 118
13 124
13 129
13 137
13 178
13 180
13 194
13 216
13 240
14 34
14 57
14 81
14 101
14 126
14 136
14 139
14 196
14 221
14 247
15 16
15 19
15 27
15 32
15 37
15 38
15 188
16 66
16 92
16 119
16 121
16 172
16 198
16 205
17 21
17 47
17 73
17 89
17 228
17 238
17 243
17 248
18 171
18 223
18 228
18 231
19 28
19 29
19 33
19 44
19 46
19 85
19 130
19 143
19 186
19 225
20 72
20 96
20 108
20 109
20 135
20 187
20 241
20 243
21 62
21 74
21 152
21 225
23 58
25 209
25 239
26 76
27 229
28 78
28 144
28 150
28 166
28 179
28 188
29 49
29 58
29 103
29 118
29 125
29 142
29 193
29 202
29 239
30 50
30 59
30 99
30 104
30 152
31 44
31 104
31 229
33 42
33 45
33 70
33 123
33 191
33 200
34 48
34 54
34 56
34 61
34 82
34 171
34 177
34 190
36 39
36 47
36 150
37 117
39 66
39 69
39 110
39 121
39 133
39 158
39 193
40 114
42 148
47 51
47 54
47 86
47 98
47 106
47 165
47 248
48 76
48 149
48 182
49 84
50 81
50 124
51 103
52 97
53 63
53 71
53 100
53 109
53 166
53 172
53 174
53 231
53 244
53 246
54 204
56 155
56 159
56 163
56 176
56 217
58 77
58 117
58 198
58 211
60 219
62 88
63 111
67 111
67 127
68 233
69 116
69 129
69 143
69 174
71 170
73 79
76 141
79 134
80 94
81 232
81 234
82 217
83 200
83 211
86 213
87 93
87 140
87 153
89 160
90 170
94 142
95 148
96 194
96 208
97 169
97 223
98 133
100 113
100 162
102 227
103 155
104 116
104 147
109 132
109 189
110 113
110 191
112 232
112 235
113 156
114 173
118 131
118 157
122 168
122 195
123 247
125 136
128 157
134 151
134 167
135 176
141 224
144 173
145 184
146 154
146 245
147 158
147 238
148 184
149 177
151 164
154 163
162 182
166 242
168 222
170 224
173 187
173 236
194 216
195 210
216 245
218 230
226 249
