0 1
0 2
0 3
0 4
0 5
0 6
0 7
0 8
0 12
0 13
0 14
0 15
0 17
0 19
0 20
0 22
0 23
0 25
0 26
0 27
0 29
0 30
0 35
0 36
0 41
0 44
0 45
0 52
0 58
0 61
0 63
0 64
0 67
0 68
0 73
0 76
0 77
0 78
0 86
0 95
0 98
0 99
0 101
0 105
0 107
0 108
0 110
0 112
0 114
0 120
0 121
0 123
1 2
1 4
1 9
1 18
1 37
1 42
1 54
1 59
1 62
1 71
1 78
1 83
1 84
1 99
1 115
1 119
2 3
2 5
2 6
2 11
2 12
2 21
2 23
2 26
2 28
2 34
2 40
2 43
2 46
2 48
2 49
2 50
2 51
2 52
2 61
2 65
2 66
2 75
2 79
2 81
2 87
2 89
2 102
2 117
3 100
3 106
4 7
4 10
4 11
4 14
4 16
4 28
4 29
4 31
4 45
4 47
4 49
4 55
4 58
4 64
4 83
4 84
4 88
4 89
4 93
4 113
4 122
4 123
5 8
5 9
5 10
5 13
5 15
5 17
5 18
5 20
5 21
5 24
5 25
5 27
5 32
5 33
5 34
5 39
5 40
5 43
5 44
5 46
5 47
5 56
5 60
5 67
5 68
5 70
5 72
5 80
5 88
5 90
5 92
5 103
5 104
5 105
5 118
5 121
5 122
5 124
6 31
8 33
8 70
8 71
10 16
10 24
10 35
10 42
10 53
10 93
10 95
10 109
12 59
12 77
12 80
12 97
14 63
14 96
16 30
17 39
17 62
17 96
17 116
18 19
18 22
18 38
18 51
18 69
18 74
19 98
20 65
22 38
22 54
22 66
22 87
22 106
23 57
23 72
23 81
23 92
25 85
25 97
31 32
31 37
31 56
31 69
31 74
31 86
31 116
32 36
32 50
32 119
33 94
33 101
34 41
35 100
36 53
37 94
38 57
38 60
38 113
40 76
40 117
42 55
42 114
43 48
43 91
44 85
50 102
50 109
51 73
52 75
53 108
54 82
58 120
61 79
69 111
71 104
72 91
74 82
75 110
78 124
80 112
86 118
87 103
89 90
92 111
94 115
105 107
