0 1
1 2
1 33
2 34
3 4
3 35
4 36
5 37
6 7
7 8
7 39
8 9
10 11
10 42
11 43
12 44
13 14
13 45
14 15
14 46
15 16
15 47
16 17
16 48
17 18
18 19
18 50
19 20
19 51
20 21
21 22
21 53
22 23
23 24
24 56
25 57
26 27
26 58
28 60
29 30
31 63
32 33
33 65
34 66
35 36
36 37
36 68
38 39
41 73
42 43
42 74
43 44
43 75
46 47
47 79
49 50
49 81
50 51
50 82
51 52
51 83
52 84
53 54
54 86
55 56
55 87
57 58
57 89
58 59
58 90
59 91
60 92
64 65
65 97
66 98
68 100
69 70
69 101
70 71
70 102
71 72
71 103
72 73
72 104
73 74
73 105
77 78
78 79
78 110
79 80
80 112
81 82
82 83
82 114
83 84
84 85
85 86
86 87
88 120
89 90
89 121
90 122
91 92
91 123
92 93
92 124
93 94
94 126
95 127
96 97
96 128
97 129
98 99
99 100
99 131
100 101
102 134
105 137
106 107
106 138
107 108
107 139
109 110
110 142
112 144
113 145
117 149
118 150
119 151
120 121
120 152
121 153
122 123
122 154
123 124
123 155
124 156
125 157
126 127
127 159
128 160
130 162
131 132
133 165
134 135
134 166
135 167
136 137
136 168
138 139
138 170
139 171
140 172
141 142
141 173
142 143
142 174
143 144
144 176
145 146
145 177
146 147
146 178
147 148
147 179
148 149
148 180
150 182
151 152
155 156
155 187
158 190
159 191
160 161
160 192
161 162
161 193
162 163
162 194
163 195
165 166
165 197
166 167
166 198
167 199
169 201
170 202
171 203
172 204
173 205
174 175
175 176
175 207
176 177
176 208
177 178
177 209
178 179
178 210
179 180
179 211
180 212
181 182
181 213
182 183
182 214
183 184
183 215
184 185
184 216
186 187
186 218
187 188
187 219
188 189
189 190
190 191
192 193
192 224
193 194
194 195
194 226
195 196
196 197
197 198
197 229
198 230
199 231
200 232
201 202
201 233
202 203
202 234
203 235
204 236
205 206
205 237
207 239
208 209
208 240
209 210
209 241
210 242
212 213
212 244
213 214
214 215
215 216
216 217
217 249
218 250
219 220
219 251
220 221
220 252
221 222
221 253
222 223
223 255
224 225
224 256
225 226
226 258
227 228
227 259
228 229
228 260
229 230
229 261
230 231
230 262
231 232
232 233
233 234
234 266
235 236
235 267
236 237
238 239
238 270
240 241
240 272
241 242
241 273
242 274
243 275
245 246
245 277
246 278
247 248
248 249
248 280
249 250
250 282
251 252
252 253
252 284
253 254
253 285
254 286
256 257
256 288
257 258
257 289
258 259
258 290
259 291
260 292
261 262
261 293
262 263
263 264
264 265
265 266
266 298
267 268
268 300
270 302
271 272
271 303
272 304
273 274
273 305
274 275
274 306
275 276
275 307
276 277
276 308
277 309
278 279
278 310
279 280
280 281
280 312
281 282
281 313
282 283
283 284
284 285
285 317
286 287
286 318
287 319
288 320
289 290
290 291
290 322
291 292
291 323
292 293
293 294
294 295
294 326
295 296
295 327
296 297
296 328
297 298
297 329
298 299
298 330
300 301
300 332
301 302
301 333
302 303
302 334
303 335
305 306
305 337
306 307
306 338
308 309
308 340
309 341
310 311
310 342
311 343
312 344
313 314
313 345
314 315
314 346
316 348
317 349
318 319
318 350
320 321
320 352
321 322
321 353
322 323
325 357
326 327
326 358
327 359
328 329
328 360
330 362
331 332
331 363
332 333
332 364
333 365
334 366
335 336
335 367
336 337
336 368
338 370
340 341
341 373
342 343
342 374
343 344
344 345
344 376
345 346
345 377
346 347
347 348
348 349
348 380
349 350
349 381
350 382
351 383
353 385
354 355
355 356
356 357
356 388
357 358
357 389
358 359
358 390
360 361
361 393
362 394
363 395
364 365
365 366
366 398
367 399
368 369
368 400
369 370
369 401
370 371
370 402
371 372
373 374
373 405
374 375
374 406
375 376
375 407
376 377
377 409
378 410
379 380
379 411
380 381
380 412
382 383
382 414
383 415
385 386
385 417
386 387
387 419
388 389
388 420
389 421
390 422
391 423
393 394
393 425
394 426
395 396
395 427
396 428
397 429
398 399
398 430
399 400
400 432
401 433
402 403
403 404
403 435
404 405
404 436
406 407
406 438
407 439
409 410
410 411
411 443
412 413
412 444
413 414
413 445
414 415
415 447
416 417
417 418
417 449
418 419
418 450
419 420
419 451
421 422
421 453
422 454
423 455
425 426
425 457
427 459
429 430
430 431
430 462
431 463
432 433
433 434
433 465
434 435
434 466
435 467
436 437
436 468
437 438
438 439
438 470
439 471
441 473
442 443
442 474
443 444
445 446
445 477
446 447
446 478
448 480
449 450
449 481
450 451
451 452
451 483
452 453
453 454
453 485
454 455
455 487
456 457
456 488
457 458
457 489
458 459
459 460
460 492
461 462
461 493
462 494
464 496
465 497
467 468
467 499
468 469
468 500
469 501
470 471
470 502
471 503
473 474
473 505
474 475
475 507
476 477
476 508
477 478
478 510
481 482
483 484
484 485
484 516
485 486
485 517
486 518
487 488
489 521
491 492
491 523
492 493
492 524
493 494
493 525
494 495
496 497
496 528
497 529
498 499
498 530
499 500
500 501
500 532
501 533
502 503
502 534
503 535
504 505
504 536
505 506
505 537
506 507
507 508
507 539
508 540
509 510
509 541
510 542
512 513
512 544
513 514
514 546
515 516
516 517
519 520
520 521
520 552
522 523
522 554
523 524
523 555
524 525
525 526
526 527
527 559
529 530
529 561
530 562
531 532
532 533
532 564
533 534
533 565
534 535
534 566
535 536
535 567
536 568
538 539
538 570
539 540
540 541
541 573
542 574
544 545
545 577
546 547
547 548
550 551
551 552
552 584
553 585
554 555
555 556
555 587
556 588
558 590
559 591
560 561
560 592
561 562
561 593
563 564
563 595
564 565
564 596
565 566
565 597
566 598
567 599
570 571
571 603
572 573
572 604
573 574
573 605
574 606
575 607
576 577
576 608
578 610
579 580
579 611
580 581
581 613
582 583
582 614
584 585
584 616
585 586
585 617
586 587
586 618
587 588
588 620
590 591
590 622
591 592
591 623
593 594
594 626
596 597
596 628
597 629
598 599
598 630
599 631
600 632
601 602
601 633
602 603
602 634
603 635
604 636
607 639
608 609
608 640
609 641
611 612
612 613
612 644
613 645
614 615
614 646
615 616
615 647
616 648
617 618
618 619
618 650
620 652
622 623
622 654
623 624
624 656
625 657
626 658
627 628
628 629
628 660
629 630
630 631
630 662
631 632
633 634
633 665
634 635
635 667
636 637
637 638
637 669
640 641
640 672
641 673
642 643
643 675
645 677
646 647
646 678
647 679
648 649
650 651
650 682
651 652
651 683
652 653
652 684
655 687
656 657
657 658
658 659
658 690
659 660
659 691
660 661
660 692
661 662
661 693
662 663
663 664
664 696
665 666
666 667
666 698
667 668
668 700
669 670
670 702
671 703
672 673
672 704
674 706
675 707
676 677
677 678
677 709
678 679
678 710
679 711
680 712
681 682
682 683
682 714
683 684
683 715
684 685
684 716
687 688
687 719
688 689
688 720
689 690
689 721
690 691
691 692
692 724
694 695
694 726
695 696
695 727
696 697
696 728
697 729
698 699
699 700
699 731
700 732
701 733
702 703
702 734
703 735
704 705
705 706
705 737
706 738
708 709
708 740
709 710
709 741
710 711
710 742
711 712
712 713
712 744
713 714
713 745
714 746
715 747
716 717
716 748
717 749
718 719
718 750
719 751
720 721
720 752
722 754
723 724
724 725
724 756
725 726
726 727
726 758
728 760
729 761
730 731
730 762
731 732
732 764
733 765
734 766
735 767
736 737
736 768
737 738
738 739
739 740
739 771
741 742
741 773
742 774
743 744
743 775
745 746
746 747
747 779
748 780
749 781
750 782
751 752
751 783
752 753
753 754
754 755
754 786
755 756
755 787
756 757
757 758
757 789
758 790
759 760
759 791
760 761
762 794
763 764
763 795
764 796
765 766
768 769
768 800
769 801
770 771
770 802
772 773
772 804
776 777
776 808
777 809
778 779
780 781
780 812
781 813
783 784
785 786
785 817
786 818
787 788
787 819
788 789
789 821
790 791
791 823
792 793
792 824
793 794
795 827
796 828
797 798
798 799
800 832
801 802
801 833
802 834
803 835
804 836
806 807
807 839
808 809
808 840
809 810
809 841
810 811
810 842
811 812
812 813
813 814
813 845
814 815
814 846
816 848
818 819
818 850
819 851
820 821
820 852
822 823
823 824
823 855
824 856
825 826
825 857
826 827
826 858
827 828
827 859
828 829
829 830
830 831
830 862
831 863
832 864
833 834
833 865
834 835
835 836
837 838
837 869
838 839
839 840
839 871
840 841
840 872
841 842
841 873
843 875
844 845
845 877
847 879
848 849
848 880
849 881
850 882
852 853
852 884
853 885
854 886
856 888
857 858
857 889
858 859
858 890
859 860
860 861
860 892
862 863
863 895
864 865
865 866
866 867
867 899
868 869
869 870
869 901
870 902
871 872
872 873
873 874
873 905
874 875
874 906
875 876
875 907
876 908
877 909
878 879
878 910
879 911
880 881
880 912
881 882
881 913
882 883
883 884
883 915
884 885
886 887
887 888
887 919
888 920
889 890
890 922
891 892
891 923
892 893
893 894
896 897
896 928
897 898
898 899
899 900
899 931
901 933
903 935
904 936
905 906
906 938
907 908
907 939
908 909
909 910
909 941
911 912
911 943
913 914
914 946
915 916
915 947
916 917
917 949
918 919
919 951
921 922
921 953
922 923
923 924
924 925
925 957
926 927
928 929
928 960
929 961
930 962
931 932
935 967
936 968
937 938
937 969
938 939
938 970
939 940
942 943
943 944
943 975
944 945
945 946
945 977
946 978
947 948
947 979
948 949
948 980
949 950
949 981
950 951
950 982
952 953
952 984
953 954
954 955
956 988
957 989
958 959
959 991
960 961
961 962
962 994
963 964
963 995
966 967
966 998
968 1000
969 1001
970 1002
971 972
971 1003
972 973
972 1004
973 974
973 1005
974 975
975 976
975 1007
976 1008
977 1009
979 980
979 1011
981 982
981 1013
982 983
983 984
983 1015
986 987
987 1019
988 989
988 1020
989 1021
991 1023
992 993
995 996
996 997
998 999
999 1000
1002 1003
1003 1004
1005 1006
1006 1007
1008 1009
1010 1011
1011 1012
1013 1014
1014 1015
1016 1017
1017 1018
1018 1019
1021 1022
1022 1023
