0 203
0 319
0 412
0 420
0 444
0 460
1 60
2 4
3 42
3 267
4 46
4 196
4 227
4 298
4 366
4 475
4 483
5 212
5 344
5 390
5 446
6 10
6 45
6 189
6 377
7 181
7 357
8 99
8 134
8 244
8 269
8 322
9 14
9 428
10 180
10 243
10 484
11 53
11 165
11 170
11 325
12 82
12 97
12 139
12 142
12 208
12 323
13 324
13 405
13 480
14 170
14 216
14 322
15 34
15 192
15 399
16 245
16 255
16 332
16 425
17 188
17 360
17 437
17 474
18 386
18 441
19 158
19 313
19 358
20 188
20 419
21 96
21 276
21 320
22 97
22 143
22 165
22 168
22 196
22 247
22 360
22 391
23 261
23 372
23 380
24 73
24 302
25 150
25 200
26 405
27 90
27 400
27 413
28 97
28 176
28 327
28 349
28 422
28 429
28 453
28 470
28 484
29 133
29 161
29 390
30 45
30 176
30 288
30 335
30 415
30 440
30 476
31 33
31 256
32 151
32 220
32 284
32 332
32 426
32 456
33 183
33 268
33 389
34 57
34 255
34 377
34 378
34 459
34 491
34 494
35 114
35 465
35 490
36 130
36 284
36 297
36 318
37 77
37 471
38 74
38 236
38 429
39 96
39 120
39 139
39 146
39 152
40 403
40 475
41 97
41 163
41 207
41 338
42 82
42 232
43 64
43 79
43 285
43 308
43 326
43 430
44 462
45 84
45 130
45 291
45 449
46 183
46 264
46 290
46 441
46 453
46 468
47 150
48 156
48 327
48 421
49 54
49 239
49 359
50 53
50 141
50 252
50 341
51 257
52 183
52 309
53 94
53 194
53 426
54 94
54 126
54 276
54 308
54 379
54 455
55 89
55 186
55 200
56 169
56 246
56 303
56 458
56 478
57 70
57 137
57 228
57 346
57 392
57 472
58 75
58 98
58 211
59 106
59 241
59 344
59 347
59 469
60 105
60 128
61 160
61 210
61 402
61 437
62 115
62 130
62 461
62 471
63 411
63 431
63 452
64 110
65 247
65 375
65 415
66 74
66 390
67 216
67 263
67 266
67 345
67 371
67 384
68 75
68 304
69 135
70 139
71 158
71 360
71 472
72 89
72 187
72 237
73 382
74 156
74 166
74 250
74 297
74 316
74 434
74 454
75 103
75 136
75 204
75 260
75 293
75 436
77 98
77 130
77 152
77 159
77 204
77 368
77 395
77 419
78 88
78 163
78 256
78 296
78 310
78 325
79 120
79 240
79 375
79 410
80 295
81 126
81 176
81 211
82 134
82 145
82 247
82 305
82 329
83 107
83 143
83 219
83 341
83 372
84 176
84 322
84 482
85 94
85 115
85 228
85 281
86 125
86 130
86 190
86 268
87 221
87 231
87 244
88 124
88 152
89 155
89 281
89 386
89 428
90 172
90 188
90 197
91 152
92 302
92 406
93 251
93 364
94 227
94 343
94 363
96 131
96 153
97 187
97 225
97 258
97 450
98 185
99 340
100 380
100 469
101 348
101 367
101 461
101 488
102 320
102 400
103 444
104 391
104 475
105 147
105 380
106 117
106 120
106 339
106 398
106 407
106 452
107 191
107 283
107 335
107 422
107 450
107 472
108 165
108 236
108 263
108 355
108 374
108 398
109 157
109 271
109 335
109 382
109 423
109 475
110 155
110 253
110 405
110 473
111 390
111 462
113 216
113 281
113 301
113 306
113 360
113 460
113 487
114 271
114 412
114 498
115 181
115 183
115 299
115 451
117 125
117 223
117 245
118 219
118 227
118 350
118 480
119 150
119 162
119 289
119 327
120 181
120 270
120 383
120 443
121 268
121 345
121 390
121 437
123 312
124 191
124 239
124 329
125 219
125 285
125 476
126 143
126 211
126 240
126 314
126 315
126 362
126 422
126 448
126 477
126 488
127 225
127 406
128 134
129 150
129 238
129 288
129 326
129 453
129 480
130 210
131 168
133 178
133 232
133 233
134 186
134 258
134 335
135 191
136 240
136 314
136 452
136 476
137 220
137 316
137 371
138 202
138 216
138 278
138 481
139 234
139 347
140 387
140 405
140 459
140 474
141 341
141 361
141 410
141 414
142 197
142 207
142 258
142 271
142 344
142 486
143 210
143 490
144 490
145 174
145 187
145 388
145 404
145 427
146 167
146 454
146 471
147 156
147 220
147 328
148 192
148 255
148 407
148 469
149 268
149 289
149 469
150 301
150 351
151 203
151 268
151 297
151 328
151 406
151 432
151 465
152 262
152 384
152 433
153 288
154 237
155 333
155 435
155 455
155 461
156 292
156 447
156 458
156 496
157 167
157 295
157 342
157 404
157 451
158 188
158 280
158 474
159 277
159 289
159 463
159 486
160 309
160 388
161 277
161 290
161 301
162 166
162 331
162 366
162 367
162 441
163 479
164 475
165 202
165 249
165 415
166 270
166 317
167 359
167 362
169 176
170 205
170 419
171 197
171 251
171 269
171 355
172 201
172 206
172 448
173 435
174 185
174 441
176 231
176 338
176 361
176 411
176 430
177 291
177 343
178 250
178 423
179 495
179 498
180 214
180 288
181 187
181 292
181 305
181 393
182 372
182 457
183 213
183 289
183 472
183 477
184 408
184 452
185 294
185 404
185 427
186 414
187 207
187 290
187 321
188 444
189 219
190 195
190 382
190 459
190 471
190 495
191 290
191 366
191 424
192 456
193 332
193 410
194 331
194 456
194 480
195 359
195 495
196 201
196 224
196 251
196 408
196 427
197 324
197 334
198 234
198 370
200 454
201 373
201 391
201 482
202 284
202 428
203 214
203 233
203 336
204 289
204 319
204 485
205 231
205 236
205 294
205 312
206 299
206 396
208 281
209 299
209 353
210 396
210 486
212 379
213 452
214 293
214 377
214 398
214 453
214 484
215 429
217 394
218 261
219 491
220 482
221 225
221 360
221 366
221 486
221 488
222 292
224 227
224 258
224 498
225 377
226 307
227 245
227 289
227 355
228 387
228 426
229 343
229 458
229 471
231 282
231 292
232 318
233 270
233 464
234 276
234 319
235 251
235 305
235 307
235 420
235 462
235 474
236 274
236 294
236 332
237 444
238 260
238 383
239 348
239 390
239 398
240 268
240 397
240 423
240 494
241 272
241 370
242 267
242 269
242 456
242 470
243 324
243 354
243 397
244 343
244 396
246 252
247 362
247 460
247 465
248 371
249 486
250 264
252 476
252 483
253 254
253 305
253 348
254 261
254 320
255 478
256 266
257 430
257 431
258 427
258 445
259 424
260 365
260 400
261 374
262 279
262 462
263 335
263 386
264 342
264 414
264 461
266 330
267 283
267 478
268 314
268 330
268 352
269 405
270 316
270 334
270 438
271 280
271 309
271 359
271 425
271 441
271 498
273 319
273 368
273 450
274 434
275 295
275 381
276 424
277 284
277 413
278 395
278 405
278 437
280 352
280 412
281 439
283 384
284 342
284 416
285 305
285 353
285 418
288 371
288 405
289 444
289 489
291 369
291 371
293 457
295 438
296 486
297 403
299 314
299 417
300 340
300 399
301 352
301 451
302 355
302 422
302 445
302 456
304 371
304 440
305 389
306 363
306 474
307 346
307 462
308 422
310 429
310 433
311 320
311 364
311 479
311 480
312 323
312 404
313 385
314 413
314 425
315 386
315 475
315 496
316 380
317 336
317 345
318 322
318 363
319 456
319 465
319 466
320 358
320 391
320 450
321 457
322 339
322 483
323 406
323 474
325 426
325 487
326 497
327 358
327 478
328 362
329 463
330 424
330 441
331 420
333 348
333 401
333 415
334 357
334 360
334 451
335 381
335 453
340 353
340 448
343 410
343 457
344 426
344 439
349 417
349 470
350 356
350 362
351 468
353 376
353 448
354 484
355 357
356 365
357 481
361 374
361 478
361 488
362 428
363 370
364 437
365 465
368 403
368 438
370 387
370 483
371 430
371 447
372 385
372 472
375 450
375 472
375 496
378 457
381 419
381 432
381 456
382 433
387 408
390 463
392 483
393 404
396 407
397 455
397 489
398 484
399 417
400 495
401 443
402 429
403 466
405 483
408 438
408 477
409 449
409 483
410 448
410 474
412 428
415 432
416 499
417 441
418 499
421 472
421 498
422 452
424 477
424 491
425 444
425 458
428 471
432 480
433 440
433 460
433 464
436 475
436 496
437 451
445 449
445 457
447 471
450 469
455 476
460 461
463 496
467 476
467 478
469 479
471 489
472 475
472 495
477 480
484 498
489 496
