0 1
0 2
0 3
0 7
0 9
0 14
0 17
0 19
0 21
0 26
0 32
0 52
0 86
0 90
0 92
0 99
0 100
0 101
0 106
0 116
0 119
0 125
0 129
0 130
0 135
0 137
0 162
0 164
0 168
0 177
0 179
0 214
0 215
0 218
0 230
0 237
0 238
1 2
1 3
1 4
1 5
1 6
1 11
1 12
1 13
1 19
1 24
1 25
1 27
1 35
1 37
1 38
1 39
1 42
1 49
1 55
1 59
1 62
1 63
1 71
1 72
1 74
1 82
1 85
1 101
1 102
1 107
1 111
1 115
1 117
1 120
1 121
1 126
1 136
1 145
1 159
1 166
1 172
1 175
1 176
1 178
1 182
1 188
1 203
1 216
1 224
1 228
1 229
1 242
1 249
2 6
2 7
2 8
2 9
2 10
2 20
2 26
2 40
2 65
2 77
2 83
2 88
2 98
2 108
2 113
2 126
2 186
2 201
3 4
3 8
3 15
3 16
3 18
3 27
3 35
3 36
3 38
3 43
3 44
3 45
3 46
3 48
3 50
3 56
3 58
3 64
3 65
3 71
3 73
3 76
3 78
3 80
3 82
3 85
3 87
3 88
3 91
3 92
3 94
3 95
3 96
3 102
3 108
3 138
3 143
3 147
3 149
3 150
3 157
3 161
3 163
3 169
3 178
3 194
3 196
3 202
3 206
3 208
3 212
3 213
3 216
3 219
3 221
3 227
3 230
3 241
3 244
3 246
4 5
4 10
4 14
4 24
4 28
4 32
4 53
4 58
4 59
4 66
4 69
4 70
4 77
4 89
4 90
4 114
4 118
4 123
4 124
4 141
4 144
4 148
4 170
4 207
4 210
4 225
4 235
5 16
5 21
5 28
5 29
5 34
5 60
5 61
5 68
5 80
5 104
5 109
5 131
5 134
5 146
5 161
5 181
5 227
6 11
6 12
6 13
6 17
6 18
6 20
6 23
6 30
6 43
6 53
6 56
6 61
6 63
6 66
6 78
6 94
6 119
6 127
6 140
6 147
6 158
6 159
6 163
6 167
6 177
6 185
6 190
6 193
6 194
6 195
6 197
6 200
6 203
6 204
6 211
6 213
6 220
6 221
6 239
7 97
7 99
7 184
7 187
7 231
8 15
8 31
8 93
9 195
9 248
10 22
10 73
10 98
10 107
10 132
11 22
11 33
11 50
11 173
12 41
12 45
12 51
12 57
12 87
12 113
12 190
12 234
13 55
14 34
14 76
14 103
14 130
15 29
15 60
15 171
15 172
16 31
16 84
16 91
16 103
16 127
16 154
16 187
17 30
17 40
17 41
17 79
17 122
17 146
17 191
17 208
18 23
18 25
18 47
18 70
18 137
18 165
18 232
21 48
22 37
22 44
22 46
22 54
22 62
22 74
22 93
22 105
22 150
22 179
22 181
22 236
22 244
25 39
25 83
26 156
26 236
27 52
27 133
27 186
27 226
28 36
28 54
28 57
28 69
28 109
28 170
28 196
28 241
29 160
30 42
30 105
30 120
30 153
30 226
31 33
31 84
31 121
31 124
31 158
32 67
32 97
32 141
32 151
35 139
35 153
36 47
37 152
38 134
38 142
38 176
40 89
40 117
40 144
41 173
42 96
42 111
45 49
48 133
48 211
48 223
49 75
49 116
49 155
49 175
50 51
50 64
50 75
50 81
50 106
50 148
50 149
50 152
50 165
50 189
50 192
50 199
50 224
50 229
50 232
50 243
52 68
52 145
52 154
52 218
52 222
53 184
55 198
56 123
59 72
59 215
59 248
60 142
62 67
62 100
62 174
62 243
63 79
63 81
63 136
64 129
64 166
65 110
65 112
65 118
65 122
65 162
65 225
66 86
66 125
66 139
66 174
66 223
66 240
67 155
67 202
67 206
69 169
69 204
70 171
70 245
72 249
76 128
77 183
79 189
82 95
83 201
84 114
85 104
85 112
86 115
87 167
87 209
91 183
92 135
94 207
94 214
95 140
95 156
100 185
102 110
102 239
103 212
104 219
105 151
106 168
108 192
108 228
109 217
112 199
112 222
113 132
115 128
118 143
120 245
123 131
124 180
126 138
126 234
142 200
145 193
147 164
147 180
147 188
154 157
154 160
154 197
154 217
154 237
154 247
155 191
158 205
161 209
161 235
162 220
164 238
165 205
168 242
171 198
175 182
186 233
191 210
191 233
191 246
191 247
218 231
229 240
