1 50
1 357
1 472
1 515
1 736
1 860
1 916
2 366
2 968
3 22
3 168
3 339
3 740
3 832
4 240
4 268
4 332
5 151
5 203
5 780
5 839
6 975
7 318
7 526
7 576
7 621
7 694
7 829
8 138
8 369
8 629
8 694
8 728
8 955
9 230
9 641
10 299
10 302
10 426
10 554
10 705
11 41
11 316
11 387
11 511
11 616
11 711
11 762
11 977
12 281
12 375
12 420
12 462
13 176
13 504
13 751
13 802
13 837
13 881
14 311
15 246
15 303
15 384
16 176
16 218
17 188
17 284
17 521
17 592
17 600
17 918
18 485
18 633
18 868
18 901
19 933
20 202
20 458
20 557
20 683
20 756
20 894
20 968
21 133
21 296
21 415
21 897
22 33
22 208
22 315
22 472
22 506
22 723
22 770
23 112
23 300
23 383
23 664
23 742
23 904
23 929
24 169
25 122
25 263
25 442
25 767
25 896
26 152
26 153
26 196
26 233
26 308
26 696
27 94
27 100
27 206
27 418
27 559
27 993
28 223
28 254
28 550
28 680
28 951
29 78
29 109
29 964
30 457
30 631
31 163
31 214
31 646
32 713
32 789
33 266
33 631
33 670
34 123
34 384
34 623
34 800
35 173
36 533
36 745
36 782
36 886
37 440
37 469
37 598
37 631
37 731
37 740
38 92
38 567
38 765
38 888
39 50
39 419
39 656
39 957
40 173
40 315
40 379
40 605
40 794
40 872
40 966
40 968
41 52
41 453
41 478
41 765
41 799
41 906
42 497
42 557
42 751
43 276
43 502
43 687
44 740
44 763
44 785
45 592
45 782
45 897
45 962
46 206
46 432
46 497
46 565
46 580
47 221
47 298
47 439
47 772
47 889
48 303
48 608
48 814
49 288
49 463
49 922
50 153
50 744
50 800
50 827
51 293
51 427
52 146
52 155
52 915
53 285
53 327
53 423
53 595
53 666
53 750
54 501
54 583
54 745
54 845
54 991
55 416
55 539
55 658
56 329
56 478
56 799
57 603
58 131
58 167
58 221
58 401
58 525
58 661
58 746
59 288
59 359
59 364
59 533
59 775
61 307
61 808
61 847
63 181
63 279
63 314
63 712
63 812
64 225
64 756
65 564
65 983
66 433
66 524
66 686
66 715
67 88
67 358
67 427
67 777
67 842
67 917
68 355
68 520
68 694
68 820
68 859
69 328
69 766
69 920
69 958
70 80
70 371
70 385
70 853
70 879
70 928
71 236
71 245
71 304
71 447
71 621
71 681
71 753
71 840
71 857
72 851
73 131
73 247
73 353
73 445
73 924
74 375
74 379
74 394
74 643
74 864
75 303
75 533
75 799
76 173
76 978
77 163
77 563
77 989
78 856
78 967
79 333
79 802
80 873
80 932
80 944
81 716
82 158
82 179
82 262
82 391
82 416
82 709
82 789
84 234
84 423
84 954
85 120
85 225
86 152
86 318
86 538
87 108
87 387
87 514
87 718
87 840
87 995
88 762
88 846
89 488
89 637
89 719
89 753
90 484
90 798
90 913
91 93
91 452
91 804
91 978
92 348
92 832
92 969
93 188
93 392
93 404
93 614
93 913
93 923
94 148
94 797
95 106
95 135
95 267
95 312
95 424
95 734
95 787
97 215
97 344
97 443
97 750
98 128
98 299
98 702
98 913
99 150
99 355
99 365
99 476
99 843
99 888
100 112
100 477
100 520
100 572
101 115
101 132
101 144
101 157
101 176
101 445
101 458
101 568
101 604
102 309
102 525
102 579
103 620
103 916
104 383
104 659
104 975
105 700
106 210
106 304
106 486
106 691
107 132
107 152
107 164
107 169
107 266
107 579
107 923
108 918
108 983
109 568
110 713
110 922
111 292
111 409
111 732
112 193
112 411
112 474
112 730
112 789
113 160
113 548
113 678
114 438
114 657
114 778
114 783
115 704
116 224
116 442
116 539
116 763
116 842
117 212
117 540
117 703
117 876
118 162
118 274
118 507
118 833
118 991
119 242
120 334
120 433
120 577
120 586
120 758
120 856
120 887
121 389
121 390
121 403
121 844
121 958
122 319
122 398
122 426
122 473
122 657
122 901
122 925
123 280
123 476
123 651
124 280
124 481
124 642
124 706
125 385
125 591
125 634
126 333
126 476
126 981
127 194
127 258
128 179
128 644
129 452
129 527
129 872
130 232
130 529
130 611
130 686
130 770
131 433
131 717
132 225
132 244
132 593
133 240
133 421
133 552
133 840
134 366
135 150
135 406
135 484
135 649
135 664
135 677
135 680
136 519
136 756
137 246
137 445
137 459
138 367
138 549
139 269
139 636
139 688
139 730
140 481
140 494
141 398
141 490
141 698
142 264
142 277
142 924
142 941
143 153
143 527
143 744
143 976
144 152
144 390
144 545
144 809
144 985
145 326
145 406
145 448
145 504
146 232
146 252
146 627
146 669
146 776
146 861
147 484
147 555
148 516
148 594
148 787
149 389
149 517
149 559
149 808
149 970
150 262
150 277
150 327
150 602
150 701
151 178
151 503
151 526
151 643
151 752
151 782
152 353
152 521
152 641
152 655
152 717
152 852
152 941
154 309
154 453
155 415
155 923
155 944
155 990
156 401
156 476
156 670
157 395
158 437
158 500
158 834
158 847
158 874
158 946
159 351
159 415
159 821
160 163
160 523
161 481
161 897
161 993
162 296
162 548
163 181
163 481
163 505
164 225
164 523
164 548
164 606
164 815
165 300
165 438
165 462
166 482
166 604
167 496
167 615
167 910
168 541
168 831
168 975
169 241
169 333
169 845
169 878
170 589
170 627
171 174
171 493
171 672
172 535
172 611
172 646
172 659
172 720
172 798
172 816
172 917
173 210
173 245
173 678
173 850
174 503
174 513
174 546
174 832
175 465
175 690
175 746
175 966
175 989
176 288
176 523
177 342
178 325
178 620
178 806
179 539
179 749
180 360
180 661
180 784
180 806
180 974
181 240
181 275
181 696
182 319
182 418
182 543
182 581
182 679
182 828
183 442
183 979
184 589
185 484
185 489
185 527
185 830
186 327
186 560
187 463
188 242
188 643
188 906
189 510
190 477
190 561
190 778
191 488
191 722
191 803
191 969
191 977
192 264
192 458
192 645
192 702
193 692
193 963
194 346
194 517
194 547
194 876
195 327
197 375
197 810
198 283
198 772
198 907
199 239
199 467
199 661
199 786
199 878
200 203
200 508
200 691
200 992
201 623
201 708
202 458
202 545
202 695
202 718
203 504
203 512
203 714
203 986
204 501
204 549
204 646
204 769
204 935
205 210
205 260
205 483
205 927
205 979
206 241
206 396
207 227
208 346
208 518
208 682
208 978
209 257
209 726
210 233
210 464
210 517
210 573
210 680
210 733
210 795
211 300
211 310
211 684
212 217
212 244
212 335
212 427
212 536
212 579
212 966
213 325
213 493
213 510
214 266
214 276
214 303
214 496
214 906
215 661
216 244
216 253
216 521
216 894
217 301
217 328
217 489
217 555
217 752
218 281
218 442
219 262
219 436
219 578
219 609
220 479
220 489
220 872
221 228
221 535
222 466
222 564
222 718
223 246
224 740
225 360
225 531
225 575
225 693
225 820
226 530
226 572
226 756
227 483
227 619
227 743
228 557
228 732
229 345
229 830
230 318
230 467
231 440
231 617
231 671
232 331
232 878
233 348
233 516
233 690
233 734
234 280
234 850
235 319
235 564
236 294
236 405
237 259
237 362
237 398
237 679
238 263
238 439
238 931
239 379
239 380
239 414
239 683
239 928
240 908
240 984
241 667
241 737
241 790
242 860
242 999
243 248
243 528
243 597
244 704
244 763
245 619
245 813
245 818
245 917
246 303
246 587
246 645
246 663
247 279
247 485
247 984
248 836
249 310
249 405
249 683
249 696
249 950
249 971
250 682
250 737
250 924
250 930
251 337
251 502
251 606
251 750
251 774
251 915
252 313
252 390
252 696
253 587
253 709
253 791
253 928
254 870
255 331
255 540
255 643
255 758
255 950
256 378
256 503
256 846
257 486
257 618
257 920
258 444
259 264
259 365
259 672
259 675
260 305
260 564
260 876
260 884
260 885
261 366
261 626
262 507
262 629
262 934
263 327
263 470
263 669
263 724
263 881
265 327
265 339
265 700
266 672
266 699
266 745
266 810
267 299
267 407
267 612
267 909
268 321
268 486
268 755
268 830
269 478
269 876
269 968
269 989
270 370
270 864
271 284
271 347
271 496
271 748
271 827
272 767
272 791
273 414
273 537
274 574
274 691
274 697
274 701
275 330
275 362
275 494
275 721
275 953
276 328
276 431
276 557
276 810
276 955
278 282
278 308
278 982
279 328
280 330
280 415
280 481
280 492
281 510
282 374
282 439
282 689
282 839
282 967
283 411
283 594
283 811
284 494
284 579
284 598
284 728
284 742
284 777
284 856
284 906
284 998
285 721
285 804
286 529
286 864
287 380
287 427
287 498
287 689
287 692
287 706
288 617
288 706
288 862
289 443
289 599
289 694
289 896
289 925
289 943
291 322
291 396
291 407
291 498
291 514
291 537
291 640
293 450
293 522
294 756
295 353
295 430
295 626
295 768
296 315
296 498
296 740
297 341
297 757
297 816
297 898
298 384
298 697
298 790
299 489
299 668
299 875
299 923
300 569
300 720
300 977
301 573
301 616
301 626
301 719
301 801
302 612
303 515
303 723
303 800
304 665
304 922
304 997
305 384
305 443
305 578
305 990
306 333
306 574
306 688
307 769
308 506
308 634
308 677
308 786
308 789
308 974
309 391
309 403
309 620
310 364
310 501
310 865
311 318
311 740
312 517
312 831
313 603
313 833
314 339
314 820
315 966
316 357
316 713
316 769
317 697
317 704
317 873
318 495
319 404
320 473
320 545
321 846
321 883
321 919
322 440
322 700
322 762
322 914
323 365
323 479
323 533
323 586
324 370
324 481
324 502
324 660
324 766
325 886
326 535
326 726
326 833
327 456
327 652
327 694
327 782
328 507
328 757
329 410
329 429
329 450
329 675
330 380
330 393
330 509
330 929
330 933
331 983
332 553
332 622
332 853
333 712
334 441
334 774
335 476
335 501
335 530
335 779
335 849
335 964
336 494
336 582
336 890
337 655
337 658
338 743
339 681
340 522
340 691
340 814
341 673
341 890
342 544
342 585
343 709
344 375
344 647
345 432
345 766
345 769
346 429
346 438
346 471
347 362
347 468
347 591
347 799
347 800
348 476
348 694
350 364
350 601
350 677
350 821
350 867
353 931
354 441
354 504
354 525
354 580
354 867
354 924
355 764
355 987
356 606
356 621
356 805
356 888
357 601
357 680
357 966
357 978
358 958
359 897
359 937
359 942
360 433
361 545
361 905
363 569
363 772
364 539
364 753
365 629
365 736
365 919
366 369
366 785
367 512
368 561
368 683
368 971
369 704
369 827
369 924
370 627
371 424
371 938
371 973
371 994
373 403
374 432
374 778
374 791
375 413
375 423
375 499
375 705
376 632
376 795
376 891
378 567
379 554
379 585
379 588
379 703
379 727
379 898
380 476
380 508
380 741
380 815
380 849
382 390
382 544
382 739
383 799
383 880
384 618
384 730
386 415
386 651
386 716
387 448
387 676
387 725
388 508
388 609
389 688
391 448
392 737
392 801
394 706
394 768
394 788
394 924
395 544
395 981
396 443
396 480
396 518
396 916
397 447
397 576
397 666
397 790
397 845
399 554
399 897
400 594
400 870
400 913
401 605
401 630
401 685
401 972
402 501
403 582
403 700
404 436
404 466
404 648
406 495
406 643
406 846
406 918
406 949
407 821
408 513
408 917
409 515
409 686
410 439
410 444
410 511
410 581
410 666
410 885
411 431
411 620
412 475
412 764
414 496
414 694
414 787
415 607
415 633
416 758
416 833
416 863
417 485
417 489
417 703
417 740
417 776
418 554
418 814
419 490
419 882
420 951
421 620
421 768
422 940
423 445
423 583
423 625
424 703
424 730
424 912
424 944
425 525
425 576
426 556
426 747
426 766
427 530
427 599
427 822
427 940
427 950
428 834
428 971
429 521
429 535
430 795
430 982
431 851
431 855
432 444
433 574
434 636
434 764
435 493
435 543
435 962
435 984
436 559
436 602
436 706
436 842
437 477
438 543
438 664
438 680
439 819
440 681
441 448
441 776
442 606
443 469
443 482
443 644
443 981
444 731
444 928
444 933
445 544
445 627
445 918
446 972
447 763
448 471
448 518
448 908
449 811
449 888
450 867
450 870
451 574
451 605
451 632
451 655
452 469
452 901
452 956
455 492
455 722
455 871
457 948
458 648
458 782
459 630
459 818
460 471
460 688
461 575
461 809
462 589
462 760
463 716
464 491
464 638
464 814
464 881
464 942
467 608
467 694
467 826
467 838
468 528
468 790
468 871
469 555
469 584
470 476
470 481
470 577
470 708
470 782
470 818
470 851
470 980
471 504
471 969
472 840
473 610
473 676
473 802
473 847
473 951
474 891
475 607
475 988
476 496
476 696
476 729
476 769
477 827
477 869
477 913
478 619
478 871
478 922
479 899
480 659
480 925
481 979
482 912
483 652
485 621
485 836
486 988
487 606
487 716
487 876
488 694
488 744
488 902
489 690
489 947
489 948
490 544
490 690
491 792
491 836
492 768
493 960
493 962
494 760
494 796
494 803
494 884
494 900
494 928
496 626
497 521
498 704
498 739
498 811
499 776
499 856
500 720
501 741
501 776
501 901
501 941
501 983
503 936
504 513
504 982
505 573
506 717
507 554
507 702
507 827
507 881
508 523
508 679
508 843
508 859
509 790
509 956
510 668
510 996
511 589
511 594
511 876
512 543
513 551
513 828
514 599
515 756
517 542
517 622
518 520
518 573
518 839
518 954
519 721
519 904
519 963
520 676
520 827
521 644
521 696
521 838
521 884
521 976
521 977
522 572
522 574
522 973
523 538
524 559
524 933
525 693
527 722
527 866
528 674
529 837
530 849
532 554
532 797
532 986
533 927
534 737
534 751
534 887
535 978
536 674
538 743
538 900
538 933
541 564
541 911
542 771
542 831
542 886
542 922
543 583
544 721
544 869
546 757
546 857
546 871
547 609
547 852
547 951
548 836
549 644
549 762
549 998
551 892
551 974
552 995
553 669
554 707
554 814
554 891
555 572
555 695
555 766
555 855
556 818
556 868
556 964
556 988
558 595
558 599
558 667
558 703
558 720
558 818
560 583
561 700
563 596
563 929
564 707
565 984
566 697
566 808
568 720
569 680
569 748
569 880
569 933
571 827
572 719
572 850
572 856
573 625
573 917
575 664
575 848
578 750
578 984
581 830
581 997
582 965
583 633
583 648
584 842
584 852
584 912
585 740
586 855
587 936
587 967
590 670
591 600
591 779
591 973
592 772
592 889
593 983
594 596
594 638
594 903
595 637
595 982
596 891
597 739
598 946
598 985
600 613
600 722
600 816
600 941
601 612
601 703
601 722
601 773
603 844
604 813
604 819
605 750
605 754
607 616
608 805
608 918
609 988
611 627
611 687
611 714
611 818
612 681
612 690
612 715
612 745
612 958
613 883
614 928
615 763
615 977
616 796
616 967
617 953
618 633
619 754
619 884
619 893
619 903
620 728
620 786
622 705
622 733
622 785
622 897
623 625
623 769
623 996
624 687
624 819
625 636
625 652
625 684
626 725
626 829
627 788
628 633
628 722
630 953
631 821
632 650
633 872
633 903
636 707
636 860
637 810
638 904
639 965
640 664
640 769
640 845
641 830
641 836
641 881
641 964
643 848
643 868
643 951
643 979
644 657
646 762
648 756
648 871
651 778
651 794
652 797
652 902
655 741
656 734
656 804
657 904
658 687
658 799
659 765
659 873
660 675
660 678
660 932
661 837
663 857
663 893
663 960
664 758
665 687
666 852
668 773
668 778
668 801
670 954
670 974
671 772
671 815
671 837
671 899
671 910
672 706
672 766
673 806
674 828
674 999
675 781
677 925
680 814
680 920
683 698
683 706
683 715
684 890
686 715
686 967
687 724
688 751
689 742
689 744
690 693
691 867
692 799
693 875
695 790
700 856
701 748
701 805
701 931
702 772
702 776
702 868
702 897
702 911
703 746
703 845
704 852
704 961
705 877
706 710
707 806
707 952
707 997
709 783
709 957
710 861
713 773
713 810
714 806
715 881
716 784
717 725
717 735
718 876
719 947
719 964
720 924
721 909
723 866
723 972
724 839
724 879
726 906
727 781
727 795
729 903
731 881
732 804
733 771
734 879
734 911
735 759
736 828
737 780
738 833
738 892
738 947
740 826
740 992
741 843
741 878
741 908
741 991
742 786
742 838
743 957
744 837
745 850
746 778
746 860
748 820
750 775
751 863
752 906
756 860
756 955
757 879
761 899
761 927
763 952
764 846
764 896
764 919
765 832
766 773
766 961
766 967
767 970
768 926
770 772
770 904
770 936
772 847
773 839
774 893
775 842
775 996
778 811
778 944
780 793
780 841
781 800
781 847
782 791
782 950
783 988
784 948
785 841
785 969
786 802
786 831
786 939
787 903
787 993
789 838
791 907
791 934
791 976
795 956
796 863
798 820
799 903
800 972
801 927
801 943
802 864
803 817
805 928
809 844
809 893
812 900
813 816
813 834
813 882
813 973
814 986
816 943
817 925
819 822
820 863
822 921
823 860
823 977
824 862
826 962
829 855
829 949
830 884
835 862
843 924
844 913
844 969
845 874
845 878
845 952
846 978
849 857
858 978
863 901
865 954
866 936
867 909
872 976
877 999
878 972
883 938
883 995
884 910
885 930
887 933
892 910
897 958
898 941
899 980
906 976
907 985
908 950
917 946
921 984
922 962
925 975
927 973
929 963
934 958
942 974
942 983
942 991
952 980
953 981
954 964
970 972
