0 300
0 524
0 652
0 697
0 829
0 3257
1 1211
1 1264
2 1457
2 1545
2 3179
2 3211
2 3229
3 470
3 843
4 1039
4 2126
4 3737
5 530
5 1965
5 2337
5 3056
6 854
6 1165
6 3710
7 1179
7 1380
7 2794
8 788
8 3115
8 3321
9 804
9 858
9 1352
9 1959
9 2276
9 2482
10 445
10 1341
10 1826
10 2408
10 3482
11 402
11 720
11 2337
11 3053
11 3210
11 3803
12 3882
13 116
13 129
13 1230
13 1918
13 2677
13 2713
13 2724
13 2747
13 3031
13 3217
13 3278
13 3625
14 3212
14 3478
15 169
15 850
15 1428
15 2859
15 3537
15 3695
15 3907
16 808
16 3002
16 3239
17 245
17 1567
18 915
18 2903
18 2975
18 3927
19 419
19 1698
19 3797
20 3472
21 136
21 873
21 1958
21 2639
21 2952
21 2990
22 232
23 296
23 1307
23 1389
23 3850
24 2358
24 2451
24 3211
25 1653
25 2185
25 2634
25 2701
26 400
26 3714
26 3897
26 3980
27 1186
27 2850
27 2940
27 3531
28 1030
28 1710
28 2401
28 2689
28 2887
28 3605
29 620
29 1467
29 2553
29 2742
29 3210
29 3994
31 462
31 815
31 1180
31 1463
31 2624
31 3765
31 3871
32 298
32 1794
32 3566
33 859
33 2166
33 2693
33 3216
34 297
34 367
34 1130
34 1191
34 1497
34 1832
34 3300
34 3667
36 517
36 966
36 3597
36 3748
37 275
37 2067
37 2138
37 2657
38 429
38 900
38 965
38 1456
38 2407
38 3116
38 3771
39 116
39 3168
39 3174
40 1078
40 1451
40 1506
40 1740
41 1251
41 2262
41 2472
41 3304
41 3536
41 3974
42 799
42 1211
42 2591
42 3941
43 2033
43 2915
43 3343
43 3606
43 3760
43 3882
44 155
44 2495
44 2505
45 241
45 787
45 1000
45 1419
45 2305
45 3129
45 3542
46 966
46 1798
46 3322
47 258
47 2656
47 3049
47 3079
47 3534
48 966
48 1711
48 1796
48 3319
49 121
49 564
49 1150
49 3932
50 360
50 1096
50 1858
50 2326
50 2798
50 3651
50 3907
51 859
51 2110
51 2305
51 3821
51 3828
52 68
52 2003
52 2129
52 3471
53 708
53 778
53 1018
53 1447
53 3210
53 3949
54 454
54 1717
54 1815
54 2311
54 3617
55 710
55 3244
55 3891
56 89
56 3987
57 1078
57 1119
57 3350
58 485
58 1153
58 2780
59 815
59 1407
59 2334
59 2781
60 478
60 603
60 1522
60 1794
60 2543
60 2719
60 3137
60 3252
61 451
61 965
61 2732
61 2775
61 3792
62 877
63 1754
64 174
64 612
64 3138
65 1836
65 2045
65 3235
66 1156
66 2470
66 2645
66 3095
67 2233
67 2520
68 3947
69 470
69 858
69 1041
69 3578
69 3870
70 2121
70 2216
70 3175
70 3225
71 412
71 2073
71 3348
72 3682
73 681
73 3383
74 177
74 1470
74 1689
74 2856
74 3232
74 3244
75 2051
75 2561
75 3167
76 2579
76 3789
76 3944
77 704
77 1895
78 697
78 734
78 742
78 846
78 2305
78 2606
78 3135
79 568
79 636
79 1821
79 2481
79 2819
79 3049
79 3194
80 345
80 372
80 1712
80 1765
80 2206
80 3314
80 3607
80 3818
81 1209
81 1772
81 2436
82 182
82 1189
82 2258
82 2850
82 3484
83 1072
84 2832
84 2838
85 90
85 1674
85 1973
85 2586
86 232
86 1121
86 1202
86 2080
86 3012
86 3112
86 3119
86 3246
86 3249
87 715
87 1494
87 2049
87 2061
87 3806
88 849
88 968
88 2238
88 2561
88 2768
89 339
89 502
89 1198
89 1537
89 2827
89 3583
90 1018
91 2183
91 2658
91 2799
91 3692
92 703
92 1669
92 3126
92 3940
93 1158
93 2000
93 3179
93 3469
94 117
94 1083
94 2471
94 2693
94 2794
94 3490
94 3827
95 1693
95 1892
95 1937
95 3716
95 3970
96 321
96 1542
96 2676
96 3498
97 162
97 676
97 734
97 959
97 2680
97 2684
97 2741
97 3025
97 3571
97 3789
98 577
98 920
98 3831
98 3990
99 1476
99 1985
99 2191
99 2472
99 2561
100 700
100 1938
100 3397
100 3495
101 1619
103 1358
103 2488
103 2962
104 1233
104 3435
104 3961
105 1387
105 2259
105 3292
106 1305
106 1756
106 2837
106 3438
107 111
107 185
107 1738
107 2448
108 514
108 1316
108 2348
108 2597
109 389
109 2996
109 3491
110 669
110 2111
110 3569
110 3745
111 1326
112 1473
112 1477
112 2827
113 1868
113 2011
114 174
114 302
114 527
114 1114
114 1381
114 3075
114 3297
115 1279
115 1429
115 2032
115 2614
115 2957
115 3710
116 159
116 939
116 1699
116 1916
116 2215
116 2585
116 3682
116 3993
118 3504
118 3625
118 3947
119 194
119 812
119 1391
119 2453
119 2955
119 3269
120 1012
120 1161
120 2376
120 2628
120 3033
121 616
121 2012
122 1588
122 1626
122 2841
122 3332
123 160
123 322
123 1660
123 2967
123 3122
124 537
124 834
124 1880
124 2005
124 2411
124 2659
124 2885
125 368
125 1243
126 588
126 2029
126 3659
127 458
127 771
127 1042
127 3497
128 257
128 618
129 508
129 1116
129 1940
129 2111
129 2452
130 502
130 837
130 1213
130 1664
130 1790
130 2318
130 2721
130 2848
130 2998
130 3130
131 2330
132 2159
132 3209
132 3961
134 2216
135 1356
135 1434
135 2105
135 3054
135 3759
136 1109
136 1242
136 1516
136 2539
137 187
137 585
137 1639
137 2619
137 2954
137 3384
137 3851
137 3996
138 161
138 955
138 1981
138 3715
138 3804
139 602
139 918
139 2351
139 2856
140 992
141 545
141 1598
141 2180
141 2792
141 3403
141 3618
142 787
142 2524
142 3705
142 3985
143 1483
143 3082
143 3625
143 3786
143 3906
144 194
144 1578
144 1600
144 2061
144 3004
145 722
145 1735
145 1960
145 3042
146 2377
146 2738
146 3523
147 1737
147 2689
147 3661
147 3871
148 589
148 649
148 1232
148 2810
148 2964
148 3712
149 263
149 483
149 1153
149 1730
149 1807
149 2537
149 2881
150 423
150 902
150 1889
150 3007
150 3690
150 3922
151 520
151 686
151 3289
151 3651
152 502
152 1050
152 1405
152 2309
152 3107
152 3293
153 753
153 2265
153 3645
153 3675
154 829
154 1398
154 1472
154 3075
155 631
155 700
155 1005
155 1097
155 1342
155 1401
156 1460
156 2355
157 481
157 1983
157 2905
157 3127
158 200
158 3080
158 3295
158 3465
159 650
159 1885
159 2264
160 308
160 2560
160 2963
160 3370
160 3777
161 217
161 1055
161 2090
161 3007
161 3734
162 757
162 1325
162 3181
162 3554
163 1975
163 3489
163 3865
164 1622
164 1802
164 1877
164 2689
164 3963
165 1278
165 1633
165 1802
165 3468
166 944
166 1094
166 1636
166 2783
166 2932
166 3574
167 1056
167 1243
167 1578
167 2742
167 3945
168 294
168 953
168 1341
168 3256
168 3949
169 1867
170 669
170 1844
170 2736
170 3698
171 1821
171 2469
171 3062
171 3609
171 3808
172 351
172 761
172 1349
172 1559
172 2077
172 3160
172 3282
173 3447
174 734
174 1727
175 547
175 570
175 3534
176 1441
176 1465
176 2645
176 3818
177 863
177 1953
177 2351
177 2600
177 2789
178 1457
178 2773
178 3363
178 3584
179 1898
179 2288
179 2625
179 3054
180 1280
180 1894
180 1980
181 823
181 908
181 1468
181 1915
181 1982
181 2313
181 2368
182 503
182 689
182 1745
182 2033
182 3184
183 327
183 936
183 1369
183 1828
183 2413
183 2569
183 2792
183 2975
183 3336
183 3978
184 2242
184 3660
184 3812
184 3874
185 1858
185 2227
185 2761
185 3745
186 2617
186 2624
186 3615
187 272
187 1514
187 3309
187 3920
188 520
188 1805
188 2612
189 2785
189 3427
190 444
190 1496
190 1622
190 2462
190 2948
190 3841
191 1655
191 3720
191 3784
192 431
192 584
192 3871
193 2148
193 2578
193 2979
194 510
194 1135
195 1822
195 2388
195 2484
196 2082
196 2109
197 340
197 720
197 1381
197 2949
197 3515
198 461
198 1208
198 2173
198 3585
199 921
199 1071
200 371
200 3186
201 752
201 3871
202 1889
202 2042
202 3821
203 1398
203 1713
203 1876
203 2437
203 2869
203 2983
204 798
204 1226
204 1428
204 2001
204 3501
205 684
205 1352
205 1801
205 2433
205 2738
205 3480
206 2240
206 2436
206 2669
206 2893
206 3315
206 3551
206 3688
206 3693
207 1315
207 2559
207 2590
207 2826
208 340
208 385
208 1237
208 3779
209 2053
209 3504
210 743
210 2201
210 2607
210 3539
210 3875
211 392
211 2304
211 2621
211 3105
211 3144
211 3235
212 1581
212 2171
212 2536
212 3694
213 577
213 1316
213 2701
213 3305
213 3531
213 3700
214 964
214 1692
214 3233
214 3610
215 1685
215 3063
215 3200
216 517
216 1309
216 2115
216 2355
216 3559
217 464
217 1200
218 3358
219 616
219 1222
219 2166
219 2391
219 3268
219 3981
220 1297
220 3029
221 635
221 2852
222 470
222 893
222 3101
223 357
223 2031
223 2508
223 3836
224 2345
224 2596
224 2942
224 3306
224 3595
224 3869
225 371
225 787
225 1269
225 2331
225 2359
225 2411
226 3048
227 924
227 1723
228 375
228 435
228 1322
228 3791
229 660
229 1555
229 1711
229 2074
229 2860
229 3265
229 3309
230 762
230 989
230 1088
230 1385
231 440
231 866
231 1350
231 1879
231 2584
231 3046
232 3452
233 1091
233 1208
233 3164
234 353
234 1072
234 2145
234 2500
234 2733
234 2975
235 542
235 685
235 752
235 2163
235 3348
236 510
236 1280
236 1701
236 2603
237 1791
237 1996
238 2646
238 3170
238 3658
239 1244
240 682
240 759
240 1705
240 3106
241 2440
241 2702
242 1884
242 1964
242 2518
242 3224
242 3684
242 3767
242 3858
243 391
243 2477
244 1935
244 2145
244 2548
245 466
245 499
245 725
245 2327
245 2713
245 2877
245 2951
245 3968
246 254
246 2644
246 3195
246 3634
248 893
248 1178
248 1420
248 1777
248 2707
248 3135
248 3304
248 3338
249 635
249 902
249 1024
249 1859
249 2428
249 3634
250 420
250 465
250 549
250 679
250 1120
250 1168
250 1321
250 2635
250 3560
250 3724
251 1308
251 1652
251 3831
252 988
252 1536
252 1557
252 2577
252 2646
253 1066
253 1967
253 3127
253 3336
254 470
254 3234
255 3020
255 3510
256 2087
256 2804
256 3460
256 3697
257 1114
257 3486
257 3737
258 656
258 937
258 2425
258 2576
258 3152
259 1153
259 1611
259 2201
259 3988
261 729
261 858
261 1345
261 1438
261 2170
261 2767
261 3034
263 562
263 1597
263 1796
263 3125
263 3323
264 678
264 1841
264 2074
264 2677
264 2699
264 3458
264 3802
265 535
265 2628
266 436
266 623
266 1241
266 1626
266 1638
266 1823
266 3310
266 3602
267 1273
267 2982
268 515
268 2217
268 3192
268 3963
269 2537
269 3174
269 3468
269 3778
270 2467
270 3137
270 3944
270 3977
271 996
271 1560
271 2949
272 444
273 2191
273 3134
274 334
274 1120
275 912
275 1499
275 2671
275 2767
275 3088
275 3204
276 371
276 1090
277 1585
277 1820
277 2049
278 289
278 2344
278 2381
278 3522
278 3685
278 3783
279 849
279 2645
279 3138
280 652
280 2391
281 792
281 1171
281 2430
282 582
282 1184
282 1354
282 1652
283 1687
283 2649
284 2879
285 963
285 1617
285 1747
285 3202
286 439
286 639
286 1492
286 2111
286 2136
286 3681
287 875
288 2373
289 1163
289 1184
289 1470
289 3044
289 3235
290 627
290 1797
290 2099
290 2721
291 1446
291 2220
291 3315
292 590
292 1556
292 1838
292 2553
292 3706
293 840
293 1554
293 2911
293 3017
293 3949
294 1081
294 1204
294 2949
294 2950
294 3736
295 2932
295 3047
295 3211
296 1277
296 2873
297 383
297 814
297 839
298 474
298 563
298 1064
298 1223
298 2175
298 3032
298 3917
299 806
299 2483
299 2795
299 3074
300 1602
300 3022
300 3858
301 859
301 1312
301 2519
301 2947
301 3511
301 3660
302 700
302 2104
302 2264
303 1654
303 2282
303 2362
303 3983
304 442
304 489
304 1144
304 2238
304 3796
304 3930
305 927
305 2026
305 2307
305 3325
305 3645
305 3715
306 1658
306 1935
306 3363
306 3389
306 3449
307 929
307 2271
308 2131
308 2672
308 3011
308 3448
308 3673
309 843
309 2195
309 2381
309 2734
309 3756
310 628
310 1016
310 1192
310 1699
310 1795
310 2507
310 2525
310 2804
310 3146
311 593
311 3656
311 3834
312 2141
312 2488
312 2500
313 727
313 1491
313 1945
313 3535
314 549
314 696
314 911
314 2478
314 2605
314 3868
314 3948
314 3971
315 1060
315 1779
315 2020
315 3843
316 395
316 1337
316 1765
317 895
317 1664
317 2519
317 2703
317 3020
317 3214
318 2928
319 962
319 3755
321 665
321 2294
321 3029
321 3400
322 1143
322 2076
322 3917
323 619
323 717
323 809
323 981
323 2233
323 2523
324 1581
324 3170
325 685
325 975
325 1230
325 2223
325 2573
325 2600
325 3395
325 3580
326 1566
326 2064
326 2149
326 3508
326 3608
327 1633
327 2039
327 2048
327 2204
327 2655
327 3657
328 1626
328 2080
328 2847
328 3224
329 1401
329 1804
329 2442
329 3862
330 2117
330 3906
330 3929
331 417
331 1815
331 2404
331 2522
331 3281
331 3835
332 600
332 1196
333 2781
334 589
334 1050
334 3681
334 3751
334 3947
335 855
335 1077
336 438
336 1667
336 1778
336 2050
336 2305
336 2525
336 2620
337 629
337 3451
338 627
338 2326
338 2421
339 565
339 819
339 1219
339 3641
340 1235
340 2379
341 809
341 1307
341 2013
341 3301
341 3381
341 3680
342 557
342 2017
342 2791
343 1116
343 1744
343 1864
343 1993
343 2568
343 2893
343 3911
344 789
344 3217
344 3592
345 2421
345 3196
346 659
346 3013
347 969
347 2580
347 3377
348 392
348 2435
348 2443
348 3025
349 1939
349 2264
350 413
350 3010
351 1423
351 2054
351 2319
351 3870
352 2816
352 3841
353 1368
353 1922
353 3096
353 3591
354 2494
354 2505
354 2569
354 2688
355 2741
355 3736
356 619
356 737
356 1099
356 2201
356 2327
356 2916
356 3938
356 3984
357 1976
357 2577
357 3049
357 3462
358 574
358 1443
358 2567
358 2658
358 2703
358 3186
359 1516
359 3683
360 1920
360 3097
361 1837
361 3704
362 3425
363 1156
363 1625
363 2453
363 3446
363 3721
364 452
364 458
364 924
364 1295
364 1954
365 485
365 1196
365 3166
366 635
366 671
366 1414
366 1420
366 1510
367 529
367 914
367 1282
368 2347
368 2786
368 3631
369 1488
370 1393
370 1429
371 1555
371 1632
371 1671
371 2203
371 2415
371 2913
371 3727
372 694
372 2133
373 504
373 2908
374 2629
374 3346
376 2239
376 2401
376 2870
377 604
377 1728
378 768
378 1218
378 1563
379 1564
379 2856
379 2957
380 1645
380 2754
381 1696
381 1757
382 2199
382 2853
382 3056
383 1183
384 899
384 1185
384 3153
384 3551
385 2300
385 2453
385 2708
386 1410
386 3446
387 2869
387 3991
388 3978
389 1436
389 1954
389 3043
389 3146
389 3336
389 3842
390 2006
390 2195
391 1505
391 3806
392 636
392 1691
392 2789
393 542
393 636
393 650
393 1064
394 407
394 488
394 916
394 1549
394 1574
394 1788
394 3575
395 1687
395 2284
395 2486
395 3007
396 1130
396 1155
396 1427
396 3680
397 2107
397 3161
398 467
398 1082
398 1110
398 1656
398 2695
398 3104
399 724
399 750
399 891
400 1835
400 2271
400 3984
401 677
402 2086
402 3042
402 3695
403 505
403 1884
403 2231
404 3770
405 2095
405 2904
405 3439
405 3792
405 3960
406 1282
406 1737
406 3112
406 3315
407 559
407 698
407 1737
407 3143
407 3320
407 3984
408 2177
408 3096
408 3909
409 1158
409 1404
409 2618
409 3291
410 1253
410 2734
411 1747
411 2179
411 2716
411 3807
411 3840
412 1472
412 2083
412 2162
412 3395
413 604
413 768
413 1084
413 3388
413 3971
414 2042
415 442
415 1036
415 3801
416 2188
416 2436
416 2556
416 3249
416 3607
417 3793
418 1130
418 1663
418 1894
418 3446
419 2004
419 2057
419 2227
419 2270
419 2807
419 3520
420 1378
420 3530
420 3600
421 725
421 1606
421 2081
421 3290
422 847
422 922
422 1661
422 1827
423 427
423 680
424 899
424 1022
424 1978
424 3240
424 3812
424 3978
425 1819
426 1444
426 2211
426 3139
427 2022
427 3634
427 3767
428 722
428 1298
429 872
429 1000
429 2318
429 2917
429 3022
430 1034
430 2676
430 3088
430 3151
431 530
431 535
431 755
431 850
431 1714
431 1950
431 3244
431 3433
431 3583
432 718
432 1844
432 2146
432 2580
432 3391
432 3606
433 1809
433 1831
433 1988
433 2188
434 603
434 1841
434 2415
434 3835
435 784
435 1411
435 2556
435 3583
436 1285
436 3607
437 2507
437 2904
437 3830
438 977
438 1059
439 1585
439 3376
439 3772
440 963
441 2159
441 2169
441 2889
441 3245
442 753
442 949
442 1884
442 3438
443 456
443 2187
443 3436
443 3553
443 3595
444 1824
444 2135
445 882
446 3915
447 552
447 1874
448 844
448 1435
448 1482
448 2517
449 3393
449 3984
450 3252
450 3743
451 1429
451 2417
451 3169
451 3584
452 468
452 710
452 3020
452 3372
452 3715
452 3880
453 2601
453 3043
454 2574
454 2614
454 2868
454 3199
455 1661
455 2758
456 2022
456 2304
457 2389
457 3819
457 3929
458 797
458 3620
459 519
459 652
459 1218
459 1680
459 2433
460 678
460 1712
460 2119
460 2274
460 3015
460 3786
460 3882
461 728
461 1046
461 2642
461 3621
461 3941
462 1048
462 1800
462 2731
462 3888
463 2639
463 2949
463 3222
463 3532
464 1779
464 1882
464 2887
464 3252
465 927
465 1040
465 1090
465 1743
465 1946
465 2100
465 3802
466 1569
466 2036
466 2170
466 2853
466 3371
467 870
467 1880
467 2560
468 593
468 1145
468 1615
468 3181
468 3433
469 538
469 598
469 1405
469 2739
470 561
470 627
470 919
470 1292
470 2215
470 3277
470 3569
470 3938
471 1018
471 1619
471 3208
471 3346
471 3490
471 3607
472 672
472 1557
472 2566
473 1735
473 2480
473 2883
474 1737
474 3335
476 1222
476 1719
476 1834
476 2231
477 856
477 1743
477 2439
477 3005
478 989
478 999
478 3984
479 594
479 2575
479 3905
480 2928
480 2981
480 3861
481 874
481 1966
481 2938
482 990
482 3409
483 2437
483 2856
484 2602
484 3580
485 683
485 1089
485 2809
485 3933
486 1097
486 3997
487 3170
487 3566
488 851
488 855
488 2124
488 3808
489 728
489 1210
489 1824
489 1934
489 3035
489 3414
490 542
490 1607
490 1906
491 649
491 838
491 2439
492 955
492 1118
492 1358
492 2855
492 3862
493 3313
494 723
494 2216
494 2547
495 517
495 938
495 1005
495 2716
495 2852
496 1086
497 871
497 2929
497 3023
498 711
499 536
499 669
499 841
499 1767
499 3020
500 1667
500 1843
500 2269
500 2958
501 2008
501 2768
502 708
502 903
502 1085
502 2468
503 1355
504 1114
504 1470
504 1532
504 2361
504 2929
505 2054
505 3475
505 3946
506 941
506 1311
506 2074
506 2587
506 3475
506 3523
507 1008
507 1637
508 2309
509 1817
509 2149
509 2229
509 3234
509 3628
510 2414
510 3024
510 3574
510 3998
511 1877
511 1901
511 2520
511 3765
512 2414
512 2733
513 2771
513 3707
514 3333
514 3651
515 1206
515 3480
515 3836
515 3867
516 688
516 1568
516 2049
516 3084
517 1134
517 1352
517 2513
517 2989
517 3847
518 1333
518 3298
518 3400
519 1864
521 2319
522 555
522 763
522 2375
522 3521
522 3856
523 634
523 1878
523 2961
524 883
524 908
524 1339
524 1714
524 3767
525 2540
525 2999
525 3779
526 1127
526 1184
526 1513
526 2576
526 2584
526 3047
526 3697
527 2164
527 2356
527 3087
528 1577
528 3523
528 3934
529 1035
529 1074
530 2228
530 2886
531 3063
531 3069
531 3484
532 3550
532 3622
533 708
533 2758
533 2849
533 3155
533 3446
533 3507
533 3639
533 3713
533 3961
534 1589
534 2859
534 3959
535 683
535 811
535 2454
535 3381
536 2345
536 3084
536 3433
537 771
537 1469
537 1889
537 2665
537 2804
537 3291
538 1410
538 3745
538 3908
539 1381
539 2845
539 3194
539 3890
541 790
541 845
541 1348
541 2272
541 3020
542 701
542 1868
542 2881
542 3708
543 1702
543 3039
543 3771
544 1205
544 1569
544 2597
544 2654
544 2852
544 3903
545 654
545 826
545 2113
545 2575
546 909
547 1928
547 2055
547 3701
548 1036
548 2569
549 1141
549 2152
549 2912
549 3173
549 3306
550 853
551 784
551 1526
551 2198
551 2660
551 3094
552 975
552 1322
552 3001
552 3545
553 2343
553 2441
554 1618
554 1872
554 3355
554 3434
555 802
555 814
555 2171
555 2277
556 830
556 914
556 1718
556 2131
557 1266
557 1483
557 1533
557 2440
558 1028
558 1396
558 2019
558 2816
558 3264
560 818
560 1224
560 1457
560 2746
560 2911
560 3128
560 3995
561 2944
562 1028
562 1662
562 2713
562 3198
562 3272
563 2114
563 3722
564 1734
564 2818
564 3123
564 3449
564 3687
565 1389
565 1893
566 1318
566 2852
567 2770
567 3770
568 1269
568 2109
568 3505
569 989
569 2058
569 2190
569 3040
570 976
570 2285
570 2560
570 2617
570 3732
571 2730
571 3181
572 990
572 2076
572 2155
572 3276
572 3536
573 2582
573 2748
573 3899
574 2472
574 3315
575 2107
575 3134
575 3538
576 2003
577 1096
577 1468
577 3134
577 3816
578 817
578 858
579 1176
579 2584
579 2933
579 3142
580 1095
580 1629
580 1843
580 2068
580 2394
580 3056
580 3065
580 3363
581 1003
581 3648
581 3931
581 3953
582 2256
582 2419
584 639
584 2605
584 2698
584 3352
585 1076
585 1946
585 2318
586 3531
587 1164
587 1410
587 1574
587 2958
588 593
588 715
588 2165
588 2245
588 3040
588 3073
588 3640
589 817
589 1713
589 2114
589 3601
590 2461
590 2618
590 3515
591 2225
591 2768
591 3164
591 3947
592 1309
592 1794
592 2278
592 3354
592 3583
592 3765
593 787
594 3247
595 599
595 3956
596 1201
596 1628
596 3825
597 2267
598 2352
598 3202
599 1404
599 3630
600 929
600 1001
600 1820
600 3125
600 3628
601 733
601 1396
601 1703
601 2275
601 2892
602 1031
602 1327
602 1373
602 1734
602 1919
602 2903
602 3067
603 716
603 830
604 1194
604 1426
604 1493
604 2653
604 2661
604 2806
605 673
605 2776
605 2994
605 3028
606 988
606 1131
606 2014
606 2345
606 3197
606 3198
607 624
607 1252
607 2663
607 3925
608 1032
608 1608
608 3044
609 700
609 2416
610 1860
610 3439
610 3897
611 768
611 1844
611 2749
612 1032
612 3171
613 1039
613 2007
613 2745
613 2958
613 3618
613 3883
614 624
614 798
614 2873
615 1479
615 1999
615 2762
616 628
616 1494
616 1887
616 2140
616 2155
616 2305
616 3072
617 3264
617 3531
618 986
618 1286
618 1385
618 1878
618 3837
620 711
620 2539
620 2651
621 639
621 2524
621 3346
622 2045
622 2071
622 2412
622 3041
622 3676
623 1464
623 1860
623 2469
623 2543
623 2819
623 2844
624 2433
625 1045
625 1102
625 1357
625 3073
626 949
626 1152
626 3404
627 2536
628 687
628 1900
629 661
629 865
629 1580
629 2670
629 3237
629 3329
630 1601
630 1900
630 3433
631 1305
631 1573
631 3715
632 740
632 1455
632 2627
632 3069
632 3129
633 1502
633 2653
633 3434
633 3926
634 3367
634 3550
635 1581
635 1762
635 3669
635 3903
636 1089
636 1597
636 1600
636 3580
637 1207
637 1796
637 2012
637 2739
637 3109
637 3783
638 2737
638 3363
638 3391
638 3468
638 3623
639 2147
639 2682
640 1811
640 2018
640 2575
640 2691
640 3539
641 1370
641 2022
641 2929
642 1302
642 2241
642 2302
642 2670
642 2686
643 1113
643 1208
643 1849
643 2530
643 3949
644 824
644 1453
644 3145
645 3353
646 1839
647 2587
647 2841
647 3155
649 1486
649 1617
649 1762
649 1933
649 2009
649 2056
649 2941
650 1587
650 2190
650 2453
650 3262
650 3491
650 3609
650 3823
651 2274
651 2399
651 3228
651 3455
652 1936
652 3557
653 3118
653 3602
654 1553
654 2152
654 2591
654 2629
655 1022
655 1970
655 2720
655 3159
655 3509
655 3806
656 1992
656 2935
656 3048
656 3146
657 894
657 1094
657 2078
657 3547
658 1717
658 1959
658 2023
658 3473
659 3111
659 3275
660 1119
660 3247
661 2219
661 3080
661 3717
661 3868
662 823
662 2854
662 3006
662 3120
662 3279
663 695
663 1511
663 2068
663 3970
664 2107
664 3477
665 718
665 1154
665 1685
665 3396
666 729
666 2836
666 3535
666 3966
667 719
667 812
667 1538
667 3593
668 1671
669 937
670 1265
670 1312
670 1451
670 2740
671 2102
672 897
672 1573
672 2435
672 3351
672 3511
672 3787
673 1674
673 2822
673 3455
674 1422
674 1752
674 3930
675 2617
676 1395
676 1914
676 3184
676 3923
677 1074
677 1476
678 2115
678 2589
679 861
679 3974
680 730
680 832
680 897
680 1159
680 1822
680 2734
680 3098
680 3111
680 3249
681 974
681 1208
681 1611
681 2021
682 3025
682 3467
683 3748
686 723
686 1398
686 3688
686 3978
687 900
687 2046
687 2753
688 1105
688 1288
688 2239
688 3223
688 3263
689 1079
690 704
690 1051
690 1242
690 3880
691 2198
691 2781
691 3663
692 1037
692 1207
692 1753
692 1775
692 2598
692 2853
692 3686
692 3818
693 811
693 2724
693 2992
694 2017
694 2232
694 2638
694 3805
695 2515
695 3465
695 3688
696 3560
696 3713
696 3879
697 713
697 1983
698 807
698 928
698 2087
698 2154
699 2344
701 907
701 2380
701 3910
702 765
703 726
703 2882
703 3737
704 1102
704 2134
704 2219
704 3556
705 1428
705 1716
705 1831
705 2056
706 2276
707 1183
707 1859
708 3021
708 3298
708 3926
709 2217
709 2620
709 3362
710 741
710 2795
710 3153
710 3245
712 1845
712 2364
713 1850
713 2664
713 3202
713 3989
714 1094
714 1634
714 2570
714 2750
714 2940
714 3841
714 3983
715 1333
715 2759
715 3671
716 899
716 1064
716 1094
716 1208
716 2610
717 1434
717 2406
717 3773
718 1091
718 2095
719 2049
720 3091
720 3364
720 3922
721 1696
721 2077
721 2263
721 3212
721 3789
721 3830
721 3933
722 1790
722 3196
722 3472
723 1769
723 3497
724 1541
724 2380
724 2405
724 3555
725 3034
726 2500
726 3687
727 1437
727 2161
727 2211
727 2886
727 2936
727 3448
727 3498
728 1344
728 3684
729 747
729 1037
729 3386
730 1991
730 2367
730 2452
730 2930
731 1510
731 2541
731 2626
731 2949
731 3251
731 3787
732 1267
732 1637
732 1655
732 2081
732 3801
733 864
733 3937
734 1925
734 1955
734 2097
735 3032
735 3599
735 3740
736 3816
737 1850
737 2554
737 2791
737 3978
738 1701
738 3629
739 1404
739 1533
739 3018
740 803
740 1004
740 1884
741 1315
741 1696
741 3098
741 3732
742 793
742 2369
742 3541
743 1918
743 3072
744 2529
744 3030
744 3839
745 1533
745 2278
746 840
746 1391
746 1622
746 1806
746 3367
746 3791
747 1509
747 3073
747 3805
748 2813
748 3115
748 3194
748 3439
749 1795
749 2344
749 3491
750 1419
751 1250
751 1351
751 1853
751 2651
751 2913
752 1858
752 2193
752 3262
753 1513
753 1688
753 1847
753 3464
754 938
754 1629
754 1738
754 2452
754 2639
754 2677
755 1043
755 3535
756 874
756 1103
756 2013
756 3895
757 1810
758 1330
758 2366
758 3051
758 3321
758 3854
759 1605
759 1726
759 1809
759 1939
759 3315
760 1185
760 1898
760 2517
760 2998
761 819
761 1048
761 3199
762 1396
762 1706
762 2716
763 2552
763 3728
764 1212
764 1795
764 1935
764 1940
764 3798
764 3923
765 1192
765 1561
765 2841
766 1786
767 1526
767 1876
768 1026
768 1443
768 1958
768 2487
769 3484
770 790
770 882
770 2014
770 2250
770 2565
770 2590
770 3044
772 2005
772 3708
773 1512
773 1583
773 1624
773 2037
773 3640
774 3854
775 1854
775 2024
775 2118
775 3313
776 1910
776 2247
776 2459
776 2670
776 2685
776 2915
776 3068
776 3162
776 3177
777 1385
777 1738
777 2157
777 2420
777 3179
778 1246
779 1890
779 2052
779 3722
780 1040
780 1450
780 2453
780 2816
781 1082
781 1359
781 3777
782 2072
782 3447
782 3864
783 1710
784 1033
784 1640
784 2637
784 2843
785 2175
785 2870
785 3795
786 3626
787 1564
787 2372
787 2406
787 2492
787 3722
788 962
788 1943
788 2346
789 1041
789 1661
789 1954
789 2168
789 2238
789 3361
789 3501
790 2020
790 2620
790 2986
791 1125
792 1952
792 2386
792 3405
793 985
793 1706
793 2291
793 2932
793 3272
794 807
794 1750
794 1885
794 2016
795 835
795 1302
795 1871
795 3480
795 3950
796 1162
796 3805
797 2163
797 2816
797 2957
798 876
798 1946
798 2857
798 3052
798 3169
798 3420
798 3762
799 827
799 2387
799 3187
799 3514
799 3574
800 1956
801 1490
801 2181
801 2460
801 3188
802 1557
802 2129
802 3915
803 1076
803 1939
803 2252
803 2574
803 2748
804 1383
804 2570
805 1184
805 2031
806 925
806 1974
806 2993
807 3998
808 1023
808 1115
808 1206
808 1845
808 2134
808 2928
809 2649
809 3844
810 1154
810 3422
810 3604
811 1936
811 2566
811 3971
812 1201
812 1801
812 3133
812 3160
813 1500
813 2069
813 2572
813 2782
813 3726
813 3816
814 998
814 1417
814 2750
814 3498
814 3830
815 1148
815 2127
815 3266
816 1141
816 2174
816 2790
816 3810
817 1496
817 2209
817 2855
817 3213
817 3427
818 2208
819 1167
819 1379
819 2859
819 3818
820 1115
820 1142
820 1154
820 2431
820 3378
820 3779
820 3894
821 2019
822 1410
822 1945
822 2360
822 2539
824 1101
824 1686
824 2623
825 1730
825 1871
825 3382
826 1901
826 2570
826 2994
827 1774
827 2711
827 3691
828 1958
828 2465
828 2551
829 1355
829 2528
829 2560
829 3868
830 846
830 1645
830 2859
830 3297
831 2812
831 2998
831 3188
832 2717
833 1301
833 1382
833 1400
833 1498
833 2743
833 2884
834 1626
834 1886
834 2347
835 1880
835 2067
835 3764
836 1254
836 1838
837 1548
837 2335
837 2608
838 1373
838 1888
838 3219
838 3603
839 1054
839 1261
840 1094
840 2215
840 2703
840 2972
841 1249
842 1905
842 2215
842 2599
842 2687
842 2725
843 1178
843 3381
844 1950
844 2178
846 2372
847 2514
847 3189
847 3539
847 3946
848 1577
848 2163
848 3010
849 3749
850 1266
850 1984
851 2110
851 3079
851 3869
852 943
852 1260
853 1796
853 2293
853 2570
853 3708
854 1228
854 1754
854 3107
854 3914
855 1500
855 1971
855 2878
855 3621
855 3760
856 1051
856 1483
856 2209
856 2280
856 2761
857 1554
857 3247
857 3356
857 3593
857 3687
858 2292
858 3147
859 1678
859 1772
859 2177
859 2578
859 2709
859 3031
859 3523
859 3678
859 3742
860 1222
860 1420
860 2233
860 2680
861 964
861 973
861 2937
861 3127
861 3336
861 3566
862 1891
862 2310
862 2322
862 3998
863 1317
863 1838
863 1892
863 2336
863 3680
863 3924
864 2328
864 2598
866 1243
866 2918
867 1509
867 1535
867 2668
868 1891
868 3466
868 3590
870 1887
870 3261
871 2146
871 3992
872 1456
872 1635
872 3689
872 3951
873 3495
874 2230
874 2639
874 2674
874 3121
874 3395
875 1052
875 1255
875 2357
875 2614
875 2755
875 3514
875 3529
875 3664
876 960
876 2391
876 2500
876 2640
876 3212
877 1588
877 2987
877 3459
878 2748
879 895
879 1083
879 2126
880 1339
880 2391
880 2767
881 3585
882 888
882 1567
882 1642
882 1839
882 2215
882 2806
882 3016
883 957
883 1129
883 1350
883 1986
883 2627
883 3009
883 3908
884 1168
884 2995
884 3612
885 1614
885 2032
885 3001
885 3390
885 3997
886 944
886 1173
886 2449
886 2685
886 3566
886 3904
887 1772
887 3914
888 976
888 2249
888 3004
889 1716
889 3629
889 3821
890 1648
890 2493
890 2982
890 3360
891 1915
891 2075
891 2692
891 3139
892 1352
892 2490
892 3440
893 1271
893 1297
893 1668
893 2127
893 2209
893 3139
893 3867
894 1010
894 1259
894 1513
895 924
895 1002
895 1792
895 2065
896 1273
896 2937
896 3514
896 3585
897 2718
898 2080
898 3233
898 3327
899 1123
899 1209
899 2050
900 1475
900 2097
900 2672
901 928
901 2601
901 3544
902 1117
902 2675
902 2874
903 987
903 2343
903 2780
903 3636
904 1585
904 1873
904 1996
904 2248
904 2323
904 3066
904 3985
905 1292
905 1540
905 2242
905 2570
905 2716
905 3334
905 3736
905 3938
906 1844
906 2569
907 1671
909 2246
909 2832
909 3095
909 3113
910 2400
910 2450
910 3298
911 1799
911 2542
912 1147
912 1839
912 2641
912 2830
912 3355
913 1987
913 2827
913 3475
914 2114
914 2274
914 2773
914 2903
914 3116
915 921
916 1732
916 1844
916 2263
916 2901
916 2907
916 3943
917 1698
917 2992
918 2600
918 3788
919 2391
919 2447
919 3015
919 3919
919 3954
920 3667
920 3858
921 3208
922 2100
922 3058
923 1701
923 2189
923 3098
923 3228
924 1865
924 2825
924 3323
925 3407
926 966
926 1274
926 1942
926 3179
927 1091
927 1711
927 3024
927 3683
929 1276
929 1450
929 2536
929 2966
930 2160
930 3744
931 1828
931 2260
932 2968
932 3235
932 3584
932 3840
932 3896
933 2806
933 3546
934 1096
934 3724
934 3747
935 1750
935 2066
935 2506
935 3067
936 2401
936 2886
937 1372
937 2011
937 2854
937 3502
937 3856
938 1441
938 1721
938 1783
938 2918
939 2285
939 2744
939 3669
940 2492
941 1204
941 2059
941 2650
941 3355
942 1715
942 2000
942 3779
943 1249
943 3474
945 1044
945 1677
945 3722
946 1514
946 1525
947 1916
947 2729
947 2784
947 2831
947 3513
949 2185
949 2913
949 3130
950 1558
950 1563
950 3140
952 978
952 1015
952 2345
952 3109
952 3979
954 1500
954 2382
954 3359
955 1684
956 2267
956 2557
956 3629
956 3758
958 1753
958 3238
958 3476
960 1060
960 1762
960 3325
960 3550
961 2651
961 2978
962 1282
962 2380
962 2530
963 2895
963 3592
964 1072
964 1231
964 2375
964 2411
964 2863
964 3348
965 1324
965 1448
965 2298
965 2343
965 3140
965 3569
966 2102
967 1101
967 2157
968 1294
968 1750
968 3995
969 1382
969 3422
970 3147
970 3526
971 2447
972 1921
972 1938
972 2540
972 2674
972 2978
972 2984
972 3430
974 1117
974 1378
974 1788
974 1932
975 3308
976 1316
976 2380
976 2705
976 2927
977 1140
977 1676
977 2102
977 2976
978 1234
978 1849
978 1890
978 3356
978 3365
979 3809
980 1375
981 1334
981 1963
982 1192
982 1387
982 3000
982 3029
982 3563
982 3661
983 1042
983 1068
983 1081
983 2229
983 2230
984 1886
985 1931
985 2166
986 1489
986 1614
986 1934
986 2207
986 2585
986 3020
986 3135
986 3641
987 1241
987 3343
987 3394
987 3729
988 1999
989 1441
990 2026
990 2083
990 2857
991 1185
991 1263
991 3657
992 2745
993 1552
993 1786
993 3797
993 3927
994 1551
994 3266
995 1058
995 1218
995 3496
996 2627
996 3293
997 2384
997 2434
998 1005
998 1240
998 2619
998 3346
998 3773
999 1183
999 2593
1000 1363
1000 1364
1000 1384
1000 3423
1001 3386
1002 1462
1002 1704
1002 2949
1002 3012
1002 3365
1003 2438
1004 1040
1004 1718
1004 2595
1004 3439
1005 1316
1005 1851
1006 1208
1006 1358
1006 1582
1006 2295
1007 1591
1007 2880
1008 1068
1008 1236
1008 2103
1008 2711
1009 2291
1009 2465
1009 3410
1009 3844
1010 1837
1010 2036
1010 3271
1010 3800
1011 1316
1011 1720
1011 2099
1011 2109
1011 3374
1012 1268
1012 2427
1012 2966
1013 1390
1013 1629
1013 2186
1014 2789
1014 3155
1015 1833
1016 1238
1016 1254
1016 1867
1016 3061
1016 3831
1018 3060
1019 1784
1019 2017
1020 2297
1020 3101
1021 1111
1021 1945
1021 2328
1021 2886
1021 3096
1022 2611
1022 2912
1022 3175
1023 2480
1023 2715
1024 2052
1024 2093
1024 2330
1024 3024
1024 3702
1025 1141
1025 1550
1025 3303
1026 1658
1026 2036
1027 1132
1027 2182
1027 3295
1027 3499
1028 3354
1029 1112
1029 2185
1030 1603
1030 3261
1031 2537
1031 2850
1032 1365
1032 1452
1032 1646
1032 2454
1032 2479
1032 3580
1032 3968
1033 1836
1033 2955
1033 3755
1034 1984
1034 2834
1035 2028
1035 2846
1035 3193
1036 3241
1037 2232
1037 2287
1037 3336
1037 3384
1037 3703
1037 3723
1037 3864
1038 2219
1038 3308
1038 3789
1039 3504
1040 1454
1040 1612
1040 2212
1041 2327
1041 2843
1041 3379
1041 3477
1042 1949
1042 2149
1042 2167
1042 2200
1043 1449
1043 1832
1043 3378
1043 3460
1043 3748
1044 2168
1044 3795
1045 1076
1045 2856
1046 1350
1046 3043
1047 2467
1048 1194
1048 1245
1048 1417
1048 2104
1048 2465
1048 3072
1048 3435
1049 2310
1049 2549
1049 3121
1049 3854
1050 1733
1050 2132
1050 2287
1050 2369
1050 2793
1051 1538
1052 1500
1053 1275
1053 1932
1053 3429
1053 3730
1054 2064
1054 2731
1054 3766
1055 1104
1056 1228
1056 1569
1056 3607
1057 1636
1057 3062
1058 1415
1058 1549
1058 2653
1059 1236
1059 1329
1059 1930
1059 2092
1059 3074
1060 1248
1060 1556
1060 1585
1060 3095
1060 3224
1060 3995
1061 1245
1061 1542
1061 2801
1062 1414
1062 2146
1063 1173
1063 1572
1063 3755
1064 2553
1064 2597
1065 1433
1065 2159
1065 3075
1065 3993
1066 1782
1066 2756
1066 3562
1067 1209
1067 1443
1067 1469
1067 1887
1067 3927
1068 2021
1068 2152
1068 2896
1068 3562
1068 3615
1069 1308
1069 2122
1069 3175
1070 1589
1070 2243
1070 2604
1070 2868
1070 3103
1070 3345
1071 2083
1071 2958
1072 2995
1072 3672
1073 2025
1073 2936
1073 3270
1074 3080
1075 2755
1075 3434
1075 3988
1076 1488
1076 2286
1076 3192
1077 2937
1077 3553
1077 3976
1078 2752
1078 3157
1078 3382
1078 3599
1078 3619
1079 3403
1079 3656
1080 1425
1080 1638
1080 1979
1080 3565
1080 3870
1081 3355
1081 3867
1082 2242
1082 3505
1082 3904
1082 3999
1083 1708
1083 3046
1084 1203
1084 3034
1084 3814
1085 1172
1085 3676
1085 3779
1086 2411
1086 2585
1087 1293
1087 1297
1087 3519
1088 1502
1088 3111
1088 3586
1089 2373
1089 2648
1089 3400
1089 3473
1090 3041
1090 3673
1091 2642
1091 2831
1091 3582
1092 1756
1092 2780
1093 1816
1093 3514
1093 3568
1094 2009
1094 2681
1095 2807
1095 3006
1096 1196
1096 1799
1096 1950
1096 2814
1096 3015
1097 1161
1097 2092
1097 2116
1097 2231
1097 2702
1097 2835
1097 3095
1097 3224
1097 3400
1098 1533
1098 2848
1098 2914
1098 3549
1099 1776
1099 1804
1099 2459
1099 2727
1100 3326
1100 3567
1101 3848
1103 1354
1103 1621
1103 2862
1103 3169
1103 3540
1103 3692
1104 2276
1104 2332
1105 3473
1106 1328
1106 1759
1106 2235
1106 2677
1107 1652
1107 2308
1107 3662
1108 1153
1108 3570
1108 3629
1109 2818
1109 3553
1109 3838
1110 3022
1110 3209
1112 1666
1112 2137
1112 3351
1113 3704
1115 1427
1115 2164
1115 3233
1116 1706
1116 2177
1117 1948
1117 2028
1117 3516
1117 3781
1118 1248
1118 1762
1118 3356
1118 3967
1119 2941
1120 3246
1121 1446
1121 2090
1121 2264
1121 2927
1121 3193
1121 3337
1122 3751
1123 1923
1123 2892
1124 2644
1125 1418
1125 2276
1125 2683
1125 3218
1126 2099
1126 2672
1128 2065
1128 2949
1128 2968
1128 3575
1128 3949
1129 3894
1129 3961
1130 1722
1130 2807
1130 3474
1131 1774
1131 1935
1131 2206
1131 3235
1131 3716
1132 1642
1132 1833
1132 1840
1132 2738
1132 2818
1132 2974
1132 3901
1134 2038
1134 3991
1134 3997
1135 1418
1135 1661
1135 1837
1135 2798
1136 2564
1136 3243
1136 3957
1137 1784
1137 2275
1137 2442
1138 3490
1138 3819
1139 1981
1139 2791
1139 3054
1139 3693
1140 1705
1140 1965
1141 2251
1141 3904
1142 1521
1142 1962
1142 1993
1142 2305
1143 1707
1143 2427
1143 2607
1144 2318
1144 2807
1145 3835
1146 1857
1147 1899
1147 2480
1147 2616
1147 2730
1148 1618
1149 1429
1149 2490
1149 3426
1150 1226
1151 1199
1151 2300
1151 3883
1152 1257
1152 2248
1153 1318
1153 2403
1153 3169
1153 3489
1154 1185
1154 3115
1154 3408
1154 3421
1155 1865
1155 3647
1156 1985
1156 2916
1156 2939
1158 2541
1158 3874
1159 2053
1159 2831
1159 2875
1159 3873
1160 3205
1160 3890
1161 2626
1161 3224
1161 3298
1161 3339
1161 3522
1163 1186
1163 2410
1163 2463
1164 1340
1164 2119
1164 2556
1165 1975
1165 2670
1165 3872
1167 2403
1167 2712
1167 2789
1167 3977
1167 3992
1168 1575
1168 1801
1168 2597
1168 2777
1169 2659
1169 2785
1169 3048
1169 3552
1170 3916
1171 2764
1172 2565
1172 3490
1172 3600
1172 3763
1172 3834
1173 2578
1174 2003
1174 3205
1175 3791
1176 2265
1176 2961
1177 2261
1177 2747
1178 1568
1178 2939
1180 1473
1180 3741
1181 1486
1181 2498
1181 2626
1182 1308
1182 2644
1183 1245
1183 1271
1183 1816
1183 3443
1183 3570
1183 3867
1184 1277
1184 2380
1185 1461
1185 1569
1185 2465
1185 3853
1186 2064
1186 2603
1187 1236
1187 2766
1187 3614
1188 1741
1188 1955
1188 2287
1188 3731
1189 2271
1189 3682
1190 1365
1190 1922
1191 1430
1191 2810
1192 2049
1193 2199
1193 2277
1193 2502
1194 1289
1194 1671
1194 2760
1195 3361
1195 3753
1196 1214
1196 3002
1196 3062
1197 1324
1197 1381
1198 1862
1198 2042
1200 1391
1200 1586
1200 2436
1200 3159
1201 1570
1202 3925
1203 2644
1203 2769
1203 3524
1204 2171
1204 3246
1204 3727
1205 2368
1205 3790
1205 3987
1206 1553
1206 3115
1206 3652
1207 1681
1207 1780
1207 2922
1207 3034
1208 2682
1208 3435
1209 1382
1209 1769
1209 2627
1209 3003
1210 1357
1210 2455
1211 2195
1211 2635
1212 2075
1212 2122
1212 2637
1213 1286
1213 1424
1213 1594
1213 2642
1213 2705
1213 3314
1214 1283
1214 1908
1214 2445
1214 2616
1214 3538
1214 3622
1214 3640
1214 3926
1215 1296
1215 1590
1215 1822
1215 2060
1215 2302
1215 3978
1216 2037
1216 2530
1216 2713
1216 3067
1216 3115
1217 2548
1218 1953
1218 2230
1218 3891
1219 2563
1219 3274
1220 1735
1220 2108
1220 2519
1221 2862
1221 3247
1221 3266
1222 1228
1222 1358
1222 2283
1222 2821
1222 3174
1223 2729
1223 2844
1223 3631
1223 3787
1224 2428
1224 2585
1224 2886
1225 1611
1225 2740
1226 2141
1226 3599
1227 2035
1227 2393
1229 1546
1229 1778
1229 2061
1229 2136
1229 3419
1229 3661
1230 1860
1230 3561
1231 1405
1231 1859
1231 3000
1232 1321
1232 2942
1232 3572
1232 3815
1234 1623
1234 3497
1235 1685
1235 2465
1235 3046
1235 3980
1236 1894
1236 1918
1236 2024
1236 3348
1236 3857
1237 3380
1237 3656
1237 3865
1237 3909
1237 3953
1238 2598
1239 2939
1239 3524
1240 2592
1241 2565
1242 1472
1242 1651
1242 2772
1242 2880
1242 3384
1242 3395
1243 1613
1243 1683
1243 1750
1244 2270
1244 3177
1246 1456
1246 2202
1246 2491
1246 3175
1247 2766
1248 1690
1249 1460
1249 2922
1250 1330
1250 3612
1251 1573
1251 1893
1251 2622
1251 3091
1251 3857
1252 2686
1252 3315
1253 1824
1254 2575
1255 1872
1255 2700
1255 3212
1256 2146
1256 2336
1257 1925
1257 2283
1257 2550
1257 3341
1258 1973
1258 2227
1258 2430
1259 1763
1259 3854
1260 2667
1260 2907
1261 1575
1261 1921
1261 3634
1261 3776
1262 1370
1262 1926
1262 2336
1262 2675
1262 3181
1262 3202
1262 3624
1262 3857
1264 1492
1264 3308
1266 3294
1267 2116
1268 1825
1268 3919
1269 2390
1269 2433
1269 2569
1269 2864
1269 3197
1269 3470
1269 3742
1269 3874
1269 3883
1270 1946
1272 1791
1272 2890
1272 3579
1273 1915
1273 2231
1274 1309
1274 1536
1274 1553
1274 1697
1274 3217
1275 1640
1275 2566
1275 3394
1275 3434
1276 3260
1276 3708
1277 1774
1277 2178
1277 3148
1278 1518
1278 2314
1279 3280
1279 3956
1280 3254
1280 3882
1281 1846
1281 2334
1281 3022
1281 3470
1282 1828
1282 2876
1283 1507
1283 3510
1285 2788
1285 3910
1286 1729
1286 2732
1287 1764
1287 3724
1288 1676
1288 2085
1289 1747
1289 1935
1289 3017
1289 3368
1290 1420
1290 2552
1290 2757
1290 2769
1290 3070
1291 1340
1291 1597
1291 3609
1292 1829
1292 3580
1293 1715
1293 3046
1294 1429
1294 3103
1294 3913
1295 2994
1295 3050
1296 2405
1297 1544
1297 2638
1297 2872
1297 3444
1297 3985
1298 1452
1298 3788
1299 2497
1299 3425
1299 3627
1300 1690
1300 1932
1301 1499
1301 2481
1301 3633
1302 2199
1302 3859
1303 2108
1303 2709
1303 3438
1303 3753
1303 3906
1304 2465
1304 3054
1304 3493
1305 3457
1306 3222
1306 3561
1306 3885
1308 1787
1308 3939
1309 2331
1310 1696
1310 3404
1311 2357
1311 3626
1311 3908
1312 1836
1312 3130
1312 3973
1313 2138
1313 3123
1313 3397
1313 3899
1314 2796
1314 3063
1315 2292
1315 2598
1315 2983
1315 3263
1317 1524
1317 1756
1319 2298
1319 2415
1319 2782
1320 1842
1320 2231
1320 2336
1321 1922
1324 3351
1325 2130
1325 2860
1326 1756
1326 2702
1326 3698
1327 1570
1328 3016
1328 3449
1329 2618
1330 1513
1330 1544
1331 3088
1331 3547
1332 1683
1332 1747
1332 2734
1333 1821
1333 2956
1333 3260
1333 3281
1334 1755
1334 1857
1334 3880
1335 2134
1335 3431
1336 3408
1337 1717
1338 2978
1338 3558
1339 2401
1339 2448
1339 3136
1340 3274
1341 1551
1341 1607
1341 2121
1341 3591
1342 2090
1342 3633
1343 1370
1343 3061
1344 1541
1344 3800
1344 3985
1345 1441
1345 2630
1345 3427
1345 3895
1346 1618
1346 2265
1346 2843
1347 1822
1347 3268
1348 2331
1348 2625
1348 3108
1349 1940
1349 2044
1350 1885
1350 2917
1350 3510
1350 3569
1350 3831
1351 3096
1351 3205
1352 2591
1352 2883
1354 1792
1354 3253
1354 3539
1355 1908
1355 2043
1355 2107
1355 2210
1355 2435
1355 3483
1355 3588
1355 3639
1355 3939
1356 2135
1356 2318
1357 1400
1357 2278
1357 2618
1357 2858
1357 3167
1358 2130
1358 2402
1358 2496
1358 2509
1358 2630
1358 2823
1358 3378
1358 3983
1360 2117
1360 2838
1361 1619
1361 3237
1362 1897
1362 2836
1363 1807
1364 1434
1364 2467
1364 2654
1364 2679
1364 3402
1364 3498
1365 1838
1365 2196
1365 3143
1365 3230
1365 3600
1365 3773
1366 1965
1367 2152
1367 3611
1368 3673
1368 3833
1369 2472
1370 1424
1370 2520
1370 2777
1371 2521
1371 2631
1372 1937
1372 2095
1372 2893
1373 1512
1373 1658
1373 2617
1373 3612
1373 3699
1375 1417
1375 2590
1375 3460
1376 1556
1376 2030
1377 2493
1378 1569
1378 2089
1378 2626
1378 2999
1378 3019
1378 3345
1379 1453
1379 1605
1379 2712
1380 1393
1380 2059
1380 2934
1381 2201
1381 2483
1381 3040
1381 3168
1381 3257
1382 2081
1382 2097
1383 1875
1383 3392
1384 2620
1384 2651
1385 2274
1385 2571
1385 3583
1386 1612
1386 1860
1386 2697
1387 2112
1387 3908
1387 3962
1388 1483
1388 1915
1388 2389
1388 3421
1389 2492
1389 3253
1389 3696
1389 3848
1390 2313
1390 2808
1391 1632
1391 2103
1392 1535
1392 2199
1392 3242
1392 3867
1393 1465
1393 1606
1393 2200
1393 2798
1393 3456
1393 3760
1393 3824
1394 2471
1394 3000
1394 3658
1394 3850
1395 2851
1396 1589
1396 1883
1396 3913
1397 2297
1397 2924
1397 3217
1398 2047
1398 2574
1398 2815
1399 1791
1399 2740
1399 3965
1400 2852
1400 2933
1400 3303
1400 3420
1400 3512
1403 1486
1403 2690
1403 3417
1404 3360
1405 3957
1406 1681
1406 1925
1406 2127
1406 2507
1406 2731
1406 2844
1406 3019
1407 2900
1407 3238
1407 3971
1408 1697
1408 2883
1409 3243
1410 3093
1410 3258
1410 3765
1411 2037
1411 2786
1412 2110
1412 3243
1413 1634
1413 1999
1413 2469
1413 2591
1413 2956
1413 3295
1413 3602
1414 1679
1414 2127
1414 2482
1414 3836
1415 1470
1415 1475
1415 3215
1416 2781
1416 2803
1417 2088
1418 1491
1418 1775
1418 2596
1418 3865
1420 1729
1420 3828
1421 2832
1421 3234
1421 3390
1422 2521
1422 2663
1422 2766
1422 3122
1422 3458
1422 3886
1423 1533
1423 2258
1423 2668
1423 2992
1424 2261
1424 2463
1425 1722
1425 1853
1425 2035
1425 3101
1425 3224
1426 3316
1426 3409
1427 1965
1427 2350
1427 2571
1427 2832
1428 1680
1428 2967
1428 3342
1429 1681
1429 1887
1429 2846
1430 1919
1430 2460
1431 1675
1431 1862
1431 2034
1431 2919
1432 2345
1432 3257
1432 3301
1433 2239
1434 2367
1434 2952
1434 3168
1435 2729
1435 2811
1435 3628
1435 3637
1436 2057
1436 2492
1436 2874
1437 1509
1437 1824
1437 2151
1437 2208
1437 2765
1437 3049
1438 1561
1438 1681
1438 1735
1438 1835
1438 2286
1438 3237
1439 1698
1439 1936
1439 2190
1439 2270
1439 3245
1440 2508
1440 2641
1440 3787
1441 1692
1441 1733
1441 3406
1442 1542
1442 2048
1442 2535
1442 2976
1442 3298
1442 3549
1443 2658
1443 2668
1443 3823
1443 3915
1444 1445
1445 2704
1446 2382
1447 1621
1447 2234
1447 3878
1448 2438
1448 2501
1448 2761
1448 3821
1449 3453
1450 2084
1450 2180
1450 2428
1450 3753
1451 1635
1451 1890
1451 1992
1451 2904
1451 3218
1452 3954
1453 1602
1453 1615
1453 2153
1453 2682
1454 1643
1454 1936
1454 2587
1454 2665
1454 3436
1455 3197
1455 3815
1456 1801
1456 2385
1457 2901
1458 1917
1458 2337
1458 3047
1458 3622
1459 3095
1459 3381
1459 3979
1460 2059
1460 2994
1460 3303
1460 3468
1461 3971
1462 2966
1462 3395
1464 2171
1464 2208
1465 1680
1465 2217
1465 2255
1467 2610
1468 2981
1469 1728
1469 1784
1469 2225
1469 3365
1469 3498
1469 3614
1469 3816
1470 1520
1470 2455
1470 2946
1470 3504
1470 3545
1471 3393
1471 3935
1472 2259
1472 2268
1472 2329
1472 3468
1473 1651
1473 2031
1473 2285
1473 2935
1474 2046
1474 3120
1474 3251
1474 3732
1475 1547
1476 2298
1477 2450
1477 3702
1478 1728
1478 3099
1478 3289
1480 2760
1481 3269
1481 3668
1482 2103
1483 1567
1484 2126
1484 2132
1484 2443
1484 2634
1484 2785
1485 3919
1486 2302
1486 2654
1486 3181
1486 3336
1487 1518
1487 2796
1487 3792
1488 2015
1488 3612
1489 1982
1489 3483
1489 3911
1490 1624
1490 2484
1490 2742
1491 3069
1492 1806
1492 1857
1492 2349
1492 2957
1492 3597
1493 2373
1494 2136
1494 2354
1494 3410
1494 3513
1494 3590
1495 2516
1495 3104
1496 2099
1496 3593
1497 1884
1497 2499
1498 2817
1499 2026
1499 2550
1499 2573
1500 2028
1501 3778
1502 2774
1502 3094
1502 3148
1503 1621
1503 2137
1503 2230
1503 3351
1504 1648
1505 1684
1505 2548
1505 2664
1505 2812
1505 3219
1506 1558
1506 3463
1506 3547
1506 3784
1507 1794
1507 3276
1507 3730
1508 2506
1508 2690
1509 2455
1510 2910
1510 3589
1511 2791
1511 3231
1511 3431
1512 1862
1512 2147
1512 2733
1512 3922
1513 1548
1513 1998
1515 3685
1516 2221
1516 3265
1517 2980
1517 3450
1518 2215
1519 2599
1519 3661
1519 3918
1520 2319
1521 1852
1521 3302
1521 3574
1521 3958
1522 2193
1522 2310
1522 2438
1523 2589
1524 2209
1524 2291
1524 3486
1524 3912
1525 1699
1525 2317
1526 1790
1526 1944
1527 1803
1527 2357
1527 3193
1527 3651
1527 3916
1528 3336
1528 3458
1528 3715
1528 3914
1529 2952
1529 3878
1530 3080
1531 2688
1531 3174
1531 3881
1531 3979
1533 2300
1533 2361
1533 3820
1534 1973
1534 2634
1534 2906
1535 2060
1535 3047
1535 3581
1536 1661
1536 1845
1536 3263
1537 1690
1537 1752
1537 2439
1537 2962
1537 3681
1538 3410
1538 3999
1539 1857
1539 2302
1539 2317
1539 2338
1540 2035
1541 1928
1541 2414
1541 2529
1541 2816
1541 2861
1543 3401
1544 1818
1544 2397
1544 3305
1545 2605
1546 1558
1546 2868
1546 2965
1547 2404
1547 2474
1547 2631
1547 3140
1547 3617
1549 3471
1550 3108
1550 3222
1550 3405
1550 3800
1552 2753
1552 3415
1552 3528
1552 3727
1553 1654
1553 2356
1554 2401
1554 2896
1555 1973
1555 2165
1555 3905
1556 1644
1556 3627
1557 2250
1557 3943
1558 3328
1558 3851
1559 3271
1561 3998
1562 2188
1563 2291
1563 3108
1565 3745
1565 3983
1566 3020
1566 3395
1567 2156
1567 2996
1567 3028
1568 1666
1568 3547
1569 2372
1569 2422
1569 3597
1570 1660
1570 1744
1570 3073
1571 3304
1571 3605
1572 2683
1572 3233
1572 3446
1573 1610
1573 2040
1573 2722
1573 2971
1573 3318
1573 3941
1574 2280
1575 1797
1575 3166
1575 3349
1575 3760
1576 3655
1576 3849
1577 1603
1577 1872
1577 2056
1577 2115
1577 2898
1578 3089
1578 3442
1578 3579
1578 3904
1579 1885
1579 2219
1579 2252
1579 2961
1580 3092
1580 3271
1581 3141
1582 2548
1582 3125
1583 2702
1584 2305
1584 2964
1584 3470
1584 3832
1585 1851
1585 2135
1585 2661
1585 3246
1585 3445
1586 3383
1587 1747
1587 2853
1587 3000
1587 3025
1587 3722
1588 2408
1588 3195
1589 1651
1589 2711
1590 2126
1590 2266
1590 2708
1591 2881
1591 3318
1592 2474
1592 2684
1593 2420
1593 2647
1593 3960
1593 3963
1594 3061
1594 3308
1594 3523
1595 1951
1595 2094
1595 3355
1596 2199
1596 2318
1597 1666
1597 3326
1598 2872
1600 2722
1600 3087
1600 3320
1600 3957
1601 1742
1601 1893
1601 3865
1602 1693
1602 1883
1602 2902
1602 3908
1603 2871
1603 3589
1604 3092
1604 3097
1605 1708
1605 3228
1606 2522
1606 3531
1607 1608
1607 2458
1607 2713
1607 2777
1607 3913
1608 2365
1608 3627
1610 2009
1610 2099
1610 3262
1610 3273
1611 1616
1611 2971
1611 3120
1611 3136
1611 3344
1612 3634
1614 2692
1614 3317
1615 1743
1616 2029
1616 2223
1617 2074
1617 2102
1617 3029
1617 3287
1617 3680
1617 3965
1618 3138
1619 1797
1619 3454
1620 2104
1620 2670
1621 1850
1621 3379
1621 3564
1622 2017
1623 3058
1624 2322
1624 3061
1625 2250
1625 2384
1626 2860
1626 3236
1627 2901
1628 1629
1628 2100
1628 2930
1628 3098
1628 3242
1629 3209
1629 3948
1630 1729
1630 3716
1631 2963
1631 3218
1631 3521
1631 3965
1632 1815
1632 3435
1632 3834
1633 2183
1633 3516
1634 2145
1634 2605
1635 3133
1636 3407
1637 1914
1638 2176
1638 3465
1638 3474
1638 3608
1639 2387
1639 2473
1639 3312
1639 3382
1639 3639
1640 2137
1640 2900
1640 2952
1641 2034
1641 3196
1642 1997
1642 2072
1642 2795
1643 2631
1643 3816
1644 2417
1644 2767
1645 2245
1645 2703
1645 3033
1645 3065
1645 3717
1646 3090
1647 2380
1647 2820
1647 2890
1647 3353
1649 2292
1650 2323
1650 3225
1651 2163
1652 1895
1652 3942
1653 2459
1655 2020
1655 2781
1655 3898
1656 1814
1657 1704
1657 2576
1658 2903
1658 3773
1659 2145
1659 2611
1661 1915
1661 2698
1662 2077
1662 2315
1662 2933
1663 1888
1663 2191
1663 3425
1663 3853
1663 3932
1664 2312
1665 1782
1665 2344
1665 2562
1665 2685
1665 2778
1665 3409
1665 3458
1667 1723
1668 1818
1669 1744
1669 3103
1669 3429
1670 1679
1670 2932
1670 3954
1671 2181
1672 2199
1673 2389
1675 2681
1675 2729
1675 2988
1675 3871
1677 3037
1677 3066
1677 3323
1677 3491
1678 2344
1678 2449
1679 3486
1679 3975
1680 1751
1680 3950
1681 3135
1681 3806
1682 1974
1682 2379
1682 3069
1683 2521
1683 2930
1683 3070
1683 3731
1684 2976
1684 3659
1685 2234
1685 3074
1686 2218
1686 2403
1686 3441
1687 1892
1687 2244
1688 2093
1688 2188
1688 3475
1688 3714
1688 3719
1688 3958
1689 3271
1689 3850
1690 1783
1690 2026
1690 2831
1692 1992
1692 2435
1692 2753
1693 2371
1693 2923
1693 3813
1694 2973
1695 2685
1696 1982
1696 2251
1697 2815
1697 3113
1698 1714
1698 3118
1698 3269
1699 2868
1700 3683
1701 2624
1701 2679
1701 2827
1701 3566
1702 2312
1703 1798
1703 3065
1704 3272
1705 3853
1706 1924
1707 2107
1708 2310
1708 2760
1708 2887
1708 3055
1709 1840
1709 2467
1710 2329
1710 2488
1710 3578
1710 3781
1710 3854
1711 2190
1711 2693
1712 3750
1713 1859
1713 3405
1714 1946
1714 3592
1714 3750
1715 2833
1715 3340
1715 3722
1716 2352
1717 2931
1717 3722
1718 2932
1718 3276
1719 2047
1719 2352
1719 2359
1719 2549
1719 3331
1719 3491
1720 3197
1721 2085
1722 2531
1722 2786
1722 3644
1723 2019
1724 2155
1724 3367
1724 3900
1725 2791
1725 3160
1725 3487
1725 3543
1726 2364
1726 2734
1726 3766
1727 2129
1727 2178
1727 3963
1728 2309
1728 2481
1728 2866
1728 3588
1729 3540
1730 2570
1730 3187
1730 3517
1731 3227
1732 2150
1732 3582
1733 2140
1733 3662
1734 2017
1734 2366
1734 3203
1734 3463
1734 3975
1735 1832
1735 1969
1735 2669
1735 2847
1735 3525
1736 1909
1736 2284
1737 2166
1738 2147
1738 3315
1739 2020
1739 2057
1739 3485
1740 1909
1740 3932
1740 3940
1741 2248
1741 2439
1742 3556
1742 3788
1743 2133
1743 2257
1743 3616
1744 2576
1744 2675
1745 2713
1745 3135
1746 2036
1746 3933
1747 3070
1748 2258
1748 2515
1748 2998
1748 3329
1748 3663
1749 1987
1749 2389
1749 2894
1749 3235
1750 1786
1750 2655
1750 2696
1750 2744
1750 3142
1751 1985
1751 2430
1751 2592
1751 2674
1751 2924
1751 3308
1753 2223
1753 2934
1753 3082
1754 2018
1754 2279
1754 2367
1755 3254
1755 3337
1755 3642
1756 2685
1756 3441
1757 2018
1758 2260
1758 2945
1758 3431
1759 2387
1759 2599
1760 1865
1760 2314
1760 2640
1761 3268
1761 3934
1762 2959
1762 3134
1762 3374
1762 3549
1763 1963
1763 2086
1765 2110
1765 2133
1765 3304
1765 3690
1767 2208
1768 3886
1768 3902
1769 1820
1769 1878
1770 2049
1771 1828
1771 3616
1772 2123
1772 2250
1772 2676
1772 3060
1772 3807
1773 2500
1774 3469
1775 1890
1775 2145
1775 2919
1776 2020
1776 2431
1777 1904
1777 2184
1777 3674
1778 2106
1779 1805
1780 3430
1780 3806
1781 3364
1781 3624
1782 1803
1782 2412
1783 1785
1783 2811
1783 3921
1784 3406
1786 2677
1786 3509
1787 2869
1787 2964
1787 3975
1788 2169
1788 2617
1788 3340
1789 3092
1790 2086
1790 2361
1790 2517
1790 3288
1790 3942
1792 2054
1792 2601
1792 3328
1792 3642
1792 3881
1793 1857
1793 1984
1793 2171
1793 2186
1793 2734
1794 1976
1794 2010
1794 2646
1795 1813
1795 2853
1795 3406
1796 2530
1796 2878
1796 3087
1796 3455
1796 3719
1796 3730
1797 1930
1797 2046
1797 2557
1798 2029
1798 3608
1798 3789
1800 2571
1800 2745
1800 3240
1801 2063
1801 2210
1801 2247
1801 2347
1801 3376
1801 3419
1801 3937
1802 2410
1803 2068
1803 2454
1803 3180
1803 3447
1804 2169
1804 2593
1804 2625
1804 3523
1805 1903
1805 2404
1805 3475
1806 2497
1808 3379
1808 3436
1809 3571
1810 3881
1811 2430
1811 2652
1811 3963
1812 2388
1812 2619
1812 3339
1812 3728
1813 2518
1814 1864
1814 1931
1814 2663
1814 2819
1814 3051
1815 1946
1815 3507
1816 2079
1816 3603
1818 2430
1818 2452
1818 2687
1818 3166
1819 2298
1819 3370
1820 2106
1820 2532
1821 3027
1821 3173
1821 3752
1822 3295
1822 3928
1823 2737
1823 3593
1823 3967
1825 1988
1825 3847
1826 2123
1827 1933
1827 3687
1827 3939
1828 2180
1828 3168
1829 2326
1829 2526
1829 2541
1829 2843
1829 3360
1829 3802
1830 2707
1830 3575
1832 2365
1832 3730
1832 3934
1833 3140
1833 3647
1834 3898
1834 3970
1836 2310
1836 2785
1836 3065
1836 3556
1836 3772
1837 2622
1837 3132
1838 2050
1838 2129
1839 2502
1839 3956
1842 2107
1843 2295
1843 3097
1843 3263
1844 3074
1844 3313
1844 3858
1844 3967
1846 2059
1846 2072
1846 3052
1846 3055
1846 3619
1846 3791
1847 2801
1848 3571
1849 3015
1849 3028
1849 3361
1850 2089
1851 2034
1851 3653
1853 2317
1853 2714
1853 3080
1854 2174
1854 3743
1855 1953
1855 3683
1856 2108
1856 2175
1856 2983
1856 3627
1857 2413
1857 2930
1857 3552
1858 2676
1859 1900
1859 3227
1859 3369
1860 3555
1861 3503
1862 1873
1862 3728
1863 2312
1863 2575
1863 2875
1864 3271
1864 3273
1865 2737
1865 3521
1866 3455
1867 2543
1867 3861
1868 2076
1868 2806
1869 1917
1869 2491
1869 3201
1869 3270
1869 3417
1870 2530
1870 3385
1870 3887
1871 1916
1871 3374
1872 2054
1872 2104
1872 3207
1872 3447
1873 2893
1874 1994
1875 2669
1875 3599
1876 2126
1877 2916
1877 3465
1878 2448
1878 3008
1878 3254
1878 3794
1879 2474
1879 2912
1879 2917
1880 2486
1880 3565
1880 3571
1881 2753
1881 3730
1882 2647
1882 3683
1882 3784
1884 1983
1884 3124
1884 3193
1884 3270
1884 3301
1885 2322
1885 3120
1886 2000
1887 2112
1887 3024
1889 1924
1891 3774
1892 2042
1892 2663
1893 2348
1894 3100
1896 1902
1896 2010
1896 3188
1897 3010
1897 3792
1898 2843
1899 2814
1899 2855
1900 1926
1901 2262
1901 2563
1901 3058
1904 2315
1904 2396
1905 2162
1905 2399
1905 3910
1906 2257
1906 2649
1906 3455
1907 2904
1907 3507
1909 2423
1909 3548
1910 2708
1911 2089
1911 2322
1913 3325
1913 3330
1913 3875
1914 3178
1914 3962
1915 2956
1915 3615
1916 2623
1916 2671
1916 3511
1917 2719
1917 2799
1918 2294
1918 3386
1919 3769
1920 2435
1920 3884
1921 3284
1922 1955
1922 2337
1922 2652
1922 3438
1923 3720
1925 2882
1925 3244
1926 2463
1926 2603
1926 3064
1926 3079
1926 3163
1927 2007
1927 2970
1927 3155
1930 2893
1930 3755
1931 2359
1931 2379
1931 2547
1931 3076
1932 2525
1933 3801
1934 2406
1934 2498
1934 3867
1935 3073
1937 3408
1937 3566
1938 3871
1938 3958
1939 1974
1939 3023
1939 3473
1940 2004
1940 3092
1942 2172
1942 2509
1944 3632
1944 3715
1944 3864
1944 3975
1945 2372
1945 3031
1945 3146
1945 3190
1946 2890
1946 3855
1947 3877
1948 2182
1948 2865
1948 2913
1949 2465
1949 2508
1950 2419
1950 3110
1951 2419
1951 2889
1951 3741
1952 3235
1953 2150
1953 2230
1953 2566
1953 2716
1953 2936
1953 3515
1954 2341
1955 3514
1956 2874
1956 3625
1957 3643
1958 3370
1958 3709
1958 3775
1959 2214
1959 3980
1960 2405
1960 3572
1961 3714
1961 3940
1962 2471
1962 2667
1962 2891
1962 3920
1962 3994
1963 2168
1963 3274
1964 3387
1964 3940
1965 2003
1965 2223
1965 2797
1965 3703
1966 2486
1966 2514
1966 2910
1966 2913
1967 2077
1967 3338
1967 3627
1968 2902
1968 2965
1968 3833
1969 2638
1970 1988
1970 2627
1970 3262
1971 3220
1971 3420
1972 2158
1972 2575
1972 3465
1972 3844
1974 2578
1974 2867
1975 2326
1975 3262
1976 2027
1976 2394
1976 2535
1976 2880
1976 3930
1977 2039
1977 2395
1977 2829
1977 3011
1977 3786
1977 3841
1978 3009
1978 3286
1979 2156
1979 2294
1979 2304
1979 2869
1979 3139
1983 2305
1983 2688
1983 3130
1984 2439
1985 2020
1985 3074
1985 3786
1986 2112
1986 3238
1986 3446
1987 2695
1988 2125
1988 2860
1989 2834
1989 3261
1990 3026
1991 3388
1993 2688
1993 2718
1993 3812
1993 3868
1995 2166
1995 2557
1995 3374
1995 3495
1995 3725
1996 2557
1996 3013
1996 3467
1997 3682
1998 2402
1998 2716
1998 3003
1998 3338
1998 3673
1999 2600
1999 2630
2000 3187
2000 3671
2001 2615
2002 3328
2003 2383
2003 3676
2004 3051
2005 2944
2005 3151
2005 3213
2005 3979
2007 2879
2007 3535
2008 2627
2008 3055
2008 3131
2009 2373
2009 2951
2009 3405
2009 3725
2009 3848
2010 2349
2010 2570
2010 2905
2010 3803
2011 3505
2011 3866
2012 2835
2013 3950
2016 2377
2017 2135
2017 3667
2018 2433
2020 3154
2021 2783
2021 2950
2022 3582
2024 2297
2025 2099
2025 3895
2026 2612
2026 3370
2027 2303
2027 3451
2028 2565
2028 2798
2029 2336
2030 2199
2030 3653
2031 2077
2031 2689
2031 2743
2032 3476
2033 2046
2033 2212
2033 3286
2033 3349
2033 3637
2033 3674
2033 3973
2034 2737
2034 3351
2036 2382
2036 3978
2037 2805
2040 2288
2040 2302
2040 2361
2040 3218
2041 2231
2041 2282
2041 2585
2042 2637
2043 2588
2043 2939
2043 3052
2043 3339
2044 2464
2044 3110
2044 3466
2045 2286
2045 2802
2045 3505
2045 3636
2046 2444
2046 2579
2046 3129
2046 3937
2047 2138
2048 2054
2048 2615
2049 2546
2049 2880
2049 3555
2049 3921
2050 2530
2051 3306
2051 3525
2052 2098
2052 3509
2054 2521
2055 2619
2055 2623
2055 2919
2055 3782
2056 2144
2056 2890
2056 3160
2056 3202
2056 3597
2056 3928
2057 2957
2059 3761
2061 2401
2061 2947
2062 2851
2062 3150
2062 3860
2063 2378
2063 3816
2064 2600
2065 3405
2066 2459
2066 3654
2067 2097
2067 3600
2067 3728
2067 3745
2067 3888
2068 2852
2069 2266
2069 2821
2069 3527
2070 2885
2070 3081
2071 2251
2071 2705
2071 2904
2071 3683
2072 2357
2072 2491
2072 3112
2072 3447
2073 2191
2073 2213
2074 2489
2075 2199
2075 2997
2075 3840
2076 2138
2076 2432
2076 2617
2081 3309
2082 2850
2082 3396
2082 3410
2083 2302
2084 2990
2085 2635
2085 3139
2086 2854
2087 2142
2087 2651
2087 3491
2087 3894
2089 2523
2090 2129
2090 3330
2090 3768
2091 3733
2092 2673
2092 2896
2092 3189
2093 3564
2093 3644
2094 2584
2094 3891
2095 3393
2096 2419
2096 3502
2098 3805
2099 2415
2099 3239
2100 2836
2100 2908
2101 2483
2101 3543
2101 3609
2101 3731
2102 2111
2102 3430
2102 3833
2102 3956
2104 3545
2105 3101
2105 3374
2106 2763
2106 3918
2108 3029
2108 3265
2108 3442
2108 3456
2109 2374
2109 3400
2111 3815
2112 2738
2113 3090
2114 2324
2115 3166
2115 3210
2116 2780
2117 2617
2118 2364
2118 2553
2118 3110
2118 3114
2120 2271
2120 3108
2121 2206
2121 2432
2121 2439
2122 3374
2123 3410
2124 2189
2124 3100
2124 3153
2125 3228
2126 3535
2127 2332
2128 3151
2128 3661
2130 2606
2130 3793
2132 3367
2133 2542
2133 3519
2135 3039
2135 3349
2135 3617
2136 2445
2137 2232
2138 2751
2138 3537
2139 2212
2139 3021
2139 3428
2140 2432
2140 3227
2143 2972
2145 3272
2146 2829
2147 3477
2147 3934
2147 3962
2148 3960
2149 3640
2150 2873
2150 3523
2150 3878
2151 3551
2152 2942
2156 3297
2156 3478
2156 3953
2157 3795
2159 2180
2159 2281
2160 3448
2161 2612
2161 3676
2161 3850
2162 2196
2163 2401
2163 3438
2163 3816
2164 2434
2164 2779
2165 2521
2165 2846
2165 2947
2166 2642
2166 2643
2167 3020
2168 3314
2169 2291
2170 2651
2170 3757
2170 3866
2171 2213
2171 2674
2172 3589
2172 3817
2173 2803
2173 2963
2173 3761
2174 2361
2174 3590
2176 2193
2177 3210
2177 3311
2177 3910
2178 2603
2178 3389
2180 3016
2181 2187
2181 2374
2181 2519
2181 2681
2183 2207
2184 2273
2184 3357
2185 3008
2185 3578
2186 2704
2188 2645
2188 3933
2189 3394
2190 2750
2190 2912
2190 3786
2191 3601
2192 2465
2192 3356
2193 2202
2193 2308
2193 2765
2193 2906
2193 3067
2194 3019
2194 3785
2196 2314
2196 3523
2196 3919
2197 2744
2197 2876
2197 2971
2197 3199
2198 3712
2199 2421
2200 3045
2201 2504
2201 2651
2201 3218
2202 3059
2204 2715
2205 2836
2205 3569
2206 2635
2206 2962
2206 3051
2208 2789
2209 2632
2209 3140
2209 3254
2211 3824
2212 3881
2213 2323
2214 2225
2214 2543
2214 2659
2215 2375
2215 2424
2215 2817
2216 2351
2216 2504
2216 2662
2216 2788
2216 3811
2217 2312
2217 3771
2217 3930
2218 3223
2218 3227
2218 3855
2219 2353
2219 2880
2220 2506
2220 2537
2220 3419
2220 3520
2220 3714
2221 2672
2221 3415
2221 3954
2223 3530
2224 2243
2224 3282
2224 3888
2225 2781
2225 3081
2226 2602
2226 3919
2227 2512
2227 2520
2229 3731
2229 3786
2230 3007
2230 3317
2232 3928
2233 3802
2233 3899
2234 2606
2234 3282
2235 3743
2235 3847
2236 2417
2236 2498
2236 3374
2236 3906
2237 3841
2237 3871
2238 2363
2238 2581
2239 3749
2240 2647
2242 2830
2242 3019
2242 3845
2243 3362
2243 3436
2243 3669
2245 2545
2245 3035
2245 3315
2246 2727
2246 2936
2246 3311
2247 3022
2247 3544
2248 2715
2248 3320
2249 2737
2249 3757
2250 3982
2251 2587
2251 3746
2252 2572
2252 2737
2252 2974
2253 2355
2253 2485
2254 3452
2254 3473
2257 2460
2257 2521
2258 2451
2258 3654
2258 3663
2259 2322
2259 2908
2259 3906
2260 3721
2261 2322
2261 2947
2262 3837
2263 2922
2263 3780
2264 2816
2264 2828
2264 3024
2264 3046
2264 3924
2265 2542
2265 2948
2266 2502
2266 2873
2266 3301
2267 2554
2268 2894
2270 2600
2270 2708
2271 3840
2273 2290
2273 3022
2275 3173
2276 3300
2277 3326
2278 2329
2278 3537
2279 2600
2279 2855
2279 3816
2280 3020
2280 3309
2281 2530
2281 3119
2281 3427
2281 3543
2282 2869
2283 2666
2283 3109
2284 3939
2285 3319
2286 2536
2287 3623
2287 3713
2288 3484
2289 2636
2289 3257
2290 3518
2291 3915
2292 2817
2293 3101
2293 3116
2294 3100
2294 3144
2296 2932
2296 3292
2297 3040
2297 3654
2298 3556
2299 2346
2299 2516
2299 2694
2299 2926
2299 2934
2299 3318
2299 3639
2300 2343
2301 3170
2301 3669
2302 2559
2303 2449
2303 3779
2304 3660
2306 3722
2307 2791
2307 2956
2308 2914
2309 3568
2309 3635
2310 2970
2310 3824
2311 2673
2311 3004
2314 2820
2314 3965
2315 3333
2316 2365
2316 3722
2316 3729
2316 3977
2317 3062
2318 3272
2319 2322
2320 2690
2320 3461
2321 2633
2321 3146
2321 3642
2321 3707
2322 3517
2322 3860
2322 3902
2322 3960
2323 2616
2323 2678
2324 2391
2324 2531
2325 2620
2325 3032
2326 2472
2326 2764
2327 2695
2327 3460
2328 3167
2329 2675
2331 2559
2331 2739
2331 3406
2331 3874
2332 2577
2333 2451
2333 3416
2333 3865
2334 2442
2334 3818
2335 2851
2336 2733
2337 3610
2339 2768
2339 2778
2339 3019
2339 3602
2340 3299
2340 3467
2343 3638
2344 2808
2345 2516
2345 2825
2346 2411
2346 2893
2346 3243
2347 2576
2347 3262
2349 3252
2351 3675
2351 3894
2351 3916
2352 2401
2352 2402
2352 2498
2352 3006
2353 2440
2353 3566
2355 3164
2356 3601
2356 3789
2357 3147
2358 2388
2358 2505
2358 2592
2358 3631
2358 3787
2358 3997
2359 3156
2359 3311
2360 2363
2360 2559
2360 3039
2360 3928
2361 2809
2361 2836
2362 2812
2362 3109
2363 3794
2363 3979
2364 2944
2365 3640
2367 2643
2367 2897
2368 2700
2368 3364
2369 3320
2369 3742
2369 3902
2370 2376
2370 3170
2370 3441
2370 3574
2371 2869
2371 3083
2372 2635
2372 2811
2372 2837
2372 2934
2372 3322
2372 3854
2373 3529
2373 3652
2374 2999
2374 3666
2375 2581
2375 3594
2375 3908
2377 3500
2377 3806
2378 2381
2378 3153
2378 3747
2378 3819
2380 2718
2380 3544
2381 2469
2381 2487
2381 2552
2384 3729
2385 2493
2385 2792
2385 3116
2385 3406
2385 3473
2386 3278
2386 3349
2386 3626
2386 3986
2387 2425
2389 2559
2389 3747
2390 2722
2390 2906
2391 3123
2391 3336
2393 2645
2393 3237
2394 2620
2394 3962
2395 3957
2397 2504
2397 2582
2397 2801
2397 2859
2397 3153
2398 3014
2398 3118
2398 3392
2399 3080
2399 3821
2400 2442
2400 2613
2400 2664
2400 3252
2400 3445
2401 3232
2401 3917
2402 3428
2402 3730
2404 3349
2404 3547
2404 3746
2405 2829
2406 2853
2407 3854
2408 3075
2408 3540
2408 3615
2410 3756
2411 2891
2411 3711
2412 2649
2412 2847
2412 3828
2413 2610
2413 3312
2413 3595
2415 3421
2415 3864
2415 3918
2416 3492
2417 2717
2417 2918
2417 3914
2418 3399
2419 3624
2420 2768
2421 2579
2422 3491
2422 3581
2422 3974
2423 3727
2424 2447
2424 3549
2425 3190
2426 2507
2426 3236
2426 3265
2427 3880
2427 3939
2427 3974
2431 2681
2431 3330
2432 2616
2434 2627
2434 3670
2435 2796
2436 3807
2437 2734
2437 3330
2438 3365
2438 3635
2439 3954
2440 3185
2441 3858
2443 2735
2443 3917
2445 2823
2445 3127
2446 2963
2446 3686
2447 2701
2448 3220
2448 3266
2448 3461
2449 3529
2451 3796
2452 3211
2453 2756
2453 3225
2454 2928
2454 3138
2455 2513
2455 2599
2455 3298
2455 3823
2456 2538
2456 3561
2457 2995
2459 2965
2459 3333
2459 3618
2464 2747
2464 3559
2465 3260
2466 3168
2467 3150
2468 2771
2468 2947
2468 3227
2468 3705
2469 3095
2469 3613
2469 3695
2470 2772
2470 3046
2470 3850
2472 2718
2472 3444
2473 3005
2473 3767
2474 3003
2474 3452
2474 3743
2475 3142
2475 3703
2475 3903
2476 3328
2476 3859
2477 3020
2479 3729
2480 2879
2482 3010
2482 3066
2482 3289
2483 2658
2483 2831
2483 2944
2483 3062
2483 3916
2483 3938
2485 2761
2485 3421
2486 2532
2486 3436
2487 3828
2489 2988
2489 3140
2489 3386
2490 2916
2490 3504
2491 2720
2491 3551
2492 2834
2492 3560
2492 3675
2492 3987
2494 2612
2496 3157
2496 3383
2496 3814
2497 2753
2497 2926
2498 3188
2498 3252
2499 3744
2500 2561
2500 2690
2500 3541
2500 3576
2503 2919
2503 3163
2505 3690
2506 2680
2506 2840
2506 3976
2507 2703
2508 2596
2508 2946
2510 3045
2510 3327
2512 2768
2513 3856
2514 2825
2515 3045
2515 3594
2516 2587
2516 2671
2516 3959
2517 2905
2517 2955
2517 3584
2518 2779
2518 3708
2519 2819
2521 3013
2522 3906
2523 2755
2523 3232
2523 3937
2525 3307
2526 3485
2526 3715
2526 3905
2528 2602
2528 2603
2528 2710
2529 3569
2530 3011
2531 3452
2531 3915
2532 3097
2532 3890
2533 3049
2533 3871
2534 2778
2534 3460
2535 2649
2535 2874
2535 3638
2537 3884
2538 2965
2538 3617
2540 3316
2540 3739
2540 3965
2541 2641
2541 3755
2541 3765
2546 3406
2547 2689
2548 2969
2548 3379
2548 3608
2548 3769
2548 3877
2549 2778
2550 2791
2550 3435
2550 3931
2551 2661
2552 2843
2552 3035
2553 3948
2554 3350
2555 2998
2555 3914
2556 3985
2557 2983
2558 2659
2558 2853
2559 3848
2560 2680
2560 3404
2560 3442
2560 3477
2561 3348
2561 3724
2562 2689
2562 3284
2562 3328
2562 3766
2564 2874
2564 3679
2565 3291
2565 3498
2566 3768
2567 3239
2568 2756
2568 3506
2569 2751
2569 3424
2570 3187
2570 3746
2571 2943
2571 3019
2571 3899
2572 3113
2572 3474
2573 2673
2574 2593
2574 2906
2574 3534
2574 3723
2574 3998
2575 3380
2576 2829
2576 3843
2578 3323
2578 3772
2579 3809
2580 3468
2580 3775
2581 2732
2581 3317
2581 3609
2583 2937
2583 3813
2584 3912
2585 3657
2586 2672
2587 3824
2589 3662
2590 3782
2591 3738
2591 3988
2593 2837
2593 3586
2595 3072
2595 3074
2596 3182
2599 2609
2599 2991
2599 3262
2599 3297
2600 3794
2601 3188
2601 3831
2602 3084
2603 3285
2604 3999
2607 3010
2608 2891
2608 3571
2608 3577
2609 3821
2610 3087
2610 3201
2610 3972
2611 3093
2611 3404
2611 3654
2612 2892
2613 3937
2614 2919
2616 3021
2616 3550
2618 3908
2621 3165
2622 3112
2623 2762
2623 3642
2625 3597
2625 3614
2626 3030
2626 3195
2627 2775
2627 3181
2628 3197
2629 2971
2629 3156
2630 3792
2631 3226
2631 3680
2631 3882
2634 2883
2634 2956
2634 3132
2634 3625
2634 3651
2635 2905
2636 3509
2636 3790
2638 2772
2638 3249
2638 3601
2639 3607
2640 2686
2641 2881
2644 2685
2644 3842
2645 2967
2647 2682
2647 2756
2651 3180
2651 3334
2651 3385
2652 3618
2653 3501
2653 3847
2654 3740
2655 2808
2655 2890
2655 3291
2655 3556
2655 3859
2656 3577
2658 3080
2658 3153
2659 2967
2660 2999
2660 3434
2662 3153
2662 3244
2663 2996
2663 3580
2664 3067
2665 3325
2665 3877
2666 2761
2667 3446
2668 2920
2669 2781
2669 3141
2669 3481
2670 3428
2671 3422
2671 3789
2672 2861
2672 3030
2673 2710
2673 3951
2674 2987
2674 3734
2675 2973
2676 3279
2676 3517
2679 3048
2680 3719
2682 3291
2687 2890
2688 2727
2688 3188
2689 3806
2690 3348
2690 3373
2690 3482
2691 3528
2693 3087
2693 3103
2694 3044
2695 3192
2695 3336
2695 3442
2696 3012
2696 3627
2697 3500
2698 2867
2698 2904
2699 2750
2699 2758
2699 2911
2699 3897
2700 3446
2701 3107
2703 3664
2704 2849
2705 2985
2705 3507
2705 3976
2706 3861
2707 3196
2707 3389
2707 3470
2707 3700
2709 2817
2709 3417
2710 3220
2710 3619
2710 3844
2711 3316
2712 2921
2713 2928
2714 3538
2715 3904
2716 3073
2717 3063
2718 2781
2718 3217
2719 3793
2720 2928
2721 3080
2721 3169
2721 3209
2721 3478
2721 3543
2724 3075
2724 3460
2725 3953
2726 3331
2726 3404
2726 3904
2727 3745
2728 3426
2729 2899
2730 3389
2730 3845
2731 2842
2731 2951
2731 3274
2732 2818
2733 3258
2733 3484
2737 3118
2739 2830
2740 3250
2742 2826
2743 2816
2744 3036
2745 3657
2745 3747
2745 3867
2746 3457
2747 3732
2748 3806
2749 3590
2749 3999
2750 3452
2751 2809
2751 3499
2752 3920
2753 3506
2755 3015
2756 3748
2757 3044
2757 3132
2758 2990
2759 3105
2760 3047
2762 3187
2762 3373
2765 3428
2765 3930
2767 2834
2767 2854
2768 3681
2770 3008
2770 3687
2772 2859
2775 3332
2775 3972
2776 3401
2776 3545
2776 3972
2777 3001
2778 2999
2780 3928
2781 2984
2781 2998
2781 3018
2781 3752
2782 3805
2783 3588
2785 3658
2786 3653
2787 3163
2787 3248
2787 3867
2788 2808
2788 3472
2789 2805
2789 3047
2790 3272
2790 3625
2791 3994
2795 3347
2796 3303
2797 2967
2798 3990
2799 3816
2800 3214
2800 3375
2801 3075
2801 3240
2801 3351
2802 2870
2802 3295
2802 3361
2807 3903
2808 2995
2810 3581
2810 3731
2812 3992
2813 2824
2813 3087
2813 3578
2815 3378
2815 3516
2816 3042
2816 3691
2819 3117
2820 3222
2820 3696
2821 3163
2824 3607
2826 2842
2827 3354
2827 3598
2828 3052
2829 3763
2830 3867
2830 3966
2831 3118
2832 3622
2834 3677
2836 2938
2836 3377
2836 3829
2837 2902
2837 3040
2839 2917
2839 3640
2840 2870
2841 3738
2843 3159
2847 3483
2849 3016
2849 3584
2850 2881
2850 3310
2853 3048
2854 3298
2854 3575
2855 3248
2855 3725
2856 3433
2857 3728
2858 3454
2859 3381
2859 3456
2860 3658
2861 3212
2861 3582
2862 2975
2864 3495
2864 3709
2864 3951
2865 3351
2867 3125
2868 3070
2868 3424
2868 3584
2869 2979
2869 3066
2869 3073
2869 3548
2870 3098
2871 3200
2873 3122
2873 3200
2875 3896
2876 3055
2876 3509
2877 3710
2877 3783
2878 3003
2879 3455
2881 3058
2881 3311
2882 3805
2884 3052
2884 3105
2884 3477
2885 3096
2885 3207
2885 3616
2886 3016
2886 3565
2887 3663
2887 3803
2888 3091
2888 3544
2888 3681
2889 3453
2889 3602
2890 3129
2890 3762
2891 3031
2891 3161
2891 3229
2892 3101
2893 3259
2895 3506
2896 3223
2896 3512
2896 3588
2896 3683
2898 3365
2900 3307
2900 3324
2900 3503
2901 3305
2904 3340
2905 3462
2905 3571
2906 3768
2906 3778
2907 3749
2908 3674
2910 3223
2911 3298
2911 3855
2912 3464
2912 3912
2917 3138
2921 3309
2921 3815
2921 3832
2923 3105
2923 3889
2924 3372
2924 3418
2924 3597
2927 3057
2930 3426
2931 3560
2931 3893
2932 3061
2934 2968
2935 2938
2936 3890
2937 3614
2938 3289
2938 3776
2939 3365
2941 3158
2941 3355
2941 3844
2942 3426
2942 3773
2944 3517
2945 3335
2945 3739
2947 3039
2947 3679
2948 3552
2949 3090
2951 3049
2951 3367
2952 3194
2953 3207
2953 3615
2954 3248
2954 3504
2954 3819
2955 3540
2956 3398
2956 3499
2957 3382
2957 3453
2958 3068
2958 3766
2959 3255
2959 3457
2959 3608
2959 3782
2960 3673
2961 2966
2961 3922
2963 3969
2964 2994
2965 3521
2966 2975
2967 3715
2968 3579
2970 3923
2971 3049
2974 3658
2974 3749
2975 3943
2976 3452
2977 3215
2977 3253
2977 3384
2978 3713
2979 3418
2983 3804
2984 3360
2985 3895
2986 3850
2989 3361
2991 3435
2991 3969
2992 3160
2993 3225
2994 3464
2995 3602
2997 3514
3002 3620
3003 3809
3004 3635
3007 3596
3007 3797
3008 3195
3008 3814
3009 3179
3009 3364
3009 3501
3010 3267
3011 3467
3012 3083
3012 3435
3013 3470
3014 3168
3014 3833
3016 3872
3017 3147
3017 3777
3018 3741
3019 3629
3021 3222
3022 3469
3024 3727
3028 3697
3029 3293
3030 3866
3031 3986
3033 3554
3033 3712
3034 3707
3034 3732
3034 3789
3037 3223
3037 3574
3037 3873
3038 3237
3039 3353
3043 3700
3043 3707
3045 3758
3046 3195
3047 3518
3047 3608
3048 3127
3048 3555
3049 3574
3050 3721
3052 3882
3053 3652
3054 3539
3054 3681
3054 3866
3056 3153
3059 3080
3059 3491
3059 3661
3060 3357
3061 3756
3064 3527
3064 3678
3064 3884
3067 3264
3067 3480
3067 3679
3070 3727
3073 3985
3076 3303
3076 3398
3076 3625
3076 3940
3079 3381
3080 3278
3082 3789
3083 3167
3084 3829
3085 3931
3086 3391
3086 3685
3088 3470
3088 3714
3088 3780
3090 3674
3091 3455
3095 3459
3095 3559
3095 3718
3095 3863
3096 3439
3097 3763
3098 3361
3099 3498
3102 3522
3102 3733
3102 3742
3106 3413
3108 3413
3108 3626
3108 3874
3109 3519
3109 3654
3109 3885
3110 3958
3111 3226
3112 3633
3114 3745
3115 3850
3116 3649
3116 3762
3116 3784
3122 3706
3124 3456
3128 3890
3129 3376
3131 3321
3132 3147
3134 3531
3135 3649
3136 3653
3137 3371
3139 3745
3140 3252
3140 3264
3140 3612
3143 3167
3144 3850
3146 3759
3147 3444
3148 3989
3149 3710
3149 3888
3150 3582
3150 3892
3151 3281
3151 3600
3155 3283
3156 3393
3160 3205
3160 3213
3160 3948
3161 3262
3164 3634
3166 3379
3166 3472
3166 3838
3167 3747
3168 3917
3168 3924
3169 3533
3170 3856
3172 3246
3173 3641
3173 3763
3174 3564
3175 3805
3178 3660
3179 3216
3179 3960
3180 3413
3180 3821
3181 3237
3183 3724
3184 3930
3185 3849
3186 3459
3188 3282
3188 3730
3189 3661
3191 3456
3192 3323
3193 3664
3195 3642
3196 3699
3197 3249
3198 3360
3198 3413
3199 3202
3199 3970
3200 3434
3201 3217
3202 3382
3202 3638
3204 3525
3204 3555
3206 3572
3208 3699
3208 3931
3209 3844
3212 3654
3215 3638
3216 3496
3218 3398
3218 3572
3219 3494
3219 3556
3222 3348
3222 3663
3222 3760
3223 3355
3223 3604
3225 3561
3225 3638
3226 3712
3226 3817
3227 3825
3228 3327
3228 3460
3228 3717
3228 3941
3234 3492
3234 3828
3236 3295
3237 3872
3238 3797
3242 3658
3245 3560
3246 3493
3250 3888
3253 3336
3255 3481
3255 3663
3255 3938
3259 3460
3259 3494
3262 3445
3262 3807
3264 3830
3264 3937
3266 3930
3269 3946
3270 3346
3272 3309
3272 3622
3274 3395
3274 3581
3279 3753
3281 3416
3281 3560
3283 3396
3285 3808
3286 3508
3286 3880
3286 3936
3288 3367
3290 3338
3290 3435
3292 3830
3293 3296
3295 3939
3296 3317
3297 3875
3300 3960
3302 3753
3305 3516
3305 3840
3308 3519
3308 3628
3308 3718
3310 3638
3310 3818
3311 3398
3311 3503
3311 3818
3315 3831
3321 3586
3321 3898
3322 3885
3324 3531
3325 3645
3326 3904
3327 3415
3327 3504
3328 3501
3329 3444
3329 3980
3330 3767
3333 3345
3333 3489
3334 3999
3335 3442
3335 3918
3336 3777
3338 3452
3339 3400
3343 3551
3344 3615
3346 3624
3346 3808
3348 3762
3352 3528
3353 3552
3353 3776
3354 3435
3354 3728
3355 3568
3356 3862
3357 3970
3359 3570
3359 3998
3360 3389
3360 3777
3361 3924
3365 3604
3368 3946
3371 3505
3371 3605
3371 3709
3372 3439
3373 3385
3376 3429
3378 3513
3378 3848
3379 3456
3379 3459
3379 3810
3383 3414
3383 3456
3384 3950
3386 3892
3389 3462
3391 3695
3391 3842
3394 3840
3396 3416
3396 3490
3396 3652
3398 3497
3402 3770
3403 3746
3404 3752
3405 3533
3405 3763
3406 3774
3408 3592
3411 3842
3414 3857
3415 3811
3416 3717
3416 3770
3418 3544
3420 3847
3421 3598
3423 3698
3423 3745
3424 3913
3426 3942
3430 3825
3432 3494
3435 3990
3436 3676
3436 3765
3437 3450
3437 3511
3437 3703
3438 3763
3440 3559
3441 3881
3441 3952
3443 3520
3443 3570
3444 3813
3445 3516
3445 3578
3446 3671
3449 3738
3454 3760
3454 3788
3458 3917
3459 3796
3466 3509
3467 3529
3468 3690
3470 3504
3470 3857
3472 3657
3472 3702
3473 3824
3476 3679
3476 3949
3479 3728
3479 3993
3480 3561
3481 3541
3481 3771
3482 3711
3483 3820
3484 3889
3490 3865
3492 3505
3492 3902
3494 3862
3496 3917
3497 3724
3498 3923
3499 3630
3501 3743
3504 3534
3504 3871
3508 3545
3510 3872
3511 3532
3511 3783
3513 3844
3513 3876
3514 3515
3514 3791
3515 3518
3516 3826
3516 3937
3517 3786
3517 3981
3518 3559
3523 3604
3523 3660
3526 3960
3527 3662
3535 3953
3535 3997
3536 3716
3541 3586
3544 3591
3545 3563
3545 3809
3546 3594
3551 3884
3552 3904
3552 3953
3553 3862
3557 3995
3558 3721
3560 3722
3562 3571
3567 3670
3570 3596
3570 3740
3572 3936
3574 3908
3575 3904
3576 3794
3576 3852
3578 3609
3578 3775
3578 3812
3580 3681
3584 3946
3588 3761
3589 3811
3590 3940
3595 3815
3595 3987
3599 3862
3602 3856
3603 3785
3605 3817
3608 3939
3609 3925
3610 3732
3610 3927
3614 3640
3622 3998
3623 3804
3623 3962
3623 3985
3624 3990
3626 3630
3626 3989
3628 3765
3628 3913
3629 3703
3630 3889
3636 3822
3636 3912
3639 3715
3639 3841
3639 3962
3640 3723
3641 3973
3651 3865
3658 3731
3669 3951
3673 3688
3673 3859
3675 3867
3675 3953
3676 3819
3678 3947
3681 3832
3682 3954
3686 3837
3687 3749
3687 3800
3687 3831
3693 3801
3696 3969
3706 3818
3708 3917
3709 3936
3715 3954
3721 3940
3722 3838
3727 3831
3729 3778
3736 3841
3738 3768
3740 3764
3740 3906
3741 3973
3749 3883
3755 3954
3756 3939
3760 3970
3762 3825
3762 3860
3762 3956
3769 3900
3775 3890
3777 3785
3780 3827
3787 3926
3797 3815
3798 3915
3803 3997
3811 3951
3827 3906
3828 3999
3831 3978
3834 3960
3839 3914
3841 3882
3846 3868
3860 3876
3872 3933
3872 3967
3877 3997
3878 3880
3884 3904
3884 3992
3891 3995
3903 3985
3912 3913
3916 3931
3921 3997
3928 3940
3928 3970
3936 3995
