0 49
0 75
0 85
0 94
0 116
0 206
1 50
1 92
2 101
2 102
2 105
2 129
2 154
2 212
3 65
3 118
3 209
4 45
4 123
4 160
4 197
5 14
5 34
5 107
5 120
5 126
6 27
6 47
6 74
6 122
6 157
6 163
6 200
6 241
7 50
7 151
7 191
8 23
8 157
8 190
9 70
9 94
9 159
9 170
9 201
9 203
10 17
10 25
10 35
10 195
11 18
12 17
12 91
12 125
12 204
13 17
13 43
13 127
13 137
13 230
14 26
14 28
14 53
14 64
14 89
14 141
14 179
15 117
15 126
16 52
17 108
17 136
18 61
18 97
18 112
18 121
18 210
19 60
19 116
19 143
19 216
20 109
21 59
21 67
21 82
21 175
21 189
21 196
22 55
22 81
22 118
22 125
22 232
23 31
23 57
23 132
23 177
23 182
23 200
24 42
24 47
24 131
24 167
24 219
25 57
25 144
25 234
26 90
26 160
26 166
27 124
27 136
28 96
29 48
29 173
29 186
29 235
30 89
30 126
30 141
31 124
31 157
31 209
32 77
32 135
32 213
33 210
34 76
34 125
34 243
35 40
35 85
35 105
35 130
35 151
35 247
36 83
36 210
36 240
37 79
37 137
37 171
37 214
38 53
38 78
38 102
38 129
39 130
40 43
41 140
41 217
42 67
43 68
43 132
43 142
43 154
43 168
43 243
45 46
45 52
45 89
45 169
45 197
45 244
46 73
46 186
46 198
47 77
47 101
47 103
47 185
48 84
48 117
48 149
48 176
48 182
49 111
49 146
49 148
49 164
49 216
50 62
50 90
51 136
51 140
51 141
51 199
51 245
52 96
53 172
53 176
53 192
54 144
54 197
55 84
55 139
55 220
55 228
55 249
56 141
56 143
57 168
57 170
58 206
59 97
59 98
59 115
59 206
60 107
60 128
60 140
60 225
62 130
63 71
63 110
63 118
64 100
64 121
64 130
64 134
65 245
66 160
66 185
66 201
66 211
67 111
67 174
67 248
68 74
68 207
68 230
68 238
69 90
69 144
69 160
70 90
70 123
70 126
70 135
71 125
71 127
71 135
71 238
72 149
72 161
73 98
74 132
74 150
75 157
75 176
75 212
75 234
76 189
76 213
77 107
77 128
77 140
77 168
77 225
78 79
78 88
78 121
78 172
79 130
79 177
79 198
79 199
79 224
79 229
79 247
80 140
80 150
80 207
81 85
81 141
81 163
81 170
82 92
82 206
83 123
83 172
84 102
85 195
85 232
86 132
86 140
86 176
86 191
86 201
86 224
86 235
87 107
87 166
87 200
88 124
88 136
88 145
88 245
89 138
89 214
89 249
90 115
90 197
90 227
90 238
91 184
91 203
92 165
92 203
93 166
93 194
93 207
93 217
94 97
94 164
95 120
95 185
95 204
95 225
95 226
96 174
96 193
96 200
96 203
96 230
97 180
98 113
98 147
99 110
99 154
99 169
99 189
99 223
99 236
100 205
101 130
101 213
101 247
102 181
102 214
102 235
103 211
103 224
104 121
104 154
105 124
105 131
105 231
105 246
106 211
107 136
107 157
107 212
108 165
108 177
108 210
109 161
109 162
109 217
109 218
112 140
112 148
112 194
112 204
112 227
114 155
114 163
114 194
115 153
115 249
116 167
116 233
118 127
118 197
119 224
120 127
120 142
120 183
121 167
121 192
121 215
121 220
122 200
122 213
124 127
124 154
125 138
125 187
125 249
126 138
126 166
126 174
127 164
128 164
128 190
130 220
132 159
133 172
133 185
133 190
134 148
134 167
135 221
136 178
136 226
136 248
137 154
140 202
140 208
141 209
142 190
142 238
143 187
144 150
144 156
144 175
144 183
144 236
146 239
147 159
147 240
149 168
149 188
152 154
152 175
152 217
152 239
153 154
153 187
153 188
154 168
154 187
154 247
155 169
155 179
155 185
155 191
159 165
159 177
159 206
159 235
160 227
160 234
161 163
161 178
161 180
161 237
164 212
165 203
166 209
167 217
167 220
167 239
168 182
169 227
169 228
170 171
170 211
170 222
171 243
172 174
172 234
173 214
174 181
174 239
175 224
176 178
176 188
176 194
178 229
178 230
180 248
181 228
182 226
184 198
184 215
184 226
184 243
185 204
185 222
186 206
187 216
187 249
189 194
190 243
193 201
193 210
193 222
194 221
194 231
194 242
194 244
195 209
197 208
201 203
201 228
202 231
202 236
203 206
203 225
204 223
206 220
209 216
209 240
209 242
212 217
216 226
220 236
220 247
221 224
225 229
225 230
228 243
234 237
241 242
