0 37
0 140
1 4
1 84
1 117
2 59
2 91
2 159
3 75
3 104
3 197
4 181
5 96
5 210
5 246
7 69
7 116
7 161
7 171
8 21
8 149
8 178
9 29
9 68
9 69
10 45
10 54
10 119
10 156
10 238
11 106
12 47
12 71
12 106
12 228
12 236
12 241
13 64
13 125
13 146
13 175
13 184
14 16
14 81
14 92
14 224
15 52
15 127
15 160
15 177
15 182
15 218
15 234
15 248
16 29
16 46
16 86
16 132
16 167
16 197
17 27
17 30
17 68
17 86
17 89
17 101
17 118
17 144
17 244
18 84
18 119
18 124
18 125
18 227
18 237
19 78
19 96
19 106
19 123
19 133
19 215
20 41
20 82
21 27
21 47
21 84
21 110
21 189
21 218
21 222
21 230
22 68
22 82
22 106
22 147
22 172
22 204
22 208
22 211
22 221
23 50
23 67
23 175
24 29
24 55
24 183
24 184
25 92
25 97
25 99
25 155
25 211
26 34
26 43
26 113
26 190
26 202
26 218
26 243
27 94
28 33
28 51
28 67
28 129
28 180
28 216
28 240
29 97
29 117
30 34
30 35
30 82
30 146
30 211
31 84
31 110
31 138
32 77
32 78
32 169
32 187
33 47
33 192
33 209
33 214
34 154
35 38
35 146
35 161
35 186
35 232
36 54
36 115
36 131
37 62
37 76
37 172
39 91
39 141
39 153
40 154
40 178
41 157
41 188
42 162
43 67
43 137
43 138
43 141
43 166
43 232
44 52
44 95
44 97
44 155
44 157
44 168
44 217
45 87
45 177
45 179
45 198
45 232
46 139
46 185
46 196
47 56
47 84
47 233
47 236
48 89
48 110
48 191
49 77
49 142
49 219
49 222
49 229
50 88
50 89
50 109
50 124
50 165
51 63
51 174
51 206
52 121
52 142
52 156
52 199
52 215
52 236
53 151
53 156
53 248
54 226
55 96
55 114
56 163
58 71
58 189
58 197
58 216
59 110
59 157
59 188
60 116
60 130
60 151
60 188
60 195
61 103
61 114
61 131
61 151
61 155
61 191
62 65
62 66
62 108
63 143
63 249
64 114
64 176
65 115
65 211
66 242
67 177
67 187
67 237
68 186
69 73
69 143
69 223
70 113
70 123
70 179
70 227
71 153
72 147
72 160
72 180
73 81
73 102
73 167
73 168
73 208
73 224
73 245
74 165
74 166
74 214
74 231
75 157
76 147
76 151
76 198
76 217
76 249
77 137
77 146
78 90
78 100
78 127
78 143
78 168
79 97
79 198
79 229
80 159
80 174
80 215
82 86
82 135
82 147
83 90
83 215
83 221
84 196
85 165
85 240
86 131
86 148
86 162
86 248
87 94
87 155
87 228
87 232
87 240
88 241
89 105
89 240
90 121
91 175
91 178
91 228
92 115
92 235
93 102
93 176
93 207
93 230
93 233
93 238
95 188
95 210
95 249
96 127
97 122
97 124
97 150
97 159
97 165
97 168
98 102
98 106
98 107
98 117
98 118
98 130
98 145
98 172
98 186
98 249
99 102
99 138
100 167
100 223
100 248
101 166
101 179
101 244
102 129
102 248
103 167
103 205
103 220
104 106
104 118
104 161
105 141
105 143
105 197
105 215
105 248
106 141
106 199
107 121
107 138
108 156
108 159
108 169
109 119
109 178
109 183
109 188
109 229
110 173
110 231
111 125
111 181
111 230
112 158
112 182
112 194
112 195
114 161
114 248
115 216
115 219
115 239
116 235
117 148
118 146
118 163
119 211
120 174
120 190
120 220
120 236
121 136
121 137
121 159
121 166
121 229
121 242
122 202
122 226
122 240
123 247
124 133
124 234
126 152
126 176
127 232
128 182
128 196
129 141
130 142
130 183
131 222
132 177
132 183
132 193
133 223
133 239
134 156
135 162
135 167
136 145
136 182
137 206
138 198
139 208
139 213
140 160
140 189
141 210
143 182
144 168
145 151
145 219
145 220
146 171
146 235
147 183
147 189
148 226
149 239
149 243
150 162
150 245
151 227
151 240
152 167
152 194
153 169
154 237
154 249
155 189
155 192
156 181
157 217
157 244
158 241
160 206
160 229
161 189
161 237
163 224
163 240
164 224
164 244
166 169
168 240
170 175
170 227
171 188
172 185
173 186
174 224
175 229
175 248
176 221
177 201
177 203
178 181
183 184
185 190
185 210
186 193
187 193
189 218
189 247
190 215
191 232
193 197
194 195
195 203
196 198
196 231
198 228
198 244
199 223
200 246
201 215
201 238
202 236
204 237
206 244
207 211
209 223
210 214
211 217
214 237
216 239
217 220
217 234
220 235
222 249
223 244
226 247
227 244
233 248
239 244
244 247
246 248
