0 263
0 478
0 572
0 687
0 1511
1 83
1 341
1 493
1 973
1 1394
1 1909
2 1575
2 1639
2 1971
3 36
3 567
3 859
3 1179
3 1805
4 184
4 445
4 630
4 808
4 927
4 1645
5 95
5 96
5 413
5 416
5 1445
5 1577
5 1639
5 1718
6 360
6 531
6 754
6 1408
7 370
8 25
8 791
9 759
9 1317
9 1997
10 442
10 1741
10 1823
11 166
11 598
11 811
11 925
11 957
12 1539
13 353
13 694
13 866
13 1126
13 1282
13 1670
14 1189
14 1192
14 1475
16 222
16 860
16 1180
17 504
17 638
17 861
17 1585
18 46
18 58
18 808
18 1232
18 1858
19 352
19 927
19 1288
19 1532
20 227
20 1345
20 1459
20 1763
20 1885
21 127
21 380
21 1269
21 1281
21 1305
21 1573
22 857
22 1634
22 1984
23 846
23 1985
24 158
25 330
25 528
25 583
25 716
25 1084
25 1195
25 1627
25 1731
26 50
26 780
26 1986
27 1276
27 1742
27 1751
28 802
28 1185
28 1200
28 1449
29 399
29 677
29 1307
29 1476
30 666
30 947
30 1546
31 133
31 513
31 548
31 910
32 132
32 397
32 810
32 1049
32 1183
33 424
33 477
34 73
34 1264
34 1502
34 1729
34 1811
35 52
36 1215
37 1185
37 1460
37 1668
38 638
38 662
38 1062
38 1177
38 1611
39 70
39 188
39 1139
39 1195
39 1899
40 862
40 1402
40 1531
41 185
41 1315
41 1531
42 158
42 1097
42 1348
42 1397
43 88
43 1035
43 1397
44 707
44 737
44 1618
45 594
45 1036
45 1376
45 1940
46 461
46 1203
46 1427
47 118
47 844
47 1796
47 1875
48 1205
49 285
49 786
49 1202
49 1588
50 237
50 749
50 1114
50 1423
50 1575
50 1784
51 805
51 979
51 1318
51 1343
51 1513
51 1708
52 189
52 1100
52 1714
52 1757
53 442
53 625
53 1039
53 1135
54 91
54 149
54 265
54 502
54 551
54 797
54 1236
54 1353
54 1703
54 1835
55 63
55 610
55 1554
55 1733
56 458
56 558
56 572
56 780
56 1601
57 113
57 462
57 471
57 744
57 834
57 1641
57 1692
58 497
58 1538
58 1678
58 1971
58 1989
59 76
59 860
59 1195
59 1718
60 496
60 706
60 860
60 1107
60 1288
60 1648
60 1752
61 379
61 477
61 693
61 1305
62 1278
62 1612
62 1703
63 698
63 1741
64 150
64 195
64 598
65 639
65 1234
66 696
66 1050
66 1379
67 450
67 776
67 833
68 752
68 1355
69 534
69 1167
69 1655
69 1731
70 616
70 706
70 755
70 1166
70 1174
70 1618
70 1666
71 244
71 1092
71 1338
71 1720
72 637
72 724
72 883
72 1016
72 1420
73 832
73 843
73 994
73 1911
74 96
74 1175
74 1425
75 1624
76 363
76 414
76 639
76 899
76 1330
77 359
77 952
77 1312
77 1814
78 526
78 695
78 1972
79 117
79 586
79 990
80 317
80 530
80 823
80 1009
80 1011
80 1124
80 1171
80 1468
81 100
81 844
82 90
82 369
82 632
83 123
83 489
83 1001
83 1249
83 1278
83 1687
83 1879
84 142
84 473
84 919
84 996
84 1398
84 1675
84 1818
85 263
85 940
85 1060
86 296
86 313
86 1853
87 360
87 591
87 955
88 135
88 776
88 1994
89 688
89 879
89 970
89 1215
89 1318
90 277
91 1141
91 1422
91 1496
91 1546
92 422
92 448
92 884
92 900
92 1891
93 161
93 844
93 1061
93 1144
93 1299
93 1454
93 1927
94 343
94 971
94 1372
94 1493
95 141
95 742
95 902
95 951
95 1494
95 1922
96 101
96 362
96 545
96 615
96 826
96 921
96 1041
96 1697
96 1829
97 262
98 281
98 992
98 1151
98 1170
99 384
99 636
99 1514
99 1546
100 334
100 1883
101 586
101 1890
101 1926
102 288
102 668
102 1111
103 459
103 1999
104 559
104 1431
104 1581
104 1688
104 1806
104 1876
104 1977
105 1045
105 1259
105 1909
107 548
107 1053
107 1359
107 1413
107 1559
108 169
108 418
108 492
108 1331
108 1490
109 195
109 286
109 655
109 1355
109 1624
110 1814
111 565
111 769
111 1827
111 1876
111 1892
112 1088
112 1389
112 1446
112 1496
113 449
113 711
113 897
114 916
114 1095
114 1099
115 147
115 179
115 530
115 1107
115 1337
115 1509
115 1655
115 1659
115 1710
115 1848
115 1944
116 188
116 1284
116 1768
117 751
117 931
118 425
118 1639
119 737
119 961
119 1276
119 1326
120 556
121 392
121 444
121 758
121 1854
122 141
122 499
122 891
122 1435
123 445
123 1606
123 1753
123 1769
124 1250
125 133
125 800
125 1111
125 1455
125 1630
126 634
126 644
126 977
126 1310
126 1539
126 1740
126 1965
127 396
127 799
127 989
127 1314
127 1754
128 526
128 606
128 931
128 1202
128 1535
128 1839
129 249
129 1603
129 1875
130 191
130 640
130 831
131 241
131 249
131 296
131 782
131 1439
132 213
132 494
132 1523
132 1761
132 1775
133 1731
134 335
134 412
134 1249
134 1787
134 1841
134 1874
134 1959
135 1207
135 1534
135 1543
136 470
136 552
136 1473
137 272
137 737
137 873
138 203
138 1430
138 1486
139 982
139 1018
140 180
141 544
141 716
141 1776
142 719
142 875
142 937
142 977
142 1385
142 1845
142 1944
143 1076
143 1380
143 1813
143 1828
144 211
144 1087
144 1281
145 1239
146 168
146 1856
146 1993
147 380
147 1009
147 1215
147 1235
147 1331
147 1604
147 1977
148 206
148 412
148 467
148 1270
148 1779
148 1922
149 296
149 375
149 614
149 1254
149 1527
150 1421
150 1782
151 897
152 824
152 1156
152 1360
152 1852
153 169
153 998
153 1367
153 1521
153 1635
153 1870
154 156
154 171
154 394
154 498
154 697
154 754
154 1253
155 325
155 473
155 1303
155 1987
156 434
156 1390
156 1447
157 365
157 855
157 1418
157 1599
157 1706
158 388
158 1143
158 1180
159 234
159 610
159 1236
159 1504
160 453
160 485
160 1091
160 1460
160 1805
160 1841
161 419
161 456
161 700
161 1135
161 1161
161 1471
161 1986
162 374
162 407
162 485
162 1141
162 1281
162 1436
163 611
163 895
163 1067
163 1571
164 1333
164 1787
164 1884
164 1981
164 1996
165 759
165 1055
165 1716
166 438
166 630
166 1114
166 1308
166 1700
166 1992
167 882
167 1362
167 1509
168 529
168 676
168 1381
169 769
169 899
169 1027
169 1209
169 1378
169 1879
170 434
170 1085
170 1089
170 1555
170 1676
171 411
171 1714
172 440
172 509
172 816
172 1184
172 1325
173 266
173 405
173 509
173 672
173 725
173 1254
173 1626
173 1889
174 416
174 747
174 1085
174 1538
174 1697
174 1902
175 252
175 633
175 680
175 851
176 349
176 1399
177 1251
177 1488
178 1745
178 1911
179 357
179 572
179 672
179 1402
180 619
181 252
181 986
181 1582
182 667
182 1308
182 1409
182 1738
183 721
183 819
183 1406
184 637
184 941
184 1509
185 720
185 807
186 1477
187 678
187 846
187 1229
187 1247
187 1441
188 554
188 584
188 1240
188 1335
188 1471
189 1446
190 221
190 457
190 576
190 771
190 921
190 1365
191 477
191 847
191 1010
191 1038
191 1378
192 377
192 1415
192 1436
194 715
194 929
195 676
195 858
195 1224
195 1562
195 1714
196 490
196 691
196 789
196 796
196 1448
196 1499
197 410
197 505
197 915
197 1062
197 1194
197 1855
198 687
198 1225
198 1785
198 1938
198 1974
199 1190
199 1806
199 1909
200 1237
201 1035
203 1866
203 1901
204 303
204 334
204 757
204 943
204 1311
204 1844
205 659
205 1026
205 1458
205 1815
205 1960
205 1982
206 714
206 886
207 984
208 271
208 1739
208 1829
209 493
209 679
209 1809
210 957
210 1583
210 1730
212 386
212 529
212 687
212 974
212 1127
212 1341
213 662
213 1155
213 1221
214 423
214 566
214 700
214 1175
214 1803
214 1905
215 298
216 577
216 1351
216 1531
217 832
217 864
217 1209
217 1362
217 1413
217 1590
218 402
218 931
218 1650
218 1978
219 408
219 468
219 837
219 1419
220 579
220 1048
220 1099
220 1414
220 1600
220 1879
221 584
221 651
221 889
221 1239
222 501
222 1039
222 1203
223 389
223 767
223 1606
223 1999
224 783
225 702
225 1114
226 353
226 406
226 570
226 1076
226 1679
226 1690
227 313
227 389
227 565
227 946
227 1041
227 1231
227 1532
228 713
228 741
228 1246
228 1381
228 1500
228 1893
229 300
229 577
229 1116
229 1329
230 557
230 909
230 1818
230 1934
231 667
231 753
231 790
232 1135
232 1247
232 1464
233 717
233 839
233 1195
235 369
235 618
235 1255
235 1330
235 1885
236 274
236 295
236 381
236 639
236 717
236 1239
236 1772
237 272
237 1554
237 1648
238 1571
239 788
240 320
240 946
240 1320
240 1636
241 268
241 280
241 983
241 1383
241 1582
241 1662
242 326
242 608
242 1407
242 1612
243 686
243 842
243 1056
243 1163
243 1672
243 1907
244 769
244 975
244 1109
244 1332
244 1588
245 618
245 1757
245 1848
245 1893
246 408
246 524
246 1215
246 1355
246 1515
246 1838
246 1864
246 1897
247 641
247 729
247 1352
248 284
248 869
248 1101
248 1496
249 312
249 1560
250 440
250 817
250 1093
250 1164
250 1218
250 1507
251 483
251 985
251 994
251 1242
251 1422
251 1737
251 1892
251 1905
252 814
252 1701
253 304
253 403
253 437
253 495
253 1039
253 1203
254 405
254 956
254 1449
254 1686
254 1913
255 367
255 797
255 1217
255 1437
255 1459
255 1713
256 523
256 1619
256 1773
257 287
257 597
257 902
257 1299
257 1481
257 1892
258 757
258 1053
258 1083
259 1761
260 856
260 961
260 1365
260 1608
261 526
261 720
261 800
261 813
261 1386
262 589
262 705
262 986
262 1046
262 1629
262 1778
263 937
263 1119
264 353
264 412
264 523
264 996
264 1352
264 1385
265 311
265 982
266 1021
266 1251
266 1311
266 1329
268 449
268 644
268 908
268 1470
268 1872
269 508
269 732
269 1349
269 1500
270 820
270 1201
270 1272
270 1403
270 1549
270 1644
271 388
271 579
271 851
272 314
272 529
272 739
272 938
272 1683
273 463
273 1425
273 1487
275 280
275 1113
276 517
276 1359
276 1833
277 400
277 527
277 895
277 1154
277 1231
277 1375
277 1593
278 579
279 373
279 852
279 1687
280 621
280 636
280 743
280 1482
282 506
283 810
283 1428
283 1994
284 630
284 1011
284 1069
284 1266
285 960
285 1080
285 1397
286 434
286 506
286 623
286 740
286 1481
286 1632
287 376
287 1431
287 1749
288 648
288 939
288 1327
289 766
289 989
289 1402
289 1600
289 1943
290 1699
290 1727
291 328
291 576
291 725
291 1113
291 1224
291 1329
291 1997
292 489
292 511
292 948
292 971
292 1271
292 1930
293 1094
293 1442
294 1065
294 1440
294 1974
295 1007
295 1535
295 1909
296 365
296 1172
296 1213
296 1875
296 1978
297 1074
297 1186
297 1405
297 1415
297 1901
298 725
298 904
299 725
299 988
299 1182
300 982
300 1133
300 1349
301 523
301 1392
301 1600
301 1768
302 521
302 849
302 886
302 1243
302 1548
302 1876
303 1400
304 1936
305 379
305 461
305 607
305 698
306 1417
307 327
307 1160
307 1592
308 737
308 1436
308 1880
309 1260
309 1998
310 1926
310 1930
311 879
311 948
311 1070
311 1244
311 1648
312 313
312 868
312 1223
312 1899
312 1915
313 916
313 977
313 1535
314 645
314 1090
314 1118
314 1507
314 1621
314 1694
314 1729
315 777
315 841
315 978
316 583
316 607
316 613
316 1119
316 1194
317 889
317 1279
317 1653
317 1670
318 429
318 924
318 1826
318 1949
319 988
319 1174
319 1184
319 1353
319 1562
320 332
320 1030
320 1446
321 476
321 983
322 1650
323 640
323 814
324 705
324 799
324 1042
324 1121
325 1265
326 397
326 695
326 1150
326 1664
327 620
327 706
327 767
327 854
327 1228
328 791
328 1344
328 1612
328 1890
329 907
329 1857
330 1173
330 1219
330 1274
330 1342
330 1689
331 479
331 505
331 659
332 840
332 948
332 1301
332 1369
332 1919
332 1953
333 960
333 1273
333 1401
333 1822
334 543
334 1258
334 1340
335 975
335 1559
336 741
336 959
336 1022
336 1039
336 1118
336 1514
336 1658
336 1713
338 492
338 1108
338 1117
339 571
339 636
339 1241
339 1489
340 425
340 854
340 947
340 1580
341 1335
341 1668
341 1869
342 360
342 801
342 812
342 1674
343 442
343 1159
344 1223
344 1690
344 1989
345 415
345 456
345 651
345 732
345 1108
346 656
346 1163
346 1482
346 1936
347 696
347 908
347 1129
347 1422
347 1741
348 718
348 1039
348 1415
349 467
349 942
350 598
350 1603
351 387
352 933
352 1749
352 1758
353 1630
353 1891
354 680
354 735
354 1419
354 1480
354 1595
354 1722
354 1810
355 511
355 1303
356 425
356 1696
356 1960
357 641
357 773
357 1835
357 1954
358 373
358 1097
358 1146
358 1543
358 1834
359 362
359 858
359 1162
360 605
360 1193
360 1807
361 658
361 1051
361 1272
361 1929
362 431
362 543
362 777
362 1012
362 1043
362 1075
362 1536
362 1548
362 1959
362 1995
363 691
363 697
363 805
363 819
363 1346
363 1516
364 1061
365 1030
365 1040
365 1418
365 1611
366 807
366 1236
366 1391
366 1470
367 940
367 1396
367 1631
368 610
368 770
368 1047
368 1515
368 1608
368 1951
368 1962
369 398
369 493
369 680
369 795
369 863
369 1433
370 1638
370 1856
371 454
371 714
372 1003
372 1613
372 1888
372 1920
373 937
373 1192
373 1910
374 531
374 705
374 1461
374 1528
375 439
375 1508
376 1466
377 1788
378 420
378 1172
378 1706
378 1756
379 404
379 478
379 1134
379 1214
379 1254
380 1484
381 812
381 1238
381 1334
381 1508
381 1854
381 1864
382 1362
383 1020
383 1145
383 1148
383 1205
383 1399
384 532
384 1044
384 1645
384 1879
384 1919
384 1938
385 971
385 1382
385 1482
385 1636
385 1975
386 605
386 611
386 1684
387 476
387 707
387 979
387 1706
387 1721
387 1788
388 879
388 1805
388 1952
389 1137
389 1558
390 595
390 1227
391 1035
391 1469
391 1655
392 621
392 1631
393 695
393 1721
393 1765
393 1848
393 1946
394 551
394 680
394 764
394 1626
395 1205
395 1721
396 405
396 1354
397 508
397 771
397 970
397 980
397 1151
397 1494
398 1323
398 1964
399 433
399 588
399 1161
399 1241
399 1309
399 1320
399 1322
399 1647
399 1937
400 1160
401 1157
401 1759
402 595
402 629
403 1034
403 1663
404 1193
404 1539
404 1695
405 586
405 1719
405 1921
406 423
406 537
406 1056
406 1280
406 1324
406 1988
407 409
407 445
407 519
407 1296
407 1804
408 892
408 1238
408 1546
408 1656
409 1158
410 558
410 1176
410 1359
411 1041
412 555
412 1834
412 1880
412 1898
413 779
413 1479
414 797
414 823
414 925
414 1526
414 1531
416 827
416 1476
416 1840
417 580
417 1181
418 997
418 1719
419 1041
419 1863
420 1123
420 1680
420 1796
421 1017
421 1761
421 1888
422 435
422 711
422 1199
423 667
423 1548
424 500
424 768
424 1707
424 1801
425 944
425 1279
425 1348
425 1682
425 1973
426 612
426 732
426 1998
427 1663
428 646
428 905
428 1034
428 1273
428 1363
428 1398
428 1523
428 1539
428 1900
429 645
429 689
429 838
429 1582
429 1681
430 657
431 1566
431 1805
432 983
433 1019
433 1152
433 1180
433 1322
433 1773
434 605
434 621
434 752
434 833
435 523
435 986
435 1211
435 1504
436 610
436 1070
436 1180
437 762
438 466
438 1508
438 1999
439 864
440 807
440 871
440 903
440 1648
441 1906
442 579
442 1041
442 1394
443 457
443 1526
443 1806
444 573
444 664
444 884
444 1208
444 1649
444 1826
445 492
445 1371
445 1389
445 1429
446 1152
446 1375
446 1921
447 806
447 1009
447 1615
448 1434
448 1597
449 745
449 771
449 1502
451 633
451 1316
451 1344
451 1604
451 1848
452 566
452 865
453 1055
453 1137
453 1420
453 1686
454 1164
454 1278
454 1754
455 630
455 1031
455 1977
456 658
457 490
457 1130
458 871
458 1122
458 1445
458 1949
459 506
459 610
459 821
459 864
459 1498
459 1708
460 610
460 898
461 1444
461 1977
461 1991
462 1344
462 1557
462 1831
464 631
464 1594
464 1804
465 1123
465 1880
466 895
466 1815
467 529
467 713
467 985
467 1008
467 1489
467 1496
467 1693
467 1712
469 730
469 1474
469 1579
470 1464
471 1009
472 571
472 1486
472 1803
472 1975
473 530
473 670
473 1721
474 838
474 1545
474 1982
474 1989
475 1023
475 1412
475 1864
476 886
476 1236
476 1401
477 784
477 1573
477 1671
478 702
478 1199
478 1689
478 1933
479 563
479 746
479 1188
480 1156
480 1741
481 1060
481 1718
481 1993
482 852
482 1115
482 1201
482 1311
482 1398
482 1968
484 617
484 670
484 816
484 1387
484 1675
484 1970
485 1229
485 1332
485 1354
485 1639
485 1955
487 536
487 976
487 1837
488 1327
489 551
489 688
489 1745
489 1747
489 1963
490 632
491 826
491 833
491 1376
491 1753
492 735
492 1411
492 1637
493 724
493 1046
493 1053
493 1474
493 1523
493 1571
494 652
494 778
494 1759
495 1484
496 715
496 1208
496 1573
497 997
497 1022
497 1598
498 629
498 760
498 1379
498 1611
499 1123
499 1327
500 626
500 1986
502 1246
502 1986
503 1290
503 1651
503 1668
504 531
504 670
504 693
504 1000
505 568
505 765
505 795
505 1324
505 1757
506 846
506 1702
507 1379
507 1467
507 1803
508 512
508 878
508 891
509 745
509 1048
509 1573
510 858
510 1156
511 692
511 1590
511 1776
512 800
512 974
512 1077
512 1173
512 1478
512 1969
513 562
513 974
513 1090
514 1585
514 1741
515 803
515 1009
515 1030
515 1169
515 1805
515 1944
516 759
516 786
516 800
516 1368
516 1510
516 1554
517 578
517 907
517 1407
517 1469
517 1765
518 1138
518 1623
519 592
519 992
519 1674
520 723
520 834
520 965
520 1277
520 1950
521 683
521 916
521 1673
521 1739
522 723
522 1420
522 1582
523 572
523 1173
523 1295
523 1730
524 678
524 1378
524 1398
524 1607
525 947
525 1103
525 1474
525 1497
525 1530
527 904
527 939
527 1475
527 1802
527 1821
528 1775
528 1930
529 606
529 1739
530 531
530 849
530 1820
532 750
532 763
532 1084
532 1505
532 1827
533 583
533 1902
534 859
534 1057
534 1433
534 1488
534 1503
534 1511
534 1853
535 877
535 924
535 1438
535 1747
536 738
536 897
536 1507
536 1860
537 846
537 1330
537 1680
537 1839
538 1076
538 1593
538 1785
539 604
539 693
539 1416
539 1675
539 1718
540 669
540 760
540 878
540 1310
542 1354
542 1878
543 608
543 619
543 950
543 1302
543 1389
543 1903
544 1275
544 1597
545 895
545 923
546 1015
546 1218
546 1570
547 967
547 994
547 1044
547 1132
547 1552
547 1664
548 889
548 1035
548 1352
548 1503
549 981
549 996
550 665
550 1163
550 1773
551 1805
552 1877
553 1423
554 1713
555 1233
555 1830
556 570
556 1051
556 1112
556 1800
556 1898
557 584
557 715
557 1462
558 934
559 1066
559 1856
559 1875
559 1905
560 1290
560 1658
560 1981
561 666
561 697
562 633
562 882
563 592
563 1111
563 1359
563 1523
563 1705
564 567
564 630
565 949
565 1523
566 618
566 650
566 1648
566 1855
567 1221
567 1407
567 1953
568 1479
568 1777
568 1937
569 862
569 1085
569 1092
569 1836
570 572
570 614
570 765
570 860
570 1592
571 974
571 1688
572 841
572 863
572 1052
572 1186
572 1590
572 1979
574 897
574 1964
575 1551
575 1992
576 608
576 991
576 1397
577 746
577 1883
578 1005
578 1732
578 1967
580 650
580 1063
580 1706
580 1994
581 606
582 1214
583 975
583 1808
584 816
584 1115
586 1362
586 1536
586 1792
587 969
587 1320
587 1495
587 1522
588 981
588 1323
588 1584
589 597
589 1867
589 1971
590 602
590 658
590 1827
590 1990
591 1988
592 1171
592 1866
593 1409
593 1565
594 1781
595 1504
595 1929
595 1934
595 1949
596 877
597 1024
598 1094
599 1992
600 709
600 824
600 925
600 1025
601 782
601 945
601 984
601 1404
602 927
602 1221
602 1588
602 1736
603 804
603 1337
603 1380
603 1703
603 1882
604 898
604 1549
604 1912
605 678
606 938
606 1453
606 1863
607 948
607 1087
607 1613
607 1887
608 1546
609 836
609 1600
609 1693
610 628
610 1886
611 1150
611 1386
612 648
612 889
612 1035
612 1049
612 1150
612 1587
612 1746
613 1037
613 1321
613 1893
614 664
614 1420
615 732
615 797
615 1080
615 1262
615 1816
615 1871
615 1899
616 1360
616 1763
617 1134
618 798
619 1500
620 1389
621 784
621 1078
621 1395
622 1201
622 1561
622 1879
622 1998
623 1361
624 958
624 1073
624 1909
625 921
625 1137
625 1211
625 1461
626 647
626 675
626 718
626 880
626 1458
626 1620
626 1723
626 1919
627 906
627 1266
627 1803
628 691
628 718
628 751
628 774
628 944
629 892
629 1292
629 1737
630 1407
630 1520
630 1579
630 1885
630 1981
631 726
632 940
632 960
632 1050
632 1253
632 1552
633 685
633 881
634 840
634 919
635 761
636 833
636 886
637 1391
638 1870
639 811
641 1986
642 999
642 1309
642 1523
642 1578
643 697
643 1174
643 1227
643 1507
643 1626
643 1846
644 1018
644 1158
644 1493
644 1608
644 1673
644 1913
645 874
645 1597
645 1980
646 1027
646 1073
647 817
648 875
648 932
648 1426
648 1654
650 1275
650 1574
651 1478
651 1548
652 950
652 1109
652 1185
653 961
653 1193
653 1226
653 1263
653 1351
653 1730
654 1090
654 1254
654 1790
654 1937
655 945
656 1657
656 1912
657 1022
657 1599
658 777
658 885
658 1355
658 1372
659 883
659 1235
660 1081
660 1289
660 1365
660 1760
660 1825
661 1011
661 1708
662 863
662 975
662 1198
662 1863
663 945
663 1475
663 1512
663 1571
663 1838
664 1439
664 1801
665 1757
666 783
666 1478
667 982
667 1029
667 1122
668 1925
669 1770
670 1353
670 1684
671 827
672 1946
673 950
673 1749
673 1871
674 1041
674 1229
674 1973
675 804
675 1132
675 1341
675 1365
675 1526
675 1787
675 1841
676 779
676 916
676 943
676 1126
676 1257
676 1666
676 1872
678 866
678 1702
678 1968
679 1378
679 1779
679 1898
680 1380
681 1398
682 904
682 944
682 1089
682 1293
682 1601
682 1618
682 1835
682 1864
683 1431
684 726
684 1108
685 1379
685 1724
685 1819
686 1555
686 1595
686 1707
686 1768
686 1919
687 1284
687 1289
688 769
688 1108
688 1647
688 1763
689 1421
689 1577
689 1627
689 1866
690 857
690 1965
691 1472
692 1902
692 1947
693 1090
693 1212
694 1204
694 1257
694 1614
694 1986
695 984
695 1585
695 1919
697 726
698 1631
698 1701
700 1250
700 1467
700 1482
700 1648
700 1749
701 882
701 1381
702 860
702 1107
703 847
703 1242
703 1494
704 1752
705 735
705 1113
705 1375
705 1647
705 1925
706 887
706 1358
706 1369
706 1539
707 724
707 1138
707 1540
707 1566
708 1931
709 1728
710 1014
713 1525
713 1806
714 885
714 1202
714 1207
714 1322
714 1396
714 1408
714 1599
715 888
715 1475
715 1633
715 1643
715 1979
716 1999
717 816
717 1722
717 1778
718 1861
719 865
719 1502
720 911
720 1029
720 1502
721 757
723 877
723 1151
723 1587
724 730
725 1702
726 790
726 1120
726 1557
726 1825
727 1088
727 1129
727 1992
728 848
728 1921
729 1148
729 1234
729 1925
730 1717
731 1636
732 973
732 1970
733 1722
734 1202
735 1414
736 1569
736 1731
736 1794
736 1988
737 1733
737 1775
739 1160
740 912
740 1082
740 1460
740 1929
740 1964
741 943
741 982
741 1821
742 769
742 808
742 1047
742 1268
742 1483
742 1913
743 961
743 1425
743 1434
743 1655
743 1958
744 909
744 1127
746 1083
746 1542
746 1864
746 1997
747 1424
747 1611
747 1680
748 907
748 961
748 1372
749 824
749 1313
749 1450
750 1336
750 1398
750 1506
751 1430
751 1586
752 1100
752 1303
752 1751
753 1267
754 959
754 1079
754 1787
755 1629
756 1577
756 1999
757 1517
757 1529
758 1377
758 1578
758 1859
758 1958
759 1200
759 1631
759 1632
760 973
760 1173
760 1345
761 1089
761 1706
762 869
762 921
762 1206
763 830
763 1065
763 1105
763 1286
764 1059
764 1296
764 1479
764 1784
765 1382
765 1977
767 1042
767 1376
767 1441
767 1837
768 1025
768 1456
768 1944
768 1950
769 1472
769 1537
769 1844
770 1430
770 1512
770 1613
770 1949
771 947
771 1398
771 1888
771 1911
772 1526
772 1884
773 822
773 1141
774 981
774 1202
774 1771
775 1012
775 1723
775 1890
775 1938
776 1370
776 1534
776 1549
777 1627
778 1165
778 1601
780 1293
781 796
781 1298
781 1382
782 1295
782 1391
782 1396
782 1418
782 1571
785 1654
786 907
786 1419
786 1770
787 1019
788 842
788 1815
788 1982
789 851
789 1351
789 1554
789 1689
789 1869
789 1920
790 814
790 1069
790 1601
790 1816
791 1889
792 849
792 953
792 1073
792 1094
792 1403
792 1739
792 1810
792 1963
793 1804
794 896
795 935
795 1242
797 1692
797 1762
797 1797
798 942
798 975
798 1290
798 1294
798 1491
798 1544
798 1977
799 1373
799 1507
799 1586
799 1588
799 1617
799 1651
800 1332
800 1442
803 1131
803 1818
803 1951
804 1027
804 1084
804 1460
805 1189
805 1729
805 1770
805 1841
806 1235
807 1105
807 1137
807 1497
807 1916
808 934
808 1341
808 1984
809 1113
810 817
810 1630
811 1023
811 1915
811 1992
812 1386
813 1197
813 1313
813 1661
813 1765
814 1024
815 937
816 1087
816 1346
816 1915
817 1148
817 1753
818 1744
819 1215
820 1108
820 1115
820 1462
820 1908
821 938
822 841
822 1102
823 936
823 1125
823 1637
825 1403
825 1989
826 981
826 1129
826 1180
826 1537
826 1933
827 1447
827 1564
827 1913
828 1083
828 1328
828 1387
828 1826
829 836
829 969
830 1246
830 1521
831 1598
831 1732
832 893
832 921
833 846
833 1594
833 1740
834 1589
835 968
835 1485
836 1652
837 1780
839 991
839 1255
841 1853
842 1274
842 1350
843 942
843 1342
843 1657
844 1154
845 1106
845 1464
846 1144
846 1209
846 1725
847 1152
848 1916
849 1977
850 977
850 1348
850 1430
850 1433
851 1127
851 1725
853 920
853 1731
854 1498
855 1621
855 1678
855 1702
855 1969
856 1441
856 1767
856 1894
857 1361
857 1711
857 1870
858 860
858 1264
858 1686
860 1387
860 1393
862 1002
862 1071
862 1505
864 935
864 992
864 994
864 1445
864 1886
864 1949
865 1189
865 1530
865 1938
866 956
866 1886
867 1279
867 1379
867 1990
869 1668
870 1188
870 1357
870 1631
870 1672
871 974
871 1750
872 1118
872 1854
873 1188
873 1585
873 1662
873 1703
874 1467
875 1058
875 1921
876 970
877 1261
877 1859
878 1449
878 1719
879 988
879 1014
879 1277
880 1320
881 1116
881 1282
882 1371
882 1383
882 1482
882 1541
883 907
883 1358
883 1635
883 1720
883 1783
883 1824
884 1679
884 1778
885 1580
885 1912
886 1913
887 1220
888 1644
888 1766
888 1771
889 1078
889 1281
889 1801
890 908
890 1179
890 1234
890 1881
891 1565
892 1123
892 1172
892 1587
892 1679
892 1792
892 1941
893 1561
893 1708
894 922
894 1007
894 1218
894 1529
895 1167
896 928
896 1149
897 1430
897 1960
898 1500
900 1192
900 1695
900 1910
900 1928
901 970
901 1672
902 963
903 1060
903 1626
904 967
904 1219
904 1686
905 1192
905 1702
905 1952
906 1728
906 1812
907 1999
908 1074
908 1776
908 1951
909 1211
911 975
911 1392
912 1216
912 1335
913 1030
913 1151
913 1586
914 1722
915 1710
915 1885
916 1874
917 971
917 1285
917 1623
917 1671
922 1589
922 1863
923 1735
924 1285
925 1615
925 1698
926 940
926 1377
926 1919
927 1953
928 956
928 1769
929 1037
930 1340
930 1379
930 1453
930 1545
931 1537
931 1783
932 1118
932 1221
932 1444
932 1704
932 1912
934 1005
934 1069
934 1495
934 1652
935 1941
936 1095
936 1264
937 1229
937 1364
939 1148
939 1540
939 1572
939 1748
939 1834
940 945
940 1088
941 1349
941 1776
942 1542
942 1784
942 1892
943 1110
943 1407
943 1765
943 1781
944 1253
944 1943
945 979
946 1348
946 1435
946 1696
946 1859
946 1923
946 1929
947 1867
948 1014
948 1246
948 1422
948 1973
949 1530
949 1543
950 1259
951 1006
951 1353
953 1094
954 998
954 1147
954 1205
954 1404
954 1432
954 1479
954 1872
955 1906
955 1983
958 1164
958 1382
959 1761
960 999
960 1328
960 1353
961 1361
962 1496
962 1497
962 1758
963 1303
963 1503
963 1623
963 1846
964 1032
964 1066
965 1019
965 1081
965 1411
965 1583
966 1317
966 1453
966 1889
967 1191
967 1995
968 1623
968 1688
968 1738
968 1993
969 1097
969 1825
970 1919
971 1052
971 1093
971 1124
971 1753
972 1012
973 1404
973 1539
973 1721
974 1327
974 1482
974 1899
975 1776
977 1187
977 1784
978 1593
979 1143
979 1646
980 1003
980 1167
980 1501
980 1569
981 990
981 1470
981 1558
981 1783
981 1826
981 1906
982 1158
982 1259
982 1973
983 1311
984 1031
984 1666
985 1391
985 1510
986 1028
986 1524
987 1057
987 1321
987 1680
987 1857
988 1128
988 1496
991 1320
991 1488
991 1725
992 999
994 1216
994 1297
995 1098
995 1516
995 1823
996 1351
996 1461
996 1596
996 1722
997 1463
997 1968
998 1684
999 1976
1000 1304
1000 1558
1000 1830
1000 1833
1001 1074
1001 1522
1002 1058
1002 1407
1002 1731
1003 1696
1005 1662
1005 1869
1007 1100
1007 1953
1008 1170
1008 1629
1008 1873
1008 1971
1009 1070
1009 1214
1009 1533
1009 1798
1011 1278
1011 1588
1011 1843
1012 1776
1013 1927
1013 1972
1014 1971
1015 1170
1015 1515
1015 1560
1015 1612
1015 1932
1016 1839
1016 1880
1017 1564
1019 1038
1019 1145
1019 1350
1019 1621
1019 1862
1020 1125
1020 1162
1020 1403
1020 1870
1021 1979
1022 1053
1022 1859
1023 1271
1023 1329
1023 1952
1024 1072
1024 1596
1025 1097
1025 1371
1025 1537
1025 1678
1026 1336
1026 1574
1026 1740
1026 1820
1027 1542
1029 1242
1030 1099
1030 1423
1030 1959
1030 1979
1031 1797
1032 1497
1034 1767
1036 1558
1036 1627
1037 1338
1037 1365
1037 1533
1037 1578
1037 1607
1037 1872
1038 1095
1038 1935
1040 1602
1041 1299
1042 1063
1042 1312
1042 1572
1042 1820
1042 1834
1043 1223
1043 1746
1045 1995
1047 1229
1047 1434
1047 1515
1047 1637
1047 1721
1048 1305
1049 1562
1050 1403
1050 1574
1051 1219
1051 1474
1052 1464
1053 1981
1054 1111
1054 1619
1055 1679
1056 1193
1056 1236
1056 1349
1056 1433
1056 1556
1056 1717
1057 1162
1057 1806
1057 1838
1058 1070
1058 1336
1059 1066
1059 1141
1059 1449
1061 1545
1061 1577
1062 1383
1062 1497
1062 1842
1063 1294
1063 1544
1064 1133
1064 1988
1065 1080
1066 1563
1067 1160
1067 1517
1067 1747
1068 1310
1068 1714
1068 1958
1069 1689
1069 1845
1070 1546
1071 1106
1071 1164
1071 1771
1071 1832
1072 1273
1072 1522
1072 1613
1073 1530
1073 1593
1073 1760
1073 1842
1075 1109
1075 1668
1075 1695
1076 1957
1077 1097
1077 1454
1077 1558
1077 1874
1078 1364
1079 1506
1079 1564
1079 1657
1080 1144
1080 1258
1080 1515
1080 1737
1081 1529
1081 1934
1082 1316
1082 1834
1083 1113
1083 1775
1084 1282
1084 1688
1084 1709
1085 1600
1086 1112
1086 1297
1087 1122
1087 1202
1087 1546
1088 1401
1088 1553
1088 1645
1088 1909
1089 1352
1089 1435
1089 1477
1089 1818
1089 1872
1090 1230
1090 1952
1091 1624
1092 1957
1093 1306
1095 1287
1096 1316
1096 1474
1096 1714
1096 1858
1097 1248
1098 1397
1099 1912
1101 1757
1101 1769
1102 1641
1102 1736
1103 1297
1103 1723
1104 1129
1104 1886
1105 1113
1105 1245
1105 1875
1105 1891
1106 1757
1106 1827
1107 1742
1107 1955
1108 1324
1108 1645
1108 1979
1109 1335
1109 1385
1109 1900
1110 1882
1111 1331
1112 1309
1112 1363
1112 1732
1112 1797
1113 1338
1113 1448
1113 1583
1114 1815
1115 1507
1115 1775
1115 1946
1116 1260
1117 1519
1119 1265
1119 1436
1121 1140
1121 1743
1121 1963
1122 1513
1123 1325
1123 1929
1124 1730
1125 1465
1125 1560
1125 1814
1125 1929
1127 1677
1128 1886
1128 1954
1129 1318
1129 1376
1129 1504
1129 1639
1129 1967
1130 1902
1130 1906
1131 1222
1131 1375
1132 1629
1132 1831
1133 1274
1133 1549
1134 1993
1135 1396
1135 1509
1135 1818
1135 1855
1136 1200
1136 1712
1137 1196
1138 1434
1139 1419
1139 1553
1139 1944
1140 1497
1140 1591
1140 1961
1141 1858
1142 1356
1142 1814
1144 1393
1144 1905
1145 1300
1145 1327
1146 1301
1148 1346
1148 1814
1149 1594
1150 1368
1150 1460
1151 1289
1151 1343
1151 1938
1152 1328
1152 1789
1152 1930
1154 1832
1156 1752
1157 1832
1157 1962
1159 1233
1160 1254
1160 1322
1160 1557
1161 1197
1162 1241
1162 1708
1162 1716
1166 1893
1168 1593
1168 1912
1169 1664
1171 1435
1172 1192
1172 1918
1174 1270
1174 1506
1174 1611
1174 1742
1175 1511
1175 1800
1175 1978
1177 1298
1178 1196
1178 1800
1180 1485
1181 1201
1182 1189
1182 1582
1183 1975
1184 1926
1185 1550
1185 1853
1186 1236
1186 1648
1187 1263
1187 1968
1188 1433
1188 1899
1189 1258
1190 1688
1190 1922
1191 1306
1191 1322
1191 1765
1192 1244
1192 1673
1192 1696
1193 1202
1193 1468
1194 1973
1195 1946
1195 1987
1196 1370
1198 1214
1198 1719
1198 1739
1198 1867
1200 1585
1200 1815
1201 1426
1202 1772
1203 1567
1203 1845
1204 1274
1204 1324
1204 1459
1206 1967
1207 1751
1208 1216
1209 1306
1209 1453
1209 1960
1210 1213
1211 1302
1212 1580
1212 1595
1213 1699
1213 1873
1213 1895
1214 1482
1214 1487
1214 1531
1214 1655
1214 1699
1215 1881
1216 1387
1216 1850
1218 1496
1218 1896
1218 1932
1219 1375
1219 1446
1220 1361
1220 1395
1220 1656
1220 1693
1220 1794
1220 1990
1221 1472
1221 1820
1221 1994
1222 1302
1224 1413
1224 1455
1225 1411
1225 1767
1228 1989
1230 1990
1231 1387
1231 1649
1232 1554
1232 1766
1232 1998
1233 1299
1233 1661
1234 1446
1235 1262
1236 1480
1236 1556
1236 1844
1236 1990
1237 1530
1238 1731
1239 1271
1239 1567
1239 1841
1240 1521
1240 1569
1241 1519
1242 1782
1243 1907
1244 1906
1245 1529
1248 1740
1248 1747
1250 1549
1250 1554
1251 1409
1253 1318
1253 1766
1254 1650
1255 1692
1256 1766
1256 1916
1257 1391
1257 1526
1257 1753
1258 1523
1258 1584
1258 1878
1259 1431
1260 1572
1260 1820
1260 1878
1260 1923
1261 1442
1261 1924
1262 1265
1262 1662
1262 1740
1263 1423
1263 1891
1264 1745
1265 1458
1266 1578
1266 1741
1267 1353
1267 1554
1268 1342
1268 1427
1269 1417
1269 1870
1269 1983
1270 1967
1271 1436
1272 1549
1273 1557
1273 1642
1274 1551
1274 1583
1274 1704
1276 1362
1276 1388
1276 1472
1278 1631
1279 1387
1279 1471
1280 1844
1280 1935
1281 1479
1281 1555
1281 1677
1282 1679
1282 1921
1283 1302
1284 1553
1284 1569
1284 1645
1284 1796
1285 1766
1285 1810
1287 1292
1287 1347
1287 1389
1287 1409
1287 1717
1288 1422
1288 1515
1288 1783
1288 1807
1288 1843
1289 1374
1289 1981
1290 1821
1292 1379
1293 1465
1293 1904
1296 1541
1296 1768
1296 1858
1297 1867
1298 1699
1298 1769
1300 1476
1300 1751
1301 1605
1302 1431
1302 1763
1303 1378
1303 1417
1303 1459
1303 1728
1304 1789
1305 1457
1306 1572
1307 1976
1308 1410
1308 1548
1308 1596
1309 1824
1309 1847
1310 1525
1310 1840
1311 1501
1311 1584
1312 1487
1313 1991
1314 1844
1317 1449
1317 1488
1317 1573
1318 1658
1320 1576
1321 1752
1321 1852
1322 1541
1322 1676
1322 1817
1325 1556
1325 1951
1327 1988
1328 1702
1329 1398
1329 1758
1330 1336
1330 1593
1331 1432
1334 1690
1336 1736
1336 1767
1338 1525
1338 1621
1339 1387
1339 1632
1339 1817
1340 1890
1343 1732
1344 1780
1346 1387
1346 1443
1346 1804
1346 1941
1348 1814
1349 1497
1349 1759
1349 1787
1349 1988
1350 1793
1351 1417
1351 1719
1352 1769
1354 1427
1354 1493
1356 1565
1356 1610
1356 1793
1356 1886
1357 1438
1358 1861
1358 1977
1359 1377
1360 1616
1360 1851
1361 1431
1363 1367
1364 1608
1365 1380
1365 1432
1365 1463
1365 1606
1365 1691
1366 1575
1366 1680
1367 1973
1372 1820
1372 1931
1374 1437
1375 1531
1375 1816
1376 1913
1376 1942
1379 1880
1380 1436
1380 1444
1382 1820
1383 1943
1384 1518
1384 1553
1386 1579
1386 1916
1388 1826
1388 1936
1389 1583
1389 1723
1392 1520
1392 1733
1392 1784
1397 1891
1400 1685
1401 1413
1401 1712
1401 1855
1403 1719
1403 1799
1404 1865
1405 1635
1405 1930
1405 1992
1406 1817
1407 1700
1407 1978
1408 1500
1408 1508
1411 1637
1412 1510
1412 1741
1413 1733
1413 1841
1414 1922
1415 1474
1416 1563
1416 1639
1417 1739
1417 1763
1418 1930
1422 1455
1422 1633
1422 1833
1428 1568
1429 1722
1429 1819
1430 1467
1430 1559
1432 1565
1433 1462
1434 1604
1435 1441
1435 1650
1435 1942
1436 1596
1437 1952
1438 1445
1438 1592
1440 1563
1441 1612
1441 1841
1442 1894
1444 1612
1444 1966
1445 1719
1446 1532
1447 1708
1448 1538
1451 1473
1453 1512
1454 1529
1456 1589
1456 1603
1457 1883
1460 1762
1460 1959
1461 1709
1462 1483
1462 1620
1462 1959
1465 1952
1466 1549
1467 1592
1468 1909
1469 1536
1470 1480
1472 1967
1472 1999
1473 1617
1474 1681
1474 1723
1475 1497
1476 1513
1478 1657
1479 1677
1479 1915
1481 1490
1481 1927
1483 1832
1484 1869
1485 1623
1485 1831
1485 1848
1486 1739
1487 1547
1487 1648
1487 1933
1488 1610
1489 1522
1493 1612
1494 1956
1495 1946
1498 1605
1501 1570
1505 1535
1506 1521
1506 1852
1506 1927
1507 1598
1510 1608
1510 1684
1510 1784
1511 1766
1516 1809
1516 1833
1517 1668
1518 1584
1518 1887
1519 1910
1520 1788
1522 1719
1522 1804
1524 1777
1524 1867
1524 1994
1525 1814
1527 1620
1527 1784
1528 1994
1529 1732
1529 1899
1531 1980
1532 1797
1532 1877
1533 1850
1533 1979
1535 1606
1535 1676
1535 1997
1536 1585
1538 1644
1538 1963
1539 1540
1539 1749
1542 1875
1543 1615
1544 1628
1545 1987
1547 1573
1547 1841
1548 1979
1550 1721
1551 1853
1554 1849
1557 1722
1557 1747
1557 1887
1559 1716
1560 1564
1562 1610
1564 1638
1565 1787
1566 1841
1567 1576
1568 1573
1569 1631
1570 1989
1571 1655
1571 1914
1573 1714
1573 1849
1574 1813
1576 1825
1576 1993
1579 1704
1579 1793
1579 1907
1581 1984
1583 1794
1586 1938
1587 1841
1589 1888
1591 1946
1593 1676
1593 1741
1594 1603
1594 1685
1596 1947
1596 1994
1597 1613
1598 1668
1598 1689
1598 1746
1598 1917
1599 1923
1600 1714
1600 1989
1603 1789
1603 1955
1606 1996
1607 1878
1609 1719
1610 1857
1611 1900
1613 1900
1615 1890
1615 1901
1618 1825
1619 1755
1619 1867
1619 1964
1620 1693
1620 1959
1623 1989
1624 1742
1626 1734
1626 1947
1627 1954
1631 1930
1632 1880
1633 1977
1634 1784
1635 1873
1636 1823
1638 1826
1642 1652
1642 1691
1648 1992
1653 1688
1655 1953
1655 1975
1656 1692
1657 1775
1657 1861
1659 1703
1662 1680
1662 1901
1664 1775
1664 1822
1665 1926
1668 1822
1672 1745
1672 1863
1674 1695
1675 1733
1677 1706
1682 1906
1684 1754
1686 1875
1687 1732
1689 1742
1690 1736
1691 1759
1692 1899
1693 1954
1693 1990
1696 1968
1697 1808
1698 1964
1699 1710
1699 1814
1699 1833
1700 1901
1702 1727
1702 1736
1702 1941
1708 1775
1708 1851
1709 1854
1711 1810
1712 1745
1712 1921
1712 1951
1714 1743
1715 1819
1716 1938
1719 1866
1722 1778
1723 1803
1727 1752
1727 1782
1732 1937
1735 1894
1735 1906
1737 1759
1738 1925
1739 1867
1742 1970
1745 1868
1745 1930
1745 1961
1748 1803
1757 1916
1758 1847
1761 1772
1762 1788
1763 1787
1763 1925
1764 1893
1766 1886
1774 1902
1775 1846
1776 1809
1776 1821
1778 1951
1785 1995
1786 1793
1788 1822
1796 1914
1801 1831
1801 1834
1804 1859
1804 1965
1805 1913
1808 1849
1809 1843
1813 1943
1816 1963
1826 1965
1827 1969
1833 1982
1835 1943
1839 1932
1840 1843
1842 1987
1848 1885
1849 1916
1849 1983
1851 1998
1859 1989
1860 1882
1860 1995
1861 1980
1867 1885
1871 1928
1875 1990
1876 1990
1877 1934
1877 1949
1878 1898
1878 1933
1879 1905
1880 1930
1881 1949
1886 1942
1886 1943
1887 1905
1902 1971
1904 1955
1923 1986
1929 1943
1941 1961
1945 1973
1954 1959
1958 1971
1978 1979
