0 24
0 30
0 107
0 161
0 391
0 891
0 997
1 39
1 45
1 108
1 662
1 669
1 807
2 118
2 168
2 198
2 279
2 569
2 613
2 762
2 773
2 968
3 281
3 889
4 192
4 364
4 405
4 588
4 610
4 684
4 691
5 21
5 140
5 355
5 363
5 386
5 796
5 819
6 509
7 171
7 240
7 812
8 14
8 143
8 316
8 348
8 610
8 701
10 84
10 120
10 580
10 591
10 696
11 320
11 395
11 628
11 647
12 236
12 322
12 532
12 750
13 234
13 250
13 292
13 409
13 795
14 32
14 161
14 311
14 485
14 508
15 284
15 334
15 728
16 303
16 560
17 103
17 293
17 571
18 286
18 506
18 965
19 410
19 524
19 719
19 837
20 72
20 124
20 348
20 614
21 135
21 483
21 500
21 628
22 354
22 389
23 304
23 388
23 521
24 210
24 657
24 719
25 284
25 608
26 582
26 671
27 457
27 467
27 625
27 710
27 828
27 875
28 29
28 422
28 534
28 612
29 922
30 277
30 568
30 715
30 906
31 47
31 293
32 43
32 89
32 560
32 608
33 118
33 148
33 346
33 596
33 731
33 774
33 974
34 48
34 72
34 791
35 169
35 246
36 160
37 57
37 78
37 118
37 220
37 544
37 715
37 851
37 852
38 206
38 406
38 639
39 149
39 312
40 453
41 466
41 498
41 611
42 50
42 309
42 665
43 191
43 496
43 506
43 512
43 589
44 830
44 858
45 230
45 473
46 503
46 542
46 631
46 688
46 762
47 148
47 226
47 400
47 757
49 160
49 289
49 435
49 525
49 679
49 818
50 254
50 569
50 941
51 406
51 828
51 843
51 862
51 956
52 99
52 141
52 237
52 239
53 141
53 299
53 969
54 85
54 360
54 608
55 86
55 131
55 254
55 457
55 481
55 747
55 921
56 218
56 343
56 572
56 728
57 628
57 769
58 81
58 381
58 610
59 320
59 771
59 798
59 930
59 935
59 995
60 317
60 538
60 568
60 611
60 830
60 905
61 250
62 642
62 728
62 975
63 450
63 828
63 835
64 220
64 334
64 650
64 883
64 961
65 280
65 507
65 655
65 723
66 95
66 218
66 418
66 532
66 598
67 384
67 984
69 146
69 463
69 476
69 944
70 539
70 784
70 816
71 168
71 288
71 949
72 178
72 310
72 854
73 160
73 333
73 455
73 708
73 879
74 158
74 618
74 960
75 297
75 459
75 572
75 999
76 91
76 180
76 339
76 625
76 967
77 711
77 792
78 434
78 761
78 889
78 971
79 213
79 296
79 398
79 669
79 826
79 854
79 883
79 977
80 398
80 508
80 529
80 836
80 981
81 115
81 427
81 487
81 770
81 938
82 426
82 891
83 148
83 218
83 259
83 907
84 334
84 361
84 583
84 742
84 883
84 939
85 87
85 484
85 580
85 890
86 299
86 530
86 703
86 735
86 737
86 786
87 101
87 389
87 729
87 786
88 184
88 298
88 301
88 717
88 740
89 151
89 178
89 356
89 394
89 438
89 808
89 834
89 970
90 419
91 897
92 373
92 394
92 457
93 155
93 571
94 128
94 213
94 282
94 352
94 612
94 618
94 725
95 927
96 199
96 251
96 310
96 334
96 531
96 581
96 925
97 147
97 428
97 485
97 797
98 167
98 242
99 220
99 313
99 388
99 447
99 650
99 746
99 788
99 822
100 484
100 672
100 676
100 693
100 806
102 142
102 254
102 642
102 693
102 730
102 840
103 137
103 756
103 787
104 169
104 329
104 648
105 124
105 159
105 579
105 770
106 250
106 660
106 857
107 532
107 657
107 755
107 838
107 880
108 867
109 248
109 919
110 158
111 123
111 128
111 532
111 668
111 917
112 708
112 863
112 913
113 381
113 535
113 826
114 228
114 264
114 452
115 226
116 966
117 350
117 724
117 875
118 510
118 708
118 818
119 367
120 131
120 181
120 190
120 326
120 388
120 442
120 541
120 648
120 874
121 815
122 862
123 216
123 517
123 591
123 605
123 614
124 387
124 621
124 807
125 259
125 364
125 368
125 725
126 326
126 422
127 203
127 655
127 657
127 695
128 261
128 863
128 872
129 177
129 221
129 559
129 900
129 972
130 273
131 187
131 668
131 670
132 199
132 351
132 364
132 787
132 982
133 370
133 382
133 591
134 223
134 227
135 264
135 535
135 578
135 793
137 335
137 363
137 551
137 559
137 792
137 923
138 629
139 380
140 829
141 203
141 589
141 685
142 212
142 718
142 875
142 894
143 248
143 300
143 434
143 522
143 803
144 381
144 608
144 906
145 376
145 481
145 838
146 701
147 328
147 464
148 234
148 279
148 675
149 194
149 433
150 235
150 508
150 687
150 983
151 152
151 737
151 925
152 200
152 474
152 508
152 533
152 650
152 742
152 898
152 980
152 997
153 288
153 307
154 573
154 683
154 724
154 886
154 892
155 263
155 641
156 160
156 463
156 582
156 842
157 733
158 242
158 665
159 604
159 935
160 255
160 302
160 474
160 567
160 759
160 782
161 257
161 469
161 769
161 850
162 280
162 640
162 782
163 746
163 766
163 893
163 968
164 294
164 507
164 583
164 663
164 692
165 781
166 600
167 222
167 341
167 455
167 696
168 169
169 299
169 704
169 753
170 433
170 602
170 852
170 969
171 199
171 716
171 868
172 530
172 605
173 217
173 234
173 237
173 601
173 787
173 795
173 997
174 458
174 547
174 730
175 841
176 251
176 482
176 510
177 307
177 349
177 478
177 561
177 753
177 900
177 941
178 506
179 589
179 678
179 706
179 967
180 423
180 565
181 985
182 210
182 432
182 443
182 576
182 596
183 800
183 963
184 280
184 370
184 499
184 832
185 295
185 507
185 568
185 878
186 322
186 399
186 573
186 722
187 209
187 756
188 196
188 487
188 818
188 990
189 420
189 505
189 749
189 853
190 401
191 247
191 315
191 539
191 788
191 805
191 923
192 349
192 456
192 490
192 601
193 386
193 391
193 577
193 655
194 258
194 319
194 684
195 256
195 406
195 535
195 637
195 865
196 507
196 932
197 943
198 700
199 478
199 605
199 623
199 752
199 779
199 906
200 433
200 795
201 985
202 409
202 683
202 711
203 482
203 529
203 673
203 680
203 779
203 931
203 995
204 340
204 777
205 471
205 810
206 252
206 353
206 406
206 470
206 868
207 460
207 510
207 584
207 665
207 810
208 210
208 455
208 497
208 953
209 762
210 564
211 228
211 377
211 547
211 695
211 955
212 256
212 531
212 946
214 531
214 566
215 578
215 775
215 960
216 487
216 879
216 883
216 925
217 244
218 273
218 352
219 423
219 468
219 493
220 540
220 573
220 738
220 749
221 455
221 457
221 588
222 749
223 239
223 293
223 309
223 535
223 835
224 453
226 338
226 784
226 869
227 506
227 640
227 820
227 930
228 291
228 649
229 660
229 879
230 302
230 711
230 910
230 966
231 332
231 493
232 361
232 990
233 747
233 767
235 504
235 589
235 680
235 911
235 979
236 579
236 855
236 876
237 969
237 995
238 473
238 486
238 604
238 661
238 943
239 362
239 419
239 516
239 722
240 457
240 650
241 416
242 312
242 596
242 603
242 729
243 308
243 378
244 285
244 659
245 299
245 501
245 972
246 474
246 717
246 730
246 948
246 956
247 631
249 603
249 835
250 296
250 707
250 743
252 633
252 734
252 814
253 306
253 680
253 973
254 332
254 361
254 425
254 490
254 542
254 630
255 301
255 437
255 473
255 625
255 760
255 833
255 905
256 657
257 274
257 487
257 860
257 922
258 277
258 608
258 679
258 687
259 580
260 408
260 411
260 623
260 703
260 806
260 944
262 900
262 929
263 409
263 931
264 455
265 274
265 629
265 791
265 816
266 368
266 567
266 594
266 608
266 669
267 284
267 855
267 941
267 957
267 958
268 527
268 798
269 775
270 288
270 311
270 450
270 471
270 736
270 841
271 354
271 361
271 618
271 780
271 905
272 836
272 932
273 327
273 629
274 408
276 289
276 757
277 913
278 696
278 757
278 836
279 310
279 977
280 796
280 822
281 417
281 647
282 757
282 965
282 979
283 313
283 446
283 545
283 713
283 865
283 944
283 985
284 805
286 296
286 339
286 601
286 646
286 662
287 442
288 426
288 566
288 709
290 603
290 767
291 531
291 972
292 403
292 768
292 884
294 410
294 825
295 690
296 480
297 361
297 645
297 674
297 794
298 402
298 502
299 592
299 602
299 603
299 616
299 697
299 721
300 362
300 364
300 401
300 433
301 504
302 409
302 413
302 729
302 958
303 321
303 715
303 845
303 931
304 340
304 448
304 585
306 336
306 959
307 371
308 468
308 725
308 745
308 986
309 986
310 488
311 656
311 734
311 981
312 352
312 539
312 730
312 743
312 758
312 822
313 476
313 623
313 911
314 564
314 760
314 862
315 467
315 476
315 526
315 668
315 695
315 752
315 894
315 912
316 667
316 801
316 803
317 543
318 391
318 682
318 796
318 840
319 520
320 522
320 751
320 779
320 855
320 924
320 952
321 616
321 927
322 330
322 384
322 419
323 352
323 611
323 642
324 710
324 748
325 389
326 405
327 398
327 819
328 343
329 435
329 996
330 520
330 688
330 783
330 817
330 818
331 496
331 748
331 856
332 625
333 399
333 558
333 800
333 887
333 915
334 356
335 606
335 731
335 931
336 950
337 370
337 457
339 364
339 932
340 655
340 710
341 842
341 945
342 640
342 641
342 806
343 673
344 913
346 789
346 856
346 987
347 561
347 614
347 641
347 842
347 957
348 488
348 677
348 973
349 806
349 975
350 352
350 495
350 612
350 721
350 741
350 763
351 407
351 495
351 745
352 716
352 903
353 483
353 619
353 666
354 548
354 594
354 610
355 416
355 446
355 801
356 559
357 535
357 684
357 746
357 795
357 900
358 477
358 508
358 754
359 865
360 457
360 530
361 443
361 484
362 363
362 449
363 529
363 705
363 780
364 828
365 848
366 402
366 623
366 808
367 449
367 759
367 895
368 464
368 507
368 605
368 714
368 925
369 791
370 755
371 387
371 400
372 392
373 586
373 708
373 763
373 953
374 684
374 760
375 874
376 624
376 719
377 505
377 559
377 737
378 608
378 651
378 800
379 519
379 682
379 685
379 947
380 664
380 738
381 700
381 880
381 978
383 927
383 983
385 402
385 747
385 806
386 458
386 700
386 973
387 580
387 663
387 846
387 922
387 945
387 997
388 427
388 676
388 869
388 964
390 713
390 908
391 414
391 477
391 609
391 623
391 911
392 469
393 563
393 668
393 716
393 752
393 946
393 996
394 448
394 885
394 974
395 924
396 444
396 656
396 816
396 861
397 682
397 833
397 875
398 518
398 913
399 431
400 648
400 678
400 759
401 466
401 655
401 663
402 472
403 800
403 959
404 412
405 529
405 563
405 587
405 903
405 930
406 593
406 611
407 612
407 753
407 802
407 816
408 636
408 735
409 533
409 578
409 709
409 824
409 883
411 412
411 685
411 794
412 513
412 622
412 681
412 771
412 940
413 415
414 897
415 524
415 537
415 542
415 662
415 721
415 734
415 949
416 604
416 723
416 756
416 775
416 886
417 838
418 487
418 941
419 539
419 663
419 700
420 712
420 742
421 561
421 672
421 724
421 979
422 464
422 695
422 875
422 975
423 746
423 901
424 436
424 524
424 605
425 633
425 726
425 871
426 431
426 682
426 979
428 827
428 985
429 624
429 654
429 934
429 951
429 975
429 990
430 466
430 488
430 493
430 508
430 653
430 887
431 568
431 654
431 823
434 556
434 613
434 627
434 715
435 533
437 570
437 800
438 681
438 692
439 855
439 992
440 835
440 952
441 570
441 756
441 799
442 532
442 924
443 641
443 800
443 881
443 952
444 861
445 512
445 653
445 868
446 730
446 788
449 503
449 883
449 999
450 818
451 805
452 957
453 920
454 947
455 552
455 686
455 942
456 501
456 615
456 823
456 885
456 926
457 615
457 672
457 788
458 481
458 578
459 724
459 960
460 506
460 535
460 552
460 567
460 609
460 777
461 522
461 826
462 964
462 996
463 811
463 865
463 985
464 481
464 518
464 571
464 660
464 948
464 976
465 772
465 795
466 799
466 847
467 614
467 899
469 555
469 751
470 935
471 508
471 569
471 652
471 723
471 820
471 861
473 881
474 503
474 533
474 641
474 674
474 852
475 810
475 866
476 518
476 694
477 530
478 919
478 944
478 997
479 515
479 565
480 544
480 595
480 616
480 907
481 855
481 905
481 965
481 985
483 668
483 840
483 916
484 695
484 885
485 629
485 881
486 893
487 738
490 991
493 784
493 826
493 947
494 648
494 896
494 948
496 834
497 723
497 765
498 791
498 872
500 666
502 999
503 785
504 605
504 880
504 975
505 594
506 767
506 924
508 566
508 918
510 578
511 554
512 536
512 741
512 870
514 624
514 686
516 931
517 844
518 632
518 835
519 777
519 990
520 617
521 631
521 772
521 938
522 645
523 849
523 875
523 946
524 549
524 656
524 801
525 579
525 850
526 551
526 583
527 753
527 878
529 966
530 620
530 663
530 996
531 559
532 713
532 734
532 931
532 966
533 643
533 974
534 750
534 822
535 888
535 894
535 985
536 582
536 924
537 615
537 626
537 720
537 880
537 903
538 840
538 960
538 985
539 617
540 563
540 970
540 999
541 587
541 717
541 853
542 849
544 729
545 574
545 670
545 676
545 977
546 590
547 716
548 894
549 929
550 887
551 606
551 666
551 837
553 662
553 747
554 581
554 682
554 888
555 639
555 702
555 843
555 985
556 578
557 680
557 998
558 752
558 880
561 562
561 759
561 886
562 582
562 712
563 968
564 923
566 717
566 779
566 965
567 626
567 901
568 665
569 779
569 986
570 971
571 843
571 871
572 595
572 842
573 590
573 743
573 759
574 726
574 866
575 722
575 985
576 619
576 758
576 766
576 829
577 976
578 972
579 774
579 830
580 847
581 808
581 820
581 916
582 594
582 730
582 777
582 942
583 631
583 670
583 681
583 817
583 839
583 841
584 793
584 891
585 630
585 707
585 754
586 638
586 980
587 889
587 917
587 946
588 616
588 737
588 916
589 820
589 887
590 922
591 648
591 721
592 655
592 752
593 922
593 987
594 753
594 877
596 815
597 628
597 738
599 637
599 669
599 714
599 723
599 869
599 929
599 958
601 916
601 956
602 651
602 903
602 910
602 966
603 630
603 872
604 647
604 660
604 711
604 839
605 680
606 906
607 754
608 742
608 838
608 951
609 913
613 814
613 996
614 681
614 765
614 777
614 899
615 914
617 755
617 913
619 867
620 803
620 861
620 865
620 993
621 848
621 872
621 921
622 887
624 727
624 766
624 920
625 689
626 750
626 971
627 811
628 640
628 935
628 947
629 801
629 868
629 965
629 993
630 974
631 684
633 688
634 769
634 825
636 760
636 762
636 798
638 724
638 995
639 698
639 770
639 966
640 652
640 664
640 685
640 743
640 849
640 905
641 818
643 740
644 897
645 692
647 975
648 655
648 669
648 954
649 753
650 848
652 656
652 702
653 768
653 880
655 763
656 711
656 734
657 781
659 782
659 898
662 687
662 735
662 962
663 696
663 709
664 803
664 894
665 697
665 978
665 993
666 813
668 787
668 957
669 795
669 832
670 915
674 718
676 933
678 751
678 806
679 735
681 687
681 804
682 711
683 805
683 848
683 944
684 730
684 782
684 986
687 730
691 777
692 835
692 876
693 959
694 892
694 985
695 796
697 730
698 740
698 746
698 754
698 934
699 831
702 835
703 817
704 783
704 789
704 851
705 728
705 757
705 840
706 815
706 905
706 931
707 742
707 937
707 970
707 974
709 763
709 871
709 965
710 753
710 808
710 885
712 720
712 771
714 897
714 971
715 839
717 800
717 893
719 817
719 931
720 735
722 899
724 796
725 832
726 943
727 933
727 970
729 756
729 955
731 864
731 964
734 779
734 848
734 883
734 909
735 870
735 945
739 841
739 854
740 917
741 810
741 985
742 849
743 755
744 761
745 887
745 982
746 945
748 871
748 934
749 759
752 829
754 965
756 784
756 914
759 773
759 890
760 937
760 962
762 855
764 828
765 767
766 828
766 972
769 870
771 775
771 865
772 849
773 963
775 913
778 970
779 846
779 912
779 983
780 887
781 847
782 872
783 937
785 928
786 975
787 863
787 913
787 982
789 974
791 967
793 957
795 839
797 800
798 892
799 888
800 921
804 816
807 825
808 837
809 998
809 999
810 871
810 993
812 936
813 953
820 987
823 894
824 878
826 961
827 852
832 958
835 895
836 844
836 918
836 966
837 969
840 903
841 989
842 882
843 967
846 892
855 938
857 886
858 955
862 976
863 899
867 888
868 902
870 903
872 913
872 991
873 905
880 902
882 993
883 914
883 929
885 887
889 952
893 976
896 911
905 917
905 981
907 918
908 986
913 927
913 977
915 991
921 979
924 953
931 947
944 987
951 980
952 999
957 963
979 989
980 988
982 998
