0 1
0 2
0 5
0 18
0 21
0 44
0 57
0 71
0 74
0 81
0 108
0 139
0 195
0 210
0 216
0 252
0 291
0 361
0 410
0 412
0 416
0 441
0 457
0 464
0 489
0 494
1 2
1 3
1 4
1 6
1 11
1 12
1 13
1 16
1 20
1 22
1 24
1 25
1 26
1 31
1 34
1 46
1 50
1 54
1 55
1 61
1 64
1 69
1 72
1 83
1 85
1 88
1 92
1 99
1 106
1 107
1 112
1 114
1 121
1 129
1 130
1 132
1 142
1 143
1 146
1 164
1 177
1 193
1 200
1 208
1 213
1 214
1 216
1 230
1 231
1 232
1 242
1 267
1 270
1 274
1 295
1 299
1 304
1 328
1 334
1 339
1 348
1 352
1 353
1 355
1 367
1 369
1 374
1 388
1 410
1 413
1 432
1 447
1 454
1 458
1 459
1 470
1 491
2 3
2 10
2 15
2 37
2 39
2 43
2 60
2 70
2 79
2 96
2 108
2 113
2 124
2 125
2 131
2 141
2 154
2 158
2 162
2 188
2 196
2 213
2 247
2 256
2 258
2 262
2 276
2 278
2 279
2 286
2 288
2 387
2 412
2 421
2 443
2 469
3 4
3 5
3 7
3 13
3 16
3 29
3 33
3 51
3 61
3 66
3 69
3 80
3 87
3 90
3 116
3 131
3 132
3 133
3 152
3 159
3 162
3 168
3 169
3 176
3 177
3 178
3 189
3 194
3 197
3 211
3 233
3 252
3 263
3 287
3 306
3 321
3 374
3 377
3 389
3 399
3 404
3 451
3 471
3 486
3 497
4 6
4 7
4 11
4 14
4 22
4 23
4 27
4 35
4 40
4 65
4 70
4 77
4 85
4 95
4 109
4 115
4 124
4 134
4 140
4 149
4 160
4 163
4 175
4 181
4 202
4 219
4 259
4 260
4 261
4 265
4 271
4 273
4 305
4 314
4 323
4 344
4 384
4 392
4 419
4 420
4 430
4 442
4 475
4 480
4 492
4 494
5 8
5 9
5 28
5 29
5 30
5 31
5 32
5 33
5 42
5 47
5 48
5 50
5 51
5 52
5 65
5 72
5 78
5 91
5 96
5 102
5 109
5 128
5 155
5 161
5 165
5 201
5 207
5 209
5 225
5 238
5 239
5 246
5 255
5 258
5 278
5 335
5 341
5 362
5 378
5 385
5 395
5 427
5 433
5 454
5 476
5 479
5 493
5 496
6 8
6 101
6 281
6 333
6 365
6 446
7 10
7 20
7 128
7 152
7 161
7 182
7 212
7 235
7 262
7 280
7 282
7 466
8 9
8 28
8 46
8 62
8 142
8 174
8 198
8 205
9 12
9 17
9 18
9 19
9 21
9 27
9 30
9 32
9 38
9 41
9 42
9 44
9 49
9 58
9 63
9 73
9 74
9 76
9 77
9 100
9 102
9 103
9 104
9 111
9 112
9 127
9 134
9 150
9 157
9 184
9 188
9 192
9 195
9 199
9 203
9 221
9 223
9 224
9 234
9 236
9 237
9 239
9 241
9 243
9 255
9 266
9 267
9 283
9 288
9 291
9 293
9 302
9 309
9 315
9 345
9 348
9 354
9 358
9 360
9 365
9 375
9 377
9 384
9 395
9 414
9 426
9 445
9 452
9 480
10 45
10 79
10 82
10 86
10 210
10 272
10 316
10 325
10 347
10 450
11 14
11 95
11 235
11 251
11 284
11 294
11 487
12 15
12 17
12 19
12 23
12 26
12 36
12 39
12 40
12 43
12 53
12 81
12 83
12 86
12 90
12 167
12 171
12 200
12 261
12 319
12 334
12 345
12 373
13 138
13 284
13 295
13 364
13 390
13 394
15 97
15 301
16 24
16 35
16 89
16 97
16 148
16 164
16 167
16 225
16 240
16 268
16 273
16 319
16 322
16 358
17 34
17 38
17 45
17 52
17 53
17 60
17 68
17 135
17 143
17 153
17 154
17 172
17 178
17 194
17 227
17 229
17 293
17 309
17 316
17 372
17 407
17 411
17 453
17 474
17 482
17 487
18 48
18 58
18 99
18 100
18 110
18 222
18 270
18 342
18 403
18 458
18 484
19 41
19 47
19 49
19 62
19 144
19 187
19 206
19 212
19 240
19 297
19 298
19 459
20 64
20 116
20 123
20 180
20 253
20 327
21 56
22 57
22 78
22 101
22 105
22 147
22 157
22 160
22 174
22 229
22 231
22 317
22 376
22 393
22 429
22 463
22 472
23 25
23 248
23 338
24 182
26 84
26 115
26 117
26 166
26 217
26 337
26 465
27 93
27 136
27 170
27 184
27 237
27 256
27 279
27 318
27 379
27 394
27 466
28 56
28 456
29 80
30 37
30 71
30 120
30 121
30 282
31 36
31 59
31 119
31 158
31 190
31 269
31 302
31 329
31 411
31 428
31 491
32 129
33 449
34 87
34 106
34 297
35 140
35 147
37 98
37 206
37 242
37 249
37 359
37 481
38 59
38 186
38 208
38 259
38 301
38 476
39 66
39 151
39 189
39 263
39 382
39 440
40 67
40 73
40 130
40 139
40 181
40 223
40 227
40 320
41 92
41 125
41 285
41 307
41 363
41 431
41 481
42 144
42 176
42 183
42 332
42 434
42 469
42 493
45 54
45 91
45 120
45 171
45 173
45 215
45 264
45 275
45 354
45 413
45 438
45 474
45 495
46 63
46 75
50 290
50 387
51 94
51 495
52 145
53 88
53 117
53 123
53 169
53 217
53 245
53 304
53 328
54 55
54 67
54 218
54 322
54 400
54 418
55 68
56 114
56 122
56 159
56 201
56 232
56 281
56 324
56 331
56 429
56 460
57 156
58 89
58 122
58 126
58 220
58 249
58 400
58 414
60 148
60 163
60 191
60 197
60 402
60 435
61 82
61 137
61 224
61 276
61 298
61 308
61 330
62 84
62 241
62 275
62 289
62 357
62 397
62 406
62 461
62 471
62 489
63 233
63 379
63 409
63 437
64 498
65 98
66 381
66 403
67 192
67 292
67 299
67 310
67 378
67 468
69 350
71 75
71 110
71 136
71 179
71 193
71 204
71 215
71 219
71 253
71 346
71 455
74 93
74 94
74 107
74 303
74 307
74 396
74 431
75 76
75 187
76 141
76 170
78 296
78 313
78 336
78 355
78 430
80 118
80 153
80 155
80 277
80 369
80 392
80 437
81 180
82 105
83 138
83 382
83 484
83 499
84 151
84 166
84 203
84 248
84 416
84 439
84 442
86 103
86 149
86 218
87 462
89 173
89 236
89 326
89 340
89 468
91 286
91 375
93 245
93 335
94 207
94 396
95 234
96 111
96 202
96 445
97 300
97 376
98 126
98 156
98 290
98 359
98 401
98 405
98 490
99 329
99 441
100 250
101 380
101 408
101 425
102 104
102 146
102 191
102 265
102 343
102 344
102 361
102 373
103 349
104 119
104 186
104 198
104 310
104 320
104 351
104 390
104 423
105 326
105 388
105 427
105 475
106 368
108 135
108 150
108 211
108 221
108 244
108 305
110 254
110 368
110 486
111 113
111 165
112 168
112 238
112 283
116 118
118 204
118 222
118 467
120 127
120 137
120 353
120 408
120 463
121 133
121 419
121 477
123 179
123 199
123 312
123 391
125 311
125 440
126 287
130 306
132 485
137 190
137 405
137 436
138 313
139 145
139 271
139 462
140 175
140 228
140 324
140 343
140 409
141 383
141 406
141 444
141 485
145 205
145 389
145 393
145 477
146 433
148 386
149 424
150 185
155 172
155 220
155 268
155 269
155 364
155 383
155 455
155 488
156 185
156 296
156 323
157 342
159 183
159 226
159 380
159 434
164 246
164 456
167 247
167 303
167 321
167 478
168 226
172 228
173 401
173 415
174 337
179 196
179 254
179 338
179 339
179 391
179 397
180 214
181 426
182 451
184 243
188 499
191 230
191 272
192 251
194 280
194 294
194 366
194 422
195 257
197 473
199 444
202 350
202 407
202 449
202 470
203 244
203 479
204 490
205 333
206 209
214 250
214 398
215 292
215 311
215 352
215 370
216 349
217 356
220 341
221 443
223 264
223 336
223 415
224 332
224 417
225 317
226 372
226 417
228 266
229 308
229 312
229 472
231 450
232 260
232 340
239 285
240 327
240 467
243 438
246 300
248 418
252 257
255 325
258 277
259 274
259 315
259 331
259 399
259 448
262 497
263 461
264 351
264 357
264 371
265 420
267 347
279 425
279 446
280 424
281 289
281 362
283 363
284 371
286 314
286 318
286 432
295 330
296 346
296 447
298 386
298 422
299 398
299 473
299 478
301 356
313 367
318 360
328 385
328 460
337 448
343 366
345 435
346 402
346 428
351 439
355 370
359 457
373 381
374 498
380 421
381 465
388 404
393 453
407 483
414 423
415 492
416 464
418 436
422 496
424 452
429 488
435 483
448 482
