0 1
0 2
0 3
0 4
0 5
0 7
0 9
0 10
0 11
0 12
0 15
0 16
0 17
0 18
0 19
0 21
0 22
0 24
0 25
0 27
0 28
0 29
0 32
0 34
0 36
0 38
0 39
0 49
0 52
0 56
0 57
0 58
0 64
0 70
0 72
0 76
0 81
0 83
0 86
0 93
0 94
0 97
0 99
0 103
0 105
0 113
0 114
0 115
0 125
0 126
0 127
0 132
0 134
0 135
0 144
0 151
0 154
0 155
0 157
0 158
0 160
0 162
0 163
0 167
0 169
0 177
0 185
0 186
0 192
0 195
0 198
0 199
0 203
0 206
0 208
0 217
0 234
0 249
0 254
0 257
0 267
0 273
0 276
0 282
0 292
0 293
0 294
0 295
0 297
0 298
0 300
0 316
0 319
0 329
0 337
0 349
0 367
0 370
0 382
0 392
0 403
0 410
0 415
0 420
0 421
0 426
0 427
0 431
0 440
0 441
0 465
0 470
0 482
0 485
0 503
0 511
0 518
0 529
0 546
0 551
0 563
0 567
0 573
0 586
0 600
0 609
0 610
0 611
0 612
0 613
0 632
0 635
0 638
0 642
0 644
0 651
0 657
0 658
0 659
0 684
0 689
0 690
0 691
0 704
0 705
0 707
0 709
0 710
0 711
0 717
0 724
0 743
0 747
0 753
0 758
0 764
0 790
0 798
0 805
0 807
0 808
0 814
0 824
0 831
0 832
0 836
0 843
0 856
0 861
0 863
0 864
0 874
0 878
0 894
0 898
0 906
0 920
0 921
0 932
0 950
0 965
0 978
0 983
0 995
1 2
1 3
1 4
1 5
1 6
1 7
1 8
1 10
1 12
1 14
1 19
1 21
1 23
1 25
1 27
1 28
1 29
1 30
1 31
1 37
1 39
1 42
1 44
1 47
1 50
1 53
1 59
1 68
1 75
1 78
1 81
1 83
1 84
1 85
1 88
1 89
1 92
1 104
1 110
1 118
1 123
1 133
1 137
1 139
1 146
1 151
1 156
1 169
1 172
1 181
1 194
1 218
1 226
1 228
1 240
1 241
1 244
1 270
1 280
1 287
1 288
1 293
1 304
1 311
1 319
1 327
1 339
1 340
1 343
1 346
1 364
1 370
1 374
1 377
1 393
1 396
1 405
1 408
1 410
1 411
1 413
1 435
1 446
1 449
1 453
1 462
1 468
1 472
1 474
1 477
1 483
1 490
1 504
1 513
1 515
1 519
1 527
1 536
1 541
1 547
1 553
1 556
1 580
1 590
1 605
1 622
1 638
1 645
1 655
1 671
1 681
1 693
1 699
1 715
1 717
1 719
1 754
1 757
1 766
1 768
1 787
1 807
1 811
1 819
1 827
1 828
1 839
1 854
1 865
1 869
1 875
1 878
1 882
1 896
1 904
1 911
1 929
1 934
1 956
1 965
1 968
1 980
1 991
1 997
2 35
2 37
2 44
2 45
2 54
2 59
2 80
2 93
2 98
2 114
2 118
2 137
2 164
2 170
2 173
2 183
2 191
2 200
2 216
2 272
2 297
2 305
2 346
2 353
2 372
2 375
2 380
2 400
2 451
2 465
2 476
2 489
2 593
2 599
2 617
2 658
2 670
2 785
2 817
2 824
2 827
2 838
2 844
2 933
2 989
3 6
3 40
3 48
3 54
3 106
3 164
3 166
3 193
3 221
3 254
3 417
3 507
3 510
3 589
3 650
3 701
3 703
3 711
3 731
3 741
3 769
3 782
3 785
3 792
3 936
3 976
3 988
4 24
4 26
4 31
4 49
4 51
4 62
4 100
4 119
4 181
4 204
4 223
4 253
4 304
4 364
4 425
4 448
4 492
4 502
4 509
4 627
4 841
4 859
4 904
4 935
5 11
5 22
5 48
5 57
5 67
5 90
5 110
5 111
5 116
5 149
5 189
5 206
5 229
5 231
5 242
5 246
5 291
5 303
5 339
5 344
5 357
5 371
5 373
5 412
5 430
5 570
5 631
5 674
5 690
5 700
5 763
5 783
5 803
5 883
5 887
5 927
5 933
5 942
5 953
5 992
6 13
6 14
6 18
6 51
6 89
6 106
6 132
6 142
6 145
6 180
6 184
6 227
6 315
6 317
6 326
6 327
6 376
6 409
6 448
6 482
6 506
6 601
6 683
6 716
6 759
6 852
6 884
6 899
7 8
7 9
7 16
7 17
7 47
7 56
7 69
7 79
7 85
7 88
7 95
7 99
7 105
7 119
7 127
7 146
7 153
7 170
7 171
7 180
7 187
7 201
7 214
7 223
7 224
7 243
7 244
7 249
7 261
7 285
7 299
7 314
7 317
7 323
7 328
7 367
7 369
7 396
7 409
7 431
7 447
7 455
7 456
7 479
7 502
7 511
7 514
7 515
7 523
7 535
7 543
7 549
7 558
7 591
7 600
7 612
7 636
7 637
7 652
7 669
7 677
7 685
7 713
7 736
7 739
7 741
7 757
7 760
7 774
7 820
7 855
7 860
7 880
7 908
7 913
7 919
7 930
7 936
7 952
7 990
7 997
8 33
8 46
8 94
8 117
8 318
8 579
8 686
8 706
8 974
9 138
9 379
9 398
9 729
10 15
10 20
10 26
10 42
10 66
10 69
10 71
10 74
10 77
10 84
10 121
10 128
10 129
10 141
10 142
10 148
10 154
10 155
10 196
10 201
10 204
10 252
10 255
10 263
10 268
10 296
10 313
10 315
10 316
10 321
10 334
10 340
10 347
10 362
10 365
10 366
10 387
10 394
10 401
10 419
10 425
10 432
10 450
10 483
10 486
10 552
10 554
10 585
10 597
10 641
10 642
10 647
10 742
10 756
10 758
10 770
10 784
10 822
10 842
10 860
10 903
10 915
10 962
10 971
10 993
11 13
11 124
11 178
11 256
11 320
11 338
11 406
11 576
11 649
11 664
11 692
11 868
11 911
11 983
12 23
12 33
12 35
12 43
12 68
12 148
12 153
12 175
12 209
12 245
12 335
12 378
12 437
12 531
12 567
12 632
12 698
12 797
12 816
12 821
12 847
12 848
12 896
13 41
13 63
13 65
13 70
13 78
13 176
13 207
13 422
13 472
13 615
13 882
14 60
14 101
14 166
14 172
14 182
14 207
14 225
14 255
14 268
14 284
14 384
14 434
14 444
14 464
14 551
14 559
14 624
14 639
14 677
14 689
14 752
14 817
14 833
14 842
14 847
14 851
14 924
14 993
14 999
15 79
15 90
15 115
15 199
15 349
15 353
15 583
15 584
15 634
15 661
15 772
15 778
15 975
15 992
16 20
16 75
16 77
16 87
16 103
16 108
16 109
16 161
16 278
16 296
16 324
16 350
16 372
16 453
16 454
16 479
16 614
16 676
16 699
16 725
16 815
16 837
16 849
16 869
16 885
16 897
16 957
16 961
16 973
16 995
17 45
17 53
17 227
17 281
17 382
17 405
17 557
17 575
17 857
17 944
18 60
18 277
18 474
18 520
18 653
18 697
20 30
20 41
20 124
20 210
20 243
20 251
20 287
20 300
20 307
20 331
20 345
20 360
20 399
20 660
20 663
20 674
20 765
20 791
20 834
21 64
21 82
21 120
21 128
21 552
21 651
21 900
22 72
22 87
22 220
22 265
22 682
22 915
23 58
23 96
24 136
24 311
24 760
24 976
25 144
25 388
25 940
27 36
27 73
27 123
27 130
27 136
27 139
27 203
27 245
27 273
27 298
27 310
27 328
27 341
27 356
27 361
27 385
27 391
27 392
27 426
27 452
27 694
27 725
27 755
27 793
27 803
27 826
27 834
27 858
27 868
27 891
27 902
27 927
27 978
28 32
28 40
28 52
28 61
28 63
28 107
28 111
28 165
28 220
28 252
28 267
28 291
28 429
28 434
28 559
28 575
28 581
28 616
28 633
28 672
28 792
28 947
29 196
29 433
29 443
29 480
29 619
29 887
29 935
31 34
31 140
31 239
31 301
31 338
31 407
31 439
31 566
31 571
31 680
31 720
31 770
31 870
31 970
32 141
32 414
32 568
32 745
33 92
33 112
33 202
33 205
33 457
33 496
33 561
33 735
34 38
34 403
34 777
35 71
35 266
35 402
35 649
35 716
35 866
35 918
35 939
37 43
37 46
37 91
37 236
37 259
37 384
37 477
37 487
37 497
37 499
37 605
37 705
37 823
37 962
38 191
39 140
39 212
40 50
40 228
40 248
40 250
40 369
40 419
40 473
40 475
40 625
40 693
40 740
40 784
40 813
40 912
40 964
40 979
41 104
41 279
41 397
41 560
41 696
41 885
41 969
42 275
42 466
43 875
44 685
44 986
46 86
47 55
47 74
47 283
47 420
47 461
47 513
47 554
47 643
47 688
47 703
47 788
47 836
47 853
47 880
47 889
48 100
48 143
48 423
48 722
48 769
49 152
49 704
50 646
51 61
51 279
52 175
52 310
52 368
52 385
52 456
52 496
52 628
52 731
52 931
53 55
53 62
53 65
53 91
53 101
53 173
53 258
53 263
53 342
53 351
53 359
53 399
53 404
53 415
53 438
53 494
53 548
53 574
53 576
53 595
53 611
53 698
53 715
53 755
53 775
53 779
53 796
53 818
53 845
53 916
53 928
53 943
55 548
56 66
56 202
56 205
56 381
56 450
56 457
56 535
56 656
56 667
56 781
56 806
56 854
57 112
57 248
57 278
57 666
58 107
58 117
58 445
58 501
58 672
58 729
58 830
58 897
59 98
59 179
59 237
59 294
59 342
59 389
60 215
60 321
60 414
60 538
60 635
60 846
60 964
61 76
61 125
61 134
61 230
61 467
61 476
61 498
61 516
61 667
61 712
61 901
63 493
64 67
64 97
64 168
64 174
64 375
64 400
65 95
65 96
65 133
65 165
65 182
65 185
65 219
65 286
65 451
65 500
65 537
65 550
65 740
65 742
65 779
65 816
65 835
65 900
65 923
65 956
66 241
66 289
66 527
66 618
68 130
68 158
68 264
68 446
68 512
68 637
68 687
68 730
68 765
69 80
69 163
69 607
70 232
70 238
70 428
71 116
71 121
71 149
71 150
71 355
71 380
71 397
71 433
71 436
71 443
71 710
71 918
72 73
72 270
72 797
73 102
73 126
73 197
73 226
73 281
73 299
73 302
73 306
73 309
73 377
73 406
73 455
73 458
73 495
73 598
73 606
73 659
73 713
73 795
73 872
73 903
73 967
74 728
75 494
75 615
75 726
76 82
76 138
76 361
76 440
76 507
76 564
76 587
77 109
77 122
77 143
77 363
78 122
78 198
78 518
79 727
80 289
80 469
80 889
82 435
82 532
82 732
82 946
83 120
83 129
83 150
83 162
83 177
83 235
83 242
83 253
83 288
83 313
83 354
83 445
83 459
83 656
83 721
83 726
83 843
83 914
83 937
83 950
85 189
85 336
85 468
85 573
85 750
85 961
86 108
86 135
86 282
86 429
86 452
86 540
86 796
86 955
87 318
87 336
87 495
87 516
87 538
88 161
88 231
88 233
88 329
88 389
88 424
88 442
88 617
89 444
91 712
92 330
92 348
92 376
92 423
92 424
92 478
92 519
92 709
94 264
94 373
94 914
97 486
97 874
98 471
99 187
99 320
99 467
99 668
99 691
99 695
99 808
99 984
100 102
100 113
100 159
100 188
100 262
100 408
100 484
100 623
100 630
101 631
101 753
101 813
103 131
103 341
103 343
103 428
103 460
103 523
103 806
103 840
103 846
103 848
103 916
104 212
104 236
104 274
104 292
104 347
104 354
104 679
104 867
106 218
107 237
107 247
107 262
107 378
107 888
108 174
108 232
108 307
108 499
108 563
108 565
108 591
109 216
109 217
109 337
109 461
109 748
110 159
110 331
110 395
110 547
110 926
111 501
111 647
111 775
111 857
112 176
112 197
112 213
112 225
112 240
112 430
112 525
112 595
112 624
112 812
112 825
113 653
114 356
114 877
114 981
115 802
116 358
116 390
116 413
116 759
117 614
117 986
118 360
119 350
120 271
120 386
120 460
120 491
120 629
120 984
122 171
123 648
124 152
124 955
124 996
125 276
125 402
125 537
125 919
126 147
126 178
126 233
126 257
126 269
126 306
126 418
126 506
126 675
126 727
126 786
126 942
126 977
126 988
126 998
128 160
128 183
128 230
128 251
128 269
128 303
128 330
128 379
128 418
128 536
128 545
128 585
128 628
129 131
129 580
130 308
131 156
131 157
131 247
131 259
131 290
131 621
131 756
131 819
133 332
133 626
134 521
136 473
136 684
137 211
137 412
137 540
137 697
138 193
138 234
138 613
139 167
139 574
139 925
140 145
140 211
140 215
140 260
140 335
140 542
140 577
141 200
141 280
141 383
141 387
141 438
141 514
141 530
141 572
141 584
141 590
141 706
141 761
141 763
141 829
142 213
142 593
142 738
142 871
142 873
145 188
145 222
145 417
145 466
146 147
146 437
146 487
146 772
146 776
146 794
146 974
147 168
147 179
147 186
147 355
147 570
147 625
147 768
148 192
150 449
150 561
150 723
150 966
151 525
151 581
152 274
152 283
152 401
152 454
152 913
153 972
154 586
154 724
154 930
155 470
157 877
158 190
158 265
158 357
159 504
160 352
160 491
160 582
160 966
163 190
163 209
163 348
163 352
163 505
163 696
163 941
163 949
165 794
166 427
166 743
166 987
168 214
168 302
168 305
168 390
168 850
170 922
173 371
173 422
173 862
173 963
176 229
176 572
177 528
179 680
179 754
179 994
180 325
180 917
180 949
181 184
181 290
181 517
181 640
181 645
181 748
182 194
182 208
182 210
182 368
182 730
182 864
182 960
183 471
183 925
184 872
185 442
186 917
188 224
188 272
188 790
188 921
189 991
190 325
190 366
190 618
190 939
192 308
192 312
192 332
192 752
193 277
193 488
194 195
194 221
194 333
194 469
194 500
194 799
194 912
195 485
196 284
196 553
198 266
198 458
198 746
200 374
200 510
200 539
200 544
200 604
200 646
200 941
201 407
202 533
204 521
204 526
205 568
205 891
206 239
206 386
206 395
206 673
206 798
206 951
207 322
207 582
209 393
209 809
209 958
210 219
210 599
210 681
211 323
211 512
211 815
211 945
211 982
212 235
212 517
212 982
213 222
213 776
214 301
214 596
214 820
214 954
215 534
217 566
217 883
217 898
218 334
219 246
219 250
220 312
220 488
220 793
224 285
224 975
225 261
225 275
225 688
225 928
227 543
228 394
228 404
228 421
228 463
228 533
228 594
228 602
228 661
228 678
228 773
228 851
231 670
235 309
235 840
236 260
236 462
237 238
237 256
238 351
238 508
238 596
238 598
238 610
238 643
238 673
238 679
238 708
238 721
238 733
238 948
239 666
240 258
244 436
246 365
246 867
248 271
248 359
248 544
248 767
248 979
253 560
253 722
253 910
260 695
260 728
260 940
261 825
263 662
263 884
264 286
264 295
264 780
266 344
266 686
266 805
267 333
267 556
267 577
267 858
268 558
268 640
268 809
268 879
270 648
271 416
271 587
274 639
279 545
280 589
281 324
282 322
282 861
283 530
284 391
284 952
289 818
291 953
293 505
293 894
294 463
294 592
294 909
297 844
299 603
301 441
301 464
301 503
302 588
302 849
302 934
307 751
309 432
311 345
311 531
312 780
313 314
313 539
313 579
313 665
313 751
313 795
313 831
313 931
315 439
316 498
316 744
317 326
317 594
321 363
322 634
323 416
325 534
331 578
334 383
334 478
334 562
334 957
334 972
336 944
337 492
338 381
338 630
338 783
338 951
340 358
340 493
340 542
341 490
346 782
346 989
348 398
348 475
348 541
348 549
348 623
348 657
349 676
352 608
352 811
354 970
358 362
358 655
361 546
361 994
363 619
366 522
366 550
366 592
367 569
367 932
368 876
369 892
370 509
370 835
373 524
373 526
373 626
373 734
373 771
373 774
373 823
373 924
374 788
374 888
377 627
378 601
382 555
382 557
382 562
382 720
382 734
382 881
383 528
383 571
383 620
383 905
385 810
386 828
387 388
387 607
387 641
387 804
389 621
389 863
391 411
393 564
394 829
394 947
396 702
397 447
397 838
400 865
407 853
410 481
412 675
414 532
414 886
415 946
418 583
420 938
421 484
421 524
427 508
427 669
427 750
427 856
430 762
430 764
430 767
434 814
442 895
448 826
449 985
450 459
452 522
453 786
454 497
456 682
458 480
459 529
459 603
459 745
459 852
459 881
459 895
464 520
469 481
470 744
470 802
470 899
470 910
470 969
473 800
474 739
474 771
475 489
483 606
488 841
490 609
491 620
491 985
492 789
494 650
498 569
500 799
503 602
503 833
503 907
504 954
505 616
511 987
512 700
513 665
515 608
515 747
515 998
517 660
520 652
522 733
524 893
532 787
533 555
538 644
538 707
541 671
541 968
543 636
545 578
548 737
550 604
550 850
552 702
554 622
554 855
554 870
556 588
556 749
556 963
557 565
557 662
558 879
561 597
561 629
562 873
565 778
572 781
574 773
581 692
583 822
586 832
586 908
586 959
590 687
595 654
597 633
597 789
598 777
600 920
601 958
601 960
614 683
615 718
617 719
619 723
620 977
621 746
622 812
624 664
625 714
625 762
625 948
626 694
626 738
628 830
628 922
639 678
639 929
641 654
641 663
641 668
653 996
655 736
665 791
669 735
673 714
673 761
673 810
673 906
676 907
680 905
683 749
689 859
693 708
695 732
696 837
697 718
698 901
700 701
701 821
714 737
717 890
722 871
725 866
729 973
744 804
745 801
745 839
751 862
752 926
759 938
764 766
768 801
768 893
772 800
772 923
785 886
785 959
794 876
795 981
797 945
832 845
853 909
854 890
865 937
870 967
876 892
876 971
878 980
900 902
915 943
925 999
959 990
