0 1
0 2
0 3
0 4
0 6
0 7
0 9
0 10
0 11
0 12
0 13
0 17
0 18
0 21
0 22
0 24
0 26
0 29
0 30
0 31
0 33
0 36
0 37
0 40
0 41
0 42
0 44
0 47
0 50
0 53
0 55
0 56
0 60
0 66
0 67
0 70
0 72
0 74
0 75
0 77
0 79
0 81
0 84
0 87
0 92
0 99
0 104
0 105
0 113
0 117
0 119
0 129
0 135
0 143
0 149
0 154
0 156
0 160
0 168
0 170
0 172
0 177
0 186
0 190
0 193
0 194
0 195
0 200
0 201
0 204
0 209
0 221
0 227
0 239
0 240
0 241
0 251
0 252
0 259
0 260
0 263
0 269
0 276
0 277
0 281
0 283
0 290
0 292
0 294
0 298
0 299
0 302
0 308
0 316
0 327
0 336
0 337
0 338
0 339
0 341
0 342
0 345
0 353
0 359
0 363
0 371
0 372
0 375
0 378
0 381
0 386
0 387
0 389
0 391
0 392
0 403
0 404
0 410
0 422
0 426
0 427
0 429
0 430
0 442
0 445
0 452
0 453
0 457
0 458
0 480
0 494
0 520
0 526
0 531
0 534
0 543
0 547
0 562
0 565
0 566
0 568
0 569
0 571
0 596
0 624
0 625
0 633
0 634
0 642
0 644
0 656
0 659
0 672
0 686
0 693
0 694
0 696
0 708
0 713
0 724
0 736
0 737
0 740
0 750
0 757
0 761
0 762
0 774
0 777
0 779
0 800
0 804
0 809
0 810
0 824
0 829
0 834
0 844
0 851
0 857
0 859
0 881
0 892
0 896
0 897
0 903
0 904
0 905
0 906
0 912
0 914
0 919
0 920
0 924
0 926
0 933
0 938
0 940
0 952
0 957
0 959
0 962
0 967
0 971
0 973
0 976
0 979
0 1002
0 1007
0 1012
0 1028
0 1031
0 1039
0 1052
0 1061
0 1066
0 1068
0 1083
0 1099
0 1118
0 1123
0 1124
0 1127
0 1129
0 1139
0 1140
0 1142
0 1150
0 1153
0 1164
0 1174
0 1177
0 1205
0 1213
0 1217
0 1241
0 1248
0 1265
0 1270
0 1277
0 1315
0 1317
0 1321
0 1330
0 1341
0 1352
0 1354
0 1360
0 1363
0 1367
0 1370
0 1388
0 1393
0 1425
0 1445
0 1465
0 1474
0 1477
0 1478
0 1493
0 1503
0 1513
0 1518
0 1527
0 1533
0 1546
0 1563
0 1567
0 1576
0 1577
0 1601
0 1608
0 1620
0 1635
0 1646
0 1652
0 1675
0 1715
0 1716
0 1721
0 1724
0 1729
0 1741
0 1743
0 1748
0 1753
0 1771
0 1785
0 1800
0 1801
0 1845
0 1848
0 1885
0 1895
0 1897
0 1914
0 1922
0 1925
0 1932
0 1937
0 1953
0 1955
0 1960
0 1965
0 1980
0 1989
0 1993
0 2001
0 2019
0 2027
0 2046
0 2058
0 2070
0 2073
0 2081
0 2090
0 2100
0 2102
0 2103
0 2120
0 2132
0 2136
0 2159
0 2164
0 2167
0 2170
0 2172
0 2180
0 2186
0 2189
0 2190
0 2212
0 2216
0 2236
0 2244
0 2254
0 2255
0 2262
0 2265
0 2286
0 2292
0 2294
0 2300
0 2306
0 2312
0 2319
0 2320
0 2328
0 2338
0 2347
0 2354
0 2377
0 2388
0 2389
0 2392
0 2416
0 2445
0 2457
0 2460
0 2462
0 2473
0 2484
0 2514
0 2520
0 2538
0 2540
0 2547
0 2553
0 2561
0 2573
0 2583
0 2602
0 2616
0 2621
0 2625
0 2640
0 2641
0 2652
0 2654
0 2655
0 2676
0 2681
0 2684
0 2695
0 2696
0 2699
0 2708
0 2725
0 2737
0 2746
0 2757
0 2759
0 2780
0 2788
0 2789
0 2813
0 2814
0 2817
0 2834
0 2865
0 2870
0 2886
0 2919
0 2935
0 2946
0 2951
0 2952
0 2954
0 2959
0 2981
0 3035
0 3039
0 3045
0 3046
0 3053
0 3058
0 3100
0 3104
0 3122
0 3133
0 3156
0 3160
0 3165
0 3186
0 3214
0 3222
0 3229
0 3232
0 3245
0 3247
0 3254
0 3255
0 3274
0 3285
0 3289
0 3315
0 3318
0 3329
0 3352
0 3363
0 3367
0 3371
0 3375
0 3380
0 3382
0 3388
0 3389
0 3397
0 3401
0 3429
0 3440
0 3441
0 3468
0 3477
0 3478
0 3489
0 3498
0 3521
0 3607
0 3624
0 3653
0 3698
0 3699
0 3701
0 3702
0 3705
0 3710
0 3724
0 3726
0 3736
0 3738
0 3758
0 3770
0 3777
0 3791
0 3803
0 3815
0 3817
0 3830
0 3853
0 3854
0 3868
0 3871
0 3891
0 3911
0 3913
0 3914
0 3941
0 3947
0 3956
0 3962
1 2
1 3
1 4
1 5
1 7
1 9
1 16
1 23
1 24
1 25
1 41
1 44
1 53
1 65
1 78
1 103
1 107
1 110
1 126
1 131
1 151
1 154
1 164
1 214
1 223
1 227
1 229
1 231
1 254
1 257
1 262
1 275
1 289
1 309
1 338
1 349
1 367
1 369
1 376
1 414
1 420
1 423
1 449
1 470
1 478
1 492
1 518
1 520
1 523
1 528
1 551
1 555
1 610
1 633
1 657
1 675
1 684
1 745
1 754
1 769
1 788
1 826
1 838
1 886
1 892
1 929
1 934
1 943
1 963
1 1005
1 1010
1 1038
1 1040
1 1088
1 1097
1 1130
1 1132
1 1155
1 1156
1 1216
1 1217
1 1225
1 1242
1 1288
1 1421
1 1422
1 1425
1 1511
1 1528
1 1582
1 1609
1 1616
1 1648
1 1664
1 1692
1 1755
1 1782
1 1811
1 1842
1 1921
1 1959
1 1964
1 1967
1 2008
1 2015
1 2033
1 2036
1 2059
1 2161
1 2191
1 2315
1 2316
1 2324
1 2382
1 2428
1 2459
1 2490
1 2499
1 2510
1 2530
1 2554
1 2576
1 2629
1 2632
1 2641
1 2646
1 2679
1 2700
1 2756
1 2790
1 2802
1 2822
1 2832
1 2857
1 2872
1 3050
1 3108
1 3112
1 3130
1 3153
1 3180
1 3258
1 3279
1 3582
1 3651
1 3667
1 3668
1 3684
1 3692
1 3705
1 3721
1 3744
1 3871
2 6
2 8
2 10
2 15
2 27
2 33
2 34
2 45
2 75
2 89
2 90
2 99
2 109
2 110
2 111
2 118
2 122
2 136
2 148
2 150
2 182
2 191
2 197
2 205
2 221
2 225
2 237
2 256
2 266
2 272
2 279
2 317
2 322
2 328
2 389
2 403
2 408
2 432
2 435
2 449
2 463
2 467
2 475
2 481
2 483
2 493
2 501
2 505
2 548
2 549
2 567
2 590
2 619
2 620
2 622
2 662
2 686
2 697
2 701
2 747
2 820
2 827
2 843
2 845
2 873
2 875
2 882
2 887
2 895
2 902
2 908
2 909
2 913
2 918
2 975
2 997
2 1009
2 1025
2 1080
2 1096
2 1162
2 1172
2 1215
2 1228
2 1238
2 1241
2 1290
2 1304
2 1335
2 1390
2 1392
2 1486
2 1502
2 1510
2 1516
2 1530
2 1532
2 1558
2 1586
2 1590
2 1603
2 1619
2 1656
2 1677
2 1749
2 1844
2 1857
2 1858
2 1859
2 1868
2 1869
2 1918
2 1942
2 1947
2 1972
2 2006
2 2018
2 2074
2 2094
2 2108
2 2129
2 2155
2 2204
2 2249
2 2275
2 2294
2 2304
2 2329
2 2339
2 2349
2 2413
2 2421
2 2448
2 2501
2 2552
2 2559
2 2566
2 2569
2 2590
2 2598
2 2684
2 2692
2 2771
2 2800
2 2858
2 2880
2 2896
2 2923
2 3120
2 3130
2 3137
2 3138
2 3147
2 3259
2 3302
2 3362
2 3368
2 3384
2 3398
2 3399
2 3512
2 3546
2 3592
2 3659
2 3698
2 3715
2 3730
2 3753
2 3775
2 3804
2 3895
2 3903
2 3907
2 3915
2 3924
3 5
3 37
3 39
3 79
3 106
3 130
3 173
3 189
3 192
3 212
3 215
3 302
3 304
3 439
3 453
3 477
3 499
3 598
3 604
3 801
3 813
3 864
3 1331
3 1474
3 1546
3 1550
3 1738
3 1910
3 1991
3 2153
3 2305
3 2764
3 2907
3 2939
3 2979
3 3436
3 3456
3 3542
3 3723
3 3839
3 3917
3 3951
4 860
4 1112
4 3419
5 11
5 12
5 13
5 16
5 19
5 20
5 22
5 26
5 27
5 40
5 45
5 49
5 54
5 64
5 66
5 73
5 76
5 90
5 96
5 113
5 117
5 125
5 140
5 147
5 157
5 161
5 176
5 184
5 200
5 218
5 232
5 236
5 278
5 298
5 305
5 358
5 374
5 379
5 383
5 399
5 426
5 459
5 469
5 475
5 496
5 499
5 508
5 526
5 553
5 586
5 604
5 615
5 660
5 670
5 702
5 716
5 765
5 831
5 848
5 852
5 860
5 867
5 900
5 947
5 948
5 956
5 967
5 978
5 1006
5 1029
5 1058
5 1069
5 1078
5 1090
5 1105
5 1131
5 1149
5 1187
5 1287
5 1332
5 1357
5 1390
5 1392
5 1416
5 1442
5 1447
5 1454
5 1519
5 1562
5 1638
5 1677
5 1705
5 1710
5 1747
5 1776
5 1803
5 1823
5 1847
5 1849
5 1873
5 1874
5 1901
5 1940
5 1944
5 1997
5 2013
5 2015
5 2060
5 2072
5 2122
5 2141
5 2188
5 2218
5 2229
5 2240
5 2260
5 2281
5 2283
5 2326
5 2413
5 2458
5 2515
5 2533
5 2625
5 2653
5 2656
5 2812
5 2826
5 2836
5 2930
5 2956
5 2957
5 2963
5 2976
5 3057
5 3062
5 3065
5 3091
5 3131
5 3151
5 3155
5 3161
5 3179
5 3252
5 3256
5 3377
5 3437
5 3509
5 3567
5 3597
5 3618
5 3628
5 3649
5 3658
5 3672
5 3690
5 3740
5 3751
5 3768
5 3799
5 3827
5 3835
5 3836
5 3849
5 3851
5 3878
5 3890
5 3939
5 3952
6 8
6 14
6 15
6 17
6 20
6 25
6 31
6 38
6 43
6 50
6 55
6 58
6 61
6 62
6 80
6 93
6 115
6 133
6 136
6 142
6 144
6 147
6 181
6 199
6 204
6 206
6 217
6 222
6 257
6 261
6 293
6 301
6 325
6 333
6 350
6 416
6 419
6 428
6 443
6 492
6 507
6 535
6 580
6 587
6 640
6 718
6 744
6 763
6 771
6 799
6 818
6 846
6 874
6 890
6 936
6 955
6 989
6 1024
6 1145
6 1220
6 1244
6 1248
6 1254
6 1340
6 1353
6 1403
6 1406
6 1469
6 1514
6 1522
6 1536
6 1574
6 1613
6 1673
6 1718
6 1765
6 1772
6 1860
6 1866
6 1872
6 1886
6 1977
6 2014
6 2038
6 2075
6 2090
6 2140
6 2165
6 2187
6 2274
6 2489
6 2517
6 2558
6 2608
6 2609
6 2749
6 2768
6 2784
6 2839
6 2846
6 2893
6 2950
6 2960
6 2994
6 3024
6 3054
6 3127
6 3246
6 3264
6 3307
6 3492
6 3493
6 3525
6 3605
6 3629
6 3744
6 3748
6 3805
6 3867
6 3916
6 3998
7 14
7 39
7 46
7 85
7 95
7 109
7 124
7 131
7 187
7 211
7 401
7 502
7 746
7 773
7 776
7 855
7 1032
7 1114
7 1437
7 1510
7 1572
7 1575
7 1674
7 1721
7 2092
7 2296
7 2495
7 2546
7 2880
7 2931
7 2985
7 3390
7 3528
7 3583
7 3604
7 3957
8 228
8 309
8 328
8 344
8 539
8 1253
8 1415
8 1862
8 2105
8 2182
8 2248
8 2293
8 3155
8 3291
9 18
9 28
9 30
9 36
9 43
9 71
9 86
9 92
9 96
9 138
9 163
9 186
9 187
9 201
9 207
9 223
9 250
9 269
9 286
9 293
9 319
9 362
9 378
9 411
9 423
9 457
9 487
9 517
9 532
9 536
9 549
9 578
9 625
9 636
9 667
9 677
9 678
9 709
9 717
9 760
9 803
9 819
9 828
9 842
9 875
9 888
9 1037
9 1052
9 1082
9 1274
9 1333
9 1345
9 1368
9 1391
9 1404
9 1459
9 1485
9 1515
9 1607
9 1657
9 1672
9 1717
9 1779
9 1815
9 1846
9 1953
9 1955
9 1995
9 2068
9 2085
9 2164
9 2267
9 2343
9 2420
9 2422
9 2432
9 2471
9 2482
9 2503
9 2573
9 2587
9 2643
9 2659
9 2685
9 2686
9 2733
9 2879
9 2931
9 2989
9 3106
9 3136
9 3190
9 3227
9 3285
9 3317
9 3438
9 3450
9 3475
9 3489
9 3529
9 3537
9 3613
9 3736
9 3739
9 3983
9 3987
10 19
10 23
10 60
10 63
10 70
10 97
10 108
10 122
10 133
10 152
10 194
10 220
10 234
10 235
10 238
10 273
10 340
10 372
10 392
10 397
10 437
10 519
10 531
10 559
10 584
10 599
10 632
10 743
10 774
10 814
10 838
10 847
10 884
10 970
10 1047
10 1109
10 1138
10 1226
10 1236
10 1245
10 1258
10 1346
10 1361
10 1387
10 1399
10 1404
10 1432
10 1541
10 1558
10 1566
10 1618
10 1737
10 1744
10 1796
10 1797
10 1828
10 1839
10 1909
10 1927
10 1938
10 1977
10 1981
10 2154
10 2160
10 2193
10 2201
10 2230
10 2298
10 2402
10 2510
10 2574
10 2649
10 2736
10 2744
10 2776
10 2787
10 2796
10 2817
10 2875
10 2947
10 3013
10 3117
10 3218
10 3293
10 3381
10 3385
10 3391
10 3398
10 3400
10 3482
10 3496
10 3559
10 3561
10 3615
10 3663
10 3669
10 3859
10 3970
11 21
11 29
11 49
11 94
11 145
11 212
11 268
11 278
11 289
11 292
11 352
11 357
11 441
11 500
11 546
11 592
11 646
11 739
11 783
11 784
11 904
11 935
11 1036
11 1115
11 1125
11 1258
11 1275
11 1331
11 1506
11 1508
11 1653
11 1958
11 1975
11 2097
11 2404
11 2468
11 2538
11 2672
11 2710
11 2776
11 2936
11 3109
11 3248
11 3253
11 3310
11 3344
11 3351
11 3383
11 3446
11 3578
11 3600
11 3671
12 28
12 32
12 57
12 58
12 68
12 78
12 115
12 116
12 119
12 129
12 213
12 240
12 248
12 260
12 262
12 264
12 282
12 291
12 331
12 361
12 394
12 400
12 448
12 525
12 611
12 673
12 737
12 784
12 829
12 915
12 927
12 935
12 950
12 973
12 996
12 1008
12 1019
12 1035
12 1056
12 1157
12 1161
12 1269
12 1503
12 1688
12 1704
12 1789
12 1814
12 1909
12 1985
12 2026
12 2056
12 2135
12 2303
12 2338
12 2420
12 2490
12 2536
12 2585
12 2634
12 2701
12 2733
12 2747
12 2748
12 2758
12 2785
12 2807
12 2833
12 2955
12 3003
12 3033
12 3342
12 3431
12 3602
12 3617
12 3748
12 3921
12 3928
13 56
13 57
13 120
13 180
13 195
13 231
13 303
13 431
13 572
13 582
13 591
13 601
13 751
13 772
13 820
13 842
13 869
13 922
13 993
13 1050
13 1076
13 1084
13 1221
13 1350
13 1357
13 1411
13 1412
13 1451
13 1486
13 1539
13 1637
13 1657
13 1702
13 1720
13 1817
13 2021
13 2046
13 2051
13 2095
13 2158
13 2175
13 2212
13 2280
13 2308
13 2359
13 2396
13 2407
13 2512
13 2523
13 2551
13 2613
13 2847
13 2877
13 2893
13 2928
13 2932
13 2962
13 2978
13 3035
13 3145
13 3435
13 3449
13 3580
13 3585
13 3599
13 3650
13 3804
13 3899
13 3969
14 46
14 47
14 54
14 84
14 100
14 118
14 152
14 169
14 247
14 256
14 284
14 295
14 373
14 399
14 405
14 435
14 528
14 540
14 580
14 671
14 699
14 770
14 780
14 783
14 812
14 912
14 946
14 961
14 1042
14 1094
14 1104
14 1127
14 1132
14 1154
14 1308
14 1373
14 1557
14 1617
14 1917
14 2025
14 2152
14 2222
14 2280
14 2393
14 2536
14 2541
14 2685
14 3065
14 3119
14 3123
14 3173
14 3189
14 3278
14 3313
14 3314
14 3387
14 3420
14 3581
14 3635
14 3653
14 3669
14 3688
14 3746
14 3849
15 42
15 211
15 238
15 315
15 344
15 413
15 513
15 529
15 722
15 797
15 832
15 836
15 1189
15 1243
15 1359
15 1475
15 1500
15 1857
15 2162
15 2426
15 2661
15 3351
15 3721
15 3933
16 436
16 1117
16 2390
16 2874
17 34
17 48
17 52
17 61
17 141
17 157
17 219
17 225
17 264
17 362
17 365
17 465
17 485
17 507
17 521
17 595
17 609
17 626
17 669
17 705
17 731
17 825
17 914
17 965
17 1094
17 1227
17 1312
17 1332
17 1386
17 1431
17 1509
17 1626
17 1653
17 1807
17 1861
17 1899
17 2029
17 2053
17 2284
17 2333
17 2508
17 2542
17 2589
17 2755
17 2863
17 3182
17 3306
17 3393
17 3449
17 3458
17 3590
17 3594
17 3675
17 3773
17 3806
18 32
18 437
18 638
18 884
18 1347
18 1364
18 1430
18 1843
18 2141
18 2860
18 3292
18 3386
18 3887
19 127
19 284
19 417
19 497
19 600
19 764
19 898
19 1424
19 1745
19 2221
19 2362
19 2835
19 2998
19 3631
19 3844
20 35
20 71
20 368
20 455
20 529
20 555
20 666
20 738
20 744
20 1289
20 1335
20 1422
20 1467
20 1569
20 1627
20 1731
20 1744
20 1946
20 3097
20 3166
20 3362
20 3918
20 3981
21 35
21 88
21 89
21 330
21 478
21 483
21 655
21 841
21 1167
21 1303
21 1440
21 1545
21 1881
21 2133
21 2167
21 2263
21 2518
21 2519
21 2605
21 2974
21 3053
21 3090
21 3294
22 144
22 786
22 917
22 1049
22 1305
22 1825
22 1880
22 1964
22 2147
22 2353
22 2491
22 2603
22 3298
22 3791
22 3883
22 3979
23 107
23 804
23 1022
23 1175
23 2077
23 2558
24 51
24 69
24 94
24 95
24 137
24 142
24 178
24 182
24 189
24 193
24 245
24 258
24 322
24 356
24 382
24 407
24 425
24 552
24 556
24 624
24 719
24 785
24 858
24 865
24 969
24 1219
24 1343
24 1373
24 1465
24 1554
24 1873
24 2011
24 2018
24 2109
24 2116
24 2253
24 2361
24 2369
24 2412
24 2417
24 2509
24 2560
24 2569
24 2636
24 2761
24 2963
24 3162
24 3177
24 3260
24 3302
24 3465
24 3601
24 3662
24 3906
24 3958
25 59
25 139
25 146
25 270
25 294
25 331
25 360
25 364
25 550
25 571
25 631
25 735
25 862
25 925
25 1694
25 1837
25 1850
25 1887
25 2244
25 2729
25 2783
25 2797
25 2860
25 3020
25 3299
25 3511
25 3880
26 82
26 85
26 176
26 438
26 509
26 607
26 639
26 674
26 711
26 715
26 1082
26 1109
26 1133
26 1147
26 1485
26 1505
26 1583
26 1723
26 1840
26 1903
26 1986
26 2039
26 2122
26 2214
26 2652
26 2741
26 2949
26 3200
26 3223
26 3422
26 3450
26 3479
26 3609
26 3725
26 3750
27 48
27 74
27 101
27 132
27 164
27 249
27 307
27 333
27 347
27 450
27 545
27 567
27 581
27 586
27 811
27 830
27 887
27 891
27 1102
27 1198
27 1205
27 1257
27 1326
27 1434
27 1457
27 1742
27 1827
27 1888
27 1915
27 2345
27 2535
27 2627
27 2758
27 2786
27 2937
27 2990
27 3174
27 3203
27 3304
27 3331
27 3672
27 3864
28 127
28 128
28 428
28 945
28 1560
28 2999
29 62
29 104
29 123
29 149
29 169
29 174
29 183
29 252
29 484
29 647
29 656
29 1047
29 1212
29 1231
29 1297
29 1643
29 1665
29 1685
29 1844
29 2101
29 2144
29 2201
29 2202
29 2381
29 2549
29 2766
29 2845
29 3519
29 3580
29 3677
29 3743
29 3810
29 3951
30 166
30 202
30 285
30 290
30 316
30 329
30 384
30 414
30 421
30 823
30 911
30 1131
30 1159
30 1281
30 1309
30 1592
30 1831
30 1854
30 2093
30 2196
30 2241
30 2266
30 2442
30 2623
30 2712
30 3021
30 3080
30 3275
30 3681
30 3857
30 3989
31 38
31 67
31 76
31 98
31 108
31 124
31 153
31 167
31 171
31 181
31 188
31 190
31 202
31 233
31 265
31 299
31 311
31 326
31 365
31 380
31 417
31 494
31 514
31 570
31 584
31 591
31 595
31 605
31 630
31 651
31 659
31 676
31 747
31 750
31 758
31 832
31 858
31 866
31 882
31 932
31 954
31 1017
31 1019
31 1054
31 1126
31 1191
31 1198
31 1273
31 1286
31 1324
31 1396
31 1406
31 1443
31 1453
31 1454
31 1458
31 1460
31 1535
31 1537
31 1540
31 1587
31 1639
31 1684
31 1690
31 1767
31 1784
31 1812
31 1864
31 1899
31 1932
31 1941
31 1987
31 1997
31 2011
31 2024
31 2138
31 2179
31 2189
31 2311
31 2386
31 2436
31 2467
31 2502
31 2516
31 2527
31 2530
31 2576
31 2619
31 2682
31 2925
31 2948
31 2958
31 2986
31 3073
31 3081
31 3195
31 3276
31 3324
31 3333
31 3363
31 3370
31 3395
31 3443
31 3484
31 3532
31 3632
31 3652
31 3716
31 3765
31 3766
31 3884
31 3943
31 3953
32 348
32 1214
32 3888
33 408
33 452
33 1079
33 1204
33 1397
33 2581
33 3574
33 3742
34 52
34 83
34 314
34 377
34 421
34 512
34 521
34 562
34 588
34 772
34 859
34 916
34 1083
34 1197
34 1267
34 1344
34 1383
34 1468
34 1506
34 1568
34 1635
34 1701
34 1788
34 1875
34 2035
34 2065
34 2566
34 2614
34 2626
34 2633
34 2668
34 2724
34 2996
34 3161
34 3375
34 3731
34 3825
34 3892
34 3945
35 72
35 139
35 160
35 226
35 253
35 300
35 313
35 323
35 352
35 406
35 609
35 626
35 665
35 692
35 719
35 752
35 763
35 789
35 1039
35 1055
35 1062
35 1768
35 1831
35 1923
35 2025
35 2081
35 2223
35 2431
35 2455
35 2501
35 2582
35 2657
35 2744
35 3074
35 3216
35 3278
35 3296
35 3337
35 3416
35 3433
35 3480
35 3629
35 3980
35 3994
36 69
36 126
36 158
36 306
36 313
36 317
36 381
36 419
36 430
36 446
36 725
36 755
36 1075
36 1183
36 1284
36 1523
36 1555
36 1714
36 1764
36 1787
36 1793
36 1841
36 2004
36 2127
36 2168
36 2282
36 2419
36 2463
36 2610
36 2923
36 2993
36 3335
36 3354
36 3674
36 3822
36 3925
37 175
37 310
37 379
37 830
37 861
37 1190
37 1341
37 1380
37 1614
37 1900
37 2022
37 2276
37 2505
37 2845
37 2869
37 3156
37 3557
37 3730
37 3793
37 3910
38 198
38 456
38 537
38 883
38 937
38 1128
38 1327
38 1500
38 1544
38 1780
38 2000
38 2220
38 2232
38 2638
38 2871
38 2899
38 3451
38 3455
38 3497
38 3576
38 3782
39 93
39 590
39 614
39 1363
39 1504
39 1561
39 1624
39 1644
39 1835
39 2049
39 2103
39 2385
39 2562
39 2842
39 3016
39 3297
39 3542
39 3823
40 102
40 111
40 114
40 116
40 132
40 146
40 167
40 173
40 179
40 184
40 209
40 222
40 232
40 259
40 297
40 398
40 409
40 410
40 444
40 517
40 522
40 573
40 691
40 746
40 881
40 883
40 1048
40 1188
40 1200
40 1295
40 1419
40 1440
40 1450
40 1455
40 1512
40 1587
40 1599
40 1624
40 1695
40 1713
40 1735
40 1758
40 1805
40 1807
40 1879
40 1962
40 1970
40 2143
40 2174
40 2175
40 2203
40 2250
40 2365
40 2367
40 2433
40 2505
40 2604
40 2677
40 2730
40 3148
40 3169
40 3267
40 3300
40 3479
40 3485
40 3488
40 3619
40 3686
40 3688
40 3729
40 3811
40 3886
42 956
42 2673
43 68
43 97
43 159
43 161
43 241
43 288
43 356
43 440
43 451
43 515
43 516
43 606
43 782
43 905
43 1107
43 1147
43 1375
43 1433
43 1642
43 1654
43 1757
43 1895
43 2032
43 2128
43 2173
43 2185
43 2194
43 2200
43 2475
43 2600
43 2768
43 2987
43 3239
43 3286
43 3445
43 3682
43 3719
43 3924
43 3940
45 174
45 364
45 488
45 489
45 556
45 594
45 741
45 805
45 880
45 894
45 1187
45 1189
45 1249
45 1539
45 1547
45 1611
45 1927
45 2020
45 2062
45 2619
45 2663
45 2678
45 3165
45 3627
45 3780
46 51
46 63
46 105
46 183
46 462
46 513
46 524
46 682
46 975
46 986
46 1017
46 1111
46 1255
46 1316
46 1317
46 1323
46 1349
46 1471
46 1535
46 1549
46 1589
46 1687
46 1749
46 1790
46 1876
46 1905
46 1918
46 2001
46 2131
46 2145
46 2605
46 2772
46 3084
46 3117
46 3132
46 3135
46 3287
46 3543
46 3606
46 3727
46 3926
47 775
47 1414
47 2231
47 3274
47 3923
48 121
48 246
48 369
48 664
48 2304
48 3505
49 890
50 83
50 573
50 617
50 663
50 1088
50 1271
50 2654
50 3373
51 2784
51 3948
51 3996
52 81
52 82
52 128
52 275
52 335
52 466
52 566
52 589
52 732
52 753
52 758
52 786
52 805
52 940
52 962
52 1166
52 1299
52 1552
52 1778
52 1891
52 2096
52 2149
52 2297
52 2441
52 2479
52 2615
52 2631
52 2667
52 2856
52 2882
52 2897
52 3019
52 3089
52 3384
52 3419
52 3530
52 3652
52 3660
52 3723
53 91
53 216
53 1027
53 1066
53 2563
54 100
54 191
54 217
54 1057
54 1272
54 1365
54 1706
54 1954
54 1966
54 2570
54 3636
54 3842
54 3904
55 59
55 101
55 162
55 272
55 287
55 296
55 358
55 544
55 652
55 689
55 707
55 748
55 779
55 907
55 950
55 984
55 1056
55 1148
55 1151
55 1180
55 1209
55 1537
55 1559
55 1610
55 1834
55 2017
55 2132
55 2355
55 2444
55 2528
55 2565
55 2887
55 2903
55 3023
55 3076
55 3296
55 3326
55 3462
55 3514
55 3579
55 3822
55 3869
55 3950
55 3956
56 159
56 600
56 780
56 2485
57 64
57 123
57 155
57 246
57 251
57 448
57 583
57 707
57 793
57 816
57 878
57 984
57 1142
57 1218
57 1649
57 1709
57 1717
57 1901
57 1935
57 1960
57 1974
57 2077
57 2607
57 2900
57 3058
57 3461
57 3465
57 3544
57 3885
58 91
58 135
58 165
58 237
58 402
58 468
58 530
58 592
58 618
58 651
58 756
58 876
58 1037
58 1049
58 1108
58 1476
58 1499
58 1731
58 1802
58 1817
58 1896
58 2035
58 2557
58 2765
58 2918
58 3013
58 3082
58 3103
58 3126
58 3499
58 3769
58 3776
58 3904
58 3977
59 210
59 255
59 318
59 337
59 446
59 694
59 706
59 1226
59 1235
59 1276
59 1387
59 1418
59 1429
59 1829
59 1973
59 1989
59 2038
59 2074
59 2186
59 2225
59 2318
59 2599
59 2670
59 2753
59 2802
59 2957
59 3152
59 3692
59 3735
59 3848
60 87
60 179
60 396
60 456
60 608
60 1193
60 1773
61 560
61 671
61 918
61 1473
61 1789
61 2877
62 276
62 762
62 1314
62 1593
62 1791
62 1995
62 2067
62 2112
62 2792
62 3455
62 3737
62 3759
63 98
63 112
63 134
63 185
63 339
63 361
63 424
63 436
63 472
63 484
63 647
63 723
63 992
63 1160
63 1179
63 1240
63 1650
63 2125
63 2339
63 2398
63 2873
63 2926
63 3269
63 3276
63 3307
63 3364
63 3370
63 3533
64 65
64 130
64 178
64 320
64 357
64 524
64 541
64 739
64 983
64 1081
64 1515
64 2178
64 2291
64 2425
64 2888
64 2922
64 3064
64 3189
64 3328
64 3514
64 3538
64 3539
64 3802
65 551
66 80
66 163
66 165
66 199
66 230
66 307
66 376
66 455
66 740
66 749
66 756
66 850
66 1207
66 1214
66 1234
66 1375
66 1670
66 1799
66 1911
66 1937
66 2051
66 2181
66 2464
66 2703
66 3149
67 474
67 644
67 723
67 1356
67 1662
67 1780
67 1951
67 2850
67 3115
67 3645
67 3820
69 171
69 274
69 371
69 685
69 721
69 760
69 994
69 995
69 1196
69 1439
69 1560
69 1732
69 1805
69 1809
69 1891
69 1923
69 1993
69 2378
69 2454
69 2737
69 3024
69 3100
69 3215
69 3742
70 73
70 185
70 215
70 525
70 657
70 720
70 738
70 765
70 831
70 1051
70 1590
70 1617
70 1645
70 2113
70 2238
70 2288
70 3336
70 3369
70 3614
70 3697
70 3908
71 496
71 939
71 1994
71 2878
71 3178
72 88
72 158
72 348
72 366
72 434
72 645
72 751
72 777
72 929
72 977
72 979
72 1181
72 1233
72 1291
72 1381
72 1830
72 2041
73 1872
73 2635
74 134
74 939
74 1071
74 1313
75 77
75 354
75 461
75 501
75 679
75 802
75 1628
75 1706
75 1812
75 1976
75 2662
75 2681
75 2715
75 2759
75 2902
75 3719
76 148
76 563
76 662
76 862
76 916
76 951
76 1168
76 3113
76 3695
77 137
77 267
77 312
77 324
77 460
77 660
77 818
77 886
77 996
77 1000
77 1055
77 1195
77 1301
77 1385
77 1520
77 1596
77 1630
77 1951
77 2170
77 2226
77 2368
77 2463
77 2464
77 2743
77 2921
77 3382
77 3545
77 3675
77 3712
77 3876
78 809
78 1040
78 2278
78 2864
78 3139
79 138
79 155
79 203
79 214
79 218
79 236
79 300
79 382
79 409
79 510
79 542
79 621
79 704
79 726
79 847
79 1027
79 1116
79 1119
79 1192
79 1222
79 1289
79 1305
79 1382
79 1691
79 1776
79 1859
79 1863
79 1928
79 2283
79 2680
79 2815
79 2917
79 2948
79 3040
79 3086
80 86
80 106
80 112
80 242
80 557
80 725
80 927
80 965
80 1156
80 1840
80 2438
80 3286
80 3325
80 3344
80 3468
80 3656
81 789
81 824
81 1523
81 1933
81 2118
81 2848
81 2940
81 3162
81 3350
81 3403
81 3460
82 168
82 175
82 207
82 239
82 254
82 742
82 1013
82 1216
82 1502
82 1886
82 2299
82 3418
82 3826
83 288
83 306
83 1633
83 2031
83 2229
83 2564
83 2852
83 3955
83 3994
84 343
84 735
84 2763
84 3201
84 3553
84 3717
86 561
86 617
86 1202
86 1479
86 2078
86 3240
86 3831
87 255
87 355
87 552
87 1043
87 1282
87 1623
87 1740
87 1976
87 2007
87 2262
87 2531
87 2981
87 3029
87 3855
87 3902
88 308
88 406
88 949
88 1798
88 1879
88 1926
88 2333
88 2493
88 2956
88 3649
88 3657
89 653
89 819
89 1110
89 1322
89 1385
89 1402
89 1452
89 2265
90 270
90 482
90 1028
90 1569
90 2064
90 2091
90 2762
90 3108
90 3150
90 3221
90 3456
90 3674
90 3726
90 3949
91 166
91 412
91 415
91 479
91 559
91 577
91 641
91 1715
91 1920
91 2019
91 2224
91 2346
91 2705
91 2742
91 2814
91 2995
91 3075
91 3503
91 3826
92 145
92 346
92 867
92 986
92 1564
92 2150
92 2390
92 2588
92 2942
92 3938
93 285
93 1231
93 1415
93 2348
93 2540
93 2824
93 3421
94 103
94 162
94 581
94 1018
94 1086
94 1494
94 2323
94 2366
94 2732
94 3248
94 3288
95 730
95 1346
95 1608
95 2911
95 3129
96 140
96 177
96 471
96 1865
96 2240
97 709
97 1190
97 2135
97 2346
97 2545
97 3490
98 102
98 224
98 332
98 458
98 504
98 699
98 855
98 1660
98 1882
98 1919
98 1967
98 2696
98 2778
98 2780
98 3119
99 931
99 1555
101 114
101 253
101 327
101 332
101 335
101 341
101 523
101 557
101 588
101 615
101 628
101 693
101 999
101 1023
101 1239
101 1250
101 1254
101 1307
101 1414
101 1462
101 1496
101 1551
101 1692
101 1784
101 2050
101 2053
101 2207
101 2256
101 2272
101 2310
101 2488
101 2676
101 2809
101 2892
101 3170
101 3567
101 3786
102 1260
102 1312
102 2104
102 2205
102 2805
102 2918
102 3622
103 373
103 650
103 922
103 991
103 1074
103 1122
103 1554
103 1583
103 1837
103 1914
103 2012
103 2063
103 2586
103 2830
103 3010
103 3114
103 3575
103 3662
103 3716
103 3946
104 170
104 486
104 721
104 856
104 1067
104 1079
104 1325
104 1908
104 2527
104 2749
104 3031
104 3299
104 3589
105 216
105 286
105 360
105 405
105 467
105 522
105 585
105 611
105 743
105 803
105 893
105 997
105 1282
105 1821
105 1889
105 2351
105 2445
105 2665
105 2683
105 2819
105 2901
105 3003
105 3517
105 3531
105 3700
106 503
106 1785
106 3131
106 3982
107 120
107 141
107 438
107 485
107 582
107 947
107 1224
107 1371
107 1498
107 1687
107 2193
107 2335
107 2708
107 2751
107 2773
107 3188
107 3250
107 3452
107 3522
107 3852
108 228
108 274
108 1905
108 2261
110 121
110 172
110 224
110 234
110 250
110 329
110 395
110 519
110 534
110 577
110 1211
110 1340
110 1353
110 1816
110 1893
110 1963
110 2297
110 2914
110 3383
110 3409
110 3712
110 3758
110 3810
112 1618
112 1756
112 2701
112 2885
112 2997
112 3041
112 3559
112 3708
113 323
113 377
113 482
113 806
113 2196
113 2247
113 2270
113 2399
113 3401
113 3571
113 3835
114 396
114 489
114 498
114 1530
114 2440
114 2460
114 2599
114 2854
114 3253
114 3657
115 243
115 714
115 1171
116 324
116 1004
116 1053
116 2030
116 3219
117 125
117 220
117 226
117 244
117 280
117 359
117 852
117 1062
117 1362
117 1543
117 1610
117 2047
117 2752
117 2826
117 3537
117 3728
118 351
119 680
119 2456
120 143
120 205
120 314
120 558
120 564
120 724
120 1551
120 1698
120 2012
120 2532
120 2917
120 3014
120 3361
120 3816
121 375
121 447
121 1186
121 1470
121 1694
121 1738
121 2717
121 3779
122 1804
123 384
123 1358
123 2179
123 2670
124 266
124 268
124 291
124 297
124 536
124 642
124 650
124 700
124 712
124 839
124 1006
124 1244
124 1321
124 1757
124 1832
124 2096
124 2257
124 2945
124 3056
125 150
125 533
125 564
125 598
125 753
125 822
125 857
125 872
125 917
125 1093
125 1286
125 1302
125 1320
125 1329
125 1424
125 1450
125 1548
125 1703
125 1783
125 1803
125 1884
125 2151
125 2515
125 2597
125 2753
125 2787
125 2890
125 3008
125 3676
125 3979
125 3980
126 267
126 649
126 681
126 1777
126 2031
126 2079
126 2253
126 2718
126 2843
126 2885
127 349
127 1522
127 1727
127 2691
127 2825
128 981
129 340
129 385
129 404
129 460
129 512
129 542
129 610
129 638
129 646
129 655
129 793
129 794
129 960
129 998
129 1209
129 1210
129 1268
129 1697
129 1751
129 1913
129 1938
129 1956
129 1966
129 2059
129 2088
129 2217
129 2411
129 2522
129 2590
129 3052
129 3116
129 3152
129 3230
129 3334
129 3582
129 3645
129 3754
129 3829
129 3862
129 3966
130 219
130 472
130 790
130 893
130 1407
130 1451
130 1809
130 2577
130 2739
130 2767
130 3402
130 3573
131 822
131 3205
131 3250
132 153
132 180
132 518
132 612
132 663
132 941
132 1182
132 1594
132 2115
132 2232
132 2342
132 2663
132 2894
132 2968
132 3244
132 3534
132 3772
132 3897
134 188
134 271
134 411
134 579
134 748
134 755
134 992
134 1326
134 1384
134 1996
134 2117
134 2139
134 2215
134 2289
134 2301
134 2357
134 2381
134 2466
134 2553
134 2659
134 3920
135 497
136 196
136 351
136 1336
136 1634
136 1961
136 2419
136 2764
136 2991
136 3039
136 3346
136 3626
136 3691
137 355
137 898
137 1246
137 2088
138 282
138 710
138 1259
138 1315
138 1579
138 2115
138 3099
138 3679
139 459
139 795
139 1806
139 1863
139 2217
139 2409
139 3500
139 3794
141 1819
141 2290
142 151
142 203
142 3220
143 208
143 230
143 1103
143 1272
143 1524
143 1625
143 2494
143 2709
145 265
145 1423
145 1497
145 2481
145 2866
145 3142
146 280
146 576
146 856
146 1045
146 1195
146 1696
146 1833
146 2375
146 2408
146 2581
146 3874
147 461
148 876
148 974
148 1054
148 1070
148 1669
148 1949
148 2000
148 2114
148 2367
148 2422
148 2425
148 2452
148 2818
148 3786
148 3887
149 787
149 1962
149 2271
149 3266
149 3339
150 315
150 691
150 1849
150 2200
150 3860
151 156
151 248
151 450
151 468
151 491
151 545
151 621
151 1469
151 1698
151 1888
151 2161
151 2220
151 2234
151 2269
151 2366
151 2617
151 3059
151 3169
151 3326
151 3406
151 3457
151 3469
151 3570
151 3609
151 3771
151 3938
151 3969
152 1311
152 3469
152 3793
153 350
153 515
153 1104
153 1755
154 229
154 380
154 463
154 506
154 614
154 736
154 978
154 1990
154 2570
154 2890
154 3070
154 3327
154 3575
155 476
155 877
155 1031
155 1413
155 1662
155 1839
155 2226
155 2716
155 2815
155 2841
155 3508
155 3741
155 3781
156 636
156 930
156 1362
156 1444
156 1707
156 1760
156 2258
156 2472
156 3329
159 792
159 879
159 944
159 1795
159 1950
159 2405
159 2482
160 347
160 1122
160 2811
160 3347
160 3993
161 233
161 442
161 465
161 537
161 666
161 945
161 1085
161 1203
161 1638
161 1700
161 1775
161 1853
163 197
163 393
163 2307
163 2325
163 3814
163 3868
164 795
164 837
164 1580
164 2233
164 2293
164 2496
164 2567
167 576
167 982
169 407
169 1596
170 249
170 305
170 761
170 808
170 823
170 941
170 1191
170 1368
170 1443
170 1700
170 2085
170 2331
170 2400
170 2470
170 2904
170 2907
170 2910
170 3092
170 3207
170 3642
170 3664
170 3839
170 3899
170 3922
171 310
171 398
171 766
171 989
171 1151
171 1283
171 1339
171 2083
171 2185
171 2309
171 3300
171 3477
171 3581
171 3861
171 3981
172 245
172 486
172 538
172 828
172 909
172 995
172 1423
172 1429
172 1722
172 2027
172 2601
172 3081
172 3630
173 754
173 872
173 2766
174 1681
174 3646
175 639
175 1098
175 1464
175 1612
175 3059
175 3271
176 198
176 283
176 367
176 412
176 413
176 471
176 608
176 664
176 668
176 687
176 902
176 1345
176 1732
176 1934
176 2119
176 2300
176 2355
176 2591
176 2702
176 3080
176 3225
176 3287
176 3420
176 3555
176 3706
176 3813
177 393
177 1186
177 1232
177 1379
177 3185
177 3570
177 3783
177 3818
177 3845
178 196
178 336
178 366
178 741
178 865
178 2013
178 2782
178 2786
178 3204
178 3245
179 247
179 554
180 273
180 652
180 688
180 791
180 1016
180 1218
180 1517
180 1658
180 1734
180 1823
182 491
182 654
182 1125
182 1376
182 2028
182 3816
186 1148
186 3846
187 287
187 445
187 1111
187 1295
187 1639
187 1752
187 1948
187 2821
187 3134
188 192
188 1313
189 208
189 321
189 342
189 343
189 416
189 613
189 628
189 697
189 782
189 854
189 921
189 1116
189 1117
189 1615
189 2526
189 2544
189 2559
189 2732
189 3073
189 3227
189 3249
189 3311
189 3584
189 3611
189 3738
190 1268
190 2003
190 2444
190 3808
191 1106
191 1337
191 1585
191 2252
192 206
193 897
193 1531
193 1563
193 1622
193 1900
193 2209
193 2728
193 3443
193 3497
193 3552
193 3586
193 3634
193 3641
193 3684
193 3762
193 3809
194 213
194 1296
194 1501
194 1768
194 1810
194 2891
194 3224
194 3655
194 3691
195 1213
195 3173
195 3572
196 235
196 312
196 599
196 813
196 1134
196 2198
196 3181
196 3377
196 3565
196 3640
196 3704
197 2901
197 3309
198 402
198 1159
198 1267
198 1358
198 1452
198 1604
198 1616
198 2206
198 2264
198 2912
198 3055
198 3992
199 2124
200 439
200 596
200 637
200 983
200 1376
200 3681
201 2631
202 243
202 244
202 687
202 1495
202 2726
203 295
203 495
203 844
203 928
203 966
203 1087
203 3453
204 277
204 2268
204 3032
204 3068
204 3894
205 281
207 210
207 263
207 394
207 605
207 864
207 1311
207 1747
207 1971
207 2176
207 2225
207 2374
207 2437
207 2773
207 2818
207 3418
207 3685
207 3930
208 543
208 915
208 1092
208 1307
208 1436
208 2004
208 2637
208 2662
208 2747
208 2978
208 3510
210 334
210 1081
210 1276
210 2439
210 2851
210 3034
210 3099
210 3646
210 3713
211 1398
211 1949
211 2142
211 2518
211 3016
212 977
212 1366
213 242
213 301
213 597
213 1298
213 3457
213 3682
214 2548
214 2958
214 3470
215 2925
216 1266
216 2900
216 3798
217 304
217 353
217 462
217 869
217 1645
217 1681
217 2914
217 3404
218 579
218 781
218 1472
218 2967
218 3148
218 3241
219 261
219 503
219 673
219 879
219 1225
219 2169
219 3133
220 318
220 464
220 770
220 925
220 972
220 1016
220 1158
220 1270
220 1409
221 346
221 480
221 849
221 969
221 1096
221 1158
221 1711
221 2291
221 2497
221 2977
222 383
222 854
222 1048
222 1498
222 1668
222 2331
222 3466
222 3650
222 3703
222 3760
222 3870
223 374
223 473
223 1021
223 1740
223 1866
223 2436
223 2746
224 3999
225 1746
227 570
227 575
227 1573
227 1991
227 2614
227 2688
229 303
229 325
229 510
229 1567
229 1621
229 1822
229 1984
229 2080
229 2149
229 2199
229 2807
229 2938
229 3476
229 3525
229 3651
229 3722
230 539
230 1890
230 1956
230 2182
230 3432
231 2672
232 1141
232 1544
233 1090
236 1607
236 1674
237 368
237 806
237 972
237 1069
237 1629
237 1890
237 1928
237 2788
237 3072
238 594
238 3482
239 2101
240 1178
241 541
241 766
241 840
241 1263
241 1508
241 1864
241 3090
241 3144
241 3545
241 3722
242 764
242 1605
242 1915
242 2350
243 258
243 508
243 538
243 547
243 2270
243 2324
243 2592
243 3720
243 3901
244 326
244 919
244 1389
244 3124
244 3434
245 1950
246 1038
246 1431
246 1589
246 1752
246 1892
246 2071
246 2151
246 2586
246 2938
247 1266
247 2130
248 345
248 354
248 957
248 1227
248 2772
248 2881
248 3560
249 866
249 931
249 2593
249 2781
249 3042
249 3920
250 279
250 395
250 488
250 682
250 1328
250 1611
250 1699
250 2218
250 2790
250 2795
250 3004
250 3157
250 3172
250 3290
250 3805
250 3954
251 433
251 532
251 810
251 899
251 943
251 1035
251 1114
251 1210
251 1223
251 1294
251 1389
251 1547
251 1760
251 1911
251 2145
251 2321
251 2596
251 2620
251 2658
251 2698
251 2711
251 2873
251 2933
251 2970
251 3076
251 3368
251 3579
251 3618
251 3842
252 589
252 653
252 2645
253 3176
254 3228
255 386
255 511
255 631
255 1497
255 1990
255 2433
256 3167
256 3237
257 370
259 321
259 1609
259 3213
259 3534
259 3539
259 3704
260 271
260 370
260 683
260 759
260 773
260 998
260 1011
260 1245
260 1380
260 1719
260 2095
260 2195
260 2289
260 2400
260 2810
261 728
262 1003
262 1800
262 2756
262 2792
262 3427
264 440
264 768
264 1568
264 2869
264 3644
264 3875
265 441
265 2562
266 2798
266 3565
266 3798
267 514
267 850
267 1130
267 1318
267 1490
267 2386
267 2667
267 2810
267 3435
268 674
268 677
268 1507
268 1570
268 1712
268 1904
268 2221
268 2246
268 2340
268 2391
268 2435
268 2453
268 2472
268 2618
268 2852
268 3168
268 3487
268 3554
268 3620
269 444
269 726
269 727
269 1071
269 1113
269 1517
269 1916
269 2468
269 2525
270 319
270 2632
270 3051
270 3481
270 3548
273 330
273 431
273 689
273 1041
273 2905
273 3530
273 3639
274 476
274 645
274 2272
274 3685
276 311
276 425
276 606
276 802
276 1194
276 1234
276 1815
276 1856
276 3191
277 502
277 574
277 1339
277 2829
277 2876
277 2906
277 3462
277 3654
278 3588
281 422
281 487
281 572
281 627
281 1022
281 1229
281 1556
281 2259
281 2358
281 2372
281 2398
281 2478
281 3036
281 3308
281 3315
281 3332
281 3815
281 3880
281 3906
282 527
282 530
282 675
282 729
282 837
282 942
282 1013
282 1247
282 1936
282 2403
282 2462
282 2775
282 2837
282 2955
282 3218
282 3931
283 387
283 443
283 533
283 873
283 937
283 1571
283 1572
283 1680
283 1712
283 3209
283 3405
284 1875
286 320
286 390
286 401
286 635
286 742
286 936
286 963
286 1014
286 1060
286 1247
286 1261
286 1273
286 1456
286 1481
286 1529
286 1538
286 1595
286 1695
286 1771
286 1846
286 1992
286 2237
286 2341
286 2937
286 3203
286 3399
286 3460
286 3464
286 3604
286 3799
286 3966
287 554
287 718
287 1077
288 788
288 885
288 2516
289 970
289 1818
290 434
290 1113
290 1669
290 2109
290 2314
290 2361
292 296
292 385
292 1377
292 1821
292 2499
292 2502
292 2825
292 3641
293 2427
294 2335
295 490
295 1138
295 2267
297 1334
297 1445
298 1106
298 3255
298 3348
299 544
299 616
299 757
299 1193
299 2239
299 2595
299 2653
299 2698
299 2751
299 3486
300 390
300 391
300 593
300 1564
300 2551
300 3417
301 602
301 821
301 1946
301 2057
301 2430
301 2609
303 574
303 1093
303 1661
305 3753
305 3959
306 800
306 974
306 1265
306 1287
306 1456
308 1795
310 2319
310 3172
311 473
311 1427
311 1598
311 1739
314 1599
314 1924
314 2290
315 568
315 768
315 815
315 1400
315 1542
315 1822
315 1867
315 2660
315 3325
316 527
316 946
316 1278
316 1519
316 2831
317 670
317 1482
317 2778
318 1588
318 3476
320 388
320 464
320 690
320 913
320 987
320 1015
320 1018
320 1086
320 1275
320 1495
320 1619
320 1644
320 1675
320 1894
320 2010
320 2197
320 2383
320 2575
320 3153
320 3206
320 3301
320 3359
321 454
321 797
321 1256
321 1274
321 1680
321 1896
321 2177
321 2762
321 3015
321 3028
323 1201
323 2483
323 3594
323 3616
324 3991
325 821
325 1766
325 2039
325 2357
325 3110
325 3494
326 612
326 1334
327 363
327 427
327 729
327 863
327 1418
327 1453
327 1684
327 1811
327 1926
327 2154
327 2177
327 2250
327 2423
327 2442
327 2567
327 2651
327 3107
327 3238
327 3261
327 3316
327 3426
327 3441
327 3498
328 565
328 901
328 1105
328 1605
328 2055
328 2384
328 3202
328 3478
328 3958
329 1084
329 2365
329 2960
329 3412
330 498
330 603
330 1678
330 1799
330 2524
330 2611
330 2612
330 2941
330 3096
330 3213
331 1468
331 3201
332 334
332 479
332 481
332 535
332 2308
332 2896
332 3038
332 3708
332 3751
332 3879
333 1597
333 1601
333 1999
333 2947
334 451
334 683
334 692
334 928
334 1092
334 1310
334 2816
334 3208
334 3711
335 429
335 637
335 1593
335 2165
335 3075
335 3503
335 3828
335 3921
337 603
337 705
337 1133
337 1201
337 1534
337 2449
337 2729
337 2855
337 3834
338 420
338 1578
339 1243
340 2024
341 563
341 1000
341 1166
341 1188
341 1301
341 2626
341 2755
341 2943
341 3507
343 447
343 658
343 703
343 1631
343 2098
343 2645
343 3226
343 3576
344 1696
344 1819
344 2107
344 3862
344 3909
345 778
345 1420
346 1309
346 1545
346 2712
347 1685
347 1763
347 3288
348 3178
349 817
349 3442
349 3883
350 1965
351 500
351 618
351 698
351 903
351 955
351 1030
351 1459
351 2036
351 2876
351 2882
351 3356
351 3635
351 3678
352 980
352 3312
353 397
353 601
353 629
353 1044
353 1542
353 2252
353 2313
354 1426
354 1667
354 1978
354 2996
354 3199
354 3762
355 550
356 1003
356 1565
356 3046
357 1782
357 2358
358 964
358 1291
358 1576
358 3212
358 3222
359 1221
359 3063
359 3959
360 934
360 1065
361 688
361 896
361 1208
361 2604
361 3701
361 3882
361 3995
362 1135
362 3210
364 1319
364 1527
364 1767
364 2139
364 2693
365 415
365 1348
365 1455
365 2178
365 3453
365 3872
366 418
366 771
366 980
366 1203
366 2079
366 2246
366 2352
366 3111
366 3272
366 3273
366 3369
366 3471
367 569
367 982
367 1632
367 1902
367 1931
367 2531
367 3044
367 3668
368 495
368 1343
368 2856
368 3181
368 3491
369 640
369 1144
370 1641
370 3305
373 433
373 470
373 587
373 648
373 717
373 861
373 1097
373 1211
373 1253
373 1578
373 1827
373 3331
373 3336
373 3733
373 3961
376 1121
376 2831
376 2888
376 2920
376 3864
377 432
377 1354
377 2054
377 2113
377 2391
377 2630
377 2870
377 3158
378 3643
379 999
379 3553
381 466
381 505
381 593
381 2944
381 3749
383 388
383 811
384 622
384 643
384 835
384 1382
384 3105
384 3388
384 3819
385 493
385 868
385 1764
385 2118
385 2705
385 2820
385 3000
385 3769
386 839
386 894
387 985
388 1233
388 3355
388 3610
389 620
389 1435
389 1663
389 1716
389 2416
389 2429
389 3200
389 3566
390 669
391 400
391 1034
391 1087
391 1228
391 1242
391 1466
391 1559
391 1650
391 1736
391 2363
391 3143
391 3147
391 3190
391 3874
392 490
392 1710
392 3194
393 1612
393 1986
393 2158
393 2596
393 3961
394 3115
394 3333
395 469
395 2495
396 2675
397 888
398 1433
399 418
399 560
399 1252
399 2889
399 3631
401 2695
403 1316
403 2322
403 2424
403 2779
404 516
404 1078
404 1146
406 976
406 1029
406 1170
406 1364
406 1411
406 1448
406 1659
406 1770
406 2017
406 2192
406 2867
406 3878
407 1152
407 1488
407 1798
408 1365
408 1441
408 2198
408 2547
409 816
409 2050
409 2715
410 634
410 1004
410 1139
410 1279
410 1320
410 1479
410 2089
410 2450
410 3367
410 3548
411 1750
411 1761
411 1853
411 2040
411 2061
412 958
413 424
413 477
413 558
413 676
413 808
413 825
413 1026
413 1290
413 1304
413 1386
413 1482
413 1708
413 1791
413 2131
413 2269
413 2520
413 2585
413 2610
413 2808
413 2824
413 2883
413 2927
413 3056
413 3088
413 3268
413 3861
413 3923
413 3942
414 1261
414 1553
414 2214
414 2411
414 2899
415 1264
415 2026
415 2799
415 2886
415 2897
417 454
418 826
418 833
418 3077
419 733
419 1249
419 3847
419 3945
420 619
420 1813
420 2086
420 2591
421 871
421 932
421 1005
421 1541
421 1603
421 1682
421 2878
422 511
422 702
422 1439
422 1907
422 2506
423 734
423 787
423 1699
423 1769
423 2360
423 2655
423 2827
423 2837
423 3028
423 3454
423 3735
424 3141
425 509
425 648
425 1154
425 1196
425 1285
425 1713
425 2740
425 2791
425 2994
425 3832
425 3854
425 3989
426 3066
426 3246
427 1279
429 796
429 1727
431 546
431 1255
431 2376
431 2394
431 2984
432 661
432 1034
432 3978
435 1036
435 1613
435 2264
435 3549
435 3660
436 1876
440 623
440 704
440 749
440 841
440 910
440 1070
440 1100
440 1137
440 1183
440 1394
440 1579
440 1592
440 2100
440 2112
440 2323
440 2579
440 2736
440 2954
440 2961
440 3232
440 3763
441 900
441 1008
441 1682
441 1726
441 2658
441 3320
441 3504
442 474
443 885
444 1024
444 1032
444 1076
444 1462
444 2343
444 3000
444 3205
444 3680
444 3800
445 504
445 627
445 889
445 1722
445 2069
445 2071
445 2571
446 561
446 654
446 988
446 1121
446 1528
446 1906
446 3464
447 1169
447 1398
447 2735
448 1975
448 2506
448 3424
449 3123
451 665
451 3294
452 991
452 1073
452 1659
453 836
454 778
454 1480
454 2326
454 2633
454 2801
454 2995
454 3504
454 3551
454 3634
455 1672
455 1954
456 1865
457 1492
457 2665
458 668
458 701
458 1250
458 1683
458 3424
459 794
459 817
459 870
459 1089
459 1207
459 1338
459 1344
459 1531
459 1632
459 2434
459 2469
459 2639
459 2881
459 2975
459 3083
459 3337
459 3471
459 3856
460 908
460 1169
460 1280
460 2163
460 3341
460 3574
461 1524
461 1526
461 2166
461 2384
461 2636
461 2909
461 3466
461 3642
461 3866
462 698
462 722
463 540
463 623
463 1689
463 3142
464 2254
465 3345
466 506
466 878
466 1134
466 2334
466 2791
466 3867
466 3976
467 632
467 681
467 812
467 815
467 1015
467 1135
467 1263
467 1447
467 1774
467 2334
467 2487
467 2820
467 3092
467 3310
467 3439
467 3494
468 630
468 1407
468 2380
469 2144
469 2511
469 2813
469 3048
469 3234
469 3338
469 3659
470 1095
470 1399
470 1647
470 1820
470 2930
470 3177
470 3279
471 1671
471 2345
471 3136
471 3357
471 3754
471 3865
473 791
473 889
473 1168
473 1351
473 1648
473 2909
474 1449
474 2478
474 2844
474 2933
476 1222
476 2052
476 2450
476 3790
477 2045
477 2379
479 1772
479 2429
480 1972
483 3317
483 3321
485 2713
486 1046
486 1636
486 2044
486 2302
487 3199
489 548
489 616
492 3784
495 1647
496 952
496 1351
496 1441
496 1509
496 1582
496 2258
496 2427
496 2921
496 3304
496 3423
496 3661
497 711
497 814
497 990
497 1446
497 2195
497 2521
497 2618
497 2678
497 2875
498 585
499 690
499 1208
499 1395
499 1598
499 1769
499 1898
499 2301
499 2434
499 2707
499 3298
499 3395
499 3486
500 641
500 801
500 1922
500 2327
500 2803
500 3060
500 3101
500 3202
501 968
502 3353
503 767
504 734
504 1050
504 1224
504 2228
504 3233
504 3258
504 3687
504 3776
506 1342
507 3040
508 1490
508 3587
509 2721
510 1476
510 2568
510 2584
510 2781
510 2868
510 3097
510 3221
511 1679
511 3072
512 907
512 1405
512 1435
512 2344
512 2476
512 3020
512 3513
515 1642
515 1850
515 1870
515 1983
515 2987
515 3765
516 2887
516 3135
517 553
517 1668
517 2069
518 1240
520 597
520 649
520 715
520 833
520 2997
520 3536
520 3813
521 1496
521 2006
521 3876
522 835
522 1420
522 1633
522 1745
522 2055
522 3335
522 3442
523 643
523 895
523 1045
523 1162
523 1463
523 1580
523 2222
523 2574
523 2706
523 2719
523 3088
523 3297
523 3311
523 3757
524 1436
524 1499
525 2730
525 3902
526 1143
526 2453
526 2473
529 3055
529 3228
532 575
532 703
532 730
532 942
532 1058
532 1103
532 1324
532 1355
532 2162
532 2832
532 3125
532 3522
532 3746
533 731
533 733
533 960
533 1163
533 1232
533 2919
534 667
534 891
534 1194
534 1256
534 1401
534 2474
534 2970
534 2973
534 3394
534 3558
534 3767
534 3917
535 672
535 1145
538 1904
539 1206
539 1374
539 2347
539 2692
539 3014
540 1491
540 2016
540 2020
540 2504
541 1944
544 1060
545 695
545 1350
545 1512
545 2251
545 2449
545 2575
545 2621
545 3909
546 578
546 1383
547 1477
548 1561
548 2924
549 635
549 658
549 1296
549 1360
549 1631
549 1656
549 2543
549 2940
549 3506
550 1943
551 870
551 1318
551 1488
551 1870
551 3934
552 1693
554 1982
554 2156
554 3281
555 613
555 732
556 959
556 1137
556 1381
556 1393
556 1665
556 1686
556 2465
556 2884
556 3427
556 3585
556 3702
556 3905
557 583
557 1666
557 2984
557 3639
558 1328
559 1421
559 2169
559 2205
559 2924
560 1077
560 1538
560 2273
560 3082
560 3714
561 1775
561 2152
561 2376
561 3848
562 1178
562 1434
563 1064
563 1969
565 993
566 987
566 1487
566 2008
566 3402
566 3925
569 1828
569 1930
569 3230
570 1751
570 2206
572 1342
572 3562
573 920
573 1526
573 1622
573 2385
573 3301
573 3502
573 3693
574 607
574 679
574 798
574 1065
574 1325
574 1930
574 2003
574 2282
574 3197
574 3445
579 781
579 990
579 1594
579 2285
579 2627
579 2941
580 629
580 834
580 3251
582 706
582 3809
583 720
584 3884
587 874
587 1001
587 1043
587 1140
587 1697
587 2208
587 3198
587 3392
589 759
589 1277
589 1708
589 1881
589 2155
589 2387
589 2446
589 2539
589 2804
589 2928
589 3002
589 3637
589 3647
589 3908
590 602
590 1215
590 1758
590 1974
590 2707
591 708
591 1370
591 2114
591 2457
591 2603
591 3374
591 3610
591 3946
592 785
592 796
592 938
592 1472
592 1483
592 2673
592 2804
592 3474
592 3573
592 3734
592 3817
592 3844
593 953
593 1327
593 1556
593 2451
593 2512
593 3037
593 3163
594 1759
594 3067
594 3564
594 3820
595 661
595 853
595 1220
595 1251
595 1666
595 2550
595 3572
595 3627
595 3935
596 1766
598 1623
598 3752
599 767
602 3017
603 863
603 933
603 1144
603 1525
603 1709
603 3666
604 2404
605 2838
605 3696
606 911
606 921
606 2656
606 2874
607 1489
607 2861
607 3220
607 3251
607 3724
608 1869
610 2843
611 1851
611 2107
611 2454
611 2563
611 3955
612 2310
613 1099
613 1941
613 2387
615 716
615 1408
615 1467
615 1481
615 1916
615 3236
615 3654
615 3948
617 1487
617 3390
617 3833
620 1098
620 1792
620 2242
620 2806
620 3179
621 1059
622 880
622 1185
622 2447
622 2834
625 1075
625 1501
625 1690
625 1958
625 3170
625 3714
627 2579
627 3444
627 3707
627 3944
629 1667
632 2833
632 3338
633 1136
633 2474
633 3458
633 3893
634 1786
634 2689
634 3238
634 3533
635 1152
635 1788
635 2868
635 3122
636 3589
637 1571
637 1640
637 1877
637 3140
638 713
638 954
638 1565
638 2268
638 2555
640 1175
640 2364
640 3192
641 1686
641 2734
641 3544
642 790
642 807
642 848
642 1206
642 1369
642 1384
642 1401
642 1661
642 1813
642 2137
642 2971
642 3143
642 3146
642 3709
642 3833
643 849
643 2277
644 1237
646 949
646 1371
646 1711
646 2975
648 680
648 1046
648 1177
648 2879
648 3932
649 1283
649 1892
650 1262
650 3004
650 3900
651 775
651 1292
651 2507
651 3038
652 1251
652 2556
652 2727
652 2988
652 3171
652 3942
653 1574
653 1575
653 1634
653 2492
654 901
654 1085
654 1176
654 2458
654 3280
655 727
655 2479
655 2710
655 3666
656 1973
657 752
657 799
657 1655
657 2493
658 1868
660 988
660 1419
660 1671
660 1878
660 1897
660 1996
660 2537
660 3225
660 3745
661 3042
661 3766
661 3929
661 3943
662 776
662 2830
663 695
665 1378
666 1074
666 1136
666 1396
666 1725
666 2070
666 2086
666 2102
666 2278
666 2317
666 2440
666 2669
666 2785
666 3102
666 3277
666 3408
666 3673
667 714
667 1492
667 2360
667 3187
668 678
668 1229
668 1280
668 1281
669 684
669 685
669 696
669 712
669 1102
669 1852
669 1952
669 2052
669 3084
669 3282
670 1549
671 798
671 1053
672 2571
672 3043
673 2380
673 2853
676 877
676 1095
676 1359
676 1470
676 1585
676 2029
676 2034
676 2041
676 2513
676 2648
677 1427
677 1438
677 1754
678 1621
678 2865
678 3184
679 1165
679 1259
679 3064
679 3330
680 1064
681 1172
682 1400
682 1945
682 2849
683 2525
685 1199
685 1278
685 1604
685 2628
685 3837
685 3934
686 2034
686 3519
689 2588
690 2134
690 2503
690 3043
691 1041
691 1329
691 1902
691 1961
691 2451
691 2950
691 2990
691 3356
691 3968
692 745
692 1219
692 2992
692 3009
692 3118
692 3243
693 845
693 2757
693 3643
693 3850
694 700
694 851
694 3127
694 3140
694 3596
695 924
695 1971
695 2774
698 953
698 3907
700 1238
700 3492
701 710
701 728
701 923
701 1285
701 1410
701 1417
701 1833
701 1882
701 2432
701 2677
701 2982
701 3144
701 3293
703 2597
703 2774
703 2796
703 3834
705 871
705 1907
706 1877
706 2183
706 2243
709 1120
709 1374
712 2072
712 2916
713 1417
715 846
715 1051
715 1516
715 2247
717 827
717 1007
717 1080
717 1112
717 2985
718 2561
719 1705
720 2939
720 3324
721 1030
721 1322
726 1167
728 930
728 1333
728 2976
728 3535
728 3633
729 1101
729 3555
729 3879
731 1119
731 1314
731 3526
731 3855
733 1620
733 2330
733 3091
734 923
736 1011
736 1271
736 1841
736 2190
736 3060
736 3611
739 769
739 1689
739 2443
742 1068
742 1182
743 3226
744 1796
744 2351
745 1735
745 3113
746 868
746 1302
747 1432
747 1606
748 951
748 958
748 1409
748 1446
748 3491
748 3863
750 3145
755 1184
755 2062
755 2078
755 2119
755 3404
755 3508
755 3527
758 1691
758 1933
758 2137
758 2537
759 906
759 2593
760 1161
761 1014
761 1173
761 2159
761 3598
761 3792
762 1110
762 2087
763 1514
764 792
764 1149
764 1180
764 2230
764 2341
764 2485
764 2740
764 2848
764 3421
764 3523
764 3788
764 3807
766 853
767 961
767 1123
767 3926
769 1033
769 2260
770 3050
770 3098
770 3547
771 2082
771 2239
771 3275
772 807
772 843
772 1200
772 1521
772 1801
772 1848
772 2223
772 2466
772 2541
772 3858
773 1855
773 2146
773 2204
773 3138
773 3670
774 910
774 1061
774 2840
775 1871
776 1366
778 2295
779 2106
779 3175
779 3434
781 3006
781 3034
781 3475
782 3105
786 1067
787 899
787 2916
789 1748
789 1931
789 2394
789 3262
789 3446
789 3505
790 1033
790 1059
790 1236
790 2099
790 2116
790 3045
790 3689
791 1475
791 1478
791 1511
791 2174
791 2298
791 2650
793 1284
794 1640
795 1952
797 2415
798 1293
800 2021
800 2362
800 3093
801 1369
801 1649
801 2374
801 3473
803 1963
803 2577
803 2828
803 3845
806 1584
806 2763
806 3483
806 3616
808 2675
808 2779
808 3602
809 1257
809 1483
809 1591
809 1855
809 2476
809 2903
809 3992
811 1615
813 966
813 2864
813 3658
816 2092
816 3261
816 3687
817 840
820 1352
820 1825
820 2912
820 2915
820 3764
821 3481
823 1165
823 1246
823 1627
823 2284
823 2819
824 1378
824 3507
825 1438
825 2142
825 2337
825 2467
826 3703
828 2037
831 1026
831 1894
831 2157
833 1124
834 1025
834 1804
834 1826
834 1982
834 2397
834 2402
834 2528
834 3129
834 3270
836 1089
836 1444
837 1072
837 1192
837 2066
837 3141
839 2048
841 2281
841 2311
841 3006
842 3761
844 1297
844 2009
846 3532
847 1753
847 1814
847 2382
847 2529
852 1513
853 1001
853 2965
854 2401
854 3349
854 3603
855 3103
857 1146
857 1298
857 2099
857 2279
857 2664
857 3229
857 3571
857 3794
857 3968
859 1728
859 2043
859 3683
861 968
861 1170
861 2647
861 2657
861 3249
862 1057
862 1120
862 1308
862 1379
862 1412
862 1628
862 1636
862 2248
862 2532
862 2552
862 2686
862 2847
862 3160
862 3428
862 3853
862 3967
862 3986
863 2371
864 3380
865 1919
865 2315
865 3612
865 3999
866 1770
866 1871
866 2720
866 2835
866 3110
866 3231
866 3244
866 3256
866 3601
866 3671
868 964
868 1010
868 1323
868 1463
868 1835
868 1893
868 1985
868 2383
868 2844
868 2942
868 3599
869 1413
869 2606
869 3630
871 1153
871 1230
871 1356
871 1984
871 2363
871 2480
871 2542
871 2680
871 3001
871 3095
871 3159
875 1394
875 2481
876 1126
876 1372
876 3339
878 2572
879 2911
881 2237
886 1606
886 1701
886 2461
886 2853
886 3361
886 3518
886 3621
887 1143
889 971
889 981
889 994
889 1020
889 1300
889 2203
889 2688
891 1197
893 3240
894 926
895 2065
897 2106
898 3792
901 1397
902 1878
902 2285
902 2622
902 3111
904 1484
905 3158
905 3731
906 1235
906 1300
906 2238
907 2321
907 2594
914 1160
914 3191
914 3495
915 1115
920 1176
920 2263
921 1903
921 3212
923 2042
924 1792
924 2439
924 2898
928 2842
928 2932
929 1002
929 1237
929 1403
929 1588
929 1660
929 1969
929 2111
929 2395
929 2699
929 2765
929 2934
929 3889
930 2368
932 1525
932 1707
932 1898
932 2044
932 2777
933 944
933 1020
933 1493
933 1797
933 1858
934 985
935 1979
936 3323
936 3984
938 948
940 1704
940 1750
941 1157
941 2005
942 3913
943 1101
943 1402
943 1426
943 2049
943 2213
943 2709
944 1100
944 1787
944 2393
944 2418
944 3595
945 3283
946 1174
946 1230
946 2700
946 3432
946 3523
946 3713
946 3787
946 3933
950 1683
950 3101
950 3430
952 1155
952 1774
952 2979
953 1044
953 1471
953 2125
953 3584
954 2354
956 1204
956 1557
956 3715
957 1262
957 1921
957 2423
957 2446
960 3976
961 1781
962 1643
962 1978
964 1009
964 1042
964 1173
964 1252
964 1260
964 1552
964 1861
964 1883
964 2288
964 2739
964 3501
964 3811
965 1912
965 2640
965 3711
966 1968
966 2666
968 2150
970 1023
970 1338
970 3789
971 1063
971 2002
971 2042
972 1108
972 1548
972 2068
972 2564
972 3322
973 2594
973 3372
974 1073
974 1303
974 2045
974 3083
974 3132
978 1794
981 2846
987 1012
987 2373
987 2428
988 2332
988 3824
990 1883
990 1988
990 2093
990 2227
990 2305
990 2716
990 3001
990 3236
990 3739
990 3790
990 3821
991 2023
991 3633
993 2061
995 3125
997 1504
997 2508
997 3459
998 1887
1001 2016
1002 1724
1002 1730
1002 1762
1002 3318
1003 1739
1003 3005
1005 3612
1006 3308
1006 3840
1008 1163
1008 1586
1008 1630
1008 1808
1008 2277
1008 2511
1008 2717
1008 3239
1009 1998
1010 2243
1013 1199
1013 1957
1013 2120
1017 1372
1017 1570
1017 2210
1017 2234
1017 3260
1018 2748
1019 1021
1019 1405
1019 2168
1020 2644
1022 3425
1024 1377
1024 3405
1025 1063
1025 1091
1025 2546
1026 1293
1026 2895
1027 1181
1027 1781
1027 2548
1028 2133
1028 3071
1028 3535
1031 1185
1032 1349
1032 2723
1032 2767
1032 3900
1034 3257
1035 1150
1037 1889
1038 2913
1039 1458
1039 1529
1039 1720
1039 2271
1039 2337
1039 2349
1039 2611
1039 3242
1039 3295
1040 3332
1041 1319
1041 2967
1042 1816
1042 1936
1049 1793
1049 3740
1051 1786
1051 2378
1051 3970
1053 1355
1054 1336
1054 1651
1054 1834
1054 3796
1055 2702
1055 3617
1058 2002
1058 3452
1059 3154
1059 3591
1059 3689
1060 1306
1060 2121
1060 2377
1060 2949
1060 3461
1060 3679
1061 1072
1063 1829
1064 1171
1064 2309
1064 3313
1064 3750
1065 1430
1065 3359
1065 3807
1068 1118
1068 1416
1068 1521
1068 2866
1068 3963
1068 3986
1069 2850
1070 1107
1070 2286
1070 2318
1070 2731
1071 1540
1072 1269
1073 2295
1074 1600
1074 1802
1074 2615
1075 1310
1075 1428
1075 2066
1075 2188
1075 3235
1075 3771
1075 3962
1076 2666
1079 1091
1079 3198
1080 3895
1082 1880
1082 2624
1082 2711
1083 2961
1084 3346
1084 3707
1084 3803
1084 3841
1085 1874
1086 2148
1091 1299
1091 1348
1091 2094
1091 3400
1092 1723
1092 2816
1092 3107
1092 3358
1094 2127
1094 3005
1094 3154
1095 1929
1095 2946
1095 3578
1096 2721
1096 3495
1098 1641
1099 1826
1101 2953
1101 3247
1102 1347
1103 2405
1104 1184
1104 1212
1104 1337
1105 1306
1106 1129
1107 1806
1107 3079
1111 1179
1113 1693
1115 1164
1115 2117
1115 3588
1116 1536
1116 1577
1116 3207
1117 3314
1118 1573
1118 2219
1118 3049
1122 2136
1122 2799
1122 2895
1122 3295
1122 3852
1124 1664
1124 2620
1125 1141
1125 2477
1125 2584
1125 2920
1125 3444
1125 3509
1125 3773
1126 3428
1127 1128
1129 1473
1129 2084
1129 3355
1131 2140
1131 3467
1132 2172
1132 3516
1132 3838
1135 1584
1137 1678
1138 1543
1138 1742
1138 1945
1138 2007
1138 2356
1138 2477
1138 2724
1138 2783
1138 2861
1138 3322
1138 3972
1139 1461
1139 2801
1139 3391
1140 2414
1140 2648
1140 2718
1140 2953
1140 3280
1140 3371
1140 3676
1141 3781
1142 1765
1143 1428
1143 2104
1145 1202
1146 2587
1147 1264
1147 2543
1148 1461
1148 2098
1148 3027
1149 3062
1150 1550
1150 1860
1150 2235
1150 3289
1150 3670
1152 1934
1152 2392
1152 3473
1153 3564
1154 3094
1154 3214
1154 3767
1155 1719
1156 1494
1158 2126
1162 1388
1162 2600
1163 1489
1163 3561
1164 1581
1164 3437
1165 2067
1167 1761
1167 3086
1167 3562
1168 1820
1168 2858
1169 1533
1171 1534
1171 1730
1172 2471
1173 3725
1175 1778
1177 1408
1177 2408
1177 2492
1177 3026
1177 3098
1177 3104
1177 3265
1177 3557
1178 2750
1178 3591
1180 1743
1181 1714
1181 3193
1181 3797
1182 1239
1182 3242
1183 1983
1183 2403
1184 1437
1187 3116
1190 1395
1190 1925
1190 3023
1190 3044
1191 1718
1191 3843
1191 3975
1192 1842
1192 2138
1194 1223
1196 1410
1196 1457
1196 1746
1196 2526
1196 2714
1196 3048
1197 2302
1197 2437
1198 1532
1198 2668
1198 3052
1198 3264
1200 2060
1202 1391
1205 2033
1205 3093
1205 3520
1206 1832
1212 1562
1212 2224
1212 2316
1212 2348
1212 3409
1213 1367
1213 2171
1213 2255
1215 2005
1215 2157
1215 2328
1215 3049
1215 3919
1215 3963
1217 1292
1217 2166
1217 2794
1217 2862
1222 3745
1223 2129
1226 3171
1227 2330
1227 2642
1227 2644
1227 3706
1227 3873
1228 1959
1228 2635
1228 3515
1229 2828
1230 3095
1231 1288
1232 2430
1232 2965
1233 2208
1233 2287
1236 3185
1239 1614
1239 3752
1245 1968
1245 2441
1245 2513
1246 1294
1246 2251
1247 1779
1248 1836
1248 1935
1248 2147
1248 2156
1248 2982
1249 2014
1249 2084
1249 2181
1249 2194
1250 1980
1250 3303
1254 1970
1254 2130
1254 2731
1254 2968
1254 3196
1254 3898
1255 2418
1255 3733
1256 2299
1260 1330
1261 1654
1261 2637
1261 2841
1261 3472
1263 2821
1265 2409
1267 2187
1268 3830
1273 1762
1275 1464
1275 1480
1275 2494
1275 2682
1275 3217
1275 3560
1276 2412
1279 2922
1281 3828
1282 1591
1282 1733
1282 3168
1282 3521
1282 3896
1282 3947
1283 3291
1284 3379
1284 3877
1287 2905
1288 1845
1288 2274
1288 3197
1289 1491
1289 1824
1289 2108
1290 2148
1291 2550
1292 3764
1293 2475
1294 2760
1295 2840
1297 3022
1298 1737
1298 2992
1299 3175
1303 1646
1305 2572
1310 1854
1310 3015
1310 3284
1311 1566
1311 2047
1311 2369
1311 3224
1311 3952
1312 1773
1312 1981
1312 2595
1312 3600
1314 1741
1314 1885
1314 3109
1314 3309
1318 1442
1318 2245
1320 3480
1323 1726
1323 2642
1323 3069
1327 2557
1327 2674
1329 2087
1330 2646
1331 1484
1331 2342
1331 3025
1333 1808
1334 2622
1338 1505
1338 1838
1338 2143
1338 2256
1339 2697
1339 2991
1339 3078
1340 1361
1340 1448
1340 1602
1340 1658
1340 1948
1340 2076
1340 2344
1340 3067
1340 3501
1342 3087
1344 1777
1344 1867
1344 2134
1346 2544
1348 1449
1348 1553
1351 2364
1351 2370
1351 3623
1354 3011
1356 3365
1357 3193
1358 2370
1358 3718
1360 3988
1362 3357
1363 1759
1363 2465
1363 2687
1363 3755
1366 2693
1366 3343
1369 3732
1370 1595
1370 2037
1370 3192
1370 3412
1370 3483
1371 2126
1373 1676
1374 2395
1374 3320
1375 2770
1375 3137
1376 1912
1376 2727
1376 2904
1378 1460
1378 1679
1378 3022
1379 3563
1380 1810
1380 3187
1381 2649
1386 2438
1389 2320
1389 2431
1389 3188
1389 3219
1389 3863
1390 1728
1392 1856
1394 1943
1394 3593
1396 2484
1396 2902
1396 3673
1398 2227
1400 1507
1401 1939
1401 2043
1401 2980
1401 3665
1402 1843
1404 2040
1404 2822
1406 2336
1407 1597
1409 3944
1411 2863
1416 3619
1420 3665
1420 3821
1421 2241
1421 2303
1421 2823
1422 3778
1423 2760
1425 3905
1426 1947
1427 1629
1428 3886
1429 2022
1429 2498
1429 2871
1429 3937
1431 1466
1431 2524
1431 2771
1432 1663
1437 1581
1437 2812
1437 3914
1440 2180
1440 2798
1440 3640
1443 3353
1443 3774
1444 2083
1445 3896
1448 1734
1448 2986
1450 2480
1450 2962
1450 3348
1453 3018
1456 2211
1456 2259
1456 3208
1456 3615
1457 2455
1457 3074
1461 1754
1463 3858
1463 3901
1464 2529
1464 3699
1467 1688
1467 1851
1467 2063
1467 2110
1467 2219
1469 2775
1469 2906
1471 1790
1472 3358
1476 3211
1476 3964
1477 1625
1477 3373
1477 3940
1479 2228
1480 1518
1480 2080
1480 2184
1480 2426
1480 2617
1480 3985
1481 1520
1483 1600
1483 2892
1484 3843
1491 3231
1491 3556
1492 3151
1493 2500
1496 1602
1496 3440
1498 3436
1500 2213
1500 2414
1500 2742
1500 2999
1500 3700
1501 3262
1503 1957
1507 1651
1507 1929
1507 2296
1507 3747
1507 3778
1509 3493
1512 1655
1512 1733
1512 2754
1512 3547
1512 3577
1512 3718
1513 3540
1515 3502
1516 1670
1516 2969
1516 3345
1517 2210
1517 3121
1517 3467
1517 3624
1519 2173
1521 2660
1524 2105
1531 3949
1535 2554
1536 3988
1538 3680
1540 2934
1542 1729
1542 2327
1542 2750
1542 2964
1542 3543
1543 1652
1543 2089
1544 2307
1544 2489
1547 2054
1547 3051
1550 2407
1550 2565
1550 3085
1551 3243
1551 3552
1553 3825
1554 1626
1554 2082
1554 3114
1554 3393
1556 2191
1556 2704
1556 2823
1556 2983
1556 3259
1556 3316
1556 3563
1562 2121
1563 2734
1568 1824
1568 2010
1568 2629
1568 3596
1569 3912
1572 3836
1575 3829
1576 1979
1576 3737
1577 3002
1579 2556
1580 2023
1581 2578
1583 1794
1583 2350
1583 2456
1583 3987
1584 1756
1584 2111
1584 3234
1584 3350
1585 2797
1589 2803
1593 2292
1596 2123
1598 2160
1599 1673
1599 2153
1601 2661
1602 2461
1602 2469
1602 2945
1602 3893
1604 2202
1604 2216
1611 1852
1611 3606
1612 3206
1615 3268
1616 1838
1616 2410
1616 3827
1617 2236
1617 2883
1617 3054
1619 2032
1619 2795
1619 3529
1621 1637
1622 3648
1623 2242
1623 3415
1629 2470
1631 2545
1633 1908
1633 3376
1633 3411
1633 3556
1635 2406
1636 3728
1646 2770
1649 1676
1649 2110
1649 2811
1649 3756
1651 1818
1651 2353
1651 3290
1652 2647
1655 3269
1656 2725
1658 2854
1660 2336
1662 3223
1662 3376
1665 2580
1665 3381
1667 3182
1671 3978
1674 3749
1676 3150
1677 1702
1677 3378
1678 3801
1678 3985
1679 2630
1680 2058
1688 2401
1688 3875
1690 1942
1693 3927
1694 1703
1695 1736
1695 2028
1695 2638
1696 1783
1696 3146
1697 1906
1697 3011
1698 1940
1703 3340
1703 3709
1704 2634
1705 3784
1709 3891
1710 3186
1711 2146
1711 2855
1717 1763
1717 2371
1717 2533
1717 2534
1717 3873
1719 2275
1719 2972
1721 3018
1723 1725
1723 2521
1725 2808
1729 2983
1730 1830
1730 1836
1730 2097
1730 2266
1730 2582
1730 3027
1730 3558
1732 3693
1734 3922
1735 3586
1735 3881
1735 3885
1738 2273
1738 3967
1742 2535
1747 1939
1748 1920
1748 2123
1749 3857
1751 3577
1756 3935
1757 2549
1757 3770
1757 3888
1761 2969
1761 3164
1761 3263
1761 3797
1763 2908
1765 1847
1766 1998
1766 2249
1768 1862
1768 3802
1768 3812
1772 3366
1773 3413
1774 1999
1774 2325
1774 3520
1775 2589
1775 2592
1776 3017
1778 2498
1786 2057
1786 3347
1786 3990
1788 2583
1788 2703
1791 1917
1791 2738
1791 2827
1791 3211
1791 3831
1798 3397
1798 3916
1800 1994
1803 2741
1803 3683
1807 2048
1807 2691
1812 2410
1812 3183
1812 3608
1816 2279
1816 3647
1817 3277
1817 3984
1819 3592
1821 2340
1824 2352
1824 3009
1824 3057
1830 2435
1830 2504
1830 3047
1831 2522
1831 2777
1832 3157
1836 2192
1836 2233
1836 2735
1836 3550
1838 1924
1841 2197
1841 3550
1841 3936
1842 2313
1844 3894
1847 3210
1848 3281
1850 3126
1850 3272
1852 2397
1854 3071
1856 1884
1857 3327
1857 3438
1860 3439
1861 1910
1862 3625
1862 3678
1865 2443
1868 2486
1869 3254
1870 2399
1870 2607
1871 3321
1871 3385
1875 2580
1875 2671
1876 2534
1876 3303
1877 3846
1879 2306
1881 3541
1884 2974
1885 3527
1890 3139
1892 2184
1892 2859
1894 3517
1896 2697
1897 2421
1897 3423
1898 2056
1898 2720
1899 2415
1905 1913
1905 2894
1909 3410
1911 2075
1911 2719
1912 2650
1913 1987
1914 1992
1916 3195
1917 2199
1917 3656
1917 3998
1918 3306
1921 2372
1921 3403
1928 2076
1931 3120
1933 2317
1933 2488
1933 3568
1933 3910
1941 3019
1944 3487
1946 3164
1956 1988
1957 3997
1958 3859
1960 2838
1963 2359
1963 2809
1965 2602
1965 3263
1967 3032
1968 2623
1969 2211
1969 3851
1970 2679
1974 3061
1974 3720
1975 3389
1975 3928
1976 2009
1976 2064
1976 2091
1976 2124
1976 3025
1976 3541
1976 3932
1977 2980
1979 2952
1980 2836
1980 3422
1980 3623
1982 3890
1984 3488
1985 3209
1991 3036
1992 2487
1992 2608
1992 2977
1994 2329
1994 2379
1994 3528
1994 3626
1999 2664
2000 2514
2000 2726
2000 3078
2002 3837
2003 2496
2003 2728
2003 3408
2004 2030
2022 2639
2027 3447
2030 2406
2030 3167
2031 2257
2034 2073
2034 2356
2035 2929
2036 2207
2036 2849
2036 3506
2037 2163
2044 2388
2044 2396
2044 2839
2044 3007
2044 3102
2044 3772
2045 3085
2046 2459
2047 2539
2049 2915
2052 2447
2056 3068
2059 3823
2061 2235
2061 2332
2064 2322
2064 2643
2064 3033
2064 3511
2078 3323
2078 3546
2079 2231
2079 3971
2080 3134
2084 2245
2084 2606
2085 2578
2088 2972
2090 3407
2092 2389
2107 2375
2110 3328
2110 3621
2112 3163
2115 3554
2119 2128
2119 2486
2119 3416
2120 2261
2120 2452
2124 2738
2125 2754
2125 3340
2125 3414
2126 2176
2126 3872
2129 3047
2130 2314
2131 3727
2132 2215
2132 3159
2135 2891
2139 3531
2143 2287
2143 2714
2145 2312
2152 3270
2153 2183
2153 2448
2153 2706
2153 3077
2157 3010
2158 2171
2158 2568
2158 3118
2162 3996
2166 2745
2170 2800
2171 3496
2172 2722
2173 3759
2178 3795
2180 3180
2186 2417
2186 3124
2187 2209
2187 3415
2190 3354
2190 3866
2192 2867
2193 3433
2203 3007
2203 3717
2204 3312
2209 2789
2209 3638
2212 2598
2219 2671
2221 3128
2221 3729
2225 2509
2226 3031
2226 3919
2228 3800
2230 2507
2231 3267
2235 2690
2235 2745
2240 2829
2246 2943
2248 3379
2250 2769
2250 3463
2256 2851
2259 2613
2259 3026
2259 3760
2261 2497
2261 2628
2261 3937
2267 2276
2269 2857
2269 3037
2269 3819
2272 3568
2272 3882
2276 2560
2281 3061
2286 2491
2288 3012
2288 3319
2288 3569
2289 2373
2300 3889
2301 3089
2305 2519
2315 3366
2335 2601
2335 3174
2336 3628
2339 3237
2342 2859
2344 2674
2346 3636
2348 2424
2351 3087
2352 2651
2356 2884
2356 3632
2361 3235
2363 3775
2364 3257
2366 3284
2373 2805
2381 3341
2381 3973
2391 3319
2391 3789
2400 3982
2401 3252
2403 3021
2404 2517
2406 3991
2410 2624
2410 2769
2414 3743
2419 2687
2419 2872
2419 3587
2420 3788
2423 2993
2427 3551
2431 3957
2432 3973
2435 2793
2435 3079
2436 3128
2438 3360
2440 2683
2442 2761
2443 2612
2443 2689
2443 2989
2451 3233
2451 3593
2458 2483
2458 2523
2472 3768
2476 3066
2477 3096
2477 3812
2480 3447
2481 3069
2485 2704
2486 2723
2489 2500
2489 3903
2492 3012
2494 2998
2497 2694
2497 3417
2502 2889
2503 2973
2504 2743
2510 2555
2510 3196
2512 3349
2524 3410
2526 2794
2532 2669
2532 3518
2533 2782
2535 3070
2535 3396
2535 3655
2539 3121
2539 3387
2539 3406
2551 2935
2551 3292
2557 3112
2557 3881
2558 2793
2559 3526
2560 3936
2561 2944
2563 2988
2563 3365
2567 3241
2570 3217
2571 3911
2572 3930
2574 3856
2574 3960
2591 3396
2591 3472
2591 3795
2592 3686
2595 2713
2597 2694
2607 3818
2611 2913
2611 3756
2614 2616
2616 3166
2616 3997
2618 3273
2620 3774
2622 3524
2627 3029
2628 2898
2628 2959
2632 3536
2633 3266
2633 3929
2641 3342
2641 3510
2642 3814
2643 3499
2643 3569
2643 3598
2646 3030
2653 2722
2653 3271
2653 3620
2660 2690
2660 3411
2660 3454
2661 3305
2661 3474
2661 3524
2668 2752
2674 3540
2679 3694
2683 2910
2686 2966
2693 3644
2714 3977
2716 2966
2719 3106
2719 3663
2723 2936
2723 3939
2724 3451
2726 3710
2727 3283
2727 3334
2729 3352
2733 3374
2733 3485
2735 2908
2735 3360
2746 2964
2752 3614
2760 2926
2761 3041
2761 3094
2765 3780
2775 3734
2791 3392
2798 3974
2800 2927
2800 2929
2801 2806
2801 3184
2809 3898
2820 3282
2828 3372
2833 3690
2845 3183
2845 3605
2847 3430
2851 3806
2853 3470
2858 3265
2861 2862
2868 3030
2870 3149
2872 2951
2872 3915
2883 3484
2885 3912
2894 2971
2895 3364
2901 3538
2901 3877
2903 3953
2911 3343
2918 3425
2927 3008
2928 3194
2931 3583
2941 3783
2941 3931
2963 3960
2966 3063
2986 3413
2988 3378
2990 3954
3004 3777
3006 3638
3019 3603
3027 3597
3028 3761
3030 3677
3033 3386
3051 3847
3057 3414
3062 3216
3069 3431
3087 3927
3091 3995
3094 3204
3097 3664
3103 3176
3108 3785
3114 3787
3128 3832
3130 3918
3132 3892
3150 3549
3150 3607
3150 3993
3151 3990
3152 3595
3168 3515
3169 3330
3169 3448
3189 3463
3197 3974
3200 3500
3206 3637
3208 3215
3209 3796
3214 3459
3217 3613
3224 3732
3231 3426
3242 3608
3248 3971
3252 3870
3287 3407
3308 3801
3313 3860
3317 3808
3318 3763
3325 3448
3344 3965
3344 3983
3345 3394
3347 3838
3349 3667
3351 3625
3356 3965
3358 3590
3366 3648
3373 3429
3394 3972
3397 3695
3411 3741
3420 3841
3426 3490
3426 3512
3442 3757
3455 3840
3458 3513
3476 3516
3478 3622
3501 3941
3506 3975
3543 3566
3565 3694
3585 3661
3598 3850
3600 3697
3625 3779
3632 3782
3642 3696
3684 3755
3728 3950
3739 3747
3763 3824
3764 3897
3781 3785
3792 3869
3815 3865
3917 3964
