0 5
0 47
0 69
0 72
0 96
1 51
1 82
1 85
1 122
2 21
2 64
2 83
2 91
2 99
2 102
3 10
3 42
4 13
4 44
4 122
5 23
5 49
5 68
5 77
5 104
6 90
6 99
7 51
7 52
7 64
7 72
7 81
7 109
8 39
8 52
8 86
9 55
9 59
9 66
9 94
9 106
10 21
10 24
10 73
10 84
10 104
10 111
10 124
11 68
11 72
11 75
11 83
12 28
12 34
12 39
12 55
12 63
12 99
13 20
13 43
13 50
13 85
13 107
15 26
15 27
15 65
15 70
15 80
15 108
15 115
15 120
16 44
16 59
17 46
17 61
17 93
18 20
18 47
18 48
18 91
18 108
19 25
19 26
19 30
19 44
19 53
19 58
19 60
19 96
19 124
20 34
20 116
21 44
21 65
21 107
21 111
22 24
22 50
22 51
22 64
22 81
23 26
23 62
23 71
24 113
25 52
25 109
26 41
26 103
27 33
27 38
27 42
27 58
27 82
27 83
27 85
27 89
27 93
28 36
29 32
29 47
29 99
29 116
30 40
30 46
30 51
30 73
31 46
31 54
32 43
32 90
32 95
32 96
32 111
32 112
33 65
33 69
34 37
34 51
34 74
34 100
34 106
35 46
35 83
36 42
36 70
36 80
37 60
37 78
39 60
39 92
39 111
41 105
41 113
42 90
42 96
43 98
43 99
43 111
43 115
44 53
44 61
44 93
45 49
45 108
46 53
46 70
46 74
46 76
46 83
46 90
46 119
47 48
47 118
48 56
48 67
48 76
48 87
48 102
49 105
50 61
50 84
50 121
50 123
51 84
51 103
52 63
53 77
53 79
53 81
53 89
55 58
55 62
55 81
55 83
55 119
56 70
56 81
57 104
57 106
57 120
59 70
59 97
59 119
61 79
61 88
62 82
63 77
63 110
64 114
65 87
65 100
66 71
66 80
66 100
66 113
67 81
67 91
67 112
70 76
71 96
71 105
71 117
72 84
75 81
75 103
76 79
76 82
77 88
77 92
78 85
78 123
78 124
79 88
81 88
82 90
82 92
83 99
84 103
85 124
86 114
86 119
87 88
89 122
90 105
90 116
90 123
94 112
94 118
95 110
97 101
98 102
98 118
100 107
100 118
101 117
102 109
102 124
103 107
105 115
109 124
112 115
114 123
116 122
117 118
