0 1
0 2
0 3
0 4
0 5
0 6
0 7
0 8
0 9
0 16
0 17
0 20
0 23
0 24
0 25
0 27
0 29
0 36
0 42
0 55
0 56
0 61
0 63
0 65
0 68
0 70
0 76
0 81
0 82
0 84
0 85
0 103
0 108
0 114
0 124
0 130
0 133
0 135
0 143
0 155
0 169
0 172
0 173
0 175
0 184
0 185
0 192
0 195
0 214
0 217
0 220
0 229
0 232
0 233
0 237
0 238
0 245
0 246
0 253
0 263
0 289
0 302
0 308
0 311
0 321
0 330
0 340
0 343
0 349
0 357
0 368
0 384
0 389
0 391
0 392
0 396
0 403
0 407
0 414
0 428
0 431
0 435
0 439
0 456
0 457
0 477
0 479
0 483
1 2
1 8
1 9
1 10
1 11
1 12
1 18
1 30
1 34
1 35
1 37
1 44
1 57
1 59
1 73
1 88
1 91
1 101
1 113
1 136
1 141
1 161
1 174
1 177
1 194
1 200
1 230
1 245
1 257
1 260
1 262
1 270
1 273
1 284
1 290
1 301
1 352
1 355
1 366
1 380
1 393
1 394
1 436
1 441
1 449
1 475
1 499
2 3
2 4
2 6
2 7
2 12
2 14
2 15
2 17
2 21
2 26
2 30
2 31
2 32
2 35
2 39
2 44
2 47
2 53
2 63
2 64
2 67
2 71
2 74
2 76
2 80
2 99
2 110
2 112
2 131
2 137
2 138
2 141
2 154
2 175
2 178
2 189
2 199
2 206
2 214
2 228
2 239
2 241
2 244
2 255
2 287
2 316
2 318
2 319
2 332
2 333
2 339
2 340
2 345
2 348
2 349
2 350
2 353
2 361
2 371
2 372
2 384
2 389
2 395
2 399
2 402
2 408
2 420
2 425
2 430
2 439
2 459
2 463
2 467
2 499
3 5
3 11
3 13
3 20
3 27
3 33
3 47
3 56
3 67
3 69
3 72
3 88
3 111
3 126
3 177
3 193
3 199
3 242
3 250
3 322
3 334
3 395
3 419
3 453
3 465
3 471
3 495
4 301
5 28
5 61
5 62
5 89
5 212
5 275
5 281
5 474
5 480
6 10
6 21
6 25
6 26
6 145
6 163
6 184
6 187
6 251
6 305
6 326
6 374
6 381
6 383
6 462
7 28
7 73
7 79
7 150
7 156
7 160
7 179
7 185
7 235
7 255
7 265
7 288
7 299
7 323
7 358
7 374
8 51
8 128
8 158
8 190
8 198
8 210
8 308
8 324
8 444
8 451
9 13
9 14
9 18
9 19
9 22
9 23
9 24
9 33
9 40
9 50
9 57
9 71
9 85
9 96
9 107
9 108
9 115
9 121
9 123
9 125
9 134
9 144
9 147
9 186
9 202
9 217
9 250
9 271
9 276
9 279
9 285
9 286
9 351
9 377
9 378
9 383
9 401
9 404
9 444
9 455
10 16
10 19
10 29
10 32
10 54
10 205
10 208
10 253
10 298
10 305
10 329
10 335
10 398
10 415
10 442
10 476
11 15
11 58
11 70
11 94
11 156
11 181
11 203
11 220
11 346
11 370
11 410
11 443
11 481
12 64
12 90
12 92
12 119
12 142
12 161
12 183
12 317
12 347
12 348
12 413
14 60
14 101
14 201
14 230
14 237
14 274
14 315
15 49
15 66
15 80
15 82
15 103
15 126
15 158
15 197
15 219
15 234
15 243
15 300
15 302
15 408
15 461
15 466
16 46
16 55
16 111
16 127
16 142
16 198
16 234
16 293
16 295
16 304
16 392
16 449
17 377
18 297
19 22
19 37
19 89
19 99
19 114
19 147
19 178
19 209
19 215
19 364
19 397
19 470
19 491
20 43
20 78
20 84
20 95
20 100
20 109
20 118
20 176
20 192
20 206
20 223
20 231
20 304
20 306
20 385
20 404
21 48
21 104
21 121
21 227
21 242
21 418
22 116
22 137
22 225
22 277
22 309
22 324
23 34
23 38
23 41
23 45
23 69
23 117
23 129
23 151
23 168
23 186
23 193
23 201
23 249
23 258
23 283
23 289
23 326
23 345
23 360
23 365
23 438
23 442
23 446
23 458
23 466
24 130
24 171
24 188
24 207
24 221
24 327
24 352
25 36
25 52
25 58
25 106
25 120
25 129
25 173
25 277
25 416
26 31
26 68
26 75
26 157
26 482
27 38
27 152
27 190
27 261
27 273
27 286
27 292
29 154
30 164
31 43
31 48
31 59
31 72
31 77
31 79
31 87
31 123
31 132
31 166
31 176
31 181
31 204
31 219
31 252
31 266
31 269
31 279
31 320
31 327
31 367
31 375
31 393
31 438
31 440
31 458
31 487
32 40
32 50
32 78
32 96
32 98
32 106
32 115
32 120
32 122
32 125
32 174
32 292
32 330
32 371
32 386
32 407
32 447
33 45
33 46
33 162
33 187
33 233
33 496
33 497
34 207
34 268
34 288
34 303
34 416
35 39
35 256
35 380
35 406
35 477
36 90
36 405
37 52
37 93
37 117
37 119
37 334
37 385
37 479
38 42
38 77
38 386
38 491
40 41
40 53
40 65
40 97
40 136
40 183
40 258
40 294
40 453
41 490
43 49
43 86
43 248
43 333
43 376
43 488
44 54
44 93
44 122
44 153
44 162
44 179
44 205
44 260
44 268
44 294
44 426
44 454
44 469
44 489
46 113
46 116
46 155
46 163
46 170
46 202
46 343
49 51
49 60
49 74
49 94
49 105
49 189
49 211
49 281
49 370
49 470
50 394
50 417
51 159
51 167
51 351
51 433
51 469
52 398
52 498
54 236
54 263
54 387
55 152
55 276
56 62
56 139
56 216
57 66
58 104
59 166
61 105
61 107
61 148
61 165
61 241
61 278
61 307
61 346
62 91
62 124
62 135
62 422
63 132
63 140
63 171
63 195
63 240
63 252
63 295
63 399
63 418
64 102
64 191
66 254
66 417
67 148
67 212
67 243
67 492
68 83
68 363
69 347
71 75
71 109
71 139
71 194
71 216
71 218
71 226
71 257
71 300
71 332
71 357
71 431
71 450
72 342
73 81
73 118
73 280
73 328
73 366
73 494
74 180
74 226
75 92
75 146
75 222
75 272
75 391
76 102
76 128
76 140
76 160
76 165
76 196
76 210
76 248
76 249
76 267
76 283
76 284
76 285
76 290
76 297
76 356
76 419
76 420
76 452
77 83
79 95
79 112
79 149
79 191
79 196
79 232
79 266
79 310
79 323
79 486
81 131
81 164
81 337
81 473
81 498
82 254
83 100
83 127
83 134
83 145
83 197
83 208
83 225
83 434
84 86
84 227
84 287
84 314
84 432
85 110
85 359
86 87
86 312
86 321
86 336
86 425
87 182
87 282
87 402
87 476
88 170
88 280
88 379
88 434
88 493
89 228
89 435
91 98
91 421
91 473
92 400
93 97
93 341
93 475
94 261
95 244
96 337
97 296
97 429
98 264
98 274
98 428
98 445
99 138
99 153
99 222
99 235
99 291
100 133
100 209
100 331
106 157
108 317
110 271
110 344
110 411
110 426
113 262
117 143
118 310
120 423
122 218
122 460
122 494
123 146
123 150
123 437
125 338
126 356
126 397
126 446
130 223
133 180
133 211
133 240
133 246
133 282
133 298
133 320
133 379
133 424
133 441
134 144
136 159
136 204
136 311
136 361
138 149
139 213
139 264
139 452
141 483
143 229
144 319
147 172
147 448
149 265
149 269
150 151
150 481
150 496
153 231
153 307
153 369
153 430
154 167
154 188
154 362
154 368
155 236
157 168
157 472
159 414
160 169
161 459
165 344
167 238
167 247
168 215
168 272
168 328
168 412
169 182
169 213
169 309
169 318
169 342
169 375
169 421
171 303
173 314
173 423
175 200
175 336
175 454
177 259
183 315
184 267
187 436
187 463
187 485
190 429
191 221
191 278
191 388
194 358
195 203
196 312
196 462
197 427
203 224
204 224
204 467
205 338
206 457
209 365
212 388
213 275
213 443
213 456
218 256
218 373
220 291
222 259
223 376
223 432
225 251
225 313
225 322
225 339
225 359
225 471
227 341
227 387
227 400
227 487
228 239
228 412
230 450
231 270
231 472
233 335
233 363
233 422
234 406
234 415
234 448
236 492
237 382
241 354
242 247
242 413
245 381
245 482
245 484
246 293
246 313
246 440
246 465
250 390
251 325
251 396
251 437
251 461
253 353
253 405
253 493
254 367
258 480
260 390
266 409
268 447
269 296
271 299
276 329
277 488
286 378
295 316
295 331
295 497
296 306
296 409
297 451
298 410
299 355
302 464
302 474
303 468
303 489
318 460
323 354
323 485
324 325
324 360
326 478
328 382
330 350
337 403
337 433
340 373
343 401
348 445
350 362
351 369
354 364
356 490
358 468
367 372
376 484
377 411
389 455
399 486
410 427
413 424
416 464
456 478
485 495
