0 918
0 1024
0 1957
1 154
1 1039
1 1293
1 1318
1 1727
1 1899
2 510
2 566
2 1241
2 1578
2 1972
3 68
3 323
3 742
3 1250
3 1341
3 1430
3 1976
4 321
4 1340
5 368
5 576
5 903
5 1073
5 1292
5 1571
5 1756
5 1791
6 139
6 336
6 653
7 380
7 485
7 1424
7 1783
8 1217
9 36
9 242
9 493
9 953
9 1556
9 1801
10 358
10 732
10 1335
11 149
11 405
11 580
11 754
12 224
12 562
12 1064
12 1727
13 102
13 420
13 1143
13 1167
13 1210
14 482
14 882
14 1054
14 1191
14 1518
14 1647
15 356
15 570
15 739
15 835
15 1084
15 1502
16 636
16 836
16 940
16 1010
17 112
17 991
17 1029
17 1681
17 1878
18 549
19 288
19 756
19 938
19 1410
19 1454
19 1551
19 1561
20 122
20 1331
20 1549
20 1885
21 138
21 309
21 416
21 910
21 1070
21 1584
21 1914
22 736
22 982
22 1078
22 1485
22 1487
23 597
23 816
23 1568
24 70
24 693
24 1481
24 1712
25 466
25 1302
26 619
26 1518
27 359
27 790
27 1191
27 1799
28 102
28 579
28 778
28 1033
28 1189
28 1950
29 136
29 286
29 982
29 1314
30 352
30 1534
31 46
31 260
31 954
31 1314
31 1501
31 1978
32 782
32 936
32 1242
32 1474
33 88
33 820
33 1633
34 146
34 1347
35 1953
36 169
36 1773
37 316
37 393
37 541
37 643
37 832
37 1775
38 129
38 786
38 873
39 184
39 637
39 826
39 1342
39 1509
39 1561
39 1656
39 1824
40 660
40 1410
41 559
41 684
41 815
41 874
41 963
41 1680
42 43
42 871
42 1219
42 1475
42 1620
43 596
43 931
43 957
43 972
44 584
44 1901
45 642
45 1703
46 423
46 1245
47 562
47 1222
47 1509
47 1533
48 363
48 693
48 860
48 1751
49 54
51 775
51 854
51 1368
51 1551
51 1750
51 1965
52 98
52 120
52 267
52 850
52 1356
52 1544
52 1570
52 1580
52 1612
52 1680
52 1763
52 1925
52 1984
53 360
53 769
53 1601
54 595
54 846
54 1198
54 1235
55 1122
55 1416
55 1744
55 1953
55 1990
56 1773
57 391
57 591
57 1248
57 1329
57 1387
57 1879
57 1934
58 332
58 486
58 509
58 962
58 1075
58 1147
58 1408
59 981
59 1154
59 1928
60 1102
60 1336
60 1510
60 1784
61 219
61 222
61 588
61 858
61 1882
62 194
62 220
62 342
62 430
62 1172
62 1290
63 192
63 209
63 222
63 715
63 1333
63 1938
64 165
64 461
64 1162
64 1680
64 1878
65 563
65 723
65 1074
65 1267
65 1318
65 1412
66 124
66 147
66 221
66 330
66 909
66 1113
67 296
67 582
67 1125
68 106
68 123
68 464
68 546
68 787
68 1431
68 1481
68 1639
69 440
69 678
69 809
69 960
69 1579
69 1581
69 1727
70 183
70 873
70 913
70 1175
70 1415
70 1423
70 1540
71 589
71 935
71 1352
71 1531
72 338
72 447
72 916
72 1481
72 1621
72 1888
73 324
73 442
73 952
73 1514
73 1826
73 1836
74 254
74 544
74 821
74 1308
75 614
75 634
75 1535
75 1551
76 321
76 891
76 1103
77 1375
77 1819
77 1930
78 619
78 1008
78 1028
78 1275
78 1516
79 364
79 397
79 428
79 860
79 1183
80 131
80 1173
80 1474
80 1782
81 372
81 569
81 1146
81 1341
81 1675
81 1790
81 1815
82 228
82 385
82 656
82 869
83 510
83 787
83 1184
83 1771
84 1252
84 1326
84 1734
85 130
85 512
85 834
85 1104
85 1152
85 1212
85 1326
85 1981
86 389
86 444
86 949
86 1005
87 289
87 1498
88 720
88 865
89 176
89 343
89 597
89 749
89 1204
89 1923
89 1976
90 456
90 1012
90 1514
90 1579
91 315
91 443
91 581
91 1099
91 1342
92 370
92 1153
93 1111
93 1962
94 1617
94 1679
95 607
95 1388
95 1650
96 297
96 321
96 380
96 652
97 815
97 937
97 1007
97 1265
97 1577
97 1585
98 496
98 1048
98 1173
98 1769
98 1772
98 1895
99 1357
100 234
100 584
100 1050
100 1726
101 891
101 1044
101 1551
102 658
102 726
102 864
102 1582
102 1623
102 1938
103 795
103 893
103 936
103 1792
104 188
105 226
105 265
105 814
105 924
105 987
106 424
106 796
106 1236
106 1407
106 1439
106 1620
107 462
107 1270
108 525
108 1004
108 1660
108 1983
109 187
109 537
109 1311
109 1635
109 1939
110 316
110 1938
111 119
111 629
112 749
112 969
112 1312
112 1676
112 1721
112 1901
114 165
114 274
114 354
114 464
114 806
114 899
114 1277
114 1647
115 853
115 1902
116 122
116 163
116 216
116 641
116 1250
116 1485
117 533
117 1093
117 1198
117 1521
117 1853
118 414
118 1558
119 1654
120 222
120 361
120 472
120 1306
120 1314
120 1472
121 315
121 465
122 1575
123 542
123 554
123 731
123 744
123 1057
123 1309
124 431
124 1258
124 1433
124 1812
124 1847
124 1980
125 1310
125 1958
126 278
126 1510
126 1716
126 1743
126 1756
126 1900
127 503
127 796
127 1144
127 1493
128 263
128 1116
128 1342
128 1349
128 1884
128 1986
129 481
129 557
129 1425
129 1921
130 313
130 505
131 641
132 1520
132 1611
133 281
133 1478
133 1484
134 548
134 1085
134 1187
134 1735
134 1959
135 363
135 725
136 297
136 799
136 1234
136 1788
136 1827
136 1972
137 823
137 1725
137 1727
137 1757
138 838
138 935
138 1564
138 1745
139 364
139 658
139 686
139 787
139 1358
139 1853
139 1956
140 362
140 723
141 196
142 1222
142 1654
143 208
143 610
144 802
145 248
145 652
145 1589
145 1648
145 1663
145 1868
146 695
146 890
146 1861
146 1904
147 731
147 1650
148 1129
148 1214
148 1438
149 658
150 397
150 745
150 1079
150 1097
150 1609
151 988
151 1109
151 1305
151 1387
151 1389
151 1957
152 1228
152 1249
152 1972
153 583
153 1307
153 1906
153 1965
154 476
154 881
154 1897
155 1006
155 1280
155 1431
155 1471
155 1820
156 343
157 915
157 1040
157 1730
158 873
158 1239
158 1248
158 1446
158 1854
159 1159
159 1485
160 275
160 673
160 1497
161 235
161 898
161 1771
161 1881
162 788
162 1490
162 1897
163 172
163 1604
164 554
164 1037
165 586
165 595
165 655
165 940
165 1684
166 237
166 990
166 1991
167 392
167 494
167 540
167 607
168 253
168 1615
168 1661
168 1712
168 1960
169 269
169 435
169 847
169 1559
170 375
170 399
170 478
170 691
170 1973
171 1231
171 1475
171 1629
171 1718
171 1894
172 449
172 534
172 879
172 1988
173 375
173 494
173 818
173 859
173 1444
174 497
174 551
174 632
174 1379
174 1458
174 1623
174 1625
175 1575
176 246
176 618
176 726
176 1631
177 367
177 553
177 831
177 1142
178 196
178 242
178 321
178 711
178 791
178 897
178 1419
178 1439
179 454
179 1019
179 1069
179 1394
179 1793
180 262
180 1718
180 1855
180 1938
181 506
181 935
181 1027
181 1777
182 278
182 863
182 1738
183 256
183 777
183 920
183 1371
184 214
184 1206
184 1546
185 419
185 580
185 1164
186 979
186 1735
186 1890
187 1326
188 411
188 427
188 884
188 1020
188 1511
188 1649
189 1060
189 1587
190 855
190 1077
190 1528
190 1899
191 511
191 572
191 710
191 913
191 1131
191 1290
191 1553
192 1051
192 1244
193 208
193 259
193 1335
193 1365
193 1487
194 316
194 327
194 1603
195 216
195 1032
195 1758
195 1766
196 833
196 1237
196 1306
197 286
197 702
197 1722
198 1167
199 378
199 778
199 834
199 1687
199 1791
199 1929
200 257
200 371
200 1010
200 1052
200 1156
201 658
201 1544
201 1702
201 1926
202 335
202 404
202 1271
202 1460
202 1674
203 279
203 928
203 1443
204 333
204 1065
204 1331
204 1417
204 1567
204 1583
205 865
205 1767
206 399
206 789
206 1308
206 1372
207 291
207 765
207 775
207 834
207 1058
207 1217
207 1591
207 1613
207 1818
208 1344
208 1889
209 321
209 972
209 984
210 591
210 785
211 227
211 1128
211 1542
211 1585
212 876
212 891
212 1011
212 1034
213 810
213 1980
214 382
214 634
215 272
215 542
215 744
215 1683
215 1849
216 504
216 1684
217 852
217 892
217 1219
217 1521
217 1742
219 1186
220 1325
220 1992
221 758
221 1421
222 246
222 997
222 1134
222 1655
223 876
223 1111
223 1146
223 1169
223 1189
223 1574
223 1804
223 1877
224 344
224 531
224 1177
225 895
225 1265
225 1333
225 1597
226 1784
227 1720
228 261
228 498
228 952
228 1559
228 1580
229 657
229 1129
229 1254
230 396
230 425
230 555
230 1704
231 636
231 1119
231 1768
232 532
232 604
232 943
232 1286
232 1322
232 1604
233 509
233 1730
233 1936
234 381
234 806
234 918
234 1466
234 1813
234 1932
235 240
235 341
235 648
235 1769
235 1788
235 1901
236 368
236 1383
236 1982
237 410
237 655
237 1339
238 295
238 306
238 404
238 800
238 949
238 1465
238 1612
238 1764
238 1877
239 459
239 554
239 815
239 839
239 1326
239 1938
240 323
240 716
240 739
240 896
240 1513
240 1602
241 484
242 1219
242 1601
242 1672
243 377
244 324
244 571
244 1521
245 298
245 743
245 994
246 1034
246 1189
246 1466
246 1744
247 1501
248 638
248 1813
249 474
249 509
249 597
250 284
250 287
250 1451
250 1882
251 333
251 697
251 992
251 1770
252 1287
252 1481
253 591
253 700
253 991
253 1264
253 1271
253 1823
254 435
254 872
254 908
254 1124
254 1324
254 1788
254 1944
255 322
255 939
255 1777
256 1386
256 1395
256 1610
256 1864
257 607
257 646
257 808
258 371
258 448
258 566
258 909
258 989
259 762
259 1005
259 1822
260 331
260 1170
260 1612
261 662
261 849
261 1291
262 373
262 458
262 1129
262 1216
262 1350
263 377
263 543
263 891
263 1102
263 1185
263 1683
264 447
264 1293
264 1296
264 1433
264 1668
265 494
265 1167
265 1607
266 695
266 1563
266 1719
267 1051
267 1079
267 1654
267 1836
268 350
268 1655
269 336
269 361
269 364
269 1861
270 1572
270 1579
271 710
271 770
271 1117
271 1630
272 322
272 847
272 1344
273 371
273 410
273 495
273 527
273 873
273 1161
273 1784
273 1962
274 329
274 842
274 1046
274 1592
274 1797
274 1809
274 1821
275 473
275 1516
276 541
276 572
276 921
276 1394
277 298
277 811
277 1500
277 1594
277 1790
277 1857
277 1941
278 375
278 709
278 961
278 1055
278 1081
278 1454
278 1536
279 930
280 415
280 594
280 660
280 1316
280 1465
280 1985
281 795
282 1102
282 1482
283 311
283 670
283 914
283 1363
283 1584
284 917
284 1729
285 624
285 749
285 916
285 928
285 1491
285 1858
286 520
286 583
286 825
287 376
287 1135
287 1242
288 496
288 1935
290 1349
290 1488
290 1596
291 322
292 496
292 687
292 1466
292 1895
293 963
293 967
293 1825
293 1957
294 670
294 1580
294 1931
295 647
295 1245
295 1363
295 1723
295 1795
296 1019
296 1830
297 813
297 1080
297 1347
298 910
298 987
299 635
300 435
300 1248
301 392
301 839
301 1772
302 597
302 1485
302 1686
302 1768
303 481
303 1152
303 1644
303 1675
304 382
304 641
304 901
304 985
304 1806
305 488
305 659
306 1626
307 673
307 1044
307 1294
307 1379
308 383
308 508
308 516
308 624
308 977
308 999
309 903
309 1151
310 543
310 910
310 1163
310 1281
310 1491
310 1781
311 951
311 992
311 1240
311 1608
312 1019
312 1568
313 1518
313 1722
314 520
315 662
315 693
315 1002
315 1063
315 1471
315 1478
315 1621
315 1958
316 934
316 1182
317 331
317 1747
318 392
318 491
318 1298
318 1900
319 1105
319 1173
320 880
320 1245
320 1585
321 410
321 608
321 838
321 1206
321 1385
321 1582
323 519
323 817
325 677
325 720
325 778
325 1254
325 1646
326 1165
327 1822
327 1851
328 409
328 818
328 845
328 1056
328 1273
329 1173
330 473
330 1038
330 1204
330 1209
330 1942
331 1009
331 1483
332 558
332 925
333 578
333 925
334 672
334 1221
334 1479
334 1913
335 789
335 986
335 1516
336 473
336 689
337 563
337 858
338 1814
338 1872
339 537
339 1136
339 1160
339 1667
340 594
340 753
340 1054
340 1507
341 581
341 801
341 988
341 1300
341 1854
342 355
342 382
342 479
342 1495
343 1572
343 1742
344 901
344 1850
345 1271
345 1565
346 366
346 1271
346 1401
347 443
347 955
348 519
348 1110
348 1219
348 1361
349 814
349 1270
349 1281
349 1572
350 719
351 427
351 437
351 517
351 1552
351 1952
352 937
352 982
352 1365
352 1647
353 734
353 1230
354 940
354 1075
354 1099
354 1259
354 1290
354 1550
355 1340
355 1699
355 1706
356 1305
357 719
357 1336
357 1568
357 1919
358 1194
358 1579
358 1877
359 1303
359 1562
360 1119
360 1488
360 1565
360 1978
361 579
361 650
361 1203
361 1549
362 1014
362 1021
362 1534
362 1781
363 776
363 825
363 894
363 918
363 1886
364 422
364 1512
364 1925
365 467
365 1708
365 1759
366 483
366 1328
366 1449
366 1726
366 1761
366 1787
367 547
367 1522
367 1622
367 1648
367 1850
367 1889
368 933
368 1207
368 1282
368 1312
370 638
370 1050
370 1368
371 782
371 1122
371 1724
372 385
372 449
372 930
373 402
373 431
373 706
373 739
373 1075
373 1173
373 1850
374 503
374 904
374 1545
374 1592
375 1816
376 377
377 495
377 1043
377 1381
377 1792
378 604
378 1014
378 1327
378 1383
379 1270
379 1702
379 1851
379 1883
380 729
380 1061
380 1103
381 790
381 1699
381 1900
382 560
382 818
382 968
382 1038
382 1721
383 715
383 1176
383 1552
384 457
384 1408
384 1893
385 678
385 751
385 1055
385 1609
385 1805
386 1748
386 1842
386 1937
387 818
387 1023
387 1547
387 1959
389 1414
389 1539
390 1796
390 1861
391 695
391 1333
391 1532
391 1566
391 1704
391 1798
391 1972
392 1559
393 665
393 1282
393 1298
393 1690
394 396
394 528
395 625
395 808
395 1808
396 469
396 1129
396 1595
396 1604
396 1775
397 476
397 563
397 1108
397 1352
397 1691
398 945
398 1474
398 1745
399 885
399 1714
400 408
400 416
401 548
401 1165
401 1303
401 1345
401 1937
402 460
403 1127
404 874
404 1391
405 895
405 1251
405 1365
405 1980
406 1550
406 1987
407 1143
407 1520
407 1887
408 963
408 1566
408 1790
409 1072
409 1891
410 834
410 1206
410 1220
410 1295
410 1576
411 729
412 784
412 870
413 1140
413 1398
414 878
414 1199
415 485
415 618
415 1568
415 1882
415 1934
416 885
416 1635
417 1223
418 456
418 482
418 744
418 894
418 1615
418 1832
419 888
419 948
419 1023
419 1767
419 1797
420 1096
421 1877
422 501
422 1468
422 1553
422 1997
423 893
423 991
423 1115
423 1684
424 682
425 578
425 1112
425 1931
426 1137
426 1787
426 1793
427 869
427 1577
428 1916
429 509
429 538
429 624
429 1308
429 1398
429 1439
430 783
430 1049
430 1430
430 1779
431 1288
432 778
432 815
432 858
432 1038
432 1519
432 1926
432 1972
433 511
433 804
433 844
433 1565
433 1574
434 1259
434 1976
435 623
435 798
435 1896
436 595
436 909
436 1062
436 1821
437 452
437 1331
437 1552
437 1683
438 765
438 1095
438 1509
439 510
439 877
439 1057
439 1231
439 1896
440 1006
441 519
441 1541
441 1687
442 517
442 862
442 1638
443 554
443 854
443 1359
443 1943
444 1856
444 1954
445 962
445 1277
445 1603
445 1984
446 499
446 522
446 829
446 1220
446 1247
446 1737
447 647
447 1074
447 1244
447 1807
448 1403
448 1777
449 1649
450 590
450 868
450 1516
451 841
451 1372
452 1104
452 1546
452 1697
453 499
454 1092
454 1563
455 533
456 867
456 1665
456 1847
457 820
457 1884
458 1202
458 1235
458 1754
458 1929
459 719
459 1706
460 729
460 905
460 1263
460 1555
460 1732
460 1774
461 790
461 1299
461 1756
461 1797
462 806
462 1295
463 737
463 924
463 936
463 1885
464 1040
465 485
465 1140
465 1201
465 1283
465 1752
465 1976
466 714
466 1372
467 1229
468 1810
468 1820
468 1853
469 1374
469 1452
470 1152
470 1232
470 1505
470 1603
470 1745
471 1783
473 753
473 1832
474 820
474 1198
474 1255
474 1974
475 668
475 977
475 1300
475 1778
476 585
476 1091
476 1771
477 1298
477 1463
477 1747
478 595
479 1146
479 1775
480 546
480 934
480 1118
480 1628
480 1998
481 1028
481 1101
481 1804
481 1828
483 662
483 896
484 1086
484 1310
484 1320
484 1418
484 1838
485 934
485 1093
485 1464
485 1515
486 642
486 933
487 553
487 763
487 973
487 1120
487 1478
488 632
488 892
488 1304
489 985
489 1785
491 829
491 980
491 1587
492 823
492 987
492 1222
492 1234
492 1308
492 1791
493 1534
493 1571
494 504
494 1301
494 1688
494 1964
495 797
495 1057
495 1443
495 1588
495 1890
497 1383
497 1814
498 1630
499 679
499 690
499 696
499 1300
499 1787
500 692
500 1404
500 1482
500 1800
501 1287
501 1541
502 565
502 756
502 773
502 1608
503 530
503 947
503 1151
503 1167
503 1479
503 1519
503 1553
503 1876
504 856
504 960
504 1401
504 1621
504 1935
505 974
506 581
506 1360
506 1482
506 1675
506 1903
507 887
507 924
507 1657
507 1759
508 593
508 844
508 1620
509 633
509 931
509 1419
509 1477
509 1530
511 717
511 748
511 1742
512 1042
512 1324
512 1634
513 1218
513 1548
514 1414
515 1207
515 1556
515 1664
516 1043
516 1064
516 1637
517 532
517 1029
517 1293
517 1553
517 1559
518 1251
518 1292
518 1737
519 1768
520 1272
521 838
521 948
521 995
522 849
522 1394
522 1713
522 1899
523 831
523 1419
523 1807
523 1985
524 787
524 1464
524 1543
526 1986
527 688
527 785
527 908
527 1760
527 1818
528 579
528 1456
528 1502
528 1571
528 1690
529 1382
529 1671
530 1356
531 660
531 903
531 1019
531 1070
531 1346
531 1773
532 973
532 1002
532 1385
532 1651
533 774
533 1329
533 1650
533 1815
534 778
534 1018
534 1034
534 1497
535 833
536 555
536 1052
536 1158
536 1377
536 1535
536 1995
537 802
537 839
537 1038
537 1336
538 1350
538 1462
538 1948
538 1958
539 1208
539 1369
539 1374
539 1838
540 650
540 1706
540 1755
541 1134
541 1591
541 1708
542 979
543 778
543 1842
544 885
544 1652
545 1824
546 1177
546 1845
546 1871
546 1998
547 641
547 823
547 954
547 1099
547 1367
547 1733
548 1221
548 1481
549 1952
550 698
550 1495
551 1710
552 1449
552 1618
552 1842
553 673
553 1692
553 1788
554 815
554 988
554 1610
555 1186
555 1698
556 838
556 1149
556 1781
556 1996
557 739
557 1520
557 1825
557 1855
558 1757
558 1958
559 695
559 1108
560 619
560 848
560 1003
560 1482
560 1529
561 981
562 668
562 1346
563 754
563 1860
566 928
566 1998
567 1075
567 1334
567 1807
568 1039
568 1113
568 1569
568 1617
569 825
569 1076
570 998
570 1352
572 1093
572 1710
573 1426
574 903
574 1141
574 1349
574 1670
574 1917
575 1356
576 968
576 1681
577 627
577 1278
577 1690
577 1801
578 593
578 707
578 1067
578 1514
578 1601
580 1234
580 1602
580 1661
580 1878
581 1123
581 1251
582 624
582 957
582 1341
582 1344
582 1375
583 930
583 1324
583 1726
583 1836
584 593
584 1112
584 1211
584 1723
585 637
585 1387
586 1115
586 1603
587 1651
588 1306
588 1434
588 1780
589 1174
589 1598
590 711
590 1052
590 1192
590 1508
590 1843
591 850
591 1684
592 1614
592 1816
593 667
593 1547
593 1580
593 1713
594 1203
594 1503
595 1834
595 1850
596 828
597 1194
597 1359
597 1542
598 1036
598 1066
598 1348
599 823
599 1205
600 1285
601 1804
601 1814
602 1387
603 1335
603 1340
603 1897
605 744
605 1895
606 837
606 1173
606 1497
606 1943
607 749
607 1057
607 1124
608 921
609 1135
609 1299
609 1428
609 1697
609 1982
610 1038
612 807
612 1435
612 1560
613 1291
613 1717
613 1787
613 1987
614 1406
615 1131
615 1342
615 1859
616 754
616 1296
616 1328
616 1446
616 1623
616 1735
618 970
618 1219
618 1722
618 1775
618 1884
619 1380
621 1109
621 1362
621 1433
622 1002
622 1199
622 1251
622 1820
623 1293
623 1638
624 779
624 1263
625 1448
625 1760
626 708
626 1017
627 765
627 1367
628 1277
628 1498
628 1648
628 1887
629 1562
630 815
630 917
630 1649
630 1689
631 1076
631 1424
631 1815
632 1667
633 824
633 977
635 835
635 1432
637 726
637 1307
637 1518
637 1709
638 1389
638 1834
639 774
639 821
639 905
640 1799
641 1141
642 729
643 856
645 829
645 1469
645 1605
645 1610
645 1651
646 995
646 1408
646 1975
647 992
647 1070
647 1294
647 1765
647 1968
648 801
648 847
649 878
649 1210
649 1274
651 925
651 1834
652 986
652 1046
653 795
653 1029
653 1124
654 967
655 847
655 894
655 963
655 1283
655 1367
655 1960
656 949
656 1140
656 1282
657 889
657 1209
658 1586
658 1769
658 1905
659 977
659 1031
659 1469
659 1558
660 1717
661 921
661 1583
662 1207
662 1330
662 1361
663 1008
663 1165
664 1616
664 1811
665 1811
665 1829
666 1489
666 1974
667 900
667 1742
667 1958
668 1381
668 1411
669 761
669 1666
670 948
670 1238
670 1433
671 901
674 1054
675 967
675 1692
676 920
676 1786
677 958
677 1045
677 1149
677 1246
677 1829
678 1237
678 1786
678 1849
678 1855
678 1898
679 1582
679 1805
680 1061
681 779
681 1943
681 1980
682 1371
682 1899
684 1492
684 1991
685 774
685 1187
685 1560
685 1596
686 774
687 1229
688 945
689 1122
689 1353
689 1796
690 1130
690 1400
690 1727
690 1901
691 787
691 1665
692 1451
692 1615
692 1870
693 712
693 1951
694 1342
694 1836
695 1164
695 1317
695 1744
696 1396
696 1466
696 1835
696 1857
697 1322
698 1689
698 1802
698 1941
699 1644
700 1324
702 727
702 1294
702 1406
703 745
703 1517
704 1057
704 1160
704 1672
704 1951
705 901
705 1498
706 1170
707 874
708 790
708 989
709 1205
709 1690
710 802
710 1662
710 1872
711 1314
711 1603
711 1808
713 1295
714 777
714 1175
714 1236
714 1325
714 1686
714 1728
714 1935
714 1982
715 1757
716 894
717 1036
717 1291
717 1952
717 1980
718 1573
718 1594
719 1863
720 970
720 1154
720 1193
720 1392
720 1534
720 1536
721 985
721 1103
721 1386
721 1555
721 1614
721 1952
723 1861
723 1940
724 876
724 1239
724 1289
724 1744
724 1904
725 1714
725 1732
725 1807
725 1911
726 845
726 930
726 975
726 1069
726 1332
727 1033
727 1205
727 1384
727 1875
728 798
728 893
728 1057
728 1551
729 732
729 936
729 967
730 1698
730 1709
731 1117
731 1422
731 1810
732 920
732 1355
732 1746
733 1344
733 1423
733 1760
734 1269
734 1805
735 781
735 923
735 1340
735 1683
735 1714
736 1232
736 1807
737 958
737 1324
738 1804
739 1827
740 1032
740 1302
740 1416
740 1519
740 1752
741 947
741 1342
741 1424
742 813
742 1442
742 1523
742 1600
742 1678
743 1203
744 835
744 1245
746 1369
746 1394
746 1926
747 789
748 1042
748 1791
748 1926
749 810
749 991
749 1115
749 1240
749 1592
749 1687
749 1864
749 1980
750 1424
751 965
751 1364
751 1748
752 1370
752 1756
753 1125
753 1978
755 1196
755 1224
755 1419
755 1427
755 1466
756 1855
757 1237
757 1668
757 1929
758 1643
759 1313
759 1412
759 1563
760 1430
760 1487
760 1796
761 770
761 1476
761 1914
762 1784
763 921
763 1536
763 1672
764 920
764 1690
765 1690
765 1830
766 1992
767 1209
767 1804
768 1306
768 1882
769 1460
769 1861
770 1545
770 1825
771 1095
772 1413
772 1426
772 1498
774 1455
775 1519
776 794
776 1365
777 1017
777 1806
778 988
778 1250
778 1284
778 1506
778 1624
779 1136
779 1533
780 1289
780 1324
780 1596
780 1995
781 1422
781 1505
781 1661
782 867
784 1876
784 1956
785 826
785 858
785 1067
785 1293
785 1320
785 1362
785 1572
785 1835
787 1552
787 1805
788 1515
789 1107
789 1391
789 1610
789 1685
790 1161
790 1249
790 1482
790 1618
790 1907
791 1052
791 1124
791 1607
792 1244
792 1279
792 1309
792 1513
792 1733
792 1822
793 900
793 1649
793 1894
794 881
794 1140
794 1499
795 1022
795 1392
796 1206
796 1335
797 798
798 1206
799 1288
799 1434
799 1776
799 1992
800 899
800 1327
801 904
801 1391
801 1979
802 1271
802 1777
802 1854
803 826
804 854
804 930
804 1094
804 1792
805 811
807 1025
807 1580
809 851
809 1357
809 1986
810 1050
810 1202
810 1635
811 1763
813 1031
813 1259
814 976
814 1063
814 1226
815 966
815 1129
815 1290
815 1458
816 897
816 995
816 1666
816 1724
817 1518
817 1788
818 1041
818 1130
818 1380
818 1611
818 1762
819 1356
820 996
820 1190
820 1299
820 1978
821 1579
821 1728
822 823
822 1976
823 1661
824 1401
824 1605
824 1620
824 1860
826 1421
826 1734
827 1167
827 1194
827 1608
827 1756
827 1866
827 1983
828 1201
828 1544
829 1198
829 1328
829 1746
831 1381
832 1261
832 1613
832 1746
833 1728
834 1692
835 1301
835 1549
835 1591
835 1661
835 1990
836 1313
837 1206
837 1581
837 1633
838 1036
839 894
839 956
839 1431
839 1629
840 878
840 939
840 1180
840 1400
840 1408
840 1501
841 866
841 932
841 1484
841 1567
842 1256
842 1664
842 1721
842 1908
843 1493
844 1693
845 1414
846 970
846 1831
847 1436
847 1913
847 1924
848 1183
848 1663
849 1416
849 1668
850 955
850 1326
851 854
851 1544
851 1920
852 1492
852 1695
853 1178
853 1797
854 871
854 1138
854 1448
854 1836
855 1008
856 1779
857 1020
857 1097
857 1104
857 1238
857 1724
858 1169
859 1033
859 1423
859 1465
859 1483
860 1000
860 1041
860 1232
860 1448
860 1939
861 1647
861 1750
861 1795
862 995
864 870
864 1263
864 1446
865 1050
865 1061
865 1065
865 1636
865 1736
866 970
866 1102
866 1682
866 1719
867 916
867 1127
867 1635
867 1796
867 1816
868 1399
868 1640
870 1529
870 1725
871 1008
871 1375
871 1423
871 1611
871 1674
871 1964
872 1711
873 903
873 1175
874 1270
874 1870
875 1293
875 1377
875 1782
876 1549
876 1734
876 1819
877 1462
877 1562
878 1488
878 1552
879 1282
881 913
881 1170
883 1112
883 1123
883 1632
884 1098
884 1170
885 1583
885 1804
885 1988
886 1170
886 1282
886 1357
886 1364
886 1625
887 1158
887 1205
887 1349
888 1687
888 1909
888 1947
889 985
889 1824
889 1923
890 1015
890 1286
890 1334
891 1704
892 1868
893 988
893 1083
893 1330
894 1226
894 1509
895 1323
895 1530
895 1926
895 1949
896 1103
896 1189
896 1884
897 1076
897 1354
898 1223
898 1247
898 1943
899 1935
900 1647
901 1098
902 1219
902 1486
902 1530
902 1897
903 1094
903 1295
903 1340
903 1353
903 1483
903 1889
904 1253
904 1911
905 1015
905 1217
905 1254
905 1470
906 1034
906 1223
906 1247
906 1472
906 1545
906 1807
907 1147
907 1817
908 998
908 1842
909 1576
909 1999
910 1389
912 1509
913 914
913 1337
913 1965
914 1204
914 1617
915 1216
915 1241
915 1783
915 1869
916 1708
917 1372
919 1491
920 1083
920 1177
920 1320
920 1702
923 1655
923 1816
923 1995
924 1254
924 1839
925 951
925 1227
925 1747
926 1468
927 1845
927 1975
928 1286
928 1666
929 1095
929 1213
929 1527
930 1219
930 1417
930 1681
930 1820
930 1954
931 1019
932 1197
932 1754
933 1051
933 1637
934 1225
934 1615
935 1068
936 1764
937 1092
937 1641
937 1699
938 949
938 1273
938 1706
939 1317
940 1513
940 1722
941 1503
942 1586
943 1603
945 1010
945 1443
945 1472
945 1950
946 1398
946 1803
947 1106
947 1678
948 1109
948 1490
948 1846
949 1449
949 1521
949 1574
950 1216
950 1473
951 1481
951 1813
952 1150
952 1591
954 1748
954 1895
955 1432
955 1457
955 1503
955 1819
955 1934
956 1010
957 1207
957 1861
957 1944
958 1585
959 1389
959 1505
959 1615
959 1630
960 1011
960 1110
960 1518
960 1948
961 1393
961 1446
962 1545
962 1583
963 1014
964 1590
965 1213
965 1919
966 1143
966 1603
967 1267
967 1411
967 1590
968 1415
968 1921
969 1141
970 1389
971 1026
971 1586
971 1596
971 1650
971 1698
972 1481
972 1624
973 1275
973 1552
973 1574
973 1872
973 1994
973 1998
974 1094
974 1274
974 1466
974 1828
974 1845
974 1979
975 1519
976 1443
976 1890
977 1300
977 1545
977 1716
978 1578
978 1957
978 1964
979 1545
979 1573
982 1159
983 1225
984 1249
984 1456
984 1689
985 1269
985 1662
985 1757
985 1837
986 1482
986 1800
987 1247
987 1574
987 1764
988 1024
988 1132
989 1433
989 1599
989 1786
989 1951
990 1495
992 1583
992 1613
992 1935
993 1163
993 1511
993 1514
993 1888
994 1189
994 1441
994 1643
994 1990
995 1290
996 1605
996 1740
996 1830
997 1455
998 1596
998 1823
999 1325
999 1982
1000 1273
1000 1849
1001 1487
1002 1184
1003 1014
1003 1625
1003 1906
1004 1623
1004 1911
1005 1560
1005 1638
1006 1191
1008 1232
1008 1475
1008 1774
1009 1594
1010 1297
1010 1933
1011 1362
1012 1511
1013 1045
1013 1589
1014 1034
1015 1429
1015 1780
1016 1068
1016 1614
1016 1679
1017 1233
1017 1672
1018 1170
1019 1306
1019 1457
1021 1100
1021 1337
1022 1295
1022 1665
1024 1329
1024 1983
1025 1049
1025 1074
1025 1371
1028 1599
1029 1402
1029 1623
1029 1843
1029 1930
1030 1298
1031 1043
1031 1151
1031 1514
1031 1778
1032 1751
1033 1209
1033 1490
1033 1989
1034 1050
1034 1616
1035 1036
1035 1203
1035 1279
1035 1518
1035 1824
1036 1799
1038 1284
1038 1931
1039 1633
1040 1561
1040 1611
1040 1670
1041 1379
1041 1592
1042 1685
1042 1828
1043 1348
1043 1395
1044 1801
1044 1954
1045 1341
1045 1779
1046 1148
1046 1334
1046 1691
1047 1862
1047 1936
1048 1112
1048 1656
1048 1904
1049 1997
1050 1255
1050 1436
1050 1830
1050 1843
1050 1937
1051 1832
1052 1392
1053 1152
1053 1608
1053 1892
1054 1067
1054 1810
1055 1562
1055 1680
1055 1947
1056 1144
1056 1527
1057 1230
1058 1608
1058 1686
1058 1785
1059 1979
1060 1728
1061 1551
1061 1804
1061 1834
1062 1542
1064 1475
1065 1129
1065 1246
1067 1222
1067 1453
1067 1707
1067 1988
1068 1386
1068 1519
1069 1834
1070 1698
1070 1737
1070 1855
1071 1929
1072 1400
1072 1550
1072 1672
1073 1174
1073 1455
1073 1674
1075 1338
1075 1764
1076 1179
1077 1170
1077 1417
1078 1705
1079 1195
1079 1864
1080 1481
1080 1523
1082 1285
1082 1935
1083 1729
1084 1415
1084 1449
1084 1961
1085 1339
1086 1089
1086 1123
1086 1775
1086 1846
1086 1865
1087 1744
1089 1923
1090 1115
1091 1292
1092 1132
1092 1859
1094 1353
1094 1378
1094 1735
1096 1994
1097 1836
1097 1931
1097 1967
1099 1101
1099 1314
1100 1486
1100 1900
1101 1673
1101 1751
1102 1731
1102 1785
1103 1644
1103 1864
1104 1142
1105 1374
1105 1967
1105 1969
1106 1345
1106 1432
1106 1562
1107 1414
1107 1584
1107 1696
1108 1275
1108 1283
1108 1358
1108 1387
1109 1130
1110 1231
1110 1300
1111 1434
1112 1953
1112 1964
1113 1710
1113 1729
1113 1755
1113 1814
1114 1717
1114 1941
1114 1972
1115 1310
1115 1313
1115 1377
1115 1773
1116 1207
1116 1250
1117 1202
1120 1185
1120 1807
1120 1823
1121 1290
1122 1194
1122 1794
1123 1290
1123 1886
1124 1476
1126 1294
1126 1523
1127 1409
1127 1474
1127 1800
1127 1861
1128 1578
1128 1808
1129 1208
1129 1455
1129 1998
1130 1647
1131 1533
1132 1151
1132 1168
1132 1266
1134 1299
1134 1395
1134 1846
1135 1823
1136 1594
1136 1595
1136 1772
1136 1928
1137 1750
1138 1188
1138 1189
1138 1376
1140 1223
1140 1544
1140 1758
1141 1713
1141 1986
1142 1480
1143 1402
1144 1321
1144 1334
1146 1619
1146 1678
1147 1632
1147 1676
1148 1666
1148 1770
1148 1964
1149 1349
1149 1480
1150 1641
1152 1236
1152 1537
1152 1678
1153 1691
1154 1665
1155 1234
1155 1843
1156 1315
1156 1385
1158 1833
1160 1310
1160 1590
1161 1602
1162 1351
1162 1595
1162 1854
1163 1449
1163 1916
1163 1946
1164 1264
1164 1343
1164 1757
1164 1931
1165 1466
1165 1692
1165 1832
1167 1346
1167 1705
1168 1301
1168 1790
1169 1332
1169 1334
1169 1558
1170 1205
1170 1214
1170 1316
1170 1494
1170 1830
1171 1300
1171 1404
1171 1470
1172 1221
1172 1570
1172 1968
1173 1309
1174 1254
1174 1494
1175 1892
1175 1988
1176 1380
1176 1574
1177 1525
1177 1540
1177 1834
1177 1953
1177 1956
1178 1646
1178 1759
1179 1410
1179 1489
1179 1868
1179 1958
1180 1576
1180 1868
1181 1406
1181 1546
1183 1377
1183 1548
1184 1420
1184 1654
1186 1852
1187 1230
1187 1369
1188 1349
1188 1380
1188 1424
1188 1432
1188 1608
1190 1457
1190 1639
1191 1207
1191 1468
1191 1552
1192 1243
1192 1376
1193 1439
1195 1767
1195 1915
1196 1624
1196 1982
1197 1435
1197 1742
1197 1780
1197 1943
1198 1534
1199 1307
1200 1752
1200 1888
1201 1266
1201 1368
1201 1405
1201 1732
1202 1261
1203 1775
1204 1208
1204 1376
1204 1462
1204 1484
1205 1920
1206 1342
1208 1385
1209 1454
1209 1724
1212 1419
1212 1695
1212 1980
1213 1563
1213 1629
1213 1979
1214 1350
1214 1447
1214 1557
1214 1861
1216 1401
1216 1810
1216 1977
1218 1293
1218 1498
1218 1641
1219 1431
1219 1844
1219 1940
1219 1991
1220 1742
1220 1785
1221 1657
1221 1697
1222 1230
1222 1572
1222 1665
1222 1710
1222 1948
1223 1231
1223 1904
1223 1911
1225 1714
1226 1606
1227 1899
1228 1585
1228 1804
1228 1890
1229 1555
1229 1924
1230 1726
1231 1431
1233 1342
1233 1444
1233 1495
1233 1988
1236 1238
1238 1619
1238 1778
1238 1878
1239 1256
1239 1417
1239 1932
1240 1468
1240 1778
1243 1402
1243 1821
1244 1300
1244 1361
1244 1522
1245 1424
1245 1534
1245 1773
1246 1798
1248 1579
1248 1861
1252 1735
1253 1643
1254 1552
1256 1896
1257 1527
1257 1627
1258 1913
1259 1701
1259 1983
1260 1694
1260 1989
1262 1805
1264 1484
1265 1446
1266 1588
1268 1275
1269 1365
1270 1340
1273 1348
1273 1895
1274 1865
1275 1582
1275 1592
1277 1515
1277 1901
1278 1409
1278 1613
1278 1875
1279 1496
1280 1572
1280 1767
1281 1940
1283 1716
1284 1825
1284 1830
1285 1388
1285 1823
1286 1931
1287 1324
1287 1461
1287 1628
1288 1707
1288 1933
1289 1326
1289 1834
1292 1539
1292 1760
1294 1404
1294 1601
1294 1764
1295 1466
1296 1458
1297 1529
1297 1679
1298 1636
1300 1544
1300 1827
1301 1493
1301 1682
1301 1757
1302 1568
1302 1840
1303 1488
1303 1983
1304 1512
1305 1557
1305 1822
1307 1352
1307 1372
1307 1764
1308 1370
1308 1951
1310 1398
1310 1511
1310 1810
1311 1425
1312 1439
1312 1476
1313 1380
1313 1771
1313 1958
1314 1948
1315 1442
1318 1407
1318 1493
1319 1636
1320 1629
1321 1350
1321 1758
1322 1738
1322 1897
1323 1947
1324 1348
1324 1987
1325 1468
1325 1924
1326 1489
1327 1612
1330 1409
1330 1645
1333 1837
1334 1834
1337 1584
1338 1740
1339 1920
1341 1437
1341 1615
1341 1638
1341 1840
1343 1646
1343 1683
1343 1782
1345 1610
1345 1765
1346 1615
1347 1707
1347 1824
1349 1750
1350 1498
1350 1771
1350 1945
1351 1530
1352 1421
1352 1985
1353 1506
1355 1401
1355 1435
1355 1722
1355 1831
1356 1760
1356 1989
1357 1573
1357 1940
1358 1393
1358 1764
1359 1689
1359 1824
1359 1922
1360 1525
1360 1940
1361 1792
1363 1631
1363 1825
1364 1623
1366 1696
1367 1584
1367 1649
1367 1768
1368 1554
1369 1570
1370 1389
1370 1466
1370 1657
1370 1808
1370 1923
1372 1789
1372 1886
1374 1920
1374 1937
1375 1583
1376 1687
1378 1617
1378 1972
1379 1778
1380 1541
1380 1567
1381 1610
1381 1691
1382 1715
1382 1739
1383 1640
1383 1932
1383 1995
1385 1556
1386 1550
1386 1574
1386 1759
1388 1525
1389 1398
1390 1814
1391 1903
1392 1944
1393 1645
1393 1850
1395 1710
1396 1490
1397 1434
1397 1920
1398 1405
1398 1521
1398 1616
1400 1805
1400 1941
1401 1961
1402 1444
1402 1530
1402 1580
1403 1688
1403 1881
1403 1905
1403 1927
1405 1510
1405 1551
1405 1925
1406 1513
1408 1565
1408 1630
1409 1411
1410 1770
1410 1959
1411 1471
1411 1709
1411 1856
1412 1912
1413 1553
1414 1632
1415 1829
1416 1917
1417 1637
1417 1900
1419 1603
1420 1972
1421 1544
1421 1729
1424 1601
1424 1742
1425 1552
1426 1503
1428 1595
1431 1690
1431 1984
1433 1571
1434 1661
1436 1511
1438 1586
1438 1779
1439 1619
1441 1573
1441 1635
1441 1689
1442 1804
1445 1906
1447 1645
1447 1764
1448 1461
1449 1752
1449 1815
1449 1854
1451 1861
1452 1472
1453 1487
1453 1746
1453 1818
1454 1608
1454 1776
1454 1820
1454 1992
1455 1749
1455 1782
1455 1833
1455 1880
1455 1984
1456 1721
1459 1990
1460 1505
1460 1652
1460 1820
1460 1889
1460 1901
1461 1764
1462 1481
1463 1492
1464 1491
1464 1832
1467 1610
1467 1966
1471 1915
1472 1615
1473 1636
1474 1597
1475 1806
1477 1891
1477 1903
1478 1700
1478 1795
1478 1987
1480 1518
1481 1907
1482 1669
1484 1649
1484 1697
1485 1725
1486 1679
1488 1491
1488 1504
1488 1547
1488 1603
1490 1713
1490 1750
1491 1798
1492 1898
1493 1652
1493 1705
1493 1782
1494 1866
1494 1997
1495 1587
1496 1525
1496 1664
1498 1734
1500 1611
1500 1842
1503 1751
1504 1645
1506 1535
1506 1636
1506 1862
1507 1606
1508 1919
1510 1676
1511 1654
1513 1751
1513 1996
1514 1870
1515 1543
1515 1798
1516 1849
1517 1716
1517 1784
1517 1957
1520 1808
1521 1646
1523 1656
1523 1727
1523 1950
1524 1528
1532 1744
1534 1753
1535 1831
1536 1832
1536 1937
1537 1973
1538 1922
1539 1617
1539 1629
1539 1676
1543 1692
1544 1928
1550 1708
1550 1949
1552 1932
1553 1904
1553 1908
1553 1982
1554 1952
1555 1678
1557 1565
1559 1930
1561 1683
1561 1892
1562 1585
1562 1924
1563 1734
1563 1752
1563 1945
1565 1613
1565 1878
1566 1580
1566 1909
1566 1944
1568 1784
1568 1879
1568 1887
1569 1597
1569 1969
1570 1577
1571 1861
1571 1901
1572 1632
1572 1673
1572 1703
1575 1631
1576 1979
1577 1685
1577 1770
1579 1614
1581 1650
1581 1918
1581 1985
1582 1625
1582 1967
1583 1586
1584 1976
1585 1757
1586 1608
1586 1893
1587 1653
1590 1736
1591 1868
1594 1787
1594 1805
1597 1762
1598 1608
1599 1783
1600 1698
1600 1793
1602 1663
1602 1946
1603 1621
1603 1693
1603 1753
1605 1683
1605 1807
1605 1962
1607 1923
1608 1616
1608 1754
1609 1839
1616 1811
1617 1739
1619 1696
1620 1972
1621 1987
1622 1771
1622 1788
1625 1943
1626 1948
1628 1913
1629 1894
1635 1669
1635 1827
1636 1818
1638 1723
1638 1905
1639 1777
1639 1965
1640 1939
1641 1773
1643 1814
1645 1708
1648 1755
1649 1990
1650 1762
1651 1849
1651 1910
1651 1929
1653 1986
1654 1981
1656 1828
1657 1674
1657 1896
1659 1728
1659 1963
1660 1818
1660 1925
1661 1819
1666 1928
1667 1678
1667 1899
1671 1738
1674 1686
1674 1687
1674 1919
1676 1940
1679 1978
1680 1688
1682 1814
1683 1800
1683 1847
1683 1931
1687 1717
1689 1711
1689 1783
1696 1833
1697 1976
1699 1882
1700 1983
1701 1951
1704 1785
1705 1949
1705 1950
1706 1819
1706 1937
1707 1888
1707 1957
1709 1802
1710 1865
1713 1944
1716 1776
1718 1889
1718 1993
1721 1764
1721 1874
1722 1798
1725 1998
1726 1943
1728 1841
1729 1979
1733 1753
1740 1841
1743 1951
1745 1961
1746 1871
1746 1971
1747 1764
1748 1968
1748 1983
1749 1769
1751 1753
1755 1799
1755 1955
1758 1782
1762 1889
1763 1872
1764 1774
1765 1909
1766 1896
1767 1942
1768 1969
1772 1830
1773 1961
1777 1975
1781 1843
1781 1957
1782 1865
1783 1908
1790 1839
1796 1862
1796 1922
1797 1884
1800 1905
1800 1917
1802 1958
1807 1926
1808 1833
1808 1881
1808 1962
1809 1908
1813 1947
1817 1843
1819 1886
1822 1948
1824 1966
1826 1934
1828 1859
1834 1911
1838 1915
1840 1879
1843 1999
1847 1988
1850 1953
1851 1923
1866 1950
1870 1904
1872 1978
1890 1944
1912 1925
1915 1917
1915 1979
1923 1976
1927 1988
1929 1989
1933 1959
1942 1971
1943 1980
