0 848
0 951
1 198
1 288
1 363
1 402
1 448
1 486
1 673
1 744
1 808
2 67
3 22
3 194
3 236
3 709
3 779
4 91
4 432
4 526
5 196
5 660
5 661
5 972
6 14
6 206
6 268
6 435
6 562
6 739
7 280
7 390
7 691
7 780
9 204
9 326
9 413
9 451
9 468
9 520
10 105
10 190
10 448
10 483
11 84
11 239
11 633
11 959
11 970
12 256
12 590
12 616
12 649
12 777
13 339
13 353
13 505
15 129
15 277
15 415
15 613
15 649
15 711
15 722
16 264
16 537
16 672
17 391
18 829
18 945
18 948
18 979
19 121
19 189
19 303
19 362
19 438
19 524
19 669
20 235
20 336
20 337
20 799
21 732
22 512
23 722
23 945
24 43
24 57
24 354
24 640
24 796
25 83
25 568
25 597
26 49
26 106
26 244
26 416
26 525
26 919
26 999
27 248
27 693
27 988
28 367
29 45
29 93
29 126
29 224
29 547
29 631
29 688
29 872
29 896
29 974
30 375
30 428
30 650
31 167
31 281
31 526
31 770
32 241
32 293
32 893
33 96
33 158
33 905
33 924
34 291
34 596
35 523
35 686
35 738
35 826
36 287
36 743
37 111
37 721
37 881
38 716
39 468
39 530
39 612
39 823
39 836
40 578
40 596
40 616
40 639
40 707
40 905
41 488
41 647
41 934
41 988
42 290
43 201
43 282
43 923
44 296
44 784
45 94
45 307
45 907
46 760
46 908
47 119
47 544
47 643
48 56
48 157
48 255
48 456
48 464
48 565
48 936
48 979
49 171
49 264
49 359
49 361
49 745
49 962
50 109
50 575
50 713
50 798
51 279
51 388
51 992
52 224
52 387
52 577
52 684
52 800
52 840
54 135
54 799
54 909
55 56
55 57
55 150
55 887
56 142
56 348
56 361
56 578
56 976
57 329
57 556
57 704
58 163
58 248
58 356
58 442
58 895
59 119
59 336
59 579
59 875
60 486
60 527
62 234
62 348
62 676
62 774
62 801
62 807
63 368
63 431
64 464
64 961
64 996
65 369
65 532
66 433
67 422
67 636
67 639
67 678
67 775
68 185
68 298
68 353
68 421
68 791
68 803
68 805
68 924
69 98
69 743
69 868
69 945
70 197
70 332
70 421
70 564
70 794
70 881
70 986
71 738
71 760
71 772
72 204
72 409
72 916
73 88
73 135
73 240
73 252
73 986
73 999
74 223
74 274
74 296
74 360
74 392
74 422
74 904
74 978
75 191
75 367
75 571
75 846
75 926
76 240
77 270
77 550
77 737
78 515
78 894
79 660
79 692
79 782
80 765
80 886
81 159
81 329
81 906
82 310
83 315
83 515
83 573
83 759
83 879
83 895
84 746
84 824
84 929
85 111
85 242
85 611
85 907
85 918
86 615
86 647
86 849
86 951
87 237
88 133
88 472
89 164
89 424
90 148
90 297
90 696
90 866
91 103
91 133
91 691
92 502
92 797
92 912
92 941
93 677
93 710
93 830
93 869
94 249
94 360
94 428
94 507
95 150
95 965
96 726
96 949
97 690
97 951
97 966
98 513
98 983
99 228
99 238
99 560
99 710
99 955
99 959
99 967
100 254
100 523
100 637
100 996
101 543
101 597
101 789
101 921
102 221
102 606
102 687
103 634
103 672
104 394
105 258
105 298
105 616
105 649
106 758
107 445
107 694
108 389
108 508
108 526
109 420
109 973
110 263
110 520
110 606
110 869
111 938
112 510
112 684
112 838
112 890
113 292
113 391
113 483
113 637
113 967
114 157
114 322
115 173
115 185
115 291
115 353
115 481
115 771
116 136
116 323
116 346
116 448
116 680
116 787
117 258
117 328
117 459
117 461
117 508
117 591
117 657
117 774
117 784
117 993
118 460
118 597
119 553
120 248
120 309
121 273
121 487
121 605
121 850
121 865
122 145
122 271
122 304
122 319
122 485
122 504
122 798
122 840
123 184
123 325
123 470
123 629
123 942
124 739
124 918
125 175
125 254
125 486
125 527
125 848
126 234
126 635
127 253
127 395
127 450
127 628
127 816
128 273
128 614
128 633
128 984
129 270
129 561
129 597
129 740
130 376
130 555
130 862
131 146
131 562
131 586
132 135
132 164
132 340
132 557
132 676
132 849
133 610
133 639
133 673
133 744
134 703
135 142
135 156
136 166
136 468
136 611
136 828
137 921
138 214
138 559
139 178
139 940
140 169
140 247
140 969
140 981
141 277
141 401
141 470
141 674
142 196
142 369
142 432
142 871
143 525
143 831
144 475
145 370
145 850
146 225
146 260
146 726
148 260
148 508
148 901
148 974
149 310
149 495
149 591
149 614
149 704
149 778
150 226
150 689
150 792
151 200
151 848
151 910
152 260
152 342
152 431
152 495
152 971
153 822
154 161
154 263
154 540
155 281
155 510
155 530
156 336
156 419
156 421
156 731
156 851
157 185
157 757
158 404
158 519
158 804
158 858
158 954
159 407
159 732
159 846
159 860
160 237
160 452
160 834
160 857
161 416
161 475
161 967
162 364
162 616
162 651
162 711
162 717
162 859
163 442
163 449
163 545
163 754
164 422
165 203
165 609
165 745
165 839
165 904
166 470
166 892
167 373
167 570
168 469
168 600
168 651
169 284
169 391
169 397
169 790
169 957
170 819
170 885
171 246
171 379
171 520
172 267
172 320
172 879
173 524
173 582
173 774
173 834
174 297
174 364
174 629
174 717
175 589
175 933
175 983
176 362
176 486
176 745
177 225
177 566
177 697
177 714
177 750
177 867
177 978
178 456
178 583
178 675
178 686
178 865
179 280
179 554
179 591
179 731
180 245
180 294
180 876
180 937
181 544
181 959
182 830
182 860
182 966
183 242
183 456
184 246
184 648
185 340
185 347
185 396
185 446
185 592
185 613
186 265
186 335
186 384
186 725
187 588
187 935
187 966
188 330
188 881
189 278
189 635
190 667
190 788
190 878
191 341
191 385
191 552
192 274
192 572
192 775
192 785
192 941
193 194
193 538
193 632
193 973
194 318
194 420
195 292
195 768
195 788
195 811
196 301
196 308
196 959
197 318
197 342
197 417
197 692
197 768
197 870
197 942
198 240
198 553
198 556
199 248
199 753
199 765
199 899
199 957
200 294
200 394
200 469
200 686
200 801
201 221
201 652
201 892
203 588
203 820
203 968
204 512
205 658
205 683
206 466
206 599
206 702
206 749
207 247
207 671
208 365
208 400
208 441
208 834
208 943
209 759
209 835
210 301
210 440
210 718
210 862
211 533
211 891
211 998
212 909
213 261
213 327
213 804
214 359
214 489
214 575
214 740
214 995
215 734
215 909
215 979
215 989
216 761
216 950
217 735
217 803
217 838
218 380
218 450
218 755
219 821
220 706
220 804
221 322
221 491
221 510
221 731
221 828
221 881
222 433
223 306
223 556
223 922
223 978
224 620
224 730
224 734
225 280
225 332
225 538
226 527
226 730
226 969
227 503
227 884
228 286
228 429
228 446
228 778
229 268
229 755
230 263
230 279
230 460
230 573
230 666
231 386
232 538
232 639
232 726
233 412
233 785
234 297
234 732
234 749
234 936
235 488
235 829
235 833
236 297
236 547
236 621
238 308
238 718
238 801
239 797
240 254
240 674
240 959
241 273
241 865
241 877
242 246
243 304
243 489
243 653
244 351
244 512
244 565
244 853
244 890
245 368
245 608
245 698
245 739
245 740
246 722
246 792
246 880
247 335
247 341
247 459
247 570
247 654
247 864
247 948
249 306
249 323
249 532
249 792
249 877
249 994
250 306
250 472
251 415
251 553
251 611
252 420
253 300
253 549
253 742
253 867
254 258
254 614
254 786
255 750
256 275
256 332
256 530
257 494
257 862
258 596
258 963
259 361
259 528
259 609
260 327
260 502
260 537
260 600
260 611
260 622
260 641
260 805
260 864
260 897
260 934
260 951
260 978
261 380
261 390
261 717
261 868
262 764
263 440
264 528
264 626
264 834
264 894
265 820
266 519
266 780
266 832
267 484
268 713
268 929
270 848
272 941
272 967
273 673
274 921
274 941
275 602
275 617
275 743
275 828
275 973
276 755
276 768
277 406
277 412
277 463
277 610
277 700
277 861
278 459
278 585
278 658
278 767
278 868
278 951
278 996
279 304
279 516
279 788
279 942
280 349
280 488
280 654
280 997
281 447
281 550
283 913
284 898
285 515
285 989
286 547
286 749
286 809
286 929
287 704
287 900
287 982
288 434
288 541
288 563
289 307
289 907
291 349
291 640
291 828
292 305
292 596
292 627
292 876
293 829
293 866
294 489
294 646
294 684
294 804
295 342
295 808
295 859
295 999
297 917
298 445
298 588
298 690
298 965
299 357
299 423
299 585
299 790
300 462
300 873
301 939
302 662
302 703
303 460
304 340
304 639
304 684
305 856
306 344
306 657
306 980
307 315
307 469
307 787
307 846
309 592
309 615
309 696
310 540
310 855
311 436
311 606
311 952
311 998
312 861
313 508
313 835
313 842
314 912
315 913
316 712
316 775
317 408
317 422
317 596
318 413
318 740
318 767
318 931
319 845
320 634
320 754
320 770
320 871
320 882
320 894
320 965
321 600
322 349
322 395
322 690
322 773
323 443
323 453
324 696
325 474
325 568
325 825
325 887
326 788
326 797
326 941
328 896
328 938
329 420
329 454
329 465
330 468
331 422
331 893
332 629
332 894
333 622
333 699
333 893
333 895
334 347
334 383
334 733
334 745
334 788
334 923
334 977
335 460
335 539
335 727
335 945
336 768
337 418
337 544
337 619
337 848
337 901
337 902
338 426
338 508
338 747
339 349
339 531
342 433
342 687
342 722
342 738
342 933
343 666
343 858
344 968
345 553
345 714
345 851
346 396
346 652
347 964
348 857
350 498
350 871
351 426
351 727
352 605
352 846
352 979
353 429
353 489
353 682
354 436
354 975
355 964
357 537
357 578
358 499
359 394
359 395
359 522
359 571
359 837
360 537
360 599
360 677
360 913
361 942
362 733
363 460
363 538
363 795
363 893
364 607
364 614
364 698
364 836
365 882
366 538
366 558
366 568
366 923
367 476
367 560
369 443
369 665
369 685
369 723
369 756
369 773
369 946
369 973
370 784
371 388
371 531
372 387
372 418
372 463
372 474
372 560
372 798
372 823
372 836
373 625
373 688
373 695
374 457
374 553
374 589
375 391
375 708
375 812
376 465
376 575
377 876
377 959
379 820
379 857
380 553
380 702
380 710
380 855
380 998
381 410
381 413
381 633
381 846
382 530
382 763
382 928
383 447
383 598
383 840
383 983
384 638
384 920
385 412
385 511
385 826
386 558
386 914
387 851
387 930
388 674
388 779
390 615
391 481
391 652
391 810
392 636
392 872
392 889
393 557
393 716
393 811
394 624
394 646
395 591
395 979
396 705
396 812
396 958
397 485
397 507
397 555
398 488
398 836
399 494
399 553
400 663
400 833
400 995
401 885
402 590
402 828
402 837
402 859
402 936
403 578
404 498
404 768
404 842
406 738
407 542
407 697
407 983
408 435
408 561
408 980
410 428
410 619
410 674
410 712
410 873
411 621
411 649
413 788
413 864
414 667
416 561
416 644
416 943
416 978
417 464
417 938
419 655
420 737
421 733
421 920
422 804
422 925
423 590
423 853
423 881
423 995
424 517
424 760
424 863
424 883
425 907
425 917
425 984
426 489
426 506
426 568
426 785
426 953
427 594
427 993
428 839
430 519
430 798
430 906
431 742
431 789
431 988
433 820
434 493
434 582
434 629
435 545
435 925
435 956
436 519
436 592
436 918
437 637
437 977
438 548
438 803
439 992
440 836
441 532
441 725
442 502
443 942
444 615
445 709
446 455
446 611
446 775
446 837
447 605
447 659
447 888
449 456
449 519
449 620
449 838
449 958
450 463
450 870
451 506
451 763
452 917
452 970
452 998
453 766
454 477
455 500
455 640
455 879
456 762
457 729
457 994
458 633
459 548
459 568
459 582
459 683
461 655
461 699
461 876
463 473
464 614
464 657
464 664
465 515
465 808
466 745
467 494
467 835
467 930
468 577
468 719
471 619
471 621
472 998
473 509
473 768
474 802
475 785
476 548
476 874
477 518
477 622
477 675
477 682
477 783
477 969
478 531
478 548
478 736
479 701
479 714
480 637
480 927
481 874
481 879
482 491
482 516
482 673
482 731
482 934
482 963
483 624
484 673
484 759
484 807
484 831
485 512
485 530
485 703
486 561
486 601
486 613
486 624
487 681
487 715
487 765
487 786
487 833
487 936
488 604
488 697
488 898
489 519
489 725
489 757
489 978
490 757
490 814
490 985
491 644
491 894
492 495
492 695
492 961
493 962
494 742
494 971
496 606
496 866
497 908
497 970
498 519
498 526
498 530
498 592
499 545
499 645
499 654
499 836
500 629
500 703
500 913
501 924
502 510
502 673
503 620
503 714
503 888
504 639
504 881
505 580
505 759
505 897
505 915
506 577
506 781
507 541
507 555
507 830
507 865
507 977
508 637
509 709
509 859
510 921
511 516
511 808
512 679
514 732
516 826
516 838
517 831
517 938
518 527
518 849
518 975
518 984
520 633
520 783
521 582
522 698
522 974
523 815
523 936
524 563
524 696
524 789
524 810
525 545
525 930
526 817
527 607
527 695
527 876
527 944
528 552
528 569
530 674
530 804
530 850
530 892
530 987
532 976
534 734
535 794
535 876
535 941
536 901
537 654
537 850
538 944
539 554
539 786
540 787
540 859
541 877
542 750
543 717
543 914
543 945
544 550
544 964
544 993
545 728
545 788
546 676
546 810
547 798
547 851
549 550
549 561
549 788
549 809
550 723
550 929
552 599
552 768
553 850
553 877
553 974
554 790
556 885
556 932
557 941
558 739
559 730
559 865
560 736
560 928
561 818
562 807
562 918
563 724
563 752
563 820
563 885
565 590
565 687
565 946
567 776
567 866
568 596
568 924
568 999
570 808
570 995
571 897
572 694
572 707
572 717
572 761
573 833
575 853
576 684
576 865
577 796
577 838
579 649
579 703
579 789
580 632
580 635
581 743
581 874
581 876
582 725
582 751
583 765
583 804
583 927
583 981
585 890
586 948
587 868
587 937
587 945
587 991
588 720
588 721
590 682
590 941
591 703
591 728
591 839
592 861
594 752
594 865
595 608
595 822
596 772
597 948
598 668
598 846
599 621
599 924
600 770
600 837
600 992
601 767
602 611
602 634
602 710
602 858
602 891
603 617
603 910
603 954
603 972
604 610
605 777
606 647
606 843
608 807
608 823
609 776
610 755
610 963
611 800
611 912
612 888
613 615
613 902
616 639
616 844
616 852
617 716
618 733
618 868
619 712
620 671
620 851
620 872
620 928
620 983
622 787
622 910
623 732
625 690
625 732
626 670
627 813
627 859
627 914
628 840
628 937
628 975
628 993
629 780
629 834
630 747
631 937
632 709
633 744
633 870
634 909
634 968
635 648
636 687
637 645
637 657
638 715
638 808
638 945
639 735
639 923
639 989
640 645
640 927
641 763
644 907
644 935
645 756
646 897
647 899
648 658
649 708
649 739
650 694
650 856
650 964
654 963
656 852
657 663
658 782
659 886
660 795
660 971
661 863
661 875
662 871
663 852
663 927
664 772
666 748
666 788
667 928
668 746
668 765
669 962
671 896
673 721
674 972
675 693
675 928
677 769
677 813
678 784
678 926
679 883
680 682
680 732
681 833
681 938
683 986
685 913
686 712
686 976
688 729
688 899
689 881
691 769
692 816
696 896
696 937
697 860
698 997
699 868
699 922
699 936
701 946
703 827
703 869
707 758
707 797
707 845
707 961
708 872
708 898
708 980
709 928
710 732
711 715
711 995
712 839
712 860
712 916
713 965
714 809
714 973
715 942
715 951
716 852
716 957
718 905
720 956
721 740
721 808
721 991
723 785
723 854
724 861
727 756
729 833
730 790
732 813
733 777
734 816
734 898
735 870
736 794
737 927
738 835
738 939
738 951
739 886
742 749
742 789
743 820
743 939
744 760
745 861
745 890
745 948
745 978
747 980
748 850
749 929
750 844
750 916
751 765
751 999
752 759
752 970
753 843
753 891
753 943
757 853
758 953
759 925
760 905
763 858
763 944
764 864
764 916
765 840
766 772
767 879
767 896
768 896
769 856
769 984
770 940
771 812
771 876
771 885
772 937
773 885
773 982
777 790
778 872
778 960
779 988
780 842
780 891
784 923
785 823
790 829
796 867
796 873
797 846
798 830
798 850
798 858
798 870
798 893
798 978
800 850
800 979
801 813
801 924
802 977
803 864
805 893
806 930
807 875
812 886
813 922
817 833
817 863
818 836
819 846
819 968
820 838
820 849
821 942
821 956
821 973
822 873
825 908
827 906
829 923
831 838
835 885
844 991
845 872
848 987
849 874
849 889
853 864
854 905
857 933
857 986
859 904
860 882
860 932
861 952
865 931
866 923
868 943
872 945
874 954
877 899
877 949
877 951
881 953
887 944
888 906
888 936
890 936
890 943
891 925
892 921
897 947
903 986
904 908
905 985
907 939
908 935
909 923
912 925
913 986
914 967
915 989
918 990
920 958
925 967
950 999
956 980
961 974
969 993
972 985
