0 1
0 2
0 4
0 9
0 21
0 39
0 50
0 52
0 59
0 78
0 87
0 88
0 103
0 106
0 115
0 116
0 121
1 2
1 3
1 4
1 7
1 14
1 18
1 30
1 34
1 39
1 44
1 48
1 53
1 55
1 66
1 70
1 87
1 90
1 104
1 114
1 119
2 3
2 5
2 14
2 16
2 17
2 31
2 38
2 49
2 50
2 54
2 58
2 63
2 73
2 76
2 86
2 107
2 108
2 117
3 6
3 10
3 11
3 13
3 15
3 16
3 18
3 20
3 25
3 30
3 31
3 32
3 37
3 41
3 42
3 54
3 55
3 57
3 60
3 61
3 62
3 69
3 74
3 76
3 81
3 82
3 86
3 88
3 92
3 94
3 97
3 109
3 112
3 120
4 5
4 8
4 22
4 42
4 65
4 66
4 68
4 75
4 81
4 100
4 110
4 111
5 6
5 7
5 8
5 10
5 11
5 12
5 17
5 19
5 25
5 26
5 27
5 37
5 40
5 51
5 61
5 70
5 91
5 98
5 99
5 105
5 109
5 122
6 19
6 23
6 28
6 77
6 101
7 9
7 13
7 21
7 36
7 83
7 85
7 92
7 97
7 105
7 106
7 117
8 79
8 110
9 12
9 46
9 98
10 15
10 27
10 29
10 32
10 75
10 114
11 23
11 84
11 103
13 33
13 113
13 116
14 22
14 24
14 35
14 47
14 51
14 124
15 20
15 24
15 28
15 29
15 44
15 56
15 60
15 79
15 95
15 96
15 123
19 41
19 46
19 56
19 59
20 43
21 72
22 43
23 49
23 63
23 67
23 71
23 102
24 26
24 84
24 120
25 33
25 36
25 69
26 34
26 35
26 80
26 83
26 89
26 112
27 40
28 64
28 65
28 67
28 73
28 82
28 90
28 93
28 95
28 99
28 123
29 57
31 38
31 45
34 64
34 85
35 47
37 89
43 94
44 45
44 48
44 53
44 58
44 62
44 119
50 52
52 71
52 80
52 111
53 78
53 101
57 118
61 100
61 104
61 122
61 124
63 68
63 91
63 107
66 77
66 118
68 72
71 93
73 74
73 102
75 96
80 113
94 108
98 115
101 121
