0 53
0 56
0 124
1 31
1 32
1 33
1 90
1 198
2 65
2 77
2 106
2 143
2 157
2 188
2 193
2 239
3 148
3 162
3 198
3 207
3 237
3 246
4 8
4 13
4 71
4 156
4 157
4 167
4 181
4 217
5 51
5 74
5 135
6 114
6 185
6 226
6 241
7 68
7 116
7 142
7 185
7 191
8 23
8 62
8 193
9 19
9 140
9 148
10 144
10 178
10 195
11 15
11 87
11 93
11 172
11 240
12 18
12 55
12 89
12 99
12 133
12 160
12 246
12 247
13 201
13 215
14 131
14 153
14 162
14 168
14 195
14 213
15 82
15 84
15 118
15 128
16 22
16 188
16 202
16 220
17 73
17 106
17 114
17 134
17 209
18 40
18 88
18 90
18 129
18 171
18 214
18 247
19 152
19 175
19 206
20 140
20 192
20 196
21 38
21 123
21 198
21 225
22 38
22 201
23 53
23 95
23 101
23 149
23 163
23 224
24 69
24 152
24 192
25 32
25 39
25 122
25 169
25 179
25 244
26 86
26 91
26 134
26 198
27 53
27 69
27 165
28 61
28 201
28 223
29 141
29 176
29 192
30 141
30 206
31 91
31 158
31 169
32 173
34 109
34 187
34 188
35 121
35 142
36 66
36 145
36 150
36 172
36 188
36 248
37 43
37 88
37 122
37 162
37 208
38 227
38 244
39 52
39 78
39 79
39 147
39 149
39 161
39 167
39 234
39 237
39 245
40 95
40 123
40 193
41 98
41 186
41 240
42 45
42 96
42 111
42 115
42 210
43 107
43 181
43 192
43 232
44 66
44 185
44 186
44 212
45 150
45 157
46 83
46 135
46 159
47 60
47 101
47 166
47 169
47 200
48 127
48 170
49 53
49 194
49 246
50 113
51 153
51 198
51 243
52 56
52 58
52 83
52 115
52 138
52 167
52 248
53 159
54 120
54 144
54 165
54 166
54 230
54 240
55 138
56 177
57 155
57 186
59 78
59 142
60 249
61 85
61 179
61 223
61 226
62 107
62 111
62 124
62 207
63 81
63 92
63 94
63 111
63 121
64 100
65 101
65 141
65 197
65 229
65 240
66 68
66 131
66 142
66 150
67 73
67 140
68 150
68 161
68 162
68 220
69 119
69 160
70 112
70 163
70 178
71 78
71 83
71 128
71 183
71 189
71 219
71 229
71 239
72 191
72 197
73 122
73 216
74 82
74 112
74 120
74 196
74 218
75 106
75 121
75 131
75 139
76 175
76 184
76 202
76 208
77 91
77 136
77 159
77 244
78 84
78 104
79 131
79 190
80 112
80 163
80 207
81 111
81 133
81 167
81 216
82 87
84 119
84 148
84 193
84 197
84 221
84 235
85 134
85 235
85 238
86 116
86 144
86 180
86 190
87 158
87 186
88 90
89 161
89 162
90 94
90 95
90 158
90 209
90 235
91 219
91 224
91 248
92 147
92 238
93 123
93 213
93 225
94 170
94 237
95 104
95 114
95 143
95 149
95 241
96 103
96 114
96 161
96 206
97 221
98 137
98 216
98 223
99 108
99 166
100 128
100 240
101 132
101 238
102 169
102 172
102 200
103 135
104 157
104 183
104 218
104 238
105 117
106 153
106 214
106 215
107 182
108 137
109 193
110 169
110 236
111 125
112 182
112 197
112 219
113 190
113 192
113 244
114 136
114 176
115 193
116 182
117 131
117 222
117 227
117 238
118 146
119 161
120 187
121 149
121 217
122 129
122 214
123 124
123 193
123 226
123 233
124 189
124 205
125 184
125 197
126 200
126 220
127 163
127 195
128 130
128 173
128 192
128 211
129 210
130 192
131 137
131 203
131 226
132 246
133 245
134 135
134 149
134 206
135 177
135 228
136 242
136 246
138 204
138 205
138 211
138 217
139 163
140 210
141 148
142 151
142 221
144 215
146 172
146 208
147 160
147 200
147 213
148 224
148 239
148 244
149 157
149 179
149 196
149 240
153 192
153 242
157 177
157 217
159 242
163 177
163 227
164 171
165 182
165 222
166 179
166 188
166 233
169 185
169 220
169 240
170 174
170 215
171 224
174 179
174 206
175 227
176 177
176 193
176 236
177 179
177 192
177 201
179 189
180 219
182 219
182 244
183 188
183 235
184 238
186 200
187 192
187 194
187 246
188 229
188 243
189 228
190 247
192 240
192 247
193 224
194 236
195 205
196 219
196 224
199 221
200 215
201 240
205 225
206 215
206 239
207 229
208 224
208 245
209 233
212 230
217 237
222 230
228 230
236 245
240 242
240 249
