0 276
0 1793
0 1961
1 74
1 1656
1 1934
1 2130
1 2340
2 3807
3 1862
3 1902
3 2481
3 2591
3 2673
3 3197
3 3690
4 406
4 750
4 1115
4 1316
4 3076
5 1461
6 156
6 360
6 786
6 2393
6 2736
6 3567
6 3947
7 968
7 2245
7 2681
7 3112
8 102
8 162
8 550
8 903
8 1935
8 2316
8 2429
8 2534
8 3636
8 3674
9 296
9 712
9 869
9 1298
9 2944
9 3158
9 3792
10 235
10 429
10 648
10 741
10 1816
10 2140
10 3947
11 647
11 2702
11 2718
11 3518
11 3628
12 1474
12 1622
12 2245
12 2670
12 3645
12 3683
13 214
13 229
13 953
13 1872
13 2780
13 3802
14 2286
14 2979
14 3498
14 3593
14 3610
15 2371
15 2780
15 2881
15 3815
16 572
16 1134
16 1252
16 2517
16 3985
17 40
17 957
17 1357
17 3801
18 1298
18 1506
18 2616
18 2676
18 2848
19 1946
19 2816
20 588
20 1374
20 1623
20 2110
20 2205
20 3180
20 3296
20 3825
21 882
21 1202
21 1895
21 2472
21 2764
21 3461
21 3834
22 390
23 734
23 2918
23 3660
25 2099
25 2318
25 2629
25 3626
25 3848
26 486
26 2049
26 2092
26 3264
26 3353
26 3530
27 1232
27 2637
27 3648
28 1558
28 3812
29 179
29 224
29 871
29 1040
29 2571
29 2781
29 2903
30 83
30 1155
30 1714
30 2096
30 2687
30 2811
30 2814
31 39
31 1543
31 2276
31 2427
32 238
32 304
32 934
32 1358
32 1845
32 2950
33 1287
33 2237
33 2645
33 2822
33 2828
33 3065
34 998
34 2504
34 2930
35 610
35 1036
35 1730
35 2413
35 2478
35 3221
36 2867
36 3753
37 235
37 534
38 1067
38 2306
38 3455
38 3743
39 226
39 1885
40 537
40 1213
40 1384
40 1916
40 2500
41 1590
42 129
42 797
42 1433
42 3434
43 518
43 2076
44 2037
45 585
45 2704
45 3542
46 392
46 668
46 2793
47 494
47 706
47 742
47 1516
47 2045
48 152
49 1084
49 2770
49 3529
50 1171
50 1392
50 1507
50 1564
51 332
51 1169
51 3287
51 3404
51 3426
51 3965
52 639
52 1414
52 1834
52 2854
52 3298
52 3846
53 2067
53 3726
54 2715
54 3420
55 928
55 1234
55 2375
55 2970
56 160
56 839
56 963
56 1221
56 2226
57 685
57 1075
57 2587
57 2846
58 471
58 2116
58 2330
59 87
59 1834
59 2770
59 2929
59 2999
60 1582
60 1823
60 2018
61 2921
61 3189
61 3451
61 3618
61 3792
61 3999
62 1209
62 1282
62 2205
62 3649
63 188
63 3108
64 1725
64 3049
64 3072
65 196
65 821
65 2068
65 2586
65 3251
65 3349
66 1140
66 1853
66 3931
67 311
67 943
67 1513
67 1916
67 3632
68 188
68 2564
68 3268
69 472
69 3150
69 3258
69 3966
70 903
70 1033
71 781
71 795
71 2040
71 2716
72 1360
72 1499
72 2990
73 132
73 3350
74 1315
74 1414
74 2136
74 2819
74 3214
74 3262
74 3526
75 498
75 2435
75 3321
75 3989
76 892
76 1818
76 2111
76 2368
76 2446
76 3744
76 3916
77 1165
77 1797
77 3773
78 289
78 1657
79 336
79 406
79 592
79 1767
79 1993
79 2996
79 3916
79 3918
80 905
80 1651
80 2129
80 2139
80 2366
80 3194
81 472
81 2297
82 193
82 2524
82 3048
82 3966
83 3322
83 3407
85 2714
85 3032
85 3608
85 3715
86 2647
87 112
87 687
87 1182
88 1035
88 3078
88 3526
89 1469
89 3053
89 3177
90 1081
90 2275
90 3782
90 3932
90 3998
91 383
91 752
91 909
91 1796
91 1814
91 1960
91 2800
92 2004
92 3134
92 3272
93 3287
94 453
94 1871
94 3621
94 3818
95 977
95 2182
95 2749
95 2848
95 3668
96 541
96 910
96 1380
96 1566
96 3839
97 931
97 1372
97 2187
97 3020
98 2280
98 2620
99 182
99 1394
99 2668
99 3307
100 1225
100 1767
100 2025
100 3012
100 3023
100 3833
100 3881
101 597
101 639
101 938
101 2114
101 3423
101 3526
102 245
102 845
102 1895
102 2574
102 2629
102 2774
103 978
104 942
104 947
104 2168
104 2442
105 188
105 1669
106 758
106 1129
106 3154
106 3901
107 2437
107 2802
107 3628
109 1497
109 3287
109 3737
110 554
110 1902
110 2904
110 3614
111 1152
111 1870
111 2084
111 2983
112 3024
112 3432
112 3757
114 229
114 1278
114 1462
114 3194
115 724
115 1344
115 3550
116 2990
117 420
117 1937
117 2685
118 373
118 1620
118 1780
118 3347
118 3821
119 1259
119 2566
119 2752
119 3554
120 1006
120 3841
121 198
121 1811
121 2076
121 2494
121 2644
121 2942
122 1267
122 2867
123 129
123 1213
123 1567
123 2255
123 3033
123 3114
124 145
124 648
124 1663
124 2664
124 2748
125 3132
126 975
126 3918
127 378
127 772
127 1276
127 1976
127 2285
127 2979
127 3136
127 3140
128 778
128 2943
128 3747
129 168
129 857
129 974
129 1497
129 2975
130 164
130 781
130 1697
130 3172
130 3672
131 462
131 1116
131 1540
131 2461
131 3656
132 1468
132 2013
132 2819
133 515
133 937
133 2313
133 3231
134 289
134 2926
135 273
135 467
135 1656
135 1740
136 2231
136 2371
136 3953
137 148
137 339
137 2277
137 2456
137 2988
137 3423
138 286
138 1136
138 1173
138 2493
138 3521
138 3656
139 1425
139 2563
139 3049
139 3171
139 3451
139 3812
140 1955
140 3039
141 203
141 773
141 1221
141 2879
141 3840
141 3920
142 217
142 506
142 3822
143 1465
143 3362
143 3923
144 757
144 1606
144 2328
145 1203
145 2097
145 2347
145 3560
145 3795
147 869
147 1888
147 2055
147 2324
147 2649
147 3175
147 3607
147 3818
148 1143
148 2752
148 3868
149 295
149 451
149 1035
149 2341
149 2441
149 2528
149 2786
149 3329
149 3519
150 1432
150 1555
150 1935
151 608
151 1050
152 1289
152 2121
152 2238
153 703
153 1534
153 2270
153 2303
153 2613
154 1466
154 3979
155 1331
155 3345
155 3580
156 1306
156 3666
157 1285
157 1433
157 2220
157 2798
157 3359
158 390
158 1286
159 598
159 742
159 2012
159 2136
159 2215
159 3283
160 586
160 1476
160 1932
160 2287
160 2581
161 527
161 2335
162 769
162 894
162 1174
162 1853
163 1346
163 2514
164 454
164 707
164 2299
164 3615
165 798
165 871
165 1784
165 1822
165 2903
166 1876
166 2951
166 3716
167 1541
167 1759
167 3031
167 3272
168 632
168 640
168 1028
169 583
169 762
169 1633
169 1872
169 3614
170 1895
170 2097
170 2288
170 3448
171 256
171 603
171 1155
172 1574
172 2655
172 2685
172 2769
172 2812
172 2961
172 3407
172 3463
172 3486
173 442
173 775
173 1289
173 1533
173 2037
173 3387
174 1316
174 2004
174 2021
174 2255
175 2926
175 3055
175 3070
175 3663
175 3977
176 228
176 2196
176 2611
176 3006
176 3512
177 446
177 487
177 1490
178 406
178 491
178 1023
178 1508
178 1892
178 2275
178 2306
178 3671
178 3798
179 482
179 869
179 2921
180 2932
180 3761
180 3799
181 187
181 429
181 811
181 1061
181 1780
181 2018
182 209
182 412
182 1028
182 2120
183 558
183 879
183 2602
183 2864
183 3021
183 3128
183 3577
184 521
184 757
184 1346
185 619
185 2783
185 3695
186 194
186 333
186 1612
186 1657
187 1829
187 2785
188 905
188 3324
188 3585
189 1629
189 3486
190 428
190 1919
190 2855
190 2919
190 3327
190 3534
191 305
191 785
191 1255
191 2125
191 2965
191 3099
191 3237
192 1110
193 1774
193 2354
194 474
194 3229
195 942
195 2814
195 3381
196 653
196 1119
196 1749
196 1766
196 1898
196 1940
196 3325
196 3557
197 332
197 2359
197 3419
198 1404
198 2286
198 3567
198 3574
198 3685
198 3895
200 1903
200 2942
200 3062
200 3781
201 280
201 643
201 1684
201 2272
201 2305
201 3524
202 242
202 248
202 966
202 2107
202 2951
203 653
203 3204
203 3859
203 3987
204 335
204 2050
204 3469
205 803
205 3724
206 537
206 768
206 1962
207 1888
207 1931
208 1045
209 347
209 383
209 394
209 738
209 987
209 1143
210 333
210 408
210 779
210 1069
210 1493
210 2293
210 2488
210 3211
211 2374
213 1274
213 2725
213 2757
214 2338
214 2594
214 2809
215 2392
215 2699
215 3214
215 3325
216 2356
216 3381
216 3525
217 731
217 1390
217 1487
218 2253
218 3456
219 2656
219 3020
220 2502
220 3364
220 3525
221 1823
222 2779
222 3386
222 3520
223 1262
223 1538
223 1742
223 2052
223 2399
223 3574
223 3927
224 375
224 1423
224 1966
225 2030
225 2550
225 2732
225 3626
225 3637
225 3652
226 282
226 585
226 1570
226 2084
226 3882
227 689
227 2141
227 2437
227 3007
228 960
228 1621
228 2001
229 476
229 2020
229 2619
229 3041
229 3282
231 412
231 1135
231 1137
232 2663
233 1303
233 1962
233 2063
234 928
234 1040
234 2072
234 2552
234 2620
234 3330
235 628
235 730
235 970
235 1217
235 2515
235 2613
235 2663
236 1402
236 1466
237 1285
237 2666
237 3008
237 3385
237 3435
238 2048
238 2532
238 3022
239 1026
239 1049
239 1239
239 2018
239 3936
240 946
240 1713
240 2012
240 2161
240 3404
241 1430
241 3074
241 3522
241 3600
241 3751
241 3882
242 1912
242 2088
242 2496
243 300
243 330
243 950
243 1039
243 2926
243 3006
243 3616
244 1210
244 1418
244 2452
244 3814
244 3848
245 757
245 2688
246 372
246 2773
246 3195
247 1004
247 2701
247 3181
247 3390
247 3545
248 2228
249 3201
250 1451
250 1481
250 2027
250 2306
250 2605
250 3775
251 775
251 947
251 1387
251 1396
251 2920
252 1099
252 1594
252 2756
252 2939
252 3164
253 2289
253 2951
254 340
254 1386
255 1287
255 2708
255 3165
255 3362
255 3586
256 393
256 2226
257 435
257 1551
257 3541
258 1476
258 2564
258 3261
258 3444
259 1467
259 1696
259 2405
259 2473
259 2871
259 3641
260 635
260 659
260 1893
260 2576
260 3592
260 3936
261 1589
261 2662
261 2720
262 1492
262 1933
262 2571
262 3883
263 454
263 2254
263 2449
264 1020
264 1306
264 2368
265 1076
265 1320
265 2373
265 3652
266 1605
267 1108
267 1134
267 1482
267 1517
267 1747
267 2606
267 3282
267 3643
268 2366
269 2643
269 3854
270 1208
270 1578
270 1802
270 1829
270 3608
270 3916
271 354
271 2103
271 3943
272 459
272 824
272 1048
272 2246
272 2894
272 3053
272 3189
273 1469
273 1598
273 2704
273 3277
273 3454
274 795
274 2136
274 2463
275 499
275 1939
275 2909
276 314
276 2307
276 2324
276 2922
276 3112
276 3176
276 3556
277 323
277 2256
277 3976
278 610
278 656
278 719
278 1540
278 2446
279 360
279 385
280 1154
280 1202
280 2881
280 3040
280 3510
281 1428
281 2077
281 2875
281 3444
281 3502
282 999
282 2122
282 3206
283 3789
284 569
284 2574
284 3684
285 741
285 1206
285 1612
285 3280
286 3234
287 807
287 2316
287 2745
288 3185
288 3389
288 3892
289 1164
289 2283
289 2873
289 3338
290 1369
290 2993
290 3038
290 3361
291 790
291 1331
291 2102
291 2725
291 2965
291 3204
292 2698
292 2865
292 3486
292 3700
293 545
294 1103
295 480
295 549
295 760
295 1580
295 3359
296 632
296 1653
296 1909
296 3261
297 2367
297 3050
297 3591
298 3620
299 1427
299 2282
299 2685
300 2204
300 2730
300 3459
301 338
301 642
301 2215
301 3369
302 1775
302 2032
302 3913
303 1246
303 2307
303 2931
304 1954
304 3635
305 1211
305 2968
306 403
306 2714
307 1204
307 2469
308 497
308 557
308 3093
308 3391
309 536
309 872
309 1301
309 1623
309 2552
309 3419
310 1271
310 1685
310 2405
310 2589
311 1158
311 3210
312 2790
312 3060
312 3711
312 3819
313 809
313 1488
313 1786
313 2287
313 2387
313 2754
314 661
314 1054
314 2088
314 2782
315 615
315 3593
315 3876
315 3970
316 1166
316 1483
316 2211
316 2255
316 2364
316 2829
316 3437
316 3491
316 3686
316 3942
317 893
317 1227
317 3982
318 1862
318 2562
318 3181
320 1224
320 1857
320 3691
321 1099
321 3062
321 3149
322 323
322 555
322 575
322 1546
322 2004
322 2736
322 2945
322 3306
323 3578
324 2047
325 1064
325 1671
325 1932
325 2426
325 3614
325 3731
326 3196
326 3958
327 1921
327 1929
328 2791
329 975
329 1457
329 1621
329 3569
329 3819
330 744
330 1343
330 3257
331 705
331 781
331 903
331 1576
332 1621
332 2206
332 3315
333 337
333 1918
333 1939
333 3057
334 2719
334 2983
335 822
335 1899
335 2184
335 3857
337 1576
337 2214
337 3835
338 3359
338 3484
338 3871
339 953
339 1676
339 1841
339 3517
339 3652
340 704
340 1399
340 1714
340 3447
340 3566
340 3604
340 3794
341 588
341 1403
341 3496
341 3955
342 1096
342 1241
343 1040
343 2239
343 3802
343 3936
344 407
344 491
344 2989
345 633
345 2507
345 3474
345 3746
346 830
346 2627
347 1634
347 2889
347 3115
347 3834
347 3968
348 690
348 1015
349 1588
349 1654
349 2536
349 2979
349 3607
349 3944
350 3899
351 2329
351 3986
352 2062
353 802
353 1015
354 1303
354 1964
354 1992
354 2690
354 2934
354 3094
354 3221
355 1679
355 1681
355 2298
356 1070
356 1626
356 1990
356 2999
357 1032
357 1139
357 1282
357 3810
358 650
358 1242
358 2201
358 2366
358 3368
358 3522
359 745
359 1174
359 1444
359 2278
359 2520
359 2562
359 2777
359 2954
359 3036
360 1520
361 2094
361 2617
361 3028
362 772
362 867
362 2396
362 2768
362 2992
362 3400
363 3867
363 3970
364 1690
364 2264
364 2568
365 1086
365 3479
366 2655
366 3141
367 2804
367 2990
367 3351
368 1017
368 1646
368 3642
368 3866
369 1785
369 2313
370 1290
370 1348
370 2006
370 2102
370 2310
370 3821
371 2570
371 3781
372 2854
373 388
373 636
373 2173
373 2516
373 3601
374 1051
374 1880
374 1940
374 2020
374 2372
374 2993
374 3751
374 3850
375 927
375 1117
375 1160
375 1236
375 2685
375 3192
375 3371
375 3855
376 1387
376 1782
376 2422
376 2460
376 3506
376 3514
377 574
377 1357
377 3111
378 1297
378 1318
378 2774
379 724
379 1038
379 1714
379 2236
379 2749
379 2797
379 2847
379 3242
380 1244
380 1452
380 2220
380 3966
381 445
381 1008
381 1028
381 1593
381 1744
381 1886
381 2054
381 2898
381 3685
382 1060
382 1921
382 2772
382 3731
383 999
383 1503
383 3282
384 1000
384 2234
384 3135
384 3492
384 3732
384 3772
385 2866
385 2892
385 2914
385 3592
385 3865
386 1295
386 1801
386 3540
386 3704
386 3923
386 3934
387 1934
387 2639
387 3097
388 684
388 988
388 3154
389 1198
389 1761
389 3576
390 1058
390 3144
391 2119
391 3504
392 1312
392 3814
393 1003
393 1607
393 3959
393 3966
394 502
394 3101
394 3443
396 1396
396 1688
397 1253
397 2520
397 2912
397 3768
398 3773
398 3823
399 832
399 1141
399 2907
400 1686
400 2033
400 2712
400 3574
401 1362
401 3267
401 3609
402 918
402 1703
402 2303
402 3478
403 1108
403 1616
403 1772
403 2760
404 1642
404 2039
404 2526
405 2841
405 3128
405 3624
406 505
406 1646
406 2672
407 915
407 1868
407 1942
407 2886
408 1559
408 2929
408 3649
408 3874
410 457
410 2241
410 3698
411 972
411 2040
411 3531
411 3572
412 530
412 2205
412 2303
412 2876
412 2963
412 3680
412 3711
413 1379
413 2153
413 3793
414 937
414 2043
414 2426
414 2748
415 688
415 3398
416 1635
416 2011
417 473
417 1147
417 1812
417 3276
418 935
419 741
419 3158
420 557
420 691
420 741
420 1152
420 1255
420 1608
420 1733
420 2553
420 3611
421 3066
422 2395
423 623
423 1579
425 1172
425 3566
426 1072
426 3982
427 1297
427 1699
427 1833
427 3536
428 2158
429 1534
429 3592
429 3905
430 892
430 1649
430 2095
430 2680
431 1185
431 1719
431 2358
431 2364
431 3501
431 3622
432 453
432 3244
433 687
433 758
433 1298
433 3928
434 2854
434 2937
434 3639
434 3885
435 2211
435 3753
436 2688
436 3182
436 3287
437 554
437 618
437 696
437 1138
437 2180
437 2231
437 3620
437 3672
438 441
438 681
438 1421
438 2392
438 3715
438 3925
439 3977
440 1124
440 1663
440 1685
440 3296
440 3360
440 3760
441 584
441 836
441 1636
441 1889
441 2626
441 2882
442 1662
442 2267
442 2764
444 465
444 1052
444 1067
444 1147
444 2302
444 3648
445 537
446 606
446 3022
447 2120
447 2124
447 3857
448 657
448 766
448 858
448 1688
448 2217
448 2787
450 898
450 1947
450 2549
450 3222
450 3589
450 3744
450 3836
451 1270
451 1693
451 2262
451 3784
452 603
452 1313
452 1491
452 2665
453 657
453 2566
453 2838
454 555
454 905
454 2530
455 741
455 1941
456 2199
456 3049
456 3907
456 3949
457 468
457 675
457 2423
457 2930
457 2961
457 3050
458 2798
458 3351
459 2325
459 3200
460 2113
460 3018
460 3163
460 3228
460 3290
460 3382
460 3485
461 1937
461 2974
461 3524
462 2162
462 3586
462 3843
463 1975
463 2572
463 2740
463 3072
464 1334
464 1409
464 2987
464 3622
465 1397
465 2689
465 2856
465 2958
465 3940
466 1786
466 2564
466 2801
467 1091
467 2868
467 3039
467 3552
467 3805
468 1356
468 1412
468 1851
468 1917
468 3145
468 3704
468 3738
469 1222
469 2867
469 3016
469 3139
470 706
470 1102
470 3939
471 1640
471 2383
472 630
472 1951
472 2838
472 2998
473 907
473 1347
473 2075
473 2921
473 3666
473 3716
474 1043
474 2652
474 3457
474 3486
475 999
475 1561
475 3619
475 3768
476 986
476 1049
476 1459
476 2444
477 1377
477 1493
477 3923
478 1410
478 3060
478 3181
479 1403
479 1814
480 516
480 1127
480 2607
481 1513
482 1057
482 2020
482 2452
482 2565
482 2918
482 3865
483 494
483 2859
484 2080
484 2745
485 667
485 876
485 1881
485 3206
485 3553
486 781
486 1807
486 1978
486 2341
486 2446
486 3039
486 3389
487 1152
487 3012
487 3214
487 3674
488 675
488 3915
489 1134
489 2346
489 3241
489 3475
490 2662
490 3794
491 544
491 1543
491 2133
491 2936
491 3795
492 1115
492 1202
492 2553
492 3236
492 3944
493 1147
493 1544
493 2469
493 3136
494 538
494 3327
495 1868
495 1951
495 2019
496 1469
496 1723
496 3509
497 1510
497 2409
497 3181
497 3753
498 1040
498 2263
498 3292
499 863
499 3668
500 1519
500 2761
500 3553
500 3858
500 3963
501 906
501 1607
501 3401
501 3741
503 705
503 706
503 2254
503 2939
503 3923
503 3958
504 525
504 535
504 1604
504 2246
504 2356
504 2797
505 1199
505 1748
505 3709
506 1268
506 1936
506 3155
507 987
507 3499
508 1067
508 1585
508 1602
508 1632
508 1683
509 1208
509 1298
509 1565
509 1669
509 2520
509 3103
510 1137
510 1355
510 1640
511 1238
511 2073
511 2246
511 2360
512 2191
512 3420
513 990
513 1385
514 1987
514 2242
515 1337
515 1899
515 3308
516 1224
516 3947
517 3301
517 3929
517 3937
518 671
518 1183
518 2645
518 3576
519 1752
519 2668
519 3417
519 3665
520 1307
520 1429
520 1999
520 2828
521 682
521 1595
521 3983
522 2727
523 1766
523 2046
523 2511
524 655
524 818
524 964
524 1215
524 2484
524 2786
524 3587
525 1124
525 1127
525 1637
525 1652
525 1746
525 1988
525 2931
525 3352
525 3585
526 1187
526 1290
526 1428
526 3472
526 3709
527 1712
527 2224
527 2243
527 2625
528 544
528 548
528 1843
528 2687
528 3606
528 3642
529 1385
529 1735
529 2789
529 3288
529 3890
530 3021
530 3507
531 1675
531 2589
531 3884
532 2911
533 822
533 1042
533 3288
533 3866
534 1712
534 2655
534 2856
534 3915
535 783
535 961
535 2102
536 2495
536 2603
536 2874
536 3331
536 3417
536 3420
536 3463
536 3614
536 3655
537 905
537 1270
537 3161
537 3672
538 1426
538 2411
538 3010
538 3826
539 1694
540 1618
540 2721
540 2783
541 2684
542 2154
542 2656
542 2968
542 3180
542 3255
543 807
543 859
543 1828
543 2441
544 619
544 2381
544 3019
544 3040
544 3103
545 1108
545 1430
545 2424
546 1424
546 2378
546 2709
546 3476
546 3484
546 3965
547 971
547 2052
547 3000
548 2074
548 2653
549 763
550 1025
550 2099
550 2757
550 3436
550 3613
551 1641
551 3130
551 3457
551 3986
552 2672
552 3420
553 621
553 890
553 1275
553 1734
553 3010
554 603
554 1184
554 2014
554 2652
555 620
555 1958
555 2269
555 2575
555 3918
556 1924
557 807
557 1687
557 2195
558 1411
558 1733
558 2955
559 1752
559 1954
559 2902
560 1835
560 2525
560 2879
561 2591
561 3614
561 3739
561 3823
562 1627
562 2260
562 3860
563 2705
563 3334
563 3550
565 855
565 3174
565 3177
566 1824
566 2483
566 2637
566 2993
568 3099
569 2245
569 2371
569 2798
569 3335
570 1786
570 3117
570 3816
571 1851
571 2920
571 2969
571 3452
571 3523
572 2454
572 3862
574 1190
574 3390
574 3974
575 692
575 790
575 1351
575 2765
575 2944
575 3148
575 3780
576 820
576 1447
576 2080
576 2207
576 2981
576 3559
577 2384
577 2602
577 2762
577 3001
577 3683
578 586
578 748
578 1676
578 2383
578 2452
578 2675
579 1623
579 1782
580 1199
580 1215
580 2272
580 3288
581 2242
581 2313
582 949
582 2200
582 2617
582 2750
582 3454
582 3495
583 1554
583 2117
583 2262
583 3170
584 904
584 1374
584 1776
584 3883
585 1332
585 1464
585 1900
585 2234
585 2535
586 692
587 2546
587 3206
587 3410
588 1676
588 3080
589 1267
589 1801
590 1759
590 1774
590 3182
591 1485
591 1543
591 2060
591 3118
591 3142
591 3764
592 899
592 1874
592 3072
592 3703
592 3787
592 3996
593 2265
593 2620
593 2964
594 1055
594 2128
594 2754
594 3740
595 643
595 1208
596 1478
596 2710
596 3284
597 808
597 894
597 1768
598 2656
598 2765
599 1266
599 2960
600 1099
600 1528
600 1533
601 748
601 794
601 1978
601 3192
602 1564
602 1671
602 2050
602 2095
602 2854
602 3800
602 3896
602 3958
603 720
603 1600
603 1902
603 2304
603 3745
604 2755
604 3445
605 1233
605 3093
605 3144
605 3273
606 701
606 1029
606 1168
607 888
607 1644
607 2354
607 2759
608 803
608 1256
608 1998
608 3077
609 1425
609 2153
609 2791
610 1125
610 1149
610 1907
611 976
611 1003
611 1749
611 2594
611 2664
611 2908
612 1136
612 3724
613 923
613 1900
613 3486
613 3811
614 1651
614 2720
614 2807
614 3434
615 1238
615 2675
615 3954
616 751
616 775
616 2138
616 2639
616 3420
617 1507
617 2133
617 2263
618 2156
618 2252
618 2689
618 3559
618 3595
618 3860
618 3959
619 1624
619 3508
620 3224
620 3270
620 3592
620 3623
621 1645
621 1809
621 2178
621 3294
622 1800
622 1966
622 3104
623 1587
623 2703
623 3719
624 2208
624 2619
624 3202
624 3490
624 3767
624 3903
625 1131
625 2566
625 2758
625 3429
625 3674
626 1197
626 1281
626 1485
626 2078
626 2196
627 3447
627 3682
627 3947
628 1642
628 1845
629 1389
629 1430
629 1686
629 2655
629 3835
629 3923
630 1061
630 1734
630 3863
631 1328
631 3532
632 3783
633 1189
633 3508
633 3516
633 3556
634 1817
634 2264
634 3668
634 3704
635 1059
635 1114
635 1299
635 1384
635 1455
635 2494
635 2682
635 3383
636 2554
637 818
637 2273
637 3271
638 760
638 2765
638 2985
639 1169
639 1299
639 3968
640 1543
640 2408
640 3745
640 3869
641 807
641 1272
641 3535
641 3610
643 2201
643 2356
643 2517
644 664
644 3442
645 1331
645 2276
645 3580
646 1614
646 1934
646 2438
647 1303
647 1519
647 1581
647 1588
647 2720
647 3247
648 1971
648 2229
648 3312
649 1459
649 1484
649 2051
649 2861
649 2980
649 3222
650 756
650 1384
650 3035
650 3485
651 1228
651 1757
651 2297
651 2496
651 2828
651 3599
652 852
652 1042
652 2393
652 3454
653 735
653 889
654 1218
654 1433
654 2739
654 3265
655 1672
655 1685
655 2043
655 2810
655 2980
655 3076
656 1388
656 2206
656 3769
657 801
657 904
657 2415
658 1302
659 1829
660 743
660 1373
660 1775
660 2481
660 3116
661 1013
661 1708
661 3239
662 681
662 1656
662 2548
662 2647
663 2643
663 3946
664 790
664 1077
664 1316
664 3091
664 3101
666 3547
666 3755
667 1606
667 2564
667 3925
668 1117
668 3116
668 3673
669 671
669 838
669 2586
669 3505
670 2551
670 2669
670 3670
671 2044
672 2104
672 3359
673 3881
674 999
674 1129
674 1299
674 1691
674 3525
675 692
675 2075
675 3092
675 3631
676 1486
676 2444
677 1821
677 2077
677 2253
677 2493
677 3002
678 1828
678 2044
678 2058
678 2245
679 1499
679 2402
679 2882
680 810
680 1144
680 2524
681 2895
681 3130
682 1940
682 2229
682 2300
682 2760
682 2814
682 2853
682 3896
683 854
683 903
683 1458
683 1744
683 1964
683 3640
684 2889
684 2929
685 2908
685 3589
685 3874
686 956
686 1352
686 3035
686 3419
687 1598
687 1665
687 2247
687 2462
687 2920
687 3400
687 3722
688 725
688 2953
688 3212
688 3709
689 927
689 1510
689 1843
689 2060
689 3255
689 3675
691 1978
691 2270
692 1212
692 2314
692 3348
692 3640
692 3909
692 3989
693 886
693 1183
693 1464
693 1722
693 3642
693 3706
693 3839
695 3534
695 3693
696 1652
696 2063
696 2106
696 2163
696 2179
696 2824
696 3024
696 3279
697 808
697 1290
697 1724
698 1084
698 1909
699 3291
699 3705
700 1037
700 2941
700 3901
701 1526
701 3662
703 818
703 888
703 2581
703 2630
703 3874
704 1510
704 3230
704 3442
705 1884
705 3736
706 942
706 1402
706 2533
706 2589
706 3798
707 2147
707 2423
707 2692
707 2753
707 3120
707 3666
708 830
708 1075
708 2386
708 3803
709 1774
709 2524
709 3046
710 1170
710 1797
710 3066
710 3377
710 3540
710 3583
711 852
711 1628
711 1911
711 2367
711 3453
712 2188
712 3652
712 3865
713 1125
713 1243
713 2260
713 2466
714 1126
714 1928
714 3243
714 3991
715 1539
715 1647
716 2095
716 2266
717 1579
717 3427
717 3763
718 3365
718 3725
720 1607
720 2609
720 2646
720 2713
720 3045
721 1295
721 1816
722 736
722 931
722 2998
722 3113
722 3942
723 736
723 1237
723 1458
723 3429
724 912
724 1762
724 1957
724 3019
725 1151
726 1435
726 3725
726 3841
726 3964
727 1319
727 1707
727 1901
727 2091
727 3871
728 892
728 2165
728 3275
728 3667
729 1352
729 2173
729 2197
729 3612
730 2264
730 2917
731 1565
731 2554
731 3601
732 2093
732 2518
733 1759
733 3255
734 949
734 1048
734 3285
735 1264
735 1433
735 1892
735 1979
735 2431
735 3278
736 1119
736 1178
736 2963
736 3208
737 1041
737 1242
737 1254
737 2098
737 2860
738 882
738 1792
738 2043
738 3380
738 3744
738 3878
739 1118
739 1783
739 1870
739 1878
739 3316
739 3543
740 971
740 1292
741 854
741 1696
741 3189
741 3253
741 3479
742 2235
742 2295
743 974
743 1111
743 1403
743 2275
743 2461
744 771
744 2479
744 2579
744 3166
745 797
745 1424
745 2249
745 3548
746 1871
746 2709
746 3643
747 2551
748 2459
748 3181
748 3900
750 1458
750 2405
751 1477
751 1565
751 2824
751 3360
751 3676
752 2119
752 3484
753 2653
755 792
755 3526
756 1088
756 2910
756 3602
756 3653
756 3684
757 865
757 3117
757 3677
757 3845
758 1265
758 2624
758 3777
759 1496
759 2009
759 2749
759 3490
760 1185
760 2597
761 1080
761 1656
761 1747
762 1142
762 3266
762 3815
763 1204
763 3659
763 3686
764 2050
764 3006
765 1922
765 2320
765 3922
766 3425
766 3857
768 1736
768 3236
768 3461
769 2283
769 3476
769 3852
770 1929
770 3071
771 2102
771 3531
772 2581
772 2591
772 3006
773 1279
773 1533
773 3704
773 3942
774 2316
775 2998
775 3653
775 3672
775 3679
775 3792
776 2839
776 3101
777 1508
777 1612
777 1653
777 2551
777 2714
777 3786
778 1052
778 1487
778 1688
778 2621
778 3568
778 3837
779 2186
779 2833
779 3184
779 3362
779 3968
780 1036
780 1076
780 1395
780 1882
780 2967
781 1481
781 2716
781 3735
782 1137
782 3605
783 3020
783 3929
784 2756
784 3661
785 2823
785 3000
787 3968
788 3754
789 1795
789 2500
789 2816
790 850
790 1384
790 2980
790 3593
792 3099
793 2064
794 820
794 1537
794 2042
794 2600
795 2355
795 3295
795 3479
795 3681
795 3898
796 1454
796 2182
796 3006
797 845
797 922
798 921
798 2336
799 2620
799 2704
800 941
800 1840
800 2430
800 2639
800 2888
800 2948
801 1796
802 2044
802 2927
803 3103
804 883
804 1686
804 1874
805 1656
805 1926
805 1962
805 2954
805 3136
805 3480
806 1068
806 1782
806 2594
806 3832
807 1053
807 1249
807 2605
807 3187
807 3638
807 3730
808 950
808 1252
808 3178
808 3512
809 1765
809 3106
809 3317
809 3412
809 3789
810 826
810 2092
810 2814
811 2000
812 1290
812 1624
812 1636
813 1139
813 1165
813 3292
814 1097
814 1285
814 2324
814 2506
815 1867
815 2007
815 3183
815 3269
816 1315
816 1627
816 2073
816 2465
816 3338
816 3742
817 1047
817 3598
817 3599
818 1332
818 1515
818 1758
818 1921
818 2732
819 1871
819 3135
820 858
820 3866
821 1636
821 1846
821 2114
821 2235
821 3364
821 3878
822 2268
822 2305
823 2280
824 3868
825 826
825 2012
825 2147
826 3156
826 3218
826 3361
827 2318
827 2920
828 2068
828 2359
828 3062
829 1118
829 2840
829 3306
829 3654
830 1821
830 1841
830 2404
832 1294
832 2912
833 1278
833 2909
833 3245
833 3866
834 1227
834 2699
835 1334
835 3239
835 3699
836 2307
837 1291
837 1479
837 2321
837 2998
837 3049
838 2231
838 3117
838 3119
839 987
839 1294
839 3113
840 1063
840 2423
840 3333
841 1371
841 3220
841 3394
842 2714
843 1047
843 2049
843 2514
843 3664
844 1566
844 3533
844 3913
846 1257
846 1556
846 3812
847 1907
847 2183
847 2608
847 3521
847 3761
848 2227
848 2528
848 3316
849 2300
850 2084
850 2549
851 2294
851 2642
851 3297
852 1967
852 3456
852 3656
853 2128
853 3077
854 1760
855 1158
855 1446
855 2603
855 2612
855 3404
856 928
856 2358
856 2962
858 1098
858 2822
859 3613
859 3887
860 1928
860 2753
860 3132
860 3590
861 1080
862 1681
862 2883
862 3878
863 903
863 1125
863 3010
863 3510
864 3391
864 3636
865 1042
865 1974
866 909
866 1366
866 2581
866 3927
867 2831
868 1879
868 1916
868 2875
868 3163
868 3351
868 3708
870 1353
870 1368
870 3825
871 1875
871 2136
871 2506
871 3777
872 1122
872 1379
873 1000
873 1607
873 2708
873 3020
874 1067
874 1501
874 2709
875 2295
875 2941
875 3382
876 1638
876 3610
877 1313
877 1542
877 1894
877 2057
877 2609
877 3197
877 3711
878 1703
878 1868
878 2721
879 1556
879 1769
879 2226
879 2442
879 3635
880 1174
880 2048
880 3561
881 1292
881 2042
881 3915
882 2017
882 2067
882 2337
882 2617
882 2666
884 1024
884 1383
884 3161
885 2116
885 2288
886 2632
886 2849
887 1306
887 2416
887 3278
888 1462
889 2614
889 2659
889 3374
889 3952
890 2399
890 3900
891 2349
891 2838
892 2954
892 3178
892 3600
892 3753
895 3421
895 3444
895 3838
895 3847
895 3897
896 1790
896 2972
897 2793
898 1843
898 2836
899 1254
900 1825
900 2017
900 2552
900 2879
900 3769
901 1076
901 3262
901 3951
902 1167
902 2827
903 2182
903 2727
903 3053
904 2641
904 3471
906 2637
906 3055
907 1647
907 1678
907 1936
907 1976
907 2334
907 3935
908 993
908 1346
908 1414
908 1674
908 1870
908 2423
908 2438
909 1536
909 2186
909 3184
909 3420
910 1184
910 1431
910 3102
910 3852
911 1638
911 2755
912 1130
912 1893
912 2297
913 2482
913 3473
913 3643
914 996
914 1456
914 1924
914 3303
914 3661
914 3947
915 1003
915 1691
916 1690
916 1802
916 2632
916 2651
916 3294
917 1515
917 2864
917 3035
917 3476
918 1484
918 2002
918 2105
918 2670
918 3757
918 3967
919 1030
919 1101
919 1334
919 1501
919 1780
920 1340
920 1430
920 1611
920 1700
920 2015
920 2506
921 1313
921 2440
921 2717
921 2829
922 1164
922 1242
922 3047
923 2757
923 3222
923 3231
924 1434
924 2136
924 2138
924 3108
924 3445
925 1063
925 1290
925 1599
925 2417
925 3034
925 3431
926 3239
926 3413
927 1017
928 1319
928 2376
928 2580
928 2679
929 2135
929 2775
930 1310
930 3705
930 3841
931 1380
931 2723
932 1395
932 2435
932 2666
932 3773
933 1131
933 1398
933 1675
933 2558
933 3069
934 1428
934 1555
934 2187
934 3671
935 2830
935 3046
936 1352
937 1500
937 2612
937 2998
938 972
938 2287
938 3998
939 1407
939 2263
939 2401
939 2702
939 3693
940 3396
940 3522
941 2276
941 2286
941 2399
941 3254
941 3280
941 3571
941 3983
942 1129
942 1212
942 1389
942 1424
942 2965
942 3339
942 3568
943 2842
944 1159
944 1596
944 1641
944 2799
945 1759
945 1765
946 1465
946 1795
947 1077
947 2402
949 2107
950 1548
951 1122
953 1842
953 2441
954 1508
954 1827
954 3033
954 3049
954 3123
954 3199
954 3389
954 3544
955 1228
955 1586
955 2801
955 3738
955 3898
956 1345
956 1834
956 3241
956 3391
957 1053
957 1536
957 2024
957 2500
957 2634
958 1279
958 1716
958 1807
958 2050
958 2544
958 2752
958 3013
959 1472
959 1500
959 3010
959 3055
959 3318
959 3745
959 3837
960 1592
960 2552
961 1139
961 1172
961 2216
961 2625
961 2929
961 3344
961 3439
962 1015
962 1076
963 2622
964 1637
964 1844
964 3717
965 1763
965 1772
965 2119
965 3504
966 1224
966 1414
966 1753
966 1911
966 2052
966 2838
966 3059
966 3642
967 1958
967 2582
967 3273
967 3598
968 3911
969 1245
969 1548
969 1745
969 1838
969 2896
970 2129
971 2019
971 2637
971 3133
971 3442
971 3634
971 3868
972 1476
972 3027
972 3605
973 1930
973 2186
973 3131
973 3294
973 3467
974 2550
974 3427
975 1036
975 2889
975 3104
976 1626
976 2122
976 2141
976 3590
977 2170
978 1140
978 1436
978 1438
978 3515
978 3533
978 3886
979 2285
980 1156
980 2133
980 2741
980 2881
980 3183
981 1564
981 2424
981 2510
982 1224
982 2132
982 3016
984 1510
985 2843
985 3089
985 3788
986 1096
986 1499
986 3364
987 1486
987 1599
987 3168
987 3330
987 3677
988 2833
988 2901
988 3028
988 3753
989 1634
989 2963
990 1022
990 3659
991 3733
991 3867
992 2024
993 2319
994 2018
994 2033
994 2924
994 3063
995 1270
995 2981
995 3038
995 3295
996 1461
996 2201
996 2262
996 3003
997 1326
997 1803
997 2493
998 3336
998 3413
999 2304
999 3013
1000 1135
1000 1259
1000 1331
1000 1335
1000 1554
1000 1825
1000 1892
1000 1932
1000 2083
1000 2261
1000 2581
1000 3071
1000 3807
1001 1026
1001 2126
1002 2345
1002 2893
1003 1501
1003 2040
1003 2511
1003 3706
1004 3000
1004 3063
1004 3461
1005 2528
1005 2559
1006 1232
1006 2877
1007 2033
1007 2730
1007 3302
1007 3786
1008 2759
1009 1364
1009 3231
1009 3626
1010 1929
1010 3091
1010 3618
1011 1229
1011 3911
1013 1674
1013 2136
1013 3096
1013 3372
1014 2271
1014 2354
1015 2480
1015 3033
1016 2579
1016 3564
1016 3836
1016 3951
1017 1291
1017 1786
1017 3592
1018 3016
1019 1722
1019 3014
1019 3546
1020 1400
1020 2883
1020 3199
1020 3626
1022 1913
1022 3213
1022 3483
1022 3912
1023 1499
1023 2956
1023 2984
1024 2750
1024 2930
1025 2184
1025 2346
1025 2736
1025 3668
1025 3863
1026 2438
1026 2774
1026 2915
1026 3085
1026 3397
1026 3545
1026 3552
1026 3859
1026 3985
1027 1639
1027 1902
1027 2307
1028 1951
1028 3266
1028 3712
1028 3720
1028 3735
1028 3970
1029 2094
1029 3803
1030 2435
1031 1315
1031 3594
1031 3745
1032 1632
1032 1798
1032 1931
1032 2526
1032 2853
1032 3592
1032 3597
1032 3820
1032 3836
1033 2996
1033 3486
1034 1579
1034 2139
1034 2215
1034 2655
1034 3155
1034 3617
1034 3710
1036 1300
1036 1594
1036 1797
1036 3964
1037 1292
1037 1997
1037 2248
1037 3586
1037 3608
1038 2770
1038 3418
1039 1155
1039 1455
1039 1631
1039 1852
1039 2079
1039 2687
1039 3892
1040 3752
1041 1392
1041 1913
1041 1967
1041 2045
1041 3248
1042 1430
1042 1836
1042 2389
1042 2693
1042 2787
1042 3952
1043 1435
1043 1440
1043 1796
1043 3530
1044 1237
1044 1244
1044 2276
1044 2327
1044 2960
1045 1742
1046 2040
1046 2327
1047 1675
1047 2062
1047 3125
1047 3271
1048 2977
1048 3461
1048 3616
1048 3987
1049 2182
1049 3116
1049 3787
1050 2363
1050 3399
1051 1947
1052 1782
1052 2572
1052 3608
1052 3810
1053 1615
1053 2541
1053 2696
1053 2799
1054 3996
1055 1636
1055 3318
1056 1093
1056 2481
1058 1862
1058 2528
1058 3251
1058 3840
1059 2011
1060 3270
1061 1521
1061 2146
1061 2309
1061 2344
1061 3297
1062 3758
1062 3932
1063 3923
1064 1489
1064 2196
1064 2775
1064 3276
1065 3910
1066 1833
1066 2017
1066 2043
1066 3610
1066 3933
1067 1230
1067 2279
1067 2667
1067 3001
1069 1089
1069 1762
1069 1783
1069 1935
1069 3159
1070 1780
1070 2100
1070 2258
1070 3042
1071 1696
1071 1973
1071 2897
1071 3022
1071 3120
1071 3365
1071 3472
1072 1319
1072 2473
1072 2908
1074 1170
1074 1662
1074 2684
1074 3219
1074 3442
1075 3972
1076 1959
1076 3174
1077 1408
1077 1674
1077 3657
1078 2343
1078 2510
1078 2923
1078 3113
1078 3669
1079 2597
1079 3386
1079 3695
1080 1289
1080 1720
1080 1958
1080 2602
1080 2756
1080 2913
1080 3527
1080 3905
1081 2918
1082 1207
1082 2354
1082 2820
1082 3562
1083 1716
1083 2724
1083 3364
1084 1716
1084 2033
1084 3205
1085 1966
1085 3450
1086 1386
1086 2489
1086 3485
1086 3939
1087 2163
1087 3325
1088 2197
1088 3383
1089 1499
1089 1711
1089 2144
1089 2584
1089 2786
1090 1720
1090 2476
1090 3269
1091 1261
1091 1544
1091 1974
1091 2007
1091 2096
1091 2659
1091 3412
1092 1203
1093 2317
1094 3439
1094 3806
1094 3847
1095 2394
1095 2496
1095 2848
1095 3952
1096 1420
1096 1628
1096 2766
1096 3259
1097 3029
1097 3394
1098 3668
1099 1614
1099 2257
1099 2533
1100 1306
1100 1862
1100 2325
1100 3220
1101 1651
1101 1715
1101 1758
1101 2238
1101 2550
1101 3400
1103 2154
1103 2740
1104 1125
1106 1709
1106 1991
1106 2387
1106 3091
1106 3145
1106 3817
1107 1796
1107 2666
1108 1244
1108 3814
1109 2167
1109 2410
1109 3002
1109 3653
1110 1323
1110 2093
1110 3047
1111 3930
1112 1218
1112 2167
1112 2358
1112 2822
1112 3243
1113 1741
1113 2217
1113 3129
1113 3279
1113 3528
1113 3611
1114 1177
1114 2536
1114 2659
1115 1791
1115 2189
1115 3161
1115 3314
1115 3319
1115 3535
1115 3805
1116 1413
1116 2236
1116 2403
1116 2801
1117 1160
1117 1439
1117 1819
1117 2558
1117 3435
1120 2039
1121 1196
1121 1773
1121 1932
1121 3211
1121 3945
1122 1515
1122 2776
1122 3076
1122 3215
1122 3432
1122 3651
1123 2424
1123 2536
1123 3545
1124 2284
1124 2815
1125 1545
1125 3723
1126 1682
1126 1941
1126 2261
1126 3969
1127 2067
1127 3474
1128 1132
1128 1753
1128 2014
1128 2144
1128 2939
1128 3228
1128 3432
1129 1392
1129 2018
1129 2473
1129 2540
1130 1307
1130 2937
1130 3623
1131 2287
1131 3009
1131 3116
1132 1243
1132 2189
1132 2669
1132 3372
1132 3393
1132 3982
1133 1200
1133 1566
1133 2167
1133 2180
1134 1287
1134 2510
1134 3007
1135 3059
1135 3183
1135 3559
1136 1441
1136 2861
1137 1758
1137 3723
1138 1152
1138 2687
1138 2765
1139 1554
1139 2426
1139 2852
1140 1824
1140 1957
1141 1183
1141 1218
1141 2979
1141 3521
1142 1512
1142 2567
1142 2641
1142 2874
1142 3106
1142 3164
1142 3696
1143 2437
1143 3386
1143 3736
1144 1456
1144 1534
1144 1614
1144 1998
1144 2275
1144 2313
1144 2594
1145 2077
1145 2510
1145 3065
1145 3782
1146 3284
1146 3698
1148 2559
1148 3193
1149 1561
1149 3045
1149 3600
1150 1741
1150 1992
1150 3694
1151 2230
1152 1216
1152 2741
1152 3639
1153 1279
1153 1822
1153 2374
1154 1667
1154 1888
1154 2894
1154 3080
1154 3587
1154 3659
1155 1295
1155 1864
1155 2909
1155 2978
1156 1680
1156 2068
1156 3665
1158 1771
1158 2751
1159 1394
1159 1858
1159 2853
1160 2268
1160 2409
1161 1609
1161 1722
1161 2054
1161 2101
1161 2270
1161 2928
1161 3889
1162 1772
1163 2050
1163 2692
1163 3283
1164 1477
1164 1586
1164 1723
1164 2289
1164 3723
1165 3858
1165 3949
1166 1492
1166 2164
1166 2346
1166 2564
1166 2871
1166 3160
1167 3834
1168 3568
1168 3894
1169 2513
1169 3110
1169 3527
1170 2144
1170 2384
1170 2422
1171 3269
1172 2302
1173 2482
1173 3323
1174 2317
1174 3201
1174 3262
1174 3615
1174 3660
1175 1776
1176 1359
1176 1918
1176 2894
1177 1198
1177 1601
1177 2221
1177 3103
1177 3105
1178 1891
1178 3967
1179 1625
1179 1629
1179 2442
1179 3693
1180 3494
1180 3706
1181 2261
1181 3349
1181 3686
1182 1425
1182 1500
1182 2397
1182 2576
1183 1386
1183 1627
1183 1880
1183 2905
1183 3004
1184 1953
1184 1987
1184 3343
1184 3934
1185 1259
1185 3840
1186 1570
1186 3463
1186 3576
1186 3658
1186 3925
1187 3496
1188 1801
1188 1948
1188 2170
1188 2285
1188 2701
1189 3009
1189 3496
1190 1763
1190 2702
1190 3433
1191 2903
1192 1379
1192 1729
1192 2351
1193 1494
1193 2910
1194 3982
1195 1374
1195 2896
1195 3324
1196 1238
1196 1444
1196 1497
1196 1689
1196 1748
1196 2499
1196 3421
1196 3697
1197 2016
1197 3917
1198 2048
1198 2471
1198 2575
1198 2638
1200 3870
1201 1660
1201 3425
1202 3099
1202 3842
1203 1345
1203 2301
1203 2432
1204 2325
1204 2682
1205 2823
1205 3285
1205 3472
1206 1366
1206 1787
1206 2626
1206 2771
1206 3246
1207 1812
1207 2093
1207 2519
1207 3421
1208 2144
1208 2170
1208 2881
1208 3247
1209 2159
1209 2955
1209 3467
1210 2178
1210 3707
1211 1780
1214 3435
1214 3926
1215 1236
1215 1617
1215 3255
1216 2720
1216 3108
1216 3946
1217 2202
1217 2450
1217 2458
1217 2675
1217 3253
1217 3476
1217 3949
1218 1611
1218 1934
1219 1968
1219 2416
1219 3870
1219 3945
1221 2298
1221 2370
1221 2519
1221 3855
1222 2040
1222 2182
1222 2391
1222 2499
1222 2533
1223 2549
1223 2997
1224 3257
1224 3595
1224 3966
1225 1507
1225 2194
1225 2223
1225 2424
1225 2664
1226 2825
1226 3720
1226 3934
1227 1534
1227 2032
1227 2283
1227 3041
1228 1623
1228 2804
1228 2902
1228 3213
1229 2477
1229 3170
1230 1254
1232 2838
1232 3762
1232 3971
1233 2373
1233 3628
1233 3956
1235 1719
1235 2655
1235 3300
1235 3380
1235 3522
1235 3579
1235 3972
1236 1406
1236 2291
1236 2330
1236 2851
1237 1519
1237 1596
1237 2162
1237 2898
1237 3738
1238 2342
1238 3705
1239 1552
1239 1607
1240 3718
1241 2417
1242 1452
1242 2496
1242 2595
1243 1356
1243 2173
1243 2566
1244 1640
1244 2037
1244 2729
1244 2855
1244 3608
1244 3858
1245 3655
1246 1787
1246 2018
1246 2438
1246 2849
1247 2071
1247 2551
1247 2669
1247 3367
1248 3300
1249 1315
1249 2210
1249 3019
1250 1409
1251 2047
1252 1815
1252 2629
1253 1546
1253 1714
1253 1937
1253 3082
1254 2492
1254 3974
1255 1688
1255 1988
1255 3187
1256 2186
1257 2995
1257 3780
1258 2940
1258 3087
1259 2267
1259 3356
1259 3741
1260 2864
1260 2924
1260 3216
1261 1772
1262 1987
1262 2037
1262 2913
1263 1330
1263 2221
1263 3487
1263 3598
1264 2647
1264 3273
1265 2478
1265 3701
1266 2247
1266 3229
1266 3355
1267 3038
1268 2713
1269 2204
1269 2365
1269 2377
1269 2812
1269 3324
1269 3400
1269 3682
1269 3987
1270 2186
1270 3178
1271 2035
1271 2542
1272 1415
1272 2277
1272 2330
1272 2614
1273 2452
1273 3247
1273 3374
1274 1796
1275 3123
1275 3849
1276 1602
1277 3290
1277 3711
1277 3891
1278 1557
1278 1617
1278 1677
1278 1828
1278 1858
1278 2527
1278 3766
1279 2047
1279 2168
1279 3394
1280 1462
1280 1477
1280 2440
1280 2650
1280 2814
1281 1715
1281 3249
1282 1408
1282 2027
1282 2832
1282 2966
1282 3860
1282 3945
1283 3070
1285 1471
1286 1601
1286 2005
1286 3538
1286 3599
1287 2810
1287 3083
1288 1523
1288 2697
1288 3557
1289 1911
1289 2142
1289 2918
1289 3780
1290 1398
1290 2124
1290 2503
1291 2066
1291 2139
1291 2453
1292 1761
1292 3158
1293 1643
1293 1881
1293 2887
1293 3688
1294 1352
1294 3128
1294 3482
1295 3398
1295 3517
1295 3672
1296 2424
1296 3277
1297 1539
1297 3961
1298 1550
1298 3150
1298 3660
1299 1345
1299 2205
1299 2403
1299 2597
1299 2724
1299 2741
1299 3094
1299 3343
1299 3708
1300 2008
1300 2942
1301 2756
1301 3219
1301 3619
1301 3692
1301 3769
1302 2160
1302 3522
1303 2003
1303 3367
1303 3485
1303 3538
1303 3682
1303 3774
1304 2737
1305 2220
1305 2393
1306 1614
1306 1713
1306 1927
1306 2909
1306 3303
1307 2156
1308 3407
1308 3591
1309 3333
1310 2752
1310 2870
1311 2494
1311 3682
1312 2285
1313 2222
1313 2624
1313 2703
1313 3079
1314 1386
1314 1569
1314 2001
1314 3005
1315 1513
1315 3312
1316 1422
1316 2627
1316 3444
1317 1754
1317 1770
1317 2185
1317 2959
1317 3604
1318 1861
1318 2509
1318 3406
1319 2082
1320 1468
1320 1502
1320 1589
1320 2173
1320 3159
1320 3211
1320 3957
1321 2670
1321 2879
1321 3494
1322 1397
1322 1697
1322 1779
1322 3286
1322 3641
1323 1453
1323 2318
1323 2938
1323 3067
1323 3277
1323 3645
1323 3674
1324 1722
1324 1911
1324 1961
1324 2150
1324 3633
1325 2357
1325 2720
1325 2898
1325 3611
1325 3866
1326 2225
1326 2607
1327 1821
1327 1920
1327 2249
1327 3299
1328 1465
1329 1983
1329 2062
1329 2903
1329 3619
1329 3878
1330 1995
1330 2129
1330 2260
1331 2571
1331 3126
1332 2754
1333 1550
1334 1504
1334 1534
1334 1548
1334 2136
1335 1618
1336 1342
1336 1460
1336 2150
1336 2648
1336 2960
1337 1642
1337 3124
1337 3202
1337 3491
1338 2072
1338 2125
1338 3230
1339 2873
1339 3230
1340 1572
1340 1713
1340 2276
1340 2828
1340 3279
1341 2070
1341 2185
1342 2041
1342 2810
1342 3079
1343 1705
1343 2051
1343 3239
1344 1793
1344 2923
1344 2997
1344 3490
1345 2097
1347 1415
1347 3673
1348 2411
1348 2790
1348 3265
1349 1917
1349 2728
1349 3341
1349 3976
1350 2272
1350 2899
1351 2403
1351 3123
1352 3299
1353 1650
1354 2060
1354 2998
1354 3520
1354 3628
1355 1680
1355 1980
1355 2434
1355 3584
1356 2561
1356 3194
1356 3867
1357 1669
1357 2367
1357 2440
1357 3561
1358 3239
1359 1520
1359 2904
1359 3880
1360 1643
1360 2112
1360 2205
1360 3917
1361 2105
1362 2469
1362 3907
1363 1405
1363 1452
1363 2134
1363 2721
1364 1547
1364 3446
1365 2945
1366 2141
1366 3685
1367 1766
1367 2318
1367 2553
1367 3970
1368 1966
1368 1990
1368 3407
1368 3763
1369 2067
1369 2255
1369 2645
1370 2919
1370 2991
1370 3814
1371 3317
1372 1684
1372 1776
1372 3636
1373 1685
1373 2675
1373 2906
1373 3630
1374 2325
1374 2507
1374 2893
1374 2997
1375 1543
1375 3808
1376 2857
1376 3482
1377 3506
1379 3920
1380 2296
1380 2763
1380 2945
1380 3100
1380 3393
1381 2529
1381 2775
1382 1596
1382 1703
1382 3449
1382 3596
1382 3970
1383 2873
1384 1713
1384 1930
1384 2542
1384 3921
1385 1883
1386 3811
1387 1950
1387 3162
1387 3317
1388 2914
1391 2259
1391 3728
1392 1925
1392 2854
1393 1961
1393 2387
1393 2650
1393 3852
1394 1510
1394 1929
1394 2097
1394 2331
1394 2507
1394 3198
1395 2881
1395 2902
1396 3524
1396 3941
1397 1594
1397 2763
1398 1862
1398 1888
1398 2042
1398 2362
1398 2944
1398 3162
1398 3480
1399 1949
1399 3335
1399 3906
1400 2100
1400 2759
1400 2913
1400 3226
1401 1510
1401 3274
1402 1861
1402 2926
1403 2360
1403 3571
1403 3577
1404 2549
1404 3343
1405 3135
1406 2279
1406 2580
1406 3207
1406 3839
1407 2378
1407 2983
1407 3250
1407 3654
1408 1693
1408 1895
1409 1724
1409 1927
1410 2192
1410 2275
1410 3737
1411 1914
1411 2001
1411 2100
1411 2259
1411 3026
1411 3548
1412 1875
1412 2289
1412 2900
1412 3897
1413 2201
1414 2475
1415 1937
1416 1503
1416 3928
1417 1744
1418 1705
1419 1465
1419 2797
1420 1463
1420 1635
1420 2481
1421 2366
1422 3406
1422 3705
1423 1465
1423 1647
1423 1843
1423 1890
1423 3010
1423 3645
1423 3780
1423 3982
1424 2579
1425 2875
1426 3998
1427 3544
1427 3547
1428 3499
1428 3959
1429 3067
1430 1788
1430 3056
1431 1628
1431 2230
1431 2822
1431 3866
1432 2712
1432 3899
1432 3964
1433 1497
1433 2650
1433 3509
1435 1495
1436 1776
1436 1966
1436 3148
1437 2308
1437 3284
1438 2227
1439 2344
1439 2767
1440 2211
1440 2345
1440 3088
1440 3865
1441 2274
1441 2840
1441 3114
1441 3661
1442 2990
1442 3423
1443 2521
1443 3428
1444 1708
1444 1753
1444 2881
1444 3179
1445 1751
1445 2107
1445 2401
1445 2598
1445 2793
1445 2962
1446 3948
1447 1810
1448 1843
1448 2608
1448 2708
1449 1665
1449 1753
1449 2211
1449 3032
1450 1500
1450 2321
1450 2455
1450 3427
1451 3306
1452 2491
1452 2671
1452 3236
1453 3158
1454 3646
1455 1781
1456 2912
1457 1911
1457 2378
1457 3800
1458 3625
1459 1969
1459 3602
1460 1894
1461 2973
1462 2558
1462 3206
1462 3455
1462 3565
1462 3832
1464 3033
1465 1721
1465 2510
1465 2572
1465 3008
1465 3450
1465 3868
1466 1864
1466 2410
1466 2422
1466 2802
1467 3765
1468 1546
1468 1823
1468 3285
1468 3618
1469 1677
1469 3591
1470 2151
1470 2451
1470 2553
1470 3261
1470 3515
1471 3093
1472 2246
1472 2357
1472 2378
1472 2501
1472 2665
1472 3512
1473 3288
1474 2602
1475 2164
1475 3516
1477 2964
1477 3599
1478 1625
1478 2336
1478 3344
1479 1656
1479 2274
1479 2707
1479 3551
1480 2236
1480 2604
1480 3137
1480 3767
1481 2481
1481 2523
1482 2385
1482 2784
1482 3751
1483 1783
1483 2097
1483 3172
1484 2879
1485 2464
1486 2233
1486 3917
1487 2186
1487 2711
1488 2023
1488 2328
1488 2852
1489 3285
1490 3462
1492 1945
1492 2918
1492 3177
1492 3404
1492 3508
1493 2998
1494 2554
1495 1710
1496 2056
1496 2064
1496 2087
1496 2292
1496 3335
1496 3748
1496 3755
1496 3770
1497 1682
1497 1773
1497 2649
1497 3537
1497 3870
1498 1932
1499 3600
1500 2149
1500 3023
1501 1620
1501 2059
1501 2712
1501 3856
1502 1840
1502 2057
1503 1546
1503 1580
1503 2095
1503 3533
1504 3430
1505 2214
1505 3513
1506 1528
1506 1889
1506 2933
1506 3004
1506 3541
1507 1636
1507 3331
1507 3813
1508 1586
1508 2677
1508 3877
1509 1666
1509 2835
1509 2948
1510 1645
1510 3273
1511 3215
1511 3459
1512 1831
1512 2234
1512 2355
1512 2487
1512 3904
1513 1834
1513 2658
1513 3351
1513 3520
1514 1624
1514 3715
1514 3844
1515 1965
1515 1995
1515 2329
1515 3269
1515 3738
1516 2050
1517 2766
1517 2801
1517 3735
1518 1555
1518 2491
1518 3403
1519 2114
1519 2361
1519 3310
1519 3368
1522 3218
1523 1727
1523 2496
1523 2816
1524 3611
1525 2281
1525 2363
1525 2564
1525 2676
1527 2933
1528 2231
1528 2601
1528 3629
1530 2911
1531 2739
1532 2178
1532 3139
1532 3384
1533 1841
1533 2449
1533 3489
1533 3982
1534 1795
1534 3087
1534 3613
1535 3099
1536 2272
1536 3943
1537 1986
1537 3440
1538 2366
1538 3360
1538 3923
1539 2378
1539 2950
1540 2104
1540 3364
1540 3911
1541 1914
1541 2894
1541 2972
1541 3330
1542 1630
1542 2700
1544 1872
1544 1983
1544 2235
1544 3039
1545 3688
1545 3727
1545 3793
1546 3058
1547 1843
1548 1946
1548 2143
1548 2565
1548 3611
1549 2048
1550 1684
1550 2297
1550 3481
1550 3804
1552 2423
1552 3240
1553 1931
1553 1987
1553 2180
1553 3084
1555 1793
1555 3419
1556 2580
1556 3138
1556 3343
1556 3984
1557 3128
1557 3577
1558 1810
1558 3122
1558 3991
1559 1929
1559 2928
1560 1844
1560 2084
1560 2538
1560 3454
1561 1932
1561 3226
1562 2241
1562 2302
1562 2774
1562 3491
1563 1631
1563 3008
1564 2560
1564 3048
1565 2274
1566 1948
1566 2953
1566 3977
1567 2550
1567 3358
1567 3411
1567 3999
1568 2446
1568 3439
1569 2839
1569 3911
1570 1749
1570 2585
1570 2603
1570 2820
1570 3453
1571 2014
1571 3457
1572 1986
1572 3815
1573 2141
1574 1602
1574 1703
1574 1725
1574 2335
1574 2442
1574 3607
1575 3134
1575 3927
1576 3252
1576 3314
1576 3486
1576 3658
1577 1880
1577 2016
1578 2099
1578 2943
1578 3901
1580 2818
1580 2851
1581 3920
1582 2700
1582 3013
1583 2293
1583 2343
1583 2779
1583 3026
1584 1656
1584 2933
1585 2122
1585 2299
1585 3089
1586 2870
1586 3994
1587 3232
1590 2385
1590 2687
1590 3013
1590 3819
1590 3952
1591 1915
1591 2543
1591 3930
1592 1786
1592 3264
1593 1920
1593 2672
1593 2850
1593 2870
1593 3908
1594 2931
1595 1789
1595 1820
1596 2449
1596 3397
1596 3950
1598 1652
1598 2586
1598 3107
1598 3991
1599 1932
1599 3417
1599 3518
1599 3772
1599 3842
1602 2092
1602 2299
1602 2720
1602 3111
1602 3529
1603 1696
1604 2159
1604 2278
1604 3395
1604 3552
1605 1646
1605 3002
1606 1740
1606 3727
1607 2186
1607 3536
1608 1676
1608 1718
1608 1892
1609 3395
1610 2044
1610 2746
1610 3122
1610 3582
1610 3853
1611 3103
1612 1640
1612 2612
1612 3865
1613 1847
1613 1927
1613 2012
1613 3249
1614 2087
1615 2268
1615 2485
1615 2740
1615 3073
1615 3225
1616 1830
1616 3405
1618 1708
1618 1906
1618 2132
1618 3892
1619 3606
1620 2004
1620 3108
1620 3425
1620 3604
1621 3865
1622 1730
1622 2783
1622 3867
1623 2519
1623 3750
1624 3920
1625 2021
1625 2034
1625 2074
1625 3920
1627 2007
1627 2229
1627 3279
1628 2352
1630 1875
1630 2860
1630 3826
1631 2287
1632 3018
1633 2905
1633 3253
1633 3599
1634 1865
1634 2124
1634 2713
1634 3888
1635 1828
1635 2875
1636 3314
1636 3615
1637 2322
1637 2749
1637 3191
1637 3368
1637 3994
1638 1759
1638 1928
1638 2633
1638 2640
1638 2710
1638 3929
1639 3980
1640 2194
1641 2621
1641 3194
1641 3419
1641 3522
1642 3998
1643 1843
1643 2283
1643 3196
1643 3480
1644 2081
1644 2267
1644 2943
1644 3583
1645 1942
1645 3176
1646 1914
1646 2039
1646 3196
1646 3654
1647 2627
1647 3713
1647 3930
1648 2909
1648 3049
1649 2453
1649 2472
1649 2948
1650 1892
1650 2807
1650 2995
1651 1862
1651 2371
1651 2804
1651 3082
1651 3916
1652 2231
1652 2266
1652 2386
1652 2849
1653 2688
1654 1832
1654 2513
1654 3749
1655 2417
1655 2717
1656 2704
1656 3670
1656 3993
1657 3481
1658 1663
1659 3381
1660 1763
1661 2454
1661 2473
1661 2861
1661 3626
1661 3900
1662 1944
1662 1966
1662 3972
1663 2491
1663 2667
1663 3334
1663 3834
1664 1678
1665 1736
1666 3080
1666 3144
1667 1671
1667 1799
1667 3521
1668 1783
1668 3672
1669 3846
1671 2135
1671 3353
1671 3945
1672 2108
1672 3038
1672 3200
1673 1933
1673 2332
1673 2921
1673 3555
1674 2286
1674 3148
1676 2208
1676 2400
1676 3017
1677 3393
1677 3544
1677 3904
1678 2047
1678 2690
1678 3804
1678 3866
1679 3811
1680 1715
1680 3816
1681 1916
1681 2570
1681 2590
1681 2739
1681 2876
1681 2971
1681 3114
1682 3429
1682 3733
1683 2101
1684 1809
1684 2138
1685 2762
1687 3753
1688 3584
1688 3979
1689 2712
1689 2959
1690 2389
1690 3384
1691 1743
1691 3549
1692 3010
1692 3649
1692 3750
1693 2178
1693 2193
1693 2486
1693 3030
1693 3326
1693 3382
1694 3151
1694 3767
1695 2237
1695 2434
1696 1812
1696 2358
1697 2499
1698 3153
1700 1706
1700 1734
1700 2832
1700 2949
1700 3796
1701 1741
1701 3969
1702 2031
1702 2272
1702 2432
1702 2940
1703 1979
1703 3838
1704 3811
1705 1921
1705 3594
1706 3014
1706 3147
1707 3855
1708 2596
1708 3221
1708 3773
1709 2133
1709 2419
1709 3017
1709 3258
1709 3725
1710 2186
1711 2120
1711 2991
1712 1984
1712 2512
1712 2991
1712 3231
1713 1855
1713 1889
1713 1907
1713 3295
1713 3485
1713 3535
1714 3140
1714 3775
1714 3814
1715 2515
1716 2545
1717 2005
1717 3480
1718 3472
1718 3871
1719 3330
1720 1974
1722 2459
1723 2002
1723 2785
1723 3260
1724 2196
1724 3226
1725 2498
1725 2814
1725 3023
1726 2193
1726 2601
1727 1964
1727 2957
1729 1757
1729 2029
1730 2436
1731 1762
1731 1776
1731 3275
1731 3559
1732 1903
1732 2070
1732 2635
1732 2734
1732 3250
1732 3288
1732 3320
1733 2541
1733 3491
1734 1994
1734 2100
1734 2620
1734 3347
1735 3014
1735 3302
1736 1992
1736 3056
1736 3915
1737 2891
1737 3873
1738 2391
1738 3197
1738 3779
1739 3027
1740 1977
1740 2163
1740 2623
1740 3149
1741 2332
1741 2585
1742 1758
1742 1940
1742 2559
1742 3195
1743 2569
1744 3234
1744 3671
1744 3960
1745 2438
1745 2542
1745 3027
1746 3419
1746 3630
1746 3744
1747 2876
1748 2012
1748 2433
1748 2833
1748 3673
1750 1864
1750 1967
1750 2516
1750 2712
1750 2756
1750 3715
1751 3773
1751 3923
1752 3114
1752 3597
1752 3716
1753 1896
1753 2137
1753 2263
1753 2545
1753 3798
1754 1795
1754 1901
1754 3280
1755 2816
1755 3081
1755 3494
1756 3508
1757 3379
1758 2255
1758 3047
1759 2137
1759 2316
1759 3408
1759 3766
1761 3132
1761 3187
1761 3258
1763 3091
1763 3195
1764 2280
1765 2322
1766 2406
1766 2551
1766 3247
1767 1851
1767 2486
1767 3110
1768 2524
1768 3989
1769 1916
1769 3199
1769 3459
1770 2269
1770 2423
1770 2995
1771 1827
1771 1976
1771 2727
1771 3051
1771 3655
1773 3051
1774 3062
1775 3358
1776 3092
1776 3195
1776 3815
1777 3101
1777 3769
1778 1991
1778 3204
1779 1920
1779 2281
1779 2852
1782 2645
1782 2950
1783 2507
1783 2996
1785 1876
1785 3507
1786 1953
1786 3212
1786 3670
1787 2263
1788 2322
1789 2161
1789 3212
1789 3298
1789 3341
1790 3193
1792 3073
1793 3038
1794 2737
1794 2862
1794 3206
1794 3966
1795 3224
1796 1857
1796 1914
1796 1953
1797 1964
1797 2047
1797 2589
1797 2768
1797 3207
1798 3282
1798 3665
1798 3895
1799 2172
1799 2174
1799 2511
1799 3245
1800 2781
1800 3242
1801 2446
1802 2578
1803 3505
1803 3529
1803 3645
1804 2867
1804 3856
1806 2080
1806 2652
1808 2726
1809 2339
1809 2352
1809 3106
1809 3624
1810 1910
1810 1948
1810 2322
1810 3722
1811 3213
1811 3956
1812 2149
1812 2342
1812 3858
1813 3063
1814 2321
1814 3512
1814 3788
1815 2857
1816 1968
1816 2721
1816 2909
1817 3094
1817 3811
1818 2932
1819 1948
1819 2309
1820 1960
1820 2454
1820 3645
1821 2312
1822 2131
1822 2753
1822 2987
1823 3207
1824 2028
1824 2050
1824 3242
1824 3608
1825 1924
1825 2829
1826 2545
1827 3598
1827 3656
1828 2365
1828 2760
1829 2681
1829 2891
1829 3558
1830 2058
1830 2537
1830 2925
1831 3222
1831 3325
1832 1999
1833 2842
1833 3371
1834 2293
1835 2739
1835 3178
1836 2016
1836 2170
1836 2959
1838 2886
1838 3585
1839 2843
1839 2869
1839 3808
1840 3019
1841 2283
1841 2616
1841 3763
1842 3484
1842 3738
1843 3784
1845 3200
1845 3789
1846 2753
1846 3976
1847 3705
1848 1920
1848 1963
1848 2807
1848 2982
1848 2988
1848 3814
1849 2206
1850 2114
1850 2639
1850 3225
1851 2488
1851 3106
1851 3147
1851 3171
1853 3038
1854 2679
1855 1944
1855 2189
1855 2274
1855 2580
1855 2961
1856 3077
1857 2228
1857 2711
1857 3994
1858 1894
1858 2016
1858 2068
1858 3487
1858 3811
1859 2482
1860 2171
1860 2218
1860 3916
1861 2282
1861 2740
1861 2887
1861 2904
1862 3601
1862 3913
1863 2056
1863 2995
1864 1950
1865 2495
1865 2796
1866 2105
1867 2637
1867 3742
1868 2218
1868 2691
1868 3563
1868 3701
1869 3708
1870 2163
1871 2372
1872 1976
1872 3218
1873 1883
1873 3271
1873 3638
1874 2816
1874 3342
1874 3917
1875 2037
1875 2058
1876 2599
1876 3427
1877 1955
1877 2348
1877 2652
1877 3192
1877 3866
1880 2167
1880 3655
1881 3106
1882 2454
1882 2903
1883 2828
1883 3899
1884 2356
1884 2538
1884 2713
1886 2199
1886 2532
1886 2756
1886 3184
1886 3663
1887 2488
1887 2502
1887 2989
1888 2152
1888 2411
1888 3663
1889 2456
1889 2669
1891 2089
1891 3505
1892 2500
1893 2722
1893 3375
1893 3439
1893 3720
1894 2281
1894 2316
1894 3244
1896 1990
1896 2624
1896 2805
1897 2606
1897 3058
1898 1930
1899 2693
1900 2781
1900 3786
1900 3903
1901 3767
1901 3864
1902 3258
1902 3773
1903 2152
1903 2539
1904 2968
1904 3335
1904 3975
1905 2361
1905 2436
1905 2623
1905 3910
1906 3006
1907 2469
1908 2935
1909 1924
1909 2006
1909 2902
1909 3958
1910 2252
1910 3424
1911 2499
1911 3815
1912 2581
1912 2630
1912 3900
1913 2303
1913 3118
1913 3718
1914 3870
1915 3126
1916 1964
1916 2274
1916 2403
1918 2591
1919 2400
1919 2590
1920 3074
1922 2723
1923 2389
1923 2851
1923 3647
1924 2366
1924 2670
1925 2636
1926 3475
1927 2311
1927 3032
1927 3408
1927 3664
1927 3830
1928 3591
1929 3258
1929 3812
1929 3855
1930 1951
1930 2252
1930 3824
1931 2964
1932 2185
1932 2993
1933 3629
1934 2803
1934 3934
1934 3969
1935 3127
1935 3819
1936 3560
1937 2051
1938 3170
1938 3559
1938 3787
1938 3882
1939 3309
1940 3083
1941 2200
1941 2950
1942 3296
1942 3680
1942 3855
1943 2298
1943 2972
1943 3146
1945 3352
1946 2412
1947 2109
1947 3247
1947 3842
1948 2260
1948 2491
1948 2614
1949 2209
1949 2587
1950 2245
1950 2863
1950 3210
1951 2914
1951 2927
1951 3171
1951 3192
1951 3943
1953 2658
1953 2737
1953 2969
1953 3143
1954 2000
1954 2026
1954 2507
1955 2839
1956 2341
1956 3378
1957 1966
1957 3101
1957 3515
1958 2393
1959 2955
1960 3679
1961 2578
1961 2653
1961 2837
1961 3684
1962 2122
1962 2252
1963 1991
1963 2692
1964 3014
1964 3795
1965 3878
1966 2633
1966 3170
1967 2802
1967 3399
1967 3880
1968 3647
1969 3314
1970 2096
1970 3786
1971 2154
1971 3913
1972 2990
1972 3309
1973 2110
1973 2955
1974 2969
1975 2744
1975 3154
1975 3214
1976 2327
1976 3139
1976 3733
1977 2183
1977 2427
1978 2005
1978 3291
1978 3879
1979 2366
1979 2442
1979 2722
1979 3234
1979 3619
1979 3708
1981 2819
1981 3131
1981 3460
1981 3601
1982 2453
1982 2810
1982 3856
1984 2439
1985 2461
1988 2078
1988 2224
1989 2802
1990 2476
1993 2012
1993 2433
1993 3537
1993 3548
1994 2837
1994 2882
1994 3165
1994 3291
1994 3979
1995 2103
1995 2690
1995 3929
1996 2289
1996 3444
1997 2046
1997 2435
1997 3243
1997 3411
1998 2493
1998 2639
1999 2374
1999 3727
2000 2463
2000 2465
2000 2974
2000 3645
2000 3721
2001 2862
2001 3267
2003 3065
2004 2427
2004 3127
2004 3828
2005 2061
2005 2530
2005 3751
2006 2229
2007 3017
2007 3542
2008 2881
2008 3291
2009 2086
2009 2992
2009 3059
2010 3776
2010 3950
2011 3319
2013 3990
2014 3161
2015 2534
2015 2688
2015 2866
2015 2876
2016 2903
2016 3356
2017 2638
2017 2931
2017 3649
2018 2947
2018 3587
2019 2136
2020 2492
2020 2649
2021 2296
2021 2613
2021 2646
2021 3188
2021 3757
2022 3765
2023 3766
2024 3349
2024 3713
2026 2465
2026 3193
2026 3694
2027 2205
2027 3163
2027 3770
2027 3877
2028 2157
2029 3560
2029 3586
2030 3287
2030 3922
2031 2678
2032 2302
2033 2423
2033 2805
2034 2174
2034 2564
2034 2743
2035 3285
2035 3868
2035 3983
2036 2057
2036 2273
2036 2361
2036 3918
2036 3996
2036 3998
2037 2200
2037 2671
2037 3802
2037 3843
2038 2695
2038 2841
2039 2875
2039 3212
2040 2817
2041 2097
2041 2500
2042 2515
2042 3721
2044 3217
2044 3450
2044 3936
2044 3954
2045 2205
2045 2261
2045 2904
2045 3264
2046 2122
2046 3708
2046 3935
2047 2771
2048 3780
2049 3830
2050 2560
2050 2959
2050 2974
2050 3280
2054 3271
2054 3649
2055 2550
2055 3103
2055 3711
2055 3750
2056 2632
2056 2714
2056 2787
2056 3498
2057 2870
2057 3488
2058 2299
2058 2674
2059 2092
2059 3207
2060 2127
2060 2251
2060 3245
2061 2382
2061 2773
2061 3711
2061 3818
2062 2767
2062 3948
2063 2318
2064 3419
2064 3890
2065 2415
2065 2851
2066 2847
2067 3244
2067 3361
2068 3722
2069 2358
2069 3080
2069 3793
2070 2204
2070 2370
2070 2774
2070 3923
2071 3082
2072 2304
2072 3012
2072 3839
2073 3967
2074 3429
2075 2226
2076 2883
2077 2488
2077 2861
2077 3073
2078 3836
2080 2688
2080 3030
2081 2688
2081 3803
2082 2522
2082 2637
2082 3285
2082 3397
2083 2324
2083 2852
2083 2979
2083 3408
2084 3134
2085 3057
2085 3243
2086 2407
2086 3573
2088 2566
2088 3356
2089 2689
2089 2706
2089 3697
2090 2240
2090 3092
2091 2922
2092 2478
2092 3581
2092 3720
2092 3802
2093 2232
2093 3768
2093 3868
2094 2599
2095 2498
2095 2937
2096 2159
2096 2432
2096 3981
2097 2144
2097 2197
2097 3101
2097 3146
2097 3968
2098 2423
2098 3159
2099 2377
2099 2407
2099 3368
2100 2407
2100 3298
2101 2307
2101 2652
2101 3984
2102 2715
2102 3707
2103 2414
2103 2473
2103 2624
2103 3178
2103 3772
2104 2349
2104 3644
2104 3821
2105 3333
2105 3749
2106 3092
2106 3210
2106 3540
2107 2990
2107 3529
2108 3024
2108 3091
2108 3456
2109 3385
2109 3586
2109 3594
2110 3464
2111 3671
2112 3553
2112 3850
2113 3003
2114 2230
2114 2799
2114 3695
2115 2199
2115 3128
2116 2925
2116 3887
2118 3205
2118 3522
2119 2550
2120 2167
2122 2837
2122 3118
2123 3426
2124 2328
2124 3092
2124 3325
2124 3391
2124 3963
2125 2818
2125 2916
2127 2496
2127 2958
2129 2221
2129 2411
2130 3576
2133 2596
2134 3421
2135 3445
2135 3747
2136 3628
2137 3858
2138 2561
2138 2627
2139 2456
2139 3042
2140 3041
2140 3753
2141 2789
2141 3764
2142 3163
2142 3925
2143 3280
2144 3508
2145 2743
2145 2932
2147 3691
2147 3729
2148 2152
2149 2628
2149 2909
2149 3975
2150 2416
2150 2438
2150 2898
2150 2976
2150 3550
2151 2390
2151 2446
2151 3424
2151 3504
2151 3769
2152 2304
2152 2588
2152 2857
2152 3204
2152 3419
2152 3624
2153 2727
2154 3335
2154 3340
2155 2462
2155 2541
2155 3619
2157 2662
2157 3418
2157 3424
2158 3015
2158 3029
2159 3051
2159 3297
2160 2835
2160 2942
2160 3288
2160 3330
2161 2784
2161 2841
2161 3755
2161 3883
2161 3988
2162 2380
2163 3645
2163 3828
2165 2398
2165 2545
2165 2664
2165 3981
2166 3083
2166 3493
2169 2513
2169 2837
2170 2377
2170 3300
2171 2604
2171 3183
2171 3411
2171 3877
2172 2413
2172 2693
2172 2746
2172 2977
2172 3015
2172 3435
2172 3936
2174 2341
2174 3524
2174 3714
2175 3190
2176 2383
2177 2676
2178 2742
2178 2832
2178 3199
2179 2746
2179 3543
2179 3869
2182 2352
2183 2861
2183 3971
2183 3993
2184 2296
2186 2284
2186 2481
2187 2595
2187 2840
2192 2456
2193 2496
2193 2538
2193 3718
2194 3911
2195 3689
2195 3855
2196 3374
2196 3378
2197 2203
2197 3412
2197 3676
2198 2369
2198 3414
2199 2907
2200 2388
2200 2752
2201 3045
2201 3977
2203 3128
2203 3343
2203 3466
2204 2225
2206 2478
2206 3582
2206 3856
2207 2696
2207 3771
2208 3331
2210 2676
2210 3934
2211 3025
2211 3054
2212 2692
2212 2787
2212 3668
2214 2851
2214 3145
2214 3378
2215 3879
2216 2448
2216 3119
2217 2302
2217 3120
2219 3517
2220 3520
2221 2932
2221 3748
2222 2437
2222 3035
2222 3170
2224 2322
2224 3059
2224 3159
2224 3526
2224 3837
2225 2731
2225 2941
2226 2256
2226 3052
2227 3492
2228 2892
2229 2417
2229 3579
2229 3701
2231 3018
2231 3239
2231 3848
2232 2362
2232 2752
2232 3354
2233 2689
2233 3119
2234 2301
2235 2416
2235 3442
2236 3281
2236 3825
2237 2308
2237 2323
2237 3431
2237 3865
2238 3510
2238 3721
2239 2875
2239 3144
2240 3179
2240 3259
2240 3765
2241 2276
2241 2974
2243 2990
2244 2891
2245 2302
2245 3185
2245 3544
2245 3980
2246 3131
2246 3308
2247 3867
2248 3283
2249 2916
2249 3427
2251 2613
2251 3470
2253 2350
2253 3329
2253 3833
2255 2628
2255 3310
2258 2502
2258 2616
2258 2634
2258 3453
2258 3659
2259 2941
2259 3517
2260 2440
2260 3748
2261 2911
2261 3251
2261 3434
2261 3816
2263 2318
2263 3519
2264 2984
2264 3123
2265 2592
2265 3479
2265 3739
2267 3390
2268 3355
2269 3268
2269 3705
2270 3183
2271 3014
2271 3593
2272 3701
2273 2843
2273 2983
2273 3260
2273 3291
2273 3795
2273 3972
2274 3417
2275 2398
2275 3559
2277 2897
2277 3589
2278 2605
2279 2454
2279 2973
2281 3126
2281 3579
2281 3630
2282 3476
2284 2698
2286 2316
2286 2689
2286 3342
2286 3881
2287 3483
2288 3243
2289 3038
2290 3085
2290 3997
2291 2964
2291 3030
2293 2562
2293 3136
2293 3962
2294 2540
2294 3854
2295 3258
2296 2920
2297 2974
2297 3920
2298 2404
2298 3905
2299 2418
2299 2687
2299 3425
2300 2310
2300 2352
2300 2910
2300 3445
2301 2990
2301 3509
2302 2678
2303 3173
2305 2587
2305 2706
2306 3739
2309 2717
2309 3143
2310 2425
2310 2810
2310 3708
2312 2682
2312 3731
2312 3795
2313 3702
2314 2991
2314 3709
2314 3757
2315 3020
2315 3031
2316 2569
2316 3480
2316 3609
2317 2319
2318 2690
2318 2696
2318 2916
2319 3574
2319 3970
2321 2650
2322 2813
2323 3137
2323 3307
2324 2564
2324 2607
2325 2448
2325 2755
2325 3320
2327 2524
2329 2773
2329 2949
2329 2976
2330 3768
2331 2476
2332 2396
2332 2478
2334 3531
2335 3129
2335 3307
2335 3451
2337 3423
2338 2547
2338 2553
2339 3852
2341 2888
2341 2905
2341 3865
2342 3007
2342 3182
2343 2631
2343 3685
2343 3766
2345 3071
2346 3770
2347 2490
2347 2496
2347 2984
2348 3089
2348 3108
2348 3775
2348 3818
2349 3268
2349 3554
2350 2596
2350 3158
2350 3223
2350 3592
2351 3320
2351 3858
2352 3125
2352 3665
2353 3214
2354 2797
2354 3711
2355 3426
2355 3939
2356 2492
2356 3994
2359 3017
2359 3557
2359 3611
2361 2599
2361 3096
2361 3322
2362 2498
2362 2582
2363 2863
2363 3178
2364 2534
2365 3199
2366 2686
2367 2528
2367 3382
2370 2458
2370 2703
2371 3208
2373 3954
2374 2389
2374 2685
2375 2458
2375 2562
2375 3471
2375 3789
2376 2990
2377 2929
2377 3604
2379 2386
2379 2799
2379 3538
2379 3590
2379 3712
2381 2873
2381 3384
2381 3555
2382 2453
2382 2571
2383 2463
2383 2637
2383 2714
2383 3687
2383 3990
2384 3801
2385 3797
2385 3865
2388 2745
2389 3323
2390 3476
2392 2852
2392 3937
2393 2420
2393 3186
2395 3400
2396 2687
2396 3429
2397 3779
2398 2773
2398 3950
2399 3070
2400 2495
2400 2774
2400 2779
2400 3902
2401 3000
2401 3216
2403 3212
2404 2752
2404 2899
2404 3013
2404 3115
2404 3728
2405 2844
2405 3712
2406 3053
2406 3559
2407 2645
2407 2912
2409 3076
2409 3090
2409 3912
2409 3968
2409 3983
2410 3139
2410 3216
2410 3844
2411 2635
2411 2824
2411 3666
2412 2502
2413 2572
2413 2694
2414 3184
2415 3402
2415 3514
2415 3875
2416 2528
2416 2836
2416 3100
2417 3652
2419 3426
2420 2463
2420 3272
2420 3931
2421 3742
2422 2707
2422 3200
2423 3148
2423 3352
2423 3685
2424 3690
2424 3963
2427 2819
2427 2831
2427 2990
2427 3289
2427 3460
2428 2494
2429 3821
2430 2577
2432 2453
2432 2904
2434 3309
2434 3695
2435 2809
2435 2871
2435 2936
2435 3154
2435 3178
2435 3581
2435 3658
2435 3868
2436 2496
2436 3113
2437 2902
2440 2476
2440 2687
2440 3384
2441 2494
2441 3838
2441 3862
2443 3877
2445 3076
2446 3955
2447 2996
2447 3365
2448 2456
2448 2490
2448 3374
2448 3691
2451 2995
2451 3724
2452 2709
2453 2936
2453 3126
2453 3852
2454 3006
2454 3400
2454 3667
2455 2548
2455 3786
2456 2770
2456 3281
2457 3104
2458 2618
2458 2929
2462 3146
2462 3328
2463 3906
2466 3205
2467 2744
2467 3395
2467 3830
2467 3944
2468 2784
2468 3152
2469 2920
2470 3468
2470 3587
2470 3596
2473 2623
2473 2713
2474 2492
2474 3692
2475 2716
2476 2491
2478 2856
2478 3804
2478 3953
2479 3006
2479 3157
2480 2695
2480 2979
2480 3893
2481 3594
2482 2852
2483 2704
2483 3438
2483 3938
2484 3429
2484 3790
2485 2897
2485 3364
2485 3633
2486 2573
2486 3507
2486 3567
2487 3481
2487 3925
2488 2694
2490 3488
2491 3407
2491 3776
2492 2588
2492 2713
2492 2846
2492 2942
2492 3122
2492 3802
2492 3928
2493 2742
2493 3366
2493 3538
2494 2651
2495 2585
2495 2868
2496 2683
2496 2843
2496 3080
2498 3704
2498 3941
2500 3416
2501 3324
2502 3379
2503 2724
2503 3075
2503 3365
2503 3494
2504 3224
2504 3398
2504 3598
2508 2817
2508 3403
2509 3554
2510 2869
2510 3949
2511 3178
2512 2947
2513 3101
2513 3855
2514 3493
2514 3695
2515 3115
2515 3989
2516 3756
2517 3360
2518 3590
2519 2994
2519 3486
2519 3941
2520 2526
2520 2664
2521 3379
2522 2893
2522 3452
2523 3478
2523 3847
2524 2704
2526 3480
2526 3568
2526 3965
2527 3760
2528 3112
2528 3609
2529 3623
2530 3737
2530 3956
2531 3218
2531 3377
2531 3480
2533 3182
2535 3961
2536 2684
2536 3778
2537 2957
2537 3316
2537 3586
2537 3979
2538 2814
2538 3335
2538 3347
2538 3793
2539 2792
2542 3398
2543 2634
2543 2941
2544 2908
2544 3018
2544 3325
2544 3580
2544 3731
2544 3950
2545 2874
2545 2990
2546 3054
2546 3270
2546 3842
2547 3461
2550 3088
2551 3310
2552 3546
2553 3002
2553 3123
2553 3438
2554 3211
2555 2597
2556 3536
2557 3075
2557 3695
2558 3277
2558 3457
2559 2796
2559 3358
2560 2878
2560 3716
2561 3036
2562 2707
2562 2836
2562 3471
2562 3546
2563 3232
2564 3164
2564 3393
2565 3850
2566 2875
2566 3734
2566 3773
2567 2863
2568 2780
2568 3396
2569 3439
2570 2983
2570 3396
2570 3589
2571 3902
2572 3090
2572 3692
2572 3937
2574 3290
2574 3397
2574 3876
2575 2577
2575 3992
2576 3697
2578 2631
2578 2655
2578 3110
2579 3628
2580 3073
2580 3640
2581 2847
2581 3420
2582 2663
2583 3310
2584 3082
2584 3221
2584 3688
2584 3940
2585 2927
2585 3411
2585 3552
2587 2909
2590 2690
2592 3043
2593 2702
2593 2979
2593 3892
2594 3155
2595 3272
2596 3689
2597 2915
2597 3104
2597 3531
2598 2971
2598 3264
2598 3827
2601 3271
2601 3603
2601 3779
2602 2654
2602 3914
2603 2915
2603 3754
2604 2650
2605 2694
2605 2720
2605 3330
2606 3616
2607 3899
2608 3063
2610 3599
2610 3602
2611 3269
2611 3486
2613 2749
2614 3329
2614 3586
2614 3835
2616 2758
2616 2835
2616 2932
2617 2861
2617 3299
2617 3347
2618 3513
2619 3669
2622 3242
2622 3376
2623 2712
2624 2841
2624 3198
2628 2729
2631 3137
2631 3191
2632 2937
2632 3855
2633 3325
2633 3367
2634 2646
2635 3313
2636 3954
2637 2875
2637 2994
2638 3915
2639 3879
2639 3918
2640 2826
2640 3458
2641 3043
2642 3724
2642 3857
2646 3786
2646 3788
2646 3987
2647 3309
2648 2773
2648 3957
2649 2726
2649 3116
2649 3607
2650 2762
2650 3025
2650 3266
2650 3832
2651 2890
2652 3384
2655 3173
2657 3372
2657 3787
2658 2835
2658 3859
2659 3246
2659 3496
2659 3998
2661 3074
2661 3079
2661 3509
2662 2704
2662 3590
2663 3163
2664 2968
2664 3398
2664 3982
2665 3198
2665 3308
2665 3753
2666 3576
2666 3981
2667 2685
2668 3573
2668 3952
2670 3430
2670 3560
2671 3511
2672 3509
2673 2993
2673 3306
2674 3332
2675 3218
2675 3364
2676 2732
2677 3064
2677 3182
2679 3537
2679 3977
2680 2728
2680 2936
2680 3720
2681 3412
2682 3104
2683 2697
2684 3373
2685 3873
2688 3187
2688 3536
2689 3001
2690 3920
2692 2899
2693 3344
2693 3892
2693 3935
2694 2902
2694 3248
2696 3627
2696 3843
2697 3376
2697 3610
2697 3881
2699 3312
2699 3467
2699 3600
2701 2967
2701 3693
2702 3694
2703 2824
2703 3502
2703 3780
2703 3787
2708 3781
2709 3104
2709 3145
2709 3330
2709 3925
2711 3667
2712 2782
2714 3576
2716 3297
2717 2912
2717 3286
2721 2944
2721 3683
2722 2830
2722 3053
2725 3034
2725 3534
2725 3819
2727 3462
2727 3595
2728 2736
2729 3006
2729 3065
2729 3152
2729 3890
2730 3562
2732 3290
2736 2855
2736 3039
2736 3463
2737 2958
2737 3323
2737 3517
2738 2812
2739 3657
2740 3438
2742 3677
2743 3216
2745 2778
2745 3080
2746 3444
2746 3609
2747 3118
2748 3422
2751 2765
2751 2809
2753 3633
2754 2838
2755 2920
2755 3061
2756 3026
2756 3990
2760 3501
2762 2862
2762 2878
2762 3157
2763 3119
2763 3295
2764 3303
2766 3008
2767 3324
2769 2818
2769 3400
2770 3747
2772 2948
2773 2793
2773 2985
2773 3956
2774 2973
2774 3094
2774 3768
2774 3793
2775 3413
2776 3792
2777 2954
2777 3736
2779 2850
2781 3223
2781 3798
2782 3900
2783 3031
2783 3500
2784 3972
2786 2795
2787 3280
2787 3537
2787 3689
2787 3742
2787 3989
2788 3193
2788 3467
2789 3586
2789 3826
2789 3914
2791 3419
2791 3786
2792 2836
2792 3448
2792 3616
2794 2976
2794 3067
2794 3433
2795 3258
2797 3280
2797 3295
2797 3625
2798 3124
2799 2894
2799 2976
2800 3208
2801 3929
2802 3744
2803 3840
2804 3412
2805 3847
2807 3160
2807 3337
2807 3439
2808 3147
2808 3430
2809 3345
2811 3512
2812 3687
2812 3694
2812 3964
2813 3579
2813 3736
2814 3437
2814 3652
2815 3666
2816 3732
2817 3898
2819 3723
2821 2884
2821 3883
2822 3497
2823 3960
2824 3432
2825 3334
2827 3564
2828 3732
2829 2881
2829 3805
2830 3179
2830 3870
2831 3616
2833 3171
2835 3307
2839 3031
2841 2844
2841 3726
2842 3097
2842 3835
2844 3098
2844 3836
2846 3321
2846 3795
2847 3192
2847 3426
2848 3658
2849 2941
2849 2950
2850 3329
2850 3601
2850 3676
2852 3284
2852 3460
2853 3553
2855 3008
2855 3622
2855 3637
2856 3846
2860 3747
2862 3340
2862 3411
2862 3886
2864 3229
2864 3978
2865 3167
2865 3660
2868 3082
2868 3727
2869 3130
2873 2999
2875 3597
2875 3692
2875 3844
2876 3295
2876 3690
2877 3265
2878 3751
2878 3891
2879 3925
2880 3818
2882 3044
2883 2979
2883 3390
2885 2897
2885 3200
2885 3601
2886 2889
2886 3496
2887 3757
2887 3893
2888 3947
2889 3138
2889 3277
2889 3758
2890 3907
2892 3201
2892 3231
2894 3299
2895 3640
2896 3558
2897 3129
2898 3021
2898 3301
2898 3574
2899 3590
2899 3674
2899 3773
2900 3099
2900 3693
2900 3715
2903 3509
2903 3543
2904 3067
2905 3299
2905 3628
2905 3743
2907 3206
2907 3630
2908 3861
2909 3578
2910 2934
2910 3203
2910 3684
2911 3265
2911 3877
2912 3711
2912 3970
2914 3296
2915 3902
2917 2949
2919 3152
2919 3422
2919 3764
2920 2927
2921 3183
2921 3751
2922 3117
2923 3042
2923 3307
2924 3055
2925 3013
2926 3566
2927 3133
2927 3904
2929 3922
2930 3052
2931 3416
2932 3109
2932 3613
2933 2940
2933 3415
2936 3343
2937 3044
2937 3897
2938 3824
2941 2972
2941 3307
2941 3404
2943 3281
2943 3372
2943 3737
2945 3254
2945 3751
2946 3223
2946 3388
2950 3283
2952 3302
2953 3027
2953 3322
2954 3674
2955 3442
2955 3461
2956 3162
2956 3459
2956 3954
2958 3128
2958 3547
2959 3236
2961 3030
2961 3934
2962 3031
2962 3781
2963 3644
2964 3048
2964 3914
2965 3814
2967 3789
2968 2983
2968 3131
2969 3993
2970 3140
2971 3490
2972 3285
2972 3320
2972 3473
2973 3103
2973 3603
2974 3637
2974 3815
2975 3048
2976 3430
2976 3441
2977 3731
2978 3095
2978 3743
2979 3840
2980 3704
2980 3879
2981 3350
2981 3532
2982 3148
2984 3281
2984 3325
2984 3736
2984 3890
2985 2986
2986 3583
2987 3077
2988 3436
2989 3998
2990 3239
2990 3424
2990 3842
2991 3978
2992 3091
2992 3546
2994 3700
2995 3079
2996 3802
2996 3895
2999 3060
3000 3225
3000 3530
3000 3557
3000 3740
3001 3061
3001 3409
3003 3654
3003 3689
3004 3862
3007 3052
3007 3250
3009 3353
3011 3252
3012 3071
3012 3162
3012 3649
3012 3924
3013 3407
3013 3798
3014 3164
3014 3890
3014 3946
3016 3031
3016 3825
3019 3542
3019 3627
3023 3276
3024 3301
3025 3075
3027 3201
3027 3634
3028 3902
3029 3234
3034 3234
3034 3613
3035 3149
3035 3497
3036 3442
3037 3252
3037 3530
3038 3759
3038 3794
3038 3829
3041 3163
3041 3370
3042 3947
3043 3784
3044 3077
3044 3551
3047 3940
3048 3779
3049 3945
3050 3860
3051 3573
3052 3129
3052 3611
3055 3313
3057 3251
3058 3236
3062 3859
3063 3232
3065 3650
3066 3144
3066 3972
3067 3983
3068 3694
3069 3484
3069 3753
3070 3444
3070 3557
3072 3094
3072 3911
3073 3792
3073 3897
3078 3966
3079 3124
3079 3716
3080 3507
3082 3122
3082 3400
3083 3118
3083 3733
3084 3315
3087 3315
3089 3614
3090 3875
3091 3306
3092 3227
3092 3383
3092 3534
3093 3212
3094 3601
3098 3565
3098 3580
3098 3910
3099 3199
3099 3324
3101 3157
3101 3970
3102 3669
3102 3793
3102 3902
3103 3506
3103 3532
3103 3899
3104 3267
3104 3673
3106 3988
3108 3294
3109 3186
3110 3531
3110 3726
3111 3330
3112 3843
3114 3201
3117 3758
3119 3851
3123 3387
3125 3220
3127 3541
3127 3661
3127 3669
3127 3719
3129 3450
3129 3673
3132 3468
3133 3769
3133 3788
3134 3451
3135 3939
3145 3758
3145 3803
3147 3728
3148 3411
3148 3655
3148 3724
3149 3243
3150 3454
3150 3475
3151 3271
3152 3200
3153 3612
3154 3210
3155 3925
3159 3519
3159 3803
3159 3828
3161 3961
3162 3400
3162 3763
3163 3669
3164 3953
3165 3450
3165 3512
3167 3497
3167 3801
3168 3343
3169 3536
3169 3612
3170 3184
3170 3968
3171 3298
3172 3510
3174 3489
3174 3502
3175 3891
3176 3780
3176 3948
3180 3446
3180 3721
3181 3482
3184 3355
3185 3998
3188 3750
3189 3785
3189 3999
3191 3355
3194 3663
3194 3939
3195 3349
3197 3426
3198 3875
3199 3828
3200 3387
3202 3757
3202 3936
3205 3388
3205 3870
3206 3636
3206 3872
3207 3508
3207 3565
3209 3918
3210 3625
3210 3633
3211 3592
3211 3951
3212 3365
3212 3676
3212 3750
3212 3948
3214 3231
3216 3777
3218 3709
3219 3297
3221 3760
3222 3797
3222 3857
3223 3509
3223 3511
3224 3402
3225 3539
3227 3307
3228 3616
3229 3533
3229 3782
3230 3822
3231 3921
3232 3665
3235 3880
3236 3293
3237 3663
3237 3995
3238 3322
3238 3323
3241 3321
3241 3364
3241 3605
3242 3447
3244 3750
3245 3974
3247 3310
3247 3393
3247 3679
3248 3906
3249 3719
3251 3819
3253 3317
3253 3604
3254 3494
3256 3326
3256 3999
3262 3311
3262 3714
3263 3992
3264 3976
3266 3908
3267 3271
3268 3321
3268 3750
3268 3826
3269 3308
3270 3662
3272 3644
3274 3692
3275 3613
3276 3917
3276 3928
3276 3999
3279 3290
3281 3374
3281 3531
3282 3754
3283 3433
3284 3550
3284 3564
3285 3515
3287 3798
3287 3950
3289 3362
3290 3517
3290 3936
3291 3342
3291 3415
3294 3661
3297 3658
3297 3886
3298 3484
3298 3753
3300 3913
3302 3785
3302 3802
3303 3325
3306 3400
3308 3939
3311 3736
3312 3493
3313 3499
3313 3741
3314 3548
3318 3599
3319 3473
3320 3949
3325 3677
3325 3838
3329 3747
3330 3981
3338 3628
3338 3875
3340 3627
3341 3948
3342 3714
3343 3593
3344 3853
3346 3699
3353 3894
3355 3515
3355 3976
3359 3989
3360 3975
3366 3609
3369 3791
3370 3655
3370 3919
3372 3897
3373 3656
3376 3405
3376 3543
3376 3780
3377 3466
3378 3856
3381 3486
3381 3566
3382 3459
3382 3653
3384 3560
3385 3626
3385 3782
3392 3522
3392 3791
3395 3504
3395 3830
3396 3581
3397 3613
3397 3698
3399 3578
3403 3866
3404 3411
3404 3950
3404 3959
3405 3426
3407 3985
3409 3716
3409 3722
3411 3469
3412 3628
3413 3460
3416 3439
3418 3505
3419 3913
3420 3975
3421 3423
3421 3464
3421 3573
3421 3839
3427 3803
3431 3839
3432 3946
3433 3761
3434 3663
3439 3970
3441 3716
3443 3583
3443 3630
3444 3638
3447 3591
3448 3530
3448 3965
3450 3454
3450 3621
3451 3641
3451 3694
3451 3731
3452 3883
3453 3567
3456 3783
3457 3501
3457 3536
3457 3557
3458 3811
3459 3952
3461 3470
3471 3837
3472 3916
3472 3964
3474 3880
3475 3691
3475 3948
3476 3911
3478 3504
3479 3852
3480 3741
3480 3754
3483 3957
3484 3786
3491 3973
3497 3855
3497 3946
3499 3692
3499 3899
3502 3673
3503 3581
3504 3748
3505 3905
3509 3969
3510 3847
3514 3865
3515 3624
3516 3772
3519 3710
3519 3790
3520 3655
3520 3754
3520 3806
3522 3582
3522 3927
3523 3902
3524 3564
3524 3776
3529 3925
3530 3703
3537 3983
3542 3794
3546 3605
3547 3650
3552 3574
3555 3742
3559 3599
3561 3865
3563 3598
3564 3881
3565 3810
3567 3993
3568 3571
3569 3809
3574 3945
3577 3786
3579 3928
3584 3841
3585 3917
3586 3979
3591 3753
3592 3624
3597 3782
3599 3850
3600 3982
3602 3618
3608 3696
3609 3891
3612 3633
3614 3771
3615 3782
3624 3977
3626 3684
3632 3883
3633 3686
3635 3885
3637 3905
3637 3913
3638 3890
3639 3857
3644 3695
3647 3914
3649 3919
3655 3757
3656 3724
3658 3846
3659 3826
3660 3709
3668 3953
3670 3726
3670 3959
3670 3999
3679 3716
3685 3765
3695 3944
3695 3949
3696 3921
3697 3724
3698 3756
3700 3755
3702 3889
3715 3887
3715 3910
3725 3777
3727 3792
3727 3819
3737 3982
3740 3741
3741 3768
3746 3749
3746 3821
3748 3750
3748 3789
3774 3897
3774 3913
3782 3976
3785 3962
3790 3830
3792 3886
3792 3965
3801 3978
3802 3889
3813 3999
3814 3847
3818 3961
3821 3958
3832 3976
3839 3902
3848 3942
3858 3864
3860 3915
3860 3961
3862 3989
3864 3964
3871 3889
3887 3930
3902 3919
3912 3966
3915 3972
3926 3938
3938 3982
3945 3962
3981 3990
3987 3993
