0 167
0 199
0 302
0 335
0 485
0 843
0 915
0 1089
0 1295
1 252
1 308
1 495
1 606
1 1203
1 1206
1 1386
1 1698
2 384
2 700
2 1195
2 1610
2 1715
3 482
3 1213
3 1609
4 77
4 468
4 955
4 1047
4 1055
4 1093
5 149
5 957
5 1017
5 1130
5 1857
5 1935
6 1101
6 1249
6 1403
6 1776
7 302
7 330
7 449
7 531
7 1308
8 394
8 1160
8 1345
8 1791
9 580
9 617
9 1440
10 65
10 1498
10 1836
11 200
11 472
11 1250
12 135
12 922
12 1124
12 1125
12 1127
12 1266
12 1842
12 1883
13 98
13 1314
13 1540
13 1928
14 489
14 546
14 603
14 1629
14 1828
14 1962
15 392
15 434
15 659
15 754
15 1702
16 51
16 688
16 706
16 714
16 831
16 1590
16 1704
16 1767
17 1683
17 1821
18 494
18 1335
19 817
19 918
19 1096
20 111
20 153
20 988
20 1432
21 425
21 576
21 1001
21 1459
21 1760
21 1811
21 1922
22 367
22 535
22 565
22 1376
22 1441
23 259
23 381
23 1828
23 1898
24 1137
24 1401
24 1576
25 54
25 1392
25 1553
26 541
26 1590
26 1844
27 355
27 495
28 899
28 1427
28 1503
29 322
29 378
29 456
29 1790
29 1927
30 423
30 1318
30 1373
30 1397
30 1491
31 32
31 122
31 935
31 1002
31 1185
32 43
32 1783
33 43
33 121
33 418
33 896
34 839
34 1102
34 1165
34 1854
35 745
35 920
35 1470
35 1550
35 1841
36 537
36 1191
36 1471
37 393
37 1269
37 1661
38 479
38 781
38 950
38 1410
38 1905
39 354
39 1020
39 1171
39 1744
39 1758
39 1897
40 187
40 271
40 499
40 811
40 1147
40 1394
40 1973
41 201
41 685
41 702
41 797
41 1969
42 716
42 1101
43 235
43 1212
44 496
44 1197
44 1335
44 1529
45 882
45 1573
46 184
46 799
46 994
46 1132
47 53
47 660
47 967
47 1662
48 805
48 870
48 1324
49 69
49 804
49 1309
49 1885
49 1921
50 715
50 1730
50 1901
51 677
51 1329
52 127
52 1793
53 128
53 523
53 748
54 88
54 1107
54 1436
54 1697
55 802
55 840
56 206
56 1973
57 249
57 880
57 1471
58 730
58 1372
58 1527
58 1932
59 472
59 827
59 1224
60 592
61 555
61 699
61 962
61 1499
61 1554
61 1967
62 135
62 202
62 479
62 1731
62 1864
63 441
63 1466
63 1536
63 1666
64 101
64 754
64 1997
65 352
65 871
65 925
65 1179
66 364
66 1657
67 92
67 700
67 1293
68 682
68 1464
68 1545
69 285
69 789
70 238
70 470
70 693
70 956
70 1042
70 1731
71 92
71 565
71 1427
72 153
72 426
72 960
72 1020
72 1247
72 1610
73 624
73 721
73 1945
74 221
74 1070
74 1149
74 1794
75 368
75 572
75 923
75 1355
76 309
76 1905
77 236
77 822
77 1964
77 1994
78 321
78 510
78 1314
78 1820
78 1911
78 1935
79 333
79 347
79 447
79 507
79 840
79 1058
79 1496
80 212
80 1450
80 1547
80 1615
81 474
81 1319
81 1370
81 1701
81 1908
82 512
82 886
82 1238
82 1439
82 1560
82 1750
83 662
83 1373
83 1428
84 1778
84 1846
85 618
85 1456
85 1743
85 1815
86 335
87 593
87 728
87 867
87 928
87 1097
88 1188
88 1354
88 1806
89 109
89 651
89 992
89 1106
90 271
90 1524
90 1632
90 1643
90 1685
91 549
91 1334
91 1444
92 221
92 1526
92 1597
92 1644
92 1924
93 688
93 1875
94 226
94 353
94 522
94 969
94 1607
95 225
95 613
95 1054
95 1402
95 1765
96 164
96 856
96 1513
96 1705
97 311
97 809
97 1050
97 1235
97 1442
98 937
98 1636
98 1833
99 746
99 872
99 1339
100 418
100 426
100 850
100 937
100 992
100 1231
100 1807
101 307
101 329
101 921
101 1814
102 665
102 1074
102 1447
102 1740
103 171
103 636
103 909
103 1907
104 740
104 1631
105 569
105 752
105 943
105 1452
105 1639
106 141
106 921
106 1887
106 1923
107 233
107 955
107 1548
108 497
108 902
108 1657
108 1746
110 544
110 601
110 756
110 1116
111 477
111 1116
111 1885
111 1986
112 600
113 446
113 774
113 1483
114 517
114 593
114 800
114 1024
114 1631
114 1758
115 924
115 956
115 1432
115 1659
115 1803
115 1833
115 1914
115 1956
116 593
116 1312
117 1405
118 747
118 767
118 1757
119 831
119 1115
119 1280
120 369
120 692
120 830
120 1505
121 447
121 731
121 1417
122 681
122 1236
122 1463
123 435
123 951
123 1033
123 1049
123 1331
124 723
124 825
124 1066
124 1657
125 478
125 740
125 1388
125 1525
125 1638
125 1983
126 435
126 848
126 1108
126 1616
126 1943
127 589
127 984
127 1351
127 1443
127 1514
128 412
128 928
128 1493
129 1123
130 1124
130 1787
131 925
131 1258
131 1315
131 1516
131 1784
132 263
132 933
132 1426
133 302
133 518
133 561
133 1049
133 1240
134 510
134 1285
135 985
135 1986
136 891
136 984
137 609
137 762
137 1029
137 1503
138 362
138 630
138 990
139 1697
140 309
140 494
140 1168
140 1481
140 1869
141 565
141 1208
141 1805
142 216
142 929
142 1019
142 1116
142 1264
143 200
143 714
143 866
143 1396
143 1427
143 1928
144 614
144 792
145 1346
145 1438
146 790
146 1157
147 919
147 957
148 1496
148 1615
148 1616
148 1669
149 1569
149 1917
150 246
150 616
150 1081
150 1332
150 1942
151 750
152 931
152 1788
153 746
153 1195
153 1518
153 1982
154 524
154 681
154 1222
154 1240
154 1271
155 469
155 1873
155 1936
156 253
156 827
156 1346
156 1676
156 1735
157 613
157 1691
158 428
158 431
158 547
158 683
158 1375
158 1595
159 788
159 1338
159 1771
160 225
160 997
160 1371
160 1871
160 1999
161 732
161 1305
162 1174
162 1197
162 1539
162 1858
163 1464
164 781
164 1664
165 773
165 1182
165 1192
165 1303
166 225
166 596
166 1731
167 723
167 1335
167 1863
168 318
168 585
168 1434
169 423
169 935
169 1030
169 1263
170 465
170 1160
171 187
171 748
171 909
171 1240
171 1429
172 700
172 746
172 1084
172 1195
172 1676
173 981
173 1099
173 1186
174 289
174 582
175 411
175 526
175 1425
175 1668
175 1679
175 1952
176 203
176 734
176 1072
176 1152
176 1695
177 679
177 895
177 1406
178 328
178 393
178 744
179 787
179 1116
180 620
180 792
180 1007
180 1037
181 311
181 1171
182 829
182 1276
182 1424
182 1540
183 990
183 1018
183 1839
184 396
185 1142
185 1299
185 1475
185 1697
186 427
186 775
186 1059
187 1125
187 1415
188 633
188 1023
188 1313
189 493
189 587
189 654
189 1042
189 1279
189 1684
189 1792
190 340
190 1321
192 628
192 632
192 1251
192 1364
192 1826
193 852
193 1344
193 1358
193 1639
193 1856
194 695
195 245
195 618
195 633
195 904
195 1008
196 407
196 589
196 1193
196 1454
197 764
197 1468
197 1645
197 1781
198 220
199 276
199 1043
199 1522
200 359
200 456
201 427
201 1168
201 1198
201 1217
201 1452
201 1461
201 1604
202 861
202 1370
203 825
203 874
203 1095
203 1955
204 525
204 856
204 971
204 1103
204 1216
205 446
205 1298
206 308
206 1708
206 1833
207 1097
208 543
208 591
208 645
208 823
208 1829
209 238
209 259
209 527
209 609
209 624
209 1530
209 1816
210 320
210 332
210 451
210 536
210 620
210 910
210 1190
210 1284
210 1356
210 1950
213 256
213 322
213 896
213 1073
213 1887
214 520
214 748
214 1403
214 1466
214 1666
214 1893
215 229
215 637
215 1004
216 354
216 1223
216 1376
216 1454
216 1498
217 238
217 394
217 429
217 1354
217 1722
218 282
218 617
218 654
218 1516
218 1983
219 404
219 636
220 704
220 894
220 1022
220 1757
220 1833
220 1874
221 684
222 454
222 776
222 822
222 1059
222 1643
223 1238
223 1308
223 1328
223 1570
223 1825
225 892
225 1087
225 1132
225 1402
226 428
226 1347
226 1588
226 1755
227 1354
227 1429
227 1508
227 1548
227 1864
228 596
228 962
228 1621
229 1059
229 1630
229 1784
230 1597
231 416
231 571
231 793
231 1100
231 1153
231 1438
232 771
232 793
232 1571
232 1705
232 1749
233 535
233 660
233 996
233 1336
233 1812
233 1840
233 1930
234 237
234 1107
235 588
235 865
236 1076
236 1201
236 1284
236 1488
237 355
237 1918
238 672
238 1170
238 1447
239 349
239 365
239 778
239 1859
240 1131
240 1389
240 1987
241 516
241 522
241 551
241 682
241 1514
241 1566
241 1748
241 1929
242 514
242 573
242 1750
243 699
243 1399
243 1741
243 1998
244 466
244 828
244 1558
244 1672
244 1861
245 1479
245 1668
246 325
246 753
246 1269
246 1771
247 658
248 1115
249 680
249 772
249 989
249 1284
249 1399
249 1576
251 1716
251 1734
251 1793
251 1986
252 259
252 277
252 473
252 613
252 661
252 1649
253 403
253 441
253 618
253 1491
254 594
254 900
255 1013
255 1841
256 707
256 966
257 286
257 794
257 1049
257 1833
258 966
258 1381
259 491
259 634
259 1081
259 1534
259 1563
259 1826
260 993
260 1507
260 1602
261 343
261 1381
262 400
262 1373
262 1647
262 1804
262 1872
263 415
263 1841
264 456
264 562
264 669
264 684
264 1574
264 1641
264 1876
265 1022
265 1458
266 357
266 1391
266 1755
267 1465
268 455
268 574
268 701
268 1175
268 1880
269 912
270 301
270 482
270 984
270 1239
270 1348
270 1544
271 1164
271 1347
271 1880
272 653
272 872
272 1234
272 1239
272 1242
272 1441
272 1519
273 417
273 1461
273 1470
274 282
274 1106
274 1901
275 488
275 1111
275 1692
276 1238
276 1825
277 540
277 1757
277 1962
278 383
278 1085
278 1626
278 1684
279 402
279 633
279 754
279 1825
280 458
280 1223
281 447
281 612
281 1517
282 386
282 604
282 630
282 1046
282 1330
282 1505
282 1599
283 583
283 1652
283 1845
284 335
284 1219
284 1237
285 597
285 606
285 1106
285 1261
285 1544
286 865
286 870
286 1032
286 1774
286 1849
286 1865
287 454
287 615
287 1335
287 1562
287 1803
287 1991
289 591
289 1186
289 1302
289 1668
289 1699
289 1705
290 1393
291 895
291 1433
291 1777
292 966
292 1026
293 441
293 947
293 966
293 995
293 1716
293 1802
293 1890
293 1894
294 621
294 846
294 1260
294 1277
294 1315
294 1328
295 615
295 1979
296 880
296 1110
297 412
297 1993
298 858
298 1342
298 1464
299 945
299 1395
299 1479
299 1509
300 1353
301 674
302 348
302 1614
303 772
303 1018
303 1094
304 1069
305 1332
305 1444
306 1064
306 1187
306 1667
307 922
307 1090
308 465
308 780
308 1389
309 554
309 665
309 766
309 1304
310 1552
310 1936
310 1951
311 480
311 602
311 897
312 1162
313 332
313 482
313 590
313 888
313 1097
313 1162
313 1880
314 1375
315 339
315 412
315 866
315 980
315 1952
316 1403
316 1966
317 1233
317 1499
317 1503
317 1691
317 1753
318 903
318 1197
318 1643
319 1494
320 627
320 748
320 980
320 1651
320 1663
320 1738
320 1813
321 710
321 1088
321 1239
322 457
322 1375
322 1574
322 1733
322 1803
322 1931
322 1995
323 329
323 428
323 723
323 1715
323 1934
324 704
324 1049
324 1959
325 414
325 1004
326 891
326 922
326 1568
327 484
327 973
327 1877
328 984
329 331
329 675
329 811
329 1170
329 1344
329 1595
329 1636
330 404
330 1198
331 701
332 431
332 895
332 1056
332 1138
332 1258
332 1796
333 1396
333 1914
335 463
335 748
335 1071
335 1679
336 732
336 906
337 439
337 1182
337 1938
338 1884
339 552
339 826
339 988
339 1680
339 1782
340 1164
340 1761
341 737
342 1634
342 1816
343 558
343 1394
343 1627
344 736
344 1534
344 1927
344 1933
345 887
345 1593
345 1638
346 690
346 1840
346 1875
347 439
347 535
347 802
347 1884
347 1991
348 810
348 1041
349 1088
349 1927
350 1055
350 1431
350 1886
351 534
351 574
352 410
352 653
352 818
352 968
352 1539
352 1540
353 1341
353 1695
354 552
354 1105
354 1550
354 1631
355 518
355 985
355 1015
356 426
356 825
356 1945
356 1946
357 1136
357 1768
358 797
358 1091
358 1622
358 1780
358 1935
359 526
360 1466
361 375
361 653
361 994
361 1114
361 1235
361 1302
362 1050
362 1404
362 1465
363 1501
363 1546
363 1736
363 1755
364 1005
364 1318
365 1128
365 1175
365 1752
365 1991
366 582
366 741
366 1160
366 1436
366 1602
366 1627
366 1794
366 1840
366 1912
367 393
367 1028
368 520
368 656
368 1274
368 1444
368 1732
368 1972
369 909
369 1016
370 579
370 708
370 1354
370 1437
370 1447
370 1655
371 565
371 679
371 1517
372 1879
373 754
373 1864
374 972
374 1311
374 1674
375 1662
376 1329
376 1650
376 1736
376 1945
376 1962
377 824
377 1005
378 856
378 914
378 1036
378 1081
378 1244
378 1633
378 1637
378 1834
379 383
379 1184
379 1208
379 1324
379 1458
379 1505
379 1840
379 1931
379 1992
380 1340
380 1663
381 1905
381 1941
382 775
382 1511
382 1587
382 1655
384 1143
385 523
385 543
385 923
385 950
386 447
386 597
386 759
386 1331
386 1743
387 1650
387 1818
387 1916
388 426
388 755
388 1665
389 669
389 973
389 1037
389 1234
389 1558
390 892
390 1257
391 410
391 455
391 1174
392 738
392 1023
392 1634
392 1922
393 406
393 814
393 1258
393 1300
393 1546
394 493
394 1802
394 1927
395 405
395 468
395 1196
395 1225
395 1562
395 1795
396 1159
396 1264
396 1419
396 1818
397 725
397 1391
397 1920
398 686
398 951
398 1474
398 1734
399 729
399 1156
399 1683
399 1709
399 1752
400 535
400 891
400 1205
400 1343
401 1491
401 1590
402 808
402 1095
402 1607
403 956
403 1621
404 713
404 733
404 1129
404 1983
405 1231
405 1344
405 1347
405 1629
406 911
406 1125
406 1128
406 1528
406 1630
406 1865
407 1286
407 1979
408 925
408 1493
408 1758
409 539
409 1138
410 1447
410 1769
411 475
411 734
411 866
411 1704
412 1234
412 1290
412 1606
412 1929
412 1941
413 538
413 1483
415 603
415 974
415 1356
416 1370
416 1974
417 591
417 905
417 915
417 1821
418 560
418 1228
418 1698
418 1878
419 837
420 681
420 1173
421 490
421 497
421 1218
421 1328
422 1237
422 1430
422 1617
422 1618
422 1693
423 426
423 617
423 868
423 915
423 1974
424 521
424 655
424 1507
424 1571
424 1778
424 1997
425 499
425 890
425 918
425 1420
426 759
426 1541
427 767
427 898
427 1113
427 1363
427 1665
428 842
428 846
428 1365
429 486
429 769
429 815
429 1141
430 690
430 959
430 1412
431 480
431 712
433 1575
433 1832
433 1982
434 548
434 581
434 839
434 1236
434 1430
434 1829
434 1980
435 1459
435 1639
436 675
436 941
436 1625
436 1715
437 779
437 1015
437 1635
438 653
438 738
438 1548
439 747
439 1977
440 900
440 1401
441 546
441 746
441 1135
441 1978
442 579
442 1456
442 1909
443 679
443 733
443 1478
443 1630
443 1731
443 1847
444 1398
444 1852
444 1853
445 509
445 563
445 1256
446 762
446 817
446 1486
446 1680
446 1905
447 597
447 682
447 771
447 1223
447 1419
448 556
448 1044
448 1177
448 1244
448 1654
449 1918
450 614
450 1062
451 1598
451 1775
452 1278
452 1618
452 1915
453 1130
453 1419
454 1412
455 548
455 625
455 1005
455 1788
456 841
456 969
457 911
457 1063
457 1378
458 506
458 988
458 1906
459 529
459 828
459 1263
459 1697
460 1079
460 1623
460 1825
461 1814
462 535
462 1437
462 1660
463 1315
463 1549
464 896
464 1044
465 946
465 1144
465 1301
466 592
466 685
466 945
466 993
466 1019
466 1255
466 1994
467 987
467 1937
468 795
468 1411
468 1560
468 1738
468 1960
469 770
469 897
469 982
469 1021
469 1453
469 1962
470 628
470 1239
470 1458
471 1865
471 1937
472 685
472 1577
472 1797
473 712
473 1449
474 554
475 575
475 869
475 1014
475 1421
475 1438
475 1831
476 499
476 903
476 1082
477 537
477 1903
478 483
478 603
478 934
478 1526
478 1676
478 1684
479 700
479 1480
479 1863
480 910
481 1106
481 1231
481 1581
482 632
482 681
482 801
482 912
482 950
482 1253
482 1499
482 1768
484 1194
484 1543
484 1709
484 1718
485 1105
485 1310
485 1321
485 1741
486 721
486 1272
487 948
487 1715
488 995
488 1212
488 1772
489 991
490 627
490 1262
490 1396
490 1682
491 723
491 1482
491 1646
492 602
492 1154
492 1214
493 606
493 950
493 1392
494 1029
494 1699
494 1759
494 1813
494 1967
495 796
495 1262
495 1589
496 699
496 1259
496 1569
496 1731
496 1863
497 605
497 1159
497 1993
498 1044
498 1120
498 1127
499 769
499 921
499 986
499 1474
499 1695
500 1065
501 687
501 1039
501 1564
501 1962
502 1782
503 549
503 552
503 1108
504 1198
504 1365
504 1525
505 653
505 759
505 1074
505 1297
505 1526
506 968
506 1291
507 1579
508 755
508 972
508 973
508 1904
508 1985
509 632
509 1425
510 1506
510 1570
511 811
511 900
511 956
511 1128
511 1865
512 961
512 1973
513 653
514 1138
514 1427
514 1789
515 591
515 695
515 983
516 536
516 1141
516 1286
516 1635
516 1746
516 1820
516 1984
517 1305
517 1553
518 1571
518 1861
519 755
519 1253
519 1392
519 1746
519 1780
520 891
520 1611
521 1178
522 554
522 1113
523 886
523 1662
523 1811
524 817
525 571
525 1657
526 573
526 797
526 1022
526 1177
526 1549
526 1909
527 846
527 1674
528 758
529 587
529 693
529 1019
529 1281
529 1541
530 950
531 1038
531 1104
531 1432
532 666
532 829
532 1676
533 683
533 688
534 769
534 998
534 1622
534 1780
535 1239
536 544
536 1516
536 1912
537 566
537 1587
538 1033
538 1254
538 1423
538 1511
539 1006
539 1640
540 675
540 1259
540 1747
541 1556
541 1564
541 1664
541 1696
543 814
543 867
544 1197
544 1494
544 1511
544 1704
545 1304
545 1682
546 1473
547 1234
547 1957
548 653
548 835
548 1133
548 1341
548 1394
548 1909
549 897
549 1713
549 1811
550 1361
551 1643
551 1669
552 977
552 1004
552 1541
552 1682
553 564
553 1833
554 873
554 933
554 1834
555 581
556 1172
556 1530
556 1620
558 1590
559 1087
559 1528
559 1897
559 1916
560 754
560 915
561 818
561 1179
561 1699
562 1652
563 1297
563 1367
563 1530
564 603
564 692
564 842
564 1129
564 1680
564 1859
565 690
565 1050
566 654
566 1503
566 1570
566 1681
567 607
568 1053
568 1338
568 1770
569 947
569 1053
570 831
570 961
570 1593
571 643
571 704
571 1021
571 1082
571 1083
572 741
572 927
572 1424
572 1648
573 916
573 1245
574 586
574 696
574 709
574 1369
574 1592
575 849
575 1211
575 1276
576 644
576 1268
578 1109
578 1617
578 1759
579 1018
579 1588
581 1604
582 899
583 758
584 993
584 1381
584 1573
584 1767
584 1832
584 1893
585 1365
585 1517
585 1727
586 918
586 1226
586 1396
587 1406
587 1520
587 1811
588 1968
589 778
589 916
589 1583
590 638
590 978
590 1275
590 1536
590 1553
591 798
591 981
591 1210
591 1482
592 1161
592 1658
592 1663
592 1787
593 876
593 936
593 1020
593 1111
593 1265
593 1382
594 1980
595 1729
596 659
596 1083
596 1629
597 1110
597 1249
598 788
598 1159
599 889
599 925
599 932
599 1102
599 1463
599 1673
600 642
600 1002
601 706
601 1964
602 639
603 702
604 662
604 915
606 614
606 1253
606 1636
606 1883
607 1301
607 1856
608 1482
608 1930
609 1186
609 1321
609 1427
609 1450
609 1845
610 1813
611 1263
611 1569
612 639
612 699
612 1010
612 1150
612 1677
612 1857
613 1061
613 1097
613 1234
614 1150
614 1626
614 1652
614 1912
615 1306
615 1396
616 685
616 1845
617 718
617 793
617 1255
617 1618
618 1232
618 1404
618 1522
619 688
619 1029
619 1483
619 1657
619 1802
620 699
620 809
620 1749
620 1789
620 1847
621 1226
622 640
622 1334
622 1933
623 1057
623 1093
623 1094
623 1403
624 838
624 1474
624 1597
624 1608
624 1948
625 826
625 998
625 1005
625 1188
626 671
626 753
626 1641
626 1803
626 1905
627 1116
627 1724
627 1799
627 1908
629 1712
630 1310
630 1388
630 1560
630 1811
630 1853
631 653
631 1263
631 1347
631 1678
631 1708
631 1790
631 1889
632 747
632 1487
633 830
633 1337
634 728
634 953
634 1165
634 1181
634 1626
634 1754
635 1326
635 1501
635 1598
635 1682
636 993
636 1026
636 1172
637 658
637 1728
637 1775
637 1790
638 922
638 1391
639 642
639 1012
639 1184
639 1467
639 1506
639 1699
639 1944
640 1051
640 1059
640 1133
640 1643
640 1653
641 1742
641 1831
642 972
642 1064
642 1699
642 1887
643 789
643 1199
644 878
644 1037
645 1120
645 1161
646 783
646 808
646 868
646 1294
647 851
647 952
647 1493
647 1778
648 781
648 896
648 1505
648 1657
648 1681
649 1800
650 1001
650 1020
650 1101
650 1497
650 1886
651 1421
652 1509
652 1958
652 1967
653 1553
653 1789
654 1036
654 1373
654 1411
654 1563
654 1698
654 1791
654 1973
655 1701
656 840
656 1543
657 1281
657 1660
657 1772
658 1191
659 838
659 972
660 1818
660 1839
660 1851
660 1985
661 890
661 1690
661 1717
662 1076
662 1801
662 1825
663 736
663 1119
663 1682
664 1531
664 1668
664 1768
665 1333
666 1021
667 1259
667 1696
668 958
668 1935
669 819
669 934
669 1901
669 1919
670 817
670 1251
671 761
671 1365
672 1384
672 1896
672 1926
673 1005
673 1931
674 1314
675 1143
676 1904
677 956
677 1142
677 1512
677 1994
678 1032
678 1739
678 1855
679 687
679 732
679 740
679 797
679 1397
680 944
680 1796
681 728
681 825
681 1350
681 1374
681 1826
681 1861
682 986
682 1706
683 732
683 1123
683 1200
683 1776
684 1413
684 1639
684 1911
684 1938
685 783
685 1847
686 1202
686 1523
687 1070
687 1331
687 1765
687 1781
688 826
688 1564
688 1593
688 1750
688 1902
689 870
690 1300
690 1311
690 1564
690 1728
691 1280
691 1534
692 904
692 1570
692 1611
693 1774
695 1525
695 1623
695 1649
695 1926
696 859
697 708
697 848
697 1217
697 1647
698 1691
699 1322
700 892
700 1640
700 1784
701 712
701 1424
701 1483
702 723
702 1195
702 1758
703 880
704 1975
705 723
705 854
705 896
705 1362
706 1254
706 1367
706 1482
706 1820
707 1987
708 1147
710 1636
711 1285
711 1435
711 1518
711 1636
711 1646
711 1844
712 1720
712 1968
713 1633
714 1587
714 1786
715 784
715 986
715 1585
716 985
716 1634
716 1636
717 806
717 918
718 791
718 1032
718 1185
718 1395
719 998
719 1280
719 1925
720 789
720 1399
721 1330
721 1465
721 1615
721 1712
723 1026
723 1947
724 907
724 1113
725 1109
725 1293
725 1693
725 1994
726 1261
726 1460
726 1798
727 984
728 979
728 1263
728 1332
728 1732
729 1633
730 1640
730 1684
730 1921
730 1923
731 827
731 935
731 1328
731 1423
731 1600
732 1472
732 1566
732 1580
733 1922
734 865
734 928
734 1086
734 1602
734 1635
735 1842
736 1533
736 1664
736 1665
736 1896
737 1015
737 1720
738 934
738 1162
740 1846
741 780
741 1295
742 1345
742 1536
742 1697
742 1735
745 997
746 854
746 1510
746 1931
747 1263
747 1642
748 856
748 1270
748 1671
748 1811
748 1907
749 988
749 999
749 1111
750 817
750 1135
750 1283
750 1844
751 818
751 1132
751 1615
752 1598
752 1884
753 1801
754 1846
755 1037
755 1483
755 1730
756 1277
756 1321
756 1695
756 1848
756 1889
756 1905
757 791
757 1495
758 1380
758 1631
759 1095
760 1102
760 1271
760 1977
761 832
761 1174
761 1244
761 1348
761 1734
762 1126
762 1434
762 1563
762 1622
763 976
763 1305
763 1446
764 1952
765 1268
765 1566
765 1874
766 792
766 1884
768 953
769 872
769 1573
770 1335
770 1833
771 777
771 1478
771 1784
771 1894
772 913
772 1039
772 1362
772 1818
773 869
773 1924
774 1218
774 1796
775 1710
776 1041
776 1385
777 1042
777 1193
777 1893
778 834
778 1735
780 1192
780 1653
780 1731
780 1886
781 1112
781 1530
782 1374
782 1944
783 1305
783 1700
784 1013
785 1028
785 1055
785 1467
785 1633
785 1798
786 1292
786 1446
786 1479
786 1711
787 922
787 1363
788 1078
788 1101
788 1206
788 1345
788 1440
789 1244
789 1906
790 798
790 1542
790 1959
790 1972
791 1684
791 1958
793 934
793 1391
793 1706
793 1998
794 1265
795 1788
796 1319
799 1284
799 1879
800 1170
800 1540
800 1702
801 827
801 1501
802 1152
802 1409
802 1508
802 1688
804 1662
805 1140
806 888
806 1136
807 953
807 1050
807 1161
807 1383
808 960
808 1203
808 1489
809 926
809 948
809 1385
809 1767
809 1808
810 1271
810 1494
812 1434
813 1399
813 1657
813 1898
814 962
816 930
816 965
817 882
817 1075
817 1125
818 1005
818 1436
818 1521
819 1056
819 1295
819 1329
820 915
820 1200
821 1107
821 1151
821 1889
822 930
822 1338
822 1414
822 1532
823 899
823 1893
824 1331
824 1837
824 1950
825 1171
825 1551
825 1575
825 1886
825 1985
826 973
826 1190
826 1809
827 1008
827 1508
827 1928
828 849
828 1128
828 1431
828 1781
829 1043
829 1332
829 1362
829 1507
829 1864
830 866
831 1090
831 1612
832 1495
832 1586
833 1077
833 1884
833 1933
834 1303
834 1372
834 1661
834 1909
835 1402
835 1599
836 1081
836 1857
837 1790
838 977
838 1500
838 1691
838 1946
839 875
839 905
839 918
839 1094
839 1982
840 1453
840 1968
841 1814
841 1990
842 1032
842 1261
842 1585
843 954
843 1179
843 1379
843 1718
844 884
844 1144
844 1764
844 1780
845 895
845 1556
845 1857
846 886
846 1513
847 1556
848 1012
848 1349
848 1613
848 1868
849 1054
849 1397
850 1916
851 1177
851 1984
852 954
852 1107
852 1170
852 1350
852 1699
853 1319
853 1390
853 1862
853 1943
855 1398
856 1328
856 1708
857 1881
858 1124
858 1490
859 957
860 1522
860 1815
860 1928
861 1027
862 1545
863 1020
863 1891
864 1186
864 1660
864 1942
865 1114
865 1223
866 869
866 1580
867 1877
868 978
868 1322
868 1555
868 1606
869 924
869 1788
870 985
870 1592
870 1648
871 1382
873 1147
873 1279
873 1976
874 1124
875 1326
875 1577
875 1737
875 1758
875 1773
876 1279
876 1709
876 1756
877 1486
877 1681
878 1267
878 1456
878 1922
880 988
880 1195
880 1288
881 986
881 1107
882 1245
882 1508
882 1807
883 1085
883 1735
884 1208
884 1228
884 1828
884 1864
884 1948
885 1017
886 1135
886 1628
887 997
888 980
888 1249
889 1242
889 1598
889 1887
890 1992
891 1112
891 1657
891 1742
892 1203
892 1254
893 1322
893 1330
893 1445
893 1717
894 1014
894 1444
895 1069
895 1700
895 1729
896 1737
897 1311
897 1748
897 1956
898 1014
898 1682
900 906
900 1912
901 1210
901 1680
902 980
902 1224
903 1110
904 911
905 1058
905 1683
905 1697
906 1435
906 1847
907 1325
907 1989
907 1992
908 1940
909 1764
910 1313
910 1467
910 1962
911 1053
912 1048
913 1146
914 1343
914 1693
914 1705
915 1625
916 1143
917 1318
918 966
918 1465
919 1436
919 1527
919 1665
919 1934
920 1005
921 1384
921 1911
921 1969
922 1770
922 1867
923 1609
924 995
924 1260
925 1655
926 1288
926 1625
927 1254
927 1832
928 1908
929 1153
930 1402
930 1894
930 1912
931 1077
931 1326
931 1501
932 1030
932 1468
932 1521
932 1780
932 1795
932 1821
933 1074
933 1372
934 1012
934 1869
935 1598
937 1074
937 1860
939 1836
940 1127
940 1922
941 1559
941 1746
941 1881
942 1155
942 1908
943 1968
944 1196
944 1236
944 1461
945 1367
945 1498
945 1573
945 1847
946 1552
946 1958
947 1593
947 1636
948 1175
949 1145
949 1430
949 1705
949 1938
949 1958
950 1457
950 1625
950 1879
950 1880
951 1379
951 1458
953 1166
953 1259
953 1348
954 1524
955 1360
955 1364
958 1412
959 1049
959 1407
959 1773
960 1535
960 1647
960 1704
961 1541
962 1061
963 1012
963 1270
964 1280
964 1470
964 1557
965 1925
966 1346
967 1435
967 1905
967 1961
968 1036
968 1529
968 1785
969 1952
970 1424
970 1901
971 1167
971 1399
972 1139
972 1360
974 1071
974 1768
974 1885
976 980
977 1563
977 1721
977 1759
977 1895
978 1379
980 1003
980 1474
981 1124
981 1727
982 1205
982 1414
982 1461
983 1126
983 1485
983 1581
983 1768
983 1832
984 1470
984 1605
985 1325
986 1942
987 1643
988 1336
988 1455
988 1782
988 1813
989 1386
989 1884
989 1956
990 1311
990 1419
991 1083
991 1638
992 1005
992 1019
992 1147
992 1455
994 1225
994 1288
994 1365
994 1472
995 1537
996 1069
996 1707
997 1064
997 1318
998 1262
998 1456
998 1767
999 1373
999 1503
999 1669
1001 1319
1001 1803
1002 1295
1002 1658
1003 1006
1003 1861
1004 1409
1005 1052
1005 1065
1005 1075
1005 1679
1006 1111
1006 1453
1007 1857
1007 1887
1008 1053
1008 1538
1009 1414
1009 1773
1010 1120
1010 1350
1010 1596
1010 1649
1010 1799
1011 1533
1012 1833
1014 1056
1014 1377
1014 1838
1015 1896
1016 1034
1019 1465
1019 1600
1020 1588
1020 1952
1023 1515
1023 1571
1024 1400
1024 1850
1025 1440
1025 1708
1026 1193
1026 1232
1026 1918
1026 1978
1027 1177
1027 1303
1027 1363
1028 1253
1028 1256
1030 1447
1030 1874
1031 1354
1031 1723
1032 1607
1033 1064
1033 1222
1033 1855
1034 1358
1036 1218
1036 1609
1036 1805
1037 1272
1037 1973
1038 1375
1040 1067
1040 1887
1041 1216
1041 1309
1044 1511
1044 1766
1044 1932
1045 1591
1046 1263
1047 1525
1048 1613
1049 1118
1049 1366
1049 1667
1050 1274
1050 1324
1050 1449
1051 1112
1051 1878
1053 1659
1054 1983
1055 1681
1055 1720
1055 1873
1056 1817
1056 1995
1057 1652
1060 1396
1061 1664
1062 1097
1062 1657
1062 1689
1063 1459
1063 1477
1063 1870
1063 1972
1064 1335
1064 1376
1064 1377
1065 1298
1065 1391
1065 1580
1065 1924
1066 1077
1066 1449
1066 1971
1067 1973
1068 1164
1068 1244
1069 1321
1069 1980
1070 1101
1071 1682
1071 1937
1072 1335
1072 1428
1073 1673
1074 1588
1074 1692
1074 1913
1075 1211
1075 1804
1076 1745
1076 1950
1079 1152
1079 1379
1079 1896
1080 1823
1080 1995
1081 1119
1082 1124
1082 1487
1082 1527
1082 1779
1082 1805
1083 1317
1083 1599
1083 1855
1084 1730
1085 1823
1085 1867
1086 1839
1087 1537
1088 1161
1088 1176
1088 1531
1088 1724
1089 1323
1089 1407
1090 1855
1090 1995
1091 1142
1091 1697
1091 1983
1092 1341
1092 1582
1093 1803
1094 1690
1094 1958
1096 1691
1096 1910
1097 1198
1098 1168
1099 1114
1100 1929
1101 1235
1101 1324
1101 1705
1102 1242
1102 1489
1102 1659
1102 1783
1103 1242
1103 1541
1104 1685
1105 1862
1105 1955
1107 1152
1107 1740
1108 1120
1108 1642
1108 1944
1109 1647
1109 1830
1110 1350
1110 1452
1110 1500
1111 1377
1111 1669
1111 1987
1112 1120
1112 1336
1113 1199
1113 1693
1113 1875
1114 1145
1114 1417
1114 1867
1115 1673
1116 1496
1116 1828
1118 1813
1119 1459
1119 1633
1120 1442
1120 1843
1121 1191
1121 1764
1122 1763
1125 1496
1126 1573
1126 1976
1127 1548
1128 1678
1129 1638
1129 1933
1130 1839
1131 1176
1131 1206
1131 1326
1131 1658
1132 1817
1133 1330
1133 1378
1133 1679
1133 1724
1134 1153
1134 1297
1135 1945
1135 1976
1136 1324
1136 1825
1136 1885
1137 1704
1138 1401
1138 1819
1139 1275
1139 1805
1140 1274
1140 1591
1140 1990
1141 1461
1143 1161
1144 1562
1144 1620
1145 1269
1145 1326
1145 1589
1146 1151
1146 1488
1147 1213
1148 1530
1148 1686
1148 1924
1149 1294
1149 1384
1149 1713
1150 1282
1150 1907
1152 1666
1153 1318
1155 1558
1156 1695
1157 1255
1158 1803
1159 1693
1159 1916
1161 1565
1161 1631
1161 1691
1161 1719
1162 1285
1163 1706
1164 1707
1164 1867
1165 1531
1166 1736
1167 1261
1169 1793
1170 1788
1171 1334
1171 1470
1173 1421
1173 1594
1174 1219
1174 1858
1175 1681
1176 1344
1177 1208
1177 1751
1179 1344
1179 1426
1179 1680
1180 1311
1182 1849
1184 1400
1187 1880
1188 1672
1189 1702
1191 1690
1196 1917
1196 1987
1198 1228
1198 1229
1198 1490
1198 1589
1199 1484
1199 1748
1199 1828
1200 1390
1200 1672
1201 1649
1202 1612
1202 1650
1205 1298
1206 1370
1206 1759
1208 1704
1208 1920
1210 1885
1211 1335
1211 1582
1212 1485
1213 1395
1213 1905
1214 1683
1214 1836
1215 1405
1216 1781
1217 1309
1217 1950
1218 1640
1218 1777
1219 1491
1220 1795
1220 1909
1221 1669
1221 1966
1222 1849
1224 1335
1224 1684
1224 1959
1228 1875
1229 1691
1230 1285
1231 1259
1232 1699
1233 1666
1234 1436
1235 1244
1235 1256
1235 1371
1235 1961
1236 1251
1236 1782
1237 1439
1237 1662
1237 1935
1239 1304
1239 1485
1240 1631
1241 1803
1242 1319
1242 1371
1242 1876
1243 1421
1243 1915
1243 1988
1244 1261
1245 1339
1245 1691
1245 1768
1246 1254
1246 1344
1246 1668
1248 1572
1248 1697
1249 1368
1250 1427
1250 1674
1251 1612
1251 1643
1252 1397
1252 1851
1252 1939
1252 1950
1253 1258
1253 1536
1253 1557
1253 1640
1253 1898
1253 1944
1254 1325
1254 1755
1254 1860
1256 1551
1256 1998
1257 1315
1261 1697
1262 1899
1264 1385
1265 1517
1265 1579
1265 1953
1265 1978
1267 1301
1267 1591
1267 1606
1268 1472
1268 1816
1270 1291
1270 1524
1270 1567
1270 1593
1270 1758
1270 1872
1272 1996
1273 1525
1273 1969
1274 1439
1274 1529
1274 1672
1274 1729
1274 1787
1275 1526
1276 1343
1276 1635
1277 1351
1277 1607
1277 1895
1278 1340
1278 1524
1278 1815
1280 1794
1280 1962
1281 1393
1281 1498
1281 1973
1283 1304
1284 1321
1285 1506
1285 1724
1286 1296
1286 1892
1287 1678
1287 1679
1287 1976
1288 1556
1289 1517
1289 1519
1289 1547
1289 1652
1289 1668
1290 1465
1290 1591
1290 1802
1290 1994
1292 1389
1293 1485
1294 1407
1297 1722
1298 1405
1299 1519
1299 1833
1301 1425
1301 1838
1302 1435
1302 1849
1305 1704
1306 1407
1307 1794
1307 1955
1308 1424
1309 1531
1309 1860
1310 1940
1312 1374
1312 1816
1314 1580
1315 1484
1315 1554
1315 1970
1316 1760
1317 1576
1317 1983
1320 1781
1320 1845
1321 1614
1321 1632
1322 1771
1323 1684
1324 1439
1325 1530
1325 1975
1326 1673
1327 1362
1328 1556
1328 1643
1328 1663
1328 1752
1329 1604
1330 1394
1330 1559
1331 1459
1331 1547
1331 1571
1331 1680
1332 1571
1332 1572
1334 1389
1334 1709
1335 1376
1336 1370
1336 1393
1337 1784
1341 1798
1342 1411
1342 1485
1342 1725
1342 1727
1343 1394
1343 1755
1343 1862
1344 1594
1346 1629
1346 1923
1347 1349
1347 1818
1348 1915
1349 1556
1351 1397
1354 1583
1354 1781
1355 1418
1356 1613
1357 1499
1357 1936
1357 1947
1358 1427
1358 1530
1359 1700
1360 1569
1362 1614
1362 1834
1362 1847
1363 1421
1364 1802
1366 1672
1366 1679
1366 1811
1367 1460
1367 1824
1368 1739
1369 1391
1369 1780
1370 1732
1370 1919
1371 1575
1373 1532
1373 1706
1374 1644
1377 1474
1379 1397
1380 1675
1381 1755
1381 1863
1383 1719
1383 1943
1386 1744
1386 1934
1387 1752
1388 1783
1388 1974
1390 1570
1390 1622
1391 1900
1392 1434
1393 1596
1393 1711
1393 1961
1395 1542
1396 1995
1398 1639
1398 1743
1398 1997
1399 1967
1400 1944
1404 1900
1405 1540
1406 1502
1406 1813
1406 1992
1408 1538
1408 1632
1409 1518
1411 1618
1413 1602
1414 1515
1415 1800
1416 1900
1417 1882
1418 1553
1419 1658
1419 1691
1419 1917
1422 1511
1422 1528
1422 1670
1422 1799
1423 1563
1426 1469
1429 1554
1429 1741
1430 1440
1430 1828
1431 1761
1432 1487
1434 1582
1435 1749
1435 1762
1436 1956
1437 1688
1437 1891
1438 1574
1440 1957
1442 1814
1444 1581
1444 1588
1445 1452
1446 1458
1449 1466
1449 1507
1449 1583
1451 1690
1451 1907
1452 1813
1453 1562
1453 1568
1453 1591
1453 1623
1455 1988
1456 1580
1456 1813
1461 1526
1462 1860
1463 1939
1464 1785
1466 1766
1467 1775
1469 1719
1471 1714
1472 1619
1472 1990
1474 1537
1474 1577
1475 1877
1475 1884
1475 1920
1478 1691
1480 1623
1482 1558
1482 1992
1483 1631
1484 1567
1485 1496
1486 1857
1487 1592
1489 1702
1490 1844
1490 1974
1491 1567
1491 1667
1491 1736
1492 1560
1492 1666
1492 1886
1493 1703
1493 1936
1494 1526
1496 1875
1498 1535
1500 1593
1501 1510
1502 1543
1502 1649
1503 1870
1504 1589
1504 1883
1506 1747
1507 1509
1507 1733
1508 1550
1508 1911
1509 1576
1510 1873
1511 1641
1512 1935
1514 1593
1514 1771
1515 1842
1515 1952
1516 1645
1520 1621
1520 1865
1520 1896
1522 1912
1524 1783
1525 1695
1525 1968
1527 1720
1528 1920
1529 1638
1533 1704
1534 1552
1537 1933
1541 1679
1541 1696
1542 1916
1544 1719
1544 1964
1545 1667
1548 1994
1550 1611
1550 1787
1551 1866
1551 1951
1552 1848
1554 1628
1554 1642
1554 1668
1555 1789
1555 1997
1557 1912
1557 1963
1558 1606
1558 1663
1558 1737
1563 1769
1563 1879
1563 1962
1564 1761
1565 1894
1566 1719
1566 1923
1566 1948
1567 1570
1567 1954
1570 1648
1572 1885
1573 1994
1576 1990
1577 1602
1577 1608
1578 1809
1579 1733
1583 1669
1584 1631
1584 1677
1586 1784
1589 1857
1593 1900
1594 1920
1595 1706
1595 1996
1597 1664
1597 1922
1601 1890
1604 1628
1606 1622
1607 1718
1610 1621
1611 1947
1614 1994
1616 1708
1616 1776
1617 1662
1619 1913
1621 1791
1625 1819
1625 1992
1628 1960
1629 1867
1630 1732
1631 1794
1633 1647
1634 1716
1635 1696
1636 1823
1637 1833
1640 1822
1641 1678
1644 1775
1645 1650
1645 1721
1645 1863
1645 1989
1646 1820
1647 1711
1647 1750
1647 1889
1648 1994
1650 1877
1652 1686
1652 1913
1653 1656
1656 1945
1656 1974
1657 1932
1658 1823
1658 1890
1658 1894
1661 1943
1663 1783
1664 1876
1664 1888
1664 1907
1666 1683
1666 1973
1669 1673
1671 1682
1672 1874
1674 1846
1676 1866
1678 1760
1679 1845
1680 1911
1682 1833
1683 1702
1683 1967
1684 1750
1688 1758
1689 1691
1689 1767
1689 1859
1690 1944
1691 1900
1691 1993
1692 1694
1694 1880
1695 1762
1696 1910
1698 1975
1701 1731
1705 1957
1708 1816
1709 1809
1710 1857
1712 1978
1713 1837
1713 1863
1715 1762
1716 1984
1719 1720
1720 1834
1720 1994
1725 1956
1726 1887
1727 1897
1727 1988
1729 1969
1731 1830
1732 1797
1732 1933
1733 1849
1734 1750
1735 1925
1743 1803
1743 1915
1743 1948
1745 1747
1746 1838
1750 1760
1751 1818
1752 1853
1755 1853
1761 1766
1761 1776
1761 1930
1769 1944
1772 1968
1775 1815
1777 1891
1780 1863
1782 1833
1782 1923
1785 1862
1786 1843
1792 1818
1793 1812
1796 1901
1798 1903
1800 1910
1802 1805
1802 1941
1804 1966
1807 1943
1809 1991
1813 1835
1820 1898
1822 1933
1824 1877
1824 1929
1825 1974
1826 1908
1826 1941
1827 1862
1829 1969
1836 1974
1836 1987
1837 1932
1840 1988
1846 1927
1852 1970
1852 1996
1861 1901
1865 1922
1867 1932
1870 1945
1871 1917
1871 1934
1873 1942
1879 1980
1882 1925
1884 1921
1886 1910
1891 1966
1910 1936
1913 1921
1927 1985
1930 1970
1931 1948
1934 1940
1954 1977
1967 1983
