0 1608
1 595
1 912
1 1026
1 1132
1 1167
1 1299
1 1659
1 1760
1 1876
2 249
2 761
2 1235
2 1615
2 1631
2 1882
3 1199
4 181
4 570
4 1248
4 1464
4 1483
4 1725
5 521
5 646
5 1014
5 1024
5 1485
5 1502
6 209
6 382
6 726
6 894
6 1445
7 141
7 813
7 1222
7 1307
7 1931
8 442
8 1276
8 1363
8 1451
8 1568
8 1918
9 855
9 1044
9 1466
9 1696
9 1720
10 897
10 1353
11 501
11 868
11 968
11 1294
12 441
12 1046
12 1094
12 1478
12 1533
13 716
13 868
13 1159
13 1549
13 1740
14 73
14 80
14 619
14 945
14 1557
14 1699
15 797
15 905
15 1163
15 1259
15 1544
15 1888
15 1945
16 126
16 295
16 666
16 689
16 1178
16 1249
16 1694
16 1973
17 212
18 25
18 851
18 1589
18 1691
19 1299
20 595
20 793
20 1157
20 1427
20 1776
21 204
21 783
21 796
21 1656
21 1844
22 72
22 1556
22 1743
23 1652
23 1919
24 395
24 1398
24 1711
25 485
25 971
25 1418
26 628
26 1357
26 1748
27 289
27 340
27 945
27 962
27 1067
27 1212
27 1739
28 281
28 579
28 794
28 1112
29 620
29 1186
29 1523
29 1614
29 1895
30 676
30 989
30 1169
30 1436
30 1496
30 1905
31 520
32 1122
32 1571
33 375
33 601
33 634
33 1157
33 1229
34 570
34 1034
34 1247
34 1578
35 64
35 342
35 465
35 562
35 1027
35 1651
36 244
36 928
36 1377
36 1737
37 114
37 393
37 770
37 946
37 1789
38 749
38 1349
39 529
40 262
40 489
40 855
40 1319
40 1610
40 1781
41 189
41 294
41 818
41 897
41 1214
41 1383
41 1476
42 466
42 806
42 1639
42 1820
43 358
43 585
43 594
43 1406
43 1713
44 218
44 836
44 1065
44 1222
44 1771
44 1893
45 645
45 711
45 1525
46 862
46 1790
47 1754
47 1969
48 173
48 441
48 453
48 600
48 814
48 1169
48 1180
48 1356
48 1439
48 1897
49 482
49 678
49 1169
50 232
50 1038
50 1092
50 1146
50 1675
51 59
51 1076
51 1629
51 1632
52 349
52 1560
52 1780
52 1997
53 1290
53 1886
54 472
54 926
55 1885
56 918
56 1390
57 334
58 104
58 396
58 683
58 713
58 972
58 1268
58 1567
58 1813
58 1937
59 113
59 477
59 766
59 1153
59 1390
59 1923
59 1926
61 229
61 232
61 568
61 890
61 1334
61 1704
61 1739
61 1989
62 292
62 773
62 1140
63 1276
63 1618
64 241
64 1399
64 1402
65 1748
65 1835
66 1199
66 1455
66 1480
66 1816
67 836
67 1306
67 1526
67 1698
68 922
68 1024
68 1111
68 1123
68 1591
68 1630
68 1990
69 271
69 670
69 982
70 537
70 559
70 1220
71 648
72 805
72 921
72 1643
73 665
73 821
73 1215
73 1491
74 223
74 1309
74 1524
74 1763
75 416
75 1462
75 1522
75 1630
75 1697
75 1826
75 1996
76 885
76 1227
76 1304
77 526
77 1031
77 1151
77 1183
77 1415
77 1851
78 1232
78 1307
79 1706
80 1344
80 1424
80 1530
80 1630
80 1644
80 1964
81 115
81 1171
81 1798
82 597
82 634
82 1249
82 1894
83 1190
83 1208
83 1323
83 1971
84 343
84 788
84 1540
84 1904
84 1969
85 160
85 722
85 1049
85 1199
85 1276
86 1513
87 487
87 1243
87 1334
88 120
88 445
88 1144
88 1287
89 522
89 1122
89 1211
90 1162
90 1263
90 1839
91 271
91 440
91 889
91 1834
91 1888
92 536
92 951
92 1120
92 1697
92 1732
93 679
93 1162
93 1242
93 1705
94 234
94 1417
95 357
96 121
96 1741
96 1997
97 1115
97 1710
98 298
98 328
98 836
98 1064
98 1727
99 1427
99 1495
99 1689
100 206
100 1095
100 1458
100 1771
100 1905
102 566
102 756
102 808
102 1383
102 1398
102 1735
102 1996
103 121
103 383
103 423
103 717
103 1853
104 112
104 1978
104 1983
105 451
106 692
106 1372
106 1497
106 1905
107 1128
107 1208
107 1222
107 1709
107 1843
107 1868
108 338
108 759
108 856
109 183
109 962
109 1005
109 1258
110 1022
110 1113
110 1543
111 434
111 821
111 849
111 1887
112 302
112 866
112 1114
113 1503
114 832
114 878
114 987
114 1238
114 1387
114 1428
114 1637
115 1630
116 194
116 1108
116 1494
117 144
117 424
117 844
117 971
118 119
118 523
118 725
119 777
119 871
119 1110
119 1962
120 134
120 652
120 831
121 341
121 1912
122 384
122 395
122 428
122 431
122 815
122 1200
123 624
123 1672
123 1983
124 584
125 743
125 1114
125 1565
126 873
126 1336
126 1431
126 1588
126 1783
127 1171
128 524
128 1088
128 1341
129 490
129 908
129 1296
130 1000
130 1359
130 1381
130 1458
130 1672
131 214
131 316
131 1269
131 1411
132 390
132 496
132 613
132 768
132 1307
132 1918
133 1203
133 1546
134 163
134 691
134 979
134 1080
134 1861
135 249
135 488
135 532
135 909
135 1567
135 1944
136 236
136 797
136 1074
136 1170
137 1041
137 1563
137 1647
137 1675
138 347
138 845
138 1993
139 1356
139 1560
139 1951
140 1936
141 430
141 752
141 772
141 965
142 514
142 1103
142 1413
143 264
143 854
144 314
144 590
144 1029
144 1402
144 1795
145 988
146 483
146 850
146 1609
146 1647
146 1765
147 951
147 1122
147 1410
147 1487
147 1586
148 192
148 1593
148 1854
148 1873
149 587
149 1160
149 1315
150 762
150 908
150 1014
150 1016
150 1134
150 1403
150 1676
150 1812
151 1785
152 193
152 397
152 1099
152 1807
152 1973
153 500
153 557
153 1441
153 1673
153 1700
153 1835
154 183
154 303
154 849
154 1363
154 1466
154 1905
156 431
156 1248
157 229
157 357
157 834
157 940
157 1767
158 1748
159 854
159 1152
160 720
160 872
160 943
160 1084
160 1237
161 190
161 323
161 537
161 1141
161 1262
161 1274
162 942
162 1851
163 429
163 800
163 1514
164 613
164 726
164 773
164 992
164 1491
164 1698
165 440
165 799
165 1536
166 306
166 505
166 731
166 794
166 1282
166 1733
167 627
167 676
167 1624
167 1631
168 198
168 804
168 1934
169 1065
169 1080
169 1164
171 261
171 719
171 1816
172 455
172 620
172 831
173 239
173 372
173 1538
174 823
174 1029
174 1784
175 315
175 967
175 1004
175 1748
175 1922
176 443
176 931
176 992
176 1106
176 1774
176 1833
177 1020
178 499
178 919
178 1085
178 1653
179 184
179 244
179 568
179 854
179 917
179 968
179 1524
180 1329
180 1646
181 719
181 782
181 895
181 1069
182 210
182 809
182 1028
183 585
183 1366
184 605
184 1397
184 1410
184 1653
184 1660
185 1566
185 1937
187 592
187 761
187 1086
187 1397
187 1728
188 496
188 869
188 1448
188 1460
189 637
189 663
189 1643
190 278
190 590
190 761
190 995
190 1645
191 647
191 953
191 1543
191 1906
192 417
192 939
192 1633
192 1732
192 1754
193 793
193 1126
193 1172
193 1190
193 1285
194 1528
195 469
195 1127
195 1551
195 1808
195 1872
196 327
196 765
196 1332
196 1565
196 1625
196 1895
197 199
197 419
197 665
197 1010
197 1055
197 1209
198 294
198 345
198 1461
198 1902
199 665
199 723
199 881
199 1613
199 1751
199 1887
200 895
200 1564
201 1400
202 1040
202 1542
202 1805
203 1185
203 1642
203 1728
204 593
204 983
204 1245
204 1529
205 1605
206 1329
206 1371
207 890
207 924
208 1213
208 1403
208 1558
209 618
209 687
209 930
209 1313
209 1346
209 1352
210 471
210 1820
211 571
211 1475
211 1477
211 1815
212 219
212 246
212 288
212 712
212 758
212 1050
213 611
213 1457
213 1640
213 1807
213 1998
214 494
214 1175
214 1272
214 1291
214 1312
214 1686
215 372
215 793
215 1004
215 1135
215 1527
216 446
216 631
216 894
216 1229
216 1690
217 262
217 432
217 758
218 1451
219 931
219 1364
219 1449
219 1561
219 1813
220 338
220 428
220 635
220 680
220 1178
220 1334
220 1532
220 1975
222 326
222 1059
222 1795
224 889
224 970
224 1212
224 1378
224 1625
225 516
225 1074
226 597
226 756
226 787
226 1065
226 1227
226 1347
226 1361
226 1928
226 1977
227 350
227 1224
227 1392
227 1628
227 1786
227 1887
228 1016
229 866
229 1823
229 1918
229 1927
229 1953
229 1998
230 1002
230 1371
231 716
231 1728
231 1947
232 659
232 1197
232 1935
233 919
233 1429
233 1515
233 1596
233 1687
234 1181
234 1283
234 1839
235 494
235 829
235 1200
235 1708
236 356
236 1717
236 1905
237 354
237 523
237 957
237 1036
237 1227
237 1295
238 382
238 1088
238 1130
238 1928
239 1851
240 623
240 699
240 1378
240 1604
240 1971
241 334
241 841
241 897
241 1177
241 1877
242 1117
242 1139
242 1969
243 1047
243 1715
244 342
245 334
245 360
245 1059
245 1530
245 1701
246 1799
247 1664
247 1933
248 293
248 594
248 1638
248 1953
249 490
249 1323
249 1602
250 299
250 356
250 452
250 471
250 1237
250 1602
251 1524
251 1781
251 1882
253 471
253 472
253 927
253 1255
253 1564
253 1722
253 1861
254 399
254 1501
255 536
255 845
255 853
255 1917
256 406
256 837
256 1549
257 1053
257 1541
258 385
258 896
258 1119
258 1514
259 475
259 769
259 915
259 1576
259 1665
259 1732
261 588
261 797
261 1704
261 1892
262 443
262 1430
262 1772
262 1944
263 679
263 1005
263 1568
264 1047
264 1764
265 1457
266 843
267 772
267 1276
268 1274
269 368
269 375
269 1048
269 1191
269 1817
269 1862
269 1887
269 1976
270 419
270 888
270 900
270 960
270 1185
270 1446
270 1594
270 1946
271 1068
271 1075
271 1248
271 1300
271 1723
271 1781
272 1573
272 1854
273 817
273 1509
273 1908
274 1094
274 1107
274 1387
274 1402
274 1492
275 894
275 896
275 1615
276 842
276 1076
276 1388
276 1509
276 1589
276 1850
277 407
277 418
277 512
277 1904
278 468
278 692
278 713
278 771
278 997
279 402
279 586
279 780
279 1036
279 1144
279 1168
280 581
280 1628
281 522
281 644
281 840
281 1094
281 1772
281 1876
282 605
282 1001
282 1781
283 341
283 551
283 735
283 832
283 1068
283 1320
283 1384
283 1442
284 407
284 827
284 1681
285 323
285 421
285 679
285 1082
286 680
286 1057
286 1187
286 1262
287 549
287 1040
287 1053
287 1496
288 457
289 742
289 1079
290 1946
290 1964
291 409
291 482
291 521
291 873
291 1584
291 1813
291 1984
292 380
292 1042
292 1044
292 1224
292 1550
293 620
293 917
293 946
293 1054
293 1493
293 1772
294 777
294 833
294 1925
295 1316
295 1407
295 1946
295 1959
296 412
296 1565
296 1680
297 757
297 1069
297 1823
297 1976
298 795
298 892
298 896
298 1195
298 1228
298 1657
299 305
299 406
299 458
299 722
299 877
299 1071
299 1288
299 1415
299 1953
299 1974
300 762
300 905
300 1271
300 1333
300 1523
300 1539
300 1851
300 1858
300 1931
301 1013
302 548
302 1276
302 1491
302 1823
303 1000
303 1340
304 874
304 1316
304 1475
305 1830
306 390
306 609
306 1339
306 1605
306 1629
306 1725
306 1868
307 498
307 657
307 1419
307 1979
308 861
308 890
308 1571
309 446
310 395
310 1273
310 1514
310 1995
311 1099
311 1262
311 1527
312 337
312 724
312 801
312 898
312 1079
312 1328
312 1500
312 1538
313 647
313 670
313 965
313 1159
313 1484
314 806
314 1370
315 357
315 625
315 1070
315 1147
315 1487
316 1392
316 1500
317 367
317 689
317 1023
317 1256
317 1375
318 469
318 510
318 597
318 1294
318 1296
318 1344
318 1358
318 1784
320 554
320 726
320 1010
320 1175
320 1747
320 1890
321 1102
321 1337
321 1628
322 941
322 1377
323 1020
323 1373
324 597
324 652
324 878
324 1634
325 561
325 601
325 1895
326 769
326 1261
326 1525
326 1737
327 679
327 870
327 1272
327 1424
327 1863
328 496
328 1131
328 1815
328 1839
329 952
329 973
329 1333
329 1381
329 1475
330 429
330 488
330 1493
331 670
331 1181
331 1757
331 1758
332 383
332 1720
333 1234
333 1243
333 1580
333 1625
333 1734
334 432
334 744
334 1014
334 1207
334 1892
335 625
335 1088
336 573
336 1230
336 1524
337 537
337 851
337 1751
337 1778
338 396
338 1309
338 1378
339 374
339 593
339 1004
339 1561
340 600
340 838
340 910
340 1501
341 753
341 1042
341 1699
341 1923
342 1103
342 1607
342 1975
343 386
343 1326
343 1944
344 491
344 1420
344 1489
345 899
345 1150
345 1486
345 1703
345 1705
345 1879
346 1905
347 1940
347 1951
348 1396
348 1695
348 1964
349 962
349 1401
349 1716
350 1004
350 1530
350 1794
351 743
351 1097
351 1634
351 1724
352 477
352 1581
353 976
353 1092
353 1830
354 504
354 757
354 834
354 1809
354 1834
355 383
355 578
355 629
355 1452
356 1280
357 515
357 718
357 769
357 935
357 1087
357 1738
357 1765
358 401
358 1260
358 1506
359 617
359 970
359 1158
359 1628
360 363
360 392
360 438
360 746
360 756
360 897
360 1397
360 1755
360 1837
360 1839
361 1381
362 435
362 866
362 1373
362 1799
363 371
363 697
363 989
363 1026
363 1113
363 1207
363 1702
364 682
364 859
364 875
364 942
365 1006
365 1028
365 1160
365 1202
365 1225
366 624
366 1581
366 1993
367 427
367 856
367 1428
367 1761
367 1793
368 687
368 970
368 1477
369 453
369 570
370 502
370 926
370 1004
371 1297
371 1574
372 1519
373 445
373 707
373 980
373 1007
373 1600
373 1945
374 389
374 669
374 1893
374 1924
375 792
375 1436
375 1505
376 1160
377 1330
378 763
378 1047
378 1420
379 535
379 837
379 1179
379 1322
379 1344
379 1581
379 1638
380 623
380 1076
380 1586
381 679
381 910
382 436
382 998
382 1857
382 1895
383 987
383 1089
383 1339
383 1531
383 1888
384 1465
384 1529
385 464
385 1882
386 583
386 738
386 1543
387 1658
387 1792
388 955
388 1925
389 727
389 1455
389 1952
390 529
390 1309
390 1532
390 1830
391 480
391 696
391 843
391 1948
392 629
392 1529
392 1549
392 1834
393 604
393 1180
394 1012
394 1830
394 1913
395 606
395 625
395 1043
397 600
397 695
397 709
397 816
397 1528
398 508
398 696
398 1338
398 1525
399 1003
399 1496
400 585
400 916
402 1130
402 1333
402 1460
402 1559
403 901
403 1582
403 1825
404 992
404 1171
404 1933
405 661
405 1694
406 1647
407 895
407 1172
408 1219
408 1557
408 1867
408 1984
409 993
409 1162
410 441
410 703
410 1233
410 1444
410 1588
411 445
411 1359
411 1627
412 528
412 605
412 727
412 868
412 895
412 1599
414 455
414 509
414 666
415 428
415 1063
415 1229
415 1594
416 567
416 1054
417 616
417 1091
417 1275
417 1942
418 783
418 886
419 945
419 1262
420 1657
421 757
421 1460
421 1697
421 1761
421 1772
422 574
422 623
422 1276
422 1350
422 1420
422 1424
422 1679
423 790
423 840
423 1023
423 1903
425 645
426 1635
426 1886
426 1921
427 998
427 1236
427 1454
427 1502
427 1555
427 1749
430 1224
430 1522
431 890
431 1237
432 946
432 1854
433 526
433 1218
434 562
434 954
434 1231
434 1907
435 780
435 1541
436 591
436 765
436 1579
436 1685
437 1039
438 547
438 1387
438 1495
438 1501
438 1529
438 1777
438 1850
439 520
439 1938
440 921
441 916
441 1079
442 520
442 633
442 1248
442 1409
442 1979
443 940
443 1548
444 449
444 898
444 1208
444 1660
445 1122
445 1218
445 1708
445 1774
446 687
446 1496
447 1001
447 1080
447 1081
447 1253
448 533
448 791
448 1485
448 1565
449 508
449 974
449 1154
449 1361
449 1381
449 1514
449 1924
450 935
450 1921
451 513
451 673
451 714
451 1109
451 1137
451 1699
452 833
452 1024
452 1076
452 1197
452 1517
453 1026
453 1167
453 1841
454 1265
454 1392
455 875
455 1679
455 1804
457 542
457 543
458 1476
459 1524
459 1827
460 942
460 1428
460 1673
461 572
461 931
461 998
461 1396
461 1507
461 1569
461 1791
462 521
462 1429
462 1511
462 1655
463 850
463 911
463 1255
463 1457
464 1081
464 1426
465 1718
465 1959
466 767
466 1085
467 1198
467 1273
467 1735
468 676
468 1338
468 1455
468 1514
468 1533
468 1556
470 879
471 536
471 746
471 825
471 917
471 1244
471 1361
471 1667
471 1694
471 1762
471 1918
472 1306
472 1419
473 930
473 1323
473 1708
474 1440
474 1528
475 1619
475 1706
475 1960
476 688
476 1373
476 1760
477 1077
477 1195
477 1282
477 1758
477 1935
478 947
478 1651
479 915
480 911
480 1285
480 1563
480 1725
481 1025
481 1324
482 1293
482 1337
483 590
483 1297
484 578
484 1365
485 1249
486 799
486 952
486 1220
486 1705
486 1785
487 729
487 821
487 1140
488 562
488 755
489 1899
490 1256
491 524
491 919
491 1432
491 1717
492 825
492 1386
493 613
493 730
493 855
493 1524
493 1625
493 1698
493 1726
493 1983
494 886
494 955
494 1300
494 1589
494 1708
494 1909
494 1995
495 1048
495 1451
496 1472
496 1599
497 652
498 665
498 1169
498 1353
499 515
499 872
499 1786
500 891
500 1669
501 1692
501 1792
502 556
502 934
502 938
502 1207
502 1713
503 1400
503 1404
503 1406
503 1601
504 1174
504 1568
505 1507
506 573
506 1453
506 1521
506 1584
506 1668
506 1990
507 1149
507 1900
508 1014
508 1869
509 704
509 765
509 1496
509 1522
509 1832
510 914
510 1412
511 977
511 1933
512 1487
512 1829
513 739
513 840
513 1321
513 1544
514 693
514 808
514 1622
514 1792
514 1862
515 706
515 801
516 562
516 1183
516 1227
516 1335
516 1975
516 1980
517 658
517 962
517 1069
517 1405
517 1709
518 1577
518 1634
519 856
519 1283
519 1784
519 1785
520 1681
520 1850
521 1387
522 974
522 1883
523 631
523 1507
524 707
524 1764
525 1896
526 721
527 703
527 732
527 797
527 925
527 1458
527 1667
527 1708
527 1834
528 640
528 1757
529 805
529 1982
530 758
530 1073
531 534
531 688
531 1168
531 1178
531 1311
531 1432
531 1642
532 1230
532 1502
532 1602
533 1377
533 1734
534 715
534 845
535 720
535 728
536 1090
536 1145
536 1442
536 1609
536 1845
536 1909
538 799
538 1044
538 1467
538 1880
538 1886
539 663
539 873
539 1322
539 1691
539 1757
539 1960
539 1981
540 721
540 731
540 1287
540 1971
541 892
541 1113
541 1275
542 570
542 687
542 1169
544 866
546 1113
546 1804
547 703
547 800
547 1379
547 1432
548 1122
549 1078
549 1298
549 1334
549 1582
550 1175
550 1460
550 1501
550 1994
551 990
551 1301
551 1466
551 1508
551 1704
552 724
552 802
552 835
552 934
553 1205
553 1341
553 1669
553 1699
553 1907
554 1838
555 827
555 968
556 775
556 1737
556 1800
557 911
557 1056
558 891
558 1522
558 1766
558 1952
559 1029
559 1430
559 1908
560 663
560 1672
560 1943
562 979
562 1252
562 1898
562 1927
563 1320
564 1880
565 721
565 901
565 1022
565 1036
565 1841
565 1982
567 802
567 817
568 694
568 876
568 979
568 1376
568 1560
569 840
569 1485
569 1852
570 1075
570 1824
571 700
571 1045
571 1049
571 1939
572 663
572 783
572 788
572 1020
572 1239
572 1407
572 1579
573 651
573 915
573 1293
573 1371
573 1861
573 1889
574 1001
574 1315
574 1787
575 924
575 1229
575 1386
575 1511
575 1965
576 765
576 792
576 802
576 827
576 1103
577 728
577 1229
578 761
578 1082
578 1533
578 1890
579 1172
579 1222
579 1223
579 1397
579 1638
580 727
581 1549
582 591
582 741
582 1254
582 1704
582 1988
584 716
584 1124
585 599
585 713
585 805
585 1550
585 1797
586 1134
586 1170
586 1659
587 1011
587 1132
589 1247
590 803
590 1168
590 1776
590 1937
591 1751
592 1965
592 1982
593 1116
593 1592
593 1687
593 1908
593 1952
594 718
594 1559
594 1622
594 1926
595 1039
595 1518
596 754
596 1127
596 1348
596 1546
596 1799
597 757
597 1347
597 1873
598 607
598 1034
598 1789
598 1951
599 1191
599 1273
600 762
600 1493
600 1633
600 1750
601 1453
601 1834
601 1893
602 673
602 1517
602 1627
602 1692
603 1220
603 1228
603 1398
603 1629
603 1741
603 1882
603 1968
603 1981
604 920
604 1105
604 1427
604 1574
605 658
605 707
605 717
605 1835
605 1956
606 1945
607 1168
607 1232
607 1265
607 1783
608 1988
609 1284
610 955
610 969
610 1067
610 1318
611 1411
612 631
612 710
612 1479
612 1481
612 1742
612 1884
613 1035
613 1419
614 652
614 1037
614 1201
615 1880
616 1368
616 1985
617 1177
617 1282
617 1617
617 1710
618 839
618 905
618 1026
618 1102
618 1671
618 1727
619 1720
620 691
620 1320
620 1536
621 678
621 1286
621 1960
622 774
622 1103
622 1469
623 1225
623 1266
624 1027
624 1242
624 1355
624 1673
624 1854
625 1138
626 1110
626 1368
627 1612
628 1062
628 1167
628 1185
628 1512
629 752
629 1633
629 1800
630 1618
630 1860
631 829
631 1184
632 912
632 1246
633 1025
633 1207
633 1686
634 942
634 1425
634 1789
635 1052
635 1196
635 1776
636 1385
637 852
637 1633
637 1979
638 729
639 1505
639 1554
640 1106
640 1697
640 1988
641 1188
641 1215
641 1305
641 1478
641 1945
642 1447
643 924
643 1770
644 850
644 1169
645 741
645 1356
646 815
646 1417
646 1819
647 788
647 955
647 1142
647 1580
647 1930
648 1947
650 736
650 1379
651 1365
652 1349
652 1370
652 1635
652 1716
652 1902
653 1644
653 1671
654 831
654 1695
654 1792
655 1722
656 1566
656 1976
657 1433
658 722
658 826
658 945
658 1159
658 1512
659 1351
659 1537
659 1807
660 701
660 1001
660 1087
660 1571
660 1706
660 1861
661 870
661 924
661 979
661 989
661 1500
661 1562
662 1292
662 1530
663 1400
664 889
664 1110
665 880
666 1591
666 1731
667 830
667 833
667 867
667 911
668 980
668 1531
668 1879
669 1984
670 808
670 1281
671 1040
671 1090
671 1763
671 1972
672 856
672 1482
673 917
674 1605
674 1908
675 793
675 842
675 971
675 1368
676 1077
676 1145
677 719
677 952
678 838
679 834
679 1020
680 913
680 1723
681 959
681 1362
681 1405
682 927
682 964
683 1302
683 1560
683 1711
683 1882
684 1067
684 1550
686 796
686 1656
687 1027
687 1113
687 1295
687 1662
688 958
689 1200
689 1490
689 1803
690 912
690 1089
691 775
692 1459
693 969
693 1254
693 1338
693 1592
693 1690
693 1835
693 1994
694 712
694 1308
694 1512
694 1513
694 1725
694 1825
695 1325
695 1782
696 1256
696 1966
697 1097
697 1399
698 1457
698 1826
698 1886
700 1626
700 1705
701 838
701 1012
702 966
702 1885
703 1668
703 1732
703 1785
704 968
704 980
704 1281
704 1604
704 1812
705 778
705 987
706 1222
706 1255
707 1173
707 1554
708 1052
708 1507
709 724
709 773
710 1394
710 1458
711 1186
711 1721
712 733
712 1501
713 925
713 1268
713 1489
713 1797
714 1101
714 1597
714 1763
715 1590
716 1075
717 1010
717 1446
717 1532
718 747
718 986
718 1015
718 1107
718 1911
718 1985
719 767
720 824
720 1170
721 951
721 1314
722 811
722 1537
722 1542
722 1989
723 913
723 1425
723 1555
723 1848
723 1949
724 1180
724 1629
724 1775
725 1189
725 1413
726 728
727 1098
727 1500
727 1817
727 1983
728 1200
728 1609
728 1923
729 993
729 1460
729 1594
729 1890
729 1976
730 1105
731 1252
731 1357
731 1587
733 1063
733 1291
733 1311
734 1349
735 754
735 835
735 1021
735 1223
735 1594
735 1760
735 1969
736 786
736 843
736 1973
737 1050
737 1326
738 754
738 1084
738 1579
738 1639
739 1672
739 1757
741 1193
741 1535
741 1702
743 939
743 1984
743 1986
744 1693
744 1750
745 1216
745 1303
745 1878
746 796
746 1932
747 759
747 1143
747 1957
748 938
749 878
749 959
749 1728
749 1749
749 1805
751 1550
752 1132
752 1192
752 1438
752 1628
752 1843
752 1955
753 1450
753 1504
754 988
754 1181
754 1632
755 1378
755 1566
756 887
756 1039
756 1159
757 1307
757 1829
758 953
758 1366
758 1638
759 1345
759 1581
760 970
760 1124
760 1745
760 1778
761 1687
761 1912
762 1890
763 856
763 902
763 1067
763 1354
763 1753
764 946
765 856
766 1223
766 1978
768 1095
768 1185
768 1580
768 1753
769 1025
769 1557
769 1860
770 914
770 959
770 1467
770 1614
770 1887
772 1732
773 1136
773 1954
774 1763
775 957
775 1136
775 1293
775 1417
775 1524
777 1279
777 1364
777 1385
777 1637
778 1749
778 1771
778 1882
779 790
779 941
779 1183
781 1340
781 1471
782 786
782 975
782 1119
782 1290
782 1617
783 785
783 900
783 1389
783 1465
784 798
784 963
784 973
784 1898
785 1034
785 1960
786 1620
788 1635
788 1640
788 1693
788 1702
788 1997
789 1462
789 1665
791 1103
791 1136
792 1216
794 1612
794 1761
794 1896
795 920
796 1209
796 1547
797 1195
797 1762
797 1891
797 1919
798 878
798 1389
798 1680
798 1840
799 1005
799 1414
800 972
800 1603
801 941
801 1106
801 1252
801 1492
802 1611
803 1614
804 1300
804 1520
804 1757
805 924
805 1054
805 1273
805 1390
805 1825
806 1720
806 1861
807 1777
807 1871
808 875
808 1793
809 1014
809 1344
809 1642
810 1387
810 1787
812 1232
812 1433
812 1502
812 1664
813 1279
813 1340
813 1625
813 1953
814 1941
815 1539
815 1628
816 822
816 1562
817 950
817 1836
817 1981
818 885
818 1881
818 1885
819 907
819 1119
819 1328
819 1945
820 869
820 1064
820 1123
820 1738
821 1377
822 1495
822 1892
823 1049
823 1059
823 1444
823 1693
823 1925
823 1932
823 1954
825 1454
825 1688
827 845
827 1195
827 1430
828 1799
829 1428
830 1511
831 995
831 1096
831 1104
831 1758
831 1853
832 1371
832 1537
834 936
834 1422
834 1926
835 1029
835 1353
836 1203
836 1777
837 1066
839 1267
839 1357
840 1574
841 1225
841 1234
841 1271
841 1373
842 1239
843 1491
844 1606
845 1200
845 1563
846 1750
846 1832
848 1808
849 1538
850 1430
850 1594
850 1694
850 1918
851 906
851 1463
852 1466
854 1270
854 1864
856 868
856 895
856 1312
858 1381
858 1494
858 1524
858 1705
858 1801
859 1382
859 1406
859 1753
859 1843
859 1847
860 945
860 1055
860 1059
860 1743
861 1248
861 1850
862 1099
862 1149
862 1491
862 1841
863 894
863 1204
863 1649
864 1069
864 1282
864 1301
865 1328
865 1395
865 1601
865 1704
865 1988
866 1204
866 1585
866 1676
867 1379
867 1598
867 1674
869 1062
869 1228
869 1526
870 1352
870 1363
870 1434
870 1660
870 1912
870 1964
871 1292
871 1375
871 1797
872 1533
873 1924
874 945
874 1863
875 1546
875 1842
876 1848
877 1413
878 1069
878 1694
878 1702
878 1890
879 1315
879 1694
881 1523
882 1504
882 1524
882 1929
882 1940
883 988
883 1715
884 977
884 1810
885 938
885 1383
885 1780
885 1782
886 1484
887 1847
887 1880
887 1933
888 1967
889 1910
891 1566
891 1769
891 1849
892 1314
892 1672
892 1974
893 1399
893 1412
893 1561
894 1161
894 1242
894 1594
894 1663
894 1759
894 1802
895 1613
896 1250
896 1643
898 900
898 929
898 1206
898 1375
898 1467
898 1741
898 1859
899 1014
899 1138
899 1146
899 1447
899 1857
899 1889
900 1740
901 1070
901 1666
903 968
903 1499
903 1975
904 1164
904 1350
904 1468
905 950
905 974
905 1435
907 1508
907 1754
909 1113
909 1504
909 1541
910 1176
910 1290
910 1728
911 1434
912 1013
913 1271
913 1908
914 1752
915 1598
916 1166
917 1133
918 1839
919 1546
919 1926
919 1944
920 943
920 1348
920 1870
920 1898
920 1952
921 1511
921 1685
921 1933
922 988
922 1596
923 1425
924 1483
924 1592
924 1998
925 971
925 1373
926 1044
926 1265
926 1277
926 1675
926 1813
926 1878
929 964
929 1630
930 1161
930 1416
930 1665
930 1801
931 1468
931 1686
931 1990
932 1001
932 1517
932 1527
932 1570
933 1134
933 1453
933 1464
933 1465
933 1934
935 1903
935 1956
936 1085
937 1004
938 1275
938 1597
939 1374
940 1325
940 1733
941 1482
941 1584
941 1781
942 1210
944 1394
944 1480
945 1040
945 1657
945 1988
946 1017
946 1580
946 1759
946 1953
947 1224
947 1253
947 1833
947 1927
948 1033
948 1128
948 1132
948 1296
949 1356
949 1388
949 1997
950 1587
952 1278
952 1593
952 1859
952 1894
953 958
953 1441
953 1607
954 1004
954 1795
955 1216
955 1342
955 1520
955 1679
955 1848
955 1914
957 1190
957 1247
957 1369
957 1591
957 1787
957 1874
958 981
958 1653
959 1136
960 1348
960 1476
960 1634
960 1722
960 1772
960 1828
960 1978
961 1355
961 1798
962 1299
962 1847
962 1912
963 1239
964 1115
964 1226
964 1455
964 1830
965 1469
967 1144
967 1264
968 1374
968 1768
969 1859
970 1030
971 1359
971 1393
972 1569
973 1316
973 1763
974 1325
974 1564
974 1906
975 976
975 1369
977 1153
977 1611
978 1436
978 1462
978 1545
978 1613
979 1500
980 1845
981 1289
981 1710
983 1303
984 1605
984 1722
986 1326
986 1455
986 1639
986 1982
987 1943
988 1697
989 1748
989 1806
991 1013
991 1269
992 1063
993 1267
993 1832
994 1446
994 1502
994 1503
994 1967
995 1589
996 1025
996 1831
997 1116
998 1116
998 1941
999 1040
999 1070
999 1612
1000 1840
1000 1991
1001 1860
1001 1979
1003 1495
1003 1836
1006 1167
1006 1257
1006 1485
1007 1969
1008 1106
1008 1485
1008 1515
1009 1247
1010 1218
1010 1383
1010 1672
1010 1684
1011 1658
1011 1711
1012 1225
1012 1458
1012 1771
1013 1453
1013 1654
1014 1411
1015 1642
1016 1537
1016 1700
1016 1976
1017 1161
1017 1406
1017 1484
1018 1819
1019 1757
1020 1183
1020 1928
1022 1099
1022 1570
1023 1781
1023 1836
1023 1899
1023 1978
1024 1745
1025 1447
1025 1514
1025 1691
1025 1765
1026 1411
1026 1676
1028 1459
1028 1915
1029 1208
1029 1409
1029 1807
1029 1949
1030 1600
1032 1175
1032 1244
1032 1806
1032 1878
1035 1511
1035 1859
1036 1099
1037 1247
1037 1307
1037 1950
1038 1218
1038 1341
1038 1427
1038 1454
1038 1524
1039 1220
1039 1308
1039 1516
1040 1072
1040 1600
1040 1801
1041 1075
1041 1147
1042 1090
1042 1143
1042 1633
1042 1817
1043 1455
1043 1988
1044 1353
1044 1359
1045 1097
1045 1442
1045 1566
1046 1260
1046 1322
1046 1682
1047 1239
1047 1467
1048 1461
1049 1279
1049 1655
1049 1676
1050 1531
1050 1648
1051 1181
1052 1252
1052 1316
1052 1665
1052 1733
1053 1440
1053 1729
1053 1747
1053 1768
1054 1735
1054 1934
1055 1095
1055 1642
1055 1920
1056 1560
1057 1259
1057 1461
1058 1441
1058 1522
1059 1421
1059 1504
1059 1510
1060 1168
1060 1306
1061 1271
1062 1114
1062 1807
1064 1332
1064 1560
1065 1231
1065 1298
1065 1497
1066 1109
1066 1144
1066 1286
1067 1083
1067 1233
1067 1238
1067 1538
1067 1712
1067 1830
1068 1239
1068 1502
1069 1461
1069 1543
1072 1468
1072 1860
1072 1887
1073 1550
1074 1615
1074 1715
1074 1984
1075 1357
1075 1784
1076 1324
1076 1990
1077 1538
1078 1098
1078 1662
1079 1753
1080 1899
1081 1323
1081 1752
1084 1259
1086 1205
1086 1238
1086 1335
1086 1663
1086 1686
1087 1908
1088 1812
1089 1509
1089 1561
1089 1758
1089 1987
1090 1260
1091 1299
1091 1782
1092 1358
1092 1481
1092 1764
1092 1824
1095 1116
1095 1961
1095 1974
1096 1288
1096 1672
1096 1771
1097 1127
1097 1722
1097 1903
1098 1131
1098 1421
1098 1832
1099 1449
1099 1878
1100 1262
1100 1477
1101 1125
1101 1706
1102 1715
1102 1730
1104 1121
1104 1324
1104 1686
1105 1153
1105 1365
1105 1479
1105 1779
1106 1985
1107 1375
1107 1480
1107 1659
1108 1185
1108 1373
1111 1346
1111 1692
1111 1825
1111 1898
1112 1132
1112 1204
1113 1702
1114 1650
1115 1438
1115 1503
1115 1777
1115 1970
1117 1618
1119 1205
1119 1490
1119 1674
1119 1989
1120 1278
1120 1419
1120 1625
1120 1773
1121 1373
1121 1488
1121 1922
1121 1998
1122 1125
1123 1227
1123 1279
1124 1663
1125 1947
1126 1458
1126 1959
1127 1443
1127 1830
1128 1283
1128 1676
1129 1398
1130 1660
1130 1920
1131 1172
1131 1210
1133 1387
1133 1468
1133 1749
1133 1938
1134 1342
1134 1637
1134 1642
1136 1958
1137 1247
1137 1593
1139 1880
1140 1479
1141 1161
1143 1602
1143 1736
1144 1507
1144 1991
1146 1522
1147 1294
1147 1682
1148 1293
1148 1591
1150 1689
1151 1506
1151 1951
1153 1604
1154 1397
1154 1521
1154 1821
1154 1970
1156 1434
1156 1719
1156 1913
1157 1208
1157 1286
1159 1230
1159 1258
1159 1554
1161 1526
1161 1927
1162 1246
1162 1659
1162 1892
1163 1533
1164 1447
1164 1719
1164 1951
1164 1977
1165 1840
1166 1670
1166 1781
1166 1872
1167 1593
1167 1748
1169 1583
1169 1687
1170 1884
1171 1682
1172 1370
1173 1607
1173 1661
1173 1805
1174 1676
1174 1883
1175 1490
1175 1696
1176 1453
1176 1653
1177 1734
1177 1841
1178 1478
1178 1601
1178 1762
1178 1956
1179 1617
1180 1722
1180 1724
1181 1240
1181 1662
1182 1940
1182 1948
1183 1266
1185 1668
1186 1213
1186 1876
1187 1631
1187 1634
1187 1921
1187 1955
1188 1566
1188 1923
1189 1296
1189 1943
1189 1946
1190 1229
1191 1236
1191 1720
1192 1315
1192 1500
1194 1286
1194 1491
1194 1526
1195 1569
1195 1653
1196 1358
1197 1632
1198 1281
1198 1788
1199 1400
1200 1263
1201 1264
1201 1370
1201 1513
1201 1524
1204 1230
1204 1942
1205 1852
1207 1251
1207 1725
1207 1759
1207 1841
1207 1912
1208 1371
1208 1466
1209 1631
1210 1614
1211 1970
1212 1663
1212 1979
1213 1370
1213 1945
1214 1592
1214 1712
1214 1779
1215 1382
1215 1809
1216 1529
1216 1707
1217 1263
1217 1471
1217 1552
1218 1679
1219 1227
1220 1518
1220 1688
1220 1916
1222 1506
1224 1638
1224 1810
1226 1444
1226 1916
1227 1375
1227 1658
1228 1499
1230 1826
1231 1352
1231 1660
1231 1700
1231 1899
1232 1805
1235 1477
1235 1845
1237 1496
1237 1704
1237 1767
1239 1310
1239 1437
1239 1916
1242 1773
1242 1841
1244 1966
1245 1525
1246 1655
1246 1851
1247 1512
1248 1330
1250 1748
1251 1334
1252 1347
1252 1639
1252 1795
1253 1529
1253 1741
1255 1901
1256 1286
1256 1408
1256 1568
1256 1995
1257 1417
1258 1265
1258 1486
1259 1635
1260 1968
1261 1643
1261 1766
1263 1353
1264 1431
1264 1742
1264 1799
1265 1433
1265 1982
1266 1639
1266 1856
1268 1871
1270 1277
1271 1463
1271 1690
1271 1823
1272 1296
1272 1349
1272 1490
1272 1889
1272 1935
1274 1585
1276 1555
1276 1628
1277 1961
1279 1490
1281 1737
1283 1519
1285 1569
1286 1302
1286 1548
1286 1938
1287 1984
1288 1791
1290 1527
1290 1646
1291 1435
1291 1955
1292 1530
1292 1568
1292 1893
1293 1980
1294 1447
1294 1706
1297 1331
1297 1919
1299 1338
1299 1415
1299 1643
1299 1666
1300 1362
1300 1429
1300 1545
1300 1579
1301 1982
1302 1669
1302 1957
1303 1434
1303 1616
1303 1817
1303 1914
1304 1590
1305 1813
1305 1820
1305 1898
1305 1929
1309 1938
1310 1611
1310 1962
1313 1879
1314 1508
1315 1854
1316 1573
1316 1847
1317 1658
1318 1585
1318 1673
1319 1854
1319 1876
1321 1409
1321 1451
1322 1413
1322 1651
1323 1326
1323 1391
1323 1524
1323 1897
1324 1551
1325 1399
1325 1908
1329 1879
1329 1916
1330 1955
1333 1370
1333 1411
1333 1786
1334 1980
1335 1709
1335 1869
1338 1908
1339 1851
1340 1361
1340 1409
1340 1527
1340 1695
1341 1556
1341 1638
1342 1578
1342 1674
1342 1763
1343 1549
1345 1601
1346 1733
1346 1783
1346 1830
1347 1774
1347 1776
1347 1843
1348 1951
1349 1901
1350 1881
1351 1711
1352 1645
1354 1810
1356 1442
1356 1533
1356 1727
1358 1433
1358 1655
1359 1479
1360 1434
1360 1594
1360 1622
1362 1868
1363 1371
1363 1401
1363 1663
1364 1671
1367 1446
1368 1509
1368 1789
1372 1861
1372 1930
1373 1471
1373 1830
1375 1452
1375 1553
1375 1554
1375 1885
1376 1834
1377 1757
1377 1792
1378 1493
1378 1926
1379 1724
1379 1747
1380 1571
1380 1828
1381 1577
1382 1754
1383 1457
1384 1503
1384 1571
1384 1610
1385 1410
1386 1818
1387 1726
1388 1550
1389 1488
1389 1601
1389 1850
1391 1751
1391 1858
1392 1754
1395 1588
1396 1554
1397 1737
1397 1950
1398 1746
1398 1840
1400 1708
1402 1497
1402 1935
1403 1783
1403 1946
1404 1987
1405 1486
1405 1622
1405 1845
1406 1753
1407 1837
1408 1959
1410 1437
1412 1695
1414 1807
1416 1421
1417 1465
1418 1891
1419 1772
1421 1775
1421 1968
1422 1811
1423 1848
1424 1496
1425 1649
1427 1764
1428 1896
1428 1941
1430 1856
1431 1539
1433 1459
1433 1907
1433 1971
1434 1937
1435 1664
1435 1834
1437 1904
1439 1506
1439 1671
1440 1494
1440 1665
1441 1758
1442 1672
1445 1646
1446 1544
1446 1850
1449 1598
1449 1609
1449 1946
1450 1679
1450 1829
1450 1886
1451 1928
1451 1975
1454 1904
1457 1476
1458 1511
1460 1474
1460 1514
1461 1559
1461 1980
1461 1992
1462 1463
1462 1787
1463 1964
1464 1502
1464 1935
1465 1874
1466 1716
1466 1868
1466 1927
1467 1528
1468 1574
1469 1574
1470 1657
1471 1494
1471 1653
1472 1478
1472 1480
1472 1488
1474 1807
1475 1857
1476 1634
1477 1520
1477 1989
1478 1672
1478 1761
1479 1552
1480 1637
1482 1600
1482 1739
1483 1582
1483 1887
1485 1929
1487 1829
1488 1600
1488 1881
1489 1682
1489 1904
1489 1913
1490 1633
1491 1576
1492 1570
1492 1737
1495 1596
1497 1915
1500 1930
1502 1600
1502 1671
1502 1734
1502 1791
1502 1964
1503 1840
1504 1577
1504 1645
1505 1532
1505 1542
1505 1836
1506 1554
1507 1893
1507 1895
1509 1858
1511 1611
1511 1654
1512 1531
1514 1555
1514 1630
1516 1531
1517 1783
1517 1953
1518 1879
1519 1994
1520 1862
1521 1863
1522 1638
1522 1856
1523 1732
1524 1757
1525 1886
1525 1935
1527 1597
1527 1609
1527 1626
1527 1933
1528 1600
1530 1909
1531 1832
1538 1699
1540 1641
1541 1547
1541 1694
1542 1785
1543 1758
1544 1868
1545 1635
1545 1646
1549 1626
1551 1990
1552 1829
1552 1957
1553 1933
1554 1827
1561 1758
1563 1683
1563 1864
1565 1779
1565 1780
1565 1784
1565 1875
1567 1907
1569 1650
1571 1719
1572 1802
1575 1608
1576 1692
1576 1748
1577 1724
1578 1804
1580 1642
1580 1895
1582 1632
1585 1923
1586 1622
1586 1937
1587 1642
1588 1682
1590 1633
1591 1619
1592 1951
1593 1772
1594 1746
1595 1874
1595 1950
1601 1704
1604 1950
1605 1819
1606 1887
1607 1857
1609 1698
1609 1803
1610 1937
1614 1625
1614 1627
1614 1699
1616 1697
1616 1759
1619 1942
1621 1890
1624 1860
1626 1795
1629 1835
1630 1755
1634 1716
1634 1930
1635 1858
1636 1725
1637 1799
1638 1849
1638 1851
1640 1750
1640 1774
1645 1835
1645 1895
1649 1972
1650 1863
1651 1985
1653 1743
1654 1978
1655 1943
1657 1973
1658 1940
1658 1971
1661 1663
1665 1810
1665 1983
1666 1926
1675 1689
1675 1890
1678 1679
1678 1988
1679 1906
1680 1921
1681 1906
1681 1995
1682 1829
1683 1921
1684 1829
1684 1944
1687 1938
1689 1839
1692 1740
1692 1968
1697 1830
1697 1865
1698 1849
1699 1989
1701 1930
1702 1727
1705 1759
1713 1776
1716 1861
1717 1854
1719 1757
1719 1846
1720 1823
1722 1895
1723 1892
1724 1880
1726 1947
1726 1957
1727 1735
1727 1905
1727 1987
1730 1749
1732 1994
1735 1941
1735 1992
1736 1937
1737 1820
1739 1980
1741 1906
1742 1747
1742 1903
1744 1903
1744 1904
1745 1951
1746 1845
1748 1783
1748 1819
1754 1911
1755 1791
1757 1901
1758 1920
1758 1946
1759 1978
1760 1847
1760 1874
1760 1916
1761 1862
1761 1936
1763 1946
1767 1963
1771 1930
1772 1867
1776 1868
1778 1947
1781 1883
1784 1970
1789 1878
1792 1798
1792 1849
1792 1905
1795 1896
1796 1798
1796 1962
1799 1917
1801 1805
1802 1850
1802 1989
1803 1919
1803 1933
1804 1912
1812 1922
1819 1966
1825 1852
1826 1956
1831 1867
1832 1928
1840 1935
1842 1872
1846 1954
1856 1908
1864 1901
1865 1894
1867 1917
1868 1870
1868 1902
1868 1982
1874 1952
1877 1908
1879 1891
1879 1998
1882 1952
1885 1962
1885 1973
1885 1979
1894 1964
1911 1917
1923 1933
1925 1932
1942 1993
1959 1969
1964 1995
