0 1
0 2
0 3
0 4
0 5
0 6
0 7
0 8
0 9
0 11
0 12
0 13
0 15
0 16
0 17
0 20
0 24
0 25
0 36
0 37
0 38
0 40
0 43
0 44
0 48
0 54
0 55
0 77
0 81
0 82
0 84
0 90
0 91
0 101
0 104
0 106
0 111
0 112
0 113
0 132
0 134
0 136
0 139
0 152
0 154
0 157
0 168
0 174
0 187
0 208
0 217
0 232
0 233
0 235
0 247
0 251
0 252
0 258
0 263
0 265
0 274
0 278
0 286
0 302
0 305
0 306
0 307
0 325
0 329
0 338
0 346
0 347
0 355
0 361
0 374
0 379
0 400
0 402
0 413
0 444
0 446
0 460
0 478
0 485
0 490
0 493
1 2
1 11
1 26
1 27
1 33
1 39
1 42
1 44
1 46
1 47
1 48
1 53
1 62
1 72
1 74
1 75
1 82
1 83
1 92
1 94
1 99
1 105
1 107
1 118
1 123
1 124
1 125
1 129
1 130
1 160
1 170
1 203
1 209
1 219
1 222
1 226
1 227
1 236
1 241
1 242
1 244
1 250
1 285
1 292
1 304
1 318
1 383
1 429
1 455
1 457
1 476
1 482
1 489
1 495
2 3
2 4
2 7
2 10
2 15
2 20
2 23
2 28
2 29
2 35
2 36
2 37
2 40
2 47
2 49
2 51
2 55
2 59
2 60
2 61
2 65
2 69
2 73
2 76
2 78
2 86
2 94
2 96
2 98
2 108
2 120
2 121
2 125
2 131
2 138
2 141
2 144
2 147
2 152
2 153
2 158
2 161
2 162
2 164
2 166
2 172
2 173
2 181
2 186
2 191
2 197
2 201
2 204
2 205
2 213
2 224
2 234
2 250
2 254
2 261
2 262
2 267
2 277
2 303
2 308
2 312
2 323
2 326
2 331
2 333
2 334
2 338
2 348
2 349
2 360
2 362
2 365
2 369
2 372
2 379
2 381
2 386
2 388
2 401
2 410
2 412
2 416
2 425
3 5
3 6
3 13
3 17
3 19
3 30
3 31
3 32
3 45
3 51
3 60
3 66
3 71
3 72
3 102
3 103
3 142
3 185
3 217
3 264
3 268
3 276
3 278
3 291
3 300
3 307
3 308
3 385
3 434
3 456
3 459
3 465
3 495
4 56
4 274
4 483
5 10
5 12
5 18
5 19
5 32
5 68
5 85
5 87
5 99
5 114
5 120
5 135
5 162
5 171
5 249
5 260
5 319
5 336
5 340
5 343
5 391
5 396
5 452
5 464
5 479
6 8
6 9
6 57
6 58
6 91
6 100
6 135
6 141
6 149
6 159
6 163
6 172
6 184
6 189
6 194
6 198
6 206
6 219
6 240
6 248
6 256
6 261
6 263
6 266
6 318
6 398
6 480
6 491
7 122
7 192
7 233
7 458
8 30
8 63
8 67
8 231
8 240
8 281
8 296
8 303
8 359
8 378
8 380
8 405
8 434
9 16
9 59
9 67
9 81
9 97
9 117
9 128
9 146
9 153
9 179
9 196
9 199
9 214
9 251
9 291
9 345
9 365
9 374
9 384
9 438
9 448
9 462
9 490
9 497
10 14
10 22
10 24
10 45
10 57
10 80
10 85
10 104
10 111
10 133
10 142
10 148
10 176
10 177
10 201
10 221
10 225
10 244
10 253
10 315
10 321
10 391
10 392
10 397
10 404
10 418
10 438
10 442
10 451
10 470
10 479
10 484
10 499
11 28
11 64
11 169
11 268
11 276
11 301
11 317
11 435
11 473
12 14
12 18
12 31
12 33
12 34
12 35
12 38
12 41
12 52
12 65
12 68
12 77
12 86
12 92
12 95
12 98
12 129
12 154
12 155
12 156
12 166
12 206
12 216
12 275
12 285
12 290
12 294
12 298
12 320
12 323
12 363
12 368
12 403
12 415
12 489
13 21
13 109
13 119
13 123
13 132
13 133
13 150
13 180
13 197
13 281
13 288
13 314
13 410
13 444
13 447
14 26
14 252
15 22
15 117
15 223
15 462
16 64
16 182
16 187
16 387
16 484
17 21
17 34
17 130
17 149
17 175
17 184
17 190
17 193
17 229
17 328
17 430
17 451
18 49
18 61
18 284
19 367
19 392
20 70
20 102
20 158
20 247
20 315
21 23
21 25
21 89
21 121
21 222
21 243
21 269
21 270
21 288
21 290
21 309
21 310
21 348
21 436
21 466
21 491
23 27
23 50
23 71
23 80
23 100
23 105
23 127
23 140
23 151
23 215
23 220
23 298
23 325
23 356
23 364
23 370
23 377
23 420
23 432
24 43
24 52
24 58
24 69
24 79
24 88
24 90
24 106
24 110
24 148
24 169
24 177
24 189
24 191
24 210
24 214
24 234
24 265
24 337
24 367
24 457
24 465
24 487
24 497
25 29
25 41
25 53
25 63
25 73
25 96
25 140
25 150
25 176
25 211
25 228
25 230
25 255
25 280
25 327
25 334
25 349
25 475
26 39
27 93
27 108
27 168
27 180
27 300
27 358
27 399
27 409
27 416
28 70
28 138
28 202
28 381
28 428
28 498
29 101
29 194
29 242
29 412
30 76
30 241
30 245
31 243
31 312
31 369
32 113
32 239
32 417
33 115
33 126
34 74
34 95
34 228
35 93
35 97
35 124
35 204
35 239
35 313
35 330
35 344
35 433
37 127
38 42
38 46
38 110
38 116
38 195
38 302
38 322
38 346
38 351
38 359
39 66
39 134
39 145
39 160
39 237
39 254
39 337
39 352
39 371
39 441
41 50
41 56
41 75
41 78
41 173
41 238
41 256
41 279
41 301
41 331
41 440
41 445
42 360
43 145
43 255
44 209
46 200
46 210
46 481
48 396
49 79
49 143
49 192
49 220
49 259
49 299
49 311
49 464
50 54
54 89
55 62
55 178
55 289
55 335
57 83
57 151
57 165
57 293
60 147
61 116
61 283
61 324
61 357
61 378
61 432
66 203
66 418
67 88
67 146
67 273
68 84
68 264
68 361
68 445
69 213
69 227
69 258
69 282
69 383
69 426
70 112
70 122
70 165
70 170
70 236
70 259
70 332
70 340
70 355
70 382
70 420
70 435
70 481
70 486
70 499
71 115
71 136
71 139
71 144
71 167
71 283
72 399
73 137
73 306
73 324
73 393
73 413
75 377
75 428
76 157
76 279
76 297
77 107
77 389
79 103
80 87
80 143
80 167
80 320
80 386
80 455
81 310
83 131
83 304
87 119
87 137
87 339
87 488
88 118
88 193
88 202
88 305
88 467
89 218
90 309
90 474
91 212
92 212
92 342
92 357
93 126
93 183
93 207
93 218
93 230
93 235
93 326
93 395
93 397
93 414
93 427
93 440
93 446
93 476
94 179
96 200
97 128
97 188
97 342
97 425
98 109
98 155
98 163
98 186
99 164
99 198
99 282
99 431
100 171
104 174
104 271
104 287
104 498
106 313
106 356
106 454
106 471
107 114
109 260
109 270
110 248
112 175
113 196
113 296
113 316
113 480
114 208
115 245
116 181
116 269
116 463
116 469
118 159
118 178
118 195
118 224
118 226
118 232
118 295
118 317
118 328
118 366
118 380
118 409
118 426
118 449
118 482
121 221
123 335
124 156
124 271
124 422
124 430
126 316
126 402
126 421
128 183
131 368
135 229
135 419
137 182
137 185
137 492
138 311
138 372
138 449
138 466
138 485
142 223
142 257
142 439
142 474
143 188
144 225
144 370
149 341
149 375
149 376
149 469
149 487
150 199
151 190
155 216
155 441
156 237
156 411
160 161
160 238
161 390
162 275
163 286
165 207
166 215
166 287
166 460
170 289
170 294
173 280
173 353
173 382
175 319
175 467
175 468
175 478
176 253
176 273
176 314
176 403
177 443
178 246
184 211
184 299
185 394
186 362
186 470
189 262
193 404
194 277
196 375
197 231
197 272
199 327
199 350
201 205
201 452
203 390
208 284
208 297
211 354
212 257
212 384
212 424
213 246
214 429
215 387
216 450
218 293
219 408
220 249
220 453
221 492
224 336
224 350
224 454
224 463
226 341
228 371
230 332
231 272
231 411
231 427
232 292
233 267
237 351
242 483
245 448
245 459
248 343
252 295
252 345
252 366
252 394
253 388
254 376
256 266
256 405
257 364
258 417
259 496
262 373
262 407
262 443
266 321
270 433
271 407
273 477
273 494
282 494
283 352
283 424
286 363
286 458
289 400
289 453
291 419
294 393
296 354
296 373
297 496
303 385
303 406
307 322
307 339
307 344
308 329
310 358
310 401
314 408
318 330
319 353
326 431
331 333
331 406
332 389
332 421
333 423
344 347
345 415
358 447
359 471
360 488
364 461
367 450
369 395
369 486
380 472
381 475
389 398
393 414
394 442
398 437
399 468
404 436
406 456
409 422
415 423
415 439
416 437
416 461
416 473
459 472
464 493
472 477
