0 285
0 876
0 1739
0 2239
0 3853
1 305
1 1961
1 2999
1 3292
2 217
2 1008
2 1454
2 1463
2 3843
3 134
3 372
3 1686
4 1917
4 2379
4 2693
5 240
5 2870
5 3124
5 3233
6 332
6 1080
6 1205
6 2025
6 2313
7 975
7 1301
7 1479
7 2487
7 3001
7 3978
8 1427
8 2074
8 2652
8 2756
8 2833
8 3570
8 3571
9 1760
9 2113
10 1482
10 1888
10 2834
11 355
11 472
11 1545
11 1771
11 3274
11 3884
12 163
12 2028
12 2040
12 3798
13 175
13 450
13 734
13 2832
14 299
14 1415
14 1635
14 2937
14 3270
14 3551
15 54
15 959
15 1364
16 120
16 1712
16 3462
17 166
17 171
17 663
17 1247
17 1308
17 3448
18 537
18 1405
18 1412
18 3231
19 565
19 1253
19 1993
19 2220
19 2945
19 3430
20 665
20 1214
20 1253
20 1283
21 1770
21 2103
21 3116
21 3363
21 3408
22 293
22 3615
23 53
23 1539
23 2607
23 3969
24 879
24 922
24 2215
24 3451
24 3580
25 1029
25 1402
25 1963
25 2628
26 995
26 1379
26 1558
26 1804
26 2092
26 2486
26 2602
26 2982
26 3214
27 89
27 202
27 862
27 2005
27 2930
27 3879
28 615
28 1059
29 2792
29 2994
29 3290
30 727
30 1048
30 2052
30 2070
30 2927
30 3026
30 3040
30 3284
31 2769
31 3253
32 302
32 392
32 770
32 1116
32 1460
32 1700
33 616
33 3515
35 1014
35 1196
35 1742
35 2382
36 340
36 1625
36 3634
37 1399
38 189
38 463
38 1475
38 2591
39 1222
39 1840
39 2351
39 2531
39 2558
39 2993
40 921
40 1204
40 1374
40 2149
40 2909
40 3443
40 3560
40 3911
41 1509
42 588
42 1415
42 1851
42 2086
42 2870
42 3993
43 1952
43 2186
43 3810
44 3893
44 3934
45 1928
45 2013
45 2658
45 3632
46 156
46 1165
46 3332
47 300
47 648
47 817
47 3239
47 3356
48 712
48 2347
48 3206
48 3873
49 2500
49 2861
49 2882
50 1042
50 1194
50 1378
50 2188
50 2699
50 3154
50 3801
51 550
51 2447
51 2726
52 2090
52 2543
53 105
53 1737
53 1754
53 2392
53 2785
53 2925
54 391
54 1239
54 1691
54 2762
54 3468
54 3692
54 3763
55 415
55 1270
55 1623
55 3239
55 3614
56 1273
56 1649
56 1783
56 1787
56 3499
56 3736
56 3957
57 2873
58 405
58 625
58 1340
58 1746
58 2214
58 2717
59 1010
60 109
60 2476
60 2661
60 3736
60 3989
61 1104
61 2717
61 2889
61 3413
61 3583
62 2238
62 2687
62 2848
62 3192
62 3414
63 861
63 881
63 1817
63 3077
63 3089
64 74
64 481
64 624
64 694
64 2710
65 2315
66 741
66 1488
66 2695
66 3215
67 1039
67 1352
67 2165
68 1395
68 1479
68 3073
69 806
69 1039
69 1333
69 2215
70 93
70 973
70 1729
70 2236
70 2733
70 3464
70 3897
71 1970
71 2024
72 653
72 884
72 1054
72 2671
72 3269
73 1123
73 3271
74 234
74 3049
74 3493
75 249
75 602
75 3153
75 3266
75 3435
75 3965
76 1037
76 1273
76 2611
76 3705
77 540
77 1735
77 2568
78 1213
78 3630
79 280
79 680
79 856
79 980
79 2980
79 3744
80 1505
80 2085
80 3719
81 199
81 1092
81 1567
81 2818
82 889
82 1328
82 2349
83 411
83 1499
83 3334
83 3336
84 267
84 659
84 739
84 1523
84 1640
84 2422
84 2774
84 3985
85 1332
85 3760
86 1973
87 907
87 2819
87 2849
88 1056
88 1887
88 2118
88 2552
88 3700
88 3742
89 137
89 173
89 587
89 1205
89 2614
90 990
90 1237
90 2027
90 2411
90 2962
91 2199
91 2376
91 3742
92 2737
92 3975
93 1606
93 1635
94 208
94 686
95 3658
96 1107
96 1319
96 1491
96 2562
96 3319
96 3384
96 3501
97 2324
97 2348
98 941
98 2411
98 3279
99 290
99 423
99 473
99 1499
99 1636
99 3220
100 447
100 872
100 1138
100 2546
101 587
101 3649
102 544
102 688
102 2501
102 2924
102 3526
102 3705
103 300
103 337
103 2767
103 3094
103 3372
104 342
104 1690
104 1926
105 119
105 379
105 1957
105 2710
105 3048
106 1108
106 2025
106 2280
106 3268
106 3383
107 2340
107 3239
107 3789
108 2342
109 2811
109 3119
109 3638
109 3748
110 449
110 1163
110 2416
110 2487
110 2495
110 3113
111 1430
111 3624
111 3703
112 262
112 805
112 1485
112 2036
112 2697
112 3177
112 3363
113 2126
113 2932
113 3691
114 1514
114 2188
114 2643
114 2961
115 1336
115 2215
115 2683
115 3488
115 3608
115 3901
116 327
116 549
116 1014
116 1859
116 2934
117 162
117 314
117 459
117 683
117 822
117 1321
117 1393
117 2180
117 2544
118 1301
118 1757
118 3652
118 3672
119 826
119 901
119 1811
119 1922
119 2012
119 2813
119 3706
120 503
120 1933
120 2703
120 3625
121 197
121 227
121 1748
121 2483
122 1133
122 1656
122 2921
122 3589
122 3937
123 1222
123 1403
123 1982
124 3584
125 477
125 606
125 782
125 2525
125 3615
126 209
126 223
126 277
126 803
126 2892
126 3643
127 344
127 2499
128 382
128 514
128 1161
128 1781
128 2393
129 493
129 2334
129 2690
129 3460
130 1058
130 3477
130 3665
131 518
131 608
131 709
131 1891
131 2175
131 2678
131 2743
131 3962
132 1005
132 2381
132 2485
132 2991
133 560
133 1316
133 2773
133 3030
133 3045
133 3839
134 917
134 2163
134 2501
134 3926
135 893
135 1576
135 1897
135 2475
135 3058
136 359
137 567
137 940
138 1104
138 1626
138 1711
138 2554
138 2865
138 3193
138 3368
139 1027
139 1413
139 2542
139 2569
140 295
140 1090
140 3302
141 208
141 889
142 450
142 2235
142 2948
142 3741
143 1413
143 2050
143 2848
143 2965
143 3868
144 1469
144 2050
144 2470
144 2492
145 799
145 1042
145 1670
145 1805
145 1809
145 3094
145 3784
146 854
146 1865
146 3532
146 3573
147 608
147 2259
147 3181
148 3073
148 3457
148 3794
149 673
149 1015
149 3635
150 2428
150 3669
150 3964
151 630
151 1384
151 1660
152 1506
152 1631
152 3120
153 332
153 2353
153 3505
154 602
154 1453
154 1665
154 3174
154 3283
155 3367
155 3963
156 254
156 1394
156 2335
156 2404
156 2491
156 2629
156 2869
156 3316
156 3352
156 3588
157 171
158 619
158 646
158 784
158 2480
158 2751
159 177
159 278
159 497
159 673
160 1208
160 2934
160 3959
161 1185
161 3917
161 3957
162 1423
162 2843
163 1689
163 1819
163 2254
163 2740
163 3264
164 2173
164 3415
165 1531
165 3326
166 3403
166 3719
167 471
167 2016
167 2385
167 3598
168 1189
168 1566
168 1665
168 2150
169 401
169 1606
169 2297
169 3129
169 3600
169 3984
170 449
170 1385
171 348
171 707
171 853
171 1613
171 3233
171 3580
172 741
172 2079
173 430
173 1082
173 2161
173 3193
174 964
174 3454
175 2401
175 3152
176 480
176 792
176 1166
176 2630
176 3143
177 1133
177 1866
177 3213
177 3305
177 3470
178 518
179 1564
179 1638
179 2858
179 3086
179 3218
180 1681
180 2130
180 2612
180 2851
180 3553
181 601
181 974
181 2937
181 3243
181 3519
182 1199
182 1357
182 2897
182 3271
182 3925
183 1721
183 3860
184 855
184 2324
184 2538
184 3737
185 238
185 2168
185 2926
185 3425
186 1888
186 1907
186 2267
186 2290
186 2421
186 3224
187 382
187 2676
188 248
188 1971
188 2945
188 3883
189 539
189 1989
189 2878
189 3253
189 3261
190 273
190 3594
191 825
191 1013
191 1019
191 2264
191 3773
192 601
192 2460
193 559
193 1474
193 1533
193 2319
193 3217
193 3393
194 307
194 1451
194 2368
194 3536
195 1352
195 1837
195 3448
196 642
196 763
196 897
196 1228
196 1942
196 3175
196 3735
197 329
197 1694
197 2015
197 3256
198 678
199 239
199 398
199 1221
199 3103
200 2592
200 3944
201 2439
202 238
202 333
202 775
202 2346
202 3314
202 3828
203 1631
203 1742
203 1818
203 2918
203 3126
203 3592
203 3795
203 3991
204 1221
204 2384
205 888
205 1032
205 2666
205 3173
205 3809
205 3974
206 658
206 863
206 2628
206 2995
206 3111
206 3881
207 756
207 972
207 1031
207 2708
207 3214
207 3397
207 3566
208 1918
208 2571
208 2728
208 3220
209 1939
209 2626
209 2900
210 777
210 1001
210 1023
210 1605
211 662
211 2586
211 3145
212 321
212 409
212 3549
212 3563
213 1919
213 3411
213 3723
213 3896
214 666
214 969
214 1141
214 1375
214 2467
214 3292
214 3432
215 1181
215 1851
215 3122
215 3191
215 3542
216 542
216 1549
217 2270
218 1285
218 3481
219 1015
219 1861
220 3898
221 3459
221 3564
222 2383
222 3089
222 3578
223 421
223 425
223 916
224 349
224 2582
224 2715
224 3385
224 3776
224 3901
225 545
225 1400
225 2235
225 2310
225 2809
226 483
226 2893
226 3027
226 3783
226 3896
227 1853
227 2603
228 1464
228 1674
228 2082
228 2496
228 3844
229 1345
230 369
230 3180
232 2716
233 982
233 1484
233 1950
233 2014
233 3397
233 3516
233 3898
234 2473
234 2517
235 239
235 2284
235 3109
235 3157
235 3863
236 559
236 586
236 1414
236 2137
236 3029
236 3302
237 1065
237 1367
237 1727
237 1772
237 2419
237 2876
237 2990
238 723
238 1145
238 2473
238 2916
238 3233
239 1533
239 2658
240 2168
241 1388
241 3172
242 525
242 1099
242 1146
242 1423
242 3283
243 730
243 2398
243 3056
244 488
244 840
244 1353
244 2701
244 3086
244 3162
244 3846
244 3933
245 374
245 997
245 1630
245 3088
245 3960
246 1666
246 3174
246 3291
246 3755
247 2434
247 3167
247 3245
247 3571
247 3748
248 2456
248 3233
251 787
251 1409
251 1725
252 357
252 1843
252 1920
252 2319
252 2813
254 829
254 1156
254 1565
254 1733
254 2722
254 3685
255 2657
255 3194
256 824
256 1338
256 1936
256 2333
256 3116
257 1560
257 2218
257 3440
257 3903
258 696
258 809
258 852
258 1219
258 2581
259 601
259 755
259 800
259 1239
259 2914
260 723
260 1283
260 1336
261 552
261 876
261 1344
261 1507
261 1891
261 3829
262 872
262 1718
262 1918
262 1943
262 2000
263 486
263 719
263 1507
263 1612
263 2779
263 3004
263 3270
264 2507
265 835
265 1720
265 3773
266 342
266 2230
266 2249
266 3910
267 1529
267 2556
268 309
268 1165
268 1838
269 829
269 2182
270 3410
270 3565
271 522
271 636
271 666
271 1010
271 2454
272 1099
272 2859
273 3255
273 3531
273 3585
274 362
274 1560
274 3504
274 3794
275 703
275 747
275 806
275 1423
275 1565
276 2317
276 3976
277 446
277 530
277 1578
277 1890
277 2810
277 3358
277 3410
278 946
279 1605
279 2837
279 2989
279 3797
279 3959
280 504
280 1692
280 1755
280 3447
281 1434
281 3645
281 3726
282 2660
282 3891
283 372
283 1327
283 2233
283 3096
283 3813
284 328
284 2818
285 1810
285 2103
285 2791
286 2335
286 2844
286 2892
286 3671
286 3889
286 3958
287 1848
287 1902
287 3972
288 2250
288 2256
288 3043
289 1529
289 3292
289 3618
290 649
290 830
290 1854
290 3892
291 346
291 828
291 927
291 2088
291 2414
291 3102
291 3241
291 3545
292 1326
292 1568
292 1741
292 2008
292 2562
292 3806
293 2425
293 3803
294 823
294 2320
295 1436
295 3394
296 1165
296 1966
296 2756
296 3535
297 625
297 1061
297 1098
297 2220
297 2475
297 3383
298 1724
298 2162
298 2673
299 749
299 1420
300 619
300 1172
300 1306
300 3137
300 3842
300 3852
301 647
301 3073
301 3190
302 467
302 871
302 2329
303 1621
303 2986
304 1128
304 1613
304 3245
304 3601
304 3739
305 834
306 1660
306 2235
306 2620
306 3087
306 3935
307 1089
307 2193
307 2686
307 2819
307 3619
308 1663
308 2050
308 2178
308 2558
309 718
309 1473
309 3261
310 1232
310 1940
311 1231
311 1694
312 411
312 686
312 931
312 1086
312 1193
312 1743
312 2048
312 3038
312 3663
313 1179
313 2332
313 3215
314 674
314 945
314 1507
314 2960
314 3140
315 976
315 1027
315 1350
315 3244
316 1251
317 941
317 1191
317 1308
317 1551
317 2361
317 2629
317 2966
318 613
318 723
318 1068
318 2376
318 3818
318 3823
319 322
319 1517
319 1763
319 2521
319 3495
320 900
320 1901
320 2931
320 3164
321 570
321 871
321 1434
322 2096
322 3575
323 1401
323 1918
323 2143
323 3098
323 3523
323 3564
324 2560
324 3747
325 605
325 612
325 1397
325 2448
325 3063
325 3101
325 3223
326 639
326 1115
326 1817
326 3417
327 548
327 2668
327 2899
328 387
328 575
328 1655
328 1829
328 2044
328 2511
328 3743
329 1233
329 1777
329 2632
329 3375
330 411
330 2001
330 2711
331 646
331 1868
331 3702
332 1388
332 3189
332 3612
332 3816
334 1110
334 1222
334 1662
334 2644
334 2757
334 3021
335 1358
335 1865
335 2055
336 2273
336 2849
336 3496
337 459
337 1486
337 1691
337 2227
338 602
339 370
339 811
339 840
339 1318
339 1791
339 2254
339 2376
340 380
340 925
340 1831
340 2070
340 3126
341 1761
341 3347
342 548
342 1260
342 2975
342 3285
343 1863
343 3208
343 3591
344 349
344 794
344 1289
344 2140
344 2219
344 2922
345 711
345 1080
345 2220
345 2223
345 2586
345 2933
345 3499
345 3685
346 371
346 2218
346 2660
347 1902
347 2242
347 2511
348 1085
348 1413
348 2231
348 3728
349 1612
349 1704
349 2772
349 3833
350 1772
350 1996
350 3146
351 1486
351 2778
351 3826
352 1039
352 1615
352 3258
353 355
353 1316
353 1389
353 1753
353 2374
353 3054
354 1082
355 1436
355 1756
355 1956
355 3805
356 655
356 2256
356 2318
356 2533
356 2705
356 3613
356 3942
356 3949
357 2824
357 3388
358 1170
358 1616
358 2698
358 3871
359 1413
359 3709
359 3981
360 459
360 2775
361 928
361 2804
361 3636
361 3920
362 763
362 1366
362 2335
362 2733
362 3550
362 3724
362 3770
363 2621
364 1417
364 2347
364 2891
364 3481
365 1088
365 2504
365 3613
365 3709
366 613
366 1491
366 2583
366 2695
366 3058
367 861
367 1157
367 1239
367 1590
367 2357
367 3169
367 3715
368 639
368 1459
368 2035
368 2846
369 840
369 1362
369 3190
370 1907
370 2541
370 3522
370 3795
371 1276
371 3519
372 1176
372 1349
372 1832
372 2155
372 2768
372 3130
372 3665
373 1380
373 1772
373 2023
373 2229
373 2287
373 2985
374 1613
374 2008
374 2112
374 3459
374 3654
375 2280
375 3764
376 1632
376 2144
376 2441
376 2773
376 3040
377 545
377 1845
377 2217
378 1105
378 1919
378 2040
378 2692
378 3388
378 3886
379 1137
380 917
380 1586
380 3104
381 434
381 1072
381 1280
381 1840
381 2858
381 3466
381 3916
382 879
382 1576
382 1587
382 1972
382 3678
382 3800
383 683
383 920
383 3126
383 3504
383 3929
384 439
384 1479
384 3165
384 3385
384 3457
384 3997
385 1016
385 2587
385 2975
386 562
386 757
386 1628
386 2424
387 1724
387 3224
387 3369
387 3440
388 1106
388 1421
388 2214
388 2945
388 3042
390 2848
391 829
391 1428
392 427
392 2495
393 3379
393 3634
393 3819
394 738
394 1531
394 1777
394 1891
394 1892
394 2485
394 2834
394 3290
394 3939
395 421
395 516
395 1377
395 3410
396 605
396 1281
396 2752
396 3188
396 3670
397 1033
397 1714
397 2812
397 3017
398 497
398 890
398 2220
398 3525
400 1842
400 2113
400 2482
400 3701
401 523
402 1280
402 1405
402 2436
403 889
403 2521
403 3940
404 2407
404 2490
404 3225
405 3951
406 969
406 1813
406 3087
406 3775
407 671
407 901
407 2737
408 3841
409 3006
409 3796
410 683
410 3149
411 863
411 1276
411 1468
411 2337
411 3087
412 2534
412 2653
412 3011
412 3954
413 678
413 2156
413 2731
413 3697
414 742
414 2585
414 2653
414 3479
415 991
415 1165
416 451
416 658
416 3308
417 452
417 1016
417 2490
417 3428
417 3449
418 550
418 1033
418 1355
418 3513
419 1055
419 1470
419 1623
419 2556
419 3179
419 3351
419 3704
420 1025
420 3444
420 3840
421 1048
421 1386
421 2110
422 428
422 1906
422 2026
422 2828
423 1652
423 3629
423 3798
424 978
424 995
424 1128
424 1377
424 3644
425 697
425 1432
425 2460
425 3800
426 1638
426 2357
426 2796
426 3871
427 587
427 622
427 676
427 946
427 1233
427 1575
427 1605
428 1449
428 2790
428 2833
428 3301
429 3642
430 940
430 985
430 1033
430 1058
430 1064
430 2584
430 2644
430 3966
431 1404
431 2197
431 2916
431 3059
431 3855
432 675
432 2726
432 2835
432 3329
433 511
433 948
433 979
433 1949
434 716
434 3187
435 1669
435 3306
436 509
436 1972
436 2812
436 3094
436 3123
436 3457
437 1492
437 2516
437 2717
438 730
438 817
438 1252
438 2296
438 2487
438 3288
439 1380
439 2404
439 2678
439 3661
440 470
440 678
440 1174
440 1928
440 2753
440 3344
440 3875
441 1373
441 1827
442 599
442 2854
443 614
443 1995
443 3066
443 3433
443 3494
444 1233
444 2451
444 3294
444 3444
445 1651
445 1667
445 1987
445 2174
445 3087
445 3332
445 3590
446 1682
446 2876
447 1582
447 2813
447 3211
448 1723
448 1896
448 2510
449 1392
449 2336
449 3564
450 791
451 727
451 876
451 1340
451 3192
451 3684
452 863
452 1768
452 2139
453 1880
453 2298
453 3251
453 3465
454 725
454 3057
454 3499
454 3654
455 792
455 2389
455 2621
456 1136
456 1469
456 2200
456 3287
456 3492
457 1223
457 1387
457 1719
457 3205
458 884
458 1591
458 2782
458 3251
458 3423
459 1282
459 2557
460 660
460 927
460 2794
460 3212
461 830
461 1247
461 1891
461 2259
461 3165
461 3534
461 3874
462 512
462 2974
463 1173
463 2926
464 1851
464 2543
464 2799
464 3933
464 3967
465 971
465 1119
465 1899
466 576
466 1748
466 1936
466 2294
466 2316
466 2801
467 1763
467 1911
468 1722
468 1917
468 3703
469 692
469 1025
469 1069
469 1540
469 1953
469 3715
470 2596
470 3867
471 3700
472 905
472 1192
472 1439
472 1772
472 3979
473 572
473 652
473 2414
473 2908
473 2999
473 3632
473 3764
474 3265
474 3657
475 761
475 1333
475 1855
475 2377
475 3995
476 790
476 1933
476 3643
476 3705
477 772
477 2608
477 2928
477 3083
478 858
478 3936
479 1247
479 1793
479 2476
480 1022
480 3887
481 1267
481 2423
481 2903
482 2064
483 1080
483 1791
483 2705
483 3433
483 3744
484 516
484 1014
484 1713
485 781
485 2101
485 2590
486 1056
487 800
487 1101
487 1403
487 1894
487 1975
487 2690
487 3151
487 3265
487 3344
488 2063
488 3942
489 1194
489 1795
490 2350
490 2523
490 3698
491 661
491 1134
491 3946
492 926
492 1734
492 3668
493 2235
494 1675
494 2049
494 2153
495 626
495 3047
496 544
496 1893
496 2247
497 2683
497 3449
498 1779
498 1936
498 2384
499 2764
500 1847
501 758
501 1005
501 2115
502 1055
502 1302
502 2011
502 3672
503 765
503 813
503 3090
504 1599
504 2612
504 3467
504 3804
504 3973
505 1232
505 1642
505 1722
505 1964
505 2859
505 3024
506 667
506 830
506 2602
506 2605
506 3710
507 726
507 2114
507 2826
507 3063
508 2402
508 3003
508 3493
508 3713
509 1011
509 2273
509 3285
510 678
510 774
510 1185
510 1255
510 1812
511 747
511 1173
511 2423
511 3193
511 3207
512 936
512 1732
512 2337
512 2524
512 3256
512 3988
513 2486
513 2717
513 3139
513 3219
513 3507
514 913
514 1021
514 3514
514 3660
515 3181
515 3474
516 2141
516 2598
516 2965
516 3860
517 853
517 930
517 1138
517 1583
517 1665
517 3091
517 3572
518 580
518 1065
518 1207
518 1836
518 2373
518 3992
519 1830
519 2990
520 969
520 1623
520 1665
520 2015
520 2894
521 1497
521 1940
521 2044
521 2962
521 3664
522 1145
522 2401
523 3494
523 3793
524 927
524 2998
524 3036
525 843
525 1033
525 2155
525 3379
526 2027
526 2661
526 2754
527 2305
527 3813
528 2404
528 2566
528 3709
529 1314
529 3311
529 3527
530 606
530 2067
530 2580
530 2866
530 3719
531 611
531 2431
531 3514
532 1241
532 3085
532 3387
532 3521
533 2226
533 2899
534 978
534 2341
534 2595
535 695
535 950
535 1286
535 1648
535 1791
535 2678
535 2959
535 3561
536 1557
536 1567
536 1726
536 2842
537 2569
537 3142
538 996
538 2213
538 2589
538 2803
539 715
539 3179
539 3916
539 3992
540 2281
540 3457
541 827
541 1858
541 2319
541 2391
541 2578
542 1431
542 3634
542 3873
543 1131
543 1252
543 3662
544 566
544 738
544 1288
544 1710
544 2909
545 944
545 1100
545 2014
545 3579
546 1535
547 1383
547 1427
547 1831
547 1921
547 2092
547 2201
548 1976
548 2216
548 3495
548 3508
549 3152
549 3309
549 3543
549 3683
550 914
550 1871
550 2683
551 2476
551 2571
551 3664
552 1425
553 1334
553 2591
554 1615
555 973
555 1284
555 1308
555 1721
555 2218
555 3029
555 3106
556 1588
556 1773
556 2563
556 3999
557 912
557 913
557 1539
557 2330
557 2558
557 3519
558 919
558 1858
558 2103
558 2703
558 3023
558 3860
559 573
559 1167
559 1317
559 1997
559 2480
560 732
560 1419
561 1120
561 1833
561 3687
562 670
562 1155
562 2213
562 2786
563 1515
563 1716
563 2826
564 1651
564 1864
564 3262
564 3359
565 1032
565 1134
565 3302
566 1183
566 3342
566 3817
567 1847
567 3798
568 1728
568 2126
568 2247
569 995
569 1078
569 3077
569 3575
570 1587
570 1693
571 1265
571 2880
571 2980
572 1864
572 2684
573 962
573 1332
573 1383
574 792
574 3706
575 1024
575 1311
575 1482
576 1012
576 1565
576 2028
576 2816
576 3093
577 1117
577 1801
577 3767
578 1486
578 2793
578 3213
578 3862
578 3891
578 3968
579 648
579 1502
579 2551
579 2771
579 3327
580 1265
580 2838
580 3112
581 2534
582 1307
582 3709
583 1818
584 1731
584 3101
584 3353
584 3523
584 3679
584 3879
585 639
585 883
585 1313
585 2109
586 1110
586 1907
586 2128
586 3625
587 1906
587 1921
587 2555
587 2582
588 1099
589 689
589 1289
589 1329
589 3238
589 3645
590 2026
590 2661
591 1269
591 1867
591 2150
591 2243
592 2448
592 3746
593 2831
593 3300
594 2721
595 2470
595 2724
595 3332
595 3905
596 1130
596 2453
596 3380
596 3557
596 3665
596 3790
597 721
597 1764
597 2241
597 2418
598 928
598 1113
598 2542
598 3695
598 3902
600 1873
600 3194
601 2527
601 2634
601 3266
601 3328
602 661
602 2728
603 932
603 1162
603 2009
603 3925
604 662
604 3301
605 1660
606 1539
606 3214
606 3315
606 3540
606 3954
607 1135
607 1575
607 2555
607 3390
608 1646
609 1807
609 3195
610 2551
611 3558
612 1152
612 1380
612 1957
612 1968
612 2148
612 3862
613 855
613 1063
613 1158
613 2174
613 2235
613 3084
613 3374
613 3906
614 1428
614 1585
614 3276
615 621
615 969
615 2554
615 3694
616 3047
617 1178
617 2618
618 743
618 1193
618 1665
618 2171
618 2848
618 3171
618 3320
619 884
619 1804
619 1915
619 2700
619 3079
619 3612
620 1241
620 1614
620 1736
620 2102
620 3623
621 1027
621 2668
621 2690
621 2813
622 625
622 1006
623 2757
624 1309
625 3098
626 1278
626 2019
626 2032
626 2496
626 3565
627 3413
628 921
628 1792
628 1822
628 2109
628 2698
628 3228
628 3355
628 3488
629 1311
629 1692
629 2636
630 1266
630 3876
631 763
632 1695
632 2996
633 1530
633 2150
633 3131
634 1128
634 2473
634 2589
635 1838
635 2868
636 1426
636 2697
637 3687
637 3882
638 1930
638 2362
638 2914
638 2930
638 3775
639 1212
639 1259
639 2144
640 899
640 1435
640 1992
640 3461
640 3912
641 3728
642 1823
642 1824
642 2289
642 3474
642 3961
643 904
643 3747
644 1228
644 2575
645 1564
645 2166
645 2170
645 2183
645 2743
646 654
646 1366
646 1542
646 2805
646 3370
647 3172
647 3807
648 903
648 930
648 1818
648 1879
649 1703
649 2175
649 2378
649 2809
649 3511
649 3515
650 1346
650 1453
650 1575
650 1724
650 3404
651 2673
651 3225
652 1340
652 1490
652 1660
652 1868
652 2648
652 3832
653 1722
653 1904
653 2181
653 2787
653 2990
653 3159
654 1819
654 2123
654 3924
655 1463
655 2050
655 2543
655 3833
656 1244
656 1556
656 2073
656 3553
656 3830
657 1078
657 1181
657 2208
657 3582
658 725
658 1068
658 2638
659 681
659 2228
659 3075
659 3996
660 1558
660 1827
660 2372
660 3927
661 1396
661 1853
663 2061
663 2217
663 2830
663 3152
664 1066
665 698
665 3369
666 738
666 1110
666 1737
666 2047
666 2719
666 3048
666 3824
667 1118
667 1878
667 3777
668 1234
668 1967
668 3335
668 3573
669 1160
669 1341
669 2118
669 2227
669 2594
669 2695
669 3217
670 786
670 2138
670 2635
670 2716
670 3021
670 3859
671 1103
671 2065
671 2437
672 985
672 986
672 3517
672 3901
672 3954
673 2500
673 3996
674 1071
674 1167
674 2210
674 2221
674 2572
675 1912
675 2229
676 925
676 1232
676 1307
676 1699
676 2266
676 2353
676 2555
676 2771
676 3262
676 3916
677 1043
677 1175
677 1603
677 2892
677 3698
677 3720
678 1035
678 1095
678 3316
679 960
679 3578
680 3259
680 3744
681 1811
681 1975
681 2642
681 2907
682 1174
682 1500
683 816
683 1765
683 2486
683 3474
684 961
684 2204
684 2412
684 2452
685 1693
685 2342
685 2832
685 3455
685 3686
686 934
686 2186
686 3637
686 3900
687 756
687 803
687 1111
687 1764
687 1772
687 2249
688 1560
688 1945
688 2177
688 2723
688 3937
689 1337
689 2644
689 3679
690 1290
690 1428
690 2467
691 1626
691 2009
691 2731
691 3364
691 3762
692 1154
693 849
693 1216
693 3958
694 716
694 808
694 1227
694 1385
694 1956
694 2312
694 3135
694 3561
694 3866
694 3890
696 2848
696 3946
697 2116
698 2441
698 3198
698 3562
699 2546
699 3089
699 3191
700 1026
700 3334
700 3430
701 863
701 3291
702 1987
703 2778
703 3228
703 3680
705 845
705 1399
705 3974
706 849
706 1760
706 1876
706 3558
707 1465
707 3622
708 1025
708 1629
708 2571
709 1389
709 2676
709 3242
710 1306
710 2595
712 896
712 1203
712 1863
712 2846
712 3193
713 855
713 1355
713 1851
714 814
714 1589
714 3455
715 2425
715 2747
716 1841
716 2074
716 2143
716 2814
716 2908
716 3094
716 3856
717 918
717 1117
717 3620
719 927
720 2140
720 2563
721 911
721 1146
721 1490
721 2176
721 2340
721 2403
721 2626
721 2968
722 1744
722 2323
722 2419
723 1409
723 1937
723 3325
724 1939
724 2595
724 3132
724 3364
725 1451
725 3080
725 3929
726 2140
726 2428
726 2544
726 2569
727 2470
727 3186
727 3753
727 3912
728 764
728 1959
729 2790
730 970
730 1985
730 2196
731 1411
731 1549
731 2061
731 3496
732 1579
732 3878
733 2184
733 2187
734 741
734 897
734 1356
734 2238
734 2683
734 3815
735 1948
736 986
736 1093
736 1760
736 2264
736 2423
736 2603
736 3048
736 3200
738 1582
738 2959
738 3587
739 2102
739 2949
740 1931
740 2729
740 2878
740 3147
741 834
741 851
741 1171
741 1250
741 1528
741 2512
742 1025
742 1354
742 2837
743 831
743 1813
743 2504
744 1475
744 2255
744 2640
744 2715
744 2876
745 866
745 1092
745 1527
745 2815
745 3190
746 2214
746 2339
746 3379
746 3992
747 1123
747 3867
747 3872
747 3878
748 916
749 1130
749 2067
749 2762
750 1187
750 1597
750 1604
750 3476
750 3524
751 2022
751 2211
751 2548
752 1296
753 762
753 1392
753 1918
753 2805
753 2852
755 2426
755 3383
756 775
756 1057
756 1938
756 3283
757 1145
757 2026
757 2389
757 2632
757 2680
757 2833
758 3342
758 3828
759 988
759 1559
759 1658
759 2635
759 3783
760 3674
761 2224
762 1828
762 2485
762 3961
763 2328
763 2557
764 1572
764 2751
764 3304
764 3985
765 1977
765 3691
766 1469
766 3579
767 2392
767 3890
768 1136
768 3296
768 3794
769 2065
769 2594
769 2978
770 918
770 1314
771 2589
771 2907
771 3812
772 1026
772 1150
772 1178
772 2032
772 2453
773 1105
775 2162
776 908
776 1088
776 1439
776 1607
776 2330
776 3024
776 3074
776 3202
777 2649
777 2736
777 2816
778 1487
778 2008
778 2352
778 3648
779 2396
779 3114
780 1334
780 1466
780 1471
780 3167
780 3337
781 2844
782 3368
782 3899
783 1962
783 2209
783 2677
783 3886
784 944
784 1205
785 1262
785 1444
785 1885
786 3149
787 1482
787 3005
788 1821
788 2491
788 3244
789 1641
790 3425
790 3525
791 2745
791 2785
792 816
792 1595
792 1952
792 2779
792 2945
792 3270
793 2071
793 2073
793 3820
794 1057
794 2435
794 2824
794 3090
794 3152
795 1746
795 2103
795 2527
796 1788
796 1923
796 2410
796 2482
796 3888
797 1678
797 2460
798 1262
798 1659
798 2065
798 3958
799 1174
799 1500
800 1350
800 1952
800 2755
800 3755
801 1257
801 1337
801 2982
802 926
802 1442
802 1540
802 2782
803 1624
803 2904
804 1226
804 1346
804 1773
804 1775
804 3893
805 2290
805 2753
805 3526
805 3730
806 2202
806 2900
806 3321
808 1549
808 2125
809 1925
809 3473
809 3541
810 1860
810 3476
811 2692
811 3379
811 3498
812 2162
813 1155
813 1964
813 2031
813 2992
815 875
815 876
815 1305
817 1652
817 3802
818 1301
818 2766
819 889
819 3235
820 1322
820 1583
820 1987
820 2018
820 2650
820 3696
821 1840
821 3044
821 3681
822 1228
822 1439
822 3203
822 3587
822 3861
823 1877
823 3653
824 2439
824 3289
824 3413
825 3357
826 1935
826 2882
826 3653
827 959
827 1349
827 3522
827 3835
828 3442
828 3766
829 1818
829 2836
829 3113
829 3309
830 1230
830 2678
830 3412
831 3567
832 959
832 1448
832 2477
832 3409
832 3711
832 3840
833 1333
833 3293
833 3408
833 3947
834 1494
834 2272
834 2646
835 1000
835 2319
835 2394
836 3626
837 841
837 1053
837 2763
837 2821
837 3067
837 3329
838 1252
838 2374
839 1459
839 2468
840 3238
840 3311
840 3520
841 937
841 3296
841 3822
842 1093
842 1448
843 2390
843 3738
844 1844
844 1945
844 2454
845 2271
845 2508
845 3376
845 3831
846 2760
846 3319
846 3576
847 1165
847 1943
847 2045
847 2784
847 2807
848 1976
848 2450
848 3590
849 1130
851 1270
851 2351
851 2407
852 878
852 1253
852 2362
852 2469
852 2978
852 3664
853 1554
853 2549
853 3106
853 3173
854 2178
854 2696
855 1956
856 2573
857 1741
857 1955
857 2010
857 2103
857 2356
858 3073
858 3633
858 3826
859 1470
859 1617
859 1651
859 1802
859 1937
859 2028
859 2401
860 1216
860 2634
861 2381
861 3809
862 1063
862 1200
862 1882
863 1445
863 2875
864 1455
864 2221
864 2663
864 3179
864 3648
865 1661
865 3000
865 3222
865 3442
866 972
866 1996
866 3229
867 2388
868 886
868 981
868 1482
868 3519
868 3920
869 985
869 3291
869 3603
869 3678
870 1115
870 1122
870 2727
870 3010
871 1937
871 2345
872 2506
873 2113
874 2117
874 2125
874 3520
874 3521
875 1549
875 2159
875 2918
876 1379
876 2887
876 3880
877 1439
877 1680
877 2016
877 2017
877 3716
877 3794
878 1901
878 2560
878 3702
879 2033
879 2531
879 2664
879 2790
879 3151
879 3844
879 3945
881 1545
881 2707
881 3519
882 1611
882 2194
882 3551
883 1325
883 2453
883 3113
884 2248
884 3228
885 2037
886 1887
886 3001
887 1962
887 2123
887 3576
888 1384
888 2371
888 2540
888 3163
888 3612
889 2236
889 3184
890 2269
890 2390
890 2824
890 2893
890 3847
891 934
891 2560
891 2695
892 999
892 1172
892 2190
892 2434
893 1428
893 1489
893 1805
893 2813
894 1343
894 1908
895 1685
895 2501
895 3876
896 1480
896 3427
896 3525
896 3934
897 1968
897 2804
898 1033
898 1956
898 2377
898 2425
898 3021
898 3933
899 1900
899 3942
900 3536
900 3592
900 3946
901 1563
901 1669
901 2353
901 2376
902 1185
902 2444
902 3114
902 3239
902 3369
903 2332
903 2592
903 2856
903 3524
904 1759
904 2238
905 1053
905 1280
905 1285
905 3975
906 1937
906 3141
906 3641
906 3860
907 1141
907 1626
907 2669
908 987
908 1440
908 3159
909 958
909 1397
909 3133
909 3756
910 2540
910 2830
910 3614
911 1236
911 1512
911 1826
912 1425
912 2141
912 2930
912 3496
913 1086
913 1087
913 1655
913 1861
913 2004
913 2484
913 2529
913 2728
913 3081
914 1946
914 3049
914 3969
915 1261
915 1628
915 1831
915 2323
917 1798
917 2011
918 2913
918 3551
920 950
921 2250
921 2981
922 1165
922 2083
923 1098
923 1379
924 2396
924 2824
924 3416
924 3709
925 3710
925 3838
926 3046
927 1579
928 2105
928 3372
928 3997
929 1439
929 3668
930 1640
930 1885
931 2465
931 3141
931 3470
931 3531
931 3691
932 1026
932 1639
932 2400
932 3058
933 2978
933 3720
933 3827
933 3838
933 3991
934 2357
934 2376
934 3706
934 3775
935 1611
935 1677
935 2250
935 2556
936 1338
936 2471
936 3747
937 1429
937 2620
937 3064
937 3651
937 3874
938 2204
938 3250
938 3363
938 3946
939 2349
939 2770
939 3591
940 1044
940 1282
940 2334
941 1053
941 1180
941 2382
941 2753
941 3205
941 3239
942 2340
942 3758
943 2446
943 2717
944 1003
945 1913
945 1918
945 2705
945 3778
946 3483
947 1761
947 2152
948 2026
948 2233
948 3412
949 1940
949 2005
949 3348
950 3621
951 1015
951 1881
952 1628
952 2190
952 3656
952 3684
953 1826
954 1295
954 3781
954 3884
955 1534
955 2523
955 3190
955 3809
956 1162
956 1384
956 2945
958 1040
958 1667
958 2394
958 2621
958 3288
959 1143
959 2977
959 3094
959 3120
959 3790
960 1422
960 1665
960 2235
960 2911
960 3636
961 1177
961 2746
961 3438
962 966
962 2171
962 2728
962 2731
962 3001
962 3746
963 1386
963 3341
964 1188
964 2634
964 3247
964 3742
965 1802
965 3498
966 1124
966 3129
966 3744
967 1955
967 2816
968 1705
968 1761
968 2257
968 2557
968 2593
969 1497
969 2071
969 3651
970 1156
970 1502
970 2030
970 2167
971 3392
971 3903
972 2780
972 3584
973 1145
973 2517
974 3126
975 1110
975 2873
976 1207
976 1397
976 1537
976 2529
976 2943
977 2707
978 1557
978 1646
979 2286
979 2621
979 3374
980 1510
981 2384
981 2618
981 2934
983 2657
983 2947
983 3099
983 3449
984 2909
984 2959
986 1131
986 3110
986 3738
986 3755
987 1135
987 1240
987 3945
988 1387
988 1396
988 1472
988 2445
989 1377
989 2446
989 3282
990 2742
990 3904
991 1891
991 3385
991 3716
992 3046
993 2877
993 3613
993 3676
994 2701
995 1133
995 3392
995 3783
996 1031
996 1306
996 2609
997 2013
997 2475
997 3461
998 2406
998 2831
998 3630
998 3874
999 1035
999 1264
999 1662
999 2640
999 3500
1000 1214
1000 2427
1000 3627
1001 2408
1001 3203
1001 3802
1002 1218
1002 1630
1002 2400
1003 3984
1004 1593
1004 3255
1004 3294
1005 2241
1006 1315
1006 3417
1007 2182
1007 2412
1007 2624
1007 2688
1007 3430
1008 1643
1009 3082
1009 3996
1010 1227
1010 2186
1010 2221
1010 2312
1010 3424
1010 3652
1011 1416
1011 3550
1012 1479
1012 2371
1013 1472
1013 1871
1013 2646
1013 3020
1014 2307
1015 1904
1015 2566
1015 3198
1015 3216
1015 3226
1015 3467
1016 3261
1018 3588
1019 1043
1019 1328
1019 2367
1019 2616
1020 2524
1020 2905
1020 3407
1021 1070
1021 1669
1021 1938
1021 2335
1021 2519
1021 2851
1022 1126
1022 1314
1022 2435
1022 2786
1022 3941
1024 1702
1026 1157
1026 1265
1026 2548
1026 2935
1026 3269
1027 3320
1029 1751
1029 1858
1029 1919
1029 3267
1030 2035
1031 2761
1032 1058
1032 1724
1032 1999
1032 2724
1032 3671
1033 1356
1033 2074
1033 2287
1033 2564
1033 3947
1034 1981
1034 2872
1034 3204
1035 1230
1035 1290
1035 1702
1035 1975
1035 2335
1036 1949
1036 2183
1036 2520
1037 2160
1037 2179
1037 2572
1038 3416
1039 1095
1039 1200
1039 2059
1039 3527
1040 2575
1040 3193
1040 3848
1041 1341
1041 3605
1041 3777
1042 3066
1043 1254
1043 1846
1043 2717
1043 3689
1044 2045
1044 2668
1044 2945
1044 3205
1044 3901
1045 1840
1045 3262
1046 1763
1046 2327
1047 2722
1048 1191
1049 1230
1049 2092
1049 3565
1050 1783
1050 2150
1050 2162
1050 2464
1050 3135
1051 1128
1051 3692
1052 1177
1052 1605
1052 2004
1052 2253
1052 2441
1052 3137
1052 3488
1053 1203
1053 1453
1055 1820
1055 2436
1055 3493
1056 1103
1056 1975
1056 3278
1056 3410
1057 1947
1057 2512
1058 1327
1058 1904
1058 2661
1058 3226
1058 3527
1059 2722
1060 1645
1060 2120
1060 2143
1061 1698
1061 3971
1062 1418
1062 1735
1062 3226
1062 3875
1063 1204
1063 2404
1063 2709
1064 2139
1064 2193
1064 2782
1064 3309
1064 3790
1065 1170
1065 1222
1065 1334
1066 1869
1066 2720
1067 1189
1067 2096
1067 2711
1067 3083
1068 1277
1068 1970
1069 1086
1069 1310
1069 1808
1069 2065
1070 1328
1070 1713
1071 2352
1071 3214
1072 1756
1072 2039
1072 2712
1072 2820
1073 2429
1073 2841
1074 1984
1075 1537
1075 3381
1076 1123
1076 1263
1076 1554
1076 2283
1076 2850
1076 2906
1076 3529
1077 1161
1077 1358
1077 3027
1077 3482
1077 3816
1078 1125
1078 1690
1078 2787
1079 1322
1079 3494
1079 3691
1080 3651
1081 1674
1081 2430
1081 3851
1082 1657
1083 2266
1083 2914
1083 2993
1083 3676
1083 3726
1084 1166
1084 2282
1084 2897
1084 3617
1085 1714
1085 2740
1085 3803
1086 2570
1086 2898
1086 3008
1086 3586
1086 3616
1087 1216
1088 1642
1089 1708
1089 1905
1089 2311
1091 1838
1091 3009
1092 1174
1092 1255
1092 2678
1092 3947
1093 2033
1094 1310
1094 2945
1096 1211
1096 1538
1096 1943
1096 2117
1096 2893
1096 3442
1096 3548
1096 3908
1097 3353
1098 2411
1098 2680
1100 1161
1100 3119
1100 3450
1101 2668
1101 3235
1102 3497
1103 1955
1103 2470
1103 3175
1103 3598
1104 1106
1104 3905
1105 2651
1105 3789
1105 3849
1106 1380
1106 1616
1106 3134
1107 1550
1107 3067
1107 3817
1108 2603
1108 2814
1108 2983
1108 3292
1108 3516
1108 3880
1109 1296
1109 1364
1109 1524
1109 3191
1110 1670
1111 3662
1112 3880
1112 3957
1113 3374
1114 1406
1114 1645
1115 1894
1115 1985
1115 2339
1115 3378
1116 1395
1116 3045
1117 2189
1117 2658
1117 2901
1117 3865
1118 1908
1118 2166
1118 2335
1118 2618
1118 3870
1119 2102
1119 2810
1119 2895
1119 3203
1119 3277
1120 1227
1120 1325
1120 2349
1120 2870
1121 1425
1121 1920
1121 3541
1122 1258
1122 1358
1122 2098
1122 2290
1122 3749
1123 1911
1124 1367
1124 1427
1124 1448
1124 1684
1124 1903
1124 3734
1125 1193
1125 1265
1126 1415
1126 1958
1126 2482
1126 2686
1126 2729
1126 3365
1127 1928
1127 3400
1128 2961
1128 3239
1129 1509
1129 1952
1131 1310
1131 3241
1132 1350
1132 1472
1132 1789
1132 2327
1132 2423
1132 2819
1132 3145
1132 3330
1133 2533
1134 3654
1135 2809
1135 3056
1135 3673
1136 1952
1136 2281
1136 2882
1137 3044
1138 1161
1138 1853
1138 2474
1138 3493
1139 1183
1139 1790
1139 1814
1139 2524
1140 3973
1141 2677
1141 3255
1142 1300
1142 2314
1142 2564
1142 2770
1142 3557
1142 3898
1143 1651
1143 1956
1143 3683
1144 1397
1144 2243
1145 1864
1145 2870
1145 3021
1146 3714
1148 2499
1148 3012
1149 1411
1149 1917
1149 3173
1149 3602
1150 1786
1150 2409
1151 2298
1152 1617
1152 3085
1152 3667
1153 1993
1153 2078
1153 3826
1154 1825
1154 2685
1155 1307
1155 1633
1155 2345
1155 3145
1155 3376
1156 2445
1156 3089
1157 1209
1157 2661
1158 1935
1158 2149
1158 2345
1158 2725
1158 3086
1159 2458
1159 2684
1159 2749
1159 2843
1159 3084
1159 3988
1160 3920
1161 2038
1161 2523
1161 2546
1162 1235
1162 1279
1162 1867
1162 2533
1162 2771
1162 3129
1162 3953
1163 2110
1163 3069
1164 2204
1164 2313
1164 2740
1164 3427
1165 2190
1165 2446
1166 3257
1167 2594
1167 2875
1169 3213
1169 3687
1170 2530
1170 3460
1170 3890
1170 3999
1171 3347
1171 3447
1171 3509
1172 1743
1172 2881
1172 3352
1173 2071
1173 2127
1173 2378
1173 3443
1174 3164
1174 3654
1175 1495
1175 1508
1175 2516
1175 3227
1175 3574
1176 2262
1177 1535
1177 2323
1178 2771
1178 3047
1178 3295
1178 3461
1178 3895
1179 2982
1179 3453
1180 1764
1180 2477
1180 2890
1180 3252
1181 1292
1182 1340
1182 2203
1182 2367
1182 2811
1182 3825
1183 2838
1184 2341
1184 2440
1184 3547
1185 1286
1185 1439
1185 2181
1185 2528
1185 3756
1186 1769
1186 2198
1186 2763
1187 2671
1187 3028
1187 3323
1188 1493
1188 2764
1188 3572
1189 1472
1189 2067
1190 2276
1190 3088
1191 1331
1192 2568
1192 3049
1193 1293
1193 1644
1193 2376
1193 3845
1195 1635
1195 2033
1195 2200
1195 3241
1195 3565
1195 3721
1196 2410
1196 2864
1196 2923
1196 3522
1197 1613
1197 1993
1198 3272
1198 3464
1199 3012
1199 3262
1199 3543
1200 1618
1200 2123
1200 2342
1200 2701
1201 2171
1201 2419
1201 2558
1201 2791
1201 3806
1202 2097
1202 2461
1202 3477
1203 2467
1203 3628
1203 3692
1204 1301
1204 1650
1204 1766
1204 2258
1204 3573
1205 1925
1205 3234
1205 3771
1205 3773
1206 1898
1206 3844
1206 3901
1207 2555
1207 3630
1208 1967
1208 2575
1208 3012
1208 3677
1209 1830
1209 2309
1209 3364
1209 3826
1210 1951
1210 2720
1210 2739
1211 2810
1211 2984
1211 3048
1211 3122
1211 3149
1211 3209
1211 3503
1212 1677
1212 1835
1212 3052
1212 3347
1213 1312
1214 1848
1214 2768
1214 3781
1214 3868
1215 1780
1215 2939
1215 3211
1216 1817
1216 2662
1216 3483
1216 3648
1216 3988
1217 1987
1217 2398
1217 2674
1218 1589
1218 3948
1220 1239
1220 1512
1220 3268
1221 1296
1221 2760
1222 1601
1222 1628
1222 1820
1222 2374
1222 3184
1223 1830
1223 2179
1223 3167
1224 1686
1224 3394
1224 3590
1224 3656
1225 3597
1226 1555
1227 2321
1227 2341
1227 3450
1227 3722
1228 1229
1228 1694
1228 1853
1228 2980
1228 3850
1229 1782
1229 2700
1230 2542
1230 3148
1231 1341
1231 2436
1231 2943
1231 2970
1232 3160
1232 3781
1233 1446
1233 1462
1233 2578
1233 2720
1233 3441
1234 3310
1234 3452
1234 3493
1235 2968
1236 2280
1236 3226
1236 3633
1238 2810
1238 3238
1239 2713
1239 2949
1240 2255
1240 3146
1240 3608
1241 1774
1241 1860
1241 2194
1241 2876
1241 3680
1242 3096
1243 2540
1243 3787
1243 3970
1244 2583
1244 3314
1245 1881
1245 2874
1245 3063
1245 3330
1245 3906
1245 3928
1247 3232
1247 3254
1248 1350
1248 1521
1248 1769
1248 3679
1249 2658
1249 3430
1250 3634
1251 1288
1251 1396
1251 1491
1251 1542
1251 1628
1251 2177
1251 2996
1251 3237
1251 3403
1252 1310
1252 1799
1252 2281
1253 2088
1253 3111
1253 3867
1254 1360
1254 2326
1254 3011
1254 3653
1255 2495
1256 1609
1256 2607
1256 2674
1256 3771
1257 1339
1257 3422
1258 1439
1258 3081
1258 3732
1258 3891
1260 1950
1260 1970
1262 2332
1262 2709
1262 3860
1263 1354
1263 1424
1263 1844
1264 2345
1264 2472
1264 2488
1264 2779
1264 2825
1264 3358
1264 3547
1264 3839
1265 3499
1267 1614
1267 2329
1268 1616
1268 3502
1268 3660
1269 3858
1270 1302
1270 1971
1270 3999
1271 2103
1271 2215
1271 2751
1271 3293
1272 2198
1272 3655
1273 1338
1273 1614
1273 1827
1273 3257
1273 3582
1274 2950
1274 3206
1275 1766
1275 2217
1275 2246
1277 1733
1277 2105
1277 2227
1277 3949
1278 1485
1278 3263
1278 3462
1279 1727
1279 2370
1279 2646
1279 3768
1280 2295
1280 2378
1280 3816
1281 3657
1281 3740
1282 1978
1283 2331
1284 1605
1284 1618
1284 3275
1285 2123
1285 2991
1285 3847
1286 2482
1286 2642
1286 2716
1286 2803
1286 3182
1287 3274
1288 2934
1288 3299
1289 2113
1289 2655
1290 2167
1291 1864
1291 1952
1291 2672
1291 2682
1292 3101
1292 3528
1292 3888
1293 1423
1293 1449
1293 1529
1293 3586
1294 2310
1294 2460
1294 2740
1294 2918
1294 2993
1294 3028
1294 3532
1294 3616
1295 1732
1295 2231
1295 3011
1295 3063
1296 1614
1296 2060
1296 2586
1296 3353
1296 3515
1297 1401
1297 2610
1297 2890
1299 1659
1299 2149
1299 3198
1299 3482
1300 2087
1300 2994
1300 3095
1300 3518
1301 1397
1301 2154
1301 2983
1302 2070
1302 2525
1302 3205
1303 1672
1303 1839
1304 1586
1304 1623
1304 1767
1304 1810
1304 2021
1304 2750
1305 3107
1306 3398
1308 1421
1308 1564
1308 3905
1309 1696
1309 1825
1309 1951
1309 3605
1310 2208
1310 3899
1311 3405
1312 1432
1312 2991
1312 3135
1313 2392
1313 2562
1314 2494
1316 1395
1316 2080
1316 3289
1316 3363
1317 2096
1317 2527
1317 2986
1318 2370
1318 2418
1318 2695
1318 2823
1318 3462
1320 1882
1321 3094
1321 3746
1322 1675
1322 2645
1322 2931
1322 3820
1324 3658
1325 1413
1325 1778
1325 2147
1325 3748
1326 1883
1326 3807
1327 2248
1327 3363
1327 3569
1327 3937
1328 2784
1328 3202
1329 1382
1329 1843
1329 3028
1329 3182
1330 1338
1330 1497
1330 3655
1331 2403
1331 3295
1331 3911
1332 1821
1332 2970
1332 3519
1333 1381
1333 2178
1333 2377
1334 1481
1334 3185
1335 2328
1335 3348
1335 3504
1335 3788
1336 2263
1336 2305
1338 1984
1338 2204
1338 3567
1338 3921
1339 1991
1339 2719
1339 3507
1339 3700
1340 1481
1340 2227
1340 3301
1341 2076
1341 3472
1342 2051
1342 3144
1343 2034
1344 1850
1344 2659
1345 2405
1345 2647
1345 3913
1346 1349
1346 1504
1346 1675
1346 3246
1347 2391
1348 1357
1348 3786
1348 3788
1348 3946
1349 3951
1351 3429
1351 3827
1352 2104
1353 1533
1353 1889
1353 2040
1353 2246
1353 2596
1353 3646
1353 3814
1353 3953
1354 1512
1354 2449
1354 3120
1354 3229
1355 1657
1355 2066
1355 3372
1357 3226
1357 3416
1358 1499
1358 2213
1358 3527
1359 1657
1359 2163
1360 2323
1361 3020
1362 2194
1362 3138
1363 1713
1363 3557
1364 1443
1364 1867
1364 3184
1364 3985
1365 2228
1365 2648
1365 2743
1367 1746
1367 3576
1368 1773
1368 1850
1368 1921
1368 1973
1368 2432
1369 3391
1370 3403
1372 2051
1373 3360
1374 2235
1374 2313
1374 2382
1374 3145
1374 3210
1375 2097
1376 1556
1376 3313
1377 1680
1377 1715
1377 3058
1377 3961
1378 2747
1379 1734
1380 1478
1380 2961
1380 3328
1381 2049
1381 2480
1381 3034
1381 3824
1382 3086
1382 3157
1382 3489
1382 3725
1384 1444
1384 1734
1384 1810
1384 3534
1384 3659
1386 3711
1387 1534
1387 3331
1388 2857
1388 3014
1388 3200
1389 1874
1389 1978
1389 2219
1389 2813
1389 3226
1390 2749
1391 2141
1391 2567
1391 2771
1392 1751
1392 1914
1392 2143
1392 2718
1393 1506
1393 1796
1393 1964
1393 2431
1393 2610
1393 3624
1394 1816
1394 2540
1394 2755
1394 2844
1394 3660
1394 3776
1395 1473
1395 1634
1395 1663
1395 2024
1395 2086
1395 3261
1395 3498
1396 1592
1396 1821
1396 2231
1396 3022
1396 3284
1397 3622
1398 1927
1399 2776
1400 1599
1400 2093
1400 2653
1400 3184
1401 1709
1401 2491
1401 3311
1401 3430
1402 1698
1402 2770
1403 3166
1403 3896
1404 3340
1405 1470
1405 3573
1406 2040
1406 2494
1407 1475
1407 1894
1407 2676
1408 2124
1408 2196
1408 2730
1408 3321
1408 3412
1408 3559
1409 2627
1410 1724
1410 1938
1411 1758
1411 1784
1412 2735
1412 3169
1413 2051
1413 3272
1414 2054
1414 2420
1414 3591
1415 2452
1415 3766
1416 2615
1416 3261
1416 3521
1417 1547
1417 2182
1417 3813
1417 3998
1418 2321
1419 1785
1419 2393
1419 2663
1419 3579
1419 3796
1420 2529
1420 2728
1420 3603
1421 1689
1421 1796
1421 2972
1421 3054
1421 3806
1422 1724
1422 2197
1422 2496
1422 2558
1422 2693
1422 3679
1423 1462
1423 2124
1423 2375
1423 3283
1424 1673
1424 1813
1424 1841
1424 1877
1424 3381
1424 3714
1425 1535
1425 2074
1426 1775
1426 2073
1427 1675
1427 2970
1427 3185
1428 3613
1430 1772
1430 1782
1430 2167
1430 2733
1430 3345
1431 1470
1431 3057
1431 3108
1432 1580
1432 1967
1433 2415
1433 3137
1434 1513
1434 1837
1435 2068
1435 3259
1435 3439
1435 3776
1436 2786
1437 1752
1437 2924
1438 1876
1438 2145
1438 3290
1438 3321
1438 3435
1439 2553
1439 2570
1440 2043
1440 3403
1440 3466
1441 1689
1441 1971
1442 2901
1442 3160
1442 3441
1443 1667
1443 1720
1443 2241
1443 2405
1443 3778
1444 1478
1444 2615
1444 2895
1444 3821
1445 1624
1445 3193
1445 3723
1446 1571
1446 2424
1446 2983
1447 2498
1447 3109
1448 2558
1448 3158
1448 3486
1449 2288
1450 2983
1451 2868
1452 2524
1452 2747
1452 3183
1452 3449
1452 3603
1452 3726
1452 3899
1453 1572
1454 2037
1455 1659
1455 1738
1455 3708
1456 2054
1456 2236
1456 3901
1456 3935
1457 2447
1458 1848
1458 2099
1458 2117
1459 1638
1459 2436
1459 2759
1460 2493
1460 2986
1460 3136
1460 3893
1461 1520
1461 2041
1461 2896
1461 3092
1461 3803
1462 1825
1462 1834
1462 2077
1462 2104
1463 1485
1463 3166
1464 2974
1464 3737
1465 2139
1465 2375
1465 2854
1465 3029
1465 3281
1466 1855
1466 2166
1466 2378
1466 2850
1466 3300
1466 3383
1466 3547
1466 3956
1467 1791
1468 2514
1468 3312
1468 3698
1469 2534
1469 3268
1469 3302
1469 3806
1471 1977
1471 1981
1471 3691
1473 1751
1473 2602
1473 2922
1473 3766
1474 2429
1474 3083
1474 3514
1474 3953
1475 2568
1475 3792
1476 2458
1477 1660
1477 2378
1478 3519
1478 3544
1478 3955
1480 3821
1481 2677
1482 3034
1482 3919
1483 1605
1483 3005
1483 3785
1484 2295
1484 2487
1486 2388
1486 2924
1487 2105
1487 2189
1487 3580
1488 1928
1488 2290
1488 2858
1489 1514
1489 2719
1489 2822
1489 3117
1491 1689
1491 1946
1491 3126
1492 2191
1492 2946
1492 3570
1493 1598
1493 2111
1493 3128
1494 3190
1494 3305
1495 1712
1495 2036
1495 2142
1495 2288
1495 2429
1495 3384
1495 3567
1496 1610
1496 2611
1496 2968
1496 3168
1496 3951
1497 2028
1498 2972
1498 3296
1498 3310
1498 3628
1499 2007
1499 2743
1500 1791
1500 2248
1500 2336
1500 3467
1501 3163
1502 1973
1503 2321
1504 2612
1504 2908
1504 3755
1505 1549
1505 3835
1506 1553
1506 2009
1506 3488
1507 2083
1507 2761
1508 2635
1508 3251
1509 1669
1509 1821
1509 1956
1509 2515
1509 2877
1509 3586
1509 3943
1510 2159
1510 2297
1510 2626
1510 2940
1510 3663
1510 3971
1511 1929
1511 3903
1512 1706
1512 3162
1513 2397
1513 2990
1513 3156
1513 3404
1514 1652
1514 1746
1515 1893
1515 3691
1516 1676
1516 3452
1517 2817
1517 2823
1518 2209
1519 2877
1519 3792
1520 3761
1521 1931
1521 2015
1521 2197
1521 2397
1521 2500
1521 3325
1521 3519
1522 1804
1522 2162
1522 3906
1523 1836
1523 2300
1524 3547
1524 3759
1525 2270
1525 2642
1525 2779
1525 2891
1526 2632
1526 3968
1527 2514
1527 2667
1527 2980
1527 3358
1527 3872
1528 2591
1528 2602
1528 3380
1529 2089
1529 2257
1529 3901
1530 1945
1531 3254
1531 3811
1531 3912
1532 3632
1532 3861
1532 3962
1533 2002
1533 3053
1533 3751
1534 1915
1535 1890
1535 2637
1535 2894
1535 3937
1536 1561
1536 1642
1536 2705
1537 2245
1537 2743
1537 3525
1539 3589
1539 3875
1540 2240
1540 3841
1541 2820
1541 2916
1542 1544
1542 2665
1542 3483
1543 3520
1543 3531
1544 1986
1544 3031
1544 3536
1544 3773
1545 2425
1545 3214
1545 3443
1545 3813
1546 2561
1546 3722
1547 1878
1548 1760
1548 1815
1548 2030
1549 2504
1549 2511
1549 2876
1550 2372
1550 3398
1550 3604
1551 1663
1551 3094
1552 3172
1553 1988
1553 2427
1553 3600
1553 3874
1554 2679
1554 2834
1554 2926
1555 2497
1555 2620
1555 3049
1555 3599
1556 1607
1556 1609
1556 1769
1556 1877
1556 2628
1556 3790
1556 3848
1557 2464
1558 1665
1558 1669
1558 2373
1558 2642
1558 2725
1559 2714
1560 1695
1560 3012
1560 3414
1561 2260
1561 2962
1562 1786
1562 2083
1562 3190
1563 1725
1563 2214
1563 2714
1563 3543
1563 3641
1564 2572
1565 1675
1565 2809
1565 3152
1565 3412
1566 1740
1566 1744
1566 2264
1566 2852
1566 3831
1567 1967
1567 2056
1567 2407
1567 3643
1567 3912
1568 2318
1568 2947
1568 3843
1569 2910
1570 2200
1570 3069
1571 3197
1571 3604
1572 2960
1573 1701
1573 2366
1574 2547
1574 2718
1574 2892
1574 2919
1574 3530
1575 2096
1575 3617
1576 3626
1577 2246
1577 2950
1577 3353
1577 3651
1578 3426
1578 3836
1580 1621
1580 2440
1580 3387
1581 2571
1581 2924
1581 3483
1582 1747
1582 1973
1582 2469
1582 3387
1582 3593
1583 2077
1584 3540
1584 3853
1585 2585
1585 2919
1586 1845
1586 2021
1586 2213
1586 3844
1587 2023
1587 2194
1587 2881
1588 2559
1590 1672
1590 1802
1592 1696
1592 2619
1592 2808
1592 3637
1593 2426
1593 3623
1593 3738
1594 1618
1594 2050
1594 2483
1594 2621
1596 1965
1596 3961
1597 1746
1597 2900
1597 2929
1598 3228
1598 3553
1598 3641
1599 2171
1599 2481
1599 3418
1599 3572
1599 3707
1599 3991
1600 3563
1600 3796
1601 1864
1601 2453
1601 3066
1601 3257
1602 2207
1602 2572
1602 3238
1602 3242
1603 1620
1603 2227
1603 2782
1603 2893
1603 2971
1604 2349
1604 3948
1606 2381
1607 1682
1607 1897
1607 2802
1607 3172
1607 3272
1608 1955
1609 1889
1609 2556
1609 2596
1609 3878
1610 2568
1610 3345
1610 3735
1611 1635
1611 2513
1611 2786
1612 2295
1612 2371
1612 2895
1612 3077
1613 3036
1613 3597
1613 3748
1614 3459
1615 1851
1615 2116
1615 3119
1615 3749
1616 3009
1616 3956
1617 1861
1617 2957
1618 3824
1618 3973
1619 1657
1620 1863
1620 2240
1621 1669
1621 2867
1621 3023
1622 1708
1623 2054
1623 2924
1624 3215
1625 2203
1625 2660
1625 2727
1625 3549
1625 3774
1625 3991
1625 3995
1626 3012
1626 3510
1626 3971
1627 1893
1627 3785
1628 3124
1629 3991
1630 3477
1631 1660
1631 2791
1631 2809
1631 3055
1631 3818
1632 1684
1632 2328
1634 2781
1634 3048
1635 3514
1636 2801
1637 2962
1638 2277
1638 2948
1639 2457
1639 3491
1640 2917
1640 3719
1641 1867
1641 2728
1641 2826
1642 2601
1642 3002
1642 3715
1642 3780
1643 2304
1643 2638
1643 3102
1643 3211
1643 3345
1643 3948
1644 1976
1644 1981
1644 2503
1644 3000
1644 3808
1644 3856
1645 1732
1645 2420
1645 2824
1646 1948
1646 2274
1646 3924
1647 2651
1648 2390
1648 2447
1648 3822
1649 1720
1650 3780
1651 2355
1651 2663
1651 2818
1651 3283
1652 2319
1652 2568
1652 3417
1654 2327
1654 3882
1655 2313
1656 2633
1656 3066
1656 3163
1656 3312
1657 3411
1658 1742
1658 2706
1658 2909
1658 3266
1658 3289
1659 1839
1659 2107
1659 3385
1659 3636
1659 3988
1660 1710
1660 1719
1660 1795
1660 1877
1660 1929
1660 2727
1660 3331
1660 3637
1661 2824
1662 1912
1662 2542
1662 2814
1663 1717
1663 1737
1663 3194
1663 3864
1664 2804
1664 3647
1665 2187
1665 2527
1665 3043
1665 3147
1665 3948
1666 3317
1667 2028
1667 3063
1668 2576
1668 3279
1669 3976
1670 3318
1670 3829
1671 1700
1671 1723
1671 3084
1671 3730
1672 2400
1672 2617
1672 3347
1673 2989
1673 3662
1673 3791
1673 3819
1673 3959
1676 3788
1677 2568
1677 2975
1678 1771
1678 2556
1678 2615
1678 2739
1678 3912
1679 2780
1679 3258
1680 2236
1680 2247
1680 3837
1681 2205
1681 3179
1682 1812
1682 2073
1682 3284
1683 2105
1683 2359
1683 2624
1683 3518
1683 3878
1683 3965
1684 2227
1684 3042
1684 3282
1685 1740
1685 2116
1685 3202
1686 2143
1686 2434
1686 2930
1687 2839
1689 2063
1689 2324
1690 2720
1690 2928
1690 3193
1690 3293
1690 3883
1691 2946
1691 3877
1692 1810
1692 2371
1692 2711
1693 2804
1694 2881
1694 3263
1694 3878
1697 3590
1698 2588
1698 3911
1698 3927
1699 1991
1699 2365
1699 2703
1699 2704
1699 3549
1700 1970
1700 2974
1701 3381
1701 3728
1702 1986
1702 2153
1702 2728
1702 3387
1703 1749
1703 2146
1704 1798
1704 1838
1704 3511
1705 2654
1706 2121
1706 2518
1706 3984
1707 1735
1707 3858
1708 2915
1708 3654
1709 2231
1709 2444
1709 2763
1709 2887
1709 2979
1709 3992
1710 3097
1710 3459
1712 3043
1712 3158
1713 2661
1713 2698
1715 1881
1715 3790
1715 3832
1716 2536
1716 2687
1716 2733
1716 2984
1716 3458
1716 3525
1717 2198
1717 2270
1717 2285
1717 3184
1718 2035
1718 2904
1718 3518
1719 2402
1719 3674
1719 3970
1720 1931
1720 2674
1720 2967
1721 2105
1721 3151
1722 1909
1722 2089
1723 3443
1723 3541
1724 2241
1725 1784
1725 2214
1725 2358
1725 2541
1725 3975
1726 2718
1726 3389
1726 3656
1727 2713
1727 3324
1728 1967
1728 2753
1728 3405
1729 2511
1729 2555
1730 3244
1731 2846
1731 3329
1732 1795
1732 2888
1732 3916
1733 1745
1733 3271
1733 3659
1733 3782
1734 2395
1734 2668
1734 3279
1734 3702
1735 2294
1735 2443
1735 2518
1735 2524
1735 2999
1735 3639
1736 2706
1736 3265
1736 3304
1737 2281
1737 3432
1737 3828
1737 3989
1738 2287
1738 2809
1739 2507
1739 2624
1741 1912
1741 3187
1741 3653
1741 3750
1742 1840
1742 3018
1742 3159
1742 3350
1743 2202
1743 3852
1744 3626
1744 3948
1745 1877
1745 2181
1745 3104
1745 3532
1745 3651
1746 1955
1746 2374
1746 3045
1746 3576
1748 2523
1748 2592
1748 3879
1749 3352
1749 3759
1750 1986
1750 2146
1753 1873
1753 2144
1753 2285
1753 3305
1753 3725
1753 3754
1755 2292
1755 2339
1755 2814
1756 1856
1756 2868
1757 1789
1757 2870
1758 2031
1759 1934
1760 2338
1760 2538
1760 3219
1760 3706
1760 3851
1761 2422
1761 2867
1761 3412
1761 3551
1761 3773
1762 2173
1762 3271
1762 3568
1763 2312
1763 2810
1763 3068
1763 3886
1764 3717
1764 3919
1765 3212
1765 3334
1765 3448
1765 3716
1766 2849
1767 1891
1767 2328
1767 3718
1768 2202
1768 3812
1769 1800
1769 2832
1770 1823
1770 1856
1771 1874
1771 2896
1772 3490
1772 3579
1773 2615
1773 2699
1773 3798
1774 3903
1775 1916
1775 2284
1776 1938
1776 2263
1776 2352
1776 2827
1776 3410
1776 3855
1777 2137
1777 2204
1777 2856
1778 3438
1779 2768
1779 2776
1779 3365
1780 1907
1780 2001
1780 3483
1780 3832
1781 2673
1781 3642
1782 3614
1782 3935
1783 2580
1783 3117
1783 3196
1784 3651
1785 3562
1785 3583
1785 3711
1785 3767
1786 3731
1787 1902
1787 2085
1787 2118
1787 2630
1787 2853
1787 3799
1787 3986
1788 1828
1788 3607
1789 2254
1789 2999
1789 3002
1789 3060
1790 1791
1791 2345
1793 1992
1793 2447
1793 2579
1793 3161
1793 3274
1793 3299
1794 1820
1794 2737
1794 2933
1794 3121
1794 3429
1794 3709
1795 1870
1795 2846
1796 2103
1796 2123
1796 2629
1796 3535
1796 3539
1796 3742
1797 3393
1798 2731
1799 1870
1799 3211
1801 2546
1802 1997
1802 2079
1803 2141
1803 2162
1804 3451
1804 3837
1804 3999
1805 3042
1806 3769
1807 2617
1807 3405
1808 1895
1808 2221
1809 3937
1810 2476
1810 2995
1810 3121
1811 2239
1811 2638
1811 2653
1813 2578
1814 1934
1814 2118
1814 3270
1815 2146
1815 2506
1815 3276
1816 3242
1816 3824
1817 2437
1817 3128
1817 3722
1817 3967
1818 1911
1818 2677
1820 2197
1820 3148
1820 3798
1821 2099
1821 2369
1821 2770
1821 3058
1822 1928
1822 3672
1822 3815
1823 2911
1823 3247
1823 3293
1824 2449
1824 3290
1825 2137
1825 2978
1825 3572
1825 3735
1825 3907
1825 3950
1826 2982
1826 3711
1827 2414
1827 3064
1827 3795
1828 2961
1828 3239
1828 3375
1829 2451
1829 2537
1829 3582
1829 3602
1830 3802
1831 2280
1831 2413
1831 2953
1831 3358
1831 3441
1832 3095
1832 3199
1832 3966
1833 2337
1835 3031
1836 1959
1836 3196
1836 3620
1837 2335
1839 2143
1840 3538
1840 3681
1841 2680
1841 3137
1841 3606
1841 3922
1842 2540
1843 2621
1844 2037
1844 3017
1846 1994
1846 2174
1846 2999
1847 1919
1847 3443
1847 3951
1848 2998
1848 3035
1848 3336
1848 3464
1848 3649
1849 2534
1850 3712
1851 2070
1851 2309
1851 3162
1851 3322
1851 3773
1852 2241
1852 2407
1852 2683
1852 2865
1853 3494
1854 2456
1854 2796
1855 3544
1855 3674
1855 3888
1856 2633
1856 2779
1856 2926
1856 3842
1857 2757
1857 3870
1858 3798
1858 3810
1860 2591
1860 2724
1860 2970
1860 3137
1860 3303
1860 3916
1861 2121
1861 2410
1861 2923
1862 2373
1862 2722
1862 2754
1862 3318
1863 2369
1864 2734
1864 2866
1866 2998
1867 3120
1868 3069
1868 3259
1868 3457
1868 3995
1869 3471
1869 3910
1871 2345
1871 2870
1872 3290
1872 3840
1873 1989
1873 2001
1874 2199
1874 3386
1874 3634
1875 2441
1875 3263
1875 3333
1875 3462
1876 1890
1877 3677
1878 1938
1879 3160
1879 3348
1879 3678
1880 2311
1880 3303
1881 1953
1882 3209
1883 2749
1883 2810
1885 2198
1885 2961
1886 2114
1886 2565
1886 2673
1886 3488
1886 3584
1886 3736
1887 2288
1887 2732
1887 2977
1887 3521
1888 2862
1888 2983
1888 3462
1889 3161
1890 2215
1891 2555
1891 2682
1891 3433
1892 2044
1892 2200
1892 2289
1893 3542
1894 2551
1894 2638
1895 1960
1895 3068
1896 3521
1896 3748
1897 3342
1897 3607
1898 2668
1898 2674
1898 3305
1898 3854
1899 2812
1900 3089
1902 3238
1902 3339
1903 3272
1903 3537
1904 1909
1904 3606
1904 3915
1906 1936
1906 1956
1906 1981
1906 2594
1906 2989
1906 3331
1906 3789
1906 3962
1907 3179
1908 3830
1909 2402
1909 3146
1910 3637
1911 3041
1911 3554
1912 3061
1912 3750
1913 3215
1913 3237
1913 3367
1913 3397
1913 3494
1913 3971
1914 2297
1914 2313
1914 2774
1914 3813
1915 2026
1915 2551
1917 2569
1918 2261
1918 3187
1919 2143
1920 2940
1920 3761
1920 3961
1921 2562
1921 3333
1921 3819
1922 3264
1925 2129
1925 2309
1925 2863
1925 3638
1927 3351
1928 3713
1929 2028
1929 2063
1929 2697
1929 3511
1929 3653
1930 2168
1930 2363
1930 2485
1930 3880
1931 2275
1931 2409
1933 2265
1934 1947
1934 3094
1934 3254
1934 3961
1935 1967
1935 2901
1936 2005
1936 2915
1937 3083
1937 3105
1937 3784
1938 3628
1939 2280
1939 3623
1940 2005
1941 3099
1942 2619
1943 3476
1944 2896
1946 2447
1947 2847
1947 2978
1947 3356
1947 3679
1948 3460
1949 1999
1949 2315
1950 2043
1950 2564
1950 2690
1950 2769
1951 2370
1952 3568
1952 3896
1952 3991
1953 2747
1953 3158
1953 3386
1954 2315
1955 3028
1955 3620
1955 3798
1956 2623
1956 2895
1956 3212
1957 2857
1957 2868
1957 3297
1958 3143
1958 3889
1959 2095
1959 3861
1960 3867
1962 2697
1964 2027
1964 2560
1965 3126
1966 2479
1966 3021
1966 3168
1967 2347
1967 3728
1968 2858
1968 3100
1968 3260
1969 2095
1969 2403
1970 2382
1970 2658
1971 2170
1971 2649
1972 3032
1972 3244
1972 3619
1973 1975
1973 2159
1973 3034
1973 3563
1975 2035
1976 2779
1976 3040
1976 3069
1977 2355
1977 3012
1977 3159
1977 3583
1978 3059
1979 3331
1980 3940
1981 2452
1981 2506
1981 3730
1982 2865
1982 2890
1982 3883
1983 2883
1985 2946
1986 3845
1986 3875
1986 3911
1987 2280
1987 2402
1987 3830
1988 2373
1988 3219
1988 3312
1988 3374
1988 3405
1988 3969
1989 2050
1989 2531
1990 3235
1990 3777
1991 3865
1992 2105
1992 2435
1992 3806
1993 3052
1993 3222
1993 3529
1995 2774
1995 2814
1995 3614
1997 2707
1999 3231
2000 2029
2000 2570
2001 2211
2001 2969
2002 2446
2003 2913
2003 3325
2003 3751
2004 2349
2004 2964
2004 3124
2005 2215
2005 2294
2007 2280
2008 2206
2008 2236
2008 2696
2008 3448
2008 3996
2010 3095
2011 2548
2011 2585
2011 3007
2011 3582
2011 3643
2011 3911
2013 3180
2014 2476
2014 2528
2014 2742
2014 3326
2015 2654
2015 3256
2016 2391
2016 2996
2016 3017
2016 3277
2018 3164
2018 3475
2019 2578
2020 2881
2020 2899
2020 3140
2021 2868
2021 3637
2022 2913
2022 3027
2023 2140
2023 3940
2024 3734
2025 3855
2026 3349
2027 2699
2027 3277
2028 2785
2028 2794
2028 3223
2029 3421
2029 3747
2030 3983
2031 2929
2031 2944
2031 3883
2032 2774
2032 2778
2032 3730
2033 3726
2034 2799
2034 3489
2034 3923
2035 2075
2035 2693
2036 2199
2036 2542
2036 2557
2036 2585
2036 2697
2036 2766
2036 2963
2036 3090
2039 2150
2039 3128
2040 2478
2040 2628
2040 2773
2041 2333
2041 2467
2041 2618
2041 3033
2041 3611
2041 3874
2042 2608
2043 2210
2043 2447
2043 3114
2044 2046
2044 2359
2044 2568
2044 3021
2044 3649
2045 2137
2045 2247
2045 2763
2045 3133
2045 3142
2047 2389
2047 2473
2048 2235
2048 2526
2048 3038
2048 3451
2048 3603
2048 3710
2050 3624
2050 3783
2051 2311
2051 3598
2051 3708
2051 3961
2052 2546
2052 3613
2053 2238
2054 3265
2055 2148
2055 2511
2055 2652
2056 3678
2057 3378
2058 3317
2059 3254
2059 3634
2060 2772
2060 2782
2060 3300
2062 2152
2062 2873
2062 3170
2062 3490
2062 3824
2063 3510
2063 3795
2064 2713
2065 3176
2066 3436
2066 3751
2066 3854
2067 2258
2067 2831
2067 2989
2068 2984
2068 3428
2069 2500
2069 2572
2070 2481
2070 3224
2071 3443
2073 3198
2073 3993
2074 2983
2075 2286
2076 2195
2076 2601
2076 3147
2077 2495
2078 2336
2079 2512
2079 2874
2079 2922
2080 2664
2080 3044
2081 3976
2082 3363
2083 2427
2084 3055
2084 3239
2084 3278
2085 2624
2085 2718
2086 2370
2086 2926
2086 3865
2087 2586
2087 3787
2087 3894
2088 2123
2088 3901
2090 2152
2090 3229
2091 2930
2093 2670
2093 3870
2094 2383
2094 2452
2095 2295
2095 3590
2096 2855
2096 3200
2096 3920
2097 2765
2097 2780
2098 3437
2100 3438
2101 2817
2101 3050
2102 3083
2102 3551
2102 3555
2102 3610
2102 3724
2103 2249
2103 2768
2105 3167
2106 2710
2106 2742
2106 2831
2107 2228
2108 3927
2109 3597
2109 3797
2110 2118
2110 3982
2111 2551
2111 3014
2111 3488
2111 3716
2112 3483
2113 3014
2113 3096
2114 2214
2115 3865
2116 2549
2117 2865
2118 2182
2118 2253
2118 2307
2118 2812
2120 2406
2120 2435
2121 3248
2121 3607
2122 2916
2122 3056
2122 3269
2122 3556
2122 3795
2122 3890
2123 3151
2123 3493
2123 3684
2123 3978
2125 2319
2125 2891
2126 2752
2126 3453
2127 3743
2128 2665
2128 2985
2129 3951
2129 3967
2130 2185
2131 2648
2131 3002
2132 2606
2132 3853
2133 2331
2134 2269
2134 3686
2135 3753
2137 3961
2138 2972
2138 3532
2138 3875
2139 2236
2139 2621
2139 3169
2139 3171
2139 3381
2141 2312
2141 3894
2142 2510
2142 2801
2142 3018
2142 3838
2143 3248
2145 3643
2146 2949
2146 3959
2147 2417
2147 2667
2147 2688
2147 2713
2147 2723
2147 3784
2148 3469
2149 3340
2149 3346
2151 2260
2151 2533
2151 2926
2151 2945
2151 2969
2152 2419
2154 3178
2154 3643
2154 3978
2155 2464
2155 3213
2155 3587
2155 3633
2156 2998
2156 3228
2157 3156
2158 2169
2158 3380
2158 3682
2159 3590
2160 3338
2161 2543
2161 3681
2162 2543
2163 2198
2163 3729
2164 3013
2165 3540
2166 2694
2166 2774
2167 3412
2168 2607
2168 2670
2169 2321
2169 2989
2170 2775
2173 2548
2173 3287
2174 3239
2175 3440
2175 3590
2176 2267
2176 2940
2176 3164
2177 2532
2178 2720
2178 3041
2178 3457
2179 2322
2179 2940
2179 3575
2180 3051
2180 3632
2180 3865
2181 3020
2181 3700
2181 3747
2182 2415
2182 2451
2182 2693
2184 2395
2184 3539
2184 3943
2185 2547
2186 2337
2187 3766
2188 2406
2188 2527
2188 3774
2189 3139
2189 3186
2190 2829
2190 3785
2191 2979
2191 3479
2192 2842
2192 3282
2192 3635
2193 3356
2193 3551
2193 3671
2193 3844
2194 3035
2194 3518
2195 2766
2196 3580
2197 3015
2199 3220
2199 3232
2199 3309
2199 3609
2200 3978
2201 2835
2201 2863
2201 3048
2201 3496
2202 3262
2203 2911
2204 2455
2205 3306
2205 3982
2206 3249
2206 3710
2207 3387
2209 2397
2209 3388
2209 3439
2211 2354
2211 3185
2211 3270
2211 3643
2212 2340
2213 2448
2213 3282
2213 3929
2214 2580
2214 3789
2215 2862
2215 3472
2216 2784
2217 2470
2217 3403
2217 3597
2218 3466
2218 3861
2220 2594
2220 2629
2220 3185
2220 3585
2220 3840
2221 2386
2222 2372
2222 3490
2223 2922
2224 3489
2225 2258
2225 2569
2225 3000
2226 3567
2227 2813
2228 2830
2229 2890
2229 3841
2230 2345
2230 2910
2230 3219
2231 2598
2231 2871
2231 3470
2232 3663
2233 3078
2233 3086
2234 2378
2234 3165
2234 3233
2234 3544
2235 2403
2235 3266
2235 3490
2236 2752
2236 2986
2237 3265
2238 2739
2238 3615
2238 3630
2240 2702
2241 2648
2241 3303
2242 2535
2242 2677
2242 3579
2242 3958
2243 3607
2243 3790
2243 3924
2244 2579
2244 3235
2245 2473
2245 3663
2245 3713
2247 2321
2247 3846
2248 3543
2249 2911
2249 2921
2250 2636
2250 3718
2251 2343
2251 3645
2252 2510
2252 2854
2252 3576
2253 2361
2253 2797
2253 3345
2253 3480
2254 2906
2254 3040
2255 2741
2256 2558
2256 2665
2256 3120
2256 3647
2257 2955
2257 3398
2257 3673
2258 3310
2258 3979
2259 3231
2260 3287
2260 3661
2260 3946
2261 3810
2261 3820
2262 2722
2262 2864
2262 3504
2263 2584
2263 3120
2263 3211
2264 2581
2264 2958
2264 3630
2265 2688
2265 3404
2265 3934
2266 3010
2266 3840
2267 3853
2268 3292
2269 3556
2271 3590
2272 2886
2273 3782
2274 2788
2274 2939
2274 3066
2275 2788
2275 3151
2275 3179
2275 3870
2276 3335
2277 3256
2277 3329
2278 3818
2281 2447
2282 2933
2283 2319
2283 2510
2283 3859
2283 3956
2284 2719
2285 3409
2285 3902
2288 2296
2288 3226
2289 3423
2290 2475
2290 2542
2291 2774
2291 3749
2292 3675
2293 3151
2293 3158
2294 3808
2295 2741
2296 2504
2296 3744
2297 3219
2298 2449
2298 2888
2300 3500
2301 2773
2304 3784
2305 3156
2305 3653
2306 3249
2306 3803
2307 2356
2307 3705
2308 2532
2308 2733
2308 3289
2308 3479
2309 3053
2309 3260
2309 3560
2309 3776
2310 2547
2310 2958
2311 3335
2312 2725
2312 3644
2313 2876
2314 2978
2315 2785
2315 2835
2317 2829
2317 3580
2317 3760
2317 3975
2318 3721
2319 2752
2319 3144
2320 3844
2321 2737
2321 3466
2323 2398
2323 2939
2325 2823
2325 3744
2326 2422
2326 2988
2326 2990
2326 3632
2327 2537
2327 3139
2327 3634
2328 2871
2328 3913
2329 2649
2330 3097
2330 3616
2330 3634
2331 2508
2332 3234
2333 3550
2334 2549
2334 2850
2334 3564
2335 2536
2335 2707
2336 3083
2336 3259
2338 3150
2338 3264
2339 2767
2339 3095
2340 2411
2340 2891
2341 3449
2342 2825
2342 3224
2342 3837
2343 3755
2344 2442
2346 3534
2347 2513
2347 2565
2347 3055
2348 3113
2348 3578
2349 2627
2349 3712
2350 3468
2350 3717
2351 2369
2351 2374
2351 2470
2351 2682
2351 3428
2352 2993
2353 2570
2353 3476
2354 2437
2354 2881
2355 3531
2357 2562
2358 2796
2359 2409
2360 2950
2361 2442
2361 2585
2361 3019
2361 3022
2361 3488
2362 2476
2362 2925
2362 3557
2363 2480
2363 3171
2363 3370
2364 2410
2364 2446
2364 3389
2364 3642
2365 2393
2365 2568
2366 3881
2367 2492
2368 3356
2371 3432
2371 3569
2371 3866
2372 2461
2372 2784
2372 3355
2372 3843
2373 3017
2373 3447
2373 3932
2374 2938
2374 3404
2374 3532
2378 2691
2378 3083
2378 3836
2379 2605
2379 3664
2380 3470
2380 3752
2380 3907
2381 2741
2381 3369
2381 3731
2382 2823
2382 3887
2385 3037
2387 3633
2387 3671
2389 3428
2389 3448
2391 2811
2391 2891
2391 3786
2392 3401
2392 3466
2393 2684
2393 3065
2394 2960
2394 3137
2398 2905
2398 3519
2399 3004
2399 3896
2400 2576
2400 3737
2402 3435
2403 2428
2403 3078
2404 2941
2404 3438
2405 2617
2405 2877
2406 3070
2406 3232
2406 3370
2406 3842
2407 2503
2407 2849
2409 3006
2409 3108
2410 3356
2411 3103
2412 3970
2413 2918
2414 2986
2414 3049
2414 3779
2415 3246
2416 2955
2416 3513
2416 3742
2417 3145
2417 3918
2420 2538
2422 2626
2422 2838
2422 3169
2423 2788
2423 3658
2424 2889
2424 3657
2424 3780
2426 3579
2427 2777
2428 2489
2428 3013
2429 3175
2429 3870
2431 2679
2431 3465
2432 3218
2433 3363
2434 2866
2435 2750
2435 3055
2436 3434
2436 3448
2437 3557
2437 3589
2438 3727
2439 3658
2440 3318
2440 3475
2440 3890
2441 2739
2441 3383
2442 3454
2442 3484
2443 2662
2443 2968
2443 3538
2443 3802
2444 2906
2444 3378
2444 3712
2444 3718
2445 2592
2445 2781
2445 2975
2446 3103
2446 3638
2447 3884
2449 3884
2451 3274
2451 3473
2452 2842
2452 3699
2453 2615
2456 2666
2456 3273
2458 3929
2459 2850
2459 3250
2459 3552
2459 3670
2460 3465
2460 3673
2460 3798
2461 3377
2463 3325
2464 3014
2464 3709
2465 2972
2466 2701
2466 3220
2467 2482
2468 2834
2468 2888
2469 3874
2470 2655
2471 2616
2472 2486
2473 3030
2473 3039
2474 2764
2474 2918
2474 2968
2474 3289
2474 3828
2475 3528
2475 3896
2476 2967
2478 2568
2478 2730
2478 3853
2479 2970
2480 3384
2482 3409
2483 3536
2484 3007
2484 3260
2484 3929
2485 2704
2485 3670
2486 2523
2486 3183
2486 3229
2486 3259
2487 2600
2487 2828
2488 2927
2488 3405
2488 3426
2489 3370
2490 2839
2490 3127
2491 3944
2492 2543
2492 2941
2492 3332
2492 3697
2494 2935
2495 2808
2496 3696
2496 3761
2497 2521
2497 2525
2497 3341
2498 3260
2498 3375
2498 3537
2499 3455
2501 3088
2502 2885
2502 3187
2502 3302
2502 3332
2504 2781
2504 3803
2504 3899
2505 3116
2505 3159
2505 3307
2506 2696
2506 2966
2506 2985
2506 3285
2506 3736
2506 3926
2508 3007
2508 3524
2509 3792
2510 2981
2510 3490
2511 3084
2513 3902
2514 3186
2515 2681
2515 3108
2515 3516
2516 2533
2516 2711
2517 3063
2517 3876
2517 3911
2518 3113
2518 3121
2518 3423
2518 3438
2518 3810
2519 2707
2519 2864
2519 3576
2520 2661
2520 2896
2520 2996
2520 3567
2521 2800
2521 3166
2522 3324
2524 3412
2525 2792
2526 3990
2527 3490
2527 3794
2527 3909
2528 3261
2529 3235
2532 3254
2532 3309
2532 3345
2532 3640
2533 2734
2534 2698
2534 3492
2535 2552
2535 3453
2535 3843
2536 3655
2536 3961
2537 3546
2539 2961
2539 3322
2541 3938
2542 3005
2543 3149
2543 3439
2543 3684
2544 3245
2545 3979
2547 3939
2548 3058
2548 3122
2549 2999
2549 3366
2549 3751
2551 2791
2552 3164
2553 3368
2554 3612
2555 2716
2555 3492
2557 3206
2557 3882
2559 3733
2560 3265
2561 3330
2561 3551
2564 2637
2564 3092
2565 2935
2565 2987
2565 3543
2565 3588
2567 3525
2568 3861
2569 3562
2570 3196
2572 2622
2572 3473
2573 2641
2573 2928
2574 3813
2576 3316
2576 3733
2577 3025
2579 3250
2579 3965
2580 2925
2581 3870
2582 3549
2583 2958
2583 3559
2584 3155
2584 3516
2585 2769
2586 2738
2586 3332
2586 3603
2586 3724
2587 3494
2588 2856
2589 2775
2590 3675
2591 2645
2591 3500
2592 3664
2593 3390
2593 3405
2595 3419
2595 3901
2596 3436
2597 2754
2598 3921
2599 3454
2600 3253
2600 3852
2601 3511
2603 2958
2604 2858
2604 2943
2604 3064
2605 3151
2605 3693
2607 3321
2608 3540
2608 3666
2609 2947
2610 3121
2610 3437
2610 3744
2611 3059
2612 3851
2614 3051
2615 2671
2615 2903
2616 2857
2616 3263
2619 2749
2619 3426
2619 3456
2621 3926
2622 3140
2622 3193
2623 2724
2623 3011
2623 3623
2624 3343
2625 2641
2625 3186
2625 3385
2626 2747
2626 3385
2626 3628
2628 2887
2629 3577
2630 3205
2630 3616
2630 3746
2630 3937
2631 2689
2631 3850
2631 3928
2636 3239
2636 3987
2639 2834
2639 2982
2639 3256
2640 3972
2641 3102
2641 3536
2641 3805
2643 2751
2645 3280
2645 3778
2645 3794
2646 3039
2646 3558
2646 3640
2646 3663
2648 2821
2649 2898
2649 3160
2650 3823
2652 2942
2652 3825
2653 3989
2654 2991
2654 3455
2654 3624
2654 3818
2658 3523
2658 3670
2661 3647
2662 3905
2662 3983
2663 3564
2664 3777
2665 3005
2666 2864
2666 3314
2667 2668
2667 3612
2668 2768
2668 2897
2669 2903
2669 3996
2670 2796
2670 3382
2670 3685
2671 3655
2673 2811
2673 3414
2673 3737
2674 3773
2674 3795
2675 2912
2677 2966
2677 3668
2680 2715
2680 2906
2681 3053
2681 3069
2682 2932
2682 2995
2682 3131
2682 3174
2682 3653
2684 2974
2684 2992
2685 2855
2685 3580
2686 3065
2687 2777
2688 2782
2688 2946
2688 2972
2688 3349
2688 3840
2689 2718
2689 3066
2690 3210
2690 3978
2691 3156
2692 3660
2693 3013
2694 3020
2696 3096
2696 3412
2696 3427
2697 2867
2697 3359
2699 3272
2700 2736
2700 3582
2700 3914
2701 2912
2701 3939
2702 3098
2702 3858
2703 3154
2703 3802
2703 3953
2703 3968
2704 3199
2706 3056
2706 3074
2706 3249
2707 2741
2707 3780
2707 3966
2707 3984
2709 3586
2710 2739
2711 3142
2712 3626
2714 3050
2714 3328
2715 2761
2715 3742
2716 2910
2716 2919
2716 3612
2717 3002
2717 3293
2718 3287
2719 3584
2723 3179
2723 3366
2723 3723
2724 3581
2725 3024
2727 3432
2728 2969
2729 2742
2729 3540
2730 3298
2731 3255
2731 3910
2732 2955
2732 3893
2733 3575
2733 3987
2735 3727
2735 3822
2735 3886
2736 3395
2737 3230
2737 3681
2738 3093
2738 3293
2738 3637
2739 3756
2741 2920
2741 3205
2742 3313
2743 3496
2744 3963
2745 2806
2745 3706
2745 3860
2746 2852
2746 2904
2748 3070
2748 3518
2749 2812
2749 3083
2749 3539
2749 3782
2750 2784
2750 2994
2751 3005
2751 3009
2751 3101
2751 3764
2752 3554
2753 2960
2753 3590
2758 3084
2758 3737
2759 3424
2759 3559
2759 3836
2764 3183
2764 3713
2764 3778
2765 2929
2766 3654
2767 3531
2768 2887
2768 3484
2769 3440
2770 3447
2772 3450
2773 2993
2773 3248
2773 3934
2774 3531
2777 3817
2778 2917
2778 2939
2779 3959
2780 3918
2782 3160
2782 3890
2784 3223
2785 3120
2785 3609
2786 3151
2787 3084
2787 3182
2788 3552
2788 3908
2790 3465
2790 3567
2791 3369
2792 3029
2792 3223
2794 2937
2794 3897
2795 3841
2797 3971
2798 3235
2801 2868
2801 3052
2801 3212
2801 3968
2802 3362
2804 3074
2804 3089
2804 3663
2805 3315
2806 3285
2808 3403
2808 3901
2809 3172
2810 3188
2810 3432
2810 3603
2810 3670
2810 3914
2811 3654
2812 3058
2812 3292
2812 3483
2813 3269
2813 3919
2814 3448
2814 3479
2815 3310
2816 3403
2817 3757
2818 2916
2819 3772
2819 3785
2820 3537
2820 3585
2820 3944
2821 3554
2822 3085
2824 3190
2824 3465
2824 3799
2825 3080
2825 3244
2826 3170
2826 3415
2828 3103
2828 3483
2830 3438
2830 3518
2830 3631
2831 3794
2832 3039
2832 3582
2832 3671
2833 2892
2833 2970
2833 3049
2834 3697
2835 2903
2835 3339
2836 3253
2836 3411
2836 3548
2837 3397
2837 3912
2838 3369
2840 3676
2840 3733
2844 2965
2845 3066
2846 2849
2848 2858
2848 3385
2849 3977
2850 3649
2850 3732
2850 3813
2853 3447
2854 3098
2854 3331
2854 3904
2855 3548
2857 3247
2858 3250
2860 3404
2862 3058
2862 3385
2863 2911
2863 3975
2864 3249
2864 3772
2865 3231
2865 3356
2866 3670
2866 3834
2867 3028
2867 3435
2867 3914
2868 3051
2871 3899
2872 3257
2872 3331
2872 3468
2873 2898
2874 3447
2876 2975
2876 3192
2877 3355
2878 3670
2881 3994
2882 3934
2883 3306
2885 3985
2886 2977
2886 3672
2888 2920
2888 3897
2892 3284
2894 3947
2895 3092
2895 3323
2895 3401
2895 3564
2895 3818
2897 3262
2897 3434
2898 3053
2898 3215
2899 3091
2900 3271
2900 3600
2901 3056
2901 3098
2902 2987
2902 3817
2903 3731
2904 3484
2904 3563
2905 3995
2906 3005
2910 3278
2910 3925
2912 3076
2912 3844
2913 3357
2914 3138
2914 3724
2918 3046
2919 3100
2919 3864
2921 3009
2921 3409
2922 3733
2923 3606
2924 3251
2924 3683
2924 3908
2925 3037
2925 3251
2926 3940
2926 3951
2927 3425
2927 3839
2928 3544
2928 3631
2929 3745
2929 3911
2932 3696
2934 3643
2935 2978
2935 3795
2936 3167
2938 3869
2939 3701
2940 3609
2940 3911
2941 3223
2941 3415
2942 3239
2942 3882
2943 3682
2945 3393
2946 3988
2947 3899
2949 3104
2949 3534
2950 3757
2950 3971
2951 3227
2951 3727
2952 3637
2953 3045
2954 3017
2954 3137
2954 3940
2957 3039
2958 3650
2959 3486
2959 3525
2959 3732
2960 3171
2960 3557
2962 3384
2962 3544
2962 3976
2963 3694
2963 3712
2964 3238
2965 3225
2966 3838
2967 3302
2969 3828
2970 3042
2971 3353
2971 3565
2972 3035
2972 3100
2972 3804
2974 3496
2974 3923
2976 3040
2976 3801
2976 3928
2977 3567
2980 3070
2980 3525
2980 3571
2980 3801
2984 3684
2985 3098
2985 3514
2985 3665
2987 3530
2988 3211
2989 3687
2989 3999
2990 3509
2990 3760
2991 3588
2993 3296
2993 3994
2994 3720
2994 3847
2995 3601
2997 3240
2997 3825
2998 3533
3001 3345
3002 3630
3003 3405
3006 3515
3007 3264
3008 3943
3009 3195
3009 3876
3011 3585
3012 3165
3013 3527
3013 3643
3015 3611
3015 3721
3017 3766
3018 3852
3018 3875
3019 3021
3019 3293
3021 3693
3021 3703
3022 3874
3024 3360
3025 3856
3026 3380
3027 3819
3027 3960
3028 3334
3029 3538
3029 3731
3029 3788
3030 3745
3030 3984
3031 3760
3033 3401
3033 3608
3033 3790
3034 3057
3034 3076
3034 3354
3034 3429
3034 3997
3036 3522
3038 3937
3039 3376
3042 3617
3042 3968
3044 3774
3045 3770
3046 3242
3046 3267
3046 3861
3052 3271
3052 3313
3053 3279
3053 3958
3054 3707
3055 3856
3056 3247
3056 3603
3057 3959
3062 3242
3064 3191
3066 3579
3069 3210
3069 3213
3070 3448
3070 3875
3072 3192
3072 3433
3074 3708
3075 3121
3075 3165
3075 3184
3075 3627
3075 3746
3076 3136
3077 3082
3077 3205
3078 3184
3078 3678
3079 3433
3080 3303
3080 3754
3081 3160
3081 3885
3082 3700
3087 3509
3088 3331
3090 3756
3090 3890
3093 3197
3093 3748
3095 3098
3097 3762
3099 3571
3103 3229
3104 3497
3105 3669
3107 3581
3108 3154
3108 3798
3109 3218
3109 3644
3110 3766
3113 3392
3114 3527
3115 3135
3115 3318
3116 3247
3116 3389
3116 3392
3117 3822
3118 3229
3119 3778
3123 3778
3123 3946
3125 3285
3125 3504
3126 3179
3126 3471
3126 3696
3126 3955
3127 3833
3129 3464
3129 3529
3131 3339
3132 3603
3136 3983
3137 3695
3138 3918
3139 3309
3143 3439
3144 3803
3145 3459
3146 3720
3149 3357
3150 3268
3152 3524
3152 3763
3157 3545
3157 3991
3158 3619
3159 3290
3160 3936
3161 3820
3163 3660
3164 3462
3169 3385
3170 3301
3170 3553
3171 3277
3172 3522
3173 3386
3174 3253
3174 3558
3175 3249
3175 3592
3176 3234
3177 3178
3178 3372
3178 3692
3178 3838
3180 3786
3181 3237
3184 3410
3184 3977
3188 3649
3190 3241
3191 3314
3191 3699
3191 3938
3191 3946
3194 3233
3195 3360
3196 3258
3196 3388
3197 3658
3204 3959
3205 3224
3206 3917
3206 3981
3207 3329
3212 3954
3213 3596
3214 3333
3214 3705
3216 3450
3216 3451
3216 3758
3217 3451
3218 3329
3219 3329
3220 3645
3223 3301
3223 3672
3224 3669
3225 3628
3226 3537
3226 3938
3228 3318
3228 3861
3231 3422
3231 3482
3232 3578
3232 3782
3232 3902
3234 3716
3234 3890
3241 3429
3241 3433
3242 3513
3242 3519
3242 3847
3244 3736
3245 3460
3245 3975
3246 3819
3250 3418
3250 3503
3252 3971
3253 3633
3255 3316
3255 3398
3255 3799
3256 3382
3256 3791
3256 3905
3257 3637
3257 3814
3259 3532
3261 3519
3261 3568
3262 3915
3264 3603
3264 3882
3265 3876
3268 3801
3270 3615
3270 3760
3272 3607
3273 3294
3274 3351
3275 3990
3276 3329
3276 3646
3276 3720
3277 3451
3277 3634
3278 3861
3282 3638
3283 3305
3286 3967
3287 3594
3287 3837
3288 3571
3289 3690
3290 3573
3290 3975
3297 3580
3301 3760
3304 3348
3304 3396
3308 3920
3310 3764
3310 3873
3312 3487
3313 3810
3315 3974
3317 3603
3320 3439
3320 3507
3320 3680
3320 3890
3322 3696
3322 3840
3323 3951
3324 3328
3324 3657
3327 3502
3327 3587
3331 3412
3334 3403
3335 3786
3336 3542
3338 3887
3340 3522
3340 3568
3340 3771
3342 3567
3343 3567
3345 3740
3345 3949
3349 3886
3350 3828
3351 3720
3352 3369
3356 3442
3358 3447
3358 3755
3361 3402
3361 3566
3361 3589
3363 3770
3364 3576
3370 3409
3371 3846
3371 3868
3372 3436
3373 3900
3374 3487
3375 3485
3375 3920
3376 3492
3377 3791
3378 3835
3379 3909
3381 3523
3383 3711
3386 3548
3389 3401
3389 3838
3390 3683
3390 3704
3397 3602
3398 3587
3399 3617
3399 3837
3402 3437
3402 3528
3403 3906
3404 3898
3404 3961
3406 3699
3406 3714
3407 3522
3407 3573
3411 3830
3412 3984
3413 3576
3415 3926
3421 3828
3422 3626
3423 3479
3423 3868
3424 3740
3427 3783
3431 3910
3433 3551
3433 3684
3434 3572
3434 3844
3436 3750
3437 3478
3437 3782
3439 3565
3440 3498
3441 3523
3448 3680
3455 3905
3456 3791
3458 3808
3459 3950
3462 3949
3463 3685
3465 3717
3466 3709
3466 3969
3469 3519
3472 3652
3472 3772
3472 3814
3473 3608
3473 3795
3475 3788
3479 3628
3480 3984
3482 3621
3483 3606
3484 3529
3485 3679
3488 3741
3491 3980
3492 3869
3494 3592
3494 3767
3494 3888
3495 3636
3496 3606
3501 3949
3502 3831
3505 3506
3505 3530
3509 3554
3509 3849
3510 3784
3511 3575
3511 3986
3515 3808
3516 3745
3519 3840
3519 3938
3520 3962
3521 3867
3523 3543
3528 3697
3534 3597
3534 3789
3535 3547
3535 3759
3536 3704
3537 3879
3539 3554
3540 3888
3541 3778
3543 3667
3544 3665
3548 3640
3548 3855
3548 3945
3549 3896
3556 3613
3557 3872
3561 3638
3562 3649
3563 3695
3573 3608
3573 3712
3575 3726
3581 3991
3583 3593
3583 3801
3590 3781
3595 3800
3595 3822
3602 3677
3604 3912
3607 3694
3607 3703
3610 3716
3612 3833
3617 3863
3618 3778
3618 3874
3620 3855
3625 3814
3628 3759
3629 3896
3629 3982
3635 3644
3636 3923
3636 3942
3637 3907
3638 3683
3639 3645
3642 3659
3643 3891
3643 3971
3644 3880
3652 3779
3655 3972
3656 3802
3656 3994
3659 3711
3660 3816
3675 3973
3676 3744
3677 3990
3681 3706
3682 3896
3683 3723
3683 3748
3696 3829
3696 3913
3697 3823
3698 3923
3706 3868
3712 3785
3717 3907
3718 3983
3719 3771
3721 3867
3726 3882
3727 3982
3728 3802
3729 3786
3731 3808
3731 3823
3735 3960
3736 3804
3737 3807
3739 3905
3744 3843
3756 3765
3760 3940
3763 3923
3766 3768
3768 3944
3769 3878
3770 3974
3773 3803
3784 3876
3789 3807
3792 3805
3797 3860
3806 3892
3807 3995
3809 3820
3819 3821
3821 3852
3825 3875
3826 3942
3843 3882
3846 3914
3874 3978
3876 3979
3879 3939
3952 3965
