0 68
1 78
2 4
2 42
2 74
2 82
3 35
3 89
4 59
4 63
4 86
5 6
5 26
5 109
6 87
6 117
7 99
7 108
8 22
8 28
8 44
8 61
8 95
8 119
9 91
9 106
10 100
11 17
11 19
11 22
11 36
11 47
11 52
11 68
12 31
12 41
12 54
12 101
12 122
14 23
14 24
14 32
14 37
14 47
14 66
14 92
14 93
15 60
16 44
16 50
16 55
17 30
17 62
17 72
17 79
17 102
17 115
18 22
18 37
18 55
18 96
19 33
19 90
19 118
20 31
20 77
20 106
21 74
21 82
21 91
22 29
22 49
22 84
22 94
22 119
23 45
23 72
23 88
24 55
24 78
25 49
25 68
25 80
26 49
26 52
26 56
27 28
27 32
27 54
27 55
27 106
28 55
28 120
29 42
29 118
29 123
30 39
30 100
30 103
30 117
31 86
31 96
32 37
32 46
32 54
32 65
32 73
32 75
32 121
32 123
33 66
33 92
33 104
33 121
33 124
34 46
34 102
35 45
35 107
35 114
36 55
36 100
36 101
37 78
37 116
38 44
38 75
38 78
38 80
38 115
38 116
39 43
39 98
39 119
39 121
39 124
40 48
40 86
40 116
42 52
43 46
43 61
43 82
43 111
43 122
44 57
44 117
44 121
45 108
45 117
45 122
46 84
46 108
46 111
47 62
47 77
47 101
47 116
47 122
48 75
48 92
48 99
48 115
48 124
49 78
49 89
49 101
49 105
49 112
50 53
50 122
50 124
51 87
51 103
51 104
52 58
52 86
52 96
52 108
52 122
52 124
53 102
53 104
53 111
54 57
54 80
54 100
56 58
57 82
57 96
58 99
58 109
58 113
59 90
59 100
59 102
61 94
62 101
64 107
64 120
64 122
65 73
65 103
65 121
66 109
67 95
67 101
68 80
70 94
72 76
73 75
73 77
73 86
74 92
74 120
76 96
77 124
78 82
78 84
78 101
78 113
78 123
79 95
79 119
81 118
81 123
83 92
83 120
84 90
84 106
84 107
85 99
85 107
87 109
87 112
87 116
89 102
89 112
90 123
91 95
94 97
94 98
94 101
95 110
97 107
100 110
100 112
100 116
101 105
101 123
102 104
102 108
105 116
106 112
106 113
106 114
109 121
110 117
111 114
113 123
122 124
