0 195
0 262
0 371
0 943
1 158
1 325
1 396
2 195
2 411
2 520
2 753
3 346
3 504
3 564
3 840
4 382
4 638
4 643
4 675
5 612
5 637
5 683
5 823
6 23
6 63
6 268
6 586
6 608
6 931
7 310
7 940
8 213
8 375
8 973
9 254
9 534
10 147
10 236
10 293
10 811
12 252
12 376
12 653
12 852
12 863
12 949
13 37
13 277
13 367
13 764
13 852
14 210
14 418
14 462
14 466
14 533
14 592
14 602
14 960
15 197
15 298
15 407
15 477
16 419
16 563
16 610
16 773
16 837
17 30
17 39
17 209
17 509
18 90
18 166
18 216
18 237
18 580
18 601
18 909
18 954
19 280
19 343
19 378
19 396
19 436
20 448
20 674
20 884
21 285
21 326
21 347
22 78
22 207
22 425
23 176
23 530
23 635
23 841
24 142
24 168
24 981
25 115
25 387
25 530
25 552
26 311
26 353
26 587
26 895
27 90
27 138
27 474
27 807
27 933
28 140
28 240
28 271
28 679
28 776
28 984
29 315
29 610
29 701
29 967
30 95
31 248
31 393
31 556
31 626
31 679
32 71
32 224
33 100
33 506
34 624
34 764
35 86
35 293
35 339
35 399
35 517
35 541
35 542
35 547
35 772
36 178
36 242
36 364
36 441
36 691
37 70
37 148
37 234
37 570
37 730
38 760
38 930
38 939
39 541
39 760
39 822
39 843
40 680
40 788
40 805
41 429
41 876
42 557
42 810
42 844
43 190
43 666
43 964
44 329
44 497
44 505
44 526
44 762
44 786
45 179
45 641
46 434
46 612
46 943
48 75
48 85
48 143
48 378
48 772
48 828
49 791
49 855
50 128
50 227
50 956
51 89
51 305
51 379
51 399
51 447
51 490
51 774
51 818
51 878
51 963
52 161
52 864
53 186
53 347
53 403
53 510
53 514
53 619
54 359
54 497
54 647
54 930
55 267
55 805
55 887
56 559
56 717
56 968
57 264
57 329
57 530
57 636
57 840
57 869
58 168
58 514
58 779
59 284
59 455
59 536
59 740
59 769
60 436
60 541
60 830
61 778
61 826
61 860
61 986
62 88
62 192
62 427
63 220
63 308
63 592
63 653
63 671
63 817
64 69
64 206
64 372
64 934
65 132
65 325
65 355
65 639
66 152
66 299
66 370
67 69
67 443
67 887
68 138
68 377
68 698
69 162
70 84
70 219
70 652
70 765
71 301
71 369
71 886
71 887
72 476
72 604
72 640
72 782
73 109
73 157
73 481
73 937
74 319
74 557
74 560
74 574
74 839
75 326
75 713
75 999
76 117
76 177
76 216
76 363
76 737
77 138
77 305
77 997
78 670
79 108
79 139
79 593
79 644
79 860
80 215
80 475
81 484
81 727
82 215
82 320
82 437
82 499
82 572
83 187
83 487
83 620
83 640
83 738
84 398
84 698
85 133
85 265
85 512
85 565
85 645
85 760
86 172
86 866
87 305
87 861
88 153
88 253
89 124
89 249
89 452
90 245
90 637
91 96
91 426
91 598
91 709
91 951
92 182
92 237
92 279
92 287
92 656
93 233
93 241
93 435
93 753
93 786
93 869
94 279
94 343
94 416
94 535
94 538
95 220
95 812
95 891
96 297
96 472
96 798
97 219
97 458
97 731
98 393
99 505
100 298
100 628
100 712
100 723
101 122
101 460
101 588
101 987
102 200
102 444
102 549
102 610
103 338
103 384
104 373
104 430
105 111
105 437
105 884
106 647
107 498
107 560
107 609
107 762
107 966
108 284
108 344
108 399
108 546
108 801
109 197
109 317
109 376
109 440
109 915
110 230
110 382
110 388
110 776
111 570
111 755
111 758
112 425
112 610
112 724
112 784
113 340
114 151
114 420
114 457
115 281
115 445
115 608
115 676
116 347
116 560
117 252
117 273
117 342
117 729
118 322
118 379
118 541
118 744
119 250
119 322
119 398
120 465
120 489
120 501
120 558
120 736
121 539
121 724
121 953
122 862
123 127
123 144
123 261
123 272
124 730
124 972
125 323
125 463
125 825
125 980
126 532
126 555
126 736
126 984
127 156
127 206
127 257
127 532
127 901
128 166
128 418
128 423
128 426
128 886
129 131
129 485
129 612
129 649
129 682
129 792
130 227
130 829
131 362
131 549
131 780
131 842
131 863
132 154
132 739
132 790
132 812
132 977
133 268
134 280
134 380
134 533
134 610
134 669
134 860
134 953
135 269
135 284
135 286
135 386
135 472
135 484
135 646
135 951
136 257
136 624
136 760
136 880
136 993
137 180
137 324
137 419
137 691
138 170
138 195
138 370
138 553
138 647
138 785
139 845
139 852
139 980
140 158
140 299
140 461
140 796
140 922
141 170
141 419
141 570
141 702
142 399
142 676
142 903
143 477
143 491
143 922
144 158
144 382
144 661
144 664
145 625
145 890
146 376
146 613
146 636
146 704
146 839
146 963
147 268
147 563
147 741
147 794
148 420
148 441
148 457
148 693
148 832
148 892
148 898
149 233
149 607
149 643
149 814
149 854
149 988
150 372
150 409
150 637
150 689
150 799
150 847
151 370
151 541
151 550
151 653
151 707
151 719
151 976
152 256
152 718
152 877
152 938
152 970
153 161
153 397
153 500
153 502
153 517
153 623
153 754
153 899
153 981
153 988
154 360
154 727
154 902
155 501
155 513
155 665
155 957
156 220
156 867
157 193
157 736
158 197
159 330
159 383
160 410
160 415
160 488
160 630
160 689
161 231
161 629
161 912
162 231
162 437
162 539
162 649
163 597
163 769
164 299
164 366
164 378
164 519
164 545
164 722
164 863
165 519
166 245
166 293
166 332
166 541
166 602
166 608
166 943
166 981
167 479
167 627
167 910
167 951
168 256
168 604
168 700
168 875
169 265
169 875
169 905
171 653
171 707
171 847
171 857
171 972
172 465
172 783
173 282
173 419
173 662
173 791
173 818
173 834
174 439
174 444
174 604
174 714
174 765
175 354
176 234
176 436
176 626
176 731
177 190
177 574
177 579
178 234
178 510
178 625
179 309
179 389
179 970
180 583
180 826
180 874
181 617
181 619
182 225
182 305
182 583
182 763
183 802
184 229
184 428
184 712
185 553
186 718
187 233
187 366
187 451
187 508
187 707
187 904
187 955
188 189
188 264
188 312
188 447
188 640
188 725
189 314
189 474
189 479
190 553
190 708
191 302
191 445
191 462
192 256
192 309
192 315
192 720
192 761
193 288
193 411
193 453
193 818
193 919
194 281
195 264
195 498
195 574
197 374
197 570
197 728
198 316
198 438
198 608
198 961
199 291
199 601
199 789
200 543
201 224
201 331
201 516
201 834
201 898
201 938
202 211
202 333
202 346
202 636
202 928
202 954
203 559
204 428
204 943
204 995
205 206
205 226
205 727
205 795
205 883
206 251
206 339
206 449
206 601
206 769
207 328
207 702
207 915
207 956
208 726
209 254
210 254
210 691
210 699
210 719
211 743
211 762
211 797
211 950
212 271
212 995
213 519
213 572
213 674
214 388
214 768
216 251
216 289
216 542
216 613
217 466
217 875
218 993
219 282
220 363
220 389
220 405
220 459
220 499
220 615
220 886
221 395
222 861
222 894
223 248
223 520
223 585
223 616
223 735
223 926
224 253
224 290
224 548
224 660
224 727
224 830
225 850
226 409
226 475
226 503
226 570
226 594
226 727
227 230
227 281
227 332
227 341
227 411
227 434
227 498
227 613
227 952
228 657
228 996
229 298
229 822
230 318
230 349
230 385
230 881
231 248
231 307
232 369
232 432
233 528
233 600
233 840
234 288
234 322
234 588
234 652
234 740
235 383
235 653
235 692
235 970
236 351
236 574
237 545
237 676
238 965
239 476
239 557
240 448
240 795
240 811
242 605
243 436
243 696
243 920
244 744
244 830
244 961
245 302
245 452
245 465
245 698
246 374
246 411
246 522
246 864
247 705
249 260
249 448
249 656
250 366
250 428
250 430
250 870
251 484
251 580
251 657
251 885
252 259
252 420
252 959
252 960
253 398
253 399
253 400
253 418
253 824
254 583
254 627
255 630
255 814
255 965
255 995
256 651
256 990
257 783
257 830
257 854
258 306
258 372
259 340
259 553
259 674
259 681
260 375
260 460
261 455
261 580
262 380
262 470
262 676
262 863
262 990
263 312
263 387
263 560
263 562
263 974
264 266
264 621
264 773
264 791
265 469
265 862
265 877
266 898
267 737
267 901
267 904
267 961
268 394
268 509
268 627
268 985
269 450
269 629
269 790
269 809
269 937
269 974
270 767
270 933
271 439
271 449
271 676
271 737
271 928
272 330
272 653
272 790
272 832
274 376
274 485
275 767
275 929
276 327
276 373
276 564
276 809
277 300
277 327
277 352
277 749
279 421
279 487
279 586
280 625
281 370
281 392
281 757
281 914
282 534
282 684
284 773
284 906
284 986
285 886
285 901
286 330
286 753
286 838
287 598
287 602
287 960
288 397
288 759
288 832
289 425
289 599
289 634
289 692
289 717
289 793
290 564
290 873
290 974
291 469
291 724
291 760
291 904
292 825
292 869
292 964
293 375
293 567
293 576
293 730
294 445
294 536
295 353
295 555
295 796
296 313
296 421
296 547
296 887
297 489
297 519
297 703
297 858
298 361
299 320
299 387
300 638
301 319
301 577
301 896
302 735
302 736
303 541
303 813
303 917
304 413
305 438
305 765
305 777
306 559
306 871
306 934
306 989
307 599
307 699
308 533
308 671
308 792
308 822
308 866
309 323
309 756
309 793
309 914
310 539
310 894
311 752
312 346
312 672
312 734
312 821
312 828
312 834
313 493
313 865
313 972
315 621
315 724
315 894
316 851
317 479
317 659
317 835
318 597
318 693
319 639
319 746
319 898
321 383
321 406
322 815
322 848
322 857
323 697
323 728
323 991
324 422
324 701
324 822
325 353
325 891
325 977
325 990
326 375
326 474
326 484
326 980
326 997
327 392
327 395
327 542
328 453
328 610
328 675
328 956
328 987
329 471
329 598
329 719
329 968
330 653
330 823
331 427
331 440
332 542
332 999
333 335
333 537
333 663
333 685
333 809
333 873
334 433
334 504
334 559
334 981
335 451
335 577
335 813
336 642
336 793
336 955
337 929
338 518
338 677
339 417
339 567
339 867
340 397
340 720
341 399
342 392
342 556
342 705
343 537
343 755
343 950
344 899
344 992
345 480
345 784
346 413
346 966
348 830
349 553
349 559
350 989
351 455
351 624
352 741
353 364
353 844
353 902
354 442
354 532
354 750
356 508
356 656
356 799
356 874
357 557
357 887
357 978
358 688
358 775
359 663
360 492
361 554
361 676
361 899
362 383
362 388
362 431
363 504
363 716
364 572
364 905
365 885
366 369
366 478
366 810
366 906
367 416
368 720
369 383
370 673
370 780
370 874
371 903
372 911
374 518
374 664
375 398
375 424
375 911
376 470
376 534
376 881
376 882
379 856
380 546
380 556
380 759
380 871
381 725
381 874
382 515
382 771
383 477
383 789
383 856
384 445
384 458
384 517
384 612
384 663
384 758
384 777
385 393
385 506
385 845
385 938
385 980
386 505
386 539
386 595
386 905
387 566
387 881
387 882
389 708
389 918
390 754
390 849
390 955
390 981
391 395
391 489
391 503
391 555
391 661
391 731
392 454
392 676
393 714
393 899
394 650
394 664
394 837
395 883
395 923
395 972
396 603
397 617
397 737
397 867
397 934
398 572
398 576
398 897
399 702
399 753
399 997
400 445
400 647
400 662
400 892
401 673
401 696
402 532
402 676
402 835
403 418
403 494
403 910
404 687
404 709
405 505
405 853
406 919
407 429
407 524
407 551
408 421
408 470
409 600
409 752
409 966
410 414
411 542
411 655
412 480
412 482
412 722
412 736
414 505
414 817
416 429
416 568
416 783
416 880
417 533
418 566
418 674
418 909
419 707
419 941
420 423
420 446
420 578
420 740
420 850
421 665
421 685
421 934
422 607
422 666
422 728
423 695
423 736
424 629
425 791
426 714
426 729
426 989
428 790
428 852
429 552
429 691
431 862
432 685
432 852
432 904
433 721
433 750
434 532
434 853
434 908
434 946
435 814
436 479
436 824
436 846
437 724
437 781
437 878
438 496
438 531
438 773
438 951
439 524
439 812
439 902
441 553
441 916
442 553
443 509
443 628
444 694
444 913
444 948
446 678
446 759
446 766
446 781
446 899
446 990
447 481
447 933
448 459
449 615
449 676
449 843
450 527
450 719
450 850
450 968
451 459
451 792
451 809
452 806
453 551
453 699
453 702
453 856
454 670
456 527
456 891
456 994
457 468
457 797
457 997
458 547
459 685
460 920
460 995
461 498
461 678
461 952
462 724
462 742
462 820
462 843
463 740
463 775
464 765
464 876
464 898
465 513
465 648
466 839
468 647
468 651
469 504
469 799
470 556
470 637
470 977
471 647
471 890
472 516
472 573
472 721
472 736
472 786
472 972
474 696
474 976
475 753
476 883
476 899
477 579
477 899
478 517
478 583
478 617
479 906
480 585
481 540
481 602
481 721
483 529
483 537
483 585
483 962
484 658
484 704
485 531
485 621
485 829
485 917
486 532
487 718
487 888
487 932
487 948
488 514
488 941
489 544
489 764
490 494
491 595
491 620
491 659
491 884
491 930
492 843
493 514
493 522
493 560
493 679
494 540
494 918
495 602
495 883
496 631
498 525
499 582
499 673
500 659
500 761
500 832
501 617
501 809
501 988
502 509
502 675
502 837
502 948
502 955
504 525
504 664
504 752
505 749
507 510
507 902
508 538
508 644
510 702
510 831
510 935
510 991
511 568
511 727
511 802
511 809
512 538
513 634
513 745
515 564
515 617
515 854
516 546
517 664
517 831
517 988
518 766
518 874
518 999
520 607
521 609
521 792
521 872
522 942
522 962
523 937
524 727
524 862
524 871
524 939
525 715
525 898
526 539
526 640
527 723
528 746
528 847
528 943
530 745
531 877
532 601
532 725
532 807
532 950
533 784
534 707
534 730
535 571
535 576
535 800
536 590
536 687
536 817
537 583
538 898
539 630
540 606
540 805
541 711
541 736
542 853
542 942
543 771
544 752
544 753
544 908
544 965
545 552
545 624
547 988
548 569
548 758
549 662
550 558
550 858
551 651
551 685
552 694
552 919
553 616
553 784
553 793
553 910
554 681
554 851
555 938
556 636
558 617
558 648
560 578
560 835
561 869
563 930
563 962
563 967
564 602
564 880
564 976
564 982
565 571
565 867
565 973
566 893
568 583
568 645
569 586
569 639
570 640
570 778
570 891
570 905
571 584
571 585
571 724
573 630
573 936
574 687
574 813
574 998
575 871
576 577
576 767
577 990
578 666
578 745
578 838
579 866
579 887
580 855
580 903
581 965
582 888
582 940
583 834
583 900
585 820
585 971
586 865
587 682
587 974
589 667
590 793
591 878
593 847
593 860
594 862
594 868
596 701
596 938
597 897
598 825
598 970
598 978
599 766
601 840
601 849
601 948
602 668
602 814
602 845
602 977
602 998
603 638
603 646
603 728
603 881
606 921
607 735
607 804
607 868
607 971
607 991
608 920
609 660
609 795
610 697
610 820
611 694
611 778
611 785
611 923
612 624
612 646
612 647
612 877
612 910
613 706
613 904
614 876
615 693
616 673
616 722
617 897
620 752
620 754
620 816
620 847
620 851
621 713
622 699
623 681
623 762
624 821
625 717
625 758
626 841
627 668
627 726
627 948
628 697
628 993
629 795
630 727
630 922
631 645
631 679
631 694
631 794
634 713
634 833
634 844
635 637
635 750
636 697
636 759
638 706
638 879
638 972
640 710
642 877
643 861
643 957
644 887
645 937
646 802
646 928
647 729
650 917
650 999
651 678
651 796
652 667
653 693
653 938
654 888
654 970
655 707
655 711
655 802
655 860
656 982
657 746
657 985
659 698
659 722
660 928
661 914
662 667
662 762
662 857
662 983
663 748
663 902
663 954
664 740
664 870
664 936
664 943
665 725
665 745
665 915
666 966
668 987
669 987
670 871
671 680
672 758
672 928
673 750
674 744
674 873
674 926
675 825
677 759
677 853
682 686
682 784
683 690
683 951
685 836
685 919
686 724
686 759
687 703
687 842
689 832
689 902
690 724
691 698
691 771
691 987
692 847
692 896
692 976
694 726
694 765
695 811
696 842
696 918
697 698
698 986
699 911
700 894
700 913
702 711
703 711
703 813
705 978
706 887
709 766
709 962
709 983
710 966
711 891
711 945
714 891
716 804
716 875
716 911
717 719
717 961
720 880
721 812
721 944
722 961
723 755
723 843
726 973
730 938
732 770
732 838
732 912
734 904
736 760
736 912
737 980
738 795
738 854
738 959
741 764
741 840
742 807
742 847
742 964
743 885
744 860
745 802
745 848
747 807
748 786
748 846
748 860
751 785
751 980
752 883
757 771
757 918
759 761
759 946
760 900
761 850
766 867
766 912
767 982
768 815
768 999
770 910
771 888
773 781
773 871
776 915
779 906
781 826
781 832
783 823
784 815
784 857
786 844
787 819
787 836
791 811
791 893
795 963
797 830
798 891
798 904
803 869
803 875
805 848
807 881
807 964
808 892
809 940
809 984
811 919
812 852
814 907
815 904
815 929
822 923
823 975
825 847
826 880
826 976
827 889
827 973
828 960
828 968
830 831
830 839
830 990
835 857
835 885
835 923
835 949
837 982
838 937
839 974
841 878
843 979
843 989
847 988
853 886
853 901
853 907
854 864
858 965
867 920
868 948
872 889
874 924
875 949
876 893
876 964
877 929
878 944
878 971
881 956
883 919
883 927
885 922
885 996
891 946
891 974
893 920
893 943
893 992
895 990
898 903
899 952
901 919
902 983
909 986
915 940
919 924
925 967
928 948
931 999
943 966
951 957
954 995
957 966
964 993
977 980
989 996
