0 380
0 385
0 477
1 770
1 898
1 1417
1 1689
1 1793
2 210
2 1123
2 1276
2 1427
2 1528
2 1951
3 1210
3 1265
4 1024
5 201
5 426
5 1021
5 1112
5 1975
6 196
6 1489
6 1640
7 109
7 594
7 1525
8 417
8 640
8 722
8 780
8 1883
8 1936
9 39
9 63
9 80
9 1020
9 1242
9 1279
10 136
10 634
10 1200
10 1503
10 1816
11 348
12 979
12 1365
12 1373
12 1545
13 534
13 637
14 55
14 163
14 609
14 1228
15 226
15 547
15 702
15 847
15 1450
15 1617
15 1860
15 1861
16 153
16 394
16 790
16 1017
16 1275
16 1328
17 623
17 978
17 1627
18 85
18 150
18 221
18 544
18 675
19 86
19 458
19 828
20 1372
21 70
21 999
21 1070
21 1209
21 1766
22 245
22 387
23 248
23 406
23 802
23 1021
23 1361
25 183
25 584
26 412
26 844
26 1098
26 1255
27 129
27 864
27 1220
28 223
28 319
28 499
28 1568
28 1678
28 1886
29 432
29 1020
29 1059
29 1181
29 1725
30 234
30 320
30 609
30 714
30 801
30 880
30 1744
30 1824
31 606
31 1142
31 1752
32 961
32 963
33 525
33 1043
33 1328
33 1780
33 1895
34 152
34 1177
34 1689
35 116
35 879
35 1977
36 769
37 1329
38 859
38 1120
38 1788
39 628
40 1479
40 1640
41 431
41 978
41 998
41 1158
41 1217
41 1378
41 1899
42 1189
43 917
43 1130
43 1471
43 1772
43 1839
43 1941
44 783
44 1312
44 1549
44 1552
44 1787
45 559
45 672
45 1048
45 1088
45 1331
45 1875
46 588
46 1453
47 79
47 674
47 1479
48 263
48 566
49 595
49 638
49 1460
49 1705
50 1799
51 142
51 225
51 236
51 520
51 662
51 711
51 1670
51 1703
52 130
52 454
52 1131
52 1133
52 1601
53 1959
54 287
54 398
54 844
54 886
54 1255
55 176
55 312
55 1300
56 342
56 352
56 651
56 685
56 913
56 1114
56 1327
56 1930
57 294
58 530
58 676
58 1045
58 1686
58 1746
59 879
59 1516
60 766
60 1654
60 1724
60 1748
61 369
61 731
61 826
61 1095
62 171
62 294
62 1392
62 1549
62 1584
62 1759
62 1783
62 1877
63 252
63 443
63 1753
64 274
64 300
64 1497
65 271
65 370
65 1299
65 1466
65 1658
66 203
66 913
66 1323
66 1638
66 1670
67 715
67 945
67 1499
68 428
68 1007
68 1430
69 672
69 752
69 835
69 1196
69 1510
69 1770
70 626
70 1491
70 1784
71 354
71 502
71 797
71 882
71 962
71 1650
71 1993
72 390
72 1151
72 1710
73 413
73 585
73 1207
74 232
74 390
74 408
74 1100
74 1408
74 1943
75 1821
75 1843
75 1872
76 161
76 430
76 829
76 1264
76 1426
76 1660
77 148
77 846
77 1879
77 1988
78 344
78 976
78 1009
78 1077
78 1205
78 1626
78 1763
78 1775
79 1286
79 1450
80 306
80 376
80 671
80 876
80 1342
80 1354
80 1914
81 568
81 1143
81 1563
82 190
82 1265
82 1536
83 434
83 928
83 1281
84 1099
84 1373
84 1551
84 1727
84 1827
85 423
87 738
87 1190
87 1381
87 1549
88 1661
88 1987
89 286
89 624
89 1434
90 102
90 193
90 347
90 429
91 812
92 432
92 960
92 1637
92 1796
92 1869
93 771
93 1389
93 1414
93 1853
94 401
94 573
94 724
94 1404
94 1526
94 1595
94 1796
94 1878
94 1988
95 560
95 1022
95 1332
96 1867
96 1892
97 903
97 1102
97 1221
97 1546
98 321
98 635
98 860
98 1049
98 1991
99 222
99 361
99 1370
100 1152
100 1589
101 300
101 1141
101 1944
102 598
102 1035
102 1427
102 1671
104 985
104 1402
105 643
105 850
106 117
106 1311
106 1685
107 1439
108 997
108 1794
108 1940
109 637
110 1516
110 1810
112 419
112 753
112 793
112 935
112 1591
113 161
113 288
113 1270
113 1284
113 1898
114 600
115 312
115 1206
115 1336
115 1682
116 167
116 217
116 750
116 1045
117 175
117 985
117 1475
117 1683
117 1763
118 128
118 241
118 1385
118 1636
119 584
119 703
119 733
119 1934
120 509
121 179
121 647
121 1578
121 1690
122 1382
123 462
123 534
123 842
123 1467
124 804
124 1822
125 300
125 405
125 445
125 1677
125 1779
125 1792
126 179
126 272
126 594
126 869
126 1813
127 159
127 540
127 601
127 663
128 323
128 405
128 791
128 1165
128 1497
129 248
129 404
129 585
129 714
129 1310
130 647
130 1507
130 1538
131 220
131 1484
132 480
132 1287
132 1289
132 1502
132 1572
133 542
133 1074
133 1528
134 564
134 655
134 747
134 799
134 1007
134 1393
134 1583
135 799
135 1928
136 657
136 857
136 968
136 1374
136 1851
138 413
138 535
138 798
138 1372
138 1527
138 1631
138 1837
139 724
139 811
139 1356
140 279
140 962
140 1184
140 1307
141 738
141 1190
141 1365
141 1465
141 1507
141 1565
142 379
142 475
142 878
142 1244
142 1541
142 1699
143 520
143 1187
143 1314
143 1880
144 827
144 1183
144 1234
144 1254
144 1828
144 1893
145 181
145 432
145 624
145 1499
145 1710
145 1800
146 231
147 220
147 456
147 505
147 567
147 1063
148 176
148 1254
148 1547
149 347
149 964
149 1608
150 155
150 530
150 1508
150 1732
150 1833
151 765
151 1230
151 1680
152 1302
153 216
153 624
153 1259
153 1641
153 1700
153 1897
154 1691
155 919
155 1738
156 439
156 1238
156 1576
156 1780
157 326
157 1107
158 605
158 1015
158 1241
158 1315
159 165
159 617
159 693
159 791
159 1762
160 530
160 771
160 844
160 1046
160 1985
161 347
161 498
161 1055
161 1710
161 1717
161 1828
162 755
162 1034
162 1588
163 226
163 725
163 1925
164 341
164 419
164 584
164 730
164 1065
164 1688
164 1784
164 1807
165 211
165 1171
165 1331
166 737
166 948
166 1254
166 1912
167 665
167 957
167 1930
167 1992
168 296
168 353
168 683
168 1449
168 1737
168 1956
168 1988
169 532
169 1502
170 1950
171 581
171 586
171 715
171 872
171 1088
172 821
172 1098
172 1275
172 1429
172 1654
172 1908
173 1465
173 1689
174 1360
174 1838
175 489
175 1799
176 554
176 734
176 919
176 1744
177 251
177 536
177 610
177 1352
177 1725
178 453
178 481
178 1207
178 1381
178 1425
178 1468
178 1482
178 1568
179 379
179 1362
180 710
180 1173
180 1714
181 910
181 1356
181 1810
182 1342
183 381
183 436
183 1627
184 740
184 1179
184 1434
184 1702
184 1902
185 281
185 1122
185 1754
185 1883
186 426
186 848
186 918
186 931
186 1293
186 1670
187 292
187 616
187 708
187 763
187 1525
187 1899
188 1045
188 1641
189 740
189 1093
189 1703
190 1221
190 1365
190 1739
190 1784
190 1865
191 471
191 1523
191 1581
192 455
192 1131
192 1377
192 1992
193 1130
193 1852
194 302
194 451
194 1017
194 1489
195 224
195 260
195 353
195 354
195 676
195 1388
195 1609
195 1692
196 435
196 996
196 1323
196 1367
196 1513
196 1732
197 203
197 480
197 510
197 1034
197 1143
197 1299
198 714
198 904
198 1198
199 221
199 547
199 744
199 1064
199 1155
199 1497
199 1506
199 1886
200 511
200 517
200 803
200 1162
201 392
201 794
201 1879
202 1366
202 1571
202 1952
203 318
203 966
203 1201
203 1471
204 291
204 1073
205 1987
206 1154
206 1498
207 806
208 615
208 767
208 1100
209 578
209 829
209 1333
209 1855
210 534
210 1206
211 814
211 1461
211 1551
211 1775
212 255
213 803
213 982
213 1138
214 418
214 502
214 1634
215 221
215 507
215 1544
216 898
216 1196
216 1284
216 1579
216 1675
216 1852
216 1859
217 376
217 1818
218 498
218 504
218 1545
218 1953
219 1446
220 1020
220 1187
220 1594
220 1854
221 287
221 739
221 918
221 1028
221 1441
221 1456
221 1649
221 1740
222 1416
222 1898
223 777
223 1508
224 1017
224 1634
225 497
225 1258
225 1740
226 248
226 801
226 1046
226 1121
226 1185
226 1266
227 597
227 967
227 1864
227 1988
228 705
228 873
228 1214
228 1552
228 1627
229 1228
229 1549
229 1897
230 417
230 439
230 656
230 1010
230 1229
230 1331
231 349
231 1177
231 1750
232 280
232 547
232 1123
232 1289
232 1909
233 1473
233 1628
233 1812
234 322
234 1550
234 1625
234 1965
235 686
235 1026
235 1050
235 1852
236 707
236 1756
237 928
237 993
237 1117
237 1216
237 1219
238 306
238 635
238 907
238 1059
238 1098
238 1682
238 1792
239 1608
240 719
240 797
240 1148
240 1263
240 1444
240 1742
241 487
241 645
241 954
241 1084
241 1557
243 1220
243 1470
243 1863
244 405
244 621
244 865
244 1459
245 472
245 1868
246 324
246 678
246 862
246 1488
246 1721
246 1748
247 330
247 465
247 545
247 561
247 1345
248 691
248 1784
249 504
249 594
249 1141
249 1402
249 1749
249 1810
249 1825
249 1919
250 613
250 1162
250 1545
250 1665
251 314
251 387
251 780
252 1166
252 1451
252 1570
253 1172
253 1627
253 1828
254 298
254 470
254 747
254 1234
255 430
255 1236
255 1565
255 1739
256 1403
257 468
257 999
257 1272
257 1604
257 1815
258 278
258 1046
258 1759
259 622
259 1156
260 708
260 844
260 913
260 1151
260 1336
260 1393
261 276
261 302
261 461
261 770
261 911
261 1842
262 880
262 1019
262 1254
262 1729
263 941
263 996
263 1068
263 1297
263 1713
264 372
264 1221
264 1624
265 388
265 1116
265 1618
266 785
266 871
266 1058
266 1104
267 856
267 1329
267 1502
267 1569
267 1628
269 450
269 465
269 770
269 1231
269 1363
270 456
270 722
270 1343
270 1532
270 1654
270 1685
270 1821
271 949
271 1021
271 1728
271 1866
272 574
272 1535
273 384
273 505
273 808
273 1562
273 1685
273 1946
274 285
274 436
274 1439
274 1741
274 1880
274 1884
275 954
275 1613
275 1638
275 1645
275 1668
275 1746
276 866
277 443
277 950
277 1254
277 1666
277 1804
278 673
278 1071
278 1242
278 1573
278 1819
279 1498
280 422
280 664
280 1438
280 1516
281 868
281 1090
281 1394
282 1343
283 1058
283 1406
283 1830
284 350
284 451
284 797
285 346
285 1441
285 1720
286 1774
286 1829
287 327
287 528
288 600
288 792
288 1800
289 409
289 413
289 1942
290 396
290 1349
291 1088
291 1502
291 1595
292 956
292 1018
292 1195
292 1738
293 735
293 1440
294 733
294 1284
295 810
295 1372
295 1743
295 1764
296 483
296 659
296 967
296 1039
296 1278
296 1279
297 1476
297 1566
297 1742
298 566
298 1314
300 371
300 765
300 869
300 1012
300 1364
300 1819
301 803
301 811
301 1684
302 767
302 905
302 945
303 717
303 1337
303 1679
303 1860
303 1869
304 1083
304 1255
304 1884
305 484
305 1136
307 318
307 1123
308 594
309 858
309 1881
309 1929
310 1439
310 1480
310 1533
310 1595
310 1669
310 1777
311 609
313 738
313 1315
314 530
314 760
314 965
315 866
315 951
315 1151
315 1322
315 1877
315 1961
316 396
316 872
316 1686
317 684
318 825
318 837
318 1826
319 758
319 1911
320 1266
320 1860
321 633
321 1374
321 1442
321 1674
321 1813
322 1529
322 1619
322 1792
322 1821
323 422
323 811
323 951
323 988
323 1227
323 1798
324 1202
325 402
325 634
325 791
325 911
325 1348
325 1520
325 1743
327 347
327 782
327 1943
328 399
328 1692
328 1992
329 894
330 706
330 903
330 919
330 926
330 985
331 957
331 1986
332 1873
332 1897
333 834
333 1059
333 1484
333 1986
333 1998
334 659
334 850
335 429
335 1019
335 1127
335 1171
335 1586
335 1925
336 764
336 1480
336 1837
337 625
337 634
337 1305
337 1351
338 535
339 497
339 934
339 1616
340 1849
341 947
341 1103
341 1372
341 1467
341 1550
342 1385
342 1848
342 1981
343 1082
344 1106
344 1224
345 405
345 1804
347 577
347 873
347 946
347 1683
347 1730
348 738
348 1195
349 354
349 538
349 1101
349 1313
349 1815
350 1481
350 1484
350 1659
351 384
351 766
352 703
354 804
354 1035
354 1211
354 1312
355 917
355 1071
355 1164
355 1505
355 1556
356 719
356 870
356 1259
356 1827
357 1635
358 778
358 1806
358 1856
359 1309
359 1490
359 1616
359 1865
360 1914
361 1171
361 1240
361 1280
361 1380
361 1425
361 1427
361 1525
362 1148
362 1153
362 1710
363 1573
364 521
364 718
364 1472
364 1664
365 668
367 449
367 1999
368 1465
368 1556
369 784
369 851
370 705
370 922
370 1152
370 1173
371 603
371 1056
371 1221
371 1716
371 1765
372 1681
372 1807
373 1184
373 1920
374 586
374 1092
374 1191
375 1961
377 507
377 581
377 683
377 1213
377 1233
377 1646
379 690
379 765
379 1155
379 1750
379 1764
379 1893
380 549
380 1743
380 1824
380 1972
381 691
382 1030
382 1117
382 1862
383 864
383 1767
383 1906
384 421
384 1279
384 1669
384 1987
385 792
386 413
386 714
386 803
386 892
386 977
386 1882
387 946
387 1221
387 1731
387 1800
388 795
388 1306
388 1414
388 1571
389 1582
389 1726
390 611
391 1238
391 1295
391 1573
391 1588
391 1617
391 1989
392 403
392 429
392 822
393 537
393 632
393 1031
393 1203
394 497
394 828
394 1229
394 1328
394 1555
395 885
395 1415
395 1567
395 1828
396 617
396 1052
397 529
397 991
397 1104
397 1570
398 1941
399 571
399 1328
400 468
400 1250
400 1423
400 1591
400 1848
401 1090
401 1406
401 1504
402 780
402 1303
402 1597
402 1630
402 1776
402 1957
403 489
403 538
404 659
404 1458
404 1914
405 898
405 1225
405 1314
407 699
407 1509
407 1578
408 415
408 591
408 936
408 978
409 746
409 888
409 954
409 1173
409 1248
409 1281
410 559
410 682
410 1502
411 789
411 1732
412 721
412 885
412 1787
413 847
413 977
413 1924
414 727
414 950
414 1273
414 1350
414 1898
415 722
415 1020
416 494
416 497
416 977
416 1785
416 1964
417 872
417 1346
417 1442
417 1447
418 600
418 754
418 1495
419 1153
419 1409
419 1711
419 1771
419 1802
419 1851
420 689
420 1038
420 1681
420 1709
420 1744
421 1281
421 1357
421 1489
422 1654
423 745
423 753
423 1004
423 1155
423 1747
423 1848
424 648
424 707
424 1037
424 1251
424 1421
424 1690
425 519
425 555
425 1321
425 1519
425 1776
425 1950
426 600
426 693
426 1126
426 1498
426 1809
427 935
427 1120
429 710
429 1694
430 571
430 1591
430 1693
431 597
431 652
431 895
431 1003
431 1488
432 566
432 1132
432 1651
433 594
433 677
433 1061
433 1346
433 1834
434 1017
434 1184
434 1252
434 1594
435 442
435 1172
435 1538
435 1932
436 471
436 759
436 1231
437 1428
437 1503
437 1673
437 1752
438 556
438 1094
438 1335
438 1490
439 841
439 988
439 1554
439 1728
440 697
440 1494
441 468
441 1077
441 1657
441 1827
441 1835
442 1540
443 842
443 1129
443 1691
443 1861
446 533
446 800
446 1258
446 1313
446 1422
446 1465
446 1729
447 1401
447 1618
448 1624
450 1529
450 1626
450 1854
452 1446
453 522
453 706
453 941
453 1217
453 1512
453 1581
454 532
454 970
455 738
455 1949
456 738
457 502
457 567
457 699
457 701
457 1827
457 1928
458 828
458 1015
458 1039
458 1314
458 1816
459 810
459 1028
460 1540
460 1717
460 1897
461 1125
461 1779
463 528
463 1182
463 1659
463 1721
463 1852
465 1586
465 1697
466 491
466 551
466 713
466 872
466 1072
466 1790
467 641
467 805
467 1365
467 1500
467 1648
468 487
468 605
468 842
468 1156
468 1369
468 1970
469 743
469 1477
470 1376
470 1491
470 1712
471 573
471 885
471 1170
471 1214
471 1770
472 488
472 972
472 1325
472 1522
472 1626
472 1874
472 1925
473 758
473 1398
473 1925
474 1054
474 1476
475 1326
475 1460
475 1841
475 1912
476 916
476 1711
477 571
477 670
478 1172
479 854
479 1082
480 608
480 1382
480 1507
480 1695
480 1832
481 571
481 622
481 1037
482 1054
482 1064
482 1082
482 1139
485 1817
486 972
486 1218
486 1384
486 1739
487 1579
487 1710
488 859
488 1676
488 1871
489 1724
489 1907
490 551
490 1446
491 724
491 779
491 1389
491 1409
491 1547
492 1197
493 984
494 1024
494 1298
494 1335
495 817
495 1186
495 1634
495 1925
496 852
496 1130
497 905
497 1062
497 1855
498 1652
498 1794
499 1285
499 1846
499 1915
500 1589
501 866
501 1332
501 1476
501 1670
502 591
502 682
502 1600
503 873
503 1158
505 564
505 826
505 1012
505 1047
505 1104
505 1855
506 514
507 1049
508 1017
508 1175
508 1627
509 869
509 1659
510 745
510 1093
510 1729
510 1790
510 1894
511 551
511 1211
511 1590
512 702
512 826
512 1067
512 1377
513 1869
514 937
514 1436
514 1787
515 1958
516 1695
516 1910
517 623
517 740
517 904
519 582
519 845
519 1733
519 1865
519 1941
520 709
520 711
520 1199
520 1562
521 1162
522 536
522 1189
522 1628
524 938
524 1374
524 1427
524 1870
525 610
525 616
525 1104
525 1635
526 1216
527 898
527 1260
527 1380
528 908
528 1372
528 1881
528 1970
529 840
529 880
529 1777
530 1047
530 1060
530 1649
530 1857
531 1487
532 556
532 926
532 964
532 1900
532 1986
533 775
533 985
533 1180
534 698
534 817
534 1003
534 1331
534 1373
534 1589
534 1595
534 1857
535 710
535 771
535 1108
535 1212
536 782
536 943
536 1128
536 1180
536 1336
536 1596
536 1827
536 1991
537 1924
538 640
539 1383
539 1856
540 778
540 978
540 1475
540 1819
542 1395
542 1576
542 1697
543 1388
544 1192
544 1923
545 933
545 1443
545 1461
545 1475
546 821
546 1084
546 1093
546 1177
546 1185
546 1633
546 1709
546 1866
546 1891
546 1952
547 881
547 1237
548 652
549 1011
549 1226
549 1479
549 1515
549 1684
550 1704
551 968
551 1945
552 1116
552 1538
552 1975
553 1929
554 570
554 1019
554 1714
555 996
555 1778
556 761
556 1221
556 1593
556 1648
556 1806
557 1133
557 1243
557 1780
558 849
558 1443
558 1681
559 854
560 789
560 1806
561 1021
562 1305
562 1652
562 1813
562 1825
563 1048
563 1192
564 788
564 1311
565 899
565 1124
565 1411
565 1659
567 598
567 1317
567 1352
567 1725
567 1916
568 1614
568 1805
569 1333
570 679
570 1305
570 1350
570 1796
571 1005
571 1048
571 1390
571 1421
571 1510
571 1666
571 1992
572 582
572 1095
572 1547
572 1585
572 1967
573 1637
573 1883
574 776
574 1099
574 1468
574 1591
575 1840
576 632
576 666
576 1013
576 1112
576 1283
578 1779
579 732
579 1719
579 1799
579 1914
580 644
580 1528
580 1622
581 685
581 1186
581 1590
581 1896
582 1230
582 1980
584 808
584 1100
584 1970
585 712
585 827
585 900
585 1271
585 1681
585 1721
586 1194
587 965
587 1398
587 1655
587 1703
587 1805
588 821
588 832
588 889
588 1032
588 1075
588 1242
588 1791
588 1821
588 1942
589 1555
590 714
590 823
590 948
590 1329
590 1446
591 681
591 928
591 1169
592 931
592 1560
593 1437
594 713
594 987
594 1287
595 1370
595 1623
595 1995
596 1486
596 1804
597 760
597 875
597 1547
598 671
598 683
598 1950
598 1976
599 1657
600 1619
601 869
601 1148
601 1630
601 1992
602 895
602 1120
602 1528
603 1929
605 1710
605 1915
606 1459
607 647
607 1010
607 1497
607 1796
607 1977
608 826
608 925
608 1234
608 1956
609 769
609 1500
609 1950
610 1245
611 736
611 964
611 1022
611 1825
611 1942
612 1454
613 1741
613 1886
614 1232
614 1356
614 1442
614 1719
614 1802
616 1971
617 828
617 1042
617 1953
618 1512
618 1874
619 1450
619 1748
620 703
620 981
621 1106
621 1117
621 1240
621 1594
622 1057
622 1130
623 631
623 1026
623 1051
623 1459
624 643
624 841
624 1859
625 994
625 1472
625 1975
626 861
626 1214
627 931
627 1941
628 1542
628 1555
628 1926
629 661
629 873
629 1036
629 1102
630 953
631 1494
631 1507
632 1435
633 1420
633 1559
633 1817
633 1829
634 875
634 922
634 962
635 727
635 791
635 998
635 1034
635 1950
636 639
636 987
636 1103
637 799
637 1815
638 959
638 1382
639 778
639 1885
640 672
640 1416
640 1525
640 1606
640 1944
640 1961
641 954
641 1417
641 1487
642 881
642 1800
642 1856
643 1106
644 1357
645 746
645 1037
645 1216
645 1268
646 1539
646 1942
646 1996
647 1000
647 1888
648 892
648 1713
649 1387
649 1541
650 678
650 1075
650 1096
651 688
651 1201
651 1370
651 1567
652 678
653 974
653 1033
653 1586
654 1976
655 1176
655 1355
655 1518
657 1084
657 1559
657 1693
657 1767
658 713
658 1464
658 1809
659 830
659 904
659 1171
659 1290
659 1332
659 1456
660 1514
660 1873
661 1208
661 1399
661 1724
661 1965
661 1988
662 1021
662 1417
664 687
664 1551
665 990
665 1318
665 1693
666 755
666 828
666 1330
666 1817
666 1869
667 766
667 1031
667 1575
667 1718
668 1139
668 1153
668 1394
669 1132
669 1334
669 1513
670 1036
670 1195
671 1266
672 1712
673 899
673 1288
673 1568
673 1989
674 1082
674 1370
674 1412
674 1693
674 1772
675 1481
675 1969
675 1989
676 677
676 727
676 955
676 988
676 1603
676 1771
676 1795
676 1830
677 862
677 913
677 987
677 1175
677 1221
677 1224
677 1452
677 1698
677 1853
677 1951
678 736
678 823
678 1058
678 1513
679 1110
679 1180
679 1763
680 1574
680 1762
680 1893
680 1930
681 941
681 1183
681 1367
682 869
683 1761
684 1206
685 1131
685 1244
685 1502
685 1688
686 725
686 1602
686 1723
687 924
687 960
687 1345
687 1367
687 1655
687 1978
688 1072
689 1563
690 857
690 917
691 973
691 1102
691 1796
692 1233
692 1448
692 1468
692 1655
693 878
693 1464
694 1033
694 1374
694 1442
696 1272
697 789
698 1306
698 1391
698 1853
699 1030
699 1070
699 1212
700 750
700 1095
701 898
701 1397
701 1616
702 743
702 1151
702 1363
702 1803
702 1865
703 707
703 791
703 1428
703 1761
703 1791
704 829
704 1318
704 1429
704 1510
704 1742
704 1905
704 1989
705 1313
705 1336
705 1728
705 1791
705 1833
707 1050
707 1782
707 1879
708 797
708 966
708 1479
708 1688
708 1858
709 820
710 1166
710 1384
710 1471
711 784
711 882
711 1952
712 1145
712 1394
714 891
714 930
714 1060
714 1248
714 1369
715 740
715 1785
716 1326
716 1347
717 874
717 1059
717 1133
717 1648
717 1695
718 928
718 1008
718 1216
719 1386
719 1979
720 1539
721 1129
721 1907
722 728
722 845
722 1081
722 1462
723 777
723 1009
723 1125
723 1767
723 1837
724 1099
724 1250
726 785
726 806
726 819
727 958
727 1495
728 739
728 925
728 1077
729 831
729 1412
729 1889
729 1927
730 757
730 1185
730 1193
730 1839
731 1264
731 1932
732 855
732 1541
732 1572
733 1050
734 1418
734 1562
734 1656
735 845
735 954
735 1753
736 846
736 1045
736 1114
737 1563
737 1720
738 752
738 1101
738 1623
739 1977
740 845
740 1231
740 1233
740 1709
741 1084
741 1185
741 1583
741 1983
742 1269
742 1353
743 1382
744 1125
744 1737
745 763
745 1424
746 804
746 1408
746 1591
746 1783
746 1793
747 765
747 1523
747 1584
748 1091
748 1341
748 1355
748 1384
749 844
749 1060
749 1515
749 1746
750 1284
750 1673
751 1046
751 1771
752 1419
752 1765
753 1906
754 883
755 768
755 769
755 1267
756 1326
756 1620
756 1731
757 1109
758 1361
759 1342
759 1771
760 914
760 1440
760 1976
761 944
761 1466
761 1787
762 802
763 1080
763 1192
763 1262
763 1286
763 1452
763 1629
764 1690
765 1278
766 786
766 1772
767 971
767 1053
768 1433
768 1901
769 1279
770 942
770 1499
770 1806
770 1912
772 1357
772 1887
773 1060
773 1832
773 1961
774 1176
774 1843
774 1936
775 970
775 1146
775 1326
776 1924
778 981
779 1806
780 1293
780 1734
780 1966
781 1135
782 1229
782 1395
784 1111
784 1314
784 1677
784 1865
785 885
785 1897
786 1453
787 1651
788 1573
788 1834
789 1096
789 1442
789 1889
789 1897
790 1967
791 1599
792 1160
792 1792
793 1353
794 802
794 1017
794 1336
795 1025
795 1182
795 1210
796 962
796 1500
796 1653
797 859
797 922
797 1059
797 1391
797 1604
798 1607
798 1802
798 1947
800 819
800 1062
801 1226
801 1251
801 1900
802 914
802 1160
803 940
803 1106
803 1252
803 1363
803 1952
804 966
804 1699
806 1332
806 1334
806 1867
808 1419
808 1554
808 1556
809 819
809 1084
809 1643
810 1285
810 1579
811 1197
812 1057
812 1492
812 1619
812 1655
813 1203
814 817
814 1185
814 1830
815 1414
815 1674
815 1842
817 854
817 1195
817 1237
817 1368
818 1055
818 1164
819 1186
819 1436
819 1749
820 1164
821 1137
821 1570
822 1709
823 1186
823 1653
824 1478
824 1743
824 1821
825 1461
825 1679
825 1994
826 913
826 1084
826 1362
827 1012
827 1546
827 1886
827 1950
828 983
828 1458
829 1124
829 1250
831 1026
832 865
832 1284
833 954
833 980
833 1103
833 1550
833 1837
834 1370
835 921
835 1081
835 1248
835 1277
835 1565
835 1689
836 1105
836 1344
836 1379
836 1689
836 1713
836 1965
837 1072
837 1407
838 983
838 1114
838 1211
838 1477
838 1771
839 1781
840 973
840 1843
842 1025
842 1642
843 1263
843 1703
843 1780
844 1051
844 1211
844 1504
845 1019
845 1099
845 1354
845 1476
845 1540
846 1009
846 1168
846 1766
846 1782
848 891
848 1323
848 1389
849 1070
849 1453
849 1930
850 1656
851 899
852 1021
852 1150
852 1411
852 1542
852 1636
852 1690
853 1217
854 1044
854 1180
854 1294
854 1600
854 1690
854 1749
855 1236
855 1566
855 1759
855 1851
856 1174
856 1732
856 1951
856 1973
857 1618
857 1885
858 1451
859 1196
859 1409
859 1726
860 927
860 1409
860 1737
860 1921
860 1947
861 1470
861 1812
862 1194
864 1008
864 1132
864 1250
864 1512
865 1037
865 1318
865 1783
867 1507
868 1172
869 899
869 1253
869 1304
870 1406
870 1414
870 1850
870 1872
871 875
871 884
871 1499
872 887
872 1986
873 895
873 1142
873 1710
875 1962
876 917
876 1119
876 1426
876 1689
876 1989
877 1276
877 1293
878 1016
878 1121
878 1253
878 1292
878 1927
878 1969
880 1584
880 1747
880 1896
881 1221
881 1951
882 1062
882 1959
883 933
883 977
883 1679
885 998
885 1103
885 1576
885 1970
886 1398
886 1681
886 1769
887 1456
887 1539
887 1673
887 1748
887 1776
888 1385
888 1457
888 1555
889 1293
889 1422
889 1797
890 916
891 1027
891 1663
891 1978
892 1183
892 1596
892 1597
894 1147
894 1209
894 1736
895 1518
896 941
898 1375
898 1881
898 1898
899 1251
899 1762
899 1877
900 1863
901 1346
901 1767
902 1740
903 1142
903 1151
903 1344
903 1398
903 1874
903 1929
904 1534
904 1535
905 1184
906 1033
906 1637
907 964
911 1149
911 1630
911 1675
911 1720
912 1410
912 1704
913 1230
914 1039
915 1625
915 1750
915 1959
915 1977
916 1849
918 1223
918 1680
919 1655
921 1985
922 946
922 966
922 1436
922 1741
922 1757
923 1492
923 1945
924 1685
924 1878
925 1173
925 1495
925 1595
926 1413
926 1870
927 1181
927 1575
928 1659
928 1671
928 1681
929 1042
929 1136
929 1396
929 1465
929 1542
929 1812
930 1051
930 1343
930 1657
930 1690
931 1258
931 1270
931 1663
932 1166
932 1231
932 1964
933 974
933 1069
933 1202
933 1399
933 1441
933 1689
934 1930
935 975
936 1059
937 1451
937 1676
938 1873
938 1996
939 1917
940 1356
940 1475
940 1814
941 1031
942 1637
942 1926
942 1961
943 1168
944 1610
944 1878
945 1672
946 1317
946 1412
946 1916
947 1484
947 1702
947 1850
947 1904
948 1184
948 1999
949 1029
949 1653
950 1256
950 1429
950 1524
950 1694
951 968
951 1174
951 1919
952 1823
952 1951
953 1029
953 1881
954 1806
954 1952
955 1003
955 1100
955 1596
956 1415
956 1428
957 1215
957 1937
958 1130
958 1795
959 968
960 1430
960 1475
960 1513
960 1760
961 1383
961 1779
962 1510
962 1766
962 1931
962 1972
963 1824
964 1226
964 1818
965 1077
965 1349
965 1778
965 1842
967 1929
968 1386
968 1868
968 1927
969 1260
970 1909
971 1429
972 1440
972 1467
974 1321
974 1326
974 1521
975 1206
975 1371
975 1522
976 1749
977 1460
978 1627
978 1843
978 1952
979 1065
979 1488
979 1865
980 1824
980 1879
980 1971
981 1388
981 1890
981 1910
982 1490
982 1539
982 1924
983 1098
983 1273
983 1596
984 1107
984 1178
984 1557
984 1578
985 1418
986 1127
986 1312
986 1549
986 1810
989 1040
989 1859
990 1035
990 1426
990 1466
991 1195
991 1197
993 1233
993 1741
993 1980
995 1310
995 1641
995 1896
996 1128
997 1086
997 1126
998 1092
998 1645
998 1829
998 1899
999 1400
999 1797
999 1894
1000 1713
1001 1303
1001 1334
1002 1560
1002 1836
1002 1925
1004 1034
1005 1628
1006 1030
1006 1370
1006 1432
1006 1886
1008 1052
1008 1382
1010 1402
1010 1811
1011 1087
1011 1224
1011 1350
1011 1801
1011 1823
1012 1430
1012 1612
1012 1695
1012 1843
1013 1117
1013 1586
1013 1949
1014 1055
1016 1165
1016 1270
1016 1395
1016 1684
1017 1576
1018 1110
1018 1264
1022 1065
1022 1460
1022 1734
1022 1933
1023 1093
1023 1869
1024 1361
1024 1893
1025 1051
1025 1304
1025 1342
1025 1834
1026 1431
1026 1657
1027 1175
1027 1349
1027 1919
1028 1574
1029 1427
1029 1728
1029 1781
1029 1797
1030 1082
1030 1216
1031 1299
1031 1493
1031 1860
1032 1745
1033 1421
1033 1528
1034 1580
1034 1585
1034 1661
1036 1251
1036 1639
1036 1878
1038 1307
1038 1737
1039 1084
1039 1115
1039 1851
1039 1958
1039 1963
1040 1048
1040 1699
1040 1783
1042 1081
1042 1495
1043 1647
1044 1722
1045 1326
1046 1047
1047 1467
1047 1623
1047 1882
1047 1891
1049 1509
1049 1937
1049 1982
1051 1619
1052 1080
1052 1849
1053 1533
1053 1903
1053 1972
1054 1443
1054 1773
1056 1550
1057 1377
1058 1162
1058 1343
1059 1069
1059 1625
1059 1766
1060 1551
1061 1567
1061 1918
1062 1753
1063 1166
1064 1592
1064 1619
1064 1891
1065 1066
1065 1201
1065 1298
1066 1453
1066 1648
1067 1629
1068 1075
1069 1220
1069 1412
1069 1855
1070 1093
1070 1268
1070 1470
1070 1670
1070 1831
1071 1077
1071 1468
1072 1158
1072 1621
1073 1708
1074 1173
1075 1658
1075 1911
1078 1205
1079 1282
1080 1262
1081 1351
1081 1531
1081 1712
1081 1790
1081 1923
1082 1629
1082 1934
1083 1547
1083 1575
1084 1263
1084 1720
1085 1253
1085 1258
1085 1350
1086 1311
1086 1527
1086 1695
1087 1236
1087 1900
1089 1096
1090 1351
1090 1427
1090 1661
1091 1699
1092 1397
1092 1747
1093 1216
1093 1241
1093 1730
1093 1767
1095 1414
1095 1582
1095 1884
1096 1652
1097 1774
1097 1834
1097 1952
1098 1406
1098 1718
1098 1968
1099 1361
1099 1604
1100 1168
1100 1295
1100 1311
1100 1316
1101 1363
1102 1142
1102 1890
1102 1987
1103 1506
1103 1880
1104 1476
1104 1854
1104 1888
1105 1472
1105 1886
1106 1185
1106 1968
1107 1186
1107 1296
1107 1571
1108 1225
1108 1622
1109 1437
1109 1827
1110 1229
1112 1547
1112 1766
1112 1820
1112 1935
1113 1341
1114 1442
1115 1267
1115 1662
1115 1965
1116 1178
1116 1746
1117 1395
1118 1601
1118 1989
1120 1470
1120 1873
1120 1891
1122 1627
1123 1387
1123 1901
1124 1524
1125 1229
1125 1616
1125 1799
1125 1864
1125 1873
1125 1876
1127 1205
1127 1349
1127 1743
1127 1860
1128 1630
1129 1390
1130 1137
1130 1613
1131 1692
1132 1674
1132 1849
1133 1245
1134 1295
1134 1470
1135 1217
1135 1910
1135 1951
1136 1229
1136 1802
1138 1339
1139 1273
1139 1540
1139 1582
1140 1161
1140 1652
1141 1470
1141 1866
1144 1279
1144 1610
1144 1908
1149 1154
1149 1373
1149 1515
1149 1659
1151 1483
1151 1646
1151 1671
1152 1503
1153 1210
1154 1573
1154 1672
1155 1321
1155 1533
1156 1187
1156 1352
1157 1462
1157 1778
1158 1368
1158 1503
1159 1235
1159 1636
1159 1993
1161 1178
1161 1282
1161 1475
1162 1944
1163 1567
1164 1362
1164 1807
1166 1188
1166 1970
1167 1577
1167 1724
1167 1928
1168 1259
1168 1552
1170 1568
1171 1490
1172 1618
1172 1960
1173 1261
1173 1530
1173 1580
1174 1251
1175 1211
1175 1261
1176 1614
1177 1361
1177 1759
1178 1233
1178 1291
1178 1860
1178 1936
1178 1962
1179 1379
1179 1684
1180 1373
1180 1376
1180 1505
1183 1330
1183 1335
1183 1973
1184 1203
1185 1228
1185 1414
1185 1993
1186 1313
1186 1334
1186 1934
1187 1244
1187 1364
1188 1435
1188 1937
1189 1793
1189 1832
1190 1490
1191 1358
1192 1217
1192 1325
1192 1385
1192 1604
1193 1892
1195 1807
1197 1919
1198 1693
1199 1733
1199 1983
1200 1425
1201 1426
1201 1669
1201 1774
1202 1566
1203 1260
1203 1336
1203 1930
1203 1939
1203 1985
1204 1818
1206 1560
1206 1645
1207 1479
1209 1559
1210 1248
1210 1513
1211 1228
1212 1567
1212 1642
1212 1770
1214 1640
1214 1789
1216 1445
1216 1801
1216 1881
1218 1371
1219 1448
1220 1995
1222 1309
1222 1415
1222 1712
1224 1800
1224 1855
1225 1770
1225 1919
1226 1898
1227 1243
1227 1301
1228 1828
1229 1324
1229 1901
1230 1671
1231 1416
1232 1940
1233 1490
1233 1599
1234 1296
1234 1305
1235 1641
1235 1763
1235 1800
1236 1321
1236 1553
1236 1581
1237 1494
1238 1356
1238 1491
1238 1954
1239 1514
1239 1945
1240 1368
1240 1616
1241 1390
1241 1650
1241 1888
1242 1554
1243 1413
1244 1649
1245 1406
1245 1881
1246 1676
1247 1856
1248 1278
1248 1753
1249 1404
1249 1533
1250 1352
1250 1479
1251 1474
1251 1577
1252 1385
1252 1457
1252 1545
1252 1838
1252 1989
1253 1504
1253 1785
1253 1790
1254 1747
1255 1590
1256 1491
1256 1696
1257 1523
1257 1590
1259 1321
1259 1733
1259 1867
1259 1910
1259 1967
1260 1549
1260 1980
1261 1501
1262 1575
1263 1506
1263 1964
1264 1299
1264 1882
1265 1784
1266 1510
1266 1743
1267 1680
1268 1532
1268 1598
1269 1642
1269 1677
1270 1384
1270 1535
1270 1886
1271 1548
1272 1766
1272 1793
1272 1921
1274 1382
1276 1306
1276 1391
1276 1666
1280 1606
1280 1976
1282 1691
1283 1509
1283 1782
1283 1819
1284 1538
1285 1836
1286 1408
1286 1926
1287 1887
1288 1461
1289 1550
1290 1672
1291 1571
1292 1483
1292 1542
1292 1556
1293 1579
1293 1996
1294 1610
1295 1495
1295 1528
1296 1350
1298 1910
1300 1892
1301 1468
1302 1737
1303 1352
1303 1642
1303 1987
1305 1664
1305 1677
1305 1813
1305 1821
1306 1362
1306 1400
1306 1487
1306 1827
1308 1679
1308 1719
1309 1326
1309 1552
1310 1736
1312 1979
1313 1790
1314 1849
1315 1357
1316 1993
1317 1361
1317 1633
1319 1509
1322 1876
1323 1386
1323 1578
1324 1441
1328 1605
1329 1330
1329 1565
1329 1615
1329 1731
1329 1796
1330 1909
1330 1961
1331 1626
1333 1345
1333 1567
1333 1734
1334 1350
1334 1844
1334 1873
1335 1892
1336 1587
1337 1549
1339 1735
1340 1512
1340 1535
1340 1609
1341 1381
1346 1769
1346 1987
1347 1368
1347 1422
1348 1428
1348 1603
1348 1643
1348 1699
1350 1751
1351 1744
1352 1882
1353 1438
1354 1888
1356 1521
1357 1648
1357 1667
1357 1743
1358 1520
1359 1393
1359 1809
1360 1547
1360 1651
1361 1423
1361 1494
1361 1871
1362 1426
1362 1559
1362 1989
1365 1395
1367 1532
1369 1378
1372 1408
1372 1471
1372 1949
1374 1748
1375 1377
1375 1405
1376 1587
1376 1656
1376 1692
1377 1586
1377 1662
1378 1755
1379 1426
1379 1579
1379 1689
1380 1897
1381 1570
1381 1740
1381 1910
1381 1990
1383 1759
1385 1893
1385 1932
1386 1936
1390 1780
1391 1409
1395 1627
1396 1494
1396 1766
1397 1934
1397 1970
1398 1710
1398 1818
1399 1412
1399 1601
1400 1834
1404 1468
1405 1821
1406 1766
1407 1412
1408 1886
1408 1922
1408 1976
1409 1947
1410 1730
1411 1759
1414 1888
1416 1497
1416 1546
1416 1843
1417 1491
1418 1670
1421 1465
1422 1840
1424 1714
1425 1523
1428 1600
1428 1816
1429 1464
1429 1567
1429 1751
1430 1490
1430 1533
1430 1675
1431 1827
1432 1640
1432 1695
1433 1560
1433 1916
1435 1504
1437 1847
1440 1588
1440 1813
1442 1815
1444 1709
1444 1730
1444 1784
1444 1810
1445 1844
1445 1857
1446 1498
1446 1502
1447 1552
1447 1613
1449 1783
1449 1965
1450 1762
1451 1510
1451 1612
1453 1557
1453 1884
1454 1475
1454 1659
1454 1999
1455 1709
1455 1851
1455 1929
1456 1486
1456 1751
1458 1577
1458 1584
1458 1746
1459 1832
1460 1569
1460 1622
1461 1477
1461 1618
1462 1470
1462 1753
1462 1832
1463 1493
1464 1758
1465 1659
1465 1883
1468 1558
1468 1856
1469 1892
1471 1622
1471 1771
1473 1913
1473 1993
1474 1725
1475 1893
1476 1648
1477 1981
1479 1905
1480 1676
1480 1891
1482 1782
1482 1944
1482 1980
1484 1840
1484 1889
1484 1997
1485 1910
1485 1989
1488 1514
1490 1814
1491 1821
1492 1762
1493 1564
1493 1781
1493 1876
1493 1926
1495 1519
1497 1832
1500 1655
1501 1869
1502 1584
1503 1850
1505 1944
1506 1711
1507 1762
1509 1702
1510 1765
1511 1581
1512 1524
1514 1752
1518 1903
1520 1559
1520 1704
1520 1758
1520 1971
1521 1640
1521 1988
1523 1687
1524 1758
1524 1822
1526 1833
1526 1918
1527 1833
1529 1707
1529 1956
1531 1539
1533 1574
1533 1906
1533 1914
1533 1975
1535 1714
1535 1934
1535 1946
1536 1728
1543 1548
1543 1713
1543 1745
1543 1986
1543 1993
1546 1635
1548 1809
1549 1622
1549 1806
1549 1871
1550 1628
1550 1700
1551 1764
1551 1924
1551 1990
1553 1853
1555 1666
1555 1777
1558 1951
1561 1714
1564 1817
1564 1848
1565 1850
1566 1574
1569 1934
1572 1684
1572 1870
1573 1621
1573 1723
1573 1792
1573 1844
1573 1897
1574 1585
1574 1657
1574 1850
1576 1772
1580 1628
1580 1760
1580 1885
1583 1716
1584 1622
1585 1816
1586 1650
1587 1703
1588 1768
1588 1800
1589 1959
1592 1633
1593 1662
1593 1817
1593 1937
1593 1965
1594 1819
1597 1743
1601 1627
1601 1681
1601 1701
1601 1720
1601 1916
1602 1826
1602 1953
1603 1869
1604 1802
1604 1828
1604 1860
1606 1640
1606 1829
1606 1841
1607 1633
1611 1784
1611 1977
1612 1820
1613 1975
1614 1787
1616 1691
1616 1743
1616 1801
1618 1649
1621 1842
1623 1719
1627 1854
1631 1851
1633 1791
1634 1719
1635 1726
1635 1960
1637 1902
1638 1899
1639 1868
1639 1872
1640 1972
1641 1823
1643 1817
1644 1843
1645 1826
1645 1981
1646 1789
1646 1913
1648 1841
1651 1859
1652 1670
1653 1937
1655 1759
1655 1822
1656 1667
1656 1715
1656 1867
1657 1829
1657 1971
1658 1840
1659 1830
1660 1737
1661 1744
1661 1763
1661 1779
1661 1942
1662 1802
1664 1921
1664 1969
1665 1985
1666 1863
1667 1812
1669 1944
1670 1701
1673 1679
1676 1912
1676 1984
1677 1757
1677 1907
1677 1958
1679 1792
1680 1696
1680 1702
1680 1755
1680 1786
1681 1926
1682 1977
1684 1713
1684 1799
1687 1932
1688 1732
1688 1918
1690 1759
1691 1787
1692 1787
1692 1977
1693 1884
1695 1696
1699 1831
1699 1843
1700 1740
1701 1798
1702 1718
1703 1841
1711 1968
1715 1920
1715 1930
1715 1964
1716 1809
1717 1851
1719 1764
1720 1749
1721 1937
1723 1728
1723 1754
1725 1926
1733 1804
1735 1905
1738 1876
1738 1964
1741 1759
1748 1749
1750 1933
1753 1956
1754 1893
1759 1871
1767 1822
1772 1877
1773 1845
1776 1800
1777 1837
1777 1897
1777 1932
1782 1988
1786 1869
1792 1869
1793 1898
1794 1870
1794 1894
1798 1807
1798 1889
1811 1886
1814 1849
1815 1821
1815 1852
1815 1922
1817 1875
1821 1894
1824 1860
1827 1880
1828 1937
1831 1874
1831 1924
1832 1842
1842 1895
1843 1907
1844 1907
1850 1882
1857 1906
1859 1883
1859 1980
1860 1989
1864 1972
1865 1997
1870 1895
1874 1911
1875 1942
1877 1900
1877 1905
1886 1972
1887 1969
1902 1925
1906 1930
1920 1933
1926 1977
1927 1938
1939 1944
1963 1985
1973 1978
1982 1997
