0 1
0 32
1 2
1 33
4 5
6 38
8 9
9 10
9 41
10 11
10 42
12 44
14 46
16 17
17 18
17 49
18 19
19 20
19 51
20 21
21 53
22 54
23 24
24 25
26 27
26 58
27 28
29 30
29 61
30 31
30 62
31 63
32 64
33 65
34 66
35 36
37 69
38 39
38 70
39 40
39 71
40 41
40 72
42 43
42 74
44 45
44 76
45 46
46 47
47 48
47 79
48 49
48 80
49 81
50 51
51 52
51 83
52 53
52 84
55 87
56 57
56 88
57 89
58 59
58 90
59 60
60 92
61 62
61 93
62 63
64 96
65 66
66 67
66 98
67 99
68 69
68 100
69 101
70 71
70 102
71 103
72 73
73 105
74 75
77 78
77 109
78 79
78 110
79 80
80 112
81 82
81 113
82 83
82 114
83 84
83 115
84 85
84 116
85 86
86 87
87 119
89 90
89 121
90 91
91 92
91 123
92 93
92 124
93 94
94 126
95 127
96 97
96 128
97 98
97 129
98 99
98 130
99 100
99 131
100 132
101 133
102 103
102 134
103 104
104 136
105 137
106 107
106 138
108 109
108 140
109 110
109 141
110 111
110 142
111 143
112 113
112 144
113 114
114 115
114 146
117 118
117 149
118 119
118 150
119 151
120 121
121 122
122 123
122 154
123 124
124 125
124 156
126 127
126 158
127 159
129 130
130 131
131 132
131 163
132 133
135 136
137 138
138 139
138 170
139 171
140 141
141 142
142 143
143 144
143 175
144 176
145 146
146 147
146 178
147 148
147 179
148 149
149 150
149 181
150 151
150 182
151 152
151 183
152 153
152 184
153 154
154 155
154 186
155 187
156 157
156 188
157 158
157 189
158 190
159 191
160 161
160 192
161 162
161 193
164 196
165 166
165 197
166 198
167 199
168 169
169 170
170 171
171 172
171 203
172 204
173 174
174 175
176 177
176 208
177 178
177 209
179 180
179 211
180 181
180 212
182 183
182 214
184 185
185 186
185 217
186 187
186 218
187 188
188 189
188 220
189 221
193 225
194 226
195 196
196 197
196 228
197 198
197 229
198 199
198 230
200 201
200 232
201 233
202 234
204 205
205 206
205 237
206 207
206 238
207 239
208 209
208 240
209 210
211 243
212 244
213 214
213 245
214 215
214 246
216 217
216 248
217 249
219 220
220 252
222 223
223 255
224 225
224 256
225 226
226 258
228 229
228 260
230 262
231 232
231 263
233 234
233 265
234 266
235 236
235 267
236 237
236 268
237 238
238 239
238 270
239 240
239 271
240 272
241 273
242 274
244 245
247 248
247 279
248 280
249 250
250 251
250 282
251 252
251 283
253 254
253 285
254 255
255 287
256 257
256 288
257 289
258 259
259 260
260 261
262 263
262 294
263 264
263 295
264 265
264 296
265 297
266 267
266 298
270 271
270 302
271 272
271 303
275 276
276 277
277 278
278 279
279 280
279 311
280 281
280 312
281 282
283 315
284 316
285 317
286 287
288 289
289 290
289 321
290 291
290 322
291 323
292 293
292 324
293 294
293 325
294 295
294 326
296 297
296 328
298 330
299 331
300 332
301 302
301 333
302 303
303 304
304 305
306 307
306 338
307 308
308 340
309 310
309 341
310 342
311 312
311 343
312 313
314 315
315 316
315 347
317 318
317 349
318 319
318 350
319 351
320 321
320 352
321 322
322 323
324 325
324 356
325 357
326 327
327 328
327 359
328 360
329 361
330 331
330 362
331 332
331 363
333 334
335 367
337 338
338 370
339 340
339 371
340 372
341 342
341 373
342 374
343 344
343 375
344 345
347 348
347 379
348 349
349 350
349 381
350 382
351 383
353 354
353 385
354 386
355 356
355 387
356 357
357 358
358 359
358 390
360 361
361 362
362 363
363 364
363 395
364 365
364 396
365 366
367 368
367 399
368 369
368 400
369 401
370 371
370 402
371 372
371 403
372 404
374 375
375 376
377 378
379 380
379 411
380 381
380 412
381 382
382 414
383 415
384 385
384 416
385 417
386 387
386 418
387 388
388 420
389 421
390 391
392 393
392 424
393 394
394 395
394 426
395 396
395 427
396 397
396 428
397 398
398 399
399 400
399 431
400 401
400 432
401 402
401 433
402 434
403 435
404 405
404 436
405 406
405 437
406 407
406 438
407 408
407 439
409 441
410 411
411 443
413 414
414 415
414 446
416 417
416 448
417 418
418 450
419 420
420 421
421 422
421 453
422 454
423 455
424 425
424 456
425 426
425 457
426 427
427 428
429 430
432 433
433 434
435 436
436 468
437 469
438 439
440 441
440 472
441 442
441 473
442 443
442 474
443 444
443 475
444 445
444 476
445 477
447 479
448 449
450 482
451 452
451 483
452 484
453 454
453 485
454 455
455 456
455 487
456 488
457 458
457 489
458 459
458 490
460 461
461 462
462 463
462 494
463 464
463 495
464 465
464 496
465 466
465 497
466 467
467 468
467 499
469 470
469 501
470 502
471 503
472 504
473 474
473 505
474 506
475 507
476 477
476 508
477 478
477 509
478 479
478 510
479 511
480 481
480 512
481 482
481 513
482 514
483 484
484 485
484 516
485 486
486 518
487 488
487 519
488 489
489 490
489 521
490 491
490 522
491 492
491 523
492 493
492 524
493 525
494 495
494 526
496 497
496 528
497 498
497 529
498 499
498 530
499 500
500 501
500 532
502 503
503 535
504 536
505 506
505 537
506 507
506 538
507 508
507 539
509 510
509 541
510 511
511 543
512 513
512 544
513 514
513 545
514 515
515 547
516 517
517 518
520 552
523 524
524 525
525 526
526 527
527 528
528 560
529 530
529 561
530 531
530 562
531 563
532 533
532 564
533 534
533 565
534 566
536 568
538 539
539 571
540 572
543 575
544 545
545 546
545 577
546 547
546 578
547 579
548 549
548 580
549 581
550 582
551 552
552 584
553 554
553 585
554 555
554 586
555 587
556 557
556 588
557 589
558 559
558 590
559 591
560 561
560 592
561 593
562 563
562 594
564 596
566 598
567 568
567 599
569 570
569 601
570 571
570 602
572 573
572 604
574 575
574 606
575 607
576 577
577 578
577 609
578 579
580 612
581 613
582 583
584 585
584 616
585 617
586 587
587 588
587 619
588 589
589 590
590 622
592 593
592 624
593 594
593 625
595 627
596 597
596 628
597 598
597 629
598 599
599 600
599 631
600 601
601 602
601 633
602 634
603 635
604 605
604 636
605 606
606 607
608 609
608 640
609 610
609 641
610 611
610 642
611 643
612 644
614 615
616 648
618 619
619 620
619 651
620 652
621 622
623 624
624 625
624 656
625 657
627 628
627 659
628 660
630 662
631 632
631 663
632 633
632 664
633 634
634 635
634 666
635 636
636 637
636 668
637 669
638 670
640 641
640 672
641 673
642 674
643 675
644 645
644 676
645 646
646 647
647 648
647 679
648 649
649 681
650 651
651 683
652 653
652 684
653 685
654 655
656 657
656 688
657 658
657 689
658 690
659 660
659 691
660 661
660 692
661 662
661 693
662 663
662 694
663 695
664 665
664 696
665 666
665 697
666 667
668 669
668 700
669 670
669 701
670 702
671 703
672 673
672 704
673 674
673 705
674 706
675 676
675 707
676 677
676 708
677 678
677 709
678 710
679 711
681 713
683 684
683 715
684 685
684 716
685 717
686 687
687 688
688 720
689 721
690 691
691 692
691 723
694 726
695 727
696 728
697 698
697 729
698 699
699 700
699 731
700 732
702 734
704 736
705 706
706 707
706 738
707 708
707 739
708 709
708 740
709 741
711 712
711 743
712 713
712 744
713 714
713 745
714 715
714 746
715 747
716 717
717 718
717 749
718 719
719 720
719 751
720 721
720 752
722 723
723 724
724 725
724 756
725 757
726 758
727 728
727 759
728 760
729 730
729 761
730 731
731 732
731 763
732 733
733 765
734 766
736 768
737 738
738 739
738 770
739 740
739 771
740 772
741 773
742 774
743 775
745 777
746 747
747 748
747 779
748 749
748 780
749 750
749 781
750 751
751 783
752 753
753 754
754 755
754 786
755 756
755 787
756 757
756 788
757 758
758 759
758 790
759 791
760 761
760 792
761 762
761 793
764 796
765 766
765 797
766 767
768 769
770 802
771 803
773 774
774 775
775 807
776 777
776 808
777 778
777 809
778 779
779 780
779 811
780 812
781 813
784 785
785 786
786 818
787 788
787 819
788 789
788 820
789 790
791 792
792 793
792 824
793 825
794 795
794 826
795 827
796 828
798 830
799 831
800 801
801 802
801 833
802 803
803 804
805 806
806 807
808 840
809 810
810 811
812 813
813 845
815 816
816 817
816 848
817 818
818 819
818 850
820 852
821 822
822 823
823 824
823 855
824 825
824 856
825 857
826 858
827 859
828 829
828 860
829 830
829 861
830 862
831 863
832 864
835 836
835 867
836 837
836 868
837 838
838 839
838 870
839 840
840 841
841 842
843 844
843 875
844 876
847 879
848 849
849 850
849 881
851 883
852 853
853 885
854 886
855 887
857 858
858 859
858 890
859 860
859 891
860 861
862 863
862 894
864 865
864 896
865 866
865 897
866 867
866 898
867 868
867 899
869 870
869 901
870 871
870 902
871 903
872 904
873 905
874 906
875 907
876 877
876 908
877 878
878 879
878 910
879 911
880 912
881 913
882 883
882 914
883 884
884 885
884 916
885 886
885 917
886 887
887 919
888 920
889 921
890 891
890 922
891 892
891 923
892 893
893 925
894 895
894 926
896 897
897 929
898 899
898 930
899 900
900 901
900 932
901 902
901 933
902 903
903 935
904 936
905 906
906 938
908 909
908 940
909 941
910 911
911 912
913 945
914 915
915 916
916 948
917 918
918 919
918 950
919 920
919 951
920 921
920 952
921 922
921 953
923 924
923 955
924 956
925 926
926 927
926 958
927 959
928 929
929 930
929 961
932 933
933 934
933 965
934 935
934 966
935 967
936 968
937 938
938 970
939 940
940 972
941 973
942 974
943 944
944 945
945 946
945 977
946 978
948 949
948 980
949 950
949 981
950 951
951 952
951 983
952 953
952 984
953 985
954 955
954 986
955 956
956 988
958 959
958 990
959 991
960 992
961 962
961 993
963 964
963 995
964 965
964 996
966 967
966 998
967 999
968 969
969 970
969 1001
970 1002
971 1003
972 973
972 1004
973 974
974 975
975 1007
976 1008
977 978
977 1009
979 980
979 1011
981 982
982 983
983 1015
984 985
984 1016
985 986
986 1018
988 989
989 990
990 991
990 1022
993 994
995 996
1000 1001
1002 1003
1003 1004
1004 1005
1005 1006
1008 1009
1011 1012
1012 1013
1015 1016
1017 1018
1019 1020
1020 1021
1022 1023
