0 71
0 785
0 985
1 193
1 276
1 571
1 894
1 912
2 101
2 216
2 952
3 36
3 258
3 683
4 335
4 447
4 520
4 582
5 13
5 28
5 313
5 603
5 737
5 762
5 810
5 815
6 684
6 732
6 889
7 32
7 150
7 295
7 401
7 798
7 903
7 929
8 28
8 136
8 186
8 373
8 445
8 481
8 577
8 923
9 30
9 702
9 775
9 969
10 140
10 190
10 242
10 303
10 319
10 380
10 417
10 943
11 29
11 111
11 130
11 285
11 347
11 568
11 701
12 238
12 275
12 463
12 649
13 297
13 467
13 616
14 97
14 280
14 350
14 416
14 471
14 547
15 89
15 356
15 553
15 959
15 962
16 736
16 746
16 753
16 819
16 894
17 63
17 168
17 297
17 396
17 466
17 477
18 98
18 224
18 835
18 884
19 57
19 215
19 515
19 822
20 46
20 224
20 430
20 643
21 161
21 277
21 508
21 540
21 580
21 986
22 545
22 646
22 760
23 175
23 481
23 640
23 688
23 900
23 989
24 38
24 133
24 831
25 166
25 399
25 541
25 674
25 827
25 917
26 51
26 683
26 983
27 212
27 313
27 675
27 712
27 938
28 97
29 540
29 783
30 55
30 131
30 348
30 729
30 752
30 815
31 179
31 192
31 559
31 968
31 973
32 111
32 501
32 830
33 808
33 965
34 568
34 770
35 50
35 105
35 192
35 252
35 581
35 618
36 276
36 932
37 242
37 666
38 770
38 776
38 964
38 979
39 741
40 98
40 172
40 417
40 586
40 611
40 841
40 897
40 907
40 999
41 271
41 495
41 499
42 273
42 405
42 981
43 454
43 677
43 785
43 870
44 302
44 509
44 920
45 456
45 539
45 691
45 892
46 276
46 509
46 533
47 160
47 206
47 262
47 421
47 925
48 485
48 641
49 636
50 342
50 497
51 92
51 486
51 581
52 53
52 280
52 452
52 595
52 619
52 717
52 896
53 458
53 467
53 586
53 727
54 172
54 770
54 951
54 954
55 269
55 756
56 110
56 169
56 343
56 474
56 504
56 733
56 777
56 875
57 301
57 352
57 573
58 98
58 129
58 169
58 241
58 434
58 480
58 590
59 452
60 441
60 507
61 263
61 624
62 151
62 369
62 534
63 68
63 116
63 662
63 735
63 870
64 131
64 984
65 199
65 427
65 673
65 969
66 370
66 460
66 653
66 712
66 772
66 958
67 250
67 394
67 717
67 847
68 436
68 740
68 917
69 156
69 555
69 556
69 768
70 413
70 490
70 670
70 723
70 794
70 907
71 127
71 459
71 962
72 263
72 642
72 947
73 144
73 719
74 101
74 867
74 926
76 290
76 630
76 666
76 815
77 820
78 165
78 376
78 397
78 550
78 778
78 794
78 871
78 884
79 164
79 834
79 935
79 984
80 507
80 742
80 763
80 853
81 99
81 389
82 341
82 541
82 677
82 955
83 526
83 761
83 793
84 146
84 346
84 535
84 600
84 730
84 894
85 117
85 713
86 339
86 804
86 946
87 91
87 379
87 761
87 790
88 97
88 635
88 723
88 727
88 915
89 300
89 323
89 815
90 152
90 580
90 643
90 871
91 272
91 821
91 869
92 297
92 382
92 551
92 997
93 217
93 418
93 570
93 703
93 878
93 958
94 222
94 874
94 999
95 207
95 936
95 972
96 255
96 525
96 924
97 123
97 248
97 259
98 489
98 719
98 767
99 552
99 961
100 120
100 185
100 812
100 895
101 195
103 106
103 114
103 191
103 574
103 626
103 799
103 986
104 106
104 176
104 741
105 179
105 216
105 475
105 722
105 796
106 654
107 160
108 132
108 466
108 750
109 347
109 596
110 152
110 307
111 270
111 437
111 504
111 948
112 169
112 392
112 773
112 909
113 394
113 656
113 718
113 921
113 946
114 194
114 348
114 381
115 898
116 726
117 196
117 329
117 548
117 819
117 889
117 905
117 915
118 711
118 810
118 889
118 974
119 355
119 453
120 270
120 710
122 206
122 703
122 711
122 780
123 242
123 408
123 420
123 500
123 559
124 441
124 657
124 702
125 137
125 152
125 656
125 748
126 138
126 733
126 805
127 325
127 993
128 180
128 836
129 750
130 421
130 859
131 329
131 534
131 838
132 135
132 596
134 386
134 515
134 867
134 993
135 176
135 313
135 694
135 727
135 847
136 327
136 537
136 641
136 977
137 929
138 402
138 416
138 526
138 542
139 325
139 487
139 563
139 634
139 888
139 929
140 163
140 264
140 448
140 884
141 236
141 526
141 624
142 243
142 356
142 382
142 579
142 609
142 807
142 831
143 174
143 283
143 536
144 388
144 486
144 712
145 747
145 834
145 950
146 448
146 654
146 803
146 965
147 173
147 750
147 870
147 930
147 958
148 520
149 275
149 416
149 583
150 457
150 539
151 179
151 279
151 415
152 212
152 466
152 614
152 651
152 890
152 980
154 157
154 362
154 501
154 536
154 827
154 906
154 984
155 455
155 553
155 852
156 194
156 293
156 335
156 633
156 695
157 240
157 486
157 876
158 738
158 797
158 871
158 906
159 231
159 454
159 559
159 680
159 786
159 889
160 376
160 488
160 616
161 541
162 398
162 627
162 709
162 928
163 188
164 406
164 659
164 890
165 349
165 351
166 296
166 466
166 633
166 786
166 903
166 939
166 971
167 646
167 724
167 911
168 463
168 599
168 884
168 984
169 221
169 874
169 883
169 903
170 408
170 451
170 527
170 767
171 438
171 647
172 487
172 812
172 902
173 667
173 979
174 598
174 945
175 233
175 949
176 184
176 221
176 228
176 313
176 714
177 863
177 905
178 350
178 436
178 514
178 926
179 410
179 662
179 719
179 724
179 733
179 774
179 964
180 264
180 413
180 660
181 379
181 417
181 621
181 668
181 847
182 783
182 841
182 984
183 442
183 666
183 687
183 939
184 297
184 542
184 637
184 689
184 884
185 217
185 262
185 385
185 444
185 572
185 963
186 236
186 344
186 384
186 474
186 723
187 271
187 383
188 282
189 679
190 352
190 715
191 781
191 901
192 287
192 618
192 802
192 837
192 870
193 362
193 447
194 521
194 744
194 864
195 358
195 418
195 495
195 512
195 526
195 816
195 912
195 989
196 352
196 361
196 550
196 560
196 635
196 651
196 965
196 998
197 357
197 362
197 383
197 582
197 620
197 728
198 215
198 306
199 467
199 631
199 690
199 942
200 403
200 419
200 588
200 594
201 335
201 344
201 545
201 697
201 769
201 965
202 318
203 826
203 854
203 858
203 966
203 989
204 471
204 612
204 950
204 954
205 994
206 267
206 793
207 675
207 870
208 403
208 825
209 288
210 454
211 288
211 414
211 543
211 560
211 772
211 983
212 308
212 536
212 788
213 385
213 698
214 562
214 694
215 590
215 719
216 309
216 954
217 452
217 492
217 619
217 850
218 243
218 262
218 313
218 404
218 781
218 876
218 888
218 954
219 484
219 673
219 786
219 887
219 897
220 241
220 627
221 318
221 425
221 670
221 748
222 787
222 791
222 922
223 503
224 262
224 900
224 976
226 508
226 538
226 556
227 367
227 850
227 971
228 543
228 767
229 266
229 474
229 631
229 719
229 783
230 233
230 533
230 566
230 646
230 817
231 452
231 663
232 508
232 603
232 692
232 765
232 766
232 934
233 333
233 347
233 482
233 653
234 304
234 353
234 499
234 763
235 255
235 256
235 707
235 801
236 245
236 474
236 529
237 384
237 629
237 713
237 938
238 512
238 964
238 979
239 316
239 603
239 686
239 852
240 557
240 684
241 500
241 601
241 684
241 926
242 385
242 541
242 669
242 738
242 929
243 556
244 810
245 608
245 990
246 297
247 665
249 424
249 426
249 452
249 464
249 822
250 935
251 534
251 669
251 850
251 917
252 629
252 960
253 426
253 441
253 826
253 846
254 304
254 334
254 535
254 712
254 764
254 802
256 301
256 772
257 594
257 645
258 513
258 596
259 291
259 343
259 615
260 554
260 615
260 781
260 980
261 330
261 379
261 399
261 578
261 807
261 860
262 641
262 811
262 935
263 861
263 937
264 307
265 350
265 701
266 910
266 911
267 318
267 451
267 545
267 553
267 731
267 786
268 331
268 497
268 843
269 550
269 698
269 801
269 967
270 331
270 441
270 980
271 311
271 496
271 618
273 300
273 336
273 339
273 977
274 494
274 605
274 647
274 749
274 859
275 293
275 682
276 475
276 809
277 313
277 540
277 608
277 630
277 804
277 847
278 424
279 812
280 548
281 297
281 891
282 694
282 699
282 771
282 967
284 487
284 621
284 732
286 550
286 575
286 753
286 895
287 426
287 473
287 520
287 593
287 682
287 720
287 849
287 941
288 317
288 669
289 709
290 607
290 608
290 807
290 826
291 613
291 682
291 743
293 524
293 687
294 364
294 626
294 662
294 790
295 318
296 368
296 499
297 389
297 715
297 981
298 383
298 638
299 719
299 773
299 879
300 413
300 416
300 446
300 752
301 400
301 483
301 884
302 534
302 685
302 951
303 323
303 339
304 474
304 763
304 986
305 845
306 311
306 620
306 943
307 407
307 800
307 918
307 967
308 421
308 468
308 717
308 801
309 393
309 843
309 847
310 613
310 691
311 348
311 624
311 738
312 439
312 628
312 736
312 743
312 847
313 434
313 616
313 901
314 542
315 379
315 657
316 758
316 793
317 530
317 648
318 634
319 570
319 583
319 650
319 657
319 947
320 585
320 649
320 757
321 465
321 613
321 775
322 535
323 494
323 637
323 747
323 752
323 987
324 457
324 968
325 415
325 560
325 824
326 330
326 362
326 580
326 687
327 470
327 542
327 765
328 341
328 430
328 550
328 606
328 719
329 579
329 757
329 763
329 849
329 869
330 335
330 560
330 578
330 742
331 566
331 991
332 580
332 888
332 942
334 443
334 790
335 661
335 770
335 849
336 668
337 424
337 629
337 959
338 460
338 578
338 711
339 705
339 723
339 728
339 948
340 355
340 390
340 522
340 656
341 511
341 517
341 585
342 353
342 484
342 851
342 926
343 481
343 576
343 609
343 919
344 448
344 551
345 444
345 491
345 610
345 892
345 986
346 403
346 448
347 380
347 850
347 961
348 447
348 669
348 824
349 449
350 485
350 882
350 996
351 466
352 627
353 363
353 636
353 763
354 497
354 583
354 757
354 905
355 660
355 795
355 874
356 565
356 601
356 626
356 853
356 947
357 684
359 845
359 867
360 980
361 499
361 859
361 981
362 464
362 744
362 909
363 496
363 503
363 709
363 724
363 923
364 403
364 412
365 459
365 725
366 455
366 756
366 872
367 459
367 507
367 654
367 661
368 601
368 851
369 743
369 987
370 645
370 932
371 415
371 578
371 688
371 703
371 748
372 661
372 848
372 923
372 971
373 792
373 928
373 992
374 435
374 493
374 759
374 896
377 700
378 451
378 808
379 478
379 583
379 627
379 901
380 489
380 769
380 953
381 939
382 465
382 475
382 685
382 882
383 581
383 653
383 926
384 476
384 504
384 635
385 419
385 543
385 864
386 595
387 568
387 636
388 653
388 968
389 931
390 539
390 778
392 469
393 596
393 604
393 747
394 809
394 812
395 437
395 549
395 550
396 673
397 657
397 898
397 957
398 557
398 819
399 450
400 499
400 675
400 940
400 959
402 799
403 623
403 873
403 950
404 512
404 546
404 706
404 883
405 476
405 506
405 717
406 412
406 428
407 599
407 678
407 823
407 831
408 742
408 759
408 815
411 485
412 545
412 879
412 922
413 850
414 441
414 958
415 497
415 641
415 806
416 528
416 942
417 699
417 769
417 939
417 958
418 728
418 811
419 478
419 625
420 904
421 504
421 923
422 525
422 530
422 641
422 686
423 470
423 617
423 891
423 902
423 912
424 631
425 878
426 999
427 511
428 894
429 835
430 432
430 638
431 559
431 945
432 602
433 559
435 711
436 501
436 669
436 723
436 815
437 534
437 974
441 529
441 986
442 573
442 758
442 927
443 642
443 709
443 775
444 792
445 748
445 975
446 604
446 899
447 461
447 929
448 946
449 563
449 572
449 581
449 597
449 919
449 973
450 761
451 502
451 506
452 482
452 662
453 754
454 568
454 591
454 622
454 755
454 981
455 633
455 831
455 904
456 505
456 718
456 772
456 888
457 723
457 915
457 918
457 972
457 982
458 613
458 786
458 801
458 948
460 567
460 625
460 715
460 940
461 694
461 759
462 860
462 879
464 840
465 570
465 716
466 649
466 703
466 719
468 791
468 869
468 917
469 894
471 578
471 824
473 490
473 545
473 858
474 480
474 647
474 685
474 902
475 746
475 754
476 602
476 903
478 753
478 787
478 791
478 936
481 773
482 777
483 649
483 894
483 954
484 528
484 944
485 637
485 677
485 821
486 642
486 828
486 847
486 867
487 495
487 780
487 949
488 735
488 869
489 696
490 491
490 815
491 514
491 847
492 887
494 752
495 549
495 762
496 510
498 744
498 867
499 596
499 746
499 892
500 997
502 810
503 523
503 685
503 884
503 998
505 964
506 843
506 877
506 909
507 538
507 727
508 567
509 519
509 759
509 878
509 941
510 563
510 627
510 712
511 585
511 767
512 513
512 974
513 788
514 584
514 653
514 859
515 610
515 949
516 985
517 565
517 734
517 748
517 952
521 722
521 824
522 593
523 785
524 885
525 697
525 724
525 927
525 997
528 768
528 898
528 996
529 780
530 868
530 900
531 666
531 921
531 993
533 598
534 663
534 984
535 683
535 765
535 825
536 574
537 573
537 793
538 610
538 737
538 925
538 993
539 635
539 671
539 718
539 800
539 827
539 840
540 733
540 816
540 894
541 561
541 616
541 844
542 720
542 934
543 582
543 860
545 983
546 828
546 942
548 772
548 958
548 970
549 562
549 809
549 922
550 584
550 651
551 651
551 804
551 821
551 972
552 631
552 908
552 964
553 949
554 584
554 704
556 707
557 599
557 604
557 720
558 642
558 979
559 611
559 703
559 745
559 915
560 727
560 882
564 606
564 657
565 794
565 902
566 762
566 948
567 830
567 831
567 942
569 751
569 869
570 700
572 731
572 834
573 770
573 819
573 886
574 666
575 626
575 919
575 925
576 951
577 683
577 824
577 902
579 807
580 659
582 684
582 964
582 972
584 708
584 750
584 908
586 648
586 811
587 600
587 753
588 594
588 973
589 935
590 724
590 777
590 866
590 873
590 963
591 744
591 942
592 759
592 988
593 901
594 679
594 748
595 675
596 740
597 633
597 964
598 685
598 708
599 648
599 787
600 736
601 690
602 775
602 842
603 853
603 962
604 884
605 859
605 873
605 973
605 981
607 877
607 895
608 744
608 752
609 736
609 768
609 769
610 776
610 916
612 978
613 744
615 945
615 947
617 779
617 850
618 721
618 755
620 824
620 832
620 911
620 925
621 738
623 626
623 714
624 845
626 680
627 641
627 669
627 818
627 894
627 909
627 920
628 882
629 739
629 785
629 925
631 876
631 902
632 645
632 814
634 933
635 669
635 689
637 905
638 849
640 668
641 710
642 811
643 817
644 672
644 715
644 921
645 722
645 819
646 876
646 935
647 872
647 927
648 951
650 837
651 859
652 678
653 891
653 942
654 967
654 968
656 861
656 996
657 772
657 923
659 806
659 851
660 786
660 831
660 884
661 804
661 840
662 982
663 992
665 716
665 751
665 844
666 689
666 888
667 688
670 707
670 958
673 700
673 920
673 928
674 877
675 852
677 797
678 926
679 993
680 964
681 796
683 694
683 879
683 944
684 699
684 778
685 804
687 689
687 793
687 866
687 953
688 703
688 856
689 943
690 813
692 771
692 906
692 989
694 779
695 842
695 978
697 772
697 892
698 913
698 919
698 997
699 771
700 717
700 966
701 789
701 798
701 812
703 734
703 738
703 966
704 925
705 774
705 789
706 808
709 876
709 948
710 835
710 946
713 931
714 797
714 968
715 973
716 831
717 729
717 764
718 955
719 756
720 846
721 812
722 951
723 903
723 943
723 951
724 986
727 827
728 791
728 829
728 967
729 834
729 842
730 878
732 767
732 913
732 963
733 865
733 997
734 858
734 963
736 793
737 879
738 879
740 792
741 779
741 898
741 913
743 917
744 907
744 928
744 931
745 796
745 818
745 914
747 928
748 837
750 870
752 903
752 940
752 959
755 798
755 962
756 776
756 845
756 885
757 877
757 993
758 768
759 772
760 809
761 801
761 913
762 799
762 800
765 883
765 955
765 969
767 864
771 901
772 801
774 844
775 805
776 910
777 789
777 938
777 980
778 923
780 815
780 901
782 893
782 976
784 912
784 916
788 808
788 830
790 906
791 807
792 907
798 923
806 896
812 917
813 893
813 934
814 852
814 930
814 976
824 861
825 859
826 914
827 952
828 950
829 957
835 846
836 873
839 927
839 973
840 901
840 986
841 881
842 877
843 910
845 917
848 894
849 884
851 917
856 917
857 960
859 960
860 991
862 895
862 983
863 896
865 953
866 989
869 999
873 909
875 946
878 970
881 895
881 906
885 890
885 913
889 964
895 905
895 966
895 969
897 919
899 929
900 980
903 930
904 907
905 937
908 916
911 997
914 948
917 986
921 934
922 923
923 928
925 939
928 973
928 974
929 975
936 966
938 980
941 966
949 988
961 998
981 995
