0 95
0 246
0 411
0 447
1 333
1 361
2 81
2 174
3 14
4 70
4 71
4 81
5 87
5 108
5 281
5 312
6 238
6 407
6 450
7 23
7 415
8 81
8 295
8 375
9 225
9 282
9 286
9 307
9 326
9 442
10 118
10 186
10 246
10 261
10 390
10 399
10 422
10 441
11 247
11 374
11 436
12 55
12 263
12 280
12 383
12 429
13 42
13 173
13 217
13 467
14 321
14 344
14 413
14 430
15 215
15 369
15 393
15 425
15 498
16 105
16 160
16 195
16 197
16 198
16 267
16 311
16 392
16 494
17 37
17 337
17 348
17 373
17 413
18 190
18 360
18 394
18 431
18 481
19 156
19 226
19 446
19 491
20 62
20 182
20 279
20 441
20 449
21 37
21 190
21 208
22 177
22 376
23 50
23 251
23 262
23 477
24 378
24 413
25 147
26 238
27 63
27 276
27 318
27 322
28 73
28 142
28 143
28 388
28 433
28 467
29 100
29 101
30 48
30 245
30 360
31 139
31 496
32 57
32 160
32 168
32 485
33 176
33 183
33 239
34 424
35 40
35 58
35 188
35 261
35 269
35 337
36 266
36 292
36 403
37 56
37 233
37 317
37 342
37 449
37 495
38 193
38 199
39 82
39 354
39 437
39 459
40 113
40 186
40 205
40 295
43 62
43 120
43 212
43 399
43 452
44 457
45 131
45 214
45 443
46 160
46 296
47 230
47 467
47 480
48 83
48 89
48 135
48 288
49 60
49 328
49 462
50 98
50 144
52 208
52 210
52 220
54 175
54 270
54 331
56 264
56 296
57 93
57 247
57 292
57 309
57 353
58 176
58 393
59 217
59 366
59 448
59 457
59 485
60 214
60 282
60 322
61 74
61 126
61 251
61 409
62 74
63 144
63 304
64 151
64 218
65 103
65 208
65 213
65 234
65 383
65 388
66 121
66 196
66 222
66 298
66 309
66 458
67 121
67 286
67 341
68 184
68 271
68 417
69 169
69 435
70 85
70 149
70 271
70 411
70 418
71 115
71 412
71 498
72 91
72 92
72 198
72 305
72 322
72 401
73 112
73 175
73 309
73 334
74 111
74 201
74 352
74 394
74 448
74 464
74 467
76 130
76 349
76 391
76 393
76 430
77 92
77 211
77 378
77 386
78 83
78 252
78 350
78 472
79 85
79 211
80 131
80 242
80 477
81 305
81 441
82 140
82 188
82 262
82 422
83 149
83 329
83 402
84 86
84 247
84 326
84 436
84 466
84 490
85 279
85 288
85 315
85 349
85 421
85 482
85 490
86 274
86 276
86 338
86 368
86 418
86 456
87 99
87 144
87 163
88 96
88 231
88 394
89 128
89 251
89 363
89 455
90 214
90 285
90 461
92 113
92 145
92 278
92 385
92 486
93 270
93 331
93 338
93 425
94 114
94 186
94 231
94 275
94 303
94 480
95 176
96 181
96 255
96 277
96 423
97 490
98 132
98 270
98 272
98 489
99 411
99 414
100 120
100 181
100 453
101 337
101 399
101 464
102 346
102 412
103 246
103 337
103 483
104 133
105 465
105 474
106 113
106 269
106 336
107 128
107 239
107 334
108 296
108 343
109 172
109 457
109 467
109 494
110 243
110 382
111 264
111 278
111 353
111 449
111 465
111 469
112 115
112 480
112 495
113 137
114 397
115 150
115 309
115 379
115 440
115 467
115 474
115 486
116 348
116 499
117 311
117 313
117 321
118 193
118 244
119 250
119 397
120 189
120 279
120 338
120 375
121 158
121 353
121 442
122 262
122 366
122 425
122 458
123 230
123 243
123 440
123 456
123 458
124 140
124 147
124 289
126 192
126 210
126 363
126 444
126 478
127 242
128 297
128 409
128 430
129 255
129 357
129 427
129 446
130 160
130 198
130 213
130 310
130 386
130 468
131 394
132 231
132 266
132 291
132 497
133 181
133 226
133 267
133 480
134 282
134 452
135 486
136 236
136 256
137 423
137 464
138 240
138 248
138 281
138 286
139 227
139 415
139 496
139 499
140 211
140 233
140 283
140 332
141 216
141 265
141 481
142 194
142 343
143 163
143 189
143 205
144 245
144 255
144 301
145 169
146 177
146 266
146 339
147 267
147 342
147 401
148 174
148 288
148 362
148 383
148 417
149 247
149 380
149 420
150 193
150 321
150 371
150 372
150 387
151 180
152 245
152 279
152 349
153 163
153 295
153 319
154 284
154 420
155 335
155 384
156 424
156 433
157 201
157 220
157 235
157 269
157 408
158 172
158 463
159 405
160 183
160 195
160 496
161 270
161 307
161 345
161 397
162 165
162 207
163 254
163 301
163 316
163 349
163 462
163 464
164 241
164 295
164 323
164 361
164 491
166 303
167 262
167 389
167 404
169 291
169 363
170 227
170 229
170 264
170 330
170 355
170 420
170 454
171 201
171 221
171 267
171 356
171 372
171 425
172 273
172 437
172 455
173 429
173 463
174 197
174 207
174 240
174 294
174 396
175 287
175 346
175 473
176 192
176 401
177 205
177 208
177 224
177 257
177 260
177 326
177 414
177 474
178 400
178 485
179 397
180 253
180 423
180 458
181 216
181 389
183 274
183 464
184 289
185 248
185 275
187 288
187 321
187 351
188 213
188 266
188 338
188 411
190 271
190 469
190 484
191 486
194 267
194 291
194 339
194 413
195 211
195 454
196 297
198 345
199 207
199 237
199 419
200 486
201 219
201 379
201 436
201 492
202 276
203 345
203 439
204 216
204 401
205 240
205 276
205 301
205 317
205 356
205 414
206 354
206 470
207 247
207 300
208 226
208 372
208 384
208 442
209 211
209 278
210 380
210 392
210 484
210 488
211 316
211 321
211 430
212 279
212 363
214 443
215 269
215 337
215 347
215 453
215 496
216 337
216 385
216 401
217 356
218 297
218 310
218 351
219 270
219 300
219 364
220 243
221 313
221 351
221 470
222 244
222 298
223 280
223 380
224 247
224 415
224 495
225 284
225 465
225 497
226 328
226 487
227 419
227 441
228 460
229 334
229 350
230 264
231 250
231 344
232 233
232 284
232 340
233 363
233 478
234 314
234 352
235 284
235 491
236 439
237 411
238 429
239 348
239 359
239 460
240 466
241 262
241 453
242 412
244 259
244 375
244 494
245 394
246 387
247 317
247 465
248 465
249 252
249 328
249 439
250 253
250 329
250 360
250 480
251 293
252 410
252 416
253 256
253 270
253 338
253 432
255 499
256 359
257 264
258 285
258 350
258 356
258 364
261 435
262 318
262 383
262 472
262 498
264 368
266 327
266 456
267 462
268 356
268 432
270 335
270 372
271 413
272 335
272 392
272 403
273 387
274 367
274 398
274 498
275 413
276 413
277 305
277 320
278 360
278 393
278 423
279 415
279 460
280 425
281 304
282 292
283 338
284 311
285 488
286 341
286 359
286 459
287 346
288 325
288 327
289 410
289 467
290 390
293 404
293 457
294 334
294 367
294 392
295 333
295 391
295 410
296 353
296 458
296 467
297 309
298 315
298 325
298 327
298 359
298 432
299 447
299 467
299 476
300 327
300 331
300 410
301 342
302 304
302 379
303 490
304 450
304 468
305 383
305 440
306 400
306 489
307 468
307 483
308 388
309 496
310 324
311 447
311 453
313 480
314 325
314 412
316 349
316 396
316 456
317 458
319 379
319 443
320 413
321 331
321 411
321 466
322 434
322 439
323 390
323 391
323 454
324 433
324 451
325 423
325 426
326 368
326 404
327 403
331 394
331 460
332 447
333 351
333 363
333 417
333 459
335 499
336 350
336 360
337 404
337 435
337 450
342 449
342 469
343 378
343 379
343 473
344 470
347 382
347 403
349 409
350 486
351 355
351 375
351 462
352 387
353 377
354 425
355 477
358 465
359 370
362 364
364 372
364 453
364 498
365 367
365 463
365 467
366 457
366 474
367 419
368 441
368 453
373 406
373 465
373 489
374 407
374 477
377 391
377 454
377 465
378 409
379 416
379 459
380 441
382 413
382 451
383 451
384 464
391 412
391 417
391 439
391 480
393 461
393 481
396 399
397 410
401 451
404 420
406 434
406 442
408 453
410 462
411 477
413 459
415 444
415 468
419 487
419 488
420 490
420 497
425 495
427 458
428 495
434 489
438 472
438 492
440 472
440 489
448 479
448 480
456 496
460 471
464 496
466 489
489 495
