1 45
2 3
2 46
3 4
3 47
4 5
5 49
6 7
7 8
7 51
8 9
9 10
9 53
11 55
12 56
13 57
14 15
14 58
15 59
16 60
17 18
18 62
19 63
20 21
20 64
21 22
21 65
22 66
23 67
24 25
24 68
26 27
26 70
28 29
29 30
30 31
30 74
31 75
32 33
33 34
33 77
34 35
34 78
35 36
35 79
37 38
37 81
38 82
39 40
39 83
40 41
40 84
41 42
41 85
42 43
42 86
43 87
44 88
45 46
45 89
46 47
48 92
49 93
50 94
51 95
52 53
52 96
54 98
55 99
56 57
57 58
57 101
58 102
60 104
61 105
62 63
62 106
63 64
64 65
64 108
65 66
65 109
66 67
66 110
67 111
68 112
69 70
69 113
70 71
71 115
72 73
73 117
74 75
74 118
75 76
75 119
77 78
78 79
78 122
79 123
80 81
81 82
82 83
82 126
83 84
83 127
84 85
85 86
85 129
87 131
88 89
88 132
90 91
90 134
91 92
92 93
92 136
93 94
94 138
95 139
96 97
97 98
98 99
98 142
99 100
99 143
100 101
100 144
101 145
102 103
102 146
103 147
105 106
106 150
107 108
107 151
108 109
108 152
109 110
110 111
111 112
111 155
112 113
113 114
113 157
114 115
115 116
115 159
116 117
116 160
118 119
119 120
119 163
120 121
121 122
121 165
122 166
123 167
124 125
124 168
125 126
126 170
127 128
127 171
128 129
128 172
129 173
130 131
130 174
131 175
134 135
134 178
135 136
136 180
137 138
137 181
138 139
138 182
139 140
139 183
141 142
141 185
142 186
143 187
145 146
145 189
146 147
146 190
148 149
148 192
149 193
150 151
151 152
151 195
152 196
153 154
153 197
154 198
155 156
157 201
158 159
160 161
161 205
162 163
163 164
163 207
164 165
165 209
166 167
167 168
167 211
168 169
168 212
169 213
170 171
170 214
171 172
171 215
172 216
173 217
174 218
176 177
177 178
177 221
178 179
179 180
180 181
182 183
182 226
183 184
184 185
184 228
185 186
186 187
187 231
188 189
189 190
190 191
191 192
191 235
192 236
193 194
193 237
194 195
195 196
195 239
196 197
197 241
199 200
199 243
201 202
202 203
203 204
203 247
204 205
206 207
206 250
207 251
209 210
209 253
210 211
210 254
211 212
211 255
212 213
212 256
214 215
214 258
215 259
219 263
220 221
220 264
221 265
222 223
222 266
223 224
224 268
225 226
226 270
227 228
227 271
228 272
230 231
230 274
231 275
232 276
233 277
234 278
235 279
236 237
236 280
237 281
238 239
239 283
240 241
240 284
241 242
241 285
242 243
243 244
243 287
244 288
245 289
247 248
247 291
248 292
249 250
249 293
250 251
251 252
251 295
252 253
253 254
253 297
254 298
255 299
256 257
257 258
258 302
259 260
260 261
261 262
261 305
262 263
262 306
263 307
266 267
267 311
268 269
269 270
269 313
270 271
270 314
271 272
271 315
272 273
272 316
273 274
274 275
275 319
276 277
277 321
278 279
280 281
282 326
283 284
284 285
284 328
285 286
285 329
286 287
286 330
287 288
287 331
288 289
289 290
289 333
290 291
291 292
295 339
296 340
297 298
298 342
300 301
300 344
301 302
302 346
303 347
305 306
305 349
306 350
307 351
308 309
308 352
310 354
311 355
312 356
313 314
314 358
315 316
315 359
316 317
316 360
317 318
318 319
319 320
320 364
322 323
323 324
323 367
324 325
325 326
326 370
327 371
328 329
329 373
330 331
330 374
331 332
332 333
333 334
333 377
334 335
335 336
335 379
336 380
338 339
338 382
339 340
339 383
340 341
341 342
341 385
342 343
343 344
343 387
344 345
345 389
346 390
347 348
347 391
348 349
348 392
349 393
350 351
350 394
351 395
352 353
352 396
353 397
354 355
354 398
355 399
356 357
358 359
359 360
360 361
360 404
362 363
362 406
363 364
363 407
364 365
365 409
366 410
367 368
370 371
370 414
371 372
371 415
372 373
373 374
374 418
375 376
376 420
377 421
380 424
381 382
381 425
382 383
384 428
385 429
386 387
387 388
387 431
388 389
388 432
389 433
390 391
391 435
392 436
393 394
393 437
394 395
394 438
396 397
396 440
399 400
399 443
400 401
400 444
401 402
401 445
402 403
402 446
403 404
404 448
405 406
405 449
406 407
406 450
407 408
407 451
408 409
409 453
410 411
410 454
411 412
411 455
412 456
413 457
414 458
415 459
416 460
417 418
417 461
418 462
419 463
420 421
422 423
422 466
423 467
425 426
425 469
426 427
426 470
427 428
427 471
428 472
430 431
430 474
432 476
434 435
434 478
435 436
437 438
437 481
438 439
438 482
440 441
441 442
442 443
443 444
443 487
444 445
445 446
447 448
447 491
449 450
449 493
451 452
452 453
453 497
454 455
454 498
455 499
456 457
456 500
458 502
459 460
459 503
460 504
461 462
461 505
462 463
464 508
465 509
466 467
466 510
467 468
467 511
468 469
469 470
470 471
470 514
471 472
471 515
472 473
472 516
474 475
474 518
475 519
478 522
479 523
480 481
481 482
482 483
482 526
484 485
485 486
485 529
486 487
487 531
488 489
488 532
490 491
490 534
491 492
491 535
492 536
493 494
493 537
494 538
495 496
495 539
496 497
496 540
497 541
499 500
499 543
500 544
501 502
503 504
503 547
504 505
504 548
505 506
505 549
508 509
508 552
509 510
509 553
510 511
511 555
512 513
513 514
513 557
514 515
514 558
515 559
516 560
517 518
517 561
518 519
518 562
519 520
519 563
520 564
522 523
522 566
523 524
523 567
525 569
526 527
527 571
528 572
529 573
530 531
530 574
531 532
532 533
532 576
533 534
533 577
534 535
534 578
537 538
539 540
540 541
540 584
542 543
542 586
543 587
544 588
545 546
545 589
547 548
548 549
548 592
549 550
549 593
550 551
551 552
551 595
552 596
555 556
556 557
557 558
557 601
558 559
558 602
559 560
559 603
560 561
561 562
562 606
564 565
566 610
567 568
568 569
569 570
569 613
570 571
571 615
572 573
573 574
574 575
575 576
576 620
577 621
578 579
578 622
579 623
580 624
581 582
581 625
583 584
583 627
584 585
584 628
585 586
585 629
586 630
587 588
588 632
589 590
589 633
590 634
591 635
592 593
592 636
593 594
595 596
595 639
596 597
596 640
597 598
597 641
598 599
599 600
599 643
600 601
601 645
602 603
602 646
603 604
604 648
605 606
605 649
606 607
606 650
607 651
608 609
608 652
610 611
611 612
611 655
612 613
614 615
615 659
616 617
616 660
617 618
618 619
619 620
621 622
622 623
623 624
623 667
624 625
624 668
625 669
626 627
627 628
628 629
630 631
630 674
631 632
631 675
632 633
632 676
633 634
634 635
635 636
635 679
636 637
636 680
637 681
638 639
639 640
639 683
641 642
642 643
642 686
643 687
644 645
644 688
645 646
645 689
646 647
646 690
647 648
649 650
649 693
650 651
651 652
652 696
653 697
654 655
655 699
656 657
656 700
657 701
658 659
658 702
663 664
663 707
664 708
665 666
666 667
666 710
667 711
668 712
669 670
670 671
670 714
671 672
671 715
673 674
673 717
676 720
677 721
678 679
678 722
680 681
680 724
681 682
681 725
682 683
682 726
683 727
684 685
684 728
685 686
686 687
686 730
687 688
688 689
688 732
689 733
690 691
691 692
691 735
692 693
692 736
694 695
695 696
696 697
696 740
697 698
697 741
698 742
699 700
701 702
702 746
704 705
704 748
705 706
706 707
706 750
707 708
707 751
708 709
708 752
710 711
710 754
711 712
711 755
712 713
712 756
713 757
714 758
715 716
716 760
717 761
718 719
718 762
719 720
721 765
722 723
723 724
723 767
724 768
725 769
726 770
727 728
728 729
730 774
731 732
731 775
733 734
735 779
736 737
736 780
737 738
738 782
739 740
740 741
740 784
741 742
741 785
742 743
742 786
743 744
744 745
744 788
745 746
746 790
747 791
749 750
749 793
750 751
750 794
752 796
753 754
754 755
754 798
755 799
756 800
757 801
758 759
758 802
760 761
760 804
762 806
763 807
764 765
764 808
765 766
766 810
767 811
768 769
768 812
769 770
770 771
770 814
771 772
772 816
774 775
775 776
776 777
777 778
778 779
779 780
779 823
780 781
780 824
781 782
782 783
782 826
783 827
784 785
784 828
785 786
785 829
786 830
787 788
787 831
788 832
789 833
793 837
794 795
796 840
797 841
798 799
798 842
800 801
800 844
802 803
803 804
804 805
804 848
805 806
805 849
806 807
806 850
807 808
807 851
808 809
809 810
809 853
811 855
812 813
814 815
814 858
815 816
816 817
817 861
818 862
819 820
819 863
821 865
822 823
823 824
824 825
825 869
826 827
826 870
828 829
828 872
829 830
830 874
831 875
833 877
834 878
836 837
838 839
838 882
839 840
840 884
841 842
842 843
842 886
845 846
845 889
846 890
847 848
848 892
849 893
850 851
851 852
852 853
852 896
853 854
854 898
855 856
855 899
856 900
857 901
858 902
859 860
860 904
861 905
862 906
863 864
863 907
864 865
865 866
865 909
866 867
867 911
868 869
868 912
869 913
870 914
871 872
872 873
872 916
873 874
873 917
874 875
875 876
875 919
876 877
876 920
878 879
879 923
880 881
880 924
881 925
882 926
884 885
884 928
885 886
885 929
886 887
888 932
889 890
890 934
891 892
891 935
893 937
894 895
894 938
895 896
897 898
897 941
898 899
899 900
899 943
900 944
901 902
902 903
902 946
903 947
904 905
904 948
906 907
907 951
908 952
909 910
911 955
912 913
912 956
914 915
915 959
916 917
916 960
917 918
917 961
918 919
918 962
920 921
921 922
921 965
922 966
924 925
924 968
925 926
927 971
928 929
929 973
930 974
931 975
932 976
933 934
933 977
934 935
935 979
937 981
939 940
939 983
940 984
941 942
942 943
942 986
943 944
943 987
944 945
944 988
945 946
945 989
946 947
946 990
947 948
948 949
949 950
950 951
950 994
951 952
952 953
953 997
954 955
956 957
957 958
957 1001
958 959
960 1004
962 963
962 1006
963 1007
964 965
964 1008
965 1009
966 967
966 1010
967 1011
969 1013
970 971
970 1014
972 1016
973 974
974 975
977 978
978 979
978 1022
980 1024
981 982
982 983
983 984
984 985
985 986
985 1029
986 1030
987 1031
988 989
989 990
989 1033
990 991
990 1034
991 992
993 994
993 1037
994 995
995 1039
996 997
997 998
998 999
1000 1044
1002 1046
1003 1004
1003 1047
1007 1008
1007 1051
1009 1010
1010 1011
1010 1054
1011 1055
1013 1057
1015 1059
1016 1017
1016 1060
1018 1062
1019 1020
1020 1021
1021 1065
1022 1066
1023 1067
1024 1025
1025 1069
1026 1027
1028 1029
1029 1030
1029 1073
1032 1033
1032 1076
1033 1034
1034 1035
1034 1078
1036 1080
1037 1081
1038 1082
1039 1040
1039 1083
1040 1041
1040 1084
1041 1085
1042 1043
1042 1086
1043 1087
1044 1045
1044 1088
1045 1046
1047 1048
1047 1091
1048 1049
1049 1093
1050 1094
1051 1052
1053 1097
1054 1055
1055 1099
1056 1057
1057 1058
1057 1101
1058 1059
1058 1102
1060 1061
1061 1062
1061 1105
1063 1064
1064 1065
1065 1066
1065 1109
1066 1067
1067 1111
1068 1069
1069 1070
1070 1071
1070 1114
1072 1116
1073 1074
1073 1117
1074 1075
1074 1118
1075 1119
1076 1120
1077 1078
1077 1121
1078 1122
1079 1080
1080 1124
1081 1125
1082 1126
1083 1084
1083 1127
1085 1086
1086 1087
1087 1088
1088 1132
1089 1133
1090 1134
1091 1092
1091 1135
1092 1093
1092 1136
1093 1137
1094 1095
1094 1138
1095 1096
1095 1139
1096 1097
1096 1140
1097 1098
1098 1099
1098 1142
1100 1101
1100 1144
1101 1145
1102 1146
1103 1104
1103 1147
1104 1148
1105 1106
1105 1149
1107 1108
1108 1109
1109 1110
1110 1111
1111 1112
1112 1113
1112 1156
1113 1157
1114 1115
1115 1116
1116 1117
1116 1160
1117 1161
1118 1119
1119 1120
1120 1121
1121 1122
1121 1165
1122 1123
1123 1124
1123 1167
1124 1125
1124 1168
1125 1126
1126 1127
1127 1128
1127 1171
1128 1172
1129 1130
1130 1131
1130 1174
1131 1132
1132 1133
1133 1134
1135 1136
1137 1138
1137 1181
1138 1139
1139 1183
1140 1141
1140 1184
1141 1142
1141 1185
1142 1143
1142 1186
1143 1187
1144 1188
1146 1190
1147 1148
1147 1191
1148 1192
1149 1150
1149 1193
1150 1151
1150 1194
1151 1195
1153 1154
1153 1197
1154 1198
1155 1156
1156 1157
1158 1159
1160 1161
1161 1205
1162 1206
1163 1164
1164 1208
1166 1167
1166 1210
1167 1168
1168 1169
1169 1170
1170 1214
1172 1173
1172 1216
1173 1174
1174 1175
1174 1218
1175 1176
1175 1219
1176 1177
1177 1221
1178 1179
1178 1222
1179 1180
1180 1181
1180 1224
1181 1182
1182 1183
1182 1226
1183 1184
1184 1228
1185 1229
1186 1230
1187 1231
1188 1232
1189 1233
1191 1192
1191 1235
1193 1237
1194 1238
1195 1239
1197 1241
1198 1199
1198 1242
1199 1200
1199 1243
1203 1247
1204 1205
1204 1248
1205 1206
1206 1207
1206 1250
1207 1251
1209 1210
1209 1253
1211 1212
1211 1255
1212 1213
1212 1256
1213 1214
1213 1257
1214 1258
1215 1216
1215 1259
1216 1260
1217 1218
1217 1261
1220 1221
1221 1222
1221 1265
1222 1266
1223 1224
1223 1267
1224 1268
1225 1269
1226 1227
1226 1270
1227 1271
1228 1229
1228 1272
1230 1274
1232 1276
1233 1234
1233 1277
1234 1235
1234 1278
1235 1236
1236 1280
1237 1238
1238 1239
1238 1282
1239 1283
1240 1241
1240 1284
1241 1242
1241 1285
1242 1243
1242 1286
1243 1244
1244 1245
1244 1288
1246 1290
1247 1248
1247 1291
1248 1292
1249 1250
1249 1293
1250 1251
1250 1294
1251 1295
1252 1253
1252 1296
1253 1254
1253 1297
1257 1258
1257 1301
1258 1302
1259 1260
1259 1303
1260 1261
1260 1304
1261 1262
1262 1263
1262 1306
1263 1307
1264 1265
1264 1308
1265 1266
1265 1309
1266 1267
1267 1311
1269 1270
1270 1271
1271 1272
1271 1315
1272 1273
1272 1316
1273 1274
1274 1275
1274 1318
1275 1319
1276 1320
1278 1322
1279 1280
1280 1281
1280 1324
1281 1325
1282 1283
1284 1285
1284 1328
1285 1286
1285 1329
1286 1287
1286 1330
1287 1288
1288 1289
1288 1332
1289 1333
1290 1334
1291 1292
1292 1293
1293 1294
1293 1337
1294 1295
1295 1296
1297 1298
1297 1341
1298 1299
1299 1300
1300 1301
1300 1344
1301 1302
1302 1346
1303 1304
1303 1347
1304 1348
1305 1306
1307 1351
1309 1310
1309 1353
1310 1311
1310 1354
1313 1357
1314 1315
1314 1358
1315 1316
1315 1359
1316 1360
1318 1319
1318 1362
1320 1364
1322 1323
1322 1366
1323 1324
1324 1368
1325 1369
1327 1371
1328 1372
1329 1330
1329 1373
1330 1331
1331 1332
1332 1333
1332 1376
1334 1335
1335 1336
1335 1379
1336 1380
1337 1338
1338 1339
1338 1382
1339 1340
1342 1343
1342 1386
1343 1344
1345 1346
1346 1347
1347 1348
1347 1391
1348 1349
1349 1350
1350 1351
1351 1352
1352 1353
1352 1396
1353 1354
1353 1397
1354 1355
1354 1398
1355 1356
1355 1399
1356 1400
1357 1401
1358 1359
1358 1402
1359 1360
1359 1403
1360 1361
1360 1404
1361 1362
1361 1405
1362 1363
1362 1406
1364 1408
1365 1366
1366 1410
1367 1368
1368 1412
1370 1371
1370 1414
1371 1372
1371 1415
1372 1416
1373 1374
1374 1375
1374 1418
1375 1376
1375 1419
1376 1420
1377 1378
1378 1422
1379 1380
1379 1423
1381 1425
1382 1426
1383 1384
1383 1427
1385 1386
1386 1387
1386 1430
1387 1388
1388 1432
1389 1390
1389 1433
1390 1391
1390 1434
1391 1392
1393 1394
1394 1395
1394 1438
1395 1396
1395 1439
1396 1440
1397 1441
1398 1442
1399 1400
1401 1402
1402 1403
1402 1446
1403 1447
1404 1448
1405 1406
1406 1407
1406 1450
1407 1451
1408 1409
1409 1453
1411 1412
1412 1413
1412 1456
1413 1414
1413 1457
1414 1458
1415 1459
1417 1418
1417 1461
1418 1419
1418 1462
1419 1463
1420 1464
1421 1422
1421 1465
1422 1466
1423 1424
1424 1425
1424 1468
1425 1469
1426 1427
1427 1428
1427 1471
1428 1429
1428 1472
1429 1430
1429 1473
1430 1431
1430 1474
1431 1432
1431 1475
1432 1433
1432 1476
1433 1477
1434 1435
1434 1478
1435 1436
1436 1437
1436 1480
1437 1438
1437 1481
1438 1439
1438 1482
1439 1483
1442 1443
1442 1486
1443 1487
1444 1445
1445 1489
1446 1490
1447 1448
1447 1491
1448 1449
1449 1450
1450 1451
1451 1495
1452 1453
1452 1496
1453 1454
1454 1455
1456 1500
1458 1459
1459 1460
1459 1503
1461 1505
1462 1463
1462 1506
1463 1464
1463 1507
1465 1466
1465 1509
1466 1467
1467 1511
1468 1512
1469 1470
1469 1513
1470 1471
1470 1514
1472 1473
1472 1516
1473 1474
1475 1476
1475 1519
1476 1477
1476 1520
1477 1478
1477 1521
1478 1479
1479 1480
1479 1523
1480 1481
1481 1482
1482 1483
1483 1527
1484 1485
1484 1528
1485 1486
1486 1487
1486 1530
1487 1488
1487 1531
1488 1532
1489 1533
1490 1491
1490 1534
1492 1536
1493 1494
1493 1537
1494 1495
1495 1539
1496 1497
1496 1540
1498 1499
1499 1500
1499 1543
1500 1544
1501 1545
1502 1546
1503 1547
1504 1548
1505 1506
1506 1550
1507 1551
1508 1552
1509 1510
1509 1553
1510 1554
1511 1512
1511 1555
1512 1513
1513 1514
1514 1515
1514 1558
1515 1516
1515 1559
1516 1517
1516 1560
1517 1518
1517 1561
1518 1519
1518 1562
1519 1520
1520 1521
1521 1522
1522 1566
1523 1524
1523 1567
1525 1569
1526 1527
1527 1528
1527 1571
1529 1530
1529 1573
1532 1533
1532 1576
1533 1534
1533 1577
1534 1578
1535 1536
1535 1579
1536 1537
1536 1580
1537 1538
1537 1581
1538 1539
1540 1541
1540 1584
1541 1542
1541 1585
1542 1586
1543 1544
1544 1588
1545 1589
1546 1547
1546 1590
1547 1591
1548 1549
1549 1550
1550 1594
1551 1552
1552 1553
1553 1554
1553 1597
1554 1555
1554 1598
1556 1557
1557 1558
1558 1602
1559 1560
1559 1603
1560 1604
1561 1562
1563 1564
1563 1607
1564 1565
1564 1608
1565 1566
1565 1609
1566 1567
1566 1610
1567 1611
1568 1569
1568 1612
1570 1614
1572 1573
1572 1616
1573 1617
1575 1576
1576 1620
1577 1578
1577 1621
1578 1579
1579 1580
1580 1581
1580 1624
1581 1582
1581 1625
1582 1583
1582 1626
1583 1627
1584 1585
1584 1628
1585 1586
1585 1629
1586 1630
1588 1589
1589 1590
1589 1633
1590 1591
1590 1634
1591 1592
1591 1635
1592 1593
1593 1594
1594 1595
1595 1596
1595 1639
1596 1597
1600 1601
1601 1602
1601 1645
1603 1604
1604 1648
1606 1607
1606 1650
1607 1608
1607 1651
1609 1610
1609 1653
1610 1611
1610 1654
1611 1612
1611 1655
1612 1656
1614 1615
1615 1616
1617 1618
1617 1661
1618 1619
1618 1662
1619 1620
1619 1663
1620 1664
1621 1622
1622 1623
1622 1666
1623 1624
1624 1625
1624 1668
1625 1626
1625 1669
1626 1670
1627 1671
1628 1629
1628 1672
1629 1673
1631 1632
1632 1633
1632 1676
1633 1634
1634 1635
1635 1636
1635 1679
1637 1638
1639 1640
1640 1684
1641 1685
1642 1686
1643 1644
1643 1687
1644 1688
1645 1689
1646 1690
1647 1648
1648 1649
1648 1692
1649 1650
1649 1693
1650 1651
1650 1694
1651 1652
1651 1695
1652 1696
1654 1655
1654 1698
1655 1656
1656 1700
1657 1658
1658 1659
1658 1702
1659 1660
1660 1661
1662 1663
1662 1706
1663 1664
1663 1707
1664 1665
1665 1666
1665 1709
1666 1667
1666 1710
1667 1711
1668 1669
1668 1712
1669 1670
1669 1713
1672 1673
1672 1716
1674 1718
1675 1676
1676 1677
1676 1720
1677 1678
1677 1721
1678 1679
1679 1680
1679 1723
1680 1681
1681 1682
1681 1725
1682 1726
1683 1684
1684 1685
1685 1686
1686 1730
1687 1688
1688 1689
1688 1732
1689 1733
1690 1691
1690 1734
1691 1735
1692 1693
1692 1736
1693 1694
1694 1695
1694 1738
1695 1696
1695 1739
1696 1697
1697 1741
1698 1742
1699 1700
1699 1743
1700 1701
1700 1744
1702 1746
1703 1747
1704 1705
1704 1748
1705 1706
1705 1749
1706 1750
1707 1751
1708 1709
1709 1710
1709 1753
1710 1711
1710 1754
1711 1712
1714 1758
1716 1760
1718 1719
1718 1762
1719 1720
1719 1763
1720 1721
1720 1764
1722 1723
1723 1724
1723 1767
1724 1725
1724 1768
1727 1728
1727 1771
1729 1730
1729 1773
1730 1731
1730 1774
1731 1732
1732 1733
1733 1734
1733 1777
1734 1735
1734 1778
1735 1779
1736 1737
1736 1780
1737 1738
1737 1781
1738 1782
1739 1740
1739 1783
1741 1742
1742 1743
1743 1744
1743 1787
1744 1745
1744 1788
1746 1790
1747 1748
1747 1791
1748 1749
1749 1750
1750 1794
1752 1753
1753 1754
1753 1797
1754 1755
1754 1798
1757 1801
1758 1802
1759 1803
1760 1761
1760 1804
1762 1763
1762 1806
1764 1765
1764 1808
1766 1767
1767 1811
1768 1812
1769 1770
1769 1813
1770 1814
1771 1772
1771 1815
1772 1773
1772 1816
1774 1775
1774 1818
1775 1776
1775 1819
1776 1820
1777 1778
1777 1821
1778 1779
1778 1822
1779 1780
1779 1823
1780 1781
1780 1824
1781 1782
1782 1783
1782 1826
1783 1784
1783 1827
1784 1828
1785 1786
1785 1829
1786 1830
1787 1788
1788 1832
1789 1833
1790 1791
1790 1834
1791 1835
1792 1793
1792 1836
1793 1837
1794 1838
1796 1797
1796 1840
1797 1841
1798 1799
1799 1800
1800 1801
1801 1845
1802 1803
1802 1846
1803 1847
1805 1849
1806 1850
1807 1851
1808 1852
1809 1810
1810 1811
1813 1857
1814 1815
1814 1858
1815 1859
1816 1860
1818 1862
1819 1820
1820 1821
1821 1822
1822 1823
1822 1866
1823 1824
1823 1867
1824 1868
1825 1826
1825 1869
1826 1870
1827 1871
1828 1829
1829 1830
1829 1873
1830 1831
1830 1874
1831 1875
1832 1833
1832 1876
1833 1834
1833 1877
1835 1836
1836 1837
1836 1880
1837 1838
1838 1839
1839 1840
1839 1883
1840 1841
1840 1884
1841 1842
1841 1885
1842 1843
1842 1886
1843 1844
1843 1887
1844 1888
1845 1846
1846 1847
1846 1890
1848 1892
1849 1850
1850 1894
1851 1852
1852 1853
1854 1898
1855 1899
1856 1857
1856 1900
1857 1858
1858 1859
1858 1902
1860 1861
1860 1904
1862 1863
1863 1907
1865 1909
1867 1911
1870 1871
1870 1914
1871 1872
1872 1873
1872 1916
1873 1874
1873 1917
1874 1875
1874 1918
1875 1876
1875 1919
1876 1877
1877 1921
1878 1879
1879 1923
1880 1881
1881 1882
1882 1926
1883 1884
1884 1885
1885 1929
1886 1930
1887 1888
1887 1931
1888 1889
1889 1933
1890 1934
1891 1935
1892 1893
1893 1894
1894 1895
1895 1896
1896 1897
1898 1899
1900 1901
1901 1902
1903 1904
1904 1905
1905 1906
1907 1908
1908 1909
1911 1912
1912 1913
1913 1914
1914 1915
1916 1917
1919 1920
1922 1923
1924 1925
1925 1926
1926 1927
1927 1928
1930 1931
1931 1932
1932 1933
1933 1934
