0 562
0 1194
0 1557
0 1577
1 1971
1 3232
2 509
2 624
2 1315
2 3436
2 3713
3 1306
3 1418
3 2165
3 2899
3 3348
4 101
4 650
4 3528
4 3724
4 3906
5 316
5 340
5 717
5 2990
5 3447
6 1346
6 1656
6 1750
6 2817
6 2948
6 3099
6 3708
7 2206
7 2579
7 2921
8 2814
8 3156
9 497
9 609
9 721
9 1802
9 1999
9 2481
9 3237
9 3449
10 160
10 179
10 1208
11 239
11 1428
11 1854
11 2652
11 3265
12 1310
12 2320
12 2663
12 3094
12 3794
13 1205
14 995
14 1044
14 1212
14 1601
14 1671
14 1710
14 3203
15 35
15 116
15 1510
15 2204
15 2245
15 3038
15 3342
16 1442
16 1914
18 653
18 1682
18 2934
19 792
19 1019
19 1110
19 1897
19 2082
19 2544
19 3530
21 2601
21 2733
21 3569
22 1074
22 2342
22 2385
23 1415
24 1787
24 3038
25 3027
26 361
27 2200
27 2817
27 3085
27 3923
28 249
28 3384
28 3559
29 807
29 1068
29 2388
29 2701
29 3307
29 3493
29 3606
29 3894
30 36
30 753
30 2038
30 2559
31 2543
32 176
32 975
32 1727
32 3224
33 121
33 256
33 1220
33 1235
33 2883
34 1522
34 3394
34 3679
35 381
35 3868
36 45
36 114
36 420
36 669
36 1144
36 1624
36 1828
36 2770
36 3474
37 108
37 1634
37 3498
37 3838
38 980
38 2952
38 3556
38 3882
39 311
40 216
40 702
40 1948
40 2559
40 3713
41 46
41 570
41 1183
41 1339
41 1864
41 1906
41 3557
42 2779
42 3836
43 924
43 1058
43 1534
44 583
44 1583
44 2306
44 3462
45 823
45 2107
46 472
46 2032
46 3445
47 659
47 2711
47 2748
47 2854
47 3420
48 1719
48 2255
48 3469
49 704
49 1497
49 2993
50 165
50 214
50 1011
50 3199
51 583
51 3794
52 856
52 1015
52 1648
53 1842
53 2139
53 2141
53 2381
53 2690
54 1227
54 1647
54 2861
55 837
55 2076
56 741
56 942
56 2674
57 1437
57 1618
57 2020
57 3455
57 3525
58 560
58 1303
58 1425
58 2712
59 352
59 3924
60 3000
60 3511
61 166
61 1388
61 2000
61 2254
61 2366
61 3997
62 100
62 862
62 2596
62 2621
62 2963
62 3764
62 3909
63 1693
63 3086
64 1285
64 1562
64 3773
65 283
65 1650
65 2152
65 3585
65 3630
66 992
66 1775
66 1835
66 2647
67 3276
68 617
68 719
68 2560
68 3953
69 2157
69 2614
69 2632
69 2675
69 3087
69 3650
70 900
70 2395
70 3992
71 123
71 156
71 368
71 2132
71 2493
71 2677
71 3587
73 1716
73 2130
73 3090
73 3173
74 126
74 2078
74 2353
74 3484
75 1467
75 1638
75 2115
75 3645
76 887
76 1746
76 3954
77 282
77 528
77 1510
77 1695
77 3151
78 2519
78 3233
79 2153
80 2620
80 2852
81 1060
81 3151
82 2489
83 696
83 2815
83 2864
84 2782
84 3492
85 172
85 2042
85 2922
85 3916
86 958
86 2125
86 3057
86 3766
87 478
87 1534
87 1690
88 904
89 2376
90 549
90 2059
90 2241
90 2773
90 3969
91 377
91 543
91 661
91 1995
91 3125
91 3542
91 3658
92 1310
92 2490
92 2995
93 2777
93 2965
94 509
94 1617
94 2148
94 3766
94 3898
95 1427
95 1802
95 3059
96 1557
96 1783
96 2492
97 836
97 2587
97 3455
98 2526
98 2637
98 3023
99 2075
99 3118
99 3760
99 3819
99 3953
100 1348
100 2364
100 2961
100 3129
100 3747
101 404
101 422
101 1037
101 1888
101 3915
102 803
102 3741
102 3995
103 1320
103 1805
103 1909
103 2035
103 3683
104 169
104 1932
104 2319
105 502
105 770
105 2959
106 1786
106 3426
106 3891
107 545
107 1527
107 1920
108 360
108 363
108 513
108 605
108 800
108 910
108 1186
108 2086
108 2410
108 2817
108 3270
109 2074
109 2520
109 3325
109 3754
110 2203
110 2685
110 2786
111 426
111 589
111 1548
111 2952
111 3301
111 3573
111 3655
112 624
112 1889
112 2699
112 3209
112 3618
113 599
113 1465
113 1837
113 2297
113 2907
113 3366
114 562
114 2003
115 258
115 720
115 1385
115 1534
115 1891
115 3471
116 1462
116 2274
116 2290
116 2815
116 3028
117 407
117 550
117 1237
117 1375
117 1775
117 3260
118 1840
118 1943
118 3616
119 187
119 3453
120 285
120 1393
121 1141
121 3781
122 581
122 1942
123 2199
123 3135
123 3266
123 3536
123 3782
124 1946
124 2088
125 922
125 928
125 1675
125 2955
125 3172
126 1196
126 1760
126 1828
126 1952
126 3933
126 3979
127 130
127 3390
127 3559
127 3800
128 762
128 1413
128 2881
128 3073
129 140
129 383
129 2757
130 133
130 878
130 1284
130 3892
131 659
131 2130
131 2651
131 3402
132 797
132 2203
132 2997
133 3600
134 3464
134 3790
135 1070
135 2126
135 2378
135 3778
136 312
136 562
136 786
136 1334
136 1717
136 1980
136 2012
136 2259
136 3884
137 1830
137 2945
137 3671
137 3946
138 595
138 2313
138 2591
138 2968
139 2927
140 511
140 830
140 941
140 3201
140 3274
140 3510
140 3693
140 3968
141 834
141 3564
141 3697
141 3703
142 553
142 1890
142 2339
142 3910
143 593
143 2594
143 3915
144 488
144 914
145 1508
145 3055
146 998
146 2404
146 3347
146 3467
146 3549
146 3586
147 2412
147 2884
148 2345
148 2870
148 3017
148 3464
149 249
149 837
149 3169
150 1793
150 2597
150 3063
150 3206
150 3510
151 1546
151 3295
151 3631
152 222
152 523
152 1197
152 1722
152 2433
152 2469
152 2512
152 2584
152 2665
152 3753
153 734
153 1916
153 2782
153 3240
153 3529
153 3530
153 3908
154 377
154 1116
155 202
155 750
155 755
155 1695
155 2207
155 2448
155 2499
155 2801
155 3594
156 370
156 423
156 926
156 939
156 1093
156 2123
156 3231
157 242
157 1123
157 2511
157 2539
157 2869
157 3099
158 239
158 698
158 842
158 909
158 1459
158 1615
158 1867
158 2270
158 2540
158 3245
159 300
159 2445
159 2839
160 2898
160 2954
160 3629
161 2129
161 2152
161 2671
162 171
162 1419
162 1528
162 1626
162 2317
162 3091
163 1064
164 2771
164 3704
165 560
165 1417
165 1452
165 1776
165 1940
165 3384
165 3585
166 437
166 2336
166 3223
167 620
167 2603
167 2943
168 189
168 2350
169 1220
169 3841
170 597
170 1290
170 1502
170 2468
170 3084
171 3364
172 758
172 2525
172 2669
172 2977
173 1583
173 3367
174 3902
175 3147
175 3732
176 2569
176 3498
176 3977
177 3123
177 3813
177 3832
178 187
178 2206
178 3026
178 3331
179 1228
179 1795
179 2485
179 3430
179 3686
180 1603
180 2289
180 2538
180 3027
181 1158
181 1746
181 1919
181 2938
181 3010
181 3828
182 1621
182 3122
183 728
183 1118
184 502
184 629
184 826
184 1816
185 188
185 594
185 3063
185 3223
185 3530
185 3735
186 2657
186 2933
187 1328
187 1943
188 608
188 1697
188 2551
189 671
189 1404
189 2841
189 2953
190 577
190 1356
190 2713
190 3149
190 3760
191 1675
191 2634
191 2951
192 1192
193 1072
193 2441
194 2649
194 2724
194 3251
195 712
195 3289
195 3461
195 3636
195 3808
196 302
196 1279
196 1285
196 1731
196 2804
196 3253
197 1609
197 2864
197 3501
198 1337
198 1848
198 3102
198 3866
199 283
199 1611
199 2316
199 3287
199 3846
200 462
200 471
200 637
200 2909
200 3245
201 585
201 1221
201 2174
201 2216
201 3052
202 489
202 949
202 1211
202 2151
202 3138
202 3217
202 3913
203 1294
203 2704
203 3787
205 2679
205 3278
205 3633
206 216
206 244
206 752
206 2137
207 1015
207 1163
207 1231
207 1911
207 2889
207 2970
207 3785
208 233
208 470
208 613
208 992
208 1815
208 2336
208 2594
209 1615
209 2056
209 3504
210 1464
210 3294
210 3604
210 3959
211 1209
211 2243
211 2892
211 3162
212 701
212 2596
212 3426
213 1162
213 1191
213 1973
213 2582
213 3560
214 256
214 1713
214 1860
214 2322
214 2668
214 3476
215 1802
215 2671
215 2691
215 3254
216 2622
216 3366
216 3902
216 3972
217 872
217 2723
217 3883
218 908
218 1908
218 2498
219 796
219 2765
219 3139
219 3229
219 3252
221 399
221 555
221 1004
221 3035
221 3615
221 3763
222 1181
222 1469
222 2617
222 3393
222 3928
223 637
224 909
224 1469
224 1589
224 1687
225 247
225 282
225 1336
225 2901
226 961
226 1537
226 2301
226 3600
227 1428
227 1882
227 1923
227 2437
227 3016
227 3343
227 3473
227 3602
227 3864
228 569
228 2805
228 3746
228 3814
229 1457
229 3090
229 3150
230 3424
231 910
231 2141
231 2687
232 758
232 1878
232 1907
232 3136
232 3429
233 1199
233 2298
233 2792
234 2200
234 2243
234 2692
234 3280
234 3548
235 1288
235 1623
235 2269
235 3019
236 659
236 693
236 1191
236 1641
236 1826
236 1912
236 1960
236 1976
236 2498
237 741
238 1938
239 1549
239 2501
239 3491
239 3577
240 277
240 1459
240 3245
241 627
241 1747
241 1999
241 2376
242 823
242 1003
242 1180
242 1660
242 2534
242 2951
242 3878
243 2849
243 3160
244 1144
244 2257
244 2651
245 1082
245 2155
245 2378
245 3406
246 2334
247 1027
247 2573
247 2774
247 3215
247 3502
247 3742
248 594
248 772
248 970
248 2504
248 2652
248 2748
249 549
249 3071
249 3784
250 2312
251 1576
251 2141
251 2667
251 3245
252 1498
252 2032
253 1288
253 1972
253 2066
253 3084
253 3755
254 977
254 1498
254 3936
255 1245
255 2356
255 2889
255 3051
256 1137
256 3099
256 3313
256 3777
257 495
258 409
258 1238
258 2782
258 2857
259 497
259 844
259 3601
259 3663
260 1420
260 1622
261 711
261 1368
261 1458
261 2110
261 2683
261 2877
262 709
262 2211
262 2309
262 2462
262 3339
262 3502
263 768
263 2176
263 3363
263 3947
264 1496
264 1664
264 3125
265 563
265 912
266 904
266 2086
266 2858
266 3827
267 1842
267 2418
267 2817
267 2903
267 2939
267 3724
268 2311
268 2998
269 848
269 3703
270 305
270 1709
270 1881
270 2255
270 2351
270 3023
271 2599
271 2781
271 3493
272 335
272 1726
272 2666
272 3979
273 757
273 894
273 2374
273 3094
273 3899
274 1641
274 2770
275 608
275 2635
275 3272
275 3830
276 927
276 1793
276 1847
276 2279
276 2529
276 3419
277 2459
277 2857
277 3231
277 3936
278 521
278 1932
279 1978
279 2256
279 2887
279 3051
279 3773
279 3932
280 514
281 484
281 1660
282 1066
282 1496
282 2122
282 2458
283 1331
283 2732
283 3193
284 550
284 2041
284 2302
284 3097
284 3548
284 3813
285 2006
285 2208
285 2579
285 2709
285 3855
286 2669
287 495
287 909
287 2324
287 2998
287 3728
288 1137
288 1914
288 2557
288 2967
288 3909
289 954
289 1314
289 1657
290 328
290 436
290 451
290 658
290 1740
290 3257
290 3452
290 3524
290 3704
292 1509
292 1616
293 1006
293 1326
293 1420
293 2219
293 3358
294 805
294 1514
294 2557
294 2723
294 3525
294 3678
295 575
295 1210
296 1392
296 2127
296 2305
296 2548
296 3450
296 3959
297 342
297 1156
297 1878
297 2431
298 1331
298 2885
298 3164
299 2489
299 3010
300 438
300 831
300 3094
300 3209
301 571
302 464
302 2539
302 2931
303 1087
303 1934
304 346
304 1433
304 1653
304 2358
304 2621
305 496
305 708
305 2048
306 369
306 771
306 2129
306 2375
306 2627
306 2682
306 2923
306 3530
307 1350
307 1452
307 1501
307 1634
307 2220
308 596
308 721
308 1749
308 2007
308 2572
309 1904
310 2301
310 2578
310 2754
310 2818
310 3406
310 3646
311 648
311 1495
311 1884
312 427
312 1722
312 2367
313 1047
313 3126
314 1341
314 1539
314 2326
314 2959
314 3552
314 3689
317 2817
317 3225
317 3811
318 1793
318 2256
319 503
319 677
319 1354
319 1932
319 3312
320 842
320 2242
320 2257
320 3482
321 1597
321 3352
321 3535
322 1144
322 2548
323 1304
323 1342
323 2810
323 3412
325 2304
325 3210
326 594
326 1716
326 3594
326 3599
326 3908
327 496
327 3124
328 706
328 907
328 1156
328 1480
328 3804
329 1584
329 2301
330 909
330 3125
330 3947
331 3619
332 1025
332 1081
332 1451
332 2520
332 2674
332 3959
333 854
333 1040
333 1783
333 3562
334 1209
334 1835
334 2220
334 3126
334 3253
334 3840
335 478
335 493
335 690
335 1181
335 1338
335 3213
335 3285
336 411
336 1085
336 1207
336 1528
336 1612
336 2986
337 1145
337 1157
337 1470
337 2171
337 2712
337 3428
338 781
338 1382
338 1438
338 2106
339 533
339 1497
339 2807
339 3649
341 457
342 434
342 807
342 1360
342 1881
342 1942
342 2776
343 1125
343 2634
343 2849
343 3102
343 3559
344 2565
344 3070
345 2029
345 2814
345 3394
346 1681
346 1871
347 597
347 1885
347 3090
348 419
348 635
348 833
348 2037
348 3920
348 3997
349 1280
349 2470
350 1717
350 2318
351 423
351 1043
352 962
352 1827
352 2537
352 2712
353 1139
353 1232
353 1256
353 2545
353 3334
353 3793
354 2672
355 1160
355 1584
355 2812
355 3787
356 1234
356 3386
357 2387
357 2707
357 2785
357 2993
357 3127
357 3847
358 604
358 1259
358 2118
359 580
359 1178
359 1270
359 1635
359 3637
360 714
360 1750
360 2073
360 2441
360 3067
360 3698
360 3978
361 1794
361 1808
361 1963
361 2643
361 3693
362 1587
362 2145
363 1618
363 1913
363 2048
363 2302
363 3439
364 1126
364 1227
364 1296
364 1804
364 2055
364 3653
365 1365
365 2114
365 2523
366 383
366 1889
366 2166
366 2449
366 2861
366 3602
366 3998
367 494
367 1517
367 1676
367 2761
367 3538
368 2856
368 3331
368 3559
368 3839
369 1553
369 2502
370 406
370 760
370 2555
370 3582
370 3914
371 566
371 657
371 1517
371 2521
371 2590
371 3499
372 3750
373 780
373 1279
373 3015
373 3498
373 3503
373 3880
374 516
374 1015
374 1429
374 3400
375 1803
375 2199
376 605
376 962
376 2091
378 509
378 1105
378 3292
379 887
379 969
380 383
380 2396
380 3435
381 1912
382 1797
382 1800
382 3759
383 1867
383 1958
383 2183
383 3339
384 1533
384 1937
384 2025
384 2738
384 3957
385 602
385 3296
386 420
386 3651
387 687
387 1396
387 2423
387 3259
388 880
388 1083
388 1208
388 2049
388 2171
388 2212
388 2271
389 462
389 2329
390 1305
390 3223
390 3254
390 3549
391 1364
391 2188
392 634
392 1020
392 2224
392 2538
392 2565
392 2592
392 3677
393 1677
393 2872
393 2974
394 651
394 803
394 1784
394 2066
394 3587
395 894
395 3311
396 935
396 1448
396 2412
396 3826
398 428
398 1071
398 2039
399 1606
399 2825
399 3857
400 955
400 3387
400 3830
400 3946
401 606
401 729
401 2520
401 2560
401 3679
402 1869
402 2460
402 2802
402 2922
402 3041
402 3470
403 963
403 1065
403 1793
403 2337
403 3037
403 3261
403 3634
404 666
404 1838
404 3686
404 3732
405 967
405 1139
405 3413
406 2534
406 2782
407 620
407 2871
407 2879
407 3591
407 3626
407 3787
408 3775
409 1067
409 1464
409 3311
409 3737
409 3952
410 895
410 2110
410 3700
410 3804
411 1136
411 3096
411 3871
412 2226
413 938
413 976
413 3512
415 3133
415 3170
415 3658
415 3974
416 1325
416 1962
416 2131
416 2590
416 3859
417 1721
417 1929
417 2196
417 2312
417 2514
417 3873
418 670
418 808
418 934
418 1070
419 763
419 1845
419 2091
419 2265
419 2972
419 3089
419 3778
419 3855
420 1122
420 1949
420 3138
421 1695
421 1884
421 3138
422 749
422 800
422 1131
422 1191
423 1552
423 1587
423 1697
423 2770
423 3655
424 1071
424 1097
424 2940
425 1185
425 1513
425 1772
425 2408
425 3184
426 902
426 3823
427 776
427 870
427 2512
427 3496
428 634
428 1150
428 1202
428 3594
428 3708
429 817
429 1291
429 1317
430 1714
431 1525
431 3851
432 1816
432 3135
433 718
434 1011
434 2530
435 1721
435 3072
435 3305
435 3525
435 3802
436 3185
437 2207
437 2922
437 3264
437 3866
438 2122
438 2599
438 2982
438 3781
439 3130
440 1035
441 476
441 1465
441 1637
441 2902
442 1177
442 1500
442 1844
442 2010
442 2271
442 3552
442 3757
443 1043
443 2049
443 2146
443 2711
444 876
444 1129
444 2352
445 1037
445 2937
445 2938
445 2961
446 774
446 1449
447 1568
447 1697
447 2546
447 3437
448 1008
448 1568
448 1588
448 1837
448 3462
448 3529
448 3880
448 3913
450 1397
450 1643
451 1789
451 2490
451 2628
451 3311
452 2226
452 2553
452 3024
452 3511
453 810
453 1997
453 2876
454 1454
454 1866
454 2309
454 2721
455 1262
455 1707
455 1906
455 1932
455 3883
456 2221
457 1152
457 1229
457 1290
457 2716
458 617
458 1985
458 2623
458 3401
459 620
459 2273
459 3820
460 959
460 1672
460 1800
461 2253
461 3033
461 3348
462 969
462 1183
462 1438
462 2159
462 2963
462 3872
463 1302
463 3502
464 3160
464 3728
465 761
465 2633
466 894
466 1397
466 2272
466 3285
466 3783
467 569
467 1787
467 1938
467 2318
468 1122
468 1224
468 3427
469 1393
469 1497
469 1670
469 3716
470 1114
470 1438
470 2061
470 3140
470 3620
471 1588
471 2023
474 2783
474 3797
475 1519
475 1925
475 2230
475 3346
476 611
476 1774
476 1976
476 2399
476 2447
476 2743
477 575
477 3770
478 484
478 1521
478 1713
478 2175
478 2215
478 3245
479 1245
479 2307
480 866
480 3528
481 2240
481 2964
481 3435
481 3649
481 3716
482 1644
482 3144
482 3527
483 2979
483 3325
484 677
484 715
484 765
484 1122
484 1463
484 2993
484 3894
485 640
485 766
485 1253
485 1443
485 2425
486 1004
486 2366
486 3447
486 3750
486 3975
487 1427
487 2334
488 853
488 3999
489 3374
489 3531
489 3592
490 585
490 2205
490 2951
490 3635
490 3745
491 2387
492 613
492 1605
492 3553
492 3561
492 3708
493 495
493 1153
493 1342
493 2861
493 3199
493 3446
493 3450
494 656
495 1349
495 1675
495 2712
495 2779
495 3126
495 3489
495 3500
496 1186
496 1251
496 3018
496 3506
497 2597
498 1040
498 1059
498 2261
498 2588
498 2809
498 3404
498 3749
499 696
499 2631
499 3054
499 3368
499 3600
500 819
500 1558
500 2298
500 3475
501 756
501 930
501 1004
501 1213
501 1821
501 1966
501 3129
502 1023
502 1329
502 1587
502 2909
503 865
503 2406
503 2644
503 2672
503 3854
504 3378
505 756
505 969
505 1058
505 2532
505 2661
505 3688
506 583
506 1999
506 2821
507 1111
507 2554
507 3009
508 1370
508 2889
509 2236
510 1019
510 1561
510 1862
510 2248
510 2875
510 2911
511 530
511 1110
511 2858
511 3378
512 1439
513 1051
513 1187
513 1615
514 950
514 1972
514 3080
514 3757
514 3932
515 1082
515 2707
516 1106
516 1832
517 598
517 1165
517 1437
517 2989
518 1525
519 954
519 1663
519 1691
519 2777
520 944
520 1111
520 2172
520 3042
521 1901
521 2425
521 3205
521 3292
521 3601
522 1108
522 1207
522 1674
522 2236
522 2850
522 3029
523 653
523 982
523 3864
524 1477
524 1747
524 2491
524 3842
525 613
525 1458
525 1930
525 2415
526 2078
526 3592
526 3669
527 2439
529 802
529 2733
529 2904
530 1940
530 2136
531 950
531 1584
531 3037
531 3225
531 3882
532 1320
532 1938
532 2334
532 2689
532 3155
533 835
535 911
535 2509
535 2737
536 1061
536 1677
536 2311
536 2845
537 1442
537 2091
537 2505
537 2923
537 3287
537 3720
538 696
538 732
538 1357
538 1498
538 2690
539 2678
540 1857
540 2355
540 2742
540 3090
540 3893
541 544
541 1035
541 1126
541 2494
542 1296
542 1386
542 2482
543 1062
543 1339
543 2059
543 3231
543 3973
544 558
544 1744
544 2218
544 3181
545 1283
547 2646
547 3100
547 3157
548 3290
549 1973
549 2542
549 3388
550 1002
550 2862
550 2922
550 3944
551 1111
551 2993
552 1405
552 1670
552 1980
552 3127
553 2538
553 3778
554 2122
554 2603
555 1631
555 2665
555 3313
556 730
556 1207
557 1461
558 1119
558 2871
558 2970
558 2975
558 3915
559 1096
559 1939
559 2608
560 872
560 1122
560 1384
560 1698
560 1829
561 1054
561 1429
561 2236
562 819
562 1237
562 1993
562 2372
563 2004
563 3161
563 3417
563 3936
564 783
564 1178
564 1194
564 1237
564 3308
564 3788
565 921
565 1386
565 2573
565 2647
565 3067
565 3134
565 3912
566 662
566 3622
567 715
567 3667
568 926
569 743
569 3340
569 3555
569 3943
570 1761
570 2967
571 2747
572 2489
572 2503
573 1341
573 2937
574 757
574 1078
574 1663
574 3319
575 1749
575 2525
575 2875
575 3447
575 3466
576 616
576 2730
576 3527
576 3628
577 923
577 2126
577 2594
578 681
578 1107
578 1520
578 2620
578 2913
579 2070
579 2250
579 2579
579 2981
580 1179
580 2327
580 3744
581 1417
581 2402
581 2592
581 2640
581 2652
582 878
582 3731
582 3903
583 911
583 3228
584 797
584 1349
584 3322
584 3356
584 3682
585 2558
585 2808
585 3081
585 3741
586 603
586 3212
586 3338
586 3475
587 627
587 733
588 895
588 1266
588 1879
588 2822
588 3091
590 2313
590 3851
591 996
591 3090
591 3847
592 1049
592 1052
593 837
593 1821
593 1934
593 2412
594 596
594 669
594 1692
595 810
595 1507
595 1858
595 2171
597 841
597 1462
597 3738
598 708
598 1612
598 2126
598 2248
598 2513
598 3278
599 2842
600 836
600 2210
600 2362
600 2449
600 2617
600 2895
600 2923
601 1142
601 2113
601 3069
601 3169
602 1415
602 2001
602 2816
603 1062
603 3659
604 2058
604 2176
604 2425
605 860
605 1650
605 3330
605 3760
605 3869
606 712
606 1718
606 3077
607 1012
607 1057
607 3002
607 3698
608 2899
608 3675
609 966
610 932
610 1929
611 860
611 1995
611 2129
611 2738
612 708
612 2131
612 3303
613 849
613 2354
613 3631
614 876
614 1515
614 2885
614 3123
615 2696
615 3877
616 1837
616 2429
616 3702
616 3922
617 2615
618 1234
618 1408
618 1767
618 1841
618 2303
618 3786
619 2255
619 3385
620 1552
620 1647
620 2861
620 2963
620 3368
621 812
621 820
622 768
622 931
622 2880
623 2238
623 2944
623 3527
624 717
624 795
624 1359
624 1373
624 2436
624 2686
624 3014
624 3958
625 1275
625 3051
625 3684
625 3775
626 709
626 822
626 1632
626 1947
627 781
627 3283
628 1723
628 2752
628 3875
629 712
629 3082
630 1089
630 2053
632 1808
632 3365
632 3380
633 3809
634 732
634 1971
634 3709
635 1802
635 3373
636 1630
636 2304
636 3059
637 1349
637 1935
637 2024
637 2714
637 2766
637 3807
638 1288
638 2449
638 3535
639 1027
639 1371
639 1854
639 3251
639 3617
639 3808
640 1637
640 2150
640 2514
640 2626
640 3135
640 3235
641 2064
641 3478
642 2140
642 2772
642 3762
643 1136
643 1314
643 1433
643 1725
643 2176
643 2901
644 1241
644 1840
644 2291
644 3529
645 983
645 2145
645 2775
645 2931
645 2961
645 3028
645 3828
646 3352
647 2528
647 3544
648 3278
649 1458
649 1748
649 1994
649 3025
649 3785
650 886
650 2910
651 2881
652 801
652 1366
652 1806
652 2863
653 1000
653 3398
654 1037
654 1361
654 2613
654 2651
654 3375
654 3899
655 783
655 1003
655 1320
655 1660
655 1910
655 2997
656 1063
656 1629
657 913
657 1291
657 3594
657 3642
658 1091
658 3035
659 1671
659 1777
659 2209
659 3072
660 2419
660 3036
660 3294
660 3454
660 3862
661 1077
661 1615
661 2100
661 2456
662 1486
662 2518
662 3090
662 3326
663 1142
663 2621
663 3891
664 912
664 1882
664 3082
664 3166
664 3747
665 891
665 1229
665 1337
665 1587
665 2165
665 3622
665 3765
666 1159
666 1630
666 2472
666 2816
667 894
667 1841
667 2202
667 2528
667 2534
669 2438
670 2324
670 2845
670 3302
670 3329
671 1071
671 1916
671 2236
671 2755
672 1265
672 1776
672 2732
672 3371
673 2752
673 2766
673 3363
674 1854
674 1944
674 2543
674 3621
674 3885
675 868
675 1728
675 2275
675 2854
676 938
676 3963
677 1338
677 1958
678 1474
678 3995
679 3087
679 3559
679 3594
680 1095
680 1890
680 2829
680 3059
680 3153
680 3358
681 2364
681 3212
681 3780
682 814
682 1734
683 925
683 2169
683 2341
683 3747
684 2029
685 1942
685 2014
685 2306
685 2343
685 2558
686 1083
686 2770
687 2179
687 2680
687 3322
687 3632
687 3634
687 3899
688 754
688 794
688 885
688 1629
688 1668
688 1809
688 2306
689 1731
689 1789
689 3977
690 1212
690 1245
690 1735
690 2116
690 3056
690 3146
690 3412
691 1255
691 1358
691 1801
691 3605
692 1401
692 3545
693 697
693 761
693 1053
693 2556
693 2856
694 943
695 811
695 863
695 3167
696 2282
696 2953
696 3538
696 3904
697 1873
698 3715
698 3846
699 2738
700 1340
700 2826
701 899
702 3825
703 1210
703 1670
703 1986
703 3119
703 3215
703 3228
703 3581
703 3835
704 1316
704 1855
704 2677
704 3038
705 901
705 2561
705 3469
706 2104
706 2474
706 3473
707 999
707 1874
707 2432
707 3746
708 1746
708 3280
708 3955
709 966
709 2393
709 3243
709 3263
710 999
710 1809
711 1530
712 927
712 1007
712 1363
713 1519
713 3934
713 3983
714 2956
714 3491
714 3840
715 2511
716 3751
716 3842
716 3875
717 1689
718 1491
718 2109
718 2965
718 3021
719 1312
719 1520
719 2785
719 3905
720 1662
720 2330
720 3686
721 1118
721 1451
721 2624
721 3023
721 3066
721 3359
722 1570
722 2222
722 2402
722 2811
722 3394
723 1341
723 1374
723 1653
723 1665
723 2127
723 3120
724 1650
724 2470
724 2662
725 749
725 774
725 955
725 1951
726 1337
726 1394
726 2012
726 2042
726 2237
726 3423
726 3466
727 914
727 971
727 2578
727 3012
727 3287
727 3801
728 2942
729 941
730 1733
730 3039
730 3713
730 3998
731 1165
731 2219
732 2388
732 3014
732 3271
733 1750
733 2914
733 3459
733 3733
734 838
734 979
735 1000
735 2514
735 2950
735 3585
736 874
736 1302
736 1669
737 1021
737 1793
738 987
738 1420
738 1468
738 1853
738 1911
738 2062
740 824
740 1719
740 2257
741 1333
741 2217
742 1985
742 2108
743 2238
743 2347
744 2161
744 2457
744 2864
745 1035
745 3502
745 3806
745 3908
746 859
746 927
746 1246
746 1297
746 3641
747 1646
747 2584
747 3097
747 3537
748 1494
748 2446
748 3630
749 1230
749 1539
750 2247
750 2326
751 1191
751 1318
751 1394
751 2341
751 2818
751 3147
751 3319
752 909
752 3073
752 3969
753 1570
753 1994
753 3949
754 2586
754 2636
754 2863
755 1423
755 3144
756 1047
757 777
758 1701
758 1995
758 3084
758 3295
759 1027
759 2995
760 1014
760 1800
760 1878
760 3416
760 3710
761 2096
761 2983
762 798
762 1374
762 3304
762 3447
762 3514
763 2185
764 1282
765 3130
765 3135
765 3828
766 1511
767 1387
767 3588
767 3622
768 2338
768 2682
768 3609
768 3981
769 1317
770 1531
771 1863
771 1898
771 2919
771 3885
772 1016
772 2907
773 1925
773 3940
774 1203
774 2219
774 3496
775 1575
775 2973
775 3799
775 3811
775 3815
776 780
776 2970
776 3603
776 3625
777 919
778 1289
778 1539
778 1780
778 1790
778 2442
778 2826
778 2990
778 3364
778 3724
779 2325
779 3341
780 849
780 1288
780 3392
780 3547
780 3857
781 926
781 2166
781 3799
782 1019
782 1629
783 3155
784 2186
784 3170
784 3701
785 1811
785 2083
785 2311
785 2413
785 2507
785 2883
786 911
786 1091
786 2254
786 2432
787 1611
787 2119
787 3275
788 1304
788 2164
789 1951
789 3894
790 876
790 1539
791 1186
791 1683
791 1916
792 3938
793 2083
794 1666
794 1864
794 2998
794 3184
795 1339
795 2747
796 3145
797 1412
797 1480
797 2767
797 2912
797 3136
798 1509
798 1801
799 2477
799 3469
800 3171
800 3589
800 3660
800 3820
801 1588
801 3393
801 3399
801 3984
802 1168
802 1575
802 2226
802 3513
803 1488
803 2639
803 2729
803 2872
803 2916
805 1128
805 1435
805 1553
805 1757
805 3557
806 1450
806 2193
806 2281
806 2938
806 2983
806 3557
807 1160
807 1506
807 1795
807 2664
807 3071
808 959
808 2505
808 2654
808 3512
809 2911
809 3585
809 3913
810 951
810 1512
810 3010
810 3705
811 1403
812 3103
812 3648
813 1928
813 3832
814 1928
814 3793
815 838
815 2739
816 858
816 1913
816 2247
816 2426
816 3347
817 1565
817 1908
817 2684
817 3957
818 969
818 1277
818 3113
818 3161
819 2127
819 2210
819 2439
819 3921
820 1891
820 2300
820 2668
820 3130
820 3341
820 3448
820 3889
821 1456
821 1802
822 910
822 1499
822 2016
822 3763
822 3885
823 3824
824 1655
824 2164
824 2490
825 1313
825 3222
825 3890
826 1383
826 3081
826 3597
827 1034
827 1120
827 1931
827 2877
827 3401
828 874
828 1078
828 3792
828 3971
830 2732
831 2171
832 950
832 1223
832 1978
832 3184
833 1177
834 960
834 1277
834 2337
835 2445
835 2533
836 1080
836 1439
837 858
837 888
837 2329
838 887
838 1065
838 2986
838 3188
839 2215
839 2363
840 1450
840 1543
841 1466
841 2624
841 2996
842 2798
842 3266
843 1447
843 3972
844 3340
845 1311
845 1673
845 3273
845 3307
846 2275
846 3825
846 3973
847 864
847 2159
847 2195
847 2597
848 3987
849 981
849 998
849 3187
850 869
850 1225
850 3732
851 1957
851 2401
851 2783
851 3017
852 1148
852 1355
852 3118
853 2368
853 2879
853 3746
854 863
854 886
854 3784
855 2078
855 3118
855 3683
856 1001
856 1568
856 1599
857 3060
857 3706
857 3761
858 3040
859 1367
859 1909
859 2153
859 2628
860 1989
860 2146
861 2921
862 1061
862 2108
862 3321
863 929
863 2149
863 3037
863 3208
863 3216
863 3434
863 3568
864 1675
864 3717
865 2355
865 3346
865 3631
866 3522
867 1550
867 2278
868 1746
869 885
869 1272
869 2780
870 1193
870 1825
870 2401
870 2476
870 2713
870 3511
871 1083
871 2599
872 1006
872 2255
872 2390
872 2769
872 2900
873 3692
873 3845
874 3366
874 3638
875 2334
875 2865
876 1562
876 2509
877 1328
877 2427
877 2493
877 2598
877 2790
877 2920
877 3835
877 3889
878 1265
878 1590
878 2985
878 3619
879 2307
879 2878
879 3206
879 3291
879 3366
880 1716
880 1720
881 959
881 1118
883 1262
883 1487
883 1566
883 3137
883 3475
884 1046
884 1476
884 3252
884 3328
885 3207
886 2376
886 3992
887 913
887 1258
887 1528
887 2741
887 3999
888 1691
888 2599
888 2961
888 3444
889 1285
889 1770
889 2526
889 2626
889 3871
890 2499
890 3924
891 2101
892 2073
892 2585
892 3609
893 928
893 1463
893 1897
893 2726
894 1296
894 1412
894 3643
894 3813
895 2583
895 2601
895 3183
895 3336
895 3519
896 1149
897 3938
898 1752
898 1877
898 2714
898 3116
898 3322
898 3404
898 3656
898 3771
898 3968
899 997
899 2657
900 938
901 2147
901 3308
902 1254
902 2344
902 2482
903 1451
903 1563
903 3987
904 1893
905 1299
905 2657
905 3482
905 3638
906 941
906 1546
906 2279
906 2306
906 2768
906 3851
906 3978
907 1428
907 1461
907 2697
908 1129
908 2062
908 2156
908 2725
908 3262
908 3281
908 3500
909 1536
910 1554
910 1844
910 1890
910 3640
911 1209
911 2224
911 2439
911 2449
912 1103
912 1326
912 1648
912 2081
912 2112
912 3312
912 3644
913 1770
913 2560
913 3355
914 1733
914 1898
914 2718
915 2856
915 3097
915 3247
915 3503
916 3177
916 3714
916 3730
917 929
917 2147
917 2314
917 2801
918 2341
918 2777
918 3254
919 2678
919 3029
919 3043
920 1042
920 1895
921 1249
922 3338
923 1051
923 1081
923 3272
924 1583
924 1783
924 2592
924 3085
924 3358
924 3582
925 3545
925 3689
926 1507
926 1622
926 2393
926 2827
926 3012
927 2940
927 3386
928 2308
928 2682
928 3683
930 1556
930 1742
930 2884
931 1363
931 1377
931 1396
931 3087
932 1299
932 1325
932 1431
932 2171
932 2237
932 2275
932 2444
932 2672
933 1220
933 3979
934 1085
934 1318
934 2179
935 1611
935 2149
935 3996
936 1352
936 2573
936 2692
936 2847
937 959
937 3172
938 999
938 1264
938 2220
938 2364
938 2866
938 3566
939 1068
940 1153
940 1279
940 1462
940 2942
940 2952
941 1308
941 3535
941 3649
942 1879
942 2488
943 2209
944 1106
944 1443
944 2284
944 2908
945 1307
945 1836
945 3035
945 3726
945 3889
946 2080
946 2498
946 2689
947 1293
947 1418
947 2919
948 2266
948 3101
948 3975
949 1175
949 1591
949 1973
949 3876
950 2361
950 3468
952 2908
952 3496
952 3662
953 1061
953 1575
953 2859
953 3025
953 3235
954 1097
954 1235
954 2287
954 2428
954 2749
954 2864
955 2260
955 3595
955 3798
956 1229
956 2585
956 3190
957 1300
957 1559
957 1723
957 1880
957 3616
958 2410
959 1063
959 1681
959 3312
959 3465
960 3410
960 3495
961 1924
961 2467
961 3053
961 3346
961 3392
962 1113
962 1302
962 1741
962 2456
963 2819
963 3004
963 3243
964 2930
964 3165
965 2433
965 3999
966 2744
967 1640
967 2917
968 1763
968 2035
969 1244
969 1513
969 2759
969 3030
970 2706
971 1705
971 2929
971 3547
972 1650
972 1860
972 2392
972 3108
972 3518
972 3667
973 1124
973 1838
973 2046
973 3652
973 3754
973 3768
974 1409
974 3155
975 1431
975 2213
975 2530
976 1950
976 3309
976 3856
979 2149
979 2474
980 2798
980 2819
980 2902
980 3125
980 3180
981 1620
982 1518
982 1711
982 2208
982 2843
982 3955
983 1147
983 2961
983 3902
984 2169
984 3331
984 3450
984 3528
984 3966
985 1024
985 1944
985 2095
985 2304
986 1667
986 2643
986 3368
986 3674
987 1165
987 3699
988 1283
988 1680
988 2665
989 1279
989 1575
989 1671
989 1741
989 1947
989 1969
991 1163
991 3269
991 3462
992 1642
992 1793
992 3808
993 1518
994 1282
994 2550
994 2790
994 3123
994 3283
996 1791
996 2750
996 2902
997 1270
997 1848
997 2738
998 3520
998 3623
998 3792
1000 3889
1001 1558
1001 2219
1001 3434
1001 3493
1002 1175
1002 1925
1002 3845
1003 2299
1003 3877
1004 2282
1005 3561
1006 1299
1007 3500
1007 3910
1008 1138
1008 2706
1008 3848
1009 1731
1009 2360
1009 2694
1010 1704
1010 2685
1010 2694
1011 1328
1011 1618
1011 2062
1011 2597
1012 2393
1012 3762
1013 2656
1013 3391
1013 3658
1013 3665
1014 1703
1014 2017
1014 2342
1014 3839
1015 2067
1015 2701
1015 3027
1015 3639
1015 3671
1016 3037
1017 1452
1017 1503
1018 2341
1018 3971
1020 2391
1021 1161
1021 1528
1021 2424
1021 2894
1021 3332
1021 3796
1022 1242
1022 2654
1022 3271
1022 3371
1023 3598
1024 1295
1024 3128
1025 1202
1025 3019
1026 1975
1026 2008
1026 2468
1026 3993
1027 1895
1027 2111
1027 2430
1027 3327
1028 2004
1028 2137
1028 2202
1028 3132
1028 3455
1029 2125
1029 2612
1029 3487
1029 3706
1030 1454
1030 3265
1030 3611
1031 2132
1031 3755
1032 1167
1032 1607
1032 2156
1032 2473
1032 2729
1032 2983
1032 3510
1033 2498
1033 3580
1033 3754
1034 1160
1034 2134
1035 1360
1035 1425
1035 1703
1035 2893
1035 3252
1036 2305
1036 2642
1036 3449
1036 3521
1036 3751
1037 1855
1037 2649
1037 3672
1038 2654
1038 3029
1038 3547
1040 1079
1040 1980
1040 3083
1040 3268
1041 3036
1042 3343
1042 3630
1045 1348
1045 3480
1046 3019
1046 3930
1047 1716
1047 1846
1047 2163
1048 2130
1048 3573
1049 2982
1049 3115
1049 3281
1050 2141
1050 3944
1051 2977
1051 3655
1051 3844
1052 1531
1052 3022
1052 3071
1052 3975
1053 2272
1055 1766
1055 3916
1056 2274
1057 2396
1057 2790
1057 3725
1057 3914
1058 1277
1058 1382
1058 2214
1058 2278
1058 2867
1058 3361
1058 3841
1059 1078
1059 1225
1059 2438
1059 2489
1059 2599
1059 3374
1061 1577
1061 2911
1061 3741
1062 2204
1063 2662
1063 3669
1064 3171
1064 3672
1065 1446
1065 1621
1065 2315
1065 3937
1066 1683
1066 2073
1067 1591
1067 1916
1067 3939
1068 1233
1068 2129
1068 2193
1068 2491
1068 3364
1069 2924
1069 2985
1070 1672
1070 1726
1070 2160
1070 2305
1070 3001
1070 3047
1071 1269
1071 1741
1072 1122
1072 1698
1072 2058
1072 2061
1072 2908
1072 3038
1072 3787
1073 3880
1073 3926
1074 1228
1074 3371
1075 2642
1075 3415
1075 3800
1076 1239
1076 1427
1076 1464
1076 3809
1077 1859
1077 2439
1077 3619
1078 1503
1078 1950
1079 2837
1079 3290
1079 3715
1080 2037
1080 2883
1080 3100
1080 3916
1081 1764
1081 1824
1082 3075
1082 3149
1082 3198
1083 1541
1083 2053
1083 3301
1084 1407
1085 1359
1085 2643
1085 3119
1086 1258
1087 2538
1088 1110
1088 2765
1088 3351
1088 3374
1090 1178
1090 1947
1091 1569
1091 2130
1091 2928
1092 1396
1092 1683
1092 2636
1092 3817
1093 2557
1093 2923
1094 2040
1094 2920
1094 3137
1095 1277
1095 2953
1095 3131
1095 3500
1095 3938
1096 1218
1098 2217
1098 2970
1099 1262
1099 2017
1099 2619
1099 3822
1100 1477
1100 2459
1100 3150
1100 3747
1101 1407
1101 3599
1101 3995
1102 1978
1103 2022
1104 1435
1104 1590
1104 2913
1104 3576
1105 2473
1105 2490
1105 2508
1105 3073
1105 3088
1105 3260
1105 3543
1107 2604
1107 2963
1107 3947
1108 1714
1109 2040
1109 2215
1109 2579
1109 3550
1110 2855
1111 1762
1111 1995
1111 2335
1111 2390
1111 2647
1112 1133
1112 1675
1112 2126
1112 2230
1112 3587
1113 2248
1113 2915
1114 1463
1114 3284
1114 3492
1115 1661
1115 3903
1116 1418
1116 3886
1117 2712
1117 2895
1117 3047
1118 1348
1118 3358
1118 3520
1119 1688
1119 2765
1120 1416
1120 2054
1120 2357
1120 3448
1120 3697
1121 1158
1121 2175
1122 2361
1122 2777
1123 1671
1123 3751
1124 1894
1124 3062
1124 3556
1124 3984
1125 3030
1126 3506
1126 3955
1127 1148
1127 1259
1127 3013
1127 3506
1128 2718
1128 3459
1129 2332
1129 3247
1129 3324
1130 3259
1131 2070
1131 3633
1131 3996
1132 1175
1132 1573
1132 1794
1132 2061
1133 2793
1133 3562
1133 3900
1133 3946
1134 1776
1134 3402
1135 2385
1135 3849
1136 2405
1136 3186
1136 3592
1137 1651
1137 2289
1138 1156
1138 1376
1138 1401
1138 3478
1139 2028
1140 1642
1140 3105
1140 3334
1141 1238
1141 2621
1142 1203
1142 2169
1142 3710
1143 1387
1143 1702
1143 1889
1143 3251
1143 3339
1144 1671
1144 2857
1144 3280
1145 1420
1145 1844
1145 2805
1145 3000
1145 3345
1146 2602
1147 1740
1147 2957
1147 3051
1148 2798
1148 3307
1148 3737
1149 1324
1149 1562
1149 3971
1150 1410
1150 2107
1150 3696
1151 1310
1151 1530
1151 2550
1151 3085
1152 1363
1152 2766
1152 2856
1153 1387
1153 2427
1153 2483
1153 2744
1153 3602
1153 3605
1154 1164
1155 2393
1155 3846
1156 1967
1156 2711
1157 3708
1158 2431
1158 2553
1158 2717
1158 3212
1158 3795
1159 3906
1160 1551
1160 2881
1160 2985
1160 3996
1161 3421
1162 1442
1162 3809
1162 3820
1163 1177
1163 2391
1163 2947
1163 3047
1164 1444
1164 1492
1164 3509
1165 1459
1165 1695
1165 1752
1165 3043
1165 3434
1165 3768
1166 2170
1167 1976
1167 2295
1167 2764
1167 3265
1168 1688
1168 2615
1169 2014
1169 2094
1169 2487
1170 3842
1171 1536
1171 1968
1171 2600
1171 3041
1172 1539
1172 2092
1172 2927
1172 3064
1173 1600
1173 2235
1173 2888
1173 3900
1174 1748
1174 2756
1175 3147
1175 3306
1175 3676
1175 3822
1176 1247
1176 2202
1176 3019
1176 3993
1177 1245
1177 2534
1178 1300
1178 1903
1178 1949
1178 2622
1178 3397
1178 3558
1179 2203
1179 2829
1179 3006
1180 1436
1180 1547
1180 2082
1180 2897
1181 1718
1181 2004
1182 1904
1182 2274
1182 2466
1182 2916
1182 3156
1182 3567
1183 1245
1183 1272
1183 2481
1183 3521
1183 3866
1184 1623
1184 2733
1184 3670
1185 2506
1185 3698
1186 2478
1187 1364
1188 1923
1189 2207
1189 3665
1190 2549
1190 3387
1191 3822
1192 1420
1192 1454
1192 1647
1192 1697
1193 2789
1193 3217
1193 3327
1193 3935
1194 1289
1194 2344
1194 2347
1194 2445
1194 3195
1194 3512
1195 1748
1195 1756
1195 2012
1195 3014
1196 2714
1196 3247
1196 3373
1196 3460
1196 3911
1197 1669
1198 1236
1198 3281
1199 1338
1199 3730
1199 3825
1200 3561
1201 2652
1201 2900
1202 1285
1202 2558
1202 3612
1204 2027
1204 2360
1204 2408
1204 2680
1204 3850
1205 1851
1205 2564
1206 1514
1206 1572
1206 1599
1206 1802
1206 2653
1207 1529
1208 1805
1208 2593
1208 2988
1209 2405
1209 2729
1210 1785
1210 1791
1210 3050
1211 1355
1211 2698
1211 3014
1211 3052
1212 1398
1212 2255
1212 3145
1213 2865
1213 3172
1213 3387
1213 3402
1214 1888
1215 1465
1215 2161
1215 2433
1215 3008
1215 3821
1216 1923
1216 2387
1216 2436
1216 3303
1217 2335
1217 3852
1217 3947
1218 2486
1219 1829
1219 2688
1219 2866
1219 3132
1220 1646
1220 1862
1220 2907
1220 3955
1221 1663
1221 2156
1221 3457
1222 1248
1222 2102
1222 2487
1222 3720
1222 3819
1222 3942
1223 1261
1223 2762
1223 3156
1223 3590
1224 1892
1224 2284
1224 2855
1224 3655
1225 1501
1225 1689
1225 2673
1225 3513
1225 3989
1226 2531
1226 2615
1226 3992
1227 3257
1228 1726
1228 1941
1228 2100
1228 2970
1228 3803
1228 3809
1229 1349
1229 2734
1230 2054
1230 3999
1231 1236
1231 2297
1231 2421
1231 3837
1232 1405
1233 2667
1233 2890
1235 1469
1236 2950
1237 3464
1238 1854
1238 1921
1238 3462
1238 3513
1238 3683
1239 1759
1239 2285
1239 3188
1239 3624
1239 3682
1240 1927
1240 2445
1240 2633
1240 3313
1241 2374
1241 3367
1241 3795
1242 1373
1242 2744
1242 3028
1243 1959
1243 3475
1243 3573
1244 2636
1244 3210
1245 1302
1245 1524
1245 2376
1245 2569
1245 2588
1245 3133
1246 3384
1246 3469
1247 3993
1248 3486
1248 3824
1249 1314
1249 1746
1249 3399
1250 2132
1250 3575
1251 2640
1251 3488
1251 3940
1252 2275
1253 2746
1253 3036
1254 1509
1254 2826
1255 1582
1255 2605
1255 3038
1256 2910
1256 3852
1257 1294
1257 2783
1257 3437
1257 3537
1257 3685
1259 3717
1260 1491
1260 3441
1260 3465
1260 3655
1262 1730
1262 2564
1262 2654
1262 2941
1262 3439
1263 1869
1263 2760
1263 3724
1264 1540
1264 1830
1264 2432
1264 2651
1264 2728
1264 2947
1265 3875
1265 3944
1266 1976
1266 2424
1267 1934
1267 2663
1267 2780
1267 2870
1267 3852
1267 3867
1268 2462
1268 3254
1268 3560
1268 3992
1269 1686
1269 2336
1269 2389
1269 2743
1270 2645
1271 2197
1271 2649
1271 2951
1271 3461
1272 1747
1272 2897
1272 3611
1273 1518
1273 1863
1273 2626
1273 3064
1274 1939
1274 2431
1274 3688
1275 3165
1275 3399
1276 3057
1276 3388
1278 2492
1278 3077
1278 3088
1279 2969
1280 1432
1280 3242
1281 1353
1281 2220
1281 2489
1281 2599
1281 3184
1281 3583
1282 2232
1282 2887
1282 3640
1283 1431
1284 1777
1284 2013
1284 2864
1284 3346
1285 1730
1285 2570
1285 2681
1285 3356
1286 1538
1286 2949
1286 3114
1286 3416
1286 3626
1287 1935
1287 2204
1287 2641
1288 1863
1290 2312
1290 2805
1290 3201
1291 1816
1292 1612
1292 2083
1292 3712
1293 2478
1293 2537
1293 3011
1293 3498
1294 1495
1294 2831
1294 2998
1295 2387
1296 1790
1296 2873
1296 3213
1296 3679
1297 3554
1297 3652
1298 1312
1298 2254
1299 3568
1300 2123
1300 2262
1300 3137
1300 3817
1301 1331
1302 2669
1302 3835
1303 1962
1303 2685
1303 3506
1303 3770
1304 1857
1304 1897
1304 2536
1304 3850
1305 1487
1305 1605
1305 2717
1306 1793
1306 2008
1307 1888
1307 2876
1308 1531
1308 1602
1308 1737
1308 3204
1308 3873
1309 2423
1310 3748
1310 3962
1311 1869
1311 2329
1311 3904
1312 2244
1312 2343
1313 1756
1313 3230
1313 3636
1314 2642
1314 2760
1315 2441
1316 2116
1316 3126
1318 1908
1318 2008
1318 2162
1318 2459
1318 2470
1318 2702
1318 2844
1318 3624
1318 3842
1319 1600
1320 3297
1321 1651
1321 1692
1321 2071
1321 3098
1321 3227
1321 3487
1322 1332
1322 2651
1322 3872
1323 2846
1323 3060
1324 1678
1324 1732
1324 1895
1325 2006
1325 2023
1325 3218
1326 2166
1326 2567
1327 2539
1327 3643
1328 1420
1328 1559
1328 2331
1328 3550
1328 3651
1330 3287
1330 3706
1330 3938
1331 1619
1331 1655
1331 3207
1331 3622
1332 1446
1332 2119
1332 3710
1332 3815
1333 1802
1333 3679
1334 1532
1334 1657
1334 1704
1334 2179
1335 3158
1335 3690
1336 1572
1336 2719
1336 3902
1338 1919
1338 2623
1339 1569
1339 1953
1339 2212
1339 2293
1339 3864
1340 2081
1340 2780
1340 3338
1341 2291
1341 3107
1342 2338
1343 1638
1343 1899
1343 2630
1343 3759
1344 1638
1344 2363
1344 2419
1344 3220
1344 3589
1345 2683
1345 3297
1345 3582
1346 1560
1346 2920
1346 2925
1346 3409
1347 2495
1347 3762
1348 2624
1348 3102
1348 3892
1349 1437
1350 1628
1350 2063
1350 2138
1350 2688
1350 2979
1351 3149
1351 3354
1352 1877
1353 2381
1354 1870
1355 2790
1355 2888
1355 2987
1355 3871
1356 1405
1356 1900
1356 2297
1356 2394
1357 3666
1358 1975
1358 2052
1359 2153
1359 2194
1360 1793
1360 2105
1360 2358
1360 3754
1361 2081
1361 2192
1361 2408
1362 1424
1362 2758
1363 2202
1363 2217
1363 2552
1363 3164
1364 1881
1364 3616
1365 2615
1366 3207
1366 3520
1366 3999
1367 2972
1368 1394
1368 2987
1368 3621
1369 2115
1370 1907
1370 1967
1370 2605
1370 3279
1371 2447
1371 2981
1372 1633
1372 2112
1372 2827
1372 3870
1373 1456
1373 2382
1373 3940
1374 3120
1374 3281
1374 3389
1375 1900
1376 2569
1376 3151
1376 3744
1376 3855
1377 1880
1377 3062
1377 3662
1378 2240
1378 3766
1378 3794
1379 2186
1379 3143
1379 3380
1379 3383
1380 1878
1380 3410
1381 1744
1381 1822
1381 2857
1383 2287
1383 3148
1384 1585
1384 2352
1384 2928
1385 2172
1385 2254
1385 3499
1386 2186
1386 2630
1386 3457
1387 1562
1387 3005
1387 3159
1387 3964
1388 1692
1388 2019
1388 2916
1388 3049
1389 1416
1389 2243
1389 3228
1390 1447
1390 2025
1390 2093
1391 2135
1391 2138
1391 2218
1391 2445
1391 2677
1391 3516
1391 3854
1392 2748
1392 3728
1393 1742
1393 2518
1394 1636
1394 2034
1394 2171
1394 2893
1394 3258
1395 2576
1395 3180
1395 3349
1396 2710
1397 2867
1397 3334
1398 1672
1398 2910
1398 3247
1398 3338
1399 1650
1399 2051
1399 3131
1399 3998
1400 1910
1401 2248
1401 2918
1402 1804
1402 3814
1403 2417
1403 2682
1403 2890
1404 2578
1404 2687
1404 3408
1405 2558
1405 3840
1406 2495
1406 3188
1406 3991
1408 3986
1409 1545
1409 3025
1410 3292
1411 1829
1411 2485
1411 3348
1412 2264
1412 2613
1412 3014
1412 3736
1413 2138
1413 3599
1414 1684
1414 1946
1415 1550
1415 2268
1415 2787
1415 2895
1416 3192
1417 1776
1417 1983
1417 2348
1417 2649
1417 3725
1418 1553
1418 1614
1418 1945
1418 3464
1420 1547
1420 1964
1420 2074
1420 2881
1421 2837
1421 3449
1422 2582
1422 2781
1423 1811
1423 2618
1423 3617
1423 3804
1424 2571
1424 2673
1424 3563
1425 1969
1425 3945
1427 3316
1428 2237
1428 3879
1429 2393
1430 1435
1430 2256
1430 3395
1430 3746
1430 3785
1431 3327
1431 3445
1432 2211
1432 2788
1433 3411
1434 3695
1435 3562
1435 3596
1435 3629
1435 3795
1436 1926
1437 1606
1437 2052
1437 3543
1437 3827
1438 2436
1438 2625
1438 2822
1438 3500
1439 2520
1439 3702
1439 3971
1440 1981
1440 3210
1440 3903
1441 3339
1441 3367
1442 1903
1442 3696
1443 1615
1444 3997
1445 3740
1445 3746
1446 1907
1447 1968
1447 2576
1448 2967
1448 3678
1448 3849
1449 1686
1449 2330
1449 2366
1450 1907
1450 3413
1450 3753
1450 3881
1451 1890
1451 3438
1451 3485
1451 3561
1452 2967
1452 3013
1452 3064
1452 3234
1452 3950
1453 2400
1453 3085
1454 1508
1455 2162
1455 2506
1455 2652
1455 3302
1456 1474
1456 1637
1456 2209
1456 2549
1457 1662
1457 2364
1457 3379
1458 2325
1459 1766
1459 2432
1459 3302
1460 3269
1461 2192
1461 2251
1461 2760
1461 3315
1461 3552
1461 3660
1462 3224
1462 3742
1463 1549
1465 1652
1465 2609
1465 3624
1465 3817
1466 1654
1466 2107
1466 2870
1467 2634
1467 3734
1467 3793
1469 2302
1469 3226
1470 2036
1470 2644
1470 3203
1471 2672
1472 2178
1472 3038
1473 1491
1473 1685
1473 1915
1473 3803
1474 1685
1475 2690
1475 2909
1475 3848
1476 2212
1476 2985
1476 3534
1477 1702
1477 2930
1480 1616
1481 2514
1482 1736
1482 3112
1482 3716
1483 1949
1483 1973
1484 3783
1485 1961
1485 2780
1485 3086
1485 3105
1486 1577
1486 1929
1486 2087
1486 2320
1486 2965
1487 1946
1489 1973
1489 3525
1490 1747
1490 2017
1490 2325
1490 3168
1490 3358
1491 2064
1491 2219
1491 2238
1491 2542
1491 3369
1492 1575
1493 3775
1493 3800
1494 1600
1494 1773
1494 1803
1495 2100
1495 3022
1495 3060
1497 2426
1498 1629
1498 3780
1499 1664
1499 3508
1500 2253
1500 2817
1500 3234
1500 3873
1501 1860
1501 3883
1502 3601
1502 3724
1504 1767
1504 1771
1504 2713
1505 3068
1506 1784
1506 1954
1506 2873
1506 2940
1506 3589
1506 3775
1507 2071
1507 2136
1507 2188
1507 2761
1507 3560
1507 3593
1508 3371
1509 1607
1510 2752
1510 2859
1510 3455
1511 1919
1511 2445
1512 2185
1512 2264
1512 2941
1513 2379
1513 2410
1513 3228
1514 1825
1514 2669
1514 2745
1514 3713
1515 2252
1515 2537
1515 2833
1515 2886
1516 2716
1516 2923
1517 1670
1517 2542
1518 2161
1518 2978
1519 1716
1519 3431
1520 2044
1520 2375
1520 3231
1520 3395
1521 1570
1521 2455
1521 2542
1522 2363
1522 2540
1522 3431
1523 2366
1523 3407
1524 1890
1525 1739
1525 2900
1525 3301
1526 1823
1526 2995
1527 3178
1528 2673
1529 1743
1529 2040
1529 2111
1529 2609
1529 2910
1529 3027
1529 3908
1529 3987
1530 1714
1530 2056
1530 2994
1530 3992
1531 2146
1531 2683
1531 3280
1533 3024
1534 1616
1534 1725
1534 2765
1534 2852
1534 3211
1534 3494
1534 3773
1535 2045
1535 3663
1536 3591
1536 3937
1537 2302
1537 2563
1537 2613
1537 3949
1538 2283
1538 2959
1538 3144
1538 3694
1539 1585
1539 1694
1539 2937
1539 3034
1539 3340
1539 3381
1539 3540
1540 2108
1540 2483
1540 2596
1540 3862
1541 1717
1541 1722
1541 1825
1541 1868
1541 2529
1541 2899
1541 3121
1541 3173
1541 3695
1542 2941
1542 3094
1542 3403
1542 3990
1544 1815
1544 2033
1544 3881
1545 1653
1545 2695
1545 3201
1545 3287
1546 1705
1546 3018
1547 1610
1547 1695
1547 2021
1548 2728
1548 3556
1549 2068
1549 2791
1549 3510
1549 3672
1550 1837
1550 2226
1550 3486
1551 2504
1552 2049
1552 2922
1553 2149
1553 2603
1553 2863
1553 2946
1553 3972
1554 3079
1554 3526
1555 2090
1555 3257
1555 3682
1557 2109
1557 2140
1557 2549
1557 3083
1557 3255
1558 1983
1558 3787
1558 3871
1559 1912
1559 2256
1560 1894
1560 2119
1560 3314
1562 2146
1562 3660
1563 3572
1564 1863
1564 3435
1565 3731
1566 1593
1566 2815
1567 1701
1567 2027
1567 2954
1567 3406
1567 3505
1568 2250
1568 2622
1568 3077
1569 3950
1570 3182
1570 3710
1570 3881
1571 1988
1571 2138
1571 2470
1571 3058
1572 1654
1572 1825
1572 2595
1573 2361
1573 2481
1573 2772
1573 3358
1573 3518
1574 1602
1574 2034
1574 3265
1575 3834
1576 1697
1576 3973
1577 3452
1578 3327
1578 3447
1578 3648
1579 2046
1579 2728
1579 3826
1580 3842
1581 1633
1581 2133
1581 3571
1582 2110
1582 3654
1584 2467
1584 3356
1585 1701
1585 2955
1585 3053
1585 3127
1585 3138
1585 3303
1585 3686
1585 3900
1586 1642
1586 2699
1587 2210
1587 2527
1587 3552
1589 3240
1589 3424
1590 2613
1590 3918
1591 2166
1591 2560
1591 2765
1591 2965
1591 3805
1592 2608
1593 1631
1593 2516
1594 3056
1595 2000
1595 2993
1596 1921
1596 3236
1597 2787
1598 1938
1598 2148
1598 2605
1599 2230
1600 3290
1601 2223
1601 3157
1601 3345
1601 3515
1602 1939
1602 2444
1603 2382
1603 2450
1603 3329
1604 3474
1605 2536
1605 3219
1606 2947
1606 3750
1609 2036
1610 2626
1610 3564
1611 2824
1612 3370
1613 2511
1613 2802
1613 3964
1615 1782
1615 2681
1615 3050
1616 2226
1616 3191
1616 3298
1616 3328
1616 3892
1617 1746
1617 2195
1617 2256
1617 2545
1617 3299
1617 3907
1618 1677
1618 2630
1618 3285
1619 3141
1620 3021
1620 3036
1620 3165
1620 3326
1620 3870
1621 1623
1622 2346
1622 3784
1623 1774
1623 3299
1623 3541
1624 1753
1624 1761
1624 3330
1624 3360
1625 2636
1625 2719
1626 1689
1627 2839
1627 3247
1628 3648
1629 1869
1629 2679
1629 3340
1630 1948
1630 2875
1630 3261
1632 2801
1632 3735
1633 3077
1633 3485
1634 2683
1634 2972
1634 3553
1635 3546
1638 2474
1638 2662
1639 2004
1639 3216
1639 3835
1640 2500
1640 2966
1640 3609
1641 2516
1641 2846
1642 2702
1642 2787
1642 2931
1643 1669
1643 2572
1643 3072
1643 3651
1644 2410
1644 2745
1644 2826
1644 2997
1645 1884
1645 3507
1646 1662
1646 3306
1646 3393
1647 1919
1647 2160
1647 3146
1647 3220
1648 2028
1649 2322
1649 2673
1650 1851
1650 2526
1650 3226
1650 3471
1650 3998
1652 2304
1652 3311
1652 3709
1652 3807
1653 2184
1653 3472
1655 3727
1656 2053
1656 2741
1656 3313
1657 1697
1657 3855
1658 2012
1659 3438
1659 3985
1660 1798
1660 1879
1660 2073
1661 3152
1661 3798
1662 1974
1662 2519
1662 3002
1663 3269
1663 3614
1663 3907
1664 3686
1664 3769
1665 2122
1665 2155
1665 2157
1665 2287
1665 2348
1666 1865
1666 2222
1666 3207
1666 3648
1667 2542
1667 2802
1667 3609
1668 1975
1668 2938
1668 3567
1669 1756
1669 2398
1669 2962
1669 3204
1669 3672
1670 1927
1670 1962
1670 3571
1670 3644
1671 3361
1672 3088
1672 3285
1673 2051
1674 2101
1674 3793
1675 3258
1675 3398
1676 1963
1676 2278
1676 2512
1676 2668
1676 3922
1677 1691
1677 3835
1678 2589
1678 3045
1678 3710
1679 2199
1679 3561
1679 3673
1679 3938
1680 3160
1681 2016
1681 2247
1681 3045
1681 3235
1682 2433
1682 3879
1683 2960
1685 1718
1685 1882
1685 3803
1686 1799
1686 2403
1686 2718
1686 2900
1686 3053
1686 3183
1686 3351
1687 1880
1687 2007
1687 2256
1687 2979
1687 2989
1687 3206
1688 2327
1688 3338
1688 3592
1689 1904
1689 3405
1690 1793
1690 2060
1692 1901
1692 1904
1692 2486
1692 3803
1694 2354
1694 2967
1694 3067
1694 3412
1695 2031
1695 2262
1695 3682
1696 3407
1696 3931
1697 2977
1698 3815
1700 2432
1700 3920
1701 3762
1702 1913
1702 3989
1703 3976
1704 1726
1704 2389
1705 1856
1705 2809
1705 3837
1706 1959
1706 3248
1707 2341
1707 2960
1708 1941
1708 2515
1709 2329
1709 2574
1709 3796
1710 2278
1711 1738
1711 3384
1711 3855
1712 2122
1712 2225
1712 2504
1713 2709
1713 3959
1714 2889
1714 3243
1714 3503
1715 2558
1715 3299
1715 3308
1716 2932
1716 3732
1718 3029
1718 3532
1719 2190
1721 3462
1721 3674
1722 2099
1722 3097
1723 1727
1723 2038
1723 2914
1723 2929
1724 2282
1724 2482
1724 2515
1724 2974
1724 3734
1725 3418
1726 2782
1726 2953
1727 2527
1728 2301
1729 2447
1730 2554
1731 2797
1731 2936
1732 2866
1732 2891
1733 2443
1733 3108
1733 3719
1733 3758
1734 3714
1735 2607
1735 3090
1735 3130
1735 3320
1736 2248
1736 3301
1736 3496
1736 3858
1736 3946
1738 2918
1738 3570
1738 3802
1739 2116
1739 2854
1740 3570
1740 3630
1741 2874
1742 3938
1743 2128
1743 2214
1743 2516
1744 1870
1744 2150
1745 2277
1746 2850
1746 3022
1747 3084
1747 3171
1748 2530
1749 1920
1749 2426
1749 3305
1749 3462
1749 3840
1751 2896
1751 3492
1752 2454
1753 2573
1755 1919
1755 2193
1755 2558
1755 2779
1755 3399
1755 3858
1756 3173
1756 3614
1758 2047
1758 2437
1758 3274
1758 3946
1759 2186
1759 2514
1759 2801
1759 3860
1761 2407
1761 3348
1761 3527
1762 3122
1762 3322
1763 2288
1763 3246
1763 3674
1763 3783
1764 3078
1765 2473
1765 3612
1766 1818
1766 2034
1766 2925
1766 3046
1767 2550
1767 2677
1767 3583
1767 3866
1768 1970
1768 2410
1768 2588
1769 2776
1769 3619
1770 1875
1770 1966
1770 2755
1771 1790
1771 2267
1771 3052
1771 3553
1772 1867
1772 2383
1772 3481
1772 3495
1773 2418
1774 2114
1774 2488
1774 2746
1774 3047
1774 3582
1775 2553
1775 3481
1775 3628
1775 3705
1775 3773
1776 1968
1776 3638
1777 2007
1777 2115
1777 2373
1778 2140
1778 2598
1778 3779
1779 1817
1779 2133
1779 2401
1779 2677
1779 3948
1780 2410
1781 2998
1781 3252
1783 2476
1785 3387
1785 3462
1786 3503
1787 2218
1787 2282
1787 3410
1787 3968
1788 3751
1789 3145
1790 3030
1791 3075
1791 3425
1792 3936
1793 3482
1794 1901
1794 3144
1795 3212
1796 2832
1796 3476
1797 1909
1797 2455
1797 2548
1797 3121
1797 3765
1798 2927
1799 2366
1800 2454
1800 2826
1800 2858
1800 3533
1800 3771
1801 1892
1801 2985
1801 3959
1802 2396
1803 2648
1804 2158
1804 2432
1804 3569
1805 3015
1806 3397
1807 2017
1807 3841
1808 3589
1809 3948
1810 2519
1810 2848
1811 3248
1812 2198
1812 3407
1813 2363
1813 3393
1813 3406
1814 2257
1814 2640
1815 1917
1815 2002
1815 2193
1816 2097
1816 2543
1816 3210
1816 3545
1816 3938
1817 1940
1817 2056
1817 2436
1818 3366
1819 1834
1819 2865
1820 2177
1820 2248
1820 3096
1820 3772
1820 3956
1821 2914
1821 3043
1822 3516
1823 2994
1823 3278
1824 3029
1825 2284
1825 3415
1825 3721
1825 3736
1826 2882
1826 3590
1827 2684
1827 3912
1828 1950
1828 2394
1828 2517
1828 2713
1829 1917
1829 3962
1830 3124
1832 2660
1833 3344
1833 3642
1834 2425
1834 2455
1834 2499
1835 2110
1836 2275
1837 1883
1837 3688
1838 2135
1840 2335
1840 3047
1840 3168
1840 3329
1841 2758
1841 2852
1841 2913
1841 3838
1842 1996
1842 3088
1843 2744
1844 2290
1844 2432
1844 3063
1845 3593
1846 2351
1846 2520
1847 2147
1848 2332
1849 2116
1849 2964
1850 2026
1850 2305
1850 3260
1850 3555
1851 2118
1851 2470
1851 2644
1851 3470
1852 2738
1852 3001
1853 2606
1853 2803
1853 3251
1854 1977
1854 2947
1854 3649
1855 1984
1856 2121
1857 2446
1857 2624
1857 3698
1858 2029
1858 2636
1858 3084
1859 2504
1859 2786
1859 3710
1860 3044
1860 3325
1861 3232
1861 3477
1862 3057
1863 3261
1863 3597
1864 2080
1865 2201
1865 2801
1865 2843
1865 3579
1866 1888
1866 1957
1866 2609
1866 3497
1866 3526
1866 3802
1866 3958
1868 1894
1868 1960
1868 3354
1868 3705
1869 1975
1869 1994
1869 3293
1870 1978
1870 2217
1870 2489
1870 2999
1870 3613
1870 3720
1872 2100
1872 2161
1873 2179
1873 2516
1873 3603
1873 3604
1873 3675
1875 2082
1875 3637
1876 2307
1877 2367
1877 2527
1877 3793
1878 2430
1878 2519
1878 2741
1878 2977
1878 3712
1878 3760
1879 2135
1879 2288
1879 2486
1879 3138
1879 3151
1879 3714
1880 3340
1881 3109
1881 3535
1882 2101
1882 2103
1882 3149
1882 3776
1883 3931
1884 2427
1884 2637
1884 2640
1884 3790
1885 2051
1885 2149
1885 2860
1885 2864
1885 3963
1886 2231
1886 2542
1886 3112
1887 2252
1887 2435
1887 3097
1887 3194
1888 2270
1888 2407
1888 2924
1888 3184
1888 3249
1888 3964
1889 3267
1889 3446
1889 3860
1890 2665
1891 2124
1891 2494
1891 3434
1893 2380
1894 1906
1894 2428
1894 3956
1895 3456
1896 2446
1896 3107
1897 2898
1898 1964
1898 2236
1898 2714
1898 3523
1900 2115
1900 2656
1900 3194
1900 3664
1902 3292
1903 2926
1903 3058
1903 3734
1904 2269
1904 3156
1906 3455
1907 2213
1908 3999
1909 2317
1909 2628
1909 3051
1910 2849
1910 2951
1911 2194
1911 2219
1911 2730
1911 2844
1913 2959
1913 3566
1914 2044
1914 2338
1915 2227
1915 3137
1915 3700
1916 2497
1916 2831
1917 1998
1917 2256
1917 2897
1917 2967
1918 2639
1918 2801
1919 2219
1920 3137
1920 3441
1921 2261
1921 2872
1922 3719
1923 1952
1923 2354
1923 2366
1923 3154
1923 3598
1923 3829
1924 2543
1924 3005
1924 3164
1924 3787
1924 3882
1925 3547
1925 3865
1926 2086
1927 2181
1927 3179
1927 3733
1927 3987
1928 2034
1929 1953
1929 2861
1929 3543
1930 2025
1930 2154
1930 2195
1930 3137
1930 3970
1931 2168
1931 2314
1931 3649
1932 2483
1933 3102
1934 3235
1935 1998
1937 2195
1937 3510
1937 3563
1938 3171
1939 2185
1939 2702
1939 3726
1940 2119
1940 2193
1940 3132
1940 3575
1942 2933
1942 3423
1942 3462
1942 3953
1943 1991
1944 3480
1944 3904
1945 3625
1946 1956
1946 2268
1946 3484
1947 2604
1947 3307
1948 2014
1948 2853
1949 2926
1949 3474
1950 2275
1950 3788
1951 3265
1951 3664
1952 2284
1952 2689
1952 3403
1953 2428
1953 2980
1955 2443
1955 2671
1955 3929
1956 2232
1956 2536
1956 2750
1956 3863
1957 2910
1958 3075
1959 2493
1959 2669
1959 3868
1960 3152
1960 3986
1961 2855
1961 3746
1962 2806
1963 2147
1963 2360
1964 3996
1965 2953
1966 2793
1966 3463
1966 3598
1966 3788
1966 3938
1967 1988
1967 2235
1967 2813
1967 3116
1967 3917
1967 3934
1968 1986
1968 2923
1968 2948
1968 3131
1969 2134
1969 2922
1970 2971
1970 3440
1972 2034
1972 2213
1972 2319
1972 2639
1972 2830
1972 3777
1973 3133
1973 3428
1973 3942
1974 3093
1975 2423
1975 2820
1975 2861
1975 3332
1976 3062
1977 3441
1981 2173
1981 2785
1981 2898
1981 3483
1982 3067
1984 2428
1984 2641
1984 2977
1984 3020
1985 2109
1986 2636
1986 3995
1987 2005
1987 2137
1987 3154
1987 3322
1987 3606
1988 2802
1988 3811
1989 3660
1990 2250
1990 2317
1991 3815
1992 3467
1993 3903
1994 2610
1995 3865
1996 2186
1996 3558
1996 3712
1996 3960
1996 3969
1997 2756
1998 2148
1998 3283
1999 2538
1999 3085
1999 3537
2001 2575
2001 3754
2002 2499
2003 3480
2004 3414
2004 3848
2005 2023
2005 2295
2007 2237
2007 3491
2009 2696
2009 2984
2009 3352
2009 3885
2009 3900
2010 3028
2010 3781
2011 2719
2011 3465
2011 3761
2012 2029
2013 2242
2013 2740
2014 2332
2014 2578
2014 2627
2014 3045
2014 3086
2014 3348
2015 2278
2015 2492
2015 3321
2015 3382
2015 3433
2015 3728
2015 3882
2016 2169
2016 2462
2016 3659
2017 2234
2017 2259
2017 3769
2018 2995
2019 2855
2019 2870
2021 2810
2022 2050
2022 2571
2022 3272
2023 2534
2024 2260
2024 2301
2024 3081
2024 3400
2025 3611
2025 3877
2026 3298
2027 2167
2028 3175
2028 3518
2029 2819
2029 3995
2030 2436
2030 3313
2031 2508
2031 3271
2033 3220
2034 3893
2035 3337
2036 2463
2036 3121
2036 3792
2037 3454
2038 2769
2038 3299
2038 3441
2038 3938
2039 2075
2043 2483
2043 2910
2043 3139
2045 3476
2045 3643
2045 3874
2045 3933
2046 2903
2046 3251
2047 3079
2047 3188
2048 3370
2049 2144
2049 2227
2049 2865
2049 2934
2050 2636
2052 3120
2053 2898
2053 3105
2054 2262
2054 2766
2054 3824
2055 2098
2055 2245
2056 3757
2057 2719
2057 3568
2058 2993
2058 3045
2058 3272
2058 3587
2058 3863
2060 3095
2060 3164
2061 3260
2061 3546
2062 2592
2062 3234
2063 2694
2064 2349
2064 2613
2064 3444
2064 3717
2066 2285
2066 2904
2066 3749
2067 3805
2068 3301
2068 3926
2069 3749
2070 2679
2070 3005
2072 2612
2072 3760
2072 3920
2073 3318
2073 3751
2074 2206
2074 2339
2074 3375
2075 2850
2075 2960
2075 3653
2075 3964
2079 2526
2079 3706
2080 3467
2081 2164
2081 2310
2081 3620
2082 3257
2082 3881
2083 3094
2083 3267
2086 3408
2087 2737
2087 3112
2087 3175
2088 2887
2088 3032
2088 3802
2090 2356
2090 3949
2091 2507
2092 2621
2092 3263
2093 2679
2093 2838
2094 3974
2094 3981
2095 2386
2095 2454
2095 3801
2096 2921
2097 2474
2097 3216
2097 3753
2097 3944
2098 2115
2098 2786
2098 2884
2099 3880
2101 2361
2101 3544
2102 2250
2102 2767
2103 2319
2103 2948
2103 3031
2103 3506
2104 2222
2104 2397
2104 2624
2105 3281
2105 3367
2106 2947
2107 2254
2107 2435
2107 3183
2109 2563
2109 3481
2109 3911
2111 3059
2111 3088
2112 2249
2112 2342
2113 3367
2114 2758
2116 2988
2116 3866
2116 3972
2118 2413
2120 2344
2120 2415
2120 2972
2120 3031
2121 2442
2121 2878
2123 2311
2123 3816
2123 3850
2124 2641
2124 3807
2125 2297
2125 3285
2126 2753
2127 2293
2128 2808
2129 3475
2130 2955
2130 3842
2130 3890
2132 2951
2132 3403
2132 3540
2133 2343
2133 2718
2133 3163
2135 2503
2135 2950
2135 3583
2138 2993
2138 3040
2138 3713
2140 2186
2140 2329
2140 3204
2140 3258
2140 3306
2140 3567
2140 3597
2141 2926
2142 2188
2142 3037
2143 2314
2143 3753
2144 2890
2144 2895
2144 3275
2145 2692
2145 3537
2146 2956
2146 3078
2146 3740
2147 2433
2148 3142
2149 3077
2149 3908
2150 2267
2150 3134
2150 3237
2150 3675
2150 3984
2151 2871
2151 3415
2151 3462
2151 3817
2152 3405
2153 2799
2153 3455
2153 3482
2154 2698
2156 2461
2156 2894
2156 3427
2157 2509
2158 2913
2158 3951
2160 3785
2161 2738
2162 2363
2163 3173
2163 3245
2166 3198
2166 3224
2166 3993
2167 3171
2168 2170
2168 3096
2168 3334
2170 2377
2170 3086
2172 2656
2174 3944
2176 2249
2176 2365
2176 3860
2176 3875
2179 3655
2180 2279
2180 3093
2180 3902
2181 2218
2181 2855
2181 3152
2182 2624
2182 2761
2182 3637
2182 3697
2183 2379
2183 2496
2183 3004
2183 3898
2184 3363
2184 3477
2185 2660
2185 2898
2185 3321
2185 3517
2186 3539
2189 2498
2190 2229
2190 2822
2190 3947
2191 2471
2191 2497
2191 3161
2192 2491
2192 2502
2192 3873
2193 2916
2193 3353
2193 3487
2193 3761
2196 3055
2196 3448
2196 3859
2197 3301
2197 3961
2198 2374
2199 3970
2200 2960
2200 3882
2201 2688
2202 2530
2203 2470
2203 2810
2204 3889
2205 3373
2205 3474
2205 3978
2206 3602
2207 2966
2208 2367
2208 3490
2209 2975
2209 3086
2209 3116
2209 3371
2209 3492
2209 3793
2210 3665
2211 2629
2211 3157
2211 3672
2212 3701
2213 3590
2214 2772
2214 3210
2214 3880
2215 3155
2216 3046
2217 2863
2217 3167
2217 3776
2218 2448
2218 3790
2219 2815
2219 2927
2219 3131
2220 2667
2220 3072
2221 2903
2221 3954
2222 2419
2222 2514
2222 2692
2223 3355
2223 3671
2224 3134
2225 3123
2225 3219
2225 3303
2225 3336
2226 2862
2228 2631
2228 2706
2228 3307
2229 2370
2229 3589
2230 2650
2231 2929
2232 2552
2235 3120
2235 3695
2236 3652
2237 3417
2238 2660
2238 3890
2239 2271
2239 2348
2241 2461
2241 2479
2241 2808
2241 3275
2242 3073
2242 3383
2243 2301
2243 2847
2243 3924
2244 2511
2244 2773
2244 3786
2245 2397
2245 2428
2245 3074
2245 3280
2245 3723
2246 2329
2246 2609
2246 3011
2246 3129
2246 3657
2246 3689
2246 3919
2247 3160
2248 3402
2250 2401
2250 2520
2250 2973
2250 3002
2250 3214
2251 2800
2251 2949
2253 3311
2253 3345
2253 3347
2253 3517
2253 3962
2254 2542
2254 2573
2254 3611
2255 2916
2256 3083
2257 2385
2257 3899
2257 3936
2259 2855
2259 3548
2260 3109
2262 3160
2262 3285
2263 2501
2265 2928
2265 3160
2266 2281
2267 2854
2267 3663
2268 3790
2270 3155
2271 2905
2271 3094
2271 3262
2272 2606
2272 2650
2272 3689
2272 3997
2275 2816
2275 2837
2275 3093
2276 2277
2276 3772
2277 2703
2277 3943
2278 2555
2278 2580
2278 3111
2279 3007
2279 3047
2279 3369
2279 3772
2280 2322
2280 2733
2281 2418
2282 2342
2282 2726
2284 3549
2286 2642
2286 2737
2286 2914
2286 3656
2287 3322
2287 3362
2287 3443
2288 2819
2289 2317
2290 3140
2291 2510
2291 2860
2292 2367
2292 2494
2292 2505
2292 2673
2292 3478
2292 3592
2293 2808
2293 3784
2294 3359
2294 3749
2295 2938
2296 3239
2296 3715
2297 2560
2298 3392
2299 2812
2299 3762
2301 3412
2302 3292
2303 3253
2303 3541
2303 3780
2304 2624
2304 3563
2304 3879
2305 2560
2305 2628
2305 2958
2305 3926
2308 2824
2308 3078
2308 3427
2309 3434
2310 2799
2310 3541
2310 3668
2311 3977
2312 2683
2312 3297
2313 2963
2313 3692
2314 2477
2314 3690
2315 3787
2316 2337
2316 3415
2317 2799
2318 2339
2318 3927
2319 2357
2319 2993
2319 3031
2321 3165
2321 3280
2321 3477
2322 3531
2322 3794
2323 3439
2324 2526
2324 3373
2325 2645
2325 2819
2325 3527
2326 2832
2326 3931
2327 3415
2327 3714
2328 2892
2329 2556
2329 3172
2330 2507
2331 2762
2331 3742
2331 3919
2332 3526
2333 2534
2333 2801
2333 2923
2333 2998
2334 3880
2335 2547
2335 3879
2337 2571
2337 3098
2338 3742
2339 3673
2340 3283
2340 3325
2341 3124
2341 3180
2341 3638
2342 2502
2342 2943
2343 2759
2343 2998
2343 3391
2344 2757
2344 3402
2345 2509
2346 2534
2346 2945
2346 3344
2346 3678
2346 3901
2347 2767
2347 2951
2347 3373
2350 3934
2351 3648
2352 3239
2352 3372
2353 3170
2353 3799
2354 3191
2354 3358
2354 3867
2355 2402
2355 2531
2355 2583
2355 3068
2355 3397
2355 3875
2356 3921
2356 3932
2357 2479
2357 2725
2357 3194
2357 3976
2358 2502
2358 2738
2359 3474
2360 2385
2360 3597
2362 2807
2362 2956
2362 3290
2364 2608
2365 3111
2365 3171
2366 3769
2367 3617
2368 3409
2368 3996
2369 2403
2369 3335
2370 2954
2370 3290
2370 3291
2370 3832
2371 3892
2373 2784
2373 3003
2373 3665
2374 2378
2374 2657
2375 2647
2375 3521
2376 2619
2376 3684
2377 2711
2377 3239
2377 3348
2377 3617
2378 3478
2378 3530
2378 3903
2379 3466
2380 3344
2380 3537
2382 3024
2382 3206
2382 3777
2384 2870
2387 2857
2388 2731
2388 3296
2388 3799
2389 2587
2389 3398
2391 2896
2391 3316
2392 2699
2392 2839
2393 3524
2394 3539
2395 3343
2395 3759
2396 3824
2398 2729
2398 3212
2398 3426
2399 3410
2399 3958
2400 2573
2400 3697
2403 2525
2403 2952
2403 3971
2405 2628
2405 2796
2406 2997
2406 3752
2407 2946
2407 3009
2407 3288
2408 2817
2408 2948
2410 2716
2411 3200
2411 3587
2411 3677
2413 2951
2414 3098
2414 3519
2415 3770
2416 2970
2416 3021
2416 3216
2417 2924
2417 3110
2417 3433
2418 3050
2418 3272
2419 3481
2420 3960
2420 3980
2421 2605
2421 3209
2422 2954
2423 2507
2423 2618
2423 3152
2424 3162
2424 3604
2425 3007
2425 3405
2426 2915
2427 3112
2427 3149
2427 3747
2427 3759
2427 3949
2429 2709
2429 2891
2429 3885
2430 3162
2431 2541
2433 3200
2435 3387
2435 3403
2436 2466
2437 3176
2438 3684
2439 3671
2440 2724
2441 2580
2441 2728
2441 2736
2442 3797
2443 2927
2444 2787
2445 2475
2445 3193
2445 3765
2446 3096
2447 2954
2447 3250
2447 3766
2447 3978
2448 2643
2448 2915
2448 3164
2448 3722
2449 3637
2449 3766
2450 3056
2450 3486
2451 3135
2451 3275
2452 2553
2452 3966
2453 2763
2453 2857
2453 3335
2454 2773
2454 3406
2455 3409
2456 3631
2456 3883
2458 2930
2458 2980
2458 3735
2458 3813
2459 3146
2461 3776
2463 2727
2464 3034
2464 3059
2464 3880
2465 3602
2466 2509
2466 2515
2467 2981
2467 2998
2467 3753
2467 3923
2467 3934
2468 2617
2468 3814
2469 2861
2469 2995
2469 3313
2470 3685
2471 2727
2471 2869
2472 2662
2472 3194
2472 3278
2473 3675
2474 2526
2474 3579
2477 3120
2478 3078
2478 3548
2479 3273
2479 3325
2479 3975
2482 2512
2482 2559
2482 3831
2484 2499
2484 2581
2484 2691
2484 3126
2484 3367
2485 2906
2485 3419
2486 2779
2486 3388
2486 3693
2486 3710
2487 2856
2487 3230
2488 3050
2491 2562
2491 3001
2492 2890
2492 3728
2492 3969
2492 3995
2493 3305
2493 3402
2493 3435
2494 3468
2494 3498
2495 3778
2496 3653
2496 3876
2497 3729
2498 2730
2498 2871
2498 3775
2499 2990
2499 3442
2500 3244
2500 3307
2501 3136
2501 3280
2501 3516
2501 3810
2502 2772
2503 3403
2503 3953
2505 3277
2505 3457
2505 3614
2506 3451
2507 3479
2508 3955
2510 3514
2512 2685
2512 3314
2513 3577
2514 2722
2517 3005
2517 3658
2518 3975
2519 3494
2520 2798
2520 2946
2520 3767
2521 3120
2521 3386
2521 3888
2523 3460
2524 2702
2524 3902
2525 3024
2525 3743
2526 3386
2528 3174
2530 3980
2532 2609
2532 2653
2532 2802
2533 2855
2533 3014
2533 3437
2535 3060
2535 3996
2536 3284
2536 3554
2537 3136
2537 3281
2537 3806
2538 3522
2539 3990
2540 3858
2541 3355
2541 3587
2544 2880
2544 3830
2545 2551
2545 2721
2545 3534
2545 3691
2545 3901
2546 3090
2546 3407
2546 3475
2546 3480
2547 2880
2548 3299
2550 2979
2550 3309
2550 3738
2553 2798
2553 2840
2553 3185
2554 3314
2554 3439
2555 3662
2555 3830
2556 2747
2557 3310
2557 3534
2558 3801
2559 2848
2559 3100
2559 3101
2560 2576
2561 3353
2561 3812
2562 3442
2563 3741
2564 3155
2564 3184
2564 3326
2565 2976
2566 3024
2566 3367
2567 3032
2569 3181
2569 3642
2570 2588
2571 2625
2572 2920
2573 2984
2574 3473
2574 3597
2574 3618
2574 3852
2577 3016
2577 3633
2578 2818
2578 3441
2578 3506
2580 2648
2580 2958
2580 3502
2581 2997
2582 2627
2582 3666
2583 3606
2583 3698
2584 2759
2584 3084
2584 3160
2585 2778
2586 2745
2586 3648
2586 3745
2587 2839
2587 2859
2587 3859
2588 2690
2589 3928
2593 3043
2593 3224
2593 3643
2594 3041
2595 3353
2595 3369
2596 3560
2597 2894
2597 2945
2598 2683
2598 2908
2598 3689
2598 3979
2598 3993
2599 3616
2601 2720
2601 2850
2601 3309
2601 3355
2601 3506
2602 2917
2602 3426
2602 3723
2603 3070
2606 3239
2606 3411
2607 3034
2608 2802
2608 2966
2609 3308
2610 3754
2610 3848
2612 2626
2612 3928
2613 3477
2613 3554
2614 3326
2616 2815
2616 3173
2616 3509
2617 2688
2617 2820
2618 3824
2619 2829
2619 3265
2620 2986
2620 3810
2622 2871
2623 2637
2623 2800
2624 2950
2625 3660
2626 3433
2628 2643
2629 2904
2630 2972
2632 3738
2634 3589
2635 3449
2635 3984
2638 3487
2639 3261
2641 3245
2641 3267
2642 3605
2644 3024
2644 3394
2646 3228
2648 3332
2648 3984
2649 3070
2650 2709
2650 3458
2651 2721
2652 3713
2652 3848
2653 3927
2654 3447
2656 2719
2656 3428
2658 2907
2659 2938
2661 3673
2662 3922
2664 3269
2665 3638
2666 3511
2668 3989
2669 2794
2669 3107
2669 3442
2671 3954
2672 2710
2673 2856
2673 3956
2674 3185
2674 3229
2674 3832
2675 3457
2676 2726
2676 2986
2676 3659
2676 3853
2679 2981
2680 2876
2680 3130
2680 3728
2681 2777
2681 2943
2682 3979
2683 3239
2683 3291
2684 3932
2686 2970
2686 3009
2687 3583
2687 3765
2689 3535
2691 2852
2692 3006
2692 3506
2693 3650
2694 2804
2694 2811
2694 3394
2695 3609
2696 2888
2697 3286
2697 3709
2697 3854
2698 2803
2699 3982
2701 2776
2702 2838
2702 3484
2702 3573
2705 2881
2705 3472
2705 3603
2705 3681
2705 3744
2706 2714
2707 3676
2708 3476
2709 3259
2709 3643
2710 3657
2711 2894
2711 3181
2711 3495
2711 3635
2712 3771
2713 2833
2713 3323
2713 3346
2713 3532
2714 3309
2714 3432
2714 3865
2715 3192
2716 3629
2717 3264
2717 3929
2719 3320
2719 3935
2721 3261
2721 3355
2721 3436
2721 3483
2722 3070
2722 3702
2724 3124
2725 3358
2726 2889
2726 3621
2727 2842
2727 2864
2727 3048
2730 2867
2731 2996
2731 3499
2732 3213
2733 3189
2734 3600
2735 3006
2737 3016
2738 3793
2739 2858
2739 3704
2739 3796
2740 2820
2740 3615
2742 3653
2742 3735
2743 3944
2746 3284
2746 3300
2746 3373
2748 2807
2748 3868
2749 3944
2750 2941
2751 2787
2752 3510
2756 2868
2756 3139
2757 2799
2757 2815
2757 3174
2758 3170
2758 3868
2759 2763
2759 2986
2759 3860
2761 2882
2763 3074
2763 3212
2764 2845
2764 3420
2764 3623
2766 3846
2767 3028
2771 3153
2776 3008
2778 3720
2778 3738
2778 3815
2779 3581
2780 2877
2780 2896
2780 3148
2780 3279
2782 2866
2782 3329
2783 3711
2784 3765
2784 3993
2785 3047
2785 3713
2785 3900
2786 2981
2787 3113
2788 3740
2790 3129
2790 3866
2791 3362
2791 3476
2792 3438
2793 2992
2794 3386
2794 3971
2795 2902
2795 3811
2796 2868
2797 3498
2797 3702
2799 3432
2799 3774
2800 3200
2801 3313
2801 3971
2802 3604
2803 3594
2803 3672
2805 2945
2805 3530
2805 3831
2806 3206
2807 3215
2811 3387
2812 2985
2812 3434
2813 3002
2815 2889
2816 2841
2817 3485
2819 3846
2819 3955
2822 3261
2823 3748
2825 3492
2825 3594
2825 3886
2826 3239
2827 3039
2827 3743
2827 3870
2827 3927
2828 2846
2828 3965
2829 3671
2829 3838
2831 3435
2832 2887
2833 3657
2834 3588
2835 2953
2835 3240
2835 3597
2836 2983
2836 3605
2838 3311
2838 3494
2838 3799
2841 3543
2842 3750
2845 3050
2845 3233
2846 3446
2848 3359
2849 3065
2849 3823
2850 3501
2850 3859
2851 3643
2852 3336
2852 3714
2853 2902
2853 3255
2855 2909
2855 3105
2857 3669
2859 3411
2859 3488
2860 2993
2860 3520
2860 3746
2860 3898
2862 3350
2863 2998
2865 3686
2866 2921
2867 2915
2868 3677
2868 3788
2869 2983
2870 2871
2870 3122
2871 3196
2871 3238
2874 3101
2875 3739
2877 3595
2878 3119
2878 3939
2879 2907
2879 3418
2879 3991
2880 3780
2883 3571
2885 3079
2889 3386
2889 3704
2890 2981
2891 3483
2892 3599
2892 3642
2893 3730
2897 3928
2897 3955
2898 3331
2898 3671
2898 3889
2899 3961
2900 3921
2902 3649
2903 3251
2904 3298
2906 2997
2906 3265
2906 3595
2907 3429
2907 3771
2907 3896
2908 3462
2908 3628
2909 3594
2910 3801
2912 3287
2912 3589
2913 3370
2913 3776
2914 3407
2914 3492
2915 3521
2916 3588
2917 3142
2917 3295
2917 3603
2918 3010
2918 3700
2920 3037
2921 3232
2921 3466
2922 3963
2924 3966
2925 3755
2926 3253
2926 3671
2927 3649
2931 3031
2933 3378
2934 3916
2939 3128
2939 3688
2939 3764
2939 3988
2940 3342
2941 3457
2941 3865
2942 3320
2942 3420
2943 3827
2944 3678
2945 3031
2945 3719
2948 3236
2948 3968
2949 2974
2954 3283
2954 3311
2954 3513
2955 3066
2955 3685
2957 3507
2958 3546
2958 3736
2959 3121
2960 3250
2961 3020
2961 3908
2964 3135
2964 3841
2964 3847
2965 3750
2966 3154
2967 3044
2967 3266
2969 3045
2969 3413
2970 3437
2970 3660
2971 3156
2971 3226
2971 3257
2971 3657
2972 3889
2973 3836
2974 3677
2975 3950
2977 3050
2977 3913
2978 3011
2978 3577
2981 3104
2981 3816
2982 3424
2982 3955
2984 3002
2984 3487
2986 3076
2987 3597
2988 3065
2988 3251
2988 3969
2989 3217
2989 3399
2990 3094
2990 3371
2991 3871
2991 3875
2992 3085
2993 3571
2995 3816
2996 3905
2997 3564
2997 3707
3001 3905
3003 3254
3004 3819
3005 3318
3006 3670
3006 3948
3007 3055
3007 3135
3007 3230
3008 3107
3008 3377
3009 3097
3009 3543
3011 3630
3011 3714
3013 3828
3013 3877
3014 3178
3014 3797
3015 3042
3015 3685
3015 3707
3018 3353
3018 3719
3019 3049
3019 3162
3019 3529
3019 3558
3019 3629
3022 3136
3022 3485
3022 3584
3022 3682
3023 3562
3023 3941
3024 3899
3025 3893
3026 3299
3027 3110
3028 3475
3029 3473
3030 3833
3031 3262
3031 3788
3032 3231
3032 3531
3033 3474
3033 3790
3034 3432
3035 3238
3038 3389
3039 3481
3040 3877
3040 3988
3041 3223
3041 3407
3042 3300
3044 3499
3045 3054
3047 3398
3049 3552
3050 3099
3051 3952
3052 3689
3053 3141
3053 3435
3059 3089
3060 3235
3063 3925
3065 3238
3068 3091
3069 3229
3069 3678
3070 3244
3071 3331
3071 3839
3073 3396
3073 3521
3074 3081
3075 3258
3075 3636
3075 3929
3077 3635
3078 3241
3079 3285
3080 3321
3080 3845
3081 3576
3081 3673
3082 3533
3083 3743
3085 3159
3090 3330
3090 3559
3093 3647
3095 3152
3095 3378
3096 3383
3097 3377
3099 3865
3101 3715
3103 3116
3103 3375
3103 3533
3103 3541
3103 3807
3104 3323
3104 3439
3108 3555
3109 3148
3109 3434
3110 3502
3111 3595
3112 3254
3113 3525
3115 3439
3118 3205
3118 3278
3123 3264
3124 3262
3124 3703
3124 3827
3126 3249
3126 3575
3126 3961
3127 3858
3131 3569
3132 3990
3133 3643
3134 3800
3135 3220
3138 3906
3141 3859
3142 3459
3143 3255
3143 3858
3143 3976
3144 3159
3144 3266
3144 3521
3145 3203
3145 3389
3147 3934
3147 3942
3148 3862
3154 3486
3156 3645
3157 3265
3157 3562
3159 3518
3166 3338
3169 3865
3170 3715
3171 3202
3172 3751
3173 3210
3174 3687
3175 3402
3176 3182
3176 3201
3177 3826
3179 3309
3180 3613
3181 3584
3181 3824
3183 3329
3184 3316
3184 3723
3185 3228
3185 3857
3187 3624
3189 3195
3189 3692
3190 3924
3191 3243
3191 3579
3191 3962
3192 3508
3193 3679
3195 3439
3196 3323
3197 3532
3197 3947
3198 3584
3198 3991
3199 3744
3201 3232
3201 3385
3201 3818
3205 3985
3206 3385
3206 3480
3209 3568
3209 3582
3210 3359
3212 3286
3212 3769
3213 3333
3215 3568
3216 3345
3219 3573
3219 3722
3219 3906
3220 3928
3222 3731
3223 3282
3227 3352
3230 3821
3232 3791
3232 3915
3233 3622
3234 3881
3235 3347
3236 3501
3236 3891
3237 3310
3238 3254
3238 3383
3238 3484
3240 3523
3240 3728
3241 3488
3242 3833
3243 3829
3244 3970
3248 3332
3251 3641
3252 3457
3252 3551
3254 3902
3256 3298
3257 3971
3259 3509
3263 3758
3264 3413
3264 3669
3265 3315
3269 3909
3271 3510
3272 3494
3273 3858
3274 3682
3274 3966
3276 3448
3276 3589
3276 3655
3278 3373
3278 3590
3280 3494
3280 3543
3281 3667
3282 3360
3283 3290
3286 3700
3288 3582
3289 3767
3289 3963
3291 3642
3291 3893
3292 3815
3293 3888
3295 3745
3296 3362
3302 3954
3303 3974
3308 3697
3312 3728
3313 3591
3315 3633
3319 3781
3321 3457
3322 3618
3324 3609
3324 3898
3326 3969
3329 3427
3329 3671
3331 3862
3334 3681
3337 3539
3340 3405
3340 3886
3342 3938
3343 3929
3344 3508
3346 3658
3348 3537
3349 3931
3351 3855
3352 3567
3353 3374
3353 3588
3354 3415
3355 3371
3356 3904
3357 3744
3358 3714
3359 3919
3361 3730
3361 3982
3363 3373
3367 3826
3368 3717
3371 3517
3371 3821
3372 3813
3372 3994
3373 3465
3375 3566
3376 3472
3377 3428
3377 3726
3381 3559
3381 3912
3382 3535
3385 3717
3386 3415
3391 3804
3393 3700
3393 3933
3394 3668
3396 3719
3397 3607
3397 3629
3397 3919
3397 3962
3398 3689
3399 3664
3399 3902
3401 3454
3401 3600
3402 3490
3402 3792
3402 3937
3404 3612
3405 3703
3407 3511
3407 3738
3410 3434
3412 3788
3413 3597
3413 3820
3414 3744
3415 3749
3416 3475
3416 3856
3416 3995
3418 3500
3422 3763
3423 3674
3426 3929
3427 3732
3429 3605
3429 3764
3429 3824
3429 3840
3432 3542
3436 3891
3437 3653
3437 3801
3437 3837
3439 3673
3441 3462
3445 3505
3445 3725
3447 3690
3448 3759
3451 3780
3451 3901
3453 3599
3459 3494
3459 3970
3462 3535
3465 3925
3478 3695
3488 3912
3493 3776
3495 3499
3496 3964
3497 3627
3500 3611
3500 3727
3502 3568
3502 3793
3505 3724
3506 3664
3506 3730
3506 3884
3507 3799
3508 3925
3509 3553
3515 3838
3519 3835
3523 3592
3525 3942
3530 3863
3531 3611
3532 3716
3538 3546
3539 3742
3542 3739
3542 3966
3544 3611
3554 3596
3555 3728
3556 3696
3557 3939
3558 3640
3558 3666
3558 3752
3558 3979
3561 3877
3563 3850
3563 3920
3564 3864
3566 3665
3569 3704
3572 3756
3574 3660
3577 3681
3581 3988
3584 3624
3584 3789
3588 3840
3588 3974
3593 3998
3594 3779
3599 3785
3600 3939
3601 3794
3604 3778
3605 3841
3606 3754
3608 3745
3610 3848
3617 3731
3620 3997
3621 3731
3622 3814
3626 3656
3626 3691
3628 3643
3631 3865
3634 3886
3636 3849
3638 3845
3639 3640
3640 3693
3643 3657
3646 3921
3647 3801
3647 3990
3652 3920
3657 3669
3658 3723
3661 3795
3661 3822
3665 3712
3665 3943
3672 3712
3672 3994
3681 3776
3684 3805
3689 3749
3692 3963
3704 3722
3707 3968
3721 3805
3723 3866
3725 3908
3725 3995
3728 3977
3732 3955
3736 3964
3740 3909
3742 3861
3745 3910
3752 3950
3753 3845
3756 3981
3769 3904
3771 3862
3779 3877
3785 3798
3786 3959
3794 3911
3801 3886
3804 3884
3805 3990
3806 3902
3806 3979
3807 3986
3809 3915
3824 3911
3826 3927
3827 3897
3829 3961
3831 3840
3832 3897
3838 3926
3839 3909
3855 3957
3877 3882
3882 3968
3891 3995
3920 3995
3940 3996
3993 3994
