0 49
0 188
0 235
0 272
1 143
1 491
2 220
2 228
3 45
3 66
3 119
4 227
4 263
4 463
5 166
6 219
6 250
7 23
7 115
7 234
7 429
7 484
8 457
9 90
9 128
9 388
9 463
10 184
10 270
11 392
11 456
12 144
12 363
12 377
12 411
12 490
13 92
13 276
13 316
13 495
14 91
14 287
14 428
15 314
15 404
15 461
16 38
16 87
16 110
16 152
16 185
16 363
16 479
16 492
17 238
17 388
17 392
18 116
18 259
18 306
18 360
19 35
19 112
19 245
19 254
19 303
19 422
19 453
20 46
20 454
20 462
20 479
21 156
21 175
21 244
21 396
21 425
22 31
22 44
22 59
22 90
22 121
22 127
23 51
23 86
23 129
23 299
23 363
24 118
24 165
25 159
25 216
25 237
25 452
25 461
26 182
26 412
27 54
27 58
27 86
27 245
27 406
27 454
27 490
28 88
28 421
28 468
29 73
29 265
29 362
29 451
30 311
30 315
30 345
30 394
31 69
31 282
31 328
31 400
31 481
32 44
32 97
32 105
32 113
32 462
33 147
33 363
33 411
33 443
33 452
34 173
34 240
34 242
35 53
35 208
35 405
35 481
37 70
37 225
37 369
38 64
38 236
38 352
38 404
38 484
39 54
39 55
39 77
39 167
39 281
39 373
40 142
40 369
41 423
42 45
42 289
42 337
43 130
44 89
44 432
45 145
45 416
45 433
45 456
45 499
46 57
46 169
46 279
46 473
49 82
49 212
49 313
49 430
50 59
50 99
50 318
51 58
51 213
51 395
51 465
51 494
52 177
52 185
52 342
52 430
53 116
53 192
53 294
53 390
53 400
54 497
55 189
55 274
55 293
55 326
55 499
56 57
56 286
56 485
56 499
57 348
58 82
58 428
58 435
60 98
60 220
60 272
60 296
61 97
61 367
61 377
61 444
62 182
62 232
62 292
63 193
63 254
63 312
64 161
64 323
64 352
64 479
65 139
65 150
65 171
65 173
65 244
66 129
66 272
67 237
67 315
67 358
67 366
67 455
68 119
68 190
68 305
69 80
69 186
69 252
69 357
70 252
70 420
71 174
71 183
72 103
72 304
72 441
73 252
73 303
73 358
74 193
74 421
75 151
75 232
75 468
76 89
76 293
76 308
76 337
76 388
76 403
77 176
77 424
78 155
78 204
78 449
78 465
79 137
79 205
79 232
79 244
80 286
80 322
81 85
81 171
81 172
81 226
81 381
81 456
82 267
83 258
84 302
84 334
85 151
86 159
86 232
86 274
86 315
86 321
86 339
86 354
87 353
87 386
88 138
88 153
88 382
88 458
88 461
88 475
89 263
89 321
90 251
90 496
91 147
91 268
91 310
91 327
91 334
91 407
92 117
92 163
92 240
92 259
92 352
93 107
93 194
93 231
93 393
94 419
94 432
94 451
95 131
95 224
95 298
96 165
96 193
97 101
97 194
97 292
97 490
98 200
98 237
98 245
99 211
99 487
100 212
100 265
100 357
100 465
101 161
101 182
101 184
101 393
101 433
101 437
102 265
105 112
105 225
105 319
105 377
106 293
106 480
107 284
107 399
108 140
108 296
108 469
109 302
109 467
109 474
110 362
110 373
110 380
110 424
110 465
111 162
111 328
112 206
112 211
112 401
113 157
113 244
113 275
113 321
113 429
113 459
113 460
114 173
115 207
115 302
115 410
116 121
116 148
116 161
116 181
116 223
116 359
116 371
117 372
117 440
118 280
118 300
118 305
119 158
119 448
120 452
121 194
121 412
122 135
122 343
122 463
123 271
123 293
124 307
124 314
124 403
124 443
124 469
125 167
125 174
125 260
126 319
127 167
127 181
127 199
127 328
127 437
128 219
128 399
128 476
129 317
129 318
129 490
130 498
131 188
131 229
131 238
131 358
131 362
131 374
131 457
131 469
132 149
132 287
132 301
132 311
133 151
133 298
133 302
133 319
133 392
133 418
133 442
134 176
134 287
134 440
135 230
135 357
136 216
137 182
137 267
137 410
137 440
138 240
138 389
138 429
139 288
140 309
141 357
141 486
142 215
142 332
143 215
143 354
145 165
146 147
146 198
146 293
147 194
147 200
147 345
147 418
147 478
147 496
148 338
148 432
149 457
150 183
150 242
150 398
150 411
151 183
151 208
152 461
152 493
153 486
153 494
154 241
154 384
155 169
155 293
155 350
157 187
157 218
157 289
157 295
157 345
157 359
157 455
158 177
158 402
158 482
160 321
161 291
161 392
161 429
161 482
162 170
162 267
163 282
163 461
164 232
164 347
164 373
164 434
165 263
166 168
166 199
166 431
167 169
167 176
167 240
167 435
167 487
168 296
168 300
168 363
169 223
169 440
170 256
171 183
171 264
171 290
172 225
172 450
173 317
174 175
174 332
174 490
175 297
175 357
175 368
175 393
175 411
176 368
176 377
176 399
177 220
177 274
177 433
177 486
178 249
178 310
178 437
179 241
179 288
181 290
181 334
181 342
181 491
182 405
182 414
183 226
184 455
185 189
185 202
186 274
186 296
186 393
187 249
187 322
187 434
188 194
188 320
188 439
188 448
189 447
190 196
190 296
190 498
191 349
191 355
191 461
192 240
192 271
192 311
192 480
194 290
194 411
196 199
196 267
196 356
197 302
198 205
198 274
198 297
198 335
198 391
199 313
199 369
199 401
199 439
200 240
200 337
201 276
203 294
203 375
203 447
204 237
204 330
204 432
204 439
205 418
205 426
206 212
206 354
207 239
207 354
207 359
207 390
207 404
207 408
207 466
208 312
208 327
209 230
209 259
209 316
209 444
210 303
211 245
211 294
211 303
211 480
211 488
212 231
213 258
213 301
213 378
213 496
214 355
215 397
215 422
216 406
216 454
218 219
218 240
218 427
219 283
219 319
220 306
220 396
221 411
221 487
222 264
223 390
223 455
224 457
224 483
224 497
225 378
225 394
225 428
226 352
226 405
226 481
227 371
227 488
229 259
230 356
230 374
230 381
230 392
230 484
231 355
231 414
233 256
233 357
233 420
234 308
234 367
235 295
236 440
236 467
238 243
238 440
238 453
238 475
239 302
239 306
239 333
239 435
239 437
239 479
240 278
240 339
240 379
242 280
243 245
244 259
244 291
245 361
245 421
245 465
246 395
247 370
248 281
248 395
248 432
248 484
249 284
249 294
249 318
250 459
251 308
251 386
251 494
252 423
253 383
254 304
254 486
255 278
255 310
256 339
257 265
257 359
257 460
258 352
258 389
258 433
259 303
259 316
259 322
261 422
261 493
262 379
262 462
263 352
263 437
263 475
263 496
264 269
264 355
264 389
264 403
266 319
266 436
266 471
266 479
267 414
267 469
268 447
269 288
269 452
270 459
271 278
271 317
272 292
274 289
275 303
275 318
275 429
276 428
277 450
278 348
280 337
281 368
282 495
283 413
283 428
283 435
284 366
284 466
285 441
286 357
286 364
287 356
287 389
287 409
287 451
289 346
289 348
290 401
291 309
291 406
292 306
292 483
293 294
293 372
293 479
294 307
294 498
296 325
297 353
297 458
298 362
300 484
301 400
301 422
303 403
304 350
305 383
307 321
307 325
308 477
309 405
309 490
312 426
313 329
313 378
314 423
315 326
315 351
316 317
316 492
316 493
317 337
317 349
317 404
317 467
317 496
318 324
318 364
318 461
320 431
321 478
322 379
322 414
323 388
324 347
324 436
328 409
329 342
330 485
331 445
333 334
334 461
335 484
336 369
337 408
338 367
338 384
338 455
339 347
340 404
341 352
342 380
342 390
342 446
343 421
345 451
345 473
348 373
349 409
352 434
352 488
354 452
356 415
357 388
357 438
358 466
359 414
359 460
360 370
360 383
360 442
361 414
362 465
363 481
364 383
367 441
368 439
369 483
370 442
371 383
371 455
371 484
374 391
377 443
377 471
378 387
380 484
380 495
382 383
383 470
383 488
386 419
386 455
386 469
387 476
387 488
388 442
390 460
390 481
395 439
396 440
396 446
398 453
400 431
401 487
402 412
402 468
403 406
404 411
404 466
405 426
405 429
406 455
408 447
409 449
409 451
409 498
411 478
415 477
416 433
416 477
417 457
417 473
418 455
422 490
425 480
425 495
426 482
427 457
429 437
430 481
431 442
431 489
433 440
433 457
435 477
437 457
437 498
439 498
443 499
447 489
457 491
458 492
464 484
468 472
470 497
476 478
478 487
480 493
482 489
485 490
