0 4
0 41
0 76
1 41
1 56
1 108
1 120
2 11
2 22
2 28
2 34
2 72
2 94
2 107
3 15
3 19
3 34
3 67
3 69
3 80
3 83
3 98
4 21
4 42
4 58
4 99
5 42
5 45
5 50
5 74
5 106
5 115
5 124
6 15
6 68
6 73
6 77
6 121
7 52
7 70
7 94
8 60
8 77
8 87
8 90
9 36
9 56
9 109
10 35
10 51
10 86
11 34
11 76
12 32
13 43
13 84
13 94
14 27
14 47
14 89
14 123
15 96
15 104
15 107
15 112
16 29
16 37
16 45
16 121
17 25
17 27
17 75
17 94
18 20
18 68
18 70
18 90
18 113
19 45
19 72
19 110
20 40
20 57
20 72
20 86
20 105
22 52
23 43
23 51
23 56
23 103
23 110
24 59
24 64
24 119
25 34
25 66
25 73
25 95
26 51
26 71
26 76
27 48
28 36
29 54
29 69
29 70
29 94
29 100
29 111
29 115
30 74
30 75
30 89
31 64
31 107
31 120
31 122
32 65
32 71
32 94
32 108
33 67
33 73
33 77
33 94
33 101
33 109
34 80
34 86
34 124
35 92
36 47
36 115
37 60
37 123
38 51
38 74
38 96
38 105
38 123
39 47
39 48
39 71
40 81
41 76
41 86
41 93
41 106
41 121
42 77
42 82
43 78
43 119
44 54
44 95
44 108
44 120
45 73
45 79
45 80
45 88
45 115
46 71
46 90
46 97
46 115
47 71
47 82
47 118
48 85
49 75
49 110
50 96
51 54
51 68
51 107
51 116
52 96
52 97
52 101
54 91
54 123
55 69
55 82
56 58
57 97
57 118
58 74
58 77
58 84
59 74
59 83
59 102
59 106
60 71
60 80
60 111
60 117
60 119
61 85
61 92
62 95
62 96
62 109
62 110
63 107
63 122
65 123
66 72
66 93
66 121
69 75
69 87
69 98
71 76
71 95
72 85
72 96
74 82
74 94
74 105
74 108
74 112
74 115
76 84
76 92
76 109
78 83
78 97
79 96
79 110
81 123
82 95
82 99
82 102
82 121
83 88
83 100
83 119
84 100
85 104
86 94
87 89
87 107
91 93
91 99
91 110
92 97
94 101
94 120
95 99
95 107
95 122
102 106
102 113
104 105
104 121
107 116
107 117
107 122
111 123
112 121
114 116
121 122
