0 1
0 2
0 4
0 6
0 7
0 8
0 13
0 14
0 15
0 16
0 18
0 20
0 22
0 24
0 27
0 31
0 37
0 38
0 39
0 41
0 44
0 45
0 49
0 50
0 51
0 52
0 68
0 69
0 71
0 72
0 75
0 82
0 85
0 86
0 88
0 90
0 95
0 109
0 111
0 116
0 121
0 141
0 143
0 146
0 154
0 159
0 168
0 173
0 177
0 190
0 191
0 195
0 207
0 210
0 218
0 221
0 223
0 224
0 227
0 231
0 237
0 243
0 244
0 252
0 256
0 257
0 259
0 264
0 265
0 307
0 317
0 353
0 371
0 372
0 384
0 397
0 401
0 402
0 412
0 422
0 423
0 427
0 432
0 433
0 452
0 458
0 459
0 460
0 468
0 470
0 478
0 479
0 485
0 487
0 489
1 2
1 3
1 4
1 5
1 7
1 8
1 12
1 16
1 17
1 21
1 23
1 24
1 26
1 29
1 36
1 40
1 43
1 45
1 53
1 56
1 57
1 58
1 67
1 70
1 77
1 78
1 81
1 89
1 100
1 104
1 105
1 107
1 108
1 112
1 117
1 121
1 122
1 125
1 128
1 145
1 149
1 160
1 163
1 182
1 187
1 191
1 198
1 202
1 209
1 216
1 220
1 241
1 248
1 252
1 254
1 256
1 258
1 259
1 267
1 270
1 274
1 289
1 290
1 293
1 299
1 315
1 316
1 345
1 346
1 354
1 362
1 363
1 367
1 370
1 373
1 406
1 419
1 421
1 434
1 436
1 441
1 443
1 444
1 447
1 462
1 467
1 485
1 498
2 3
2 12
2 13
2 14
2 23
2 25
2 26
2 46
2 54
2 58
2 62
2 84
2 90
2 106
2 107
2 110
2 114
2 118
2 120
2 131
2 165
2 179
2 190
2 195
2 200
2 218
2 225
2 227
2 244
2 245
2 264
2 306
2 308
2 309
2 325
2 328
2 331
2 333
2 334
2 355
2 358
2 361
2 381
2 382
2 383
2 387
2 401
2 407
2 417
2 430
2 433
2 451
2 496
3 9
3 17
3 18
3 19
3 27
3 40
3 55
3 56
3 70
3 92
3 96
3 109
3 125
3 126
3 131
3 134
3 140
3 163
3 196
3 272
3 273
3 286
3 304
3 313
3 317
3 338
3 465
3 476
4 5
4 6
4 20
4 28
4 32
4 35
4 42
4 68
4 71
4 79
4 122
4 136
4 140
4 142
4 151
4 166
4 175
4 176
4 182
4 240
4 250
4 260
4 281
4 297
4 326
4 394
4 425
4 440
4 472
4 480
4 488
5 9
5 10
5 22
5 25
5 32
5 48
5 59
5 72
5 85
5 91
5 111
5 113
5 119
5 157
5 180
5 181
5 193
5 202
5 204
5 214
5 272
5 298
5 312
5 336
5 341
5 348
5 477
5 483
6 10
6 28
6 30
6 34
6 50
6 66
6 94
6 101
6 119
6 126
6 136
6 137
6 141
6 155
6 169
6 179
6 186
6 199
6 213
6 230
6 242
6 270
6 271
6 282
6 301
6 304
6 318
6 324
6 336
6 373
6 374
6 407
6 416
6 440
6 442
6 445
6 449
6 454
6 457
6 468
6 488
7 41
7 63
7 67
7 255
7 410
8 94
8 253
9 11
9 21
9 31
9 64
9 76
9 129
9 152
9 183
9 219
9 233
9 331
9 388
9 415
9 461
9 463
9 479
9 481
9 499
10 11
10 34
10 43
10 46
10 54
10 59
10 74
10 79
10 103
10 117
10 135
10 148
10 172
10 188
10 192
10 201
10 226
10 276
10 295
10 316
10 387
10 392
10 411
11 36
11 198
11 204
12 15
12 30
12 44
12 83
12 97
12 133
12 173
12 211
12 247
12 262
12 297
12 307
12 335
12 378
12 385
12 390
12 442
12 471
13 60
13 101
13 221
13 491
14 61
14 132
14 174
14 176
14 285
14 377
14 397
14 455
14 471
16 19
16 123
16 133
16 153
16 165
16 353
16 367
17 33
18 80
18 103
18 486
19 63
19 266
19 438
19 456
20 228
20 340
21 38
21 138
21 157
21 207
21 208
21 235
21 278
21 303
21 364
21 393
22 47
22 239
22 323
22 400
22 452
23 29
23 69
23 86
23 89
23 93
23 135
23 197
23 257
23 325
23 328
24 35
24 127
24 158
24 164
25 53
25 60
25 81
25 97
25 98
25 104
25 169
25 184
25 189
25 352
25 413
25 420
25 426
25 458
27 33
27 37
27 47
27 74
27 87
27 183
27 206
27 250
27 261
27 298
27 300
27 320
27 445
27 472
27 493
28 42
28 62
28 96
28 98
28 123
28 142
28 144
28 150
28 185
28 209
28 213
28 235
28 246
28 303
28 306
28 311
28 313
28 329
28 341
28 389
28 414
28 453
29 65
29 137
29 152
29 361
29 379
29 390
29 410
30 52
30 146
30 156
30 170
30 203
30 241
30 242
30 344
30 355
30 365
30 386
30 456
31 342
31 396
31 423
31 474
31 491
32 39
32 73
32 145
33 187
33 210
33 288
33 431
34 48
34 73
34 420
35 296
36 57
36 80
36 99
36 113
36 315
36 349
36 351
37 216
37 261
37 352
37 380
38 51
38 66
38 82
38 88
38 99
38 223
38 228
38 258
38 334
38 343
38 408
38 421
38 430
38 453
41 124
41 203
41 214
41 415
41 435
42 64
42 106
42 162
42 178
42 205
42 347
42 377
42 451
43 330
43 338
43 366
43 478
44 320
44 386
44 398
44 404
45 337
46 55
46 92
46 102
46 112
46 115
46 166
46 230
46 240
46 266
46 269
46 273
46 376
46 431
46 446
46 473
46 481
46 497
47 49
47 158
47 428
47 473
48 83
48 91
48 153
48 224
48 229
48 246
48 285
48 290
48 305
48 327
48 330
48 344
48 360
48 379
48 393
48 404
50 65
50 76
50 100
50 134
50 215
50 380
50 425
51 234
51 310
51 359
51 437
53 412
54 188
55 61
55 206
55 327
56 110
56 118
56 138
56 374
56 460
59 78
59 143
59 212
59 339
59 448
59 475
60 436
61 84
64 77
64 102
64 130
64 156
64 177
64 201
64 277
64 283
64 293
64 356
65 116
65 124
65 196
65 483
68 174
69 75
69 93
69 199
69 419
70 95
70 127
70 160
70 167
70 180
70 280
70 302
70 429
70 484
71 197
71 439
72 260
73 222
73 288
73 314
73 376
73 398
74 170
74 263
75 428
78 87
78 108
78 129
78 132
78 231
78 454
79 405
80 193
82 164
82 248
82 262
82 289
82 496
84 105
84 310
86 148
86 205
86 268
86 278
86 300
86 389
86 392
86 411
86 416
87 159
87 184
87 467
88 284
91 178
91 469
92 115
92 171
92 200
92 212
92 405
94 239
94 299
94 329
94 356
94 400
96 167
96 359
99 217
99 229
99 437
100 149
100 192
100 385
100 495
101 114
101 249
101 443
102 194
103 120
105 321
106 268
106 372
107 308
110 399
111 350
111 360
111 422
112 172
112 375
113 247
115 321
115 326
115 434
116 130
116 238
118 128
118 226
118 499
119 150
119 217
119 369
119 424
119 459
119 475
119 482
120 139
120 151
120 161
120 319
120 391
120 482
121 154
121 161
121 171
121 219
121 340
121 413
122 194
122 455
123 382
124 251
124 465
125 147
126 253
126 275
126 291
127 186
127 406
129 236
129 333
129 368
129 403
129 450
130 489
131 265
131 345
131 466
132 277
132 279
132 366
133 139
133 155
133 369
133 370
133 469
135 147
136 232
136 441
137 234
137 323
137 371
138 381
139 175
139 251
139 254
139 351
139 375
140 144
140 233
140 292
141 311
143 296
144 220
144 395
146 222
147 162
147 347
147 424
147 487
148 181
148 294
148 332
149 168
150 185
152 215
152 249
153 305
153 346
155 301
155 302
155 409
155 438
155 477
157 263
157 279
157 362
157 414
159 418
160 337
161 274
161 384
163 243
163 245
163 275
163 432
164 267
167 232
167 395
170 295
171 286
172 208
172 211
172 309
172 409
175 236
175 280
175 429
180 189
180 271
180 282
182 342
188 476
193 225
193 335
196 269
196 444
198 497
207 324
207 348
207 388
209 287
210 283
210 365
215 357
217 464
217 480
218 287
218 294
218 492
223 237
223 292
223 391
224 284
224 291
224 319
224 457
226 486
230 238
233 332
238 322
238 339
239 461
240 354
246 255
248 368
250 276
250 312
250 418
252 281
258 474
259 314
260 378
260 403
261 322
262 343
262 446
265 318
266 449
266 466
275 396
282 402
286 350
300 448
309 498
312 357
312 427
313 349
313 462
314 408
314 426
315 364
315 417
321 394
321 490
324 399
329 363
332 495
335 383
337 484
345 439
348 435
350 450
352 358
375 464
378 493
387 447
400 494
406 494
416 490
440 463
443 470
481 492
