0 2
0 418
0 518
0 1864
1 308
1 504
1 1158
1 1176
1 1315
1 1926
2 546
2 648
2 1536
3 1230
4 122
4 383
4 759
4 1030
4 1213
4 1588
4 1850
5 11
5 173
5 895
5 1907
6 1292
6 1804
7 540
7 1955
8 554
8 1269
8 1994
9 246
9 332
9 373
10 763
10 952
10 1197
10 1288
10 1792
11 793
11 1505
11 1678
11 1832
11 1915
12 14
12 639
12 1019
13 520
14 188
14 330
14 546
14 1726
15 129
15 161
15 199
15 229
15 524
15 620
15 1663
15 1786
16 63
16 209
16 328
16 746
16 1104
16 1868
17 35
17 368
17 630
18 611
18 1109
18 1115
18 1596
19 407
19 1305
19 1312
19 1378
19 1499
20 1871
20 1952
21 32
21 1202
21 1260
21 1506
21 1583
22 29
22 293
22 650
22 1134
23 354
23 604
23 1917
24 379
24 385
24 1226
24 1722
25 320
25 1071
25 1244
25 1583
25 1660
25 1868
26 299
26 1266
26 1769
27 653
27 1180
27 1389
27 1882
27 1914
28 239
28 281
28 815
28 1867
29 245
29 629
29 682
29 1048
29 1439
30 181
30 293
30 1026
30 1236
30 1443
30 1885
31 199
31 857
31 1089
31 1508
31 1856
32 156
32 332
32 1050
32 1239
32 1310
32 1731
33 425
33 820
33 1282
33 1294
34 434
34 775
34 1267
34 1841
35 278
35 475
35 588
35 1460
36 229
36 253
36 659
36 1157
36 1312
36 1728
37 307
37 887
37 908
37 1242
37 1352
38 595
38 600
38 636
39 507
40 476
40 838
40 1460
40 1809
41 544
41 1041
41 1795
41 1924
42 794
42 864
42 1892
43 63
43 1333
43 1573
43 1657
44 276
44 834
44 1005
44 1321
45 160
45 207
45 1531
45 1639
46 793
46 1542
46 1581
47 177
47 487
47 513
47 832
47 1382
47 1472
47 1525
47 1779
48 125
48 223
48 533
48 1366
48 1755
49 1218
49 1348
50 141
50 740
50 781
50 1888
51 249
51 1192
51 1321
52 783
52 994
52 1231
53 96
53 623
53 860
53 1056
53 1390
54 260
54 551
54 737
54 810
54 1287
54 1757
55 755
55 1101
56 497
56 917
56 929
56 1734
57 326
57 391
57 413
57 546
57 904
58 438
59 423
59 1381
60 85
60 1010
60 1219
60 1222
60 1794
60 1818
61 855
61 1423
61 1628
61 1827
62 953
62 1561
62 1610
63 182
63 223
63 432
63 1179
63 1236
64 710
64 839
65 87
65 401
65 623
65 1026
65 1753
66 230
66 1325
67 1493
67 1524
67 1625
67 1753
67 1756
67 1884
68 1076
68 1648
69 177
69 929
69 1892
70 379
70 794
70 1100
70 1134
70 1792
71 307
71 778
71 816
71 1363
71 1522
71 1735
71 1782
72 1505
72 1553
72 1704
72 1850
72 1886
73 617
73 672
73 698
73 1557
73 1619
73 1702
73 1725
74 331
75 157
75 1270
76 143
76 198
76 604
76 1155
77 440
77 1030
77 1053
77 1180
77 1230
78 258
78 1720
78 1733
78 1877
79 978
79 1652
80 407
80 591
80 1055
81 216
81 363
81 726
81 1083
81 1294
81 1322
81 1823
81 1921
81 1936
82 383
82 1154
82 1270
82 1468
82 1557
83 156
83 170
83 239
85 103
85 271
85 353
85 490
85 1139
85 1305
85 1343
85 1439
85 1681
86 243
86 557
86 1400
87 204
87 568
87 581
87 664
87 1599
88 1073
88 1181
88 1355
88 1513
88 1566
88 1833
88 1992
89 129
89 359
89 1191
89 1386
89 1419
89 1575
90 766
90 1775
91 112
91 1750
91 1977
91 1987
92 355
92 422
92 471
92 764
92 1554
93 127
93 284
93 1446
93 1944
94 281
94 338
94 390
94 505
94 536
94 643
94 782
94 906
94 1196
94 1761
95 280
95 1374
96 751
96 850
96 866
96 1363
96 1635
97 111
97 282
97 1035
97 1077
97 1147
98 943
98 981
98 1043
98 1448
99 254
99 544
99 912
99 1001
99 1795
99 1983
100 155
101 354
101 1472
101 1516
101 1993
102 954
102 1135
102 1494
102 1761
102 1887
103 1899
104 134
104 165
104 595
104 605
104 874
104 921
104 1332
105 350
105 1798
106 1622
106 1770
107 1044
108 1171
108 1268
108 1528
109 1301
109 1370
110 373
110 512
110 1347
110 1435
111 1132
111 1328
111 1395
111 1398
111 1717
111 1742
112 395
112 502
112 990
112 996
112 1367
112 1833
113 198
113 895
113 897
113 1640
114 481
114 1742
114 1962
115 628
115 748
115 1016
115 1535
115 1693
116 704
116 1251
117 731
117 1435
118 627
118 638
118 1349
119 773
119 792
119 1560
120 995
120 1018
120 1088
120 1712
121 241
121 379
121 715
121 1213
122 780
122 1743
123 649
124 849
124 1834
125 645
125 653
125 969
125 1237
125 1496
125 1527
125 1646
125 1983
126 520
127 580
127 675
127 1285
128 254
128 740
128 1423
129 496
129 957
129 1339
130 978
130 1073
130 1166
130 1351
130 1947
131 1279
132 474
132 660
132 770
133 415
133 433
133 1198
133 1716
134 727
134 1527
134 1834
135 1121
135 1756
135 1798
136 1083
136 1546
137 291
137 870
138 1176
138 1456
139 151
139 309
139 1583
139 1686
140 675
140 749
140 1122
140 1139
140 1255
140 1544
140 1962
141 283
141 1275
141 1478
141 1813
142 344
142 512
142 539
143 543
143 790
144 352
144 1735
145 616
145 667
145 847
145 991
145 1009
145 1114
146 407
146 503
146 849
146 1927
147 1128
147 1728
148 199
148 391
148 517
148 772
148 775
148 796
148 967
148 1327
148 1531
149 315
149 630
149 1527
149 1538
150 208
150 262
150 1043
150 1455
150 1817
151 1776
152 679
152 1936
153 795
153 1757
154 651
154 921
154 1302
154 1497
154 1638
155 571
155 1096
155 1262
155 1301
155 1728
156 255
156 357
156 1977
157 543
157 883
157 926
157 1553
157 1813
158 698
158 891
158 978
158 1392
160 579
160 1919
161 382
161 402
161 666
161 781
161 1811
161 1886
162 176
162 1408
163 556
163 763
163 795
163 945
163 1525
163 1711
163 1733
164 309
164 521
164 825
165 979
166 452
166 592
166 750
166 836
166 1226
166 1853
168 170
168 843
168 912
168 1082
168 1523
168 1770
169 371
169 434
169 1280
169 1639
169 1938
170 493
170 717
171 184
171 919
171 1609
172 265
172 280
172 933
172 1500
172 1916
173 567
173 572
173 722
173 1526
174 521
174 620
174 754
174 1251
175 358
175 480
175 483
175 614
175 648
175 1390
175 1508
176 406
176 1472
177 402
177 808
177 1568
177 1573
179 225
179 333
179 670
179 984
179 1991
180 319
180 446
180 720
180 940
180 1362
181 272
181 1377
182 1101
183 578
183 647
183 908
183 1787
184 1277
184 1761
184 1925
185 519
185 1073
185 1384
186 187
186 541
187 282
187 397
187 511
187 923
187 1333
187 1783
188 678
188 1058
188 1441
188 1793
189 401
189 647
190 418
191 651
191 838
191 1680
191 1740
192 394
192 1573
192 1767
192 1846
193 439
193 494
193 980
193 1054
193 1274
193 1812
194 778
194 1697
195 428
195 1419
195 1792
195 1824
195 1873
195 1963
196 974
197 1324
197 1657
197 1910
198 430
198 721
198 1234
198 1295
198 1584
198 1689
199 323
199 623
199 1800
200 312
200 727
200 938
200 1326
200 1542
201 899
201 1030
201 1431
201 1874
202 232
202 645
202 1013
202 1082
202 1163
202 1271
202 1512
202 1536
202 1825
202 1927
202 1962
203 275
203 839
204 488
204 599
204 1068
204 1189
204 1270
204 1432
204 1861
205 364
206 1248
206 1314
206 1450
207 1191
207 1280
207 1441
208 649
208 894
208 1061
208 1842
209 816
209 1405
209 1735
210 992
210 1021
210 1378
210 1530
210 1995
211 957
211 1311
211 1564
212 490
212 850
212 1600
212 1622
213 733
213 1169
213 1397
213 1784
214 1061
214 1536
214 1784
215 648
215 1083
216 270
216 411
216 447
216 786
217 487
218 282
218 1178
218 1519
218 1892
219 1095
220 222
220 274
220 1233
221 894
221 1492
221 1801
222 1013
223 968
223 1039
223 1268
223 1471
224 484
224 642
224 752
224 1060
224 1746
224 1975
225 1475
226 972
226 1717
227 752
227 780
227 1360
227 1825
228 412
228 415
228 607
228 901
228 1007
228 1019
228 1296
228 1774
229 473
229 517
230 1520
231 1461
231 1808
232 478
232 1803
233 580
233 962
233 1258
233 1555
234 255
234 467
235 888
235 924
235 1002
235 1435
235 1525
235 1697
235 1701
235 1855
236 651
237 1300
237 1681
238 879
239 912
239 1341
240 842
240 1781
241 242
241 301
241 793
241 1812
241 1850
242 1087
242 1753
243 317
243 511
243 1433
243 1721
244 339
244 1239
244 1445
244 1563
244 1573
245 911
245 1947
246 662
246 1583
247 258
247 828
247 1114
247 1288
248 384
248 418
248 603
248 607
248 1202
248 1392
248 1733
248 1780
248 1975
249 574
249 1075
249 1493
249 1557
250 881
251 1181
251 1965
252 1015
252 1042
252 1532
252 1717
253 598
253 750
254 496
254 757
254 1410
254 1456
254 1569
254 1868
255 968
255 1362
256 257
256 582
256 1215
257 1997
258 466
258 487
258 626
258 741
258 921
258 1550
258 1808
258 1824
259 1305
259 1316
259 1431
260 641
260 1045
261 341
261 1822
262 321
262 471
262 532
262 624
262 1572
263 460
264 571
264 784
264 1240
264 1449
264 1489
264 1703
265 1008
266 1049
267 1451
267 1903
268 442
268 1272
268 1990
269 513
269 572
269 646
269 1493
270 973
270 1742
271 362
271 1086
272 1282
272 1574
272 1894
273 289
273 404
273 673
273 1146
273 1851
273 1864
273 1993
274 372
274 623
274 925
275 333
275 968
275 1679
275 1689
276 857
276 934
276 1921
277 927
277 1659
278 407
278 962
278 1321
278 1369
278 1525
279 645
279 913
279 1137
279 1219
279 1942
280 783
280 1058
280 1861
281 455
281 914
281 1597
281 1836
282 585
282 605
282 1052
282 1674
282 1835
283 737
283 1888
284 1090
284 1122
284 1169
284 1600
284 1855
284 1914
285 549
286 733
286 940
286 1171
287 371
287 582
287 774
287 776
287 993
288 354
288 964
288 1313
288 1825
289 404
289 578
289 942
289 1036
290 370
290 1046
291 1091
291 1659
292 367
292 992
292 1098
292 1105
292 1154
292 1205
292 1489
293 497
293 847
293 1446
293 1806
293 1958
294 1059
294 1306
295 407
295 814
295 1445
295 1895
296 1368
297 1146
297 1247
297 1642
298 1769
299 1038
299 1922
300 310
300 353
300 968
300 1111
301 872
301 1086
301 1833
302 1125
302 1128
302 1452
302 1955
303 532
303 719
303 1044
303 1944
304 580
304 1875
304 1973
305 458
305 976
305 1349
305 1532
306 664
306 671
306 1496
306 1547
307 602
307 1302
308 551
308 996
308 1940
308 1973
309 1284
309 1602
310 1136
311 462
311 851
311 1227
312 356
312 1117
312 1478
312 1827
313 1659
314 857
314 1812
315 319
315 575
315 1127
315 1450
315 1929
316 459
316 490
316 959
316 1144
316 1308
317 952
317 1321
318 722
318 1452
318 1759
319 1178
320 642
320 745
320 1228
320 1471
321 1242
321 1407
321 1718
322 1525
322 1566
323 1521
324 1894
325 434
325 1202
326 800
326 1119
326 1592
326 1670
327 974
327 1204
327 1398
327 1597
329 617
329 1695
330 1143
331 877
331 1194
331 1447
331 1595
332 979
332 1262
332 1452
332 1720
333 643
333 664
333 1358
333 1405
333 1764
333 1927
334 463
334 527
334 723
334 1579
335 342
335 911
335 1075
335 1178
336 799
336 1886
337 379
337 429
337 789
337 1902
338 793
338 1755
339 685
339 770
339 985
339 1365
339 1366
339 1620
340 876
340 1718
340 1982
341 569
342 489
343 1993
344 1492
344 1560
345 1612
347 1253
347 1680
347 1731
347 1901
348 423
348 1082
348 1243
349 483
349 875
349 1596
349 1837
350 786
350 820
350 1653
350 1957
351 705
351 929
351 930
352 498
352 710
352 810
352 853
353 694
353 811
353 988
353 1663
353 1809
354 1092
354 1370
355 545
355 776
355 1086
356 882
356 1486
357 647
357 1875
358 1047
358 1829
359 1281
359 1698
360 618
360 712
360 790
360 1383
361 1576
361 1718
361 1755
361 1866
362 726
362 1041
362 1367
363 1000
363 1439
364 700
364 1236
364 1904
365 550
365 628
365 1194
366 735
366 975
366 1227
366 1928
367 1340
367 1446
368 826
368 1107
368 1531
368 1773
368 1955
369 518
369 770
369 858
369 1481
369 1972
370 434
370 533
370 1492
370 1885
371 445
371 1210
371 1464
371 1617
371 1729
371 1890
372 484
372 1392
372 1756
372 1994
373 416
373 853
373 975
373 1872
374 821
374 859
374 1493
374 1546
375 522
375 569
375 816
376 681
376 731
376 957
377 685
377 984
377 1752
378 1920
379 1600
380 432
381 550
381 646
383 764
383 1940
384 511
384 1204
384 1473
385 755
385 1134
385 1918
386 719
386 843
386 855
386 1169
387 557
387 689
387 1100
388 503
388 886
388 944
388 1189
388 1731
389 909
389 1047
389 1113
389 1422
390 839
390 1791
391 778
391 1119
391 1146
391 1851
392 486
392 610
392 815
392 1121
392 1371
393 655
393 1921
394 1459
395 491
395 1334
395 1483
395 1602
396 461
396 520
396 631
396 764
396 975
396 1383
396 1422
396 1707
397 894
397 1160
398 1100
398 1149
398 1461
398 1804
399 1302
399 1497
400 978
400 1692
401 465
401 840
401 1028
402 570
402 775
402 1248
402 1276
403 616
403 982
403 1000
404 891
404 1395
404 1546
405 829
405 1375
405 1709
405 1736
406 730
406 818
406 954
406 1514
407 960
407 1561
407 1785
407 1977
408 515
408 562
408 627
408 812
408 1322
408 1480
409 1905
410 767
410 1345
410 1355
411 419
411 1115
411 1138
411 1338
411 1976
412 1176
412 1654
412 1943
413 718
413 1306
414 1467
414 1846
414 1879
416 472
416 1154
416 1508
417 646
417 1025
417 1367
417 1927
418 713
418 901
419 585
419 722
419 1241
419 1325
419 1886
420 776
420 798
420 1550
421 1045
421 1369
421 1426
421 1436
421 1633
422 468
422 543
422 959
422 1238
423 481
423 518
423 875
423 1071
423 1156
424 455
424 463
424 968
424 1112
425 509
425 1298
426 569
426 1422
426 1598
426 1818
427 696
428 689
428 999
428 1404
428 1406
430 926
430 1187
430 1492
431 795
431 1682
431 1787
432 838
432 1483
432 1653
432 1927
433 764
433 1779
434 889
434 991
434 1576
434 1634
435 511
435 1075
436 1661
437 809
437 1156
437 1282
437 1676
438 1119
438 1725
438 1879
439 626
439 766
439 1326
439 1528
439 1558
440 957
440 1336
441 1012
442 1402
442 1545
442 1661
442 1690
443 534
443 588
443 883
443 985
443 1136
444 730
444 751
444 1224
444 1872
444 1961
445 498
445 1233
446 532
446 612
446 703
447 527
447 1804
448 763
448 1205
448 1353
448 1664
449 555
449 1551
449 1890
450 870
450 974
450 989
451 1305
453 723
453 937
454 666
454 1626
455 558
455 1055
455 1058
455 1797
456 1145
456 1898
457 479
457 598
457 786
457 1347
457 1382
457 1441
457 1946
458 1045
458 1711
458 1871
459 794
459 864
459 1453
460 636
461 885
461 1056
461 1270
461 1788
461 1898
462 556
462 783
462 934
462 1887
462 1929
463 1231
463 1921
464 717
465 936
465 1537
466 477
466 608
466 728
466 810
466 925
466 1681
467 483
468 801
468 902
468 1026
468 1413
468 1852
468 1957
469 501
469 538
469 903
469 1207
469 1397
469 1770
469 1901
471 616
471 1103
471 1118
471 1227
471 1457
471 1505
472 885
472 1278
473 987
473 1151
473 1631
474 1120
474 1516
475 639
475 1620
476 1331
476 1472
477 1087
478 1831
478 1927
479 822
479 1509
479 1757
480 1346
481 827
481 1242
481 1562
482 515
482 656
482 1627
482 1680
482 1704
482 1936
483 529
483 1045
483 1259
483 1477
483 1653
483 1734
483 1832
484 1050
484 1324
484 1620
484 1773
485 957
485 1519
486 1737
486 1797
487 656
487 1451
487 1510
487 1710
488 1175
489 1321
490 639
490 1129
490 1222
490 1910
491 555
491 769
491 1174
492 582
492 952
492 1297
492 1834
493 1024
493 1301
494 760
494 791
494 1133
494 1512
494 1590
495 1329
495 1461
496 736
496 1479
497 1240
498 531
498 755
498 942
498 1049
498 1839
499 595
499 968
499 1349
499 1911
500 539
500 1053
500 1157
500 1407
501 514
501 545
501 1019
501 1140
502 764
502 945
502 1048
502 1290
502 1533
502 1657
503 1696
504 764
504 1856
505 1069
505 1638
506 511
506 632
506 1885
507 867
508 731
508 1244
508 1272
508 1544
508 1868
509 610
509 997
509 1100
509 1447
511 768
511 820
511 1130
511 1926
511 1937
512 1442
512 1644
512 1666
512 1957
513 583
513 1082
513 1424
513 1506
513 1774
514 739
514 970
514 1099
514 1507
514 1755
515 537
515 1274
515 1469
515 1814
516 1006
517 638
517 672
517 1194
517 1758
517 1805
518 772
518 777
519 546
520 1524
520 1594
520 1745
521 524
521 1730
521 1770
522 774
522 1676
522 1903
522 1912
523 838
523 919
523 1034
524 623
524 879
524 1173
524 1195
524 1549
526 903
526 1226
526 1827
527 944
527 1100
527 1454
528 834
528 1364
528 1759
528 1962
529 851
529 1455
529 1701
529 1831
530 1099
530 1325
530 1686
532 937
533 598
533 720
533 934
533 1175
533 1364
533 1685
533 1732
534 1044
534 1416
535 629
535 1595
535 1950
536 1492
537 1187
537 1385
537 1525
538 681
538 1617
538 1759
539 679
539 1256
539 1848
540 654
540 1574
541 919
541 1346
541 1626
542 943
542 1166
542 1178
542 1540
543 728
543 1402
543 1785
543 1878
544 1790
546 1095
546 1237
546 1661
546 1869
547 878
547 1284
549 654
549 1152
549 1748
550 605
550 1310
550 1314
550 1329
550 1404
550 1480
550 1997
551 1011
551 1535
551 1913
552 616
552 885
552 1033
552 1283
552 1323
552 1723
554 643
554 1095
555 687
555 932
555 1445
555 1539
555 1591
556 563
556 591
556 676
556 806
557 641
557 701
557 977
557 982
557 1382
557 1482
557 1610
558 1488
558 1960
559 1463
559 1628
560 690
560 1287
561 937
561 1747
562 687
562 941
563 1961
564 665
564 738
564 1155
564 1528
564 1548
565 1676
566 1786
567 1926
568 581
568 1240
568 1544
568 1921
569 570
569 905
570 839
570 1728
571 943
572 1487
572 1499
572 1889
573 863
573 1760
574 1066
574 1434
574 1521
575 1116
575 1238
575 1248
575 1846
576 668
576 774
576 1315
576 1427
577 673
577 699
577 1417
577 1534
578 596
578 1596
579 670
579 1782
579 1881
580 1394
581 1080
581 1419
581 1437
581 1764
582 1336
582 1648
583 801
583 1949
583 1953
584 770
584 1050
584 1334
584 1933
586 1081
586 1218
586 1225
586 1320
587 728
587 1904
588 1581
589 952
589 1948
590 1975
591 1703
591 1928
591 1938
592 638
592 1850
592 1967
593 626
594 1208
594 1712
594 1873
595 602
595 1296
595 1589
595 1725
596 603
597 977
597 1924
598 1488
598 1805
598 1958
599 1895
600 927
600 1062
600 1640
601 704
601 1185
601 1328
601 1659
602 690
602 1061
603 1180
603 1823
604 863
604 1259
604 1794
605 727
605 923
605 1442
605 1571
606 1455
606 1542
606 1697
607 1599
607 1712
607 1867
608 872
608 894
608 900
609 1072
610 1057
610 1960
611 1584
611 1720
612 992
612 1162
612 1834
612 1897
613 1378
614 971
614 1178
614 1913
615 1194
615 1433
616 1184
616 1215
616 1376
616 1950
617 693
617 996
617 1493
617 1866
618 768
618 773
618 892
618 1022
618 1097
619 999
619 1395
619 1701
620 991
620 1346
620 1779
621 795
621 1491
621 1699
621 1729
621 1807
622 1049
622 1146
622 1252
623 727
623 1149
623 1485
624 1857
624 1872
624 1961
625 1352
626 905
626 1033
626 1040
626 1656
626 1674
626 1835
626 1867
626 1984
627 1288
627 1373
627 1724
628 806
628 1198
628 1404
628 1427
628 1574
629 918
629 1969
630 786
630 1190
631 745
631 1453
632 1362
633 1422
633 1940
634 934
634 1429
635 809
635 845
635 1412
636 704
636 1260
637 670
637 1050
638 744
638 915
638 1209
638 1772
639 786
639 1611
640 792
640 931
640 1244
640 1250
640 1574
641 899
641 1705
642 711
642 1486
643 1130
643 1620
643 1934
643 1945
644 1095
644 1956
645 1935
646 1304
646 1521
647 653
647 1866
648 959
648 1204
648 1555
648 1851
649 1134
649 1921
650 776
650 1093
650 1529
650 1705
651 737
651 989
651 1368
651 1801
652 1568
653 825
653 1761
653 1960
654 797
654 930
654 1973
655 984
655 1004
655 1305
655 1338
655 1378
655 1409
655 1564
655 1586
655 1593
656 880
656 1784
656 1852
657 1125
657 1703
657 1768
658 829
658 1054
659 935
660 1281
660 1598
660 1672
662 1263
662 1512
662 1767
663 1380
663 1624
664 1203
664 1630
664 1826
664 1913
664 1982
665 1383
665 1783
666 1247
666 1890
666 1895
666 1957
667 1356
668 1356
668 1572
669 1109
669 1149
669 1824
669 1912
670 738
670 1862
671 851
671 1107
671 1123
671 1197
671 1430
671 1772
672 747
672 771
672 1006
672 1328
672 1440
672 1681
673 1242
673 1308
673 1463
673 1544
673 1548
673 1610
674 861
674 1553
674 1886
674 1967
675 1140
676 754
676 1155
676 1196
676 1842
676 1887
676 1945
677 915
678 1198
678 1470
678 1499
678 1700
679 729
679 1131
679 1217
680 957
680 1489
680 1926
681 1106
681 1344
681 1368
681 1816
681 1828
682 1109
683 1552
684 727
684 840
684 1165
684 1290
685 830
685 1300
685 1455
685 1598
685 1632
685 1716
685 1728
685 1847
686 953
686 1318
686 1901
687 885
687 928
687 983
688 947
688 1174
688 1519
688 1852
689 1295
689 1774
691 1561
691 1733
692 1709
693 834
693 981
693 1008
693 1265
693 1478
694 756
694 1528
694 1683
695 1854
696 810
696 1515
696 1631
696 1701
697 1423
697 1823
697 1873
698 929
698 1115
698 1863
698 1912
699 1652
700 1040
700 1802
701 1089
701 1368
702 724
702 823
702 1678
702 1907
703 779
703 800
703 1202
703 1442
703 1489
703 1861
703 1917
704 1136
704 1507
704 1675
705 813
705 900
705 1717
706 1794
707 1398
707 1426
708 889
708 1683
709 1322
709 1490
709 1841
710 729
710 894
711 1501
711 1694
712 1866
713 904
713 1639
714 863
714 1517
715 947
715 1224
715 1250
715 1917
716 732
716 1617
717 1467
718 1128
718 1376
719 747
719 1023
719 1397
720 1631
720 1807
720 1884
721 751
721 1281
721 1500
721 1937
721 1986
722 761
722 889
722 1379
723 1144
723 1434
724 1010
724 1561
724 1641
724 1650
724 1983
725 786
725 853
725 1649
725 1984
725 1990
726 1082
727 791
727 1028
727 1493
727 1518
727 1521
727 1591
727 1686
727 1798
728 797
728 926
728 1544
728 1833
728 1894
729 844
729 849
729 1137
729 1219
729 1566
730 1213
730 1720
731 1084
731 1118
732 1097
732 1658
732 1839
732 1873
733 1486
734 1052
734 1279
734 1353
734 1508
734 1622
735 1090
736 961
736 1266
736 1296
736 1756
738 779
738 936
738 1147
738 1314
739 1501
740 1966
741 846
741 1443
741 1708
742 919
742 1849
742 1921
743 886
744 1344
744 1465
744 1565
744 1732
744 1989
745 1956
746 1351
747 955
747 1065
747 1148
747 1369
747 1805
747 1829
749 1562
749 1974
751 1643
751 1997
752 1165
752 1178
752 1410
752 1616
752 1825
753 965
754 1241
754 1447
755 1864
755 1904
756 1355
757 1028
758 1189
758 1800
759 836
759 1335
759 1348
759 1359
759 1774
759 1896
760 886
760 1580
760 1817
761 1880
762 769
763 1360
763 1385
763 1671
763 1846
763 1925
764 1171
764 1255
764 1256
764 1880
765 973
765 1230
765 1466
765 1615
766 1096
766 1179
767 872
767 1664
768 1074
768 1662
769 929
769 1148
769 1183
770 835
770 1216
770 1261
770 1548
772 838
772 1572
773 903
773 1572
773 1984
774 1583
775 819
775 1026
775 1570
776 965
776 1662
777 1820
777 1826
778 1112
778 1429
778 1532
779 1820
780 829
780 1132
780 1522
780 1558
780 1824
781 952
781 1037
781 1057
781 1303
781 1569
781 1660
782 1399
782 1853
783 1043
783 1735
784 1797
784 1867
784 1879
785 872
785 906
785 1616
785 1868
786 841
786 1039
786 1094
786 1613
786 1936
787 1153
788 844
788 1638
789 1091
789 1887
790 1991
791 886
791 941
791 1170
791 1818
792 1102
792 1434
794 1340
794 1454
794 1707
794 1730
795 809
795 1131
795 1268
795 1481
796 1382
796 1548
796 1621
797 1215
797 1649
797 1895
797 1916
798 1019
798 1214
798 1297
798 1339
799 989
799 1415
799 1839
800 1858
801 1109
801 1414
802 1746
803 916
804 1224
804 1769
804 1820
805 1116
806 950
806 1142
806 1838
807 1761
808 1133
808 1258
808 1377
809 903
809 1380
810 1153
812 1039
812 1186
812 1484
814 1822
814 1928
815 1336
815 1962
816 1130
816 1653
817 1703
817 1957
818 1192
818 1414
818 1604
819 1656
820 1119
820 1138
820 1367
821 1041
821 1059
821 1449
821 1899
821 1926
822 1021
822 1564
822 1675
823 1033
824 1139
824 1936
825 1316
825 1619
825 1949
825 1987
825 1999
826 1080
826 1364
826 1501
827 1094
827 1772
828 1813
829 1059
830 1330
830 1902
830 1969
831 1771
832 982
832 1742
832 1937
833 920
833 1195
834 971
835 1314
835 1355
836 880
836 945
836 962
836 1513
836 1957
837 985
837 1651
837 1823
837 1970
838 990
838 1869
839 1070
841 1808
841 1923
842 1208
842 1637
843 1287
843 1878
844 1631
845 921
845 1360
846 917
846 954
846 1171
846 1338
846 1783
846 1977
847 1130
847 1349
847 1834
848 1259
848 1977
849 905
849 1156
850 1718
850 1850
850 1967
851 1168
851 1783
852 940
852 1016
852 1175
853 873
853 961
854 909
855 950
855 1523
855 1640
856 857
856 973
856 1342
857 1235
857 1591
857 1802
858 935
858 980
858 1264
858 1687
859 1810
860 989
860 1088
860 1401
860 1822
860 1845
861 1473
862 947
862 1611
862 1654
862 1790
863 1116
863 1194
863 1285
863 1759
864 1117
864 1139
865 1032
865 1652
866 994
866 1764
867 881
867 1648
869 982
869 1244
869 1337
870 1156
870 1450
870 1994
871 1904
872 1004
872 1924
873 925
873 1253
873 1885
874 1766
876 1133
876 1624
876 1685
876 1790
877 1463
877 1557
878 974
878 1090
878 1884
879 1010
879 1197
879 1389
879 1855
879 1907
880 985
880 1257
881 882
881 1569
882 893
882 1118
882 1973
883 1763
883 1780
884 1698
884 1958
885 954
885 1564
885 1792
885 1993
886 1124
886 1309
886 1877
887 1180
887 1303
887 1478
887 1546
887 1800
887 1993
888 1333
888 1475
889 1397
889 1846
890 1099
890 1599
891 911
891 1066
891 1180
891 1263
891 1285
892 1495
893 1537
894 1791
895 1103
895 1572
895 1673
896 1208
897 1289
898 1022
899 1404
899 1602
900 995
900 1462
900 1976
901 1109
901 1359
901 1643
904 983
904 1193
904 1905
905 1068
905 1355
905 1650
906 1343
907 1836
907 1868
908 950
908 996
908 1056
908 1108
908 1122
908 1142
908 1239
908 1626
909 1045
909 1198
909 1684
910 1119
910 1604
911 1988
912 1280
913 1615
914 1288
914 1732
914 1903
915 955
915 1023
915 1618
916 1903
917 1152
917 1642
917 1747
918 997
918 1043
919 1011
919 1625
922 1887
923 962
923 1199
923 1357
923 1553
924 1158
924 1182
924 1531
924 1543
925 953
925 1209
925 1289
925 1333
925 1973
926 1151
926 1523
926 1718
928 1067
928 1262
929 1900
930 1205
930 1223
930 1453
930 1697
930 1707
930 1763
930 1960
931 1066
931 1620
931 1981
932 1599
933 973
933 1483
933 1797
933 1979
934 1105
934 1359
934 1369
934 1723
935 1116
936 1046
936 1447
936 1652
937 1775
938 1967
939 981
939 1460
939 1672
939 1962
940 988
940 1054
940 1109
940 1122
941 1247
941 1758
942 1609
942 1647
942 1789
943 1073
944 1173
944 1295
944 1566
944 1620
945 948
945 1466
947 1122
947 1760
948 1050
949 1367
949 1394
950 1831
951 1525
951 1817
951 1838
952 1138
952 1345
952 1615
952 1707
952 1777
953 1755
954 1052
954 1230
954 1475
954 1707
954 1984
955 1079
955 1159
955 1706
955 1794
957 1177
957 1309
957 1846
957 1985
958 1617
958 1639
959 1396
960 1035
960 1366
960 1822
961 1112
961 1200
961 1421
961 1591
962 1010
962 1557
962 1787
962 1873
963 1041
963 1164
963 1199
963 1205
963 1574
964 1892
964 1994
965 1286
965 1324
966 1851
966 1976
966 1996
967 1149
968 1371
968 1862
969 1155
969 1234
970 1222
970 1561
970 1680
970 1806
971 1052
971 1442
971 1603
972 1148
972 1757
972 1787
973 1131
973 1734
973 1906
974 1185
975 1631
975 1762
976 1940
977 1020
977 1724
978 986
978 1351
979 1138
979 1184
979 1309
979 1375
979 1938
980 1416
980 1763
981 1293
982 1096
982 1605
982 1931
983 1896
984 1102
984 1223
984 1547
984 1818
985 1653
987 993
987 1100
987 1650
988 1506
988 1709
988 1810
988 1939
989 1560
989 1739
990 1460
990 1694
991 1774
991 1857
992 1603
993 1275
993 1748
994 1087
995 1042
995 1348
996 1260
997 1015
997 1050
997 1103
998 1884
999 1192
999 1309
999 1406
999 1489
1001 1563
1001 1995
1002 1968
1003 1377
1003 1733
1004 1193
1004 1263
1004 1295
1005 1228
1005 1390
1005 1935
1006 1647
1011 1242
1011 1316
1011 1477
1011 1657
1012 1678
1013 1879
1013 1963
1014 1109
1014 1674
1016 1293
1016 1625
1017 1186
1018 1302
1019 1559
1020 1868
1021 1064
1021 1701
1022 1177
1022 1567
1023 1446
1024 1274
1024 1318
1025 1202
1025 1513
1026 1126
1026 1172
1026 1442
1026 1510
1027 1213
1027 1742
1028 1077
1029 1077
1029 1869
1030 1083
1030 1159
1030 1540
1031 1160
1031 1650
1032 1191
1032 1284
1032 1548
1032 1838
1033 1279
1034 1352
1034 1407
1034 1610
1035 1524
1035 1961
1036 1470
1036 1505
1037 1197
1037 1512
1037 1786
1038 1196
1038 1224
1039 1151
1039 1708
1039 1765
1039 1790
1040 1212
1041 1136
1041 1175
1041 1238
1041 1316
1041 1464
1041 1499
1042 1110
1042 1855
1043 1433
1043 1517
1043 1824
1043 1955
1044 1111
1044 1126
1044 1235
1044 1304
1044 1425
1045 1068
1045 1636
1047 1870
1048 1402
1049 1875
1050 1178
1050 1781
1050 1900
1051 1304
1051 1554
1052 1150
1052 1443
1053 1098
1054 1564
1055 1384
1055 1402
1055 1646
1055 1668
1056 1157
1057 1211
1057 1336
1057 1471
1057 1999
1058 1672
1059 1308
1060 1215
1060 1267
1060 1703
1061 1418
1062 1304
1063 1121
1063 1323
1064 1916
1067 1078
1067 1745
1067 1758
1067 1997
1068 1307
1069 1842
1070 1177
1071 1769
1072 1516
1072 1912
1073 1164
1073 1331
1073 1954
1074 1465
1074 1657
1074 1958
1075 1161
1075 1238
1075 1355
1075 1941
1075 1984
1076 1180
1076 1194
1076 1390
1076 1404
1077 1311
1077 1396
1078 1772
1079 1087
1079 1377
1079 1508
1080 1483
1080 1522
1081 1313
1081 1964
1082 1085
1082 1224
1082 1293
1082 1745
1082 1888
1084 1414
1085 1137
1085 1786
1086 1208
1088 1134
1088 1670
1088 1723
1089 1228
1090 1600
1090 1646
1091 1163
1092 1206
1094 1802
1095 1946
1096 1421
1096 1457
1096 1542
1096 1886
1097 1119
1097 1157
1098 1561
1098 1700
1098 1807
1099 1173
1100 1289
1100 1465
1100 1899
1101 1543
1101 1602
1102 1221
1102 1778
1103 1444
1103 1463
1104 1439
1104 1732
1105 1937
1106 1604
1107 1294
1107 1304
1108 1285
1108 1298
1110 1279
1111 1450
1111 1708
1111 1887
1112 1929
1113 1246
1113 1889
1114 1740
1114 1963
1115 1630
1116 1467
1117 1957
1118 1385
1119 1753
1120 1377
1120 1792
1121 1734
1122 1752
1123 1339
1123 1542
1123 1793
1124 1914
1126 1410
1126 1569
1128 1512
1128 1608
1128 1946
1130 1131
1131 1745
1131 1945
1132 1469
1132 1882
1133 1606
1133 1937
1136 1379
1136 1515
1136 1815
1136 1976
1137 1183
1137 1612
1138 1401
1138 1465
1139 1526
1139 1594
1139 1823
1139 1829
1140 1533
1141 1393
1142 1766
1143 1714
1144 1854
1145 1268
1145 1478
1146 1241
1147 1518
1147 1584
1147 1746
1149 1264
1149 1541
1149 1993
1150 1316
1150 1643
1150 1754
1150 1774
1150 1776
1151 1210
1151 1336
1151 1391
1151 1656
1151 1732
1151 1801
1152 1184
1153 1269
1153 1609
1154 1576
1154 1671
1154 1984
1156 1601
1156 1633
1157 1192
1157 1559
1157 1609
1159 1782
1159 1958
1159 1989
1160 1811
1162 1207
1162 1934
1164 1967
1167 1182
1167 1225
1167 1507
1167 1577
1167 1773
1167 1833
1168 1334
1168 1578
1168 1810
1168 1835
1169 1763
1169 1784
1170 1691
1170 1984
1172 1238
1172 1957
1173 1593
1174 1743
1175 1727
1175 1855
1176 1284
1176 1424
1176 1689
1176 1753
1178 1577
1178 1727
1178 1986
1179 1632
1180 1198
1180 1263
1180 1807
1180 1922
1180 1996
1181 1251
1181 1358
1182 1358
1182 1454
1182 1686
1182 1698
1183 1692
1184 1325
1184 1856
1186 1836
1187 1389
1188 1694
1188 1745
1188 1833
1190 1520
1190 1836
1190 1885
1192 1587
1192 1719
1192 1798
1194 1483
1195 1991
1197 1555
1197 1611
1198 1904
1200 1239
1200 1579
1200 1685
1202 1878
1203 1489
1205 1626
1206 1570
1206 1996
1208 1375
1208 1934
1209 1813
1210 1640
1211 1231
1211 1268
1211 1901
1212 1749
1213 1934
1214 1307
1214 1344
1214 1467
1214 1841
1215 1553
1216 1417
1216 1535
1216 1544
1216 1672
1216 1862
1217 1941
1218 1330
1218 1773
1219 1290
1220 1275
1220 1362
1221 1584
1222 1450
1222 1827
1223 1266
1223 1825
1227 1919
1229 1546
1229 1792
1229 1811
1229 1927
1230 1390
1230 1535
1230 1627
1231 1504
1233 1701
1233 1836
1233 1854
1233 1993
1237 1605
1238 1675
1240 1415
1240 1645
1240 1652
1240 1674
1241 1400
1241 1402
1241 1840
1242 1618
1243 1527
1244 1689
1244 1690
1245 1376
1246 1307
1246 1416
1247 1391
1247 1747
1249 1498
1249 1651
1249 1735
1250 1674
1251 1415
1251 1721
1252 1356
1252 1372
1254 1330
1255 1408
1255 1430
1255 1737
1255 1919
1256 1455
1256 1707
1261 1417
1262 1343
1262 1751
1263 1498
1263 1521
1263 1724
1264 1946
1265 1423
1265 1476
1265 1674
1265 1678
1265 1710
1267 1895
1268 1776
1269 1331
1269 1863
1269 1990
1270 1584
1270 1901
1271 1716
1271 1800
1273 1948
1275 1780
1276 1507
1276 1536
1276 1876
1276 1900
1276 1958
1277 1700
1277 1777
1278 1383
1278 1482
1278 1881
1279 1637
1279 1655
1279 1782
1279 1864
1280 1304
1280 1315
1280 1738
1281 1477
1281 1693
1282 1859
1283 1869
1284 1369
1284 1488
1284 1494
1285 1576
1285 1662
1285 1807
1286 1390
1288 1451
1289 1354
1289 1706
1289 1997
1290 1356
1293 1448
1294 1857
1296 1539
1296 1821
1297 1731
1298 1365
1299 1599
1300 1376
1300 1499
1300 1941
1300 1960
1301 1320
1301 1551
1301 1593
1301 1752
1302 1537
1303 1416
1303 1703
1304 1407
1305 1328
1305 1744
1305 1770
1306 1394
1310 1581
1310 1783
1310 1891
1313 1528
1313 1859
1314 1425
1314 1627
1315 1519
1315 1544
1315 1829
1315 1839
1317 1351
1318 1813
1321 1535
1325 1546
1325 1810
1326 1412
1326 1499
1326 1798
1329 1449
1330 1562
1330 1563
1330 1603
1330 1651
1331 1516
1332 1609
1332 1636
1332 1780
1333 1672
1333 1781
1333 1891
1335 1515
1335 1737
1336 1375
1337 1690
1337 1765
1338 1963
1339 1603
1341 1394
1341 1453
1341 1560
1342 1648
1342 1840
1343 1587
1344 1940
1345 1396
1345 1693
1346 1720
1347 1598
1349 1522
1350 1471
1351 1575
1353 1583
1353 1612
1354 1770
1355 1501
1355 1559
1356 1727
1357 1809
1359 1362
1359 1412
1360 1540
1362 1934
1363 1888
1365 1654
1367 1401
1367 1733
1368 1769
1369 1565
1370 1424
1370 1757
1370 1784
1371 1611
1371 1708
1372 1850
1373 1470
1373 1778
1375 1603
1375 1678
1376 1832
1380 1444
1380 1995
1382 1617
1382 1889
1383 1838
1384 1557
1385 1889
1385 1899
1386 1532
1386 1960
1388 1903
1389 1873
1390 1397
1390 1731
1390 1942
1391 1644
1391 1800
1391 1936
1391 1976
1394 1418
1394 1693
1395 1431
1395 1954
1398 1521
1398 1839
1399 1642
1399 1952
1400 1407
1400 1671
1400 1874
1402 1832
1402 1850
1403 1433
1404 1677
1404 1976
1405 1428
1406 1588
1408 1847
1408 1950
1409 1761
1413 1538
1413 1707
1413 1710
1414 1486
1415 1526
1418 1746
1419 1803
1419 1832
1419 1869
1421 1533
1421 1583
1423 1506
1423 1670
1424 1565
1425 1803
1425 1856
1427 1629
1430 1743
1432 1436
1433 1558
1433 1794
1434 1448
1436 1484
1436 1532
1436 1564
1436 1615
1436 1743
1439 1512
1440 1998
1441 1847
1442 1884
1442 1926
1443 1699
1444 1802
1444 1830
1445 1536
1445 1691
1449 1616
1449 1816
1450 1543
1450 1659
1452 1562
1452 1685
1452 1710
1454 1784
1459 1648
1459 1981
1460 1543
1465 1565
1466 1538
1467 1816
1468 1814
1469 1514
1469 1771
1469 1850
1470 1587
1471 1938
1471 1961
1474 1738
1478 1971
1480 1617
1481 1607
1481 1763
1482 1887
1483 1530
1483 1640
1483 1885
1485 1865
1487 1652
1489 1901
1489 1923
1492 1803
1494 1776
1494 1938
1495 1653
1497 1855
1499 1700
1499 1709
1501 1929
1503 1529
1504 1536
1505 1630
1506 1769
1507 1610
1507 1890
1508 1709
1508 1958
1509 1821
1510 1552
1511 1724
1511 1918
1513 1536
1515 1670
1516 1520
1516 1581
1517 1677
1517 1802
1519 1894
1520 1590
1522 1551
1522 1868
1523 1630
1523 1973
1523 1974
1525 1749
1530 1573
1531 1805
1531 1816
1532 1920
1533 1964
1537 1781
1538 1720
1539 1574
1541 1600
1545 1555
1545 1772
1545 1778
1546 1950
1547 1646
1547 1805
1550 1688
1550 1980
1552 1673
1553 1693
1553 1759
1553 1907
1554 1597
1554 1619
1556 1565
1556 1830
1557 1581
1558 1684
1558 1726
1559 1860
1560 1989
1561 1677
1562 1734
1563 1877
1564 1947
1565 1707
1571 1883
1572 1671
1574 1971
1576 1650
1577 1750
1578 1788
1579 1903
1580 1940
1582 1861
1582 1888
1583 1840
1588 1716
1588 1806
1589 1928
1589 1954
1592 1613
1593 1761
1594 1703
1594 1793
1595 1613
1597 1630
1597 1791
1599 1963
1601 1621
1601 1882
1601 1920
1602 1616
1603 1997
1604 1933
1607 1624
1608 1630
1608 1770
1610 1713
1610 1742
1610 1743
1612 1960
1613 1724
1613 1822
1615 1830
1617 1729
1617 1740
1619 1686
1620 1804
1620 1875
1621 1863
1622 1747
1622 1822
1622 1866
1625 1984
1628 1652
1628 1945
1629 1697
1629 1924
1630 1888
1630 1928
1634 1684
1634 1995
1638 1776
1640 1746
1643 1827
1646 1908
1646 1988
1647 1673
1649 1736
1649 1897
1650 1765
1650 1944
1664 1794
1664 1905
1664 1985
1665 1974
1669 1687
1670 1795
1674 1821
1681 1740
1684 1971
1685 1736
1687 1962
1691 1936
1692 1917
1693 1987
1694 1917
1695 1897
1695 1999
1697 1950
1699 1720
1699 1809
1701 1811
1704 1866
1706 1721
1706 1864
1712 1933
1712 1992
1713 1777
1713 1832
1725 1955
1728 1944
1734 1985
1736 1977
1738 1766
1740 1771
1741 1979
1744 1754
1744 1761
1744 1992
1746 1882
1747 1796
1747 1873
1751 1852
1751 1855
1753 1885
1753 1914
1763 1984
1765 1914
1765 1929
1766 1924
1767 1970
1768 1984
1778 1826
1779 1879
1779 1891
1783 1958
1785 1975
1786 1792
1786 1852
1786 1854
1787 1904
1791 1984
1792 1840
1793 1857
1793 1926
1798 1968
1800 1946
1802 1995
1803 1928
1803 1979
1809 1992
1811 1910
1812 1909
1819 1885
1826 1918
1828 1932
1829 1843
1846 1996
1849 1871
1850 1932
1854 1921
1854 1930
1867 1971
1876 1976
1884 1966
1888 1969
1892 1932
1893 1897
1898 1965
1911 1992
1915 1962
1920 1945
1921 1929
1927 1964
1927 1986
1933 1961
1937 1980
1939 1942
1961 1972
