0 114
0 139
0 221
0 396
1 93
1 311
1 357
1 487
2 102
2 206
2 257
2 496
3 105
3 139
3 322
3 359
3 370
4 130
4 186
4 257
4 307
4 353
4 406
4 490
5 77
5 145
5 372
5 430
6 64
6 85
6 92
6 266
6 447
6 455
6 498
7 31
7 177
7 403
7 453
8 39
8 213
8 322
8 364
8 374
8 390
8 464
9 70
9 140
9 199
9 245
9 499
10 174
10 202
10 230
10 262
10 481
11 161
11 325
11 336
11 449
12 38
12 44
12 195
12 207
12 219
12 256
12 342
12 432
13 143
13 414
14 26
14 215
14 343
14 404
14 456
14 469
15 264
15 411
15 442
16 272
16 297
16 300
16 312
16 318
16 432
16 449
17 29
17 104
17 128
17 307
17 325
18 420
18 448
19 53
19 67
19 459
20 56
20 191
21 38
21 50
21 201
21 233
22 205
22 301
22 481
23 144
23 271
25 86
25 123
26 90
26 328
27 271
27 468
28 247
28 272
29 38
29 288
29 466
30 324
30 394
32 53
32 328
32 362
32 478
33 62
33 79
34 236
34 255
34 348
34 445
34 463
35 167
35 331
35 467
36 91
36 254
36 268
36 285
37 153
37 192
37 227
37 266
37 288
37 317
37 424
38 53
38 197
38 198
38 323
38 449
38 462
39 199
39 221
39 253
39 276
39 281
39 303
39 405
40 55
40 239
41 113
41 185
41 210
41 381
41 429
41 451
42 112
42 124
43 184
43 236
43 271
43 363
44 254
45 103
45 140
45 420
45 445
46 119
46 182
46 187
46 218
46 487
47 407
47 459
48 135
48 223
48 319
48 345
48 471
48 498
49 167
49 341
49 389
50 148
50 163
51 87
51 285
51 290
51 367
51 449
52 111
52 129
52 204
52 234
52 239
53 314
54 58
54 138
54 398
55 105
55 176
55 492
56 323
56 418
57 135
57 343
57 379
57 386
57 494
58 130
58 374
59 76
59 114
59 261
59 268
59 306
59 307
59 428
59 454
59 468
60 268
60 349
60 387
60 485
61 251
61 310
61 315
61 369
61 413
61 481
62 177
62 282
62 422
62 462
62 467
64 86
64 122
64 156
64 217
64 493
65 82
65 100
65 292
65 373
65 378
66 131
66 217
66 290
66 488
67 147
67 226
67 314
68 197
68 240
68 287
68 392
68 430
69 149
69 221
69 346
69 412
70 98
70 115
70 129
70 388
70 397
70 451
71 108
71 131
71 329
71 337
71 453
71 489
72 153
72 439
73 93
73 234
73 383
73 468
74 77
74 176
74 340
74 350
74 357
74 460
75 130
75 236
75 300
75 331
75 491
76 260
77 246
77 261
77 426
78 170
78 241
79 158
80 86
80 111
80 258
80 290
80 351
80 414
80 423
80 498
81 306
82 86
82 166
82 448
82 470
83 84
83 409
83 444
84 108
84 119
84 225
84 398
85 313
85 390
86 197
86 234
86 383
86 498
87 297
88 150
88 176
88 407
88 426
89 95
89 115
89 272
89 290
89 325
89 444
91 115
91 350
91 404
92 95
92 134
92 178
92 282
92 407
93 100
93 137
93 389
94 101
94 373
94 385
94 452
95 104
95 112
95 121
95 246
95 360
95 427
96 246
96 254
96 373
96 418
96 424
96 441
96 479
97 144
97 171
97 194
97 387
97 463
98 132
98 254
98 414
99 184
99 241
99 264
99 424
99 469
101 191
101 330
101 374
101 459
102 154
102 296
103 146
103 182
103 209
103 353
103 377
103 430
104 139
104 207
104 309
104 320
104 436
104 451
105 392
106 123
106 203
106 293
106 305
107 113
107 343
107 387
108 124
108 431
109 121
109 178
109 415
110 222
110 448
111 207
111 211
111 442
112 368
112 496
113 491
114 244
114 264
114 483
115 210
115 262
115 430
116 467
117 175
117 247
117 389
118 216
118 366
120 173
120 263
120 496
121 123
121 204
121 212
121 366
121 376
122 157
122 160
122 191
122 287
123 286
123 429
123 475
124 183
124 191
125 283
125 336
126 184
126 194
126 266
126 288
126 444
127 185
127 373
128 293
129 390
130 179
130 193
130 221
130 318
130 422
131 363
131 450
132 160
132 262
132 296
132 369
132 421
133 281
133 328
133 330
133 353
134 181
134 194
136 212
136 381
136 458
137 264
137 440
138 203
138 217
138 321
138 353
139 232
139 457
140 239
141 166
141 226
142 176
142 335
143 426
144 393
144 444
144 485
145 227
146 179
146 441
147 252
148 369
149 318
149 389
149 470
150 436
150 451
151 401
151 499
152 282
153 181
153 305
153 308
153 309
153 334
154 214
154 267
154 317
154 397
155 205
155 403
155 443
156 189
156 194
156 319
156 372
157 380
157 471
157 478
158 486
159 293
159 295
159 443
160 170
160 375
161 434
162 165
162 172
163 304
163 350
163 386
163 433
163 436
164 328
164 449
164 465
166 169
166 195
166 331
167 484
168 399
168 422
168 492
170 199
170 293
170 306
171 242
171 305
171 413
172 197
172 303
172 347
172 351
173 252
173 320
174 287
174 408
174 413
175 482
176 252
176 413
177 256
177 286
177 353
178 276
179 276
179 335
180 225
180 454
180 498
181 436
182 281
182 305
182 345
182 366
183 188
183 231
183 353
184 214
184 346
185 319
185 467
186 189
186 252
187 255
187 264
187 390
187 471
188 285
188 312
189 279
189 292
189 300
190 241
190 278
190 354
190 430
190 484
191 300
191 487
192 288
192 406
193 230
193 459
194 344
194 369
194 418
194 427
195 204
195 336
195 381
198 205
198 416
198 424
198 430
198 490
199 258
200 264
200 265
200 476
201 271
201 377
201 406
201 478
202 451
203 368
203 377
203 469
204 470
205 232
205 303
205 379
205 382
205 405
205 458
205 493
206 250
206 321
207 263
208 263
208 309
208 371
208 444
208 459
209 246
209 311
209 347
210 318
211 359
212 266
212 282
212 409
212 475
213 255
213 263
213 433
214 471
215 407
216 241
216 360
216 437
217 488
218 240
219 221
219 437
220 234
220 276
220 361
220 408
221 309
222 255
222 328
222 374
222 481
223 274
223 288
223 389
223 448
224 417
224 479
225 392
226 271
226 325
226 443
227 233
227 421
227 444
227 468
227 487
228 316
228 361
228 410
229 258
229 281
229 307
230 246
230 251
230 324
230 331
230 339
230 434
231 345
231 395
231 409
231 457
232 272
232 276
232 385
232 399
232 425
232 460
234 472
234 476
235 266
235 345
235 406
235 483
238 280
238 334
238 341
238 370
238 414
238 448
239 438
239 448
239 486
240 248
240 295
240 366
241 311
241 402
241 415
242 307
242 481
244 360
245 300
245 402
246 287
246 326
247 305
247 317
247 370
250 459
251 265
251 404
251 423
252 256
252 261
252 405
252 480
252 486
253 425
254 267
254 293
255 260
255 266
255 388
255 486
256 323
256 358
257 310
257 456
258 377
259 268
259 304
259 437
260 273
260 423
260 490
261 371
261 449
261 486
263 293
263 401
263 424
263 428
263 476
264 346
264 347
265 287
265 349
265 428
266 433
270 487
271 272
271 284
271 366
271 420
273 318
273 424
275 299
275 329
275 333
275 469
276 301
278 346
278 351
278 491
279 281
279 452
280 441
282 299
284 320
289 392
290 406
290 437
291 382
291 414
292 432
293 300
293 372
293 377
293 485
294 351
295 359
295 439
297 470
297 481
297 491
298 460
298 464
298 484
300 318
300 367
300 393
300 424
301 480
303 307
304 417
304 439
304 441
304 447
305 377
306 422
306 436
307 312
307 480
309 343
309 447
309 455
309 476
310 328
311 357
311 423
312 407
312 416
312 458
312 460
313 320
313 365
313 381
314 381
314 391
314 496
315 336
317 469
318 357
318 416
319 414
323 328
324 363
326 418
326 489
327 433
327 438
329 397
329 489
330 363
330 417
330 447
331 380
331 393
332 378
332 400
332 480
333 473
335 346
336 490
337 457
339 340
339 432
340 401
344 430
345 369
345 420
345 423
345 436
346 438
347 450
348 447
350 352
350 476
351 360
352 402
353 445
354 408
355 377
357 416
359 362
359 384
361 418
361 479
362 468
365 387
365 401
365 434
365 478
365 497
367 368
367 455
367 481
368 392
368 487
369 425
371 449
372 446
374 377
374 468
376 403
377 404
377 420
377 427
378 444
378 454
378 487
379 389
379 473
381 389
381 448
381 478
382 485
385 396
385 434
387 488
388 425
389 398
391 435
391 462
392 414
392 490
395 408
395 410
395 411
395 476
396 450
396 459
397 440
398 493
400 440
401 422
402 409
402 468
403 427
403 493
404 472
405 417
407 438
408 454
409 479
410 498
411 440
411 469
412 442
413 457
414 462
418 421
420 454
420 480
424 479
427 465
429 490
431 492
433 485
433 499
438 488
441 454
441 460
443 484
444 454
444 485
445 467
445 475
445 489
446 476
446 493
450 460
451 482
460 483
461 471
462 491
468 494
469 497
477 485
482 494
492 495
493 494
