0 1
0 2
0 3
0 4
0 5
0 6
0 8
0 9
0 10
0 13
0 14
0 15
0 17
0 19
0 20
0 23
0 24
0 25
0 26
0 27
0 28
0 29
0 32
0 33
0 35
0 36
0 39
0 40
0 41
0 42
0 43
0 44
0 45
0 50
0 51
0 54
0 57
0 61
0 63
0 64
0 67
0 75
0 77
0 78
0 83
0 87
0 92
0 95
0 98
0 99
0 100
0 105
0 108
0 111
0 120
0 124
0 125
0 127
0 134
0 142
0 147
0 166
0 172
0 173
0 175
0 176
0 177
0 182
0 183
0 186
0 194
0 199
0 206
0 215
0 217
0 223
0 225
0 226
0 228
0 239
0 240
0 246
0 250
0 254
0 255
0 258
0 261
0 263
0 265
0 281
0 284
0 289
0 290
0 291
0 292
0 296
0 298
0 302
0 304
0 309
0 312
0 313
0 315
0 318
0 321
0 323
0 325
0 326
0 328
0 332
0 339
0 345
0 350
0 351
0 352
0 355
0 357
0 358
0 365
0 367
0 376
0 378
0 382
0 390
0 393
0 395
0 396
0 399
0 400
0 405
0 410
0 415
0 418
0 429
0 438
0 445
0 453
0 454
0 462
0 468
0 481
0 498
0 501
0 508
0 509
0 520
0 521
0 522
0 523
0 525
0 533
0 548
0 551
0 552
0 560
0 563
0 568
0 570
0 581
0 583
0 592
0 595
0 599
0 605
0 608
0 609
0 611
0 617
0 626
0 628
0 630
0 632
0 648
0 649
0 664
0 669
0 676
0 681
0 683
0 695
0 698
0 704
0 708
0 710
0 716
0 723
0 742
0 755
0 764
0 765
0 771
0 773
0 777
0 781
0 782
0 785
0 793
0 794
0 795
0 796
0 800
0 811
0 813
0 814
0 840
0 845
0 856
0 862
0 863
0 867
0 876
0 882
0 889
0 896
0 901
0 903
0 912
0 931
0 959
0 967
0 970
0 975
0 981
1 2
1 4
1 8
1 9
1 16
1 25
1 34
1 40
1 48
1 53
1 55
1 59
1 70
1 75
1 83
1 90
1 109
1 117
1 123
1 126
1 128
1 139
1 143
1 168
1 180
1 197
1 236
1 242
1 251
1 261
1 267
1 286
1 287
1 294
1 297
1 306
1 313
1 324
1 346
1 377
1 383
1 405
1 420
1 461
1 491
1 521
1 539
1 566
1 575
1 602
1 606
1 614
1 625
1 640
1 676
1 688
1 707
1 710
1 732
1 807
1 810
1 836
1 920
1 935
1 943
1 957
1 964
2 3
2 5
2 11
2 16
2 18
2 24
2 79
2 84
2 102
2 128
2 152
2 193
2 198
2 205
2 224
2 259
2 299
2 301
2 323
2 337
2 368
2 428
2 442
2 458
2 499
2 537
2 596
2 607
2 610
2 615
2 641
2 686
2 691
2 698
2 738
2 751
2 759
2 777
2 783
2 909
2 958
2 971
4 28
4 30
4 49
4 80
4 174
4 227
4 229
4 237
4 384
4 397
4 480
4 586
4 631
4 661
4 708
4 743
4 832
4 866
4 878
4 926
4 972
5 6
5 7
5 14
5 26
5 30
5 33
5 35
5 37
5 46
5 59
5 60
5 65
5 68
5 76
5 85
5 88
5 110
5 119
5 131
5 153
5 156
5 161
5 165
5 171
5 190
5 210
5 211
5 265
5 332
5 343
5 374
5 375
5 376
5 378
5 380
5 448
5 480
5 488
5 507
5 510
5 523
5 527
5 551
5 562
5 603
5 677
5 686
5 713
5 762
5 764
5 767
5 774
5 849
5 866
5 881
5 886
5 926
5 953
5 992
6 7
6 11
6 37
6 58
6 69
6 73
6 97
6 122
6 124
6 169
6 173
6 192
6 230
6 315
6 327
6 347
6 392
6 401
6 441
6 444
6 446
6 532
6 739
6 778
6 915
7 10
7 12
7 13
7 15
7 18
7 20
7 22
7 31
7 43
7 47
7 52
7 54
7 55
7 60
7 62
7 63
7 68
7 71
7 72
7 76
7 81
7 91
7 110
7 113
7 122
7 129
7 140
7 154
7 159
7 162
7 163
7 164
7 175
7 181
7 182
7 185
7 188
7 210
7 212
7 216
7 223
7 226
7 232
7 234
7 239
7 244
7 249
7 252
7 257
7 264
7 269
7 287
7 295
7 307
7 312
7 325
7 374
7 388
7 391
7 396
7 415
7 426
7 436
7 442
7 456
7 457
7 469
7 486
7 491
7 542
7 547
7 574
7 579
7 586
7 596
7 602
7 604
7 610
7 627
7 633
7 637
7 642
7 643
7 684
7 712
7 726
7 770
7 781
7 802
7 812
7 828
7 835
7 859
7 869
7 881
7 885
7 887
7 934
7 985
8 21
8 137
8 258
8 519
9 27
9 50
9 156
9 368
9 455
9 840
10 34
10 45
10 84
10 100
10 133
10 149
10 152
10 167
10 222
10 253
10 302
10 358
10 497
10 499
10 635
10 694
10 787
10 789
10 862
10 875
10 897
11 12
11 32
11 160
11 214
11 218
11 224
11 235
11 280
11 303
11 310
11 356
11 482
11 559
11 568
11 639
11 707
11 721
11 904
11 961
12 17
12 22
12 87
12 91
12 94
12 96
12 140
12 177
12 191
12 195
12 249
12 404
12 423
12 454
12 461
12 463
12 502
12 546
12 588
12 631
12 643
12 695
12 841
12 911
12 917
13 38
13 61
13 72
13 77
13 132
13 183
13 207
13 236
13 254
13 430
13 453
13 469
13 473
13 529
13 590
13 667
13 711
13 724
13 726
13 748
13 846
13 860
14 19
14 21
14 23
14 29
14 31
14 38
14 42
14 49
14 62
14 71
14 86
14 89
14 101
14 104
14 113
14 118
14 147
14 196
14 203
14 208
14 209
14 220
14 222
14 232
14 241
14 252
14 263
14 266
14 276
14 278
14 279
14 282
14 283
14 289
14 308
14 342
14 344
14 347
14 361
14 371
14 418
14 444
14 449
14 475
14 540
14 571
14 590
14 597
14 617
14 626
14 644
14 648
14 665
14 687
14 688
14 702
14 706
14 718
14 762
14 788
14 797
14 806
14 810
14 833
14 838
14 847
14 854
14 855
14 892
14 893
14 897
14 918
14 969
14 996
15 52
15 57
15 65
15 78
15 89
15 111
15 115
15 145
15 164
15 196
15 240
15 319
15 363
15 366
15 373
15 397
15 404
15 427
15 434
15 459
15 485
15 488
15 564
15 573
15 720
15 735
15 757
15 769
15 801
15 809
15 844
15 956
17 126
17 162
17 308
17 335
17 375
17 628
17 662
17 855
18 141
18 170
18 201
18 257
18 416
18 459
18 538
18 576
18 587
18 831
18 945
19 73
19 99
19 228
19 350
19 577
19 701
19 776
19 865
19 880
19 895
20 66
20 82
20 106
20 174
20 339
20 598
20 678
20 754
21 82
21 108
21 133
21 151
21 238
21 243
21 253
21 275
21 348
21 452
21 487
21 514
21 566
21 609
21 619
21 646
21 691
21 693
21 700
21 717
21 798
21 861
21 883
21 947
22 167
22 229
22 233
22 304
22 366
22 430
22 457
22 522
22 584
22 690
22 827
22 899
22 974
24 136
24 373
24 440
24 540
24 750
24 891
24 960
26 44
26 208
27 74
27 187
27 389
27 391
27 506
27 532
27 736
27 761
27 876
27 944
28 39
28 97
28 119
28 168
28 242
28 314
28 343
28 515
28 530
28 671
29 36
29 53
29 66
29 80
29 106
29 107
29 112
29 130
29 234
29 346
29 387
29 594
29 677
29 750
29 837
29 839
29 872
30 386
31 218
31 589
32 47
32 178
32 424
32 473
32 705
32 826
33 92
33 143
33 149
33 176
33 390
33 652
33 966
34 41
34 70
34 178
34 189
34 349
34 599
34 737
34 799
34 850
34 980
35 121
35 125
35 213
35 225
35 268
35 328
35 740
35 864
35 915
36 67
36 103
36 150
36 186
36 197
36 213
36 277
36 333
36 369
36 423
36 509
36 629
36 639
36 644
36 646
36 833
36 841
36 887
36 923
36 952
36 982
37 118
37 383
37 718
37 816
37 853
37 870
37 896
38 56
38 86
38 88
38 90
38 139
38 184
38 200
38 237
38 245
38 271
38 300
38 330
38 333
38 382
38 460
38 470
38 479
38 484
38 503
38 559
38 598
38 653
38 659
38 662
38 705
38 712
38 747
38 831
38 884
38 895
38 907
38 933
38 944
38 972
38 977
39 58
39 64
39 103
39 170
39 231
39 319
39 403
39 468
39 477
39 565
39 652
39 837
39 870
39 911
39 938
39 993
40 93
40 322
40 421
40 885
41 74
41 96
41 98
41 112
41 331
41 341
41 475
41 512
41 525
41 543
41 630
41 692
41 754
41 780
41 786
41 813
41 827
42 93
42 95
42 104
42 109
42 132
42 137
42 138
42 146
42 160
42 270
42 281
42 318
42 344
42 351
42 400
42 467
42 495
42 557
42 729
42 746
42 932
43 46
43 48
43 155
43 159
43 214
43 329
43 421
43 476
43 608
43 613
43 618
43 654
43 823
44 116
44 591
44 623
44 819
46 268
46 353
46 447
46 456
46 851
46 988
47 56
47 79
47 101
47 158
47 187
47 259
47 276
47 636
47 752
49 51
49 202
49 471
49 664
50 130
50 205
50 209
50 443
50 702
50 784
51 146
51 471
51 483
51 526
51 620
51 994
52 247
52 275
52 997
53 117
53 501
53 923
54 69
54 94
54 107
54 264
54 270
54 274
54 581
54 716
54 805
54 824
55 536
55 601
55 858
56 120
56 484
56 990
57 135
57 141
57 233
57 409
57 703
57 843
58 534
58 728
59 411
59 436
59 490
59 894
61 709
62 445
62 678
62 682
62 735
62 758
63 116
63 190
63 248
63 322
63 352
64 85
64 166
64 244
64 285
64 381
64 493
64 531
64 820
64 973
64 995
66 399
66 482
66 784
66 817
66 861
67 102
67 151
67 580
67 779
67 812
67 844
67 931
67 968
68 364
69 121
69 202
69 246
69 255
69 284
69 402
69 412
69 413
69 455
69 557
69 679
69 731
69 929
69 966
70 886
70 991
71 135
71 227
71 401
71 440
71 450
71 472
71 580
71 595
71 715
71 748
71 828
71 830
72 266
72 838
73 188
74 340
74 603
74 787
74 825
74 921
76 989
77 81
77 114
77 294
77 530
77 645
77 696
77 779
77 806
77 983
79 138
79 144
79 200
79 219
79 330
79 360
79 511
79 529
79 542
79 575
79 582
79 910
79 984
80 632
80 647
80 955
83 398
83 981
84 803
85 115
85 179
85 191
85 195
85 303
85 361
85 857
85 884
85 902
85 978
86 624
86 805
87 136
87 496
87 882
88 571
89 131
89 394
89 432
89 567
89 621
89 900
89 941
89 963
90 105
90 157
92 206
93 320
93 505
93 622
93 918
94 687
95 433
95 505
96 251
96 291
96 305
96 672
96 919
98 212
98 221
98 427
98 435
98 546
98 556
98 570
98 612
98 635
98 703
98 849
98 901
99 157
99 260
99 928
100 856
102 142
102 185
103 285
104 450
105 129
105 334
105 349
105 470
105 490
105 494
105 738
105 814
105 830
105 942
105 993
106 148
106 547
106 904
107 114
108 990
109 127
109 148
109 296
109 680
109 898
109 998
110 180
110 587
110 756
111 123
111 181
112 569
112 853
112 890
113 207
113 324
113 877
114 144
114 290
114 305
114 380
114 517
114 539
114 736
114 752
116 150
116 385
116 573
117 802
118 410
118 416
118 498
118 531
118 668
119 422
119 818
120 753
120 761
120 775
120 823
120 982
121 134
121 243
121 247
121 314
121 476
121 492
121 553
121 604
121 661
121 741
121 808
121 929
123 217
123 408
125 938
125 956
126 215
126 271
126 297
126 429
126 503
126 663
128 345
129 656
130 145
130 163
130 245
130 311
130 425
130 437
130 767
130 776
130 916
131 782
132 500
132 651
132 780
132 873
134 155
134 411
134 485
134 513
134 645
134 690
134 821
136 194
136 279
136 369
136 458
136 486
136 572
136 744
137 184
137 593
138 201
138 283
138 301
139 497
139 553
139 745
140 272
140 670
140 728
140 930
141 158
141 198
141 481
141 489
141 527
141 535
141 543
141 578
141 605
141 615
141 659
141 792
141 825
141 922
141 979
144 171
144 393
144 744
144 794
145 153
145 267
145 355
145 613
145 786
146 192
147 797
148 362
148 417
148 426
148 519
148 673
148 739
148 799
148 822
148 948
150 818
150 829
150 987
151 161
151 204
151 354
151 464
151 496
151 561
151 793
151 824
151 843
151 850
151 912
151 996
152 154
152 169
152 172
152 286
152 320
152 348
152 512
152 600
152 921
152 967
154 936
155 189
155 478
155 508
155 875
156 465
156 487
156 696
156 940
157 238
157 277
157 292
157 439
157 660
157 811
159 193
159 262
159 280
159 309
159 651
159 694
159 848
159 955
160 408
162 165
162 306
162 370
162 656
162 940
162 949
164 472
165 288
165 558
165 932
167 414
167 634
167 792
167 800
167 950
168 947
169 329
169 462
172 204
172 316
172 327
172 942
173 179
173 449
173 518
173 715
173 760
173 936
177 331
181 278
181 362
181 447
181 479
181 528
181 550
181 667
182 460
182 842
182 999
185 342
186 357
186 384
186 536
186 791
186 868
188 220
190 230
190 260
190 419
190 949
191 356
191 446
191 954
191 994
192 316
192 674
192 757
192 768
192 989
193 360
193 466
193 714
193 763
193 863
194 216
194 221
194 299
194 335
194 387
194 432
194 623
194 666
194 755
194 763
194 860
194 961
195 199
195 211
195 326
195 412
195 431
195 558
195 591
195 683
195 857
195 888
195 999
196 203
196 235
196 336
196 337
196 389
196 653
196 729
196 854
196 920
196 927
198 288
198 336
198 584
198 619
198 666
198 684
198 717
198 719
198 815
198 832
198 998
200 392
200 515
201 231
201 262
201 385
201 424
201 466
201 524
201 951
204 516
204 727
204 946
207 514
208 365
209 219
209 413
213 576
213 848
214 937
215 372
216 295
216 790
216 836
216 899
217 443
218 250
219 925
220 704
222 293
222 614
222 640
222 663
224 341
224 791
228 504
228 616
228 722
228 725
228 868
229 398
230 256
230 381
230 422
230 452
230 500
230 552
230 636
230 673
230 682
234 654
235 483
235 555
235 685
236 657
237 971
238 394
238 420
239 241
239 269
239 689
240 395
241 377
241 544
242 334
242 379
242 414
243 474
243 928
244 248
244 282
244 504
244 817
246 428
246 733
246 751
247 898
248 730
249 273
249 438
249 465
249 880
254 256
254 407
254 625
256 407
257 622
260 417
260 675
260 725
261 545
263 272
263 565
264 274
264 425
264 711
264 737
265 658
266 700
268 273
268 363
268 820
269 307
269 511
269 922
269 960
272 655
272 768
274 621
275 340
276 506
276 593
276 699
276 740
277 359
277 891
280 493
281 477
283 685
284 434
284 979
286 293
286 379
286 935
287 300
287 577
287 578
288 317
288 492
288 642
292 524
292 845
292 925
294 556
296 537
296 680
297 298
303 310
303 354
303 359
303 406
303 864
305 338
306 513
306 873
307 311
307 747
307 834
310 924
311 353
311 419
312 600
313 317
313 541
313 583
315 321
315 364
315 579
316 734
316 951
317 372
317 406
317 564
317 816
317 970
322 671
327 409
328 435
328 538
330 778
331 403
332 388
332 555
332 771
333 338
333 821
334 367
336 370
336 518
336 727
336 889
336 894
336 946
341 451
342 753
344 766
347 507
347 839
348 386
348 451
348 563
348 742
349 549
350 402
350 441
351 977
352 528
352 616
354 746
356 371
356 611
356 986
358 801
359 883
360 464
361 495
361 534
364 867
364 997
368 618
368 637
368 701
368 879
370 650
370 939
372 463
372 478
372 489
372 804
373 574
373 629
373 749
376 554
376 620
377 467
377 713
377 733
381 597
382 533
383 697
383 974
384 670
384 952
387 589
388 905
388 927
390 567
393 516
393 774
394 439
394 549
395 601
396 638
397 592
399 448
399 510
400 437
400 517
400 585
400 878
402 872
405 721
406 650
406 668
408 554
409 431
409 526
417 720
418 433
419 474
420 665
424 722
426 992
427 758
427 847
429 772
430 906
430 963
431 934
432 809
433 719
434 633
434 937
435 502
435 561
435 582
436 550
436 790
436 975
436 978
439 759
441 649
446 606
446 638
448 607
450 888
451 706
453 749
456 766
460 984
462 789
464 494
465 560
465 697
465 945
465 962
466 745
466 770
467 874
471 624
476 544
476 674
477 775
482 634
485 541
485 913
487 987
488 714
488 871
488 983
489 594
490 734
490 788
490 851
491 709
492 545
494 588
496 612
496 842
498 699
498 756
504 675
506 535
506 655
507 569
507 669
507 807
507 874
507 991
511 562
511 627
512 859
519 520
520 732
520 893
524 647
524 995
525 773
526 585
526 834
526 905
534 852
535 907
538 689
539 730
546 548
548 808
550 858
556 852
559 769
560 986
565 879
566 693
569 572
569 968
573 741
573 909
577 846
580 765
586 679
587 657
589 916
593 672
601 826
603 783
603 913
606 871
606 908
608 924
610 658
611 660
611 772
611 819
614 803
625 641
625 804
625 957
628 796
630 869
630 900
633 919
637 953
643 724
645 976
646 692
655 681
658 760
658 798
663 877
668 906
668 908
674 917
676 969
680 941
682 723
682 902
686 835
692 943
693 743
693 965
695 988
700 914
704 731
707 822
707 976
724 829
726 954
729 964
753 795
758 890
761 785
775 939
788 948
789 865
795 973
805 815
806 903
846 958
847 892
852 965
856 962
866 950
866 985
874 933
877 959
890 910
895 914
926 930
952 980
