0 2
0 10
0 17
0 34
0 56
0 96
0 115
1 81
1 110
2 44
2 65
2 85
2 115
3 18
3 28
3 36
3 77
3 85
3 107
4 17
4 64
4 75
4 101
5 59
5 109
6 49
6 59
6 74
7 62
7 117
8 11
8 29
8 31
8 35
8 65
8 79
8 87
9 30
9 42
9 45
9 77
9 86
10 76
11 23
11 36
11 72
11 110
12 78
12 88
12 103
12 118
12 122
13 21
13 53
13 58
13 117
15 16
15 21
15 36
15 94
15 101
17 33
17 34
17 63
17 73
17 109
17 113
18 44
18 62
19 26
19 30
19 61
19 100
20 37
20 40
21 38
21 91
21 101
21 119
22 81
22 88
22 89
23 25
23 53
23 82
23 112
23 121
24 47
25 63
25 65
25 66
26 28
26 30
26 67
26 81
26 103
27 48
27 73
27 102
28 37
28 45
28 96
28 107
29 55
29 96
30 71
30 72
30 79
31 34
31 40
31 58
31 59
31 60
31 80
31 81
32 68
32 81
32 85
32 102
33 43
33 105
34 50
34 55
34 59
35 107
36 71
36 103
37 91
38 47
38 92
40 76
40 95
40 123
41 82
41 121
42 61
42 69
42 103
42 113
43 77
43 80
43 81
43 103
43 113
44 64
44 119
45 77
45 83
45 101
45 110
46 69
46 71
46 116
47 80
47 81
47 124
48 79
48 89
49 72
49 101
49 119
50 52
50 66
52 109
53 88
53 98
54 99
55 77
55 80
55 86
55 112
57 75
57 83
57 89
57 99
57 105
58 65
58 83
58 92
58 124
59 68
61 84
61 98
61 100
62 85
62 115
63 110
63 113
63 115
64 76
64 121
65 104
66 78
66 81
66 93
66 98
67 83
67 85
67 88
69 101
69 104
71 90
72 77
73 88
73 96
74 90
74 100
74 117
74 121
75 76
75 102
75 104
76 85
76 89
78 87
79 84
79 95
79 105
79 110
79 121
79 124
80 81
81 117
81 119
81 122
82 102
83 84
83 104
84 103
84 105
84 110
85 108
85 119
86 105
87 122
88 120
89 121
89 122
92 102
93 119
94 115
95 108
96 106
97 108
98 123
99 101
99 108
101 111
101 113
104 105
107 113
110 116
110 124
112 117
114 120
116 120
122 123
