0 200
0 370
0 597
0 696
0 1053
0 1145
0 1420
0 1779
1 313
1 503
1 674
1 950
1 1415
2 433
2 1020
2 1106
2 1451
3 267
3 377
3 599
4 384
4 659
4 1257
4 1891
5 163
5 208
5 642
5 728
5 1303
5 1535
5 1737
6 79
6 763
6 805
6 1117
6 1675
7 378
7 947
7 1085
7 1899
8 78
8 327
8 647
8 823
8 1707
9 1335
9 1353
10 1099
10 1285
11 505
11 629
11 882
11 1297
11 1413
11 1905
12 922
12 1356
12 1682
12 1736
12 1751
13 315
13 1118
14 321
14 1048
15 364
15 942
15 1444
16 260
16 1828
17 113
17 1006
17 1653
17 1886
18 1182
18 1473
19 440
19 1261
19 1560
19 1778
20 692
20 819
20 1007
21 351
21 425
21 449
21 627
21 1649
22 344
22 630
22 909
22 1069
22 1389
22 1820
23 509
23 714
23 833
23 1649
24 49
24 158
24 1005
24 1161
24 1262
24 1665
24 1772
24 1889
25 859
25 1676
26 137
26 650
26 1346
26 1414
26 1948
27 251
27 261
27 612
27 1786
28 123
28 812
28 1292
29 306
29 381
29 408
29 694
29 1023
29 1074
29 1588
30 682
30 1307
30 1805
30 1906
31 1172
31 1350
31 1504
32 1551
32 1668
32 1825
33 1266
34 478
34 541
34 1121
35 373
35 573
35 1394
36 120
36 1301
36 1927
37 541
37 649
37 666
37 930
37 1673
37 1775
37 1865
38 1745
39 584
39 900
39 1163
39 1586
39 1929
39 1949
40 119
40 1312
41 59
41 373
41 529
42 343
42 430
42 517
42 1527
42 1551
43 399
43 472
43 781
43 1140
43 1155
43 1491
44 52
44 207
44 411
44 1058
44 1064
44 1296
44 1490
45 428
45 448
45 793
45 1909
46 192
46 1460
47 297
47 1112
47 1596
48 347
48 499
48 812
48 982
48 1962
49 317
49 1234
49 1322
49 1558
50 877
50 1461
50 1865
51 124
51 1224
51 1326
51 1482
51 1684
51 1856
52 527
52 536
52 725
52 1100
52 1159
53 124
53 1371
53 1705
53 1845
54 1466
54 1933
55 695
55 1549
56 155
56 1572
56 1841
57 231
57 308
57 353
58 1237
58 1373
59 705
59 870
59 944
59 1157
59 1402
60 71
60 345
60 388
60 1084
60 1361
60 1692
61 1483
62 1118
62 1990
63 203
63 620
63 833
63 1341
64 533
64 1345
64 1584
64 1759
65 603
65 1084
65 1206
65 1430
65 1674
66 411
66 1888
67 725
67 1391
67 1575
67 1838
68 147
68 790
68 822
68 1388
68 1476
69 136
69 666
69 703
69 1422
69 1545
70 429
70 730
70 1530
71 281
72 269
72 522
72 1121
72 1143
72 1160
72 1190
72 1470
72 1543
72 1683
73 264
73 709
73 938
73 1142
73 1407
73 1938
74 1185
74 1417
74 1448
74 1517
74 1713
75 182
75 1422
75 1618
75 1622
75 1760
76 481
76 718
76 967
76 1178
77 1139
77 1599
78 701
78 870
78 878
78 977
78 1345
78 1846
79 395
79 726
79 995
79 1162
79 1248
79 1742
80 872
80 1684
80 1829
81 136
81 161
81 872
82 134
82 1947
83 228
83 642
83 1092
84 209
84 1534
84 1837
85 1861
86 292
86 387
86 722
86 739
87 136
87 173
87 287
87 1416
87 1506
87 1656
87 1989
88 349
88 858
89 308
90 519
90 685
90 757
90 1190
90 1275
90 1455
90 1676
90 1695
90 1914
91 277
91 397
91 627
91 747
91 1706
92 176
92 961
92 1727
92 1785
93 809
93 972
93 1511
93 1730
94 307
94 330
94 975
94 1216
94 1507
94 1857
94 1993
95 845
95 1315
95 1316
95 1783
96 311
96 529
96 1478
96 1859
97 376
97 1101
97 1156
98 101
98 295
98 767
98 1848
99 405
99 828
99 1292
100 281
100 648
100 1165
100 1521
100 1708
100 1837
100 1991
101 279
101 634
101 1328
102 597
102 958
102 1113
102 1339
103 553
103 576
103 1160
103 1348
103 1990
104 105
104 373
104 476
104 785
104 845
104 1589
104 1829
104 1844
105 653
105 798
105 1315
105 1507
105 1542
106 1909
107 123
107 490
107 912
107 1018
107 1446
108 493
109 578
109 773
109 822
109 1158
109 1234
109 1240
110 419
110 1016
110 1029
110 1265
110 1332
110 1387
110 1728
111 1273
111 1324
111 1341
111 1494
112 156
112 177
112 247
112 482
112 967
112 1788
112 1831
113 1788
114 524
114 981
114 1764
115 561
115 1272
115 1758
116 487
116 1344
116 1982
117 682
117 1125
117 1481
118 796
118 1070
118 1201
118 1246
118 1624
119 1289
119 1557
120 965
120 1440
121 389
121 508
121 1057
121 1497
121 1777
122 768
122 1025
122 1029
122 1739
123 316
123 400
123 801
123 1217
124 254
125 536
125 812
125 899
125 1296
125 1483
125 1973
126 1500
127 218
127 470
127 777
127 1705
127 1727
128 162
128 276
128 335
128 507
128 1025
129 302
129 1521
130 222
130 543
130 719
130 937
131 165
131 262
131 1369
132 556
132 654
132 999
132 1407
132 1567
132 1846
133 376
133 709
133 775
133 1675
134 437
134 540
134 552
134 1665
135 535
135 1507
135 1993
136 159
136 1087
137 230
137 307
137 456
137 1144
138 207
138 383
138 812
138 1527
138 1584
138 1931
139 523
139 861
139 1171
140 248
141 307
141 1421
141 1469
141 1611
142 192
142 560
143 518
143 706
143 1430
143 1699
143 1716
144 174
144 198
144 1037
144 1469
144 1522
144 1917
145 1569
146 1163
146 1577
146 1687
147 946
147 1011
147 1188
147 1205
147 1980
148 713
148 985
148 1181
149 224
149 345
149 1109
149 1374
151 429
152 319
152 1190
152 1833
153 1431
153 1598
154 215
154 518
154 595
154 745
154 1820
155 830
155 1049
155 1316
155 1419
155 1780
156 854
156 962
156 1041
156 1062
156 1425
156 1429
157 854
157 1707
157 1895
158 227
158 431
159 826
159 900
159 938
159 1736
160 412
160 648
160 701
160 1363
161 473
161 552
161 764
162 383
163 722
164 298
164 371
164 426
164 693
164 1457
165 288
165 318
165 964
165 1191
165 1428
165 1542
165 1712
166 252
166 305
166 1012
166 1400
166 1442
167 216
167 826
167 953
167 976
167 1168
167 1769
168 774
168 1197
168 1893
169 240
169 371
169 406
169 1518
169 1961
170 380
170 901
170 1018
170 1600
171 220
171 232
171 296
171 1897
171 1969
172 1497
172 1567
173 324
173 1165
173 1429
173 1985
174 695
174 953
174 1048
174 1902
175 1387
175 1839
175 1888
176 812
176 1445
176 1688
176 1991
177 292
177 930
177 967
177 1622
179 1020
179 1188
180 859
180 1159
180 1164
180 1274
181 302
181 378
181 499
181 1174
182 944
182 1595
183 910
183 960
183 1192
183 1291
183 1356
183 1585
184 819
184 1438
184 1529
184 1982
185 357
185 1109
185 1304
185 1311
185 1655
185 1779
185 1845
186 306
186 1146
187 946
187 964
187 1080
187 1366
187 1408
187 1624
187 1786
187 1808
188 485
188 732
188 1173
188 1218
188 1343
189 288
189 788
189 883
189 1502
190 1509
190 1968
191 606
191 732
191 1427
191 1640
191 1772
192 1541
192 1994
193 725
193 1532
194 732
194 1181
194 1909
195 924
195 1129
195 1490
195 1839
196 489
196 584
196 847
196 1604
196 1661
197 745
197 1735
198 206
198 1218
198 1914
199 425
199 528
199 542
199 570
199 1103
199 1823
199 1888
199 1892
200 255
200 1095
200 1327
200 1867
201 213
201 306
201 431
201 497
201 555
201 715
201 843
201 1182
201 1432
201 1512
201 1514
201 1703
202 291
202 1267
202 1673
203 429
203 1435
204 265
204 327
204 1428
204 1896
205 289
205 561
205 588
205 1178
206 909
206 1060
206 1109
206 1954
207 934
207 1108
207 1223
207 1489
208 285
208 290
208 592
208 671
208 1136
208 1233
208 1262
208 1561
209 970
209 1124
209 1146
209 1610
210 638
210 829
210 1715
211 314
211 327
211 469
211 473
211 885
211 1796
211 1863
211 1887
212 854
212 1437
212 1980
213 818
213 1651
213 1897
214 820
214 1072
214 1178
214 1602
214 1832
214 1978
215 894
215 912
215 1272
215 1684
215 1790
216 724
216 1691
216 1971
217 624
218 370
218 920
218 1946
219 435
219 445
219 710
219 876
219 1055
219 1535
219 1605
219 1747
220 459
220 1357
220 1570
220 1753
220 1926
221 364
221 551
221 1033
221 1136
221 1881
221 1910
222 1465
222 1840
223 327
223 836
223 1184
223 1738
224 1189
224 1298
224 1548
224 1896
225 708
226 438
226 1032
226 1983
227 581
227 1090
227 1177
227 1630
227 1793
228 436
228 1082
228 1945
228 1946
229 416
229 714
229 1259
229 1895
230 1128
231 328
231 1286
232 338
232 542
232 854
232 1534
234 477
234 689
234 1167
234 1231
234 1420
235 1282
235 1331
235 1349
236 760
236 1522
236 1939
237 279
237 449
237 1058
237 1102
237 1593
237 1650
238 1914
239 1431
239 1499
240 337
240 506
240 579
240 743
240 822
240 1313
240 1666
240 1853
241 405
241 906
241 1494
242 253
242 861
242 1019
242 1259
243 381
243 1607
244 1297
245 275
245 823
245 1256
245 1266
245 1838
246 590
246 809
246 1222
246 1311
246 1385
246 1400
246 1647
246 1803
247 487
247 822
247 952
247 1098
247 1652
248 475
248 1585
249 315
249 414
250 917
250 1104
250 1407
250 1632
250 1820
251 1276
251 1471
251 1570
252 327
252 952
252 1368
253 323
253 475
253 844
253 1761
254 431
254 1458
254 1593
254 1646
254 1663
254 1802
255 1144
255 1625
255 1938
256 623
256 925
256 1080
256 1425
257 326
257 468
258 1318
259 1283
259 1399
259 1825
260 426
260 521
260 1032
260 1377
260 1677
260 1833
261 1652
262 1309
263 745
263 1356
263 1413
263 1428
264 1476
264 1863
265 420
265 544
265 1220
265 1300
265 1473
265 1648
265 1661
266 304
266 467
266 510
266 1336
266 1582
266 1717
267 712
267 717
267 975
267 1081
267 1452
268 726
269 1067
269 1351
269 1475
270 438
270 762
270 1519
271 1595
271 1927
272 660
272 746
272 1176
272 1180
273 728
274 704
275 411
275 508
275 779
275 1352
276 942
276 1529
276 1650
277 592
277 704
277 935
277 937
277 1214
278 497
278 1341
278 1466
279 860
279 1312
279 1893
279 1979
281 1459
282 419
282 1448
282 1651
282 1710
282 1880
283 410
283 597
283 1341
283 1364
283 1516
283 1758
283 1944
284 1561
284 1578
284 1690
284 1749
284 1952
284 1990
285 359
285 751
285 888
285 942
285 1905
286 304
286 731
286 925
286 1053
286 1167
286 1185
286 1527
286 1664
287 1285
287 1837
288 309
288 1307
288 1723
288 1931
289 867
289 1534
289 1695
289 1715
289 1777
290 411
290 690
291 579
291 853
291 1042
292 552
292 1457
292 1868
293 406
293 1077
294 591
294 798
294 1958
295 450
295 920
295 1175
296 330
296 672
296 831
296 992
297 668
297 878
297 944
297 1006
297 1514
297 1571
297 1768
298 1636
298 1902
299 353
299 765
299 908
299 1071
299 1167
299 1768
299 1784
300 389
300 1095
300 1137
301 1123
301 1891
302 1263
302 1551
302 1780
302 1938
303 356
303 525
303 1607
304 357
304 681
304 813
304 1495
304 1524
304 1752
304 1813
304 1816
305 422
305 939
305 1034
306 854
307 738
308 312
308 678
308 1169
309 1572
309 1882
310 693
310 714
310 1147
311 691
311 1794
311 1940
311 1960
312 474
312 844
312 1143
312 1783
312 1919
312 1979
313 1213
313 1254
313 1587
313 1862
314 1049
314 1349
315 319
315 591
315 1329
316 1645
317 413
317 585
317 1073
317 1796
317 1945
318 572
318 618
318 813
318 829
318 1202
319 1696
320 453
321 346
321 1245
321 1612
321 1643
321 1715
322 953
323 693
323 703
323 1427
323 1592
323 1927
324 1315
325 506
325 887
325 1234
326 375
326 1281
326 1570
327 686
327 823
327 1010
327 1084
327 1166
328 1502
328 1567
329 672
329 767
330 570
330 723
330 906
330 1758
331 1299
331 1743
333 1375
335 538
335 649
335 696
335 788
335 1027
335 1154
335 1453
335 1902
336 371
336 1006
336 1517
337 358
337 395
337 593
337 621
337 1533
338 465
338 612
338 789
338 1448
339 848
339 1312
339 1477
339 1661
340 1400
340 1425
341 650
341 1356
341 1547
342 475
342 1042
342 1938
343 457
343 542
343 1387
343 1762
346 506
347 1461
348 477
348 659
349 926
349 1130
349 1346
349 1936
350 979
350 1160
351 1008
351 1480
351 1548
351 1581
352 1294
352 1642
354 633
354 690
355 645
355 870
355 1066
355 1210
356 1038
356 1302
356 1342
356 1938
357 626
357 932
357 1027
357 1392
357 1483
357 1655
358 780
358 912
358 1761
358 1967
359 1016
359 1100
359 1246
359 1626
360 1033
361 472
361 987
361 1098
362 580
362 1049
362 1617
362 1713
362 1813
363 985
363 1474
363 1710
363 1964
364 843
364 1207
364 1387
364 1460
364 1485
364 1565
364 1966
365 978
365 1129
365 1780
366 367
366 1078
367 972
368 603
368 959
368 1248
368 1508
368 1659
368 1696
369 980
369 996
369 1700
369 1705
370 677
370 1339
371 1090
371 1146
371 1155
371 1212
371 1384
373 714
373 888
373 1226
373 1692
374 1068
374 1277
374 1786
375 577
375 1153
375 1337
376 1377
376 1695
376 1907
377 1141
378 1507
379 1101
380 1034
380 1651
380 1723
380 1843
381 695
381 946
381 1412
382 1317
382 1658
383 608
383 1815
383 1888
383 1988
384 602
384 808
384 1463
384 1998
385 656
385 1202
385 1721
386 543
386 621
386 745
386 1230
387 471
387 1235
387 1387
387 1483
387 1931
387 1936
387 1953
388 469
388 494
388 886
388 1280
389 1174
389 1716
389 1798
390 686
390 1028
390 1835
391 1576
392 712
392 1316
392 1373
392 1775
393 1571
393 1776
394 419
394 437
394 686
396 579
396 619
397 833
397 848
397 1108
397 1635
397 1790
398 860
398 921
398 1412
398 1865
399 1162
399 1174
399 1963
399 1986
400 976
400 1000
400 1625
400 1675
400 1713
400 1806
401 704
401 778
401 1299
401 1344
401 1468
402 880
402 1674
403 839
403 840
403 846
403 869
403 1813
404 1251
404 1316
405 743
405 1140
405 1403
405 1446
405 1754
406 535
406 796
406 1318
406 1977
407 432
407 600
407 981
407 1360
408 1109
408 1633
409 902
409 1133
409 1267
409 1573
409 1678
410 1060
410 1826
411 1018
411 1732
411 1874
412 1314
413 1540
413 1745
414 547
414 730
414 984
414 1413
415 802
415 1106
415 1283
415 1429
415 1440
416 1017
416 1120
416 1216
416 1612
416 1995
417 1972
417 1998
418 953
419 471
419 1450
419 1710
420 580
421 972
421 999
421 1574
422 616
422 1057
422 1468
422 1643
423 1000
423 1174
423 1211
423 1283
423 1848
423 1972
424 1944
425 1478
425 1710
426 794
429 1324
429 1568
429 1581
429 1632
430 1116
430 1200
430 1265
430 1375
430 1440
430 1960
430 1975
431 606
431 673
431 744
431 994
431 1036
432 733
432 1222
432 1431
432 1488
433 558
433 1284
433 1508
433 1834
434 606
434 888
434 1808
434 1881
435 521
435 602
435 713
435 961
435 993
435 1327
435 1550
436 660
436 1595
437 600
437 643
437 1159
437 1180
437 1543
438 496
438 1454
439 628
439 770
439 1029
439 1212
439 1336
439 1645
440 1758
441 991
441 1429
442 1487
442 1683
442 1823
443 909
443 1879
444 677
444 868
444 1092
444 1194
444 1302
445 1503
445 1750
445 1975
446 794
446 1308
446 1508
447 552
447 1243
448 745
449 734
449 737
449 1092
449 1714
450 758
450 917
450 1444
450 1881
450 1896
452 643
452 799
452 1829
454 995
454 1073
454 1302
454 1765
455 1537
455 1538
455 1964
456 831
456 842
456 1430
457 565
457 1592
457 1739
457 1828
457 1929
457 1936
458 934
458 1713
459 562
460 1029
461 503
461 735
461 833
461 1233
461 1410
461 1436
461 1669
462 601
463 730
464 1264
465 1369
465 1541
466 1363
467 997
467 1753
468 526
468 1052
468 1733
469 1815
470 755
470 1647
472 556
472 675
472 894
472 1150
473 761
473 915
473 1190
473 1554
473 1892
474 1340
474 1609
475 763
476 849
476 973
476 1185
477 506
477 730
477 1023
477 1133
477 1349
477 1613
478 1117
478 1579
478 1733
479 643
479 856
479 1537
479 1823
480 1842
481 1371
481 1828
481 1929
482 575
482 1954
482 1962
483 555
483 582
483 651
483 1048
483 1092
483 1345
484 876
484 1368
484 1984
485 1099
485 1963
486 530
486 1044
486 1271
486 1515
487 562
487 944
487 1481
487 1737
488 1228
489 748
489 1194
489 1562
489 1567
490 1184
491 793
491 1125
491 1704
492 735
492 841
492 979
492 1441
492 1541
493 1263
493 1630
494 555
496 579
496 634
496 667
496 1136
496 1921
496 1932
497 818
497 907
497 1042
497 1999
498 1589
498 1638
499 737
499 1694
499 1804
500 630
500 1634
501 762
501 940
501 1362
501 1467
501 1723
501 1956
502 786
502 852
502 1640
503 933
503 1948
504 507
504 1220
505 744
505 1632
506 521
506 783
506 1163
506 1749
506 1905
507 754
507 1255
507 1909
508 802
508 1357
508 1431
508 1906
509 1275
509 1405
509 1811
510 880
510 1634
510 1667
510 1911
511 1117
511 1340
512 645
513 1030
513 1134
513 1376
513 1406
514 523
514 1392
514 1926
515 1312
515 1867
515 1941
516 1284
517 841
517 873
517 1490
519 860
519 1420
519 1483
519 1590
519 1753
520 658
520 1550
521 1188
522 888
522 1145
522 1707
522 1953
523 1085
523 1256
524 1013
524 1292
524 1505
525 1526
526 539
526 1628
527 566
527 641
527 757
527 1063
527 1458
529 1132
529 1472
529 1676
530 535
530 662
530 958
530 1732
531 663
531 1629
531 1984
532 954
532 1103
533 699
534 630
534 1244
535 710
535 1324
535 1442
536 1406
536 1502
536 1630
536 1693
536 1697
537 823
537 1828
537 1834
538 1182
538 1188
538 1360
539 782
540 806
540 895
540 907
540 1820
541 543
541 1559
542 1497
543 849
543 1161
543 1181
545 559
545 782
545 1568
545 1825
546 619
546 1125
546 1154
546 1539
546 1971
547 660
547 956
547 1376
547 1433
548 738
548 1154
548 1208
548 1318
548 1631
548 1804
549 570
549 759
549 1339
549 1522
550 1205
550 1498
551 782
552 1253
552 1611
552 1848
553 644
553 1014
553 1933
554 1050
554 1555
555 669
555 1008
555 1063
555 1277
555 1327
557 1214
557 1323
557 1353
557 1443
557 1823
557 1897
557 1934
558 1262
558 1676
559 1549
559 1603
559 1745
560 919
560 1857
560 1995
561 1640
562 1991
563 1540
564 630
564 1599
565 898
565 971
565 1854
565 1953
566 1257
566 1310
567 574
567 657
567 1360
567 1413
567 1457
567 1499
568 792
569 802
569 903
569 1371
569 1420
569 1421
569 1750
570 1838
571 1727
572 1183
572 1601
572 1653
573 1635
573 1687
574 592
574 796
574 1484
575 854
575 924
575 1029
576 1196
576 1207
577 649
577 885
577 1479
577 1691
577 1889
578 1486
578 1537
578 1739
579 1519
581 863
581 1330
581 1768
581 1947
582 667
582 886
582 1219
583 1647
583 1947
583 1961
584 780
584 848
584 1243
585 620
585 671
585 1070
585 1510
585 1695
585 1976
587 687
587 995
587 1337
587 1472
587 1613
587 1658
588 799
588 1508
589 1300
589 1762
590 765
590 1365
590 1920
591 767
591 1962
592 1369
593 632
593 1791
594 972
594 1009
594 1038
594 1125
594 1883
595 1566
596 1353
596 1766
597 783
597 873
597 1211
597 1561
598 1362
599 730
599 860
599 1480
600 776
600 1354
600 1443
601 1551
601 1698
602 1954
603 821
603 1293
603 1453
604 1829
604 1847
605 916
605 1588
605 1932
606 828
606 939
606 1198
606 1746
606 1843
607 673
607 1147
607 1167
607 1998
608 910
608 917
608 1658
609 631
609 827
609 1311
609 1595
610 944
610 1922
611 1151
611 1829
611 1914
612 686
612 1222
612 1325
612 1572
613 775
613 1037
613 1689
613 1828
614 1115
614 1613
614 1968
614 1972
615 1501
615 1965
616 955
616 969
616 1015
616 1569
616 1841
617 1488
617 1722
617 1864
618 790
618 1224
619 765
619 824
619 885
619 1076
619 1578
620 824
620 1959
621 628
621 636
621 975
621 1169
621 1383
621 1471
621 1989
622 968
622 983
622 1344
622 1390
622 1393
622 1661
622 1808
623 639
623 1335
623 1805
624 821
624 1313
624 1703
624 1933
624 1960
625 1212
625 1223
625 1719
625 1761
625 1970
626 1975
627 929
627 1083
627 1310
627 1539
627 1988
628 799
628 934
628 1741
628 1920
629 1477
630 640
630 1015
630 1603
631 1262
631 1700
632 1622
633 1004
633 1480
633 1890
633 1987
634 971
634 1057
634 1995
635 884
635 891
635 1276
636 1837
637 922
637 986
637 1896
638 685
638 1412
639 1687
639 1699
639 1876
639 1890
640 657
641 1616
641 1880
641 1975
642 804
642 1596
642 1893
645 730
645 878
645 915
646 894
646 1263
646 1751
647 1035
647 1248
647 1423
647 1838
648 901
649 730
649 778
650 924
650 1042
650 1589
651 676
651 995
651 1017
651 1204
651 1603
652 669
652 1320
652 1559
652 1657
652 1833
653 934
653 1329
653 1589
653 1793
655 705
655 930
656 875
656 1321
656 1682
656 1701
657 944
657 992
657 1407
657 1975
658 1892
659 930
659 1471
659 1576
659 1945
660 768
660 788
660 1031
660 1091
660 1128
660 1348
660 1546
660 1566
660 1672
660 1718
661 1750
661 1819
662 1528
662 1778
662 1887
663 1392
663 1586
663 1622
663 1784
663 1967
664 706
664 808
664 1125
665 1329
666 1010
666 1275
667 1822
668 755
668 1296
668 1594
669 1454
670 987
670 1221
670 1331
671 715
671 955
671 1619
672 1361
673 1066
673 1239
673 1556
673 1970
674 1239
675 1124
675 1249
675 1659
676 1377
677 1593
678 788
678 979
678 1147
678 1273
678 1445
678 1626
678 1663
679 1673
679 1924
680 788
680 1013
680 1393
680 1558
680 1692
680 1937
681 966
681 1450
681 1498
681 1994
682 749
682 1097
683 850
683 1411
683 1435
683 1965
684 977
684 1261
684 1333
685 956
685 978
685 1993
688 1099
688 1142
688 1265
688 1586
688 1676
689 1246
690 766
690 1411
690 1689
690 1742
691 1915
692 1012
692 1576
693 1918
694 1486
694 1865
695 1255
696 798
696 1932
696 1999
698 1887
699 1091
699 1133
700 982
701 1004
702 1303
702 1446
702 1583
704 1441
705 1723
705 1724
705 1748
705 1810
706 1023
706 1197
706 1594
706 1817
707 735
707 1767
707 1775
708 1755
708 1925
709 784
709 899
709 984
709 1170
709 1735
710 1884
710 1988
711 724
711 972
712 966
712 1618
712 1885
713 1403
714 980
714 1406
714 1574
714 1607
715 1634
715 1788
716 1308
716 1882
717 1427
717 1534
717 1555
718 735
718 1094
718 1189
719 947
719 1042
720 1273
720 1428
720 1493
720 1619
721 1148
721 1385
722 863
722 1012
722 1476
722 1477
723 930
723 1257
725 744
725 904
725 1596
725 1981
726 1391
726 1446
726 1738
726 1772
726 1856
727 1144
727 1653
727 1879
728 1229
728 1277
729 1183
729 1455
729 1535
730 1079
730 1173
730 1349
730 1512
730 1668
731 1709
731 1818
731 1828
731 1867
732 761
733 809
733 1178
733 1592
734 821
735 1056
735 1181
736 975
736 1418
737 1088
737 1263
737 1356
737 1454
737 1564
738 1260
738 1465
739 795
740 812
740 888
740 1717
741 1154
741 1530
742 874
742 1289
742 1600
742 1965
743 1040
743 1924
744 1095
744 1300
744 1712
744 1894
745 941
746 1192
747 1540
748 1494
748 1828
748 1954
749 1340
749 1545
749 1770
750 783
750 786
750 1411
751 935
752 794
752 1111
752 1285
752 1906
753 1442
753 1532
753 1740
753 1762
754 1028
754 1416
754 1631
755 1731
755 1755
756 970
756 1714
756 1970
757 1635
758 1194
758 1334
758 1470
759 1068
759 1348
759 1679
760 1271
760 1990
761 1270
761 1649
761 1831
762 954
762 1156
762 1979
763 890
763 1075
763 1856
764 1024
764 1260
764 1836
765 1224
765 1529
765 1566
765 1591
766 1415
767 901
768 1201
768 1450
769 1864
770 1426
771 1379
771 1903
772 1377
772 1581
773 1573
773 1840
773 1880
774 1769
776 836
776 979
776 1397
776 1611
777 807
777 1183
777 1244
778 1000
778 1212
780 1507
781 905
781 1130
781 1156
781 1367
781 1867
783 1283
783 1637
784 1006
784 1835
786 894
786 1111
787 939
787 1249
787 1961
788 1294
788 1555
789 1566
790 954
790 1032
790 1139
790 1426
790 1468
790 1563
791 1175
791 1349
791 1555
792 1991
793 894
793 1346
793 1685
795 929
795 1226
795 1774
796 880
796 936
796 1884
797 805
797 1759
798 891
798 893
798 902
798 1721
799 1592
800 823
800 897
800 1737
801 1412
802 1221
803 1391
803 1404
803 1493
803 1776
804 1073
804 1188
804 1821
805 1078
805 1293
805 1369
806 1082
806 1972
807 1000
807 1267
807 1710
808 1631
808 1979
809 873
809 1084
809 1157
809 1407
810 983
811 949
811 1106
812 1361
813 1121
813 1543
813 1544
814 895
814 1254
814 1305
814 1322
814 1548
814 1598
814 1944
815 816
815 1333
815 1708
815 1794
816 1079
816 1413
817 889
817 966
817 1132
817 1559
818 1406
818 1717
818 1877
819 1248
819 1363
819 1370
819 1611
819 1761
820 1013
820 1555
820 1565
820 1864
821 1261
821 1653
821 1665
822 1364
823 893
823 1054
823 1658
824 1170
824 1299
824 1447
824 1619
825 859
825 1656
826 1147
826 1354
826 1483
827 1228
828 961
828 1378
828 1796
829 1521
829 1659
829 1676
830 1854
831 1018
831 1353
831 1941
832 972
832 1078
832 1633
833 1423
833 1968
834 1210
834 1245
834 1427
834 1464
834 1469
834 1506
834 1605
835 1557
838 1137
838 1196
838 1984
839 1169
839 1972
840 1154
840 1561
840 1836
840 1939
841 1824
842 1516
842 1797
843 916
843 968
843 1140
843 1298
843 1729
845 1944
846 1628
846 1747
847 1624
847 1830
847 1901
849 1440
849 1524
851 892
851 1059
851 1123
851 1277
851 1285
852 898
852 966
855 1514
855 1876
855 1988
856 1146
856 1239
856 1253
856 1466
856 1866
856 1963
856 1979
857 905
857 1096
857 1169
858 1394
858 1615
859 973
859 1210
859 1805
860 1483
860 1779
860 1968
861 1083
861 1352
862 1529
862 1865
863 1036
864 974
865 1136
866 927
866 931
866 1218
866 1761
867 1301
867 1800
868 1751
868 1858
870 1372
870 1571
870 1658
871 1897
871 1968
872 1254
873 1166
875 1151
875 1782
876 893
876 1403
876 1674
876 1918
877 1219
877 1293
877 1325
877 1844
878 1251
878 1898
879 1142
879 1634
879 1716
879 1878
879 1984
881 1477
881 1517
882 906
882 1674
883 987
883 1270
883 1846
884 980
884 1302
884 1696
884 1857
885 1038
885 1831
885 1949
886 1580
886 1687
887 1036
887 1591
887 1743
888 1030
888 1424
888 1626
889 1462
890 1078
890 1524
890 1707
892 993
892 1224
893 1892
894 1015
894 1081
894 1124
894 1485
894 1871
895 1017
895 1062
895 1784
895 1877
895 1893
896 1131
897 1862
898 1144
899 956
899 1308
900 1349
901 1744
904 1295
905 1961
906 994
906 1075
906 1794
908 1456
908 1731
908 1734
909 1278
909 1522
910 1011
910 1814
911 1418
911 1753
911 1978
913 1041
913 1582
914 1037
914 1331
914 1864
915 923
915 932
915 1004
915 1502
916 1514
917 1410
917 1961
918 1493
918 1856
919 996
919 1029
919 1734
921 1199
921 1751
923 1005
923 1979
924 1521
924 1775
925 1104
929 1152
930 1477
931 1538
931 1802
931 1972
932 1065
933 1794
933 1825
933 1905
933 1989
934 1959
935 1119
935 1365
935 1770
936 1373
936 1471
936 1774
936 1996
937 1121
937 1206
938 1005
940 1987
941 1030
942 968
942 1574
943 1022
943 1210
943 1262
944 1135
944 1164
944 1336
944 1682
945 1982
946 1365
946 1406
946 1540
947 1285
949 1296
949 1348
949 1540
949 1693
949 1949
949 1999
950 1691
950 1807
951 1194
951 1239
952 1041
952 1459
952 1594
952 1950
953 1143
953 1291
953 1499
953 1811
954 1312
954 1819
955 1082
955 1548
956 1984
957 1068
958 1006
958 1361
958 1666
958 1703
958 1741
958 1770
958 1994
959 1214
959 1562
959 1792
960 1905
961 1172
961 1566
962 1099
962 1104
963 1562
964 1525
965 1120
967 970
967 1156
967 1313
967 1463
968 1293
968 1441
968 1540
968 1916
969 987
969 1175
969 1210
969 1323
969 1454
969 1537
969 1893
969 1945
970 984
970 1109
970 1686
971 1243
972 1224
973 1260
973 1556
973 1611
974 1158
974 1352
974 1534
974 1540
975 1403
975 1568
975 1634
976 1535
976 1901
977 1726
978 1639
978 1650
978 1941
979 984
979 1973
980 1480
980 1508
981 1252
981 1917
982 1289
983 1562
983 1889
984 1146
984 1325
984 1339
984 1504
985 1630
986 1154
986 1341
986 1504
987 1889
988 1719
989 1635
989 1729
990 1000
990 1006
990 1192
991 1230
991 1261
991 1785
992 1531
993 1262
993 1543
994 1380
994 1728
995 1001
996 1244
996 1360
996 1409
996 1887
997 1555
997 1973
998 1025
999 1066
999 1842
1000 1197
1000 1410
1000 1604
1001 1285
1001 1704
1001 1949
1002 1179
1003 1065
1003 1466
1003 1527
1004 1309
1004 1583
1005 1142
1005 1569
1005 1663
1005 1808
1005 1950
1006 1198
1006 1422
1006 1449
1006 1832
1006 1907
1007 1551
1008 1222
1008 1274
1008 1479
1008 1532
1008 1549
1008 1643
1009 1014
1009 1492
1009 1910
1010 1567
1011 1276
1012 1224
1013 1869
1014 1213
1014 1506
1016 1357
1016 1762
1016 1996
1017 1821
1018 1709
1018 1982
1020 1386
1020 1586
1021 1219
1021 1675
1022 1364
1022 1452
1022 1728
1023 1115
1023 1385
1023 1394
1024 1178
1024 1583
1025 1523
1025 1562
1025 1605
1025 1632
1025 1689
1026 1527
1026 1563
1027 1893
1028 1100
1029 1378
1030 1854
1031 1525
1031 1583
1032 1561
1032 1767
1033 1107
1033 1152
1033 1413
1033 1981
1034 1313
1034 1636
1034 1667
1035 1304
1035 1560
1036 1049
1036 1296
1037 1650
1037 1818
1037 1887
1039 1132
1039 1472
1040 1136
1041 1327
1041 1682
1041 1759
1042 1806
1043 1221
1043 1831
1044 1203
1044 1385
1045 1086
1045 1112
1045 1290
1045 1496
1046 1771
1046 1831
1048 1281
1048 1398
1049 1108
1049 1153
1049 1504
1049 1908
1049 1914
1049 1996
1050 1378
1050 1644
1050 1777
1051 1468
1051 1482
1051 1688
1051 1719
1052 1193
1052 1968
1053 1257
1054 1254
1054 1392
1054 1596
1054 1969
1056 1365
1056 1568
1057 1152
1060 1266
1060 1341
1060 1580
1060 1615
1060 1761
1061 1227
1061 1671
1061 1898
1063 1084
1066 1616
1067 1156
1067 1682
1068 1624
1068 1887
1069 1072
1069 1698
1069 1752
1069 1945
1069 1997
1070 1290
1070 1575
1071 1854
1072 1190
1072 1292
1072 1523
1072 1801
1076 1083
1076 1141
1076 1268
1076 1337
1076 1341
1077 1624
1077 1904
1077 1938
1078 1590
1079 1687
1080 1109
1080 1362
1081 1157
1081 1201
1081 1480
1081 1733
1081 1966
1082 1139
1082 1347
1082 1349
1083 1625
1084 1488
1084 1513
1084 1727
1084 1795
1085 1090
1086 1546
1086 1578
1087 1947
1090 1778
1091 1521
1091 1602
1092 1178
1092 1281
1092 1856
1093 1695
1093 1926
1093 1963
1094 1716
1095 1424
1096 1187
1096 1411
1096 1591
1097 1873
1097 1901
1097 1999
1099 1152
1103 1444
1103 1855
1106 1222
1106 1229
1107 1525
1108 1384
1108 1574
1109 1306
1109 1797
1109 1893
1110 1255
1110 1363
1110 1426
1111 1237
1111 1465
1111 1843
1112 1756
1112 1804
1113 1304
1113 1843
1114 1824
1115 1822
1116 1429
1117 1570
1117 1819
1118 1661
1121 1649
1122 1547
1122 1666
1124 1541
1125 1288
1125 1577
1125 1800
1128 1195
1128 1199
1128 1964
1129 1620
1129 1951
1130 1720
1130 1935
1131 1565
1131 1645
1134 1222
1134 1433
1134 1876
1135 1305
1135 1940
1136 1154
1136 1221
1136 1888
1136 1962
1137 1668
1137 1839
1139 1509
1139 1515
1139 1594
1141 1459
1141 1627
1142 1430
1142 1919
1143 1881
1143 1936
1144 1247
1144 1482
1144 1813
1144 1864
1144 1931
1146 1269
1148 1149
1150 1549
1151 1346
1153 1195
1154 1176
1155 1534
1155 1725
1157 1642
1157 1678
1158 1628
1159 1429
1159 1437
1159 1913
1160 1558
1160 1609
1160 1792
1161 1301
1161 1324
1161 1585
1162 1887
1163 1179
1163 1936
1164 1936
1165 1263
1165 1779
1166 1456
1166 1745
1167 1514
1167 1582
1167 1607
1168 1510
1168 1689
1168 1752
1168 1968
1169 1830
1171 1689
1172 1571
1173 1945
1174 1176
1174 1354
1174 1757
1175 1507
1175 1509
1175 1831
1175 1854
1176 1208
1176 1453
1176 1469
1176 1526
1177 1462
1177 1702
1177 1738
1177 1914
1178 1644
1179 1399
1179 1945
1180 1230
1180 1420
1180 1439
1180 1824
1181 1256
1181 1702
1182 1307
1182 1472
1185 1377
1185 1735
1185 1937
1186 1805
1187 1628
1188 1781
1189 1421
1189 1539
1189 1604
1189 1740
1190 1492
1190 1574
1191 1254
1191 1745
1191 1959
1192 1553
1192 1789
1192 1846
1193 1708
1194 1953
1195 1203
1195 1390
1196 1556
1197 1909
1198 1253
1198 1509
1199 1632
1200 1449
1200 1640
1202 1339
1202 1736
1203 1651
1204 1277
1204 1329
1204 1429
1204 1828
1204 1860
1205 1332
1205 1450
1205 1959
1206 1365
1207 1687
1207 1751
1208 1214
1208 1837
1209 1925
1210 1511
1210 1929
1211 1969
1213 1798
1213 1989
1213 1996
1214 1263
1214 1438
1214 1474
1214 1626
1214 1780
1214 1826
1215 1259
1215 1552
1216 1410
1217 1226
1217 1772
1218 1345
1218 1973
1219 1701
1219 1835
1220 1957
1220 1964
1221 1806
1222 1331
1222 1378
1222 1841
1223 1773
1224 1498
1224 1947
1225 1560
1225 1659
1226 1302
1226 1376
1226 1684
1226 1768
1227 1243
1227 1280
1227 1822
1230 1375
1231 1691
1231 1702
1232 1336
1232 1799
1232 1946
1233 1294
1233 1413
1233 1669
1234 1349
1234 1361
1235 1463
1235 1786
1236 1934
1237 1272
1237 1692
1237 1766
1237 1772
1237 1773
1237 1889
1238 1284
1238 1500
1239 1898
1240 1314
1241 1571
1241 1776
1243 1460
1244 1429
1245 1398
1245 1524
1247 1285
1247 1791
1249 1292
1250 1722
1251 1727
1252 1256
1252 1496
1252 1762
1254 1619
1254 1931
1255 1355
1255 1533
1255 1664
1256 1397
1256 1723
1256 1772
1257 1539
1257 1669
1257 1934
1259 1434
1259 1851
1260 1360
1260 1704
1260 1811
1261 1299
1261 1726
1262 1302
1262 1332
1263 1456
1263 1474
1264 1524
1264 1587
1265 1501
1265 1701
1265 1969
1266 1881
1266 1923
1267 1449
1269 1624
1270 1594
1270 1739
1270 1867
1271 1567
1271 1746
1271 1810
1271 1901
1273 1527
1273 1543
1274 1793
1275 1425
1275 1740
1276 1339
1276 1571
1276 1788
1277 1563
1280 1358
1281 1777
1282 1470
1282 1575
1282 1672
1283 1464
1283 1797
1283 1871
1283 1889
1284 1979
1285 1381
1285 1555
1286 1321
1287 1291
1287 1523
1287 1529
1288 1296
1288 1762
1288 1797
1289 1664
1291 1390
1291 1463
1291 1564
1291 1599
1291 1960
1292 1752
1293 1918
1294 1690
1296 1384
1296 1556
1296 1983
1297 1664
1298 1603
1299 1641
1299 1645
1299 1823
1299 1845
1299 1984
1300 1380
1300 1515
1300 1900
1301 1441
1301 1947
1302 1858
1303 1341
1304 1650
1305 1482
1305 1727
1305 1912
1306 1676
1306 1763
1307 1797
1308 1561
1309 1450
1309 1994
1310 1315
1311 1845
1312 1526
1313 1547
1313 1867
1318 1673
1318 1799
1319 1760
1321 1536
1322 1436
1323 1447
1323 1753
1323 1959
1324 1806
1325 1514
1325 1832
1326 1658
1326 1801
1327 1434
1328 1599
1329 1509
1330 1454
1332 1387
1332 1460
1333 1863
1334 1734
1334 1770
1335 1810
1336 1527
1337 1641
1337 1893
1338 1541
1338 1718
1340 1716
1341 1347
1341 1827
1341 1994
1342 1367
1342 1752
1343 1411
1343 1470
1344 1456
1344 1817
1345 1472
1345 1518
1346 1875
1347 1803
1349 1831
1350 1802
1351 1649
1351 1792
1352 1354
1353 1486
1354 1672
1354 1945
1356 1884
1358 1388
1359 1451
1359 1827
1359 1961
1360 1892
1362 1961
1363 1902
1364 1616
1364 1717
1364 1933
1367 1901
1368 1818
1369 1447
1369 1840
1371 1483
1371 1914
1372 1745
1373 1574
1373 1624
1374 1972
1375 1438
1375 1448
1375 1909
1376 1399
1376 1832
1377 1398
1378 1438
1378 1687
1380 1734
1381 1431
1382 1779
1382 1798
1383 1643
1384 1627
1384 1675
1384 1687
1386 1559
1386 1673
1386 1750
1386 1800
1387 1922
1388 1552
1388 1561
1388 1641
1389 1433
1389 1435
1390 1835
1390 1923
1392 1629
1392 1771
1392 1859
1393 1515
1394 1448
1394 1668
1394 1992
1398 1720
1400 1425
1401 1632
1401 1899
1402 1641
1402 1744
1402 1828
1403 1457
1405 1662
1406 1533
1407 1606
1408 1487
1408 1574
1408 1709
1408 1777
1408 1931
1410 1413
1411 1916
1412 1502
1412 1555
1414 1554
1414 1947
1415 1452
1415 1850
1417 1911
1418 1609
1419 1470
1420 1705
1420 1858
1422 1455
1422 1911
1423 1893
1426 1763
1426 1952
1427 1690
1427 1877
1428 1709
1430 1889
1431 1488
1431 1583
1431 1696
1433 1539
1433 1838
1433 1940
1434 1557
1434 1701
1434 1978
1435 1871
1436 1862
1437 1959
1438 1538
1438 1801
1440 1606
1441 1592
1441 1845
1441 1906
1442 1652
1442 1709
1443 1493
1443 1557
1443 1558
1443 1797
1444 1721
1446 1662
1447 1598
1448 1475
1448 1612
1448 1624
1448 1710
1448 1722
1448 1869
1451 1587
1452 1453
1452 1873
1452 1935
1455 1884
1457 1540
1459 1678
1461 1589
1461 1678
1462 1651
1462 1938
1462 1950
1465 1527
1467 1625
1467 1887
1468 1517
1468 1601
1469 1694
1469 1809
1470 1885
1474 1769
1475 1724
1475 1846
1478 1887
1479 1807
1480 1651
1481 1922
1483 1589
1486 1582
1487 1698
1487 1980
1489 1790
1490 1543
1490 1657
1491 1692
1491 1984
1492 1844
1493 1701
1494 1817
1495 1693
1495 1864
1496 1854
1497 1530
1499 1546
1499 1583
1501 1633
1501 1702
1502 1601
1506 1933
1509 1822
1509 1977
1510 1538
1512 1867
1513 1794
1514 1717
1518 1594
1518 1880
1519 1575
1521 1597
1521 1950
1522 1775
1524 1615
1525 1691
1525 1757
1526 1619
1526 1711
1526 1783
1529 1659
1531 1851
1534 1990
1535 1602
1536 1783
1536 1848
1537 1841
1537 1860
1538 1563
1538 1791
1542 1824
1544 1803
1546 1558
1548 1992
1549 1714
1550 1858
1550 1960
1553 1852
1556 1698
1556 1865
1557 1947
1558 1680
1560 1677
1560 1952
1562 1869
1564 1587
1564 1666
1565 1566
1567 1707
1570 1867
1580 1830
1580 1856
1582 1633
1582 1844
1583 1605
1583 1781
1586 1863
1587 1713
1587 1951
1588 1831
1591 1759
1592 1721
1593 1697
1595 1825
1596 1649
1596 1682
1598 1796
1603 1884
1607 1968
1608 1665
1609 1864
1610 1798
1611 1646
1611 1774
1613 1619
1613 1958
1614 1785
1615 1988
1616 1761
1617 1889
1619 1764
1620 1625
1620 1688
1620 1811
1620 1844
1622 1807
1623 1842
1623 1869
1627 1728
1629 1813
1633 1758
1633 1837
1634 1903
1641 1837
1641 1899
1644 1733
1649 1741
1649 1994
1650 1654
1651 1885
1656 1905
1658 1998
1660 1787
1660 1845
1661 1701
1661 1873
1663 1745
1666 1912
1666 1994
1668 1737
1670 1798
1670 1820
1671 1998
1672 1732
1672 1761
1672 1792
1675 1950
1678 1878
1679 1862
1680 1774
1680 1793
1683 1830
1684 1770
1684 1926
1684 1955
1685 1746
1687 1774
1690 1694
1690 1858
1690 1904
1690 1967
1691 1842
1694 1722
1695 1783
1696 1913
1697 1910
1697 1986
1698 1936
1700 1833
1702 1768
1702 1982
1706 1925
1706 1992
1707 1716
1709 1812
1710 1805
1710 1909
1711 1731
1715 1763
1718 1725
1719 1731
1719 1813
1725 1728
1725 1982
1733 1970
1735 1741
1735 1816
1736 1805
1736 1837
1737 1881
1738 1907
1739 1978
1741 1755
1741 1819
1742 1767
1745 1791
1745 1843
1747 1749
1748 1754
1748 1864
1751 1795
1751 1843
1751 1928
1756 1852
1759 1949
1760 1841
1763 1973
1764 1989
1767 1988
1768 1980
1773 1784
1775 1953
1780 1955
1782 1909
1782 1922
1784 1823
1795 1921
1797 1878
1800 1888
1801 1954
1805 1936
1806 1994
1809 1825
1810 1848
1810 1990
1816 1852
1821 1890
1823 1891
1823 1940
1826 1904
1827 1860
1832 1883
1832 1898
1832 1948
1838 1896
1839 1903
1842 1992
1846 1872
1849 1853
1852 1853
1854 1867
1854 1889
1854 1910
1856 1933
1856 1985
1856 1994
1862 1913
1862 1956
1862 1964
1864 1908
1865 1967
1867 1967
1872 1971
1873 1885
1876 1948
1877 1974
1884 1998
1890 1909
1899 1946
1902 1978
1903 1970
1921 1925
1921 1983
1929 1997
1940 1955
1957 1969
1967 1995
1971 1993
1975 1979
