0 1
0 2
0 3
0 4
0 8
0 11
0 12
0 15
0 16
0 17
0 19
0 26
0 30
0 31
0 33
0 40
0 42
0 45
0 54
0 63
0 66
0 71
0 77
0 79
0 85
0 88
0 92
0 93
0 98
0 99
0 107
0 108
0 109
0 110
0 113
0 126
0 127
0 129
0 131
0 144
0 154
0 156
0 169
0 172
0 173
0 176
0 179
0 186
0 189
0 192
0 197
0 198
0 213
0 214
0 215
0 217
0 254
0 261
0 262
0 277
0 279
0 280
0 284
0 285
0 297
0 300
0 316
0 322
0 323
0 329
0 331
0 336
0 355
0 358
0 360
0 373
0 378
0 383
0 398
0 412
0 433
0 450
0 451
0 456
0 460
0 467
0 473
0 477
0 485
0 487
0 491
0 499
0 509
0 514
0 519
0 529
0 530
0 536
0 540
0 547
0 551
0 555
0 562
0 572
0 579
0 584
0 591
0 595
0 598
0 610
0 627
0 634
0 650
0 656
0 661
0 681
0 683
0 688
0 699
0 705
0 715
0 717
0 726
0 739
0 745
0 751
0 752
0 754
0 756
0 764
0 773
0 776
0 777
0 788
0 790
0 799
0 803
0 804
0 812
0 816
0 825
0 845
0 846
0 853
0 855
0 859
0 889
0 893
0 904
0 905
0 913
0 919
0 927
0 958
0 966
0 986
0 991
0 1001
0 1004
0 1007
0 1009
0 1011
0 1016
0 1024
0 1026
0 1028
0 1039
0 1041
0 1051
0 1065
0 1067
0 1073
0 1084
0 1085
0 1109
0 1133
0 1138
0 1148
0 1152
0 1153
0 1164
0 1165
0 1166
0 1168
0 1181
0 1184
0 1196
0 1214
0 1219
0 1247
0 1256
0 1261
0 1272
0 1275
0 1283
0 1285
0 1286
0 1293
0 1302
0 1324
0 1330
0 1336
0 1337
0 1343
0 1351
0 1356
0 1379
0 1400
0 1405
0 1406
0 1413
0 1417
0 1421
0 1432
0 1441
0 1454
0 1468
0 1476
0 1477
0 1480
0 1500
0 1529
0 1546
0 1557
0 1570
0 1606
0 1620
0 1625
0 1638
0 1640
0 1654
0 1683
0 1708
0 1711
0 1725
0 1727
0 1743
0 1745
0 1747
0 1752
0 1756
0 1786
0 1790
0 1794
0 1805
0 1808
0 1817
0 1822
0 1837
0 1839
0 1842
0 1852
0 1858
0 1860
0 1861
0 1883
0 1903
0 1905
0 1916
0 1928
0 1930
0 1932
0 1962
0 1963
0 1968
0 1975
0 1976
0 1992
1 2
1 4
1 5
1 6
1 7
1 10
1 12
1 15
1 16
1 18
1 25
1 29
1 36
1 38
1 47
1 48
1 55
1 64
1 65
1 79
1 84
1 87
1 95
1 96
1 98
1 100
1 130
1 144
1 148
1 171
1 183
1 185
1 190
1 191
1 203
1 218
1 236
1 239
1 246
1 249
1 259
1 268
1 270
1 277
1 293
1 297
1 301
1 303
1 304
1 325
1 333
1 345
1 357
1 361
1 365
1 406
1 412
1 416
1 426
1 431
1 437
1 452
1 465
1 470
1 471
1 479
1 509
1 514
1 525
1 535
1 549
1 558
1 559
1 597
1 609
1 610
1 629
1 635
1 636
1 644
1 667
1 703
1 711
1 721
1 735
1 743
1 771
1 773
1 784
1 789
1 796
1 809
1 828
1 834
1 867
1 882
1 891
1 892
1 901
1 903
1 908
1 919
1 922
1 929
1 960
1 971
1 972
1 983
1 989
1 1034
1 1064
1 1092
1 1098
1 1105
1 1128
1 1130
1 1159
1 1164
1 1207
1 1228
1 1236
1 1282
1 1293
1 1319
1 1341
1 1349
1 1359
1 1362
1 1363
1 1366
1 1375
1 1382
1 1387
1 1401
1 1425
1 1440
1 1457
1 1460
1 1465
1 1504
1 1548
1 1581
1 1584
1 1595
1 1617
1 1650
1 1679
1 1683
1 1708
1 1732
1 1736
1 1773
1 1783
1 1800
1 1804
1 1806
1 1823
1 1827
1 1832
1 1834
1 1845
1 1849
1 1866
1 1872
1 1874
1 1877
1 1912
1 1934
1 1939
1 1949
1 1983
1 1992
1 1995
2 3
2 5
2 6
2 8
2 9
2 13
2 14
2 19
2 20
2 21
2 22
2 23
2 24
2 25
2 35
2 37
2 39
2 43
2 45
2 47
2 50
2 53
2 54
2 56
2 58
2 61
2 67
2 69
2 74
2 77
2 80
2 82
2 83
2 84
2 85
2 87
2 90
2 91
2 94
2 104
2 111
2 112
2 119
2 125
2 126
2 131
2 132
2 133
2 134
2 138
2 148
2 151
2 169
2 170
2 174
2 188
2 190
2 195
2 196
2 201
2 217
2 223
2 225
2 231
2 235
2 237
2 238
2 242
2 243
2 246
2 247
2 248
2 257
2 258
2 263
2 272
2 276
2 282
2 286
2 289
2 311
2 326
2 334
2 336
2 340
2 348
2 362
2 364
2 367
2 386
2 388
2 395
2 400
2 403
2 410
2 413
2 414
2 443
2 444
2 447
2 459
2 469
2 474
2 482
2 495
2 507
2 515
2 516
2 518
2 521
2 531
2 548
2 551
2 557
2 559
2 560
2 566
2 580
2 594
2 609
2 612
2 623
2 625
2 628
2 632
2 634
2 647
2 649
2 671
2 675
2 683
2 685
2 686
2 689
2 692
2 695
2 696
2 701
2 708
2 723
2 744
2 746
2 750
2 760
2 762
2 763
2 781
2 807
2 808
2 818
2 832
2 861
2 867
2 880
2 882
2 925
2 926
2 953
2 967
2 969
2 977
2 978
2 982
2 993
2 1008
2 1027
2 1050
2 1053
2 1061
2 1101
2 1106
2 1114
2 1126
2 1137
2 1144
2 1146
2 1177
2 1178
2 1184
2 1186
2 1187
2 1201
2 1202
2 1210
2 1212
2 1214
2 1221
2 1234
2 1237
2 1269
2 1282
2 1284
2 1296
2 1313
2 1317
2 1318
2 1337
2 1338
2 1372
2 1414
2 1420
2 1422
2 1423
2 1444
2 1488
2 1496
2 1500
2 1518
2 1519
2 1564
2 1578
2 1587
2 1591
2 1598
2 1611
2 1614
2 1629
2 1632
2 1633
2 1648
2 1656
2 1671
2 1688
2 1693
2 1699
2 1715
2 1721
2 1722
2 1727
2 1728
2 1744
2 1753
2 1758
2 1767
2 1774
2 1778
2 1782
2 1787
2 1798
2 1854
2 1869
2 1894
2 1902
2 1907
2 1912
2 1935
2 1936
2 1943
2 1944
2 1945
2 1949
2 1953
2 1954
2 1960
2 1965
2 1972
2 1996
3 10
3 11
3 21
3 24
3 31
3 33
3 34
3 44
3 57
3 68
3 97
3 129
3 142
3 147
3 176
3 191
3 192
3 208
3 283
3 299
3 306
3 313
3 316
3 333
3 338
3 373
3 377
3 380
3 423
3 448
3 456
3 520
3 542
3 550
3 578
3 583
3 602
3 607
3 635
3 655
3 703
3 707
3 711
3 722
3 724
3 777
3 786
3 818
3 879
3 892
3 894
3 920
3 961
3 962
3 965
3 966
3 980
3 1040
3 1045
3 1089
3 1090
3 1094
3 1097
3 1127
3 1222
3 1233
3 1251
3 1259
3 1262
3 1373
3 1376
3 1382
3 1395
3 1429
3 1469
3 1504
3 1600
3 1644
3 1676
3 1768
3 1775
3 1952
3 1982
4 7
4 9
4 13
4 20
4 41
4 49
4 55
4 61
4 62
4 67
4 72
4 74
4 76
4 88
4 101
4 109
4 121
4 135
4 136
4 137
4 145
4 160
4 181
4 206
4 211
4 224
4 229
4 234
4 238
4 250
4 256
4 292
4 303
4 312
4 314
4 317
4 326
4 374
4 386
4 388
4 389
4 407
4 428
4 454
4 479
4 483
4 489
4 490
4 492
4 506
4 533
4 545
4 555
4 569
4 591
4 608
4 690
4 748
4 770
4 793
4 811
4 820
4 829
4 843
4 872
4 904
4 911
4 916
4 957
4 1033
4 1055
4 1066
4 1136
4 1197
4 1209
4 1220
4 1233
4 1254
4 1257
4 1280
4 1323
4 1347
4 1350
4 1377
4 1378
4 1381
4 1453
4 1512
4 1535
4 1637
4 1669
4 1823
4 1833
4 1881
4 1911
4 1926
4 1948
5 106
5 120
5 151
5 202
5 245
5 255
5 290
5 379
5 518
5 613
5 814
5 899
5 954
5 967
5 1188
5 1392
5 1422
5 1506
5 1522
5 1541
5 1568
5 1982
6 72
6 75
6 102
6 241
6 335
6 346
6 424
6 431
6 481
6 504
6 695
6 702
6 741
6 759
6 793
6 914
6 1015
6 1056
6 1110
6 1135
6 1191
6 1216
6 1277
6 1278
6 1305
6 1362
6 1417
6 1426
6 1441
6 1470
6 1489
6 1583
6 1662
6 1667
6 1689
6 1713
6 1876
6 1896
6 1967
7 35
7 57
7 116
7 210
7 532
7 877
7 890
7 900
8 17
8 18
8 22
8 27
8 39
8 50
8 59
8 65
8 94
8 105
8 116
8 199
8 205
8 239
8 241
8 266
8 302
8 408
8 433
8 453
8 475
8 478
8 484
8 574
8 580
8 633
8 653
8 698
8 753
8 780
8 898
8 952
8 1032
8 1116
8 1121
8 1134
8 1166
8 1176
8 1257
8 1491
8 1530
8 1584
8 1668
8 1734
8 1779
9 418
9 422
9 616
9 755
9 918
9 1255
9 1256
9 1315
9 1361
9 1419
9 1612
9 1867
10 154
10 639
10 1424
10 1514
10 1714
10 1885
10 1893
11 80
11 81
11 113
11 164
11 178
11 228
11 236
11 489
11 537
11 570
11 624
11 649
11 697
11 752
11 802
11 895
11 957
11 974
11 1189
11 1253
11 1380
11 1409
11 1479
11 1526
11 1553
11 1554
11 1672
12 14
12 27
12 28
12 32
12 46
12 49
12 51
12 52
12 62
12 70
12 90
12 97
12 115
12 130
12 140
12 149
12 152
12 167
12 175
12 181
12 186
12 209
12 220
12 229
12 230
12 232
12 264
12 279
12 324
12 339
12 353
12 403
12 418
12 420
12 424
12 429
12 434
12 435
12 452
12 482
12 492
12 494
12 568
12 583
12 647
12 693
12 696
12 706
12 709
12 712
12 713
12 732
12 774
12 784
12 797
12 844
12 884
12 895
12 902
12 907
12 912
12 982
12 1018
12 1040
12 1115
12 1160
12 1249
12 1271
12 1288
12 1303
12 1304
12 1320
12 1365
12 1378
12 1391
12 1395
12 1399
12 1412
12 1466
12 1483
12 1497
12 1536
12 1539
12 1562
12 1610
12 1620
12 1696
12 1739
12 1799
12 1802
12 1855
12 1879
12 1908
12 1991
13 792
13 1607
14 34
14 42
14 53
14 81
14 96
14 204
14 206
14 228
14 298
14 391
14 459
14 600
14 680
14 815
14 866
14 979
14 1082
14 1108
14 1111
14 1174
14 1377
14 1442
14 1507
14 1579
14 1769
14 1856
15 1315
15 1376
15 1498
16 107
16 735
17 69
17 127
17 150
17 196
17 404
17 476
17 511
17 513
17 586
17 712
17 780
17 1115
17 1298
17 1314
17 1548
17 1625
17 1634
18 26
18 41
18 71
18 143
18 212
18 216
18 247
18 343
18 352
18 379
18 380
18 410
18 505
18 513
18 586
18 686
18 692
18 811
18 824
18 837
18 872
18 955
18 984
18 1018
18 1042
18 1107
18 1215
18 1310
18 1360
18 1410
18 1415
18 1615
18 1659
18 1684
18 1731
18 1755
18 1763
18 1865
18 1887
18 1942
18 1990
19 23
19 36
19 75
19 146
19 167
19 218
19 254
19 265
19 341
19 349
19 363
19 455
19 462
19 501
19 595
19 600
19 664
19 718
19 727
19 761
19 783
19 805
19 841
19 847
19 884
19 999
19 1054
19 1083
19 1165
19 1252
19 1269
19 1317
19 1361
19 1543
19 1572
19 1649
19 1680
19 1719
19 1844
19 1930
20 52
20 419
20 862
20 1025
20 1077
20 1266
20 1627
21 28
21 554
21 1592
21 1890
22 37
22 58
22 78
22 91
22 237
22 253
22 347
22 517
22 523
22 680
22 765
22 782
22 813
22 821
22 916
22 1071
22 1107
22 1122
22 1285
22 1611
22 1789
22 1877
22 1888
22 1950
23 70
23 208
23 211
23 235
23 307
23 327
23 384
23 397
23 547
23 552
23 563
23 730
23 738
23 772
23 844
23 888
23 1136
23 1195
23 1406
23 1431
23 1501
23 1509
23 1594
23 1715
23 1762
23 1870
23 1974
23 1983
24 103
24 121
24 139
24 158
24 189
24 252
24 337
24 524
24 594
24 655
24 736
24 1210
24 1300
24 1508
24 1601
24 1680
24 1740
24 1780
24 1812
24 1911
25 233
25 352
25 1476
26 48
26 344
26 515
26 888
26 1013
26 1359
26 1364
26 1585
27 29
27 30
27 40
27 43
27 83
27 120
27 128
27 153
27 207
27 221
27 223
27 232
27 273
27 282
27 328
27 340
27 357
27 359
27 425
27 467
27 468
27 493
27 501
27 517
27 590
27 611
27 612
27 617
27 660
27 688
27 689
27 715
27 768
27 785
27 803
27 873
27 875
27 988
27 1000
27 1008
27 1012
27 1030
27 1070
27 1084
27 1117
27 1155
27 1190
27 1201
27 1226
27 1238
27 1276
27 1302
27 1303
27 1311
27 1321
27 1331
27 1374
27 1435
27 1442
27 1450
27 1490
27 1522
27 1593
27 1607
27 1635
27 1648
27 1672
27 1709
27 1780
27 1788
27 1892
27 1897
27 1999
28 46
28 1023
29 32
29 59
29 60
29 66
29 105
29 108
29 165
29 183
29 185
29 219
29 291
29 301
29 351
29 429
29 564
29 657
29 734
29 800
29 852
29 877
29 933
29 947
29 955
29 970
29 1002
29 1036
29 1058
29 1072
29 1094
29 1131
29 1185
29 1230
29 1274
29 1301
29 1346
29 1474
29 1808
29 1922
30 44
30 51
30 63
30 110
30 119
30 141
30 157
30 168
30 198
30 219
30 251
30 252
30 363
30 368
30 390
30 397
30 455
30 534
30 616
30 809
30 901
30 931
30 1005
30 1087
30 1127
30 1316
30 1357
30 1394
30 1427
30 1433
30 1466
30 1659
30 1732
30 1767
30 1784
30 1915
30 1918
31 99
31 276
32 226
32 1831
33 68
33 101
33 146
33 225
33 265
33 296
33 309
33 330
33 342
33 394
33 407
33 409
33 472
33 603
33 663
33 980
33 1006
33 1112
33 1151
33 1325
33 1341
33 1416
33 1490
33 1710
33 1750
33 1781
33 1844
33 1886
33 1941
33 1942
33 1962
34 38
34 89
34 111
34 143
34 162
34 284
34 292
34 310
34 327
34 367
34 458
34 468
34 472
34 483
34 500
34 637
34 734
34 744
34 747
34 810
34 1057
34 1103
34 1198
34 1451
34 1485
34 1528
34 1559
34 1563
34 1595
34 1599
34 1613
34 1618
34 1669
34 1707
34 1725
34 1770
34 1872
34 1902
36 136
36 140
36 168
36 209
36 449
36 480
36 626
36 694
36 1735
37 89
38 137
38 180
38 641
38 822
38 834
38 859
38 961
38 1437
39 104
39 150
39 173
39 195
39 371
39 488
39 510
39 543
39 631
39 650
39 728
39 887
39 1232
39 1586
39 1910
40 529
40 1542
40 1657
40 1974
41 135
41 222
41 248
41 275
41 290
41 377
41 439
41 442
41 449
41 522
41 573
41 590
41 617
41 681
41 700
41 720
41 757
41 816
41 837
41 885
41 896
41 908
41 1120
41 1140
41 1227
41 1322
41 1494
41 1523
41 1559
41 1567
41 1576
41 1836
41 1876
41 1917
41 1989
42 115
42 175
42 335
42 368
42 392
42 443
42 1133
42 1696
43 486
43 678
43 1357
43 1444
43 1622
44 261
44 299
44 313
44 328
44 370
44 391
44 394
44 503
44 526
44 636
44 666
44 718
44 806
44 1030
44 1190
44 1268
44 1281
44 1371
44 1408
44 1575
44 1739
44 1777
44 1796
44 1828
44 1851
45 194
45 766
45 1217
45 1723
45 1963
46 60
46 76
46 161
46 163
46 184
46 260
46 269
46 278
46 280
46 287
46 295
46 321
46 345
46 376
46 405
46 567
46 585
46 606
46 613
46 630
46 632
46 676
46 798
46 823
46 830
46 883
46 885
46 926
46 945
46 1028
46 1069
46 1104
46 1119
46 1177
46 1195
46 1236
46 1299
46 1394
46 1464
46 1530
46 1603
46 1642
46 1682
46 1795
46 1848
46 1955
47 56
47 286
47 411
47 464
47 1088
47 1609
48 141
48 162
48 163
48 314
48 390
48 401
48 460
48 481
48 516
48 573
48 596
48 646
48 661
48 700
48 897
48 977
48 979
48 997
48 1023
48 1093
48 1364
48 1423
48 1563
48 1721
48 1749
48 1897
48 1946
48 1955
49 170
49 294
49 355
49 370
49 881
49 1049
49 1080
49 1676
50 82
50 106
50 124
50 142
50 157
50 317
50 318
50 358
50 401
50 870
50 1847
50 1886
51 1674
51 1933
53 147
53 188
53 512
53 766
53 854
53 866
54 166
54 262
54 269
54 274
54 300
54 417
54 427
54 592
54 769
54 862
54 896
54 1046
54 1125
54 1179
54 1242
54 1465
54 1610
54 1738
54 1768
55 548
55 602
55 666
55 684
55 756
55 1251
55 1493
55 1667
55 1830
55 1900
56 354
56 470
56 473
56 1020
56 1044
56 1059
56 1741
56 1925
56 1976
57 320
57 781
57 978
57 1404
57 1782
58 78
58 102
58 332
58 347
58 400
58 656
58 1134
58 1231
58 1242
58 1810
59 73
59 123
59 264
59 372
59 385
59 405
59 432
59 437
59 476
59 541
59 579
59 659
59 1005
59 1249
59 1258
59 1281
59 1334
60 117
60 725
60 1228
61 64
61 73
61 159
61 227
61 288
61 376
61 382
61 411
61 436
61 565
61 592
61 652
61 840
61 994
61 1017
61 1020
61 1096
61 1271
61 1450
61 1554
61 1574
61 1621
61 1697
61 1871
61 1906
62 375
63 542
63 943
63 1158
64 95
64 215
64 221
64 244
64 378
64 477
64 1182
64 1191
64 1213
64 1224
64 1792
66 112
66 222
66 1066
66 1129
66 1833
66 1903
67 259
67 751
67 1509
67 1981
68 86
68 117
68 200
68 226
68 296
68 423
68 432
68 463
68 800
68 827
68 921
68 969
68 1011
68 1180
68 1536
68 1861
68 1885
68 1898
68 1924
68 1927
68 1934
69 156
69 311
69 736
69 874
69 1029
69 1274
69 1297
69 1516
69 1777
70 100
70 338
70 508
70 618
70 687
70 691
70 785
70 1373
72 674
73 114
73 387
73 826
73 874
73 899
73 1124
73 1161
73 1185
73 1628
73 1702
73 1747
73 1851
74 231
74 266
74 323
74 393
74 484
74 713
74 740
74 863
74 1486
74 1609
74 1798
74 1960
75 1506
75 1812
76 486
76 1477
77 775
77 1167
77 1440
78 86
78 187
78 306
78 876
78 938
78 1634
78 1878
79 122
79 124
79 153
79 158
79 212
79 240
79 244
79 249
79 305
79 430
79 450
79 502
79 581
79 645
79 727
79 759
79 851
79 869
79 913
79 917
79 1044
79 1054
79 1071
79 1100
79 1354
79 1366
79 1521
79 1599
79 1602
79 1681
79 1710
79 1754
79 1773
79 1817
80 179
80 732
80 1464
80 1735
81 1145
85 93
85 166
85 302
85 894
86 528
86 1797
87 155
87 533
87 839
87 1358
87 1538
87 1592
88 494
90 1742
91 92
91 118
91 201
91 214
91 694
91 749
91 928
91 963
91 996
91 1146
91 1518
91 1843
92 535
92 679
92 881
92 1051
92 1489
92 1704
93 1568
94 122
94 128
94 339
94 356
94 453
94 520
94 623
94 853
94 1495
94 1565
94 1723
94 1796
94 1813
94 1889
95 182
95 204
95 758
95 817
95 1036
95 1139
95 1597
96 103
96 258
96 294
96 310
96 446
96 575
96 935
96 1055
96 1086
96 1156
96 1183
96 1410
96 1699
96 1873
96 1961
97 174
97 342
97 438
97 778
97 1313
97 1664
97 1837
97 1997
98 139
98 159
98 160
98 242
98 250
98 281
98 304
98 416
98 458
98 478
98 582
98 709
98 733
98 737
98 906
98 953
98 960
98 973
98 981
98 991
98 998
98 1010
98 1212
98 1311
98 1369
98 1408
98 1527
98 1675
98 1726
100 814
100 1658
101 1244
101 1793
101 1835
102 134
102 203
102 938
102 1123
102 1651
102 1820
102 1989
103 690
104 114
104 307
104 442
104 618
104 693
104 861
104 1120
104 1275
104 1430
104 1695
104 1806
104 1917
106 808
106 1627
107 1234
108 220
108 428
108 454
108 605
108 1031
108 1068
108 1118
108 1551
108 1637
109 289
109 627
111 152
111 227
111 614
111 621
111 898
111 1062
112 571
112 731
112 1290
112 1646
113 182
113 508
113 921
113 1022
113 1445
113 1805
113 1880
114 118
114 475
114 530
114 840
114 1189
114 1238
114 1384
114 1487
114 1540
114 1841
115 194
115 202
115 207
115 319
115 329
115 371
115 670
115 826
115 1033
115 1226
115 1301
116 123
116 138
116 505
116 546
116 1022
116 1208
116 1237
117 125
117 165
117 281
117 461
117 805
117 863
117 983
117 1041
117 1063
117 1141
117 1224
117 1239
117 1259
117 1403
117 1619
117 1692
117 1824
118 658
118 1733
120 488
120 561
120 745
120 928
120 1973
121 155
121 1221
122 399
122 435
122 485
122 504
122 710
122 768
122 824
122 986
122 1203
122 1267
122 1431
122 1481
122 1484
122 1503
122 1640
123 1078
123 1204
124 149
124 224
124 305
124 439
124 445
124 858
124 1482
124 1749
125 575
126 406
127 133
127 288
127 351
127 374
127 389
127 445
127 521
127 638
127 639
127 742
127 909
127 1203
127 1248
127 1345
127 1428
127 1455
127 1671
127 1701
127 1772
127 1824
127 1936
127 1987
128 145
128 197
128 285
128 383
128 1230
128 1254
130 132
130 161
130 461
130 499
130 519
130 536
130 545
130 576
130 651
130 753
130 823
130 1075
130 1082
130 1186
130 1339
130 1629
131 274
131 836
132 995
132 1069
133 240
133 387
133 1279
133 1467
133 1573
133 1730
133 1764
133 1862
134 563
134 782
135 417
135 539
135 698
135 1202
136 448
136 714
136 791
136 864
136 1017
136 1019
136 1330
136 1456
136 1488
136 1579
136 1677
136 1705
136 1818
136 1898
137 1571
139 172
139 716
139 1322
139 1850
139 1895
140 213
140 438
140 544
140 569
140 762
140 886
140 993
140 1093
140 1405
140 1467
140 1521
140 1539
140 1566
140 1871
140 1899
143 287
143 457
143 556
143 663
143 764
143 1101
143 1569
144 177
144 180
144 199
144 210
144 270
144 293
144 382
144 758
144 958
144 959
144 985
144 1034
144 1239
144 1312
144 1381
144 1446
144 1537
144 1581
144 1582
144 1728
144 1841
145 200
145 615
145 1172
145 1243
145 1279
145 1470
145 1473
146 309
146 540
146 605
146 802
146 1219
146 1651
146 1946
147 178
148 255
148 743
148 1342
148 1744
148 1764
148 1815
148 1952
148 1978
149 402
149 1460
149 1639
151 857
153 1779
153 1875
154 283
154 341
154 375
154 404
154 480
154 640
154 1138
154 1178
154 1181
154 1407
154 1948
155 421
155 434
155 463
155 1569
156 1091
156 1630
159 171
159 187
159 272
159 273
159 343
159 396
159 469
159 497
159 498
159 522
159 543
159 638
159 671
159 684
159 988
159 990
159 1038
159 1403
159 1482
160 332
160 396
160 1290
160 1353
160 1965
161 164
161 359
161 451
161 707
161 1007
161 1392
161 1857
161 1880
161 1947
161 1977
162 177
162 724
162 787
162 810
162 937
162 1286
162 1944
163 346
163 497
163 779
163 962
163 1386
163 1461
163 1501
163 1800
164 366
165 193
165 216
165 253
165 321
165 344
165 558
165 1141
167 1757
169 420
169 421
169 568
169 675
169 716
169 1685
169 1701
170 233
170 308
170 596
170 1024
170 1479
170 1731
171 385
171 399
171 537
172 413
172 710
172 1986
173 271
174 408
174 1631
174 1712
175 1294
177 1019
177 1150
177 1436
178 1883
179 184
179 193
179 570
179 629
179 652
179 658
179 665
179 748
179 907
179 956
179 976
179 1056
179 1075
179 1175
179 1462
179 1473
179 1474
179 1517
179 1653
179 1757
179 1881
180 243
180 948
180 1097
181 205
181 366
181 436
181 464
181 599
182 350
182 1329
183 234
183 256
183 362
183 906
183 950
183 1260
183 1626
183 1761
183 1981
185 943
186 678
186 1004
188 361
188 422
188 471
188 1368
188 1770
189 1385
189 1416
190 491
190 1240
191 245
191 331
191 372
191 546
191 550
191 910
191 915
191 1162
191 1167
192 267
192 295
192 330
192 441
192 444
192 1145
192 1220
192 1443
193 1139
193 1319
193 1520
194 320
194 369
194 1508
195 360
195 534
195 772
195 1206
195 1208
195 1306
195 1445
199 1155
201 930
201 1860
202 1232
203 268
203 398
203 607
203 774
204 1045
204 1363
205 251
205 267
205 291
205 350
205 474
205 510
205 512
205 562
205 584
205 601
205 603
205 606
205 608
205 614
205 626
205 646
205 721
205 737
205 740
205 836
205 871
205 939
205 1031
205 1052
205 1143
205 1247
205 1314
205 1537
205 1706
205 1742
205 1775
205 1859
205 1924
206 621
206 1551
208 1438
209 576
209 1716
211 1241
211 1588
211 1668
212 257
212 260
212 271
212 447
212 496
212 587
212 719
212 833
212 870
212 973
212 1064
212 1112
212 1245
212 1702
212 1826
212 1997
214 278
214 1577
215 622
215 731
215 1253
216 230
216 466
216 924
216 1104
216 1840
216 1847
216 1856
217 561
217 565
217 1091
217 1354
217 1390
217 1468
217 1645
217 1724
218 415
218 820
218 831
218 1200
218 1243
218 1686
219 1222
219 1916
220 318
220 446
220 679
221 673
221 1636
222 779
223 1209
223 1541
224 275
224 381
227 263
227 315
227 324
227 353
227 409
227 944
227 946
227 1052
227 1396
227 1449
227 1550
227 1564
227 1649
227 1774
227 1925
229 457
229 625
229 1079
229 1389
229 1463
229 1596
229 1709
230 1593
231 541
231 739
231 930
231 975
231 1582
231 1632
231 1769
233 615
233 1211
233 1434
233 1970
236 624
236 1287
236 1332
236 1436
236 1821
236 1988
238 935
238 964
240 1447
241 643
241 719
241 1081
242 1456
244 887
245 1915
246 1085
247 577
247 682
247 786
247 789
247 876
247 1174
247 1617
247 1961
247 1966
247 1993
251 682
251 1105
251 1587
251 1713
252 356
252 828
253 1246
253 1655
254 1159
255 381
255 502
255 528
255 604
255 662
255 706
255 815
255 879
255 1092
255 1108
255 1131
255 1156
255 1168
255 1397
255 1462
256 852
256 1439
259 1846
260 503
263 1163
263 1193
263 1205
263 1594
263 1761
263 1801
263 1985
265 597
265 936
265 1076
265 1418
266 1172
268 365
270 348
270 1623
271 1369
273 831
273 990
275 527
275 640
275 669
275 1160
275 1839
276 298
276 369
276 729
276 821
278 746
279 554
279 1109
279 1566
279 1754
280 1475
281 855
281 1336
281 1517
282 325
282 364
282 578
282 644
282 1471
282 1663
282 1830
282 1895
282 1909
283 490
283 496
284 1342
284 1602
285 426
285 1095
285 1187
285 1700
286 1169
286 1390
286 1425
287 322
287 349
287 419
287 487
287 544
287 552
287 974
287 1291
287 1421
287 1438
287 1633
287 1707
287 1791
288 829
288 1340
288 1606
288 1920
289 527
289 588
289 705
289 952
289 1119
289 1605
289 1809
290 708
290 795
290 1662
291 995
293 430
293 556
293 628
293 714
293 1448
293 1511
293 1929
294 312
294 334
294 601
294 657
294 851
294 1478
294 1670
295 315
295 599
295 783
295 838
295 918
295 971
295 1102
295 1153
295 1424
295 1722
295 1765
295 1818
296 794
297 319
297 1737
298 763
299 354
299 384
299 427
299 654
299 699
299 1157
299 1552
299 1726
299 1935
302 631
302 865
302 912
302 1170
302 1263
302 1437
302 1729
302 1870
304 308
304 466
304 587
304 792
304 812
304 949
304 1261
304 1677
305 704
305 1015
305 1163
305 1894
307 553
307 598
308 691
311 722
311 723
312 1388
313 395
313 778
313 873
314 1231
315 927
315 932
316 589
316 662
316 970
316 1229
316 1321
316 1998
317 940
317 1289
317 1714
318 794
319 856
319 857
319 1938
320 860
320 924
320 1053
320 1194
322 767
322 849
323 1065
323 1149
323 1505
323 1665
323 1820
325 337
327 557
327 720
327 801
327 886
327 1090
327 1217
327 1225
327 1248
328 648
328 1245
328 1347
328 1451
328 1492
328 1866
328 1995
329 659
332 532
332 1035
332 1047
332 1132
332 1463
333 673
334 440
334 934
334 1121
334 1901
335 393
335 1809
337 1788
338 465
338 511
338 911
338 1078
338 1829
340 392
341 667
342 1116
342 1154
342 1973
343 848
344 1835
345 507
345 560
345 933
345 1528
345 1959
346 795
346 838
346 1037
347 571
347 665
347 685
347 869
347 1864
348 1608
349 1000
349 1323
349 1550
349 1743
351 676
352 577
353 500
353 968
353 1125
353 1401
353 1583
355 728
355 733
355 1704
355 1853
356 1979
359 402
359 462
359 917
359 1792
360 1308
360 1415
360 1600
362 1399
363 669
363 868
363 1355
363 1556
366 841
366 1080
366 1954
367 1126
367 1252
369 440
369 900
371 415
371 1348
371 1613
372 964
374 1814
375 701
376 880
376 1135
377 581
377 589
381 944
383 668
383 942
383 1292
384 1828
386 414
386 975
388 770
388 878
390 588
390 997
394 441
394 1507
395 843
395 893
395 941
395 1267
395 1419
397 1140
397 1514
399 564
399 672
399 865
399 871
399 1312
399 1502
399 1544
399 1703
399 1947
400 801
400 835
401 1061
402 622
404 750
404 1326
408 883
408 1009
408 1032
408 1100
408 1215
409 994
409 1695
410 425
410 1124
410 1142
410 1278
410 1684
411 1113
411 1426
412 585
412 1299
414 604
416 531
418 1334
418 1921
421 1758
422 1350
422 1562
425 1073
427 1096
427 1681
429 704
429 760
429 819
429 846
429 1016
429 1157
429 1455
430 1148
430 1618
431 495
431 633
434 539
434 572
435 1137
435 1235
438 1557
438 1598
438 1838
440 749
440 788
440 1414
443 1002
443 1905
446 839
446 875
446 1644
446 1658
446 1923
447 493
447 526
447 742
447 1074
447 1250
447 1295
447 1310
447 1526
447 1971
448 566
448 959
448 1385
448 1511
449 950
449 1263
449 1891
450 761
450 923
450 1493
450 1928
451 1664
451 1787
452 787
452 1654
454 905
454 1309
454 1549
455 1515
456 730
457 1811
458 654
458 954
459 619
459 687
459 1642
462 845
462 929
462 1048
462 1098
462 1205
462 1216
462 1351
462 1367
464 524
465 697
466 738
466 1945
468 1469
468 1529
469 498
470 506
470 538
470 1123
470 1596
470 1601
472 726
472 949
472 1604
473 1752
473 1994
474 1262
475 1527
477 1099
478 1690
479 702
479 842
479 956
479 1229
479 1235
479 1988
480 984
481 677
481 797
481 807
481 968
481 1014
481 1718
483 593
483 796
483 939
484 1117
486 1207
486 1240
486 1868
487 827
488 1291
488 1432
489 1586
490 1328
491 1316
494 525
494 1294
494 1331
494 1515
494 1772
494 1932
497 1687
499 1147
499 1218
499 1287
499 1760
499 1964
502 769
502 998
502 1393
502 1700
502 1794
502 1857
503 981
503 1038
503 1062
503 1086
503 1532
503 1543
503 1571
506 620
509 574
509 648
509 1025
509 1074
509 1273
510 523
510 567
510 985
510 1585
512 677
512 791
512 1289
514 1132
514 1645
517 1759
518 937
519 1003
519 1531
521 582
524 553
524 891
524 1048
524 1175
524 1352
525 1655
527 1896
528 1716
530 538
530 643
530 1143
530 1327
532 642
532 972
537 630
538 868
538 1420
538 1547
538 1834
539 1063
539 1198
539 1778
539 1910
540 1264
543 1170
544 549
544 799
545 1471
545 1486
548 1307
549 642
549 1487
549 1931
552 835
553 923
553 1635
554 611
554 674
554 1026
554 1560
556 833
558 593
558 1453
558 1673
560 1850
560 1957
561 747
562 637
562 1503
563 664
563 942
563 1665
563 1874
565 1161
565 1734
565 1760
567 619
568 941
571 1352
571 1603
571 1720
571 1940
575 660
575 1678
576 1631
579 878
579 1042
579 1643
579 1893
580 765
581 653
581 1043
581 1223
581 1567
581 1776
583 717
583 755
583 934
583 1014
583 1204
583 1985
584 1188
585 1555
585 1638
585 1689
585 1964
586 849
587 854
588 1200
589 620
589 1162
591 1029
592 1842
593 1736
595 1386
595 1497
596 670
599 931
600 1558
600 1884
600 1991
602 850
602 1590
603 672
604 641
604 1113
604 1318
604 1807
604 1984
607 1021
607 1046
610 987
610 1811
611 1523
614 1371
616 915
616 1325
616 1759
620 1273
621 1213
621 1418
621 1428
621 1626
621 1670
621 1957
623 1552
624 890
624 936
624 1196
624 1327
624 1358
624 1375
624 1605
624 1690
624 1937
626 645
626 1152
626 1534
626 1661
626 1914
631 856
631 1499
632 1524
633 1182
633 1956
634 1147
636 668
636 741
637 1496
638 902
639 1740
641 1058
641 1297
641 1413
641 1795
641 1966
643 1328
643 1400
644 822
646 1657
647 1106
648 651
648 725
648 1372
649 729
649 925
649 1853
652 1589
655 819
655 951
655 1037
655 1265
658 1641
659 1502
660 1001
660 1454
660 1656
665 1128
667 790
667 992
667 1241
667 1308
668 1171
668 1250
671 860
673 1855
673 1929
674 922
674 1968
675 754
676 1307
678 1771
679 1621
683 1320
683 1398
684 1265
684 1535
688 1906
689 1003
692 1010
692 1491
692 1687
693 830
693 1192
693 1360
695 1921
700 804
700 1067
704 1340
705 1102
705 1863
707 832
710 1412
710 1785
710 1970
711 1068
711 1516
711 1698
711 1748
713 1223
714 767
714 776
714 842
718 1433
718 1499
719 1397
719 1975
720 757
721 1180
722 999
722 1246
727 1448
730 1329
730 1588
730 1641
731 771
731 806
731 1122
731 1765
734 1083
736 1142
736 1576
736 1691
736 1697
737 858
738 1956
740 1057
741 1060
744 1194
744 1919
745 1150
745 1748
746 1980
749 1686
750 1035
750 1481
750 1755
752 948
753 897
753 1111
753 1746
753 1858
759 1353
759 1738
761 775
761 817
762 1692
764 945
766 965
768 847
768 1043
768 1179
768 1879
769 848
770 798
770 1387
773 1060
773 1370
773 1459
774 1173
775 1615
780 1081
781 1365
781 1766
782 987
783 1079
786 909
787 1326
787 1356
788 989
789 1333
789 1525
789 1745
790 864
791 1616
792 1845
793 1088
794 1047
794 1129
798 1545
798 1666
799 1383
803 976
805 903
810 1284
811 813
811 825
811 1807
812 1087
812 1389
812 1546
813 1049
813 1384
816 910
816 1429
816 1889
816 1939
818 1693
821 920
821 963
821 992
821 1379
826 996
826 1324
828 1904
833 1072
834 1348
834 1643
834 1803
836 889
839 1969
840 1345
841 946
841 1268
843 1822
845 1398
847 1580
848 850
851 1532
852 951
854 1277
855 1821
859 914
859 1158
859 1407
859 1553
859 1718
862 1151
866 1717
868 940
868 1478
872 1149
872 1211
878 1288
878 1367
879 1484
882 1027
882 1264
885 1374
885 1411
886 1114
886 1814
888 1854
889 1154
890 1980
892 1411
895 1825
897 1296
900 1050
900 1724
901 1272
901 1520
902 1793
905 1459
905 1784
907 1370
907 1461
907 1999
908 1176
910 1006
912 1171
912 1691
913 1095
913 1663
916 1338
916 1457
917 1304
918 1076
919 947
919 1173
923 932
923 1089
923 1888
924 1612
926 1244
927 1498
927 1653
928 1012
930 1862
933 1298
933 1306
933 1647
938 1711
940 1218
943 1039
943 1169
946 1183
952 1380
955 1332
955 1533
958 1873
960 1703
964 1070
964 1753
968 1110
971 1540
971 1573
972 1077
976 1624
976 1869
978 1193
980 1305
980 1512
981 1919
984 1524
988 1547
989 1013
989 1495
989 1679
997 1266
997 1746
1005 1344
1005 1652
1005 1674
1009 1519
1012 1430
1015 1021
1015 1383
1015 1766
1017 1525
1019 1270
1022 1144
1023 1673
1025 1118
1028 1391
1031 1616
1033 1943
1034 1937
1036 1904
1040 1705
1045 1819
1046 1538
1046 1577
1047 1802
1050 1443
1055 1452
1056 1059
1056 1099
1056 1258
1056 1458
1056 1892
1056 1984
1066 1941
1068 1762
1071 1343
1072 1225
1072 1480
1077 1636
1077 1660
1080 1434
1083 1446
1085 1513
1088 1103
1090 1624
1090 1927
1093 1260
1098 1864
1103 1803
1106 1295
1106 1608
1108 1846
1110 1388
1110 1531
1110 1623
1110 1763
1111 1887
1113 1574
1114 1130
1114 1335
1114 1542
1114 1652
1114 1832
1117 1972
1128 1197
1130 1452
1130 1958
1135 1534
1148 1447
1150 1505
1153 1199
1153 1333
1153 1604
1153 1771
1154 1688
1156 1309
1157 1556
1157 1694
1157 1751
1157 1825
1161 1255
1161 1647
1163 1270
1165 1199
1167 1280
1167 1591
1167 1829
1174 1339
1177 1276
1177 1346
1177 1435
1177 1561
1177 1852
1177 1959
1178 1206
1183 1630
1185 1283
1187 1950
1189 1192
1189 1510
1198 1368
1199 1227
1199 1449
1201 1292
1202 1790
1202 1865
1203 1404
1203 1475
1203 1987
1206 1300
1206 1472
1207 1733
1213 1698
1216 1776
1216 1878
1216 1907
1217 1335
1217 1513
1219 1840
1223 1666
1229 1494
1231 1920
1233 1483
1236 1344
1241 1694
1241 1938
1243 1349
1245 1909
1247 1639
1248 1355
1248 1843
1249 1472
1250 1875
1251 1393
1251 1614
1252 1622
1252 1650
1256 1575
1256 1789
1260 1813
1261 1492
1266 1712
1266 1993
1268 1597
1275 1561
1277 1560
1280 1533
1286 1799
1293 1427
1293 1918
1293 1998
1295 1396
1296 1555
1296 1678
1296 1940
1298 1801
1301 1953
1302 1720
1302 1783
1304 1836
1304 1977
1306 1751
1308 1549
1321 1590
1327 1402
1329 1849
1330 1402
1330 1580
1337 1816
1343 1661
1346 1572
1349 1485
1349 1785
1351 1827
1362 1967
1371 1756
1371 1899
1377 1908
1378 1913
1382 1409
1383 1439
1385 1706
1386 1990
1390 1685
1402 1951
1408 1544
1417 1859
1421 1458
1426 1558
1426 1565
1426 1682
1426 1978
1427 1675
1427 1891
1427 1971
1430 1730
1438 1578
1438 1741
1439 1570
1441 1986
1446 1717
1462 1996
1463 1737
1468 1867
1469 1913
1470 1719
1470 1868
1486 1729
1492 1510
1497 1815
1502 1619
1504 1819
1529 1545
1532 1589
1540 1646
1573 1810
1585 1804
1604 1660
1607 1781
1611 1628
1631 1797
1631 1969
1646 1882
1662 1750
1669 1791
1677 1926
1680 1922
1694 1863
1713 1890
1717 1786
1727 1914
1728 1826
1729 1816
1733 1923
1749 1848
1753 1951
1753 1979
1756 1994
1762 1831
1763 1900
1774 1901
1778 1882
1787 1838
1790 1958
1822 1933
1827 1931
1871 1884
