0 222
0 528
0 544
0 839
0 962
1 247
1 680
1 690
2 62
2 253
2 483
2 772
3 169
3 268
3 343
3 781
3 815
4 538
4 931
6 24
6 472
6 995
7 88
7 455
8 244
8 328
8 396
8 448
8 670
8 689
8 742
9 223
9 652
10 33
11 33
11 79
11 222
12 282
12 451
12 611
13 279
13 725
13 736
13 800
13 964
14 194
14 629
15 200
15 296
16 464
16 555
16 635
16 783
17 70
17 323
17 537
17 709
18 366
19 455
20 52
20 120
20 548
21 99
21 321
21 420
21 705
21 855
22 206
22 590
22 646
22 835
23 107
23 427
23 770
23 779
24 213
24 311
24 993
25 277
25 580
25 863
25 949
26 364
26 653
26 710
26 726
26 919
27 173
27 242
27 743
28 134
28 182
28 214
28 364
28 754
28 871
29 464
29 650
29 687
29 747
30 125
30 309
30 555
30 811
31 228
32 298
32 327
32 521
32 566
32 584
32 869
32 907
33 67
33 95
33 482
33 581
33 654
33 994
34 84
35 212
35 391
35 446
35 837
36 368
36 438
36 709
36 805
36 825
37 270
37 645
38 394
38 525
38 800
38 836
38 934
39 70
39 278
39 590
39 685
40 361
40 659
40 807
41 751
42 89
42 407
42 475
42 535
42 597
42 669
42 875
42 976
43 963
44 75
44 713
44 827
45 208
45 250
45 466
45 560
45 758
45 777
45 909
46 581
46 664
47 319
47 400
47 419
47 425
48 265
48 402
48 450
48 969
49 205
49 231
49 564
49 569
49 623
49 701
50 396
51 107
51 154
51 312
51 421
51 447
52 154
52 273
52 494
52 574
52 675
52 921
53 168
53 274
53 301
53 552
53 673
54 261
54 270
54 342
55 640
56 175
56 712
56 727
56 728
56 788
56 997
57 827
58 229
58 249
58 576
58 634
58 800
59 115
59 622
60 491
60 592
60 608
60 743
61 259
61 711
62 198
62 483
62 641
62 869
63 122
63 279
63 694
63 920
64 150
64 794
65 758
65 762
66 261
66 442
66 778
67 86
67 532
67 626
68 317
68 331
68 684
68 895
68 965
69 376
69 586
69 647
70 413
70 556
70 573
70 971
71 245
71 318
71 450
71 501
71 613
71 857
72 359
72 421
72 463
72 623
72 639
74 326
74 729
74 945
75 213
75 252
75 360
75 522
75 671
75 684
75 887
76 290
76 314
76 624
76 645
77 101
77 282
77 328
77 334
77 539
78 392
78 676
78 773
78 906
79 158
79 184
79 333
79 427
79 493
80 211
80 333
80 444
80 465
80 748
81 284
81 587
81 961
82 106
82 265
82 622
82 966
83 347
83 688
83 712
83 838
84 502
84 904
85 95
85 469
85 828
86 737
86 788
86 824
87 196
87 381
87 592
87 595
88 836
89 111
89 123
89 243
89 664
89 808
90 491
90 808
91 503
91 570
91 994
92 124
92 184
92 293
92 366
92 482
92 557
92 621
92 730
92 896
93 263
93 573
93 685
93 751
94 200
94 269
94 332
94 540
94 616
94 778
94 972
95 161
95 278
95 289
95 327
95 575
96 448
96 668
96 972
97 134
97 230
98 99
99 574
99 737
99 987
100 147
100 162
100 233
100 368
100 763
100 804
100 943
101 298
102 164
102 180
102 491
102 880
103 618
103 878
103 962
104 295
104 382
104 632
104 668
105 584
105 967
106 312
106 447
106 573
106 605
106 688
106 783
106 793
107 387
107 552
107 986
108 230
108 244
108 302
108 686
108 998
109 367
109 456
109 624
109 748
109 961
110 385
110 494
111 508
111 645
112 222
112 359
112 572
112 700
112 739
113 389
113 891
114 591
114 808
114 844
115 126
115 396
115 967
116 594
116 695
116 764
116 848
117 240
117 439
117 658
118 205
118 258
118 566
118 793
119 836
120 144
120 373
120 446
121 133
121 224
121 227
121 644
122 254
122 530
122 626
122 734
122 802
123 170
123 187
123 195
123 405
123 454
123 684
124 178
124 244
124 371
124 483
124 853
124 917
125 379
125 424
125 925
126 559
126 652
127 146
127 157
127 229
127 566
127 910
128 186
128 276
128 353
128 356
128 443
128 534
128 745
128 859
128 917
129 785
129 928
130 137
130 429
130 640
131 169
131 405
131 504
131 731
132 222
132 802
132 803
133 192
133 374
133 425
133 471
133 726
133 974
135 167
135 447
135 481
135 577
136 688
136 782
136 795
136 801
137 190
137 486
138 276
138 331
138 529
138 946
139 162
139 258
139 337
139 687
139 902
140 578
140 637
141 312
141 624
141 716
141 880
142 432
142 986
143 330
143 859
144 304
144 717
144 915
145 228
145 627
145 670
145 770
146 617
147 260
147 659
148 152
148 609
148 840
148 924
149 470
149 574
149 697
150 354
150 474
150 656
150 799
150 945
150 981
151 399
151 476
151 485
151 513
151 534
151 852
152 158
152 241
152 605
152 746
153 949
154 364
154 392
154 530
154 808
154 906
154 961
154 986
155 580
155 599
155 886
156 688
156 878
157 537
157 559
157 904
158 161
158 487
158 522
158 616
158 844
158 940
159 284
159 350
159 504
159 579
160 201
160 269
160 745
160 996
161 448
161 759
161 866
162 165
162 366
162 545
162 986
163 806
164 411
164 628
164 633
164 888
165 302
165 781
166 306
166 476
166 636
166 822
166 886
166 947
167 337
167 432
167 587
167 801
167 930
168 622
168 734
168 976
169 328
169 349
169 492
169 935
170 561
170 602
170 650
171 172
171 324
171 431
171 448
171 653
171 849
171 952
172 276
172 333
172 690
173 843
174 802
174 966
175 279
175 416
175 446
175 598
175 627
175 781
175 786
175 884
176 235
176 269
176 295
176 311
176 486
177 375
177 601
177 779
177 902
177 972
178 210
178 447
178 468
178 788
178 795
179 188
179 248
179 449
179 824
179 912
180 198
180 227
180 572
180 651
180 791
180 913
180 916
181 187
181 475
181 609
182 454
182 490
183 574
183 739
184 879
184 882
185 447
185 617
185 703
185 869
185 946
185 949
186 223
186 428
186 448
186 484
186 899
186 979
187 479
187 558
187 866
188 587
188 595
189 368
189 520
189 622
189 701
189 771
190 725
190 731
190 825
191 330
191 868
191 993
192 408
192 499
193 235
193 632
193 814
194 222
194 513
195 230
195 548
195 560
195 668
195 848
196 200
196 588
196 714
197 375
197 659
198 289
198 530
198 534
198 740
198 817
198 853
199 426
199 901
200 746
200 961
201 343
201 676
201 844
202 206
202 605
202 935
202 961
203 376
203 421
203 457
203 677
203 776
203 975
203 987
204 398
204 868
204 874
204 973
204 999
205 872
206 530
206 675
206 878
206 924
206 977
207 638
207 766
208 283
208 723
209 331
209 546
209 760
210 745
210 913
211 240
211 322
211 373
211 620
211 770
212 615
212 871
213 690
214 386
214 631
214 822
215 253
215 339
216 544
216 914
217 317
217 356
217 574
217 809
217 821
218 269
218 418
218 492
220 224
221 654
222 461
222 575
222 718
222 771
222 879
222 946
223 363
223 816
223 896
224 400
224 602
224 625
224 651
224 829
224 906
224 959
225 256
225 297
225 562
225 863
226 523
226 920
226 960
227 807
228 349
228 471
228 543
228 565
228 597
228 767
229 430
230 835
230 898
231 354
231 569
231 594
231 802
233 637
233 843
233 990
234 524
234 764
235 385
235 836
236 311
236 472
236 551
236 733
236 978
237 404
237 474
237 680
237 892
238 345
238 643
238 732
239 332
239 655
239 671
240 449
240 525
241 335
241 550
241 626
241 649
241 753
242 736
242 879
243 889
245 376
245 562
245 761
245 928
245 954
246 725
246 731
246 773
247 437
247 710
247 774
248 495
248 783
248 907
249 294
249 423
249 458
249 793
251 734
251 854
251 969
251 983
253 327
253 550
253 559
253 757
253 785
253 804
254 281
254 417
254 809
254 935
256 550
256 599
256 687
256 970
256 992
257 680
257 751
257 991
258 434
258 444
258 529
258 753
259 497
259 609
259 707
260 490
260 633
260 837
261 293
261 599
261 878
262 508
262 592
262 770
263 388
263 581
263 763
264 404
264 457
266 432
266 702
266 721
267 788
269 409
269 471
269 678
269 865
269 866
270 710
270 811
271 292
272 455
272 594
272 804
273 444
273 523
273 596
273 890
274 666
275 442
276 336
276 369
276 468
276 744
276 745
276 925
277 597
277 614
277 644
277 794
277 797
277 839
277 862
278 450
278 707
278 738
278 809
279 743
279 802
279 943
280 622
280 855
280 959
281 677
281 920
281 976
282 375
282 393
282 602
283 618
283 756
283 806
283 881
283 956
284 472
284 625
284 736
284 853
284 878
284 931
284 935
285 364
286 755
287 330
287 597
287 829
288 329
288 528
288 904
288 934
289 300
289 494
289 661
289 713
289 773
289 992
290 347
290 443
290 778
291 726
291 927
292 324
292 467
292 958
293 311
293 326
293 902
293 978
294 397
294 720
295 384
295 687
295 725
295 770
297 343
297 815
297 916
298 710
298 889
299 403
299 883
300 462
300 480
300 504
300 510
300 523
301 449
301 952
302 594
303 305
303 402
303 496
303 699
303 753
303 783
303 975
303 976
304 344
304 768
304 986
305 461
305 771
306 531
306 586
306 729
306 743
306 830
307 523
307 764
307 881
308 377
308 462
308 857
309 311
309 489
309 704
309 829
309 923
310 491
310 514
310 674
310 730
310 749
310 961
312 610
312 744
312 758
313 441
313 574
313 869
314 406
314 496
314 964
315 338
315 345
315 489
315 815
315 885
315 940
316 391
316 858
317 436
317 858
317 909
319 325
319 408
319 455
319 576
319 780
319 916
320 818
321 337
321 600
321 702
321 827
322 338
322 508
322 766
322 775
322 789
323 460
323 953
324 709
325 394
325 608
325 739
326 335
326 357
326 922
327 565
327 897
328 807
329 355
329 414
329 692
329 707
330 539
330 681
330 846
331 541
332 718
333 516
333 575
333 628
333 946
334 680
335 783
336 338
336 641
336 852
337 500
337 510
337 679
337 776
337 854
337 859
337 916
338 717
338 800
338 898
339 383
339 517
339 706
339 717
339 745
339 898
340 521
340 593
340 651
340 810
341 354
341 364
341 368
341 633
341 755
341 951
341 978
342 850
342 975
343 685
343 775
344 554
344 622
344 699
344 805
345 387
345 525
346 351
346 392
346 451
346 690
346 790
347 528
347 612
348 482
348 821
348 948
348 952
349 651
350 599
350 611
350 728
350 825
351 464
351 620
351 975
352 482
352 856
352 880
352 939
353 490
353 598
353 667
354 497
354 813
355 422
355 431
355 632
355 640
355 680
355 697
355 742
356 621
356 834
357 682
357 832
358 450
358 593
359 712
359 745
360 497
360 836
360 851
361 419
361 905
362 436
362 600
362 776
363 397
363 429
363 465
363 691
363 699
363 873
364 476
364 981
365 412
365 424
365 611
365 979
366 813
366 921
367 431
367 558
367 857
368 378
368 494
368 993
369 501
370 451
370 668
370 856
372 573
372 890
373 377
373 400
373 402
373 800
374 759
375 790
376 427
376 995
378 544
378 587
378 838
379 482
379 975
380 567
380 646
380 849
381 536
381 697
382 667
382 686
383 616
384 443
384 461
384 703
384 903
385 405
385 772
386 434
386 769
386 875
386 987
387 452
387 812
389 413
389 509
389 883
389 959
390 704
392 524
393 550
393 699
393 763
393 809
394 577
394 656
394 677
394 720
394 951
394 958
395 533
395 538
396 607
397 728
397 957
398 451
398 692
398 741
398 840
399 406
399 448
400 505
400 525
400 939
401 902
402 430
402 582
402 956
403 782
403 843
404 852
405 844
405 910
406 946
407 607
407 646
407 805
407 888
408 696
408 703
408 712
409 525
409 915
410 738
411 451
411 527
411 712
412 601
412 627
412 668
412 963
412 986
413 633
414 482
414 591
414 818
415 623
415 676
415 839
415 885
416 543
416 577
416 770
417 849
417 985
418 638
418 931
419 426
420 657
420 666
420 757
421 518
421 528
422 463
422 742
422 946
423 490
423 500
423 773
423 833
424 657
425 878
425 914
426 498
426 853
426 920
426 988
427 461
427 585
427 719
429 465
429 593
429 607
430 435
431 832
432 633
433 468
433 820
434 725
435 531
435 550
435 678
435 724
435 757
435 909
436 575
438 774
438 844
439 552
439 909
440 528
440 568
440 734
441 489
441 570
441 975
442 543
443 829
444 555
444 740
445 526
445 980
446 728
446 907
447 486
447 661
448 667
448 703
448 835
449 699
449 706
450 616
450 860
451 472
451 837
452 520
452 858
452 863
453 714
453 729
453 925
454 651
455 611
455 642
455 669
456 633
456 923
457 995
458 692
459 506
459 787
459 995
461 499
461 527
461 550
461 633
461 736
461 835
462 676
462 793
463 998
464 634
464 684
465 582
465 775
466 702
466 707
466 918
466 974
467 494
467 622
467 801
468 960
469 753
469 907
469 948
470 617
471 820
471 961
472 811
472 817
473 566
473 603
473 612
473 617
474 856
476 903
476 921
477 660
478 612
478 760
478 955
479 560
479 733
479 789
480 523
480 590
480 922
480 997
482 487
482 905
483 745
483 779
484 546
485 503
485 558
485 735
485 857
486 519
486 910
486 917
486 954
487 703
487 806
488 836
489 495
491 790
491 952
492 545
492 571
492 918
492 936
493 914
495 613
495 731
496 556
496 698
496 972
497 566
497 657
497 745
497 927
499 551
499 812
499 906
500 663
500 745
501 567
501 644
501 753
501 835
501 921
502 839
503 826
504 747
504 810
504 860
504 911
506 719
506 812
506 875
507 643
509 661
509 867
510 634
511 917
512 585
512 804
513 641
514 901
514 968
515 703
515 721
516 703
518 689
518 749
518 989
519 999
520 605
520 647
520 651
520 731
520 898
520 925
520 943
520 977
521 786
521 943
522 698
523 728
523 911
524 922
524 960
525 648
525 675
528 762
528 856
529 749
529 848
530 683
531 572
531 996
532 800
532 921
532 929
533 740
534 695
534 979
535 595
535 664
535 935
536 556
536 568
536 599
536 602
536 727
539 586
539 623
539 770
540 742
540 881
540 934
540 959
541 570
541 586
541 644
542 594
542 596
542 611
542 795
542 811
542 845
542 916
543 816
543 821
543 847
543 983
544 908
544 947
544 986
545 904
546 787
546 893
547 710
547 812
548 780
548 786
548 788
548 987
549 620
549 627
549 814
550 958
551 677
551 934
552 553
552 672
552 775
552 981
554 596
554 636
554 684
556 589
556 891
557 839
559 629
559 630
559 858
559 865
559 980
560 850
561 947
563 743
563 760
565 841
566 875
566 997
568 573
568 966
570 856
571 722
571 955
572 775
572 934
572 977
573 771
573 791
574 624
574 753
574 860
574 941
575 599
575 900
576 869
577 688
578 725
578 832
579 629
580 587
580 734
580 740
580 834
581 782
583 600
583 774
584 591
585 761
585 803
586 669
586 755
586 848
586 879
587 824
587 953
587 986
589 600
589 825
589 887
589 910
590 981
591 691
591 914
594 713
594 774
594 783
595 621
595 888
596 665
596 788
597 680
597 689
597 898
597 939
597 979
598 636
598 718
598 742
599 678
600 634
600 997
602 706
603 703
604 701
604 903
604 920
606 857
607 874
607 961
608 647
608 804
608 918
610 616
610 898
611 630
612 660
612 898
612 955
613 816
613 855
613 972
614 809
615 849
615 898
616 703
616 802
617 899
618 953
619 700
619 967
624 820
625 889
626 825
627 816
629 755
630 722
631 733
632 742
634 680
634 935
635 694
635 854
635 982
636 864
637 926
637 957
638 674
638 676
641 657
641 986
642 779
643 857
643 948
644 855
645 754
645 852
646 948
647 857
647 870
647 944
650 881
651 700
652 989
654 865
655 811
656 847
657 671
657 705
657 873
659 719
661 721
663 764
664 730
664 746
665 736
665 766
665 995
667 852
668 946
669 732
672 724
673 676
673 786
673 814
674 703
675 717
675 751
676 874
676 907
677 724
678 774
678 814
678 919
678 928
678 944
680 992
681 727
682 731
682 797
684 823
684 828
684 942
685 796
685 996
687 880
688 849
689 800
690 901
691 792
693 738
693 918
694 742
694 858
694 863
695 773
695 834
697 896
697 898
699 919
700 985
702 961
702 973
703 988
704 868
704 926
708 758
708 875
709 732
709 910
710 746
710 867
710 913
711 795
712 775
712 822
713 757
714 764
714 896
715 781
715 909
715 972
716 984
717 862
718 756
718 763
720 906
720 922
721 778
722 876
723 827
723 947
724 879
725 930
726 831
727 892
727 918
727 945
728 804
728 867
728 877
728 953
730 906
731 804
732 887
733 777
734 824
734 908
734 979
736 751
736 753
736 867
738 806
739 839
740 907
741 863
742 784
742 820
742 900
743 871
745 953
746 835
748 970
753 872
753 931
754 921
756 806
756 890
756 957
758 859
758 870
760 813
760 829
760 990
763 863
766 974
768 799
768 831
769 849
771 811
772 821
772 849
776 899
777 784
777 857
777 985
778 932
778 960
778 995
780 873
782 853
782 857
782 941
783 862
784 887
784 910
784 935
785 906
785 933
786 821
786 880
788 800
789 850
789 934
790 835
792 910
792 945
793 944
794 807
794 939
795 810
797 824
797 849
797 996
798 930
799 813
799 961
802 841
802 977
803 848
803 966
804 870
810 879
810 904
811 874
814 871
815 826
816 979
816 989
817 879
817 980
823 955
823 962
824 847
825 867
826 971
827 836
828 936
829 846
834 875
835 947
837 870
838 910
840 881
842 990
843 982
845 865
845 890
845 941
847 983
848 942
856 933
859 944
861 921
863 910
867 956
869 944
873 949
873 955
877 883
881 894
881 950
884 907
887 978
895 935
895 975
896 999
898 975
901 949
904 922
905 999
908 950
910 938
912 953
912 961
936 939
936 992
955 959
958 993
959 972
966 997
967 974
967 994
969 990
970 998
980 993
