0 15
0 75
0 194
0 267
0 284
1 85
1 245
1 270
1 343
1 457
1 464
1 486
1 498
2 87
2 176
2 211
2 328
2 447
3 48
3 172
3 251
3 299
3 308
3 312
3 437
4 72
4 132
4 293
5 133
5 195
5 411
5 423
6 72
6 96
6 211
7 82
7 288
7 300
8 15
8 96
8 115
9 375
9 384
9 441
10 349
10 456
11 29
11 81
11 481
11 482
12 68
12 83
12 171
13 123
13 190
13 233
13 249
13 257
13 264
13 274
13 313
14 118
14 219
15 240
15 366
15 383
15 395
15 454
16 293
16 465
17 244
18 131
18 214
18 276
18 327
20 38
20 292
20 308
20 461
21 194
21 234
21 353
21 387
22 116
22 198
22 380
22 421
23 199
23 337
24 106
24 315
24 395
24 418
25 124
25 252
25 261
25 378
25 429
25 462
25 485
26 108
26 188
26 459
27 179
27 433
28 91
28 296
28 310
29 138
29 201
29 259
30 240
30 385
31 139
31 242
32 199
32 318
32 391
32 417
32 435
33 219
33 343
34 152
34 198
34 199
34 267
34 322
34 435
35 50
35 229
35 341
36 126
36 439
37 212
37 234
38 142
38 237
38 267
39 313
39 351
40 198
40 312
40 349
41 155
41 274
41 394
41 447
42 137
42 277
42 280
42 322
43 368
43 380
43 444
44 228
44 254
44 257
44 334
44 366
44 382
44 432
45 145
45 306
45 453
45 463
46 247
46 387
47 126
47 297
47 364
47 382
47 388
47 430
48 214
48 341
48 375
48 398
48 456
49 53
49 91
49 111
49 186
49 353
49 355
49 436
50 58
50 475
51 73
51 412
51 477
52 145
52 179
52 217
52 306
52 402
52 491
53 221
54 313
54 388
55 116
55 163
55 224
55 491
56 371
57 328
57 466
58 78
58 404
59 92
59 293
59 351
60 106
60 150
60 172
60 201
60 219
60 253
62 303
62 314
62 483
62 488
63 262
63 266
63 333
64 133
64 176
64 277
64 359
64 362
64 404
64 409
65 89
65 125
65 183
65 222
65 279
65 313
65 351
65 387
65 414
66 299
66 386
66 476
67 260
68 204
68 374
68 414
68 494
69 70
69 219
69 448
70 207
71 210
71 268
71 349
71 404
71 477
71 494
72 91
72 141
72 271
72 289
72 352
73 93
73 399
74 116
76 177
76 392
76 436
77 367
77 440
78 206
78 490
79 129
79 438
79 449
79 474
80 153
81 191
81 201
81 204
81 216
81 284
81 291
82 310
82 316
82 346
83 131
83 193
83 214
83 225
84 323
85 114
85 147
85 153
85 226
85 425
86 187
86 222
87 264
87 324
88 296
88 319
89 303
90 335
91 237
92 100
93 150
93 191
93 317
93 337
93 374
93 432
93 447
94 446
94 456
95 201
95 458
96 125
96 280
96 334
97 134
97 358
97 449
98 131
98 186
98 382
99 383
99 452
100 239
100 243
100 258
100 321
100 322
100 411
100 478
101 441
101 477
102 178
102 194
102 212
102 309
102 400
102 473
103 142
103 175
103 222
103 247
103 441
103 485
104 144
104 184
104 323
105 209
105 299
106 110
106 121
106 148
106 174
106 367
107 412
107 424
107 425
109 319
109 389
109 393
109 426
109 460
109 488
110 218
110 262
110 270
110 274
110 288
110 401
111 197
111 295
112 170
112 261
112 383
112 385
113 157
113 368
113 434
114 186
114 375
114 423
115 382
115 453
115 460
116 128
116 207
117 296
117 309
117 365
117 402
117 406
117 466
118 182
118 207
118 379
118 499
119 264
120 210
120 425
120 479
121 250
121 387
121 431
122 276
122 279
123 163
123 170
123 221
123 325
123 389
124 200
124 279
124 297
124 364
125 193
125 379
125 407
125 483
127 339
128 455
129 413
129 479
130 165
130 377
130 384
130 484
131 191
131 193
131 387
132 164
132 331
132 354
133 260
133 338
134 138
134 203
134 265
134 485
135 165
135 308
135 327
135 377
135 443
136 156
136 398
137 250
137 256
138 214
138 325
139 280
139 299
139 478
140 276
140 497
141 224
141 236
141 291
141 383
142 297
143 251
143 256
143 257
143 294
143 365
143 373
143 381
143 391
144 211
144 490
145 233
145 241
145 301
146 151
146 179
146 268
146 270
146 348
146 434
147 163
147 241
147 367
147 384
148 184
148 194
148 315
149 324
149 344
149 400
149 470
150 262
150 345
151 163
151 223
151 348
151 430
151 433
152 169
152 251
152 252
152 261
152 314
153 167
153 206
153 221
153 410
153 426
154 305
154 467
155 265
155 420
157 453
158 243
158 384
158 482
159 170
159 173
159 276
160 458
160 459
162 203
162 209
162 279
162 283
162 384
162 496
163 313
163 480
165 290
165 340
166 190
166 239
166 296
166 377
166 390
166 472
167 178
167 229
167 351
167 497
168 373
168 454
169 170
170 282
170 319
170 357
170 415
170 481
171 190
171 332
171 356
171 402
171 418
172 266
172 429
173 177
173 458
174 324
174 346
174 351
174 416
175 334
175 463
175 482
176 314
176 369
176 393
176 452
177 205
177 356
177 367
177 409
177 459
178 208
178 238
178 287
178 293
180 236
180 250
180 254
180 337
180 421
181 351
181 460
181 468
181 493
183 219
183 256
184 394
185 196
185 288
185 366
186 202
186 328
187 215
187 230
188 329
188 353
188 435
188 454
189 345
190 228
190 273
190 369
191 259
191 439
191 487
192 436
193 198
193 345
193 401
193 480
194 374
195 213
195 396
195 486
196 469
196 486
197 329
197 478
198 483
199 223
199 256
199 276
199 314
199 355
199 402
199 455
200 421
200 469
202 327
203 312
203 411
203 466
204 362
204 485
205 234
205 345
205 418
206 256
206 359
207 238
207 392
207 472
208 271
209 306
209 401
209 483
212 420
212 421
213 218
213 395
214 320
214 332
214 384
215 270
215 288
215 344
215 349
215 381
216 272
216 326
216 403
217 404
218 464
218 490
219 311
219 482
220 403
220 497
221 267
221 328
221 394
222 303
222 309
222 409
224 228
224 349
224 417
226 371
226 383
226 431
228 300
228 386
228 430
229 248
229 472
230 276
231 318
231 342
231 451
232 240
232 332
232 336
232 365
232 482
233 400
234 464
235 314
235 347
236 256
237 408
237 422
237 473
238 278
238 430
238 448
238 473
239 271
239 376
239 407
240 278
240 400
241 274
241 310
241 313
242 334
242 363
242 411
242 427
243 425
243 477
244 262
244 300
245 270
245 369
246 304
246 336
246 409
247 303
247 390
247 431
248 317
250 451
250 497
251 275
251 382
251 486
252 308
252 372
253 302
253 373
254 293
254 418
254 439
255 267
255 380
256 312
256 356
256 394
256 428
256 468
257 309
257 336
257 482
258 356
259 312
259 382
259 436
260 426
261 294
261 313
261 354
261 373
261 418
262 468
262 492
263 310
263 340
263 350
263 379
264 376
265 269
265 337
266 364
266 377
268 354
268 451
268 490
269 419
269 479
270 301
271 331
271 402
272 323
272 484
273 327
273 336
273 374
273 470
273 471
274 311
274 410
275 445
276 316
276 491
277 320
278 290
278 453
278 470
279 357
279 393
279 397
280 408
280 422
281 371
281 395
282 349
282 350
282 400
282 423
282 424
283 395
283 431
283 441
283 470
283 494
284 336
284 346
284 350
285 308
285 323
285 372
285 413
286 371
287 289
287 376
288 361
288 385
289 292
290 413
290 418
291 341
291 359
291 406
292 358
294 308
294 430
294 447
296 322
297 416
298 419
298 452
299 311
299 458
299 476
300 443
300 455
300 484
301 345
301 359
301 387
302 362
302 410
303 323
306 477
307 427
307 436
308 415
309 446
310 358
310 497
311 318
311 352
311 439
312 451
317 318
317 454
318 378
319 336
319 412
320 403
320 467
321 374
321 417
321 419
321 477
322 347
322 489
323 342
323 414
324 336
325 478
327 446
328 329
328 335
328 398
328 444
329 332
329 341
330 451
334 479
335 479
335 498
336 345
336 447
336 469
337 352
337 415
338 423
339 405
341 449
341 465
344 353
344 362
344 414
344 415
344 428
344 467
348 466
349 370
353 380
353 422
356 472
357 476
358 366
358 407
360 390
360 393
360 438
362 466
363 437
364 400
365 478
366 374
367 450
368 403
369 464
369 497
370 394
371 380
373 378
373 476
375 382
375 418
375 433
375 436
375 445
375 476
376 398
381 452
382 417
382 435
383 449
383 490
385 474
386 479
387 482
400 423
402 462
406 449
408 411
412 461
413 471
415 464
417 429
418 469
420 438
423 472
426 479
428 452
429 432
429 444
431 461
433 491
434 453
435 498
437 443
438 468
438 481
441 460
446 480
446 495
447 461
448 460
449 479
456 499
460 468
460 483
471 479
471 493
475 479
478 499
480 483
485 490
