0 88
0 133
0 184
0 256
0 448
1 9
1 216
1 410
1 458
2 262
2 391
2 492
3 118
3 244
3 262
4 19
4 161
4 325
4 440
5 61
5 134
5 166
5 168
5 444
6 178
7 95
7 175
7 465
8 223
8 230
8 290
8 318
8 322
8 356
8 465
9 31
9 33
9 60
9 259
9 391
10 141
10 345
11 108
11 162
11 224
11 236
11 248
11 344
11 399
11 410
12 213
12 242
12 311
12 323
12 481
13 177
13 307
13 479
14 59
14 263
14 351
15 283
15 390
16 103
16 136
16 143
16 265
16 431
17 45
17 113
17 268
17 309
18 116
18 256
18 262
18 393
18 413
19 26
19 150
20 145
20 271
20 362
20 456
21 55
21 63
21 435
21 488
22 33
22 199
22 205
22 261
22 420
22 448
23 39
23 221
23 225
23 493
24 168
24 219
24 243
24 255
24 396
24 496
25 85
25 108
25 423
26 233
26 253
26 260
27 188
27 257
27 393
27 436
28 85
28 209
28 316
28 469
30 147
31 211
31 225
31 232
31 272
31 437
32 332
32 391
32 442
32 483
33 179
33 185
33 255
33 263
33 274
33 386
33 448
34 210
35 72
35 204
35 228
35 272
35 466
36 82
36 133
36 223
36 332
36 418
37 192
37 286
37 307
37 332
37 436
38 184
39 76
39 167
39 211
39 357
39 375
39 448
40 231
41 341
42 107
42 235
42 331
42 411
42 465
43 132
43 323
45 66
45 90
45 180
45 226
45 268
46 121
46 132
46 296
46 356
46 442
47 303
47 488
48 118
49 158
49 332
50 110
50 255
50 261
51 378
51 397
51 480
52 146
52 207
52 250
52 294
52 446
52 449
53 62
53 118
53 262
53 364
53 387
54 64
54 140
54 169
54 258
54 436
55 179
55 198
55 209
55 255
55 291
55 393
55 467
56 71
56 217
56 367
56 407
57 205
57 216
57 299
57 320
57 387
59 137
59 210
59 236
59 429
60 154
61 280
62 223
62 419
63 190
63 352
64 257
64 304
64 350
64 362
64 457
64 469
65 86
65 95
65 479
66 221
66 246
66 259
67 143
67 336
67 392
67 498
68 161
68 289
69 176
69 297
69 330
69 390
70 94
70 96
70 250
70 321
71 161
71 356
71 457
72 353
73 98
73 121
73 153
73 179
73 211
73 236
73 285
73 462
74 147
74 198
74 237
74 337
74 346
74 471
74 477
75 131
75 138
75 297
75 346
75 450
77 289
78 431
78 492
79 164
79 240
80 152
81 218
81 287
82 93
82 157
82 225
82 370
83 142
83 385
83 491
84 100
85 169
85 361
85 455
86 110
86 134
86 195
86 222
86 256
86 277
86 398
86 422
87 103
87 113
87 283
87 491
88 356
88 395
89 107
90 373
90 404
91 130
91 152
91 422
91 457
92 94
92 169
92 467
93 140
93 150
93 156
93 271
93 325
94 175
94 218
94 411
94 414
94 476
95 129
95 438
96 200
96 430
97 231
97 251
97 274
97 385
98 440
99 300
99 336
99 425
99 428
99 451
100 180
100 321
101 146
101 159
101 256
101 347
101 378
102 112
102 320
102 322
102 353
102 378
102 406
102 445
103 197
103 249
103 427
103 498
104 288
105 121
105 184
105 391
107 149
107 187
107 351
108 109
108 236
108 265
108 452
109 166
109 173
109 189
109 281
110 158
110 168
111 235
111 386
112 180
112 201
112 434
112 448
112 451
113 166
113 210
113 287
114 134
114 310
114 426
114 438
115 154
115 246
115 309
115 397
115 400
115 497
116 219
117 139
117 174
118 293
118 325
118 423
118 466
119 156
119 202
119 360
119 398
119 420
120 234
120 259
120 280
121 295
122 183
122 193
122 273
122 386
122 427
123 136
123 255
123 287
123 348
123 376
123 474
124 269
124 339
124 376
124 410
124 438
124 471
125 132
125 243
125 273
125 285
125 318
125 395
125 400
126 337
126 425
127 349
127 398
127 410
127 495
128 186
128 443
129 161
129 269
130 351
131 330
133 303
134 229
134 303
134 309
134 343
134 347
134 427
135 150
135 195
135 271
135 454
136 315
136 403
137 326
137 334
137 357
137 474
139 143
139 259
139 313
140 234
140 263
140 430
141 164
141 252
141 269
141 291
141 313
141 346
142 166
142 374
142 433
143 176
143 198
143 236
143 240
143 264
143 269
143 313
144 155
144 266
144 268
144 425
144 450
144 487
145 254
145 443
146 192
146 223
146 257
146 428
147 168
147 221
147 300
148 319
148 462
149 316
149 340
150 244
151 154
151 485
152 177
152 300
152 403
153 168
153 302
153 350
153 363
153 399
154 263
154 350
154 410
155 175
156 227
156 254
156 263
156 479
158 432
158 462
159 169
159 237
160 256
162 275
162 333
162 337
162 347
162 365
163 174
163 281
163 304
163 419
163 463
163 481
164 215
164 332
164 340
164 374
165 243
165 331
165 361
165 371
165 382
165 444
166 170
166 344
166 394
166 435
166 459
167 202
167 373
168 268
168 436
169 188
169 230
170 228
170 266
170 406
170 409
171 335
171 418
171 469
171 473
172 203
172 380
173 206
173 308
175 244
175 258
176 224
176 254
176 381
176 430
177 256
177 398
178 332
178 380
179 226
179 464
180 449
180 487
181 226
181 290
181 347
181 420
181 464
182 184
182 410
183 244
183 295
184 198
184 306
184 435
185 195
185 209
185 321
185 492
188 206
188 321
188 364
189 276
190 410
191 262
191 341
191 355
191 406
192 324
192 369
192 483
193 280
194 272
195 283
195 317
195 338
195 379
195 389
197 328
197 444
198 207
198 245
198 250
198 431
198 477
198 479
199 310
199 405
199 415
200 288
200 336
200 368
200 370
201 204
201 251
201 298
201 357
201 376
202 240
202 370
202 412
202 432
204 206
204 288
204 398
205 215
205 235
205 368
206 379
207 440
207 444
207 456
207 491
207 493
208 335
208 473
209 242
209 412
210 311
211 444
211 477
212 250
212 298
212 300
212 354
212 421
212 443
213 463
214 293
215 274
215 423
215 449
215 467
216 232
216 420
217 256
217 293
217 467
217 499
218 267
218 438
219 291
219 364
219 382
219 428
220 319
220 380
220 436
220 443
221 423
223 380
223 458
224 306
225 372
225 462
226 273
226 360
227 303
227 326
227 337
229 237
229 311
229 321
230 393
231 365
231 380
233 249
233 355
233 454
234 294
234 321
234 327
235 284
235 352
236 303
236 312
237 366
237 384
238 368
238 400
238 467
239 397
239 424
239 441
239 477
240 242
240 410
241 245
241 273
241 300
241 312
241 497
242 339
244 390
246 287
246 306
248 274
248 323
248 338
248 374
249 297
249 381
249 384
249 448
250 303
250 379
251 438
252 264
252 325
252 488
253 274
253 361
253 436
254 350
255 423
255 489
256 418
257 270
257 291
258 337
258 491
259 445
259 491
259 499
260 289
260 416
261 271
261 294
263 289
264 403
265 285
266 325
268 286
268 325
268 342
268 429
269 275
269 297
270 409
270 491
271 281
271 323
271 434
271 453
272 402
274 280
274 295
274 327
274 386
274 450
276 298
276 486
277 344
277 406
277 441
277 485
278 324
280 284
280 346
281 298
281 470
282 285
282 404
283 487
284 304
284 337
285 442
285 487
286 499
287 291
287 343
287 400
287 423
288 477
289 340
289 397
290 333
290 415
291 321
291 338
291 446
292 310
292 324
292 345
292 475
294 316
294 477
295 420
299 307
299 416
300 327
301 304
302 419
302 452
303 352
303 442
304 368
305 328
306 344
306 462
307 345
307 350
307 439
308 346
308 353
308 383
308 409
309 436
309 460
310 346
310 490
310 491
312 429
312 470
313 413
313 450
316 340
316 364
318 469
318 493
319 374
321 377
322 403
324 448
325 457
325 497
326 347
327 444
327 455
328 410
329 411
330 374
330 398
333 412
333 435
335 395
336 418
337 498
339 360
344 385
345 374
345 390
347 399
349 398
349 450
350 385
350 432
351 456
351 464
352 422
353 456
354 372
354 465
354 495
356 458
357 438
358 443
360 466
361 475
362 406
363 398
363 402
364 436
364 437
365 488
369 379
371 402
371 434
373 404
373 413
374 375
374 408
376 436
376 464
377 411
377 459
377 466
377 472
378 398
378 440
378 490
379 486
380 454
381 402
382 454
383 479
383 495
385 411
387 407
387 465
389 456
390 409
390 452
390 454
391 410
393 489
394 453
394 455
395 491
398 492
401 411
401 422
402 490
402 494
403 413
404 480
405 471
406 494
407 428
408 439
408 494
409 416
409 422
410 420
410 464
411 448
415 484
416 424
416 457
419 448
423 430
424 436
427 462
427 473
428 478
428 494
429 474
430 451
431 471
432 451
432 456
437 468
440 493
441 445
441 497
447 461
452 491
453 495
454 480
461 494
464 481
469 478
487 495
