0 16
1 2
2 3
2 18
3 4
3 19
4 5
5 6
6 7
6 22
7 8
9 10
10 11
11 12
11 27
12 28
13 29
14 15
14 30
16 17
16 32
17 18
17 33
18 34
19 20
19 35
20 36
22 23
23 24
23 39
24 40
25 26
25 41
26 27
26 42
27 28
27 43
28 44
29 30
29 45
30 31
30 46
31 47
32 33
33 34
34 35
35 51
36 37
37 38
37 53
38 39
38 54
40 41
41 57
42 43
42 58
45 46
46 47
46 62
49 50
50 66
51 52
52 53
52 68
53 54
55 71
56 72
57 58
57 73
58 59
58 74
59 60
59 75
60 61
60 76
61 62
62 63
63 79
64 65
65 66
65 81
66 82
68 69
68 84
70 71
70 86
71 87
72 73
72 88
73 74
73 89
74 90
75 91
76 77
77 78
81 82
81 97
82 83
82 98
83 99
84 85
84 100
85 86
85 101
86 102
87 88
88 104
90 91
92 108
93 94
93 109
94 95
95 111
96 97
96 112
97 98
97 113
98 99
98 114
100 101
100 116
101 102
103 104
103 119
104 120
105 106
106 107
106 122
108 109
108 124
109 110
110 126
112 128
113 129
114 130
115 116
115 131
118 134
119 120
119 135
120 121
120 136
121 122
122 138
123 139
124 125
127 143
128 129
129 130
130 146
132 133
133 134
133 149
134 135
135 136
135 151
136 137
136 152
137 153
139 155
140 156
141 157
142 158
143 159
144 145
144 160
145 161
146 162
147 148
147 163
148 149
148 164
149 150
149 165
150 166
151 152
151 167
152 168
153 154
153 169
154 155
154 170
155 156
155 171
156 157
157 173
158 159
158 174
159 175
160 176
161 162
162 178
163 164
163 179
164 165
165 166
165 181
167 168
168 184
169 170
169 185
170 171
171 187
173 189
174 190
176 177
176 192
177 178
178 179
179 195
180 181
180 196
181 197
182 183
182 198
183 184
185 201
186 202
187 188
188 189
189 205
190 206
191 207
192 193
192 208
193 194
195 211
196 197
198 199
198 214
199 215
200 201
201 217
202 203
202 218
203 219
204 220
205 221
206 207
206 222
207 223
208 209
209 210
210 226
211 212
211 227
212 213
213 214
213 229
214 215
215 231
216 232
217 218
219 235
220 221
221 237
222 223
224 225
224 240
225 241
226 227
226 242
227 228
227 243
228 244
229 245
230 246
231 232
232 233
233 234
233 249
234 235
234 250
236 237
237 238
238 239
238 254
239 255
240 241
242 243
243 244
244 245
247 248
248 249
249 250
250 251
253 254
254 255
