0 1
0 2
0 3
0 4
0 5
0 7
0 8
0 9
0 10
0 11
0 12
0 18
0 19
0 21
0 22
0 26
0 29
0 30
0 31
0 32
0 34
0 39
0 43
0 44
0 46
0 47
0 48
0 49
0 50
0 58
0 66
0 74
0 78
0 81
0 83
0 89
0 91
0 93
0 98
0 103
0 108
0 110
0 112
0 114
0 122
0 135
0 137
0 145
0 147
0 150
0 155
0 157
0 164
0 169
0 172
0 173
0 177
0 187
0 189
0 190
0 195
0 199
0 202
0 203
0 213
0 227
0 228
0 230
0 232
0 234
0 236
0 247
0 251
0 253
0 274
0 288
0 292
0 294
0 302
0 321
0 325
0 327
0 329
0 333
0 334
0 337
0 339
0 340
0 345
0 355
0 359
0 363
0 366
0 369
0 376
0 381
0 388
0 390
0 393
0 405
0 412
0 414
0 430
0 463
0 469
0 471
0 490
0 491
0 492
0 493
0 495
0 503
0 507
0 511
0 523
0 526
0 532
0 535
0 542
0 548
0 549
0 557
0 560
0 561
0 564
0 566
0 571
0 575
0 577
0 587
0 590
0 595
0 596
0 597
0 599
0 611
0 612
0 623
0 626
0 627
0 632
0 648
0 654
0 655
0 672
0 678
0 682
0 684
0 718
0 743
0 746
0 750
0 755
0 761
0 763
0 783
0 788
0 800
0 803
0 804
0 805
0 806
0 808
0 815
0 831
0 832
0 834
0 865
0 868
0 873
0 876
0 879
0 898
0 923
0 957
0 970
0 981
0 996
0 1011
0 1015
0 1016
0 1018
0 1019
0 1021
0 1055
0 1065
0 1070
0 1117
0 1120
0 1125
0 1133
0 1134
0 1153
0 1157
0 1162
0 1169
0 1195
0 1213
0 1215
0 1227
0 1228
0 1231
0 1233
0 1250
0 1277
0 1282
0 1287
0 1305
0 1314
0 1343
0 1344
0 1354
0 1360
0 1364
0 1371
0 1375
0 1380
0 1399
0 1404
0 1418
0 1424
0 1437
0 1454
0 1456
0 1481
0 1484
0 1503
0 1506
0 1521
0 1525
0 1530
0 1538
0 1542
0 1557
0 1567
0 1571
0 1574
0 1582
0 1590
0 1601
0 1604
0 1605
0 1607
0 1622
0 1633
0 1694
0 1702
0 1745
0 1750
0 1753
0 1763
0 1794
0 1795
0 1804
0 1818
0 1831
0 1834
0 1864
0 1893
0 1929
0 1933
0 1942
0 1943
0 1964
0 1970
0 1979
0 1990
0 1993
0 2008
0 2010
0 2015
0 2038
0 2047
0 2051
0 2069
0 2075
0 2101
0 2117
0 2121
0 2127
0 2141
0 2146
0 2153
0 2163
0 2164
0 2167
0 2179
0 2195
0 2198
0 2212
0 2214
0 2221
0 2227
0 2254
0 2268
0 2281
0 2300
0 2303
0 2304
0 2369
0 2370
0 2379
0 2397
0 2410
0 2446
0 2470
0 2486
0 2506
0 2510
0 2526
0 2528
0 2555
0 2573
0 2585
0 2586
0 2603
0 2660
0 2662
0 2677
0 2699
0 2700
0 2703
0 2715
0 2746
0 2771
0 2792
0 2808
0 2810
0 2813
0 2839
0 2843
0 2844
0 2849
0 2873
0 2894
0 2953
0 2979
0 2991
0 2992
0 3005
0 3016
0 3027
0 3032
0 3051
0 3065
0 3091
0 3093
0 3096
0 3103
0 3105
0 3121
0 3127
0 3137
0 3143
0 3161
0 3179
0 3181
0 3185
0 3208
0 3222
0 3236
0 3242
0 3246
0 3262
0 3275
0 3280
0 3290
0 3305
0 3315
0 3316
0 3322
0 3324
0 3328
0 3337
0 3338
0 3355
0 3366
0 3376
0 3393
0 3394
0 3395
0 3396
0 3402
0 3404
0 3413
0 3418
0 3426
0 3445
0 3507
0 3526
0 3561
0 3580
0 3584
0 3588
0 3604
0 3607
0 3614
0 3624
0 3659
0 3662
0 3670
0 3681
0 3706
0 3731
0 3738
0 3744
0 3751
0 3753
0 3757
0 3782
0 3784
0 3817
0 3823
0 3853
0 3856
0 3873
0 3884
0 3885
0 3893
0 3897
0 3899
0 3900
0 3903
0 3906
0 3966
0 3967
0 3971
0 3990
0 3992
1 2
1 15
1 18
1 37
1 38
1 57
1 62
1 63
1 72
1 79
1 98
1 99
1 107
1 109
1 121
1 133
1 159
1 171
1 217
1 229
1 257
1 278
1 284
1 290
1 308
1 322
1 332
1 338
1 343
1 393
1 445
1 476
1 482
1 500
1 566
1 590
1 648
1 688
1 697
1 724
1 732
1 739
1 751
1 777
1 810
1 828
1 835
1 852
1 857
1 880
1 885
1 946
1 948
1 949
1 961
1 968
1 974
1 998
1 1030
1 1041
1 1043
1 1076
1 1178
1 1187
1 1217
1 1255
1 1264
1 1285
1 1292
1 1300
1 1303
1 1333
1 1345
1 1350
1 1371
1 1391
1 1419
1 1479
1 1540
1 1547
1 1612
1 1634
1 1690
1 1708
1 1717
1 1743
1 1744
1 1785
1 1805
1 1812
1 1815
1 1896
1 1942
1 1994
1 2000
1 2024
1 2052
1 2231
1 2240
1 2267
1 2278
1 2285
1 2296
1 2327
1 2422
1 2505
1 2532
1 2547
1 2608
1 2615
1 2686
1 2730
1 2733
1 2744
1 2800
1 2883
1 2927
1 2963
1 3006
1 3014
1 3032
1 3034
1 3039
1 3047
1 3055
1 3078
1 3260
1 3268
1 3298
1 3328
1 3341
1 3421
1 3465
1 3498
1 3534
1 3577
1 3588
1 3604
1 3635
1 3694
1 3720
1 3800
1 3843
1 3902
2 3
2 4
2 6
2 7
2 8
2 11
2 12
2 13
2 14
2 16
2 17
2 21
2 24
2 28
2 29
2 30
2 35
2 36
2 42
2 54
2 62
2 65
2 66
2 67
2 77
2 78
2 81
2 82
2 91
2 95
2 96
2 97
2 99
2 104
2 109
2 113
2 115
2 119
2 124
2 128
2 129
2 134
2 136
2 141
2 153
2 154
2 163
2 168
2 170
2 182
2 185
2 191
2 196
2 200
2 204
2 205
2 207
2 219
2 221
2 228
2 239
2 254
2 263
2 264
2 270
2 277
2 289
2 300
2 304
2 316
2 318
2 323
2 344
2 357
2 370
2 389
2 400
2 403
2 406
2 411
2 418
2 420
2 443
2 446
2 448
2 453
2 456
2 457
2 460
2 463
2 464
2 466
2 479
2 491
2 499
2 501
2 526
2 552
2 556
2 562
2 584
2 585
2 592
2 599
2 619
2 622
2 635
2 638
2 641
2 645
2 647
2 651
2 654
2 691
2 696
2 699
2 707
2 709
2 725
2 730
2 735
2 757
2 760
2 762
2 777
2 792
2 800
2 802
2 812
2 816
2 850
2 851
2 853
2 862
2 872
2 878
2 882
2 894
2 932
2 940
2 958
2 961
2 966
2 975
2 999
2 1007
2 1012
2 1013
2 1031
2 1040
2 1044
2 1056
2 1060
2 1064
2 1066
2 1074
2 1077
2 1086
2 1110
2 1123
2 1136
2 1140
2 1150
2 1156
2 1175
2 1197
2 1211
2 1217
2 1220
2 1222
2 1246
2 1251
2 1257
2 1265
2 1267
2 1274
2 1279
2 1294
2 1307
2 1315
2 1317
2 1318
2 1336
2 1349
2 1351
2 1352
2 1356
2 1365
2 1366
2 1375
2 1393
2 1400
2 1407
2 1412
2 1413
2 1433
2 1438
2 1441
2 1464
2 1465
2 1471
2 1489
2 1491
2 1505
2 1507
2 1513
2 1535
2 1548
2 1551
2 1560
2 1570
2 1582
2 1587
2 1591
2 1603
2 1623
2 1639
2 1645
2 1653
2 1657
2 1660
2 1685
2 1688
2 1690
2 1695
2 1697
2 1711
2 1713
2 1725
2 1731
2 1761
2 1766
2 1769
2 1811
2 1812
2 1813
2 1854
2 1872
2 1900
2 1901
2 1905
2 1911
2 1913
2 1919
2 1930
2 1931
2 1932
2 1945
2 1956
2 1958
2 1985
2 1989
2 2001
2 2013
2 2025
2 2034
2 2042
2 2068
2 2094
2 2106
2 2112
2 2113
2 2145
2 2147
2 2169
2 2176
2 2184
2 2193
2 2206
2 2209
2 2210
2 2216
2 2237
2 2241
2 2258
2 2289
2 2297
2 2304
2 2309
2 2314
2 2324
2 2335
2 2343
2 2344
2 2353
2 2354
2 2358
2 2366
2 2416
2 2426
2 2456
2 2457
2 2463
2 2481
2 2488
2 2494
2 2501
2 2504
2 2514
2 2531
2 2550
2 2574
2 2587
2 2589
2 2595
2 2597
2 2605
2 2617
2 2649
2 2672
2 2690
2 2697
2 2718
2 2722
2 2737
2 2750
2 2762
2 2779
2 2788
2 2795
2 2798
2 2800
2 2816
2 2825
2 2832
2 2842
2 2861
2 2876
2 2879
2 2902
2 2904
2 2910
2 2917
2 2934
2 2956
2 2994
2 2995
2 3033
2 3070
2 3088
2 3119
2 3171
2 3182
2 3189
2 3196
2 3216
2 3218
2 3232
2 3244
2 3251
2 3253
2 3272
2 3292
2 3302
2 3340
2 3350
2 3375
2 3384
2 3420
2 3437
2 3452
2 3462
2 3481
2 3483
2 3489
2 3496
2 3513
2 3548
2 3559
2 3564
2 3566
2 3580
2 3622
2 3623
2 3629
2 3632
2 3647
2 3663
2 3665
2 3672
2 3680
2 3708
2 3716
2 3725
2 3758
2 3781
2 3791
2 3815
2 3816
2 3837
2 3845
2 3866
2 3872
2 3892
2 3905
2 3924
2 3941
2 3952
2 3968
2 3979
2 3990
2 3993
3 5
3 40
3 51
3 74
3 94
3 102
3 117
3 132
3 144
3 167
3 177
3 192
3 203
3 218
3 267
3 283
3 343
3 362
3 375
3 395
3 402
3 413
3 429
3 461
3 517
3 544
3 552
3 562
3 602
3 637
3 670
3 713
3 723
3 739
3 758
3 853
3 910
3 920
3 982
3 1093
3 1195
3 1199
3 1218
3 1241
3 1258
3 1303
3 1410
3 1444
3 1449
3 1473
3 1508
3 1549
3 1552
3 1578
3 1684
3 1817
3 1827
3 1974
3 1995
3 2005
3 2059
3 2077
3 2100
3 2142
3 2221
3 2241
3 2244
3 2245
3 2253
3 2260
3 2308
3 2432
3 2452
3 2461
3 2464
3 2503
3 2558
3 2591
3 2663
3 2750
3 2775
3 2793
3 2853
3 2885
3 2897
3 2923
3 2942
3 2946
3 2954
3 3007
3 3059
3 3086
3 3126
3 3299
3 3456
3 3591
3 3592
3 3636
3 3707
3 3778
3 3807
3 3828
3 3942
3 3975
3 3978
4 6
4 9
4 22
4 26
4 33
4 41
4 55
4 71
4 76
4 101
4 111
4 137
4 174
4 196
4 211
4 223
4 243
4 356
4 416
4 438
4 473
4 477
4 478
4 487
4 512
4 516
4 528
4 553
4 630
4 644
4 710
4 765
4 787
4 843
4 856
4 1058
4 1113
4 1207
4 1225
4 1234
4 1332
4 1387
4 1482
4 1499
4 1593
4 1611
4 1716
4 1728
4 1838
4 1855
4 1871
4 1921
4 1926
4 1990
4 2003
4 2020
4 2060
4 2072
4 2086
4 2111
4 2145
4 2346
4 2375
4 2423
4 2557
4 2688
4 2876
4 2889
4 2909
4 2946
4 3095
4 3115
4 3170
4 3194
4 3294
4 3303
4 3490
4 3633
4 3701
4 3706
4 3712
4 3759
4 3777
4 3818
4 3828
4 3830
4 3848
4 3943
5 13
5 14
5 46
5 207
5 252
5 298
5 361
5 392
5 406
5 474
5 510
5 532
5 539
5 603
5 631
5 766
5 799
5 912
5 915
5 923
5 1087
5 1107
5 1229
5 1288
5 1309
5 1439
5 1484
5 1599
5 1618
5 1642
5 1753
5 1813
5 1972
5 2076
5 2098
5 2293
5 2311
5 2348
5 2394
5 2417
5 2439
5 2458
5 2544
5 2702
5 2851
5 2951
5 3102
5 3117
5 3126
5 3231
5 3277
5 3312
5 3484
5 3576
5 3759
5 3820
5 3874
5 3936
6 15
6 37
6 38
6 59
6 68
6 133
6 193
6 275
6 319
6 336
6 341
6 401
6 480
6 563
6 615
6 620
6 635
6 687
6 766
6 893
6 939
6 1035
6 1041
6 1103
6 1122
6 1194
6 1206
6 1227
6 1367
6 1378
6 1380
6 1429
6 1503
6 1696
6 1746
6 1767
6 1940
6 2044
6 2076
6 2222
6 2281
6 2402
6 2459
6 2655
6 2661
6 2738
6 2877
6 2878
6 2926
6 3007
6 3123
6 3135
6 3139
6 3694
7 452
7 488
7 1266
7 3487
8 16
8 27
8 28
8 33
8 52
8 57
8 58
8 126
8 143
8 157
8 173
8 181
8 186
8 223
8 263
8 265
8 292
8 301
8 317
8 348
8 367
8 392
8 416
8 422
8 424
8 426
8 431
8 437
8 458
8 497
8 520
8 601
8 610
8 644
8 657
8 862
8 870
8 875
8 886
8 921
8 965
8 1027
8 1102
8 1113
8 1164
8 1173
8 1252
8 1274
8 1316
8 1327
8 1365
8 1403
8 1452
8 1483
8 1486
8 1529
8 1548
8 1588
8 1621
8 1625
8 1732
8 1757
8 1770
8 1797
8 1834
8 1883
8 1920
8 1951
8 2001
8 2013
8 2103
8 2108
8 2148
8 2151
8 2181
8 2191
8 2226
8 2230
8 2282
8 2293
8 2308
8 2392
8 2407
8 2424
8 2434
8 2456
8 2533
8 2595
8 2609
8 2638
8 2666
8 2673
8 2710
8 2736
8 2782
8 2822
8 2826
8 2850
8 2861
8 3030
8 3060
8 3229
8 3347
8 3366
8 3422
8 3468
8 3500
8 3516
8 3643
8 3654
8 3812
8 3876
8 3892
8 3953
8 3973
9 10
9 17
9 19
9 20
9 24
9 25
9 39
9 43
9 52
9 69
9 70
9 73
9 77
9 80
9 87
9 106
9 151
9 174
9 220
9 222
9 225
9 231
9 234
9 235
9 258
9 259
9 346
9 349
9 360
9 369
9 373
9 377
9 383
9 399
9 414
9 432
9 434
9 440
9 486
9 579
9 589
9 639
9 650
9 660
9 676
9 680
9 728
9 756
9 770
9 775
9 782
9 791
9 844
9 845
9 856
9 865
9 870
9 952
9 990
9 1002
9 1005
9 1027
9 1032
9 1068
9 1071
9 1076
9 1094
9 1096
9 1119
9 1120
9 1127
9 1129
9 1130
9 1137
9 1213
9 1235
9 1243
9 1245
9 1265
9 1289
9 1297
9 1306
9 1327
9 1329
9 1367
9 1388
9 1432
9 1504
9 1508
9 1514
9 1526
9 1560
9 1572
9 1580
9 1581
9 1586
9 1618
9 1648
9 1673
9 1735
9 1837
9 1846
9 1849
9 1906
9 1920
9 1921
9 1922
9 1929
9 1932
9 1935
9 1946
9 1992
9 2028
9 2064
9 2068
9 2080
9 2107
9 2117
9 2154
9 2212
9 2243
9 2285
9 2323
9 2337
9 2422
9 2427
9 2500
9 2579
9 2594
9 2618
9 2646
9 2769
9 2772
9 2793
9 2804
9 2910
9 2918
9 2939
9 2960
9 3054
9 3068
9 3169
9 3180
9 3198
9 3213
9 3217
9 3240
9 3263
9 3309
9 3326
9 3342
9 3347
9 3386
9 3485
9 3496
9 3510
9 3511
9 3571
9 3714
9 3733
9 3749
9 3806
9 3832
9 3840
9 3862
9 3960
9 3969
10 45
10 69
10 90
10 246
10 295
10 371
10 382
10 397
10 404
10 481
10 511
10 607
10 615
10 616
10 673
10 741
10 760
10 797
10 1026
10 1039
10 1131
10 1144
10 1191
10 1281
10 1494
10 1602
10 1886
10 1909
10 2071
10 2181
10 2223
10 2290
10 2341
10 2387
10 2529
10 2588
10 2911
10 2949
10 2952
10 3110
10 3172
10 3183
10 3331
10 3388
10 3545
10 3569
11 32
11 36
11 49
11 147
11 181
11 239
11 281
11 351
11 488
11 492
11 543
11 547
11 625
11 867
11 898
11 903
11 931
11 953
11 959
11 991
11 1117
11 1342
11 1370
11 1407
11 1553
11 1597
11 1725
11 1884
11 1891
11 1907
11 2108
11 2157
11 2445
11 2542
11 2726
11 2759
11 2780
11 2803
11 3125
11 3133
11 3233
11 3438
11 3836
12 165
12 313
12 433
12 473
12 877
12 1198
12 1247
12 1454
12 1899
12 2132
12 3057
12 3522
12 3740
13 20
13 160
13 291
13 371
13 394
13 613
13 828
13 1705
13 1793
13 2084
13 2616
13 3463
14 25
14 201
14 208
14 238
14 254
14 287
14 299
14 310
14 370
14 459
14 559
14 572
14 607
14 700
14 745
14 1043
14 1167
14 1280
14 1428
14 1472
14 1519
14 1697
14 1784
14 1798
14 1808
14 1867
14 2002
14 2301
14 2447
14 2743
14 2812
14 2836
14 2940
14 2944
14 3101
14 3165
14 3209
14 3211
14 3237
14 3249
14 3457
14 3504
14 3555
14 3765
14 3921
15 23
15 27
15 34
15 73
15 76
15 94
15 121
15 138
15 152
15 166
15 176
15 178
15 180
15 221
15 222
15 257
15 269
15 274
15 352
15 355
15 435
15 441
15 450
15 455
15 521
15 561
15 569
15 602
15 679
15 683
15 692
15 716
15 733
15 735
15 737
15 789
15 842
15 843
15 897
15 987
15 1067
15 1082
15 1111
15 1139
15 1147
15 1201
15 1223
15 1261
15 1286
15 1363
15 1373
15 1376
15 1414
15 1474
15 1556
15 1610
15 1663
15 1681
15 1734
15 1771
15 1844
15 1845
15 1982
15 2037
15 2171
15 2189
15 2232
15 2294
15 2322
15 2363
15 2428
15 2481
15 2497
15 2538
15 2584
15 2592
15 2683
15 2753
15 2809
15 2859
15 2890
15 2893
15 2960
15 3042
15 3055
15 3067
15 3073
15 3104
15 3225
15 3325
15 3508
15 3515
15 3531
15 3541
15 3547
15 3574
15 3594
15 3708
15 3775
15 3780
15 3783
15 3784
15 3940
15 3979
16 311
16 523
16 711
16 1052
16 1148
16 1659
16 1724
16 1878
16 2248
16 2404
16 2512
17 41
17 337
17 453
17 583
17 646
17 822
17 858
17 1079
17 1177
17 1937
17 1957
17 1986
17 3278
17 3335
17 3526
18 35
18 40
18 47
18 60
18 79
18 84
18 241
18 307
18 338
18 365
18 468
18 686
18 722
18 765
18 950
18 969
18 1173
18 1174
18 1252
18 1734
18 1816
18 2031
18 2188
18 2239
18 2483
18 2496
18 2831
18 2847
18 2929
18 2941
18 3015
18 3365
18 3429
18 3538
18 3869
18 3912
19 97
19 142
19 415
19 524
19 829
19 994
19 1498
19 2610
19 2641
19 2709
19 2832
19 3162
20 75
20 123
20 182
20 212
20 265
20 658
20 1098
20 1241
20 1301
20 1713
20 1949
20 2057
20 2185
20 3061
20 3083
20 3332
20 3904
21 44
21 48
21 55
21 56
21 117
21 154
21 184
21 193
21 217
21 288
21 331
21 380
21 404
21 554
21 595
21 636
21 647
21 661
21 707
21 724
21 752
21 863
21 978
21 1001
21 1098
21 1141
21 1185
21 1232
21 1278
21 1377
21 1443
21 1458
21 1492
21 1562
21 1661
21 1702
21 1772
21 1816
21 1951
21 1989
21 2040
21 2284
21 2357
21 2364
21 2367
21 2376
21 2635
21 2667
21 2741
21 2756
21 2796
21 2841
21 2905
21 2915
21 2966
21 3072
21 3105
21 3109
21 3154
21 3190
21 3343
21 3390
21 3436
21 3467
21 3544
21 3556
21 3562
21 3764
21 3947
22 23
22 105
22 126
22 433
22 727
22 1169
22 1188
22 1386
22 1448
22 2451
22 3466
23 2010
24 61
24 82
24 86
24 122
24 131
24 132
24 163
24 198
24 218
24 310
24 328
24 341
24 345
24 357
24 382
24 485
24 563
24 565
24 675
24 779
24 786
24 823
24 925
24 931
24 936
24 947
24 997
24 1135
24 1219
24 1307
24 1318
24 1337
24 1376
24 1459
24 1541
24 1555
24 1658
24 1755
24 1801
24 1859
24 2121
24 2163
24 2174
24 2177
24 2187
24 2203
24 2306
24 2353
24 2368
24 2381
24 2560
24 2582
24 2678
24 2716
24 2821
24 2846
24 2925
24 3053
24 3069
24 3124
24 3323
24 3521
24 3697
24 3702
24 3735
24 3842
24 3848
24 3866
24 3889
25 272
25 546
25 583
25 1029
25 1060
25 3509
25 3539
25 3893
26 100
26 334
26 389
26 2547
26 2712
26 2789
26 2966
26 3358
26 3763
27 445
27 834
27 885
27 1780
27 1910
27 2158
27 3068
27 3682
27 3854
27 3987
28 31
28 53
28 64
28 65
28 68
28 92
28 95
28 155
28 557
28 677
28 745
28 864
28 1019
28 1105
28 1201
28 1422
28 1445
28 1480
28 1538
28 1595
28 2109
28 2419
28 2467
28 2487
28 2507
28 2959
28 3029
28 3104
28 3765
28 3770
28 3835
28 3989
29 53
29 408
29 643
29 753
29 773
29 958
29 1151
29 1165
29 1190
29 1483
29 1546
29 1718
29 2074
29 2711
29 2772
29 2935
29 3142
29 3858
30 1435
30 2441
30 3044
30 3236
31 54
31 61
31 63
31 85
31 112
31 145
31 170
31 180
31 200
31 242
31 260
31 261
31 262
31 271
31 326
31 354
31 358
31 405
31 443
31 444
31 447
31 504
31 570
31 675
31 702
31 706
31 788
31 841
31 860
31 969
31 983
31 1000
31 1009
31 1017
31 1145
31 1172
31 1186
31 1197
31 1221
31 1233
31 1271
31 1344
31 1406
31 1429
31 1431
31 1453
31 1466
31 1471
31 1490
31 1493
31 1584
31 1619
31 1676
31 1683
31 1719
31 1735
31 1740
31 1789
31 1799
31 1842
31 1847
31 1934
31 1963
31 2003
31 2032
31 2043
31 2045
31 2119
31 2129
31 2144
31 2170
31 2197
31 2224
31 2229
31 2402
31 2513
31 2581
31 2607
31 2664
31 2773
31 2831
31 2838
31 2875
31 2927
31 2987
31 3101
31 3129
31 3234
31 3248
31 3282
31 3293
31 3363
31 3430
31 3497
31 3506
31 3546
31 3649
31 3801
31 3841
31 3864
31 3907
31 3939
32 42
32 45
32 71
32 86
32 93
32 108
32 134
32 140
32 187
32 199
32 216
32 226
32 275
32 350
32 365
32 468
32 484
32 537
32 866
32 873
32 941
32 984
32 1140
32 1149
32 1240
32 1244
32 1281
32 1321
32 1358
32 1374
32 1441
32 1596
32 1651
32 1678
32 1738
32 1825
32 1860
32 1933
32 1952
32 2046
32 2168
32 2169
32 2204
32 2237
32 2286
32 2538
32 2614
32 2650
32 2808
32 2950
32 2975
32 3082
32 3123
32 3519
32 3679
32 3717
32 3988
34 801
34 1122
34 1399
34 2819
34 3099
34 3175
35 56
35 70
35 90
35 102
35 135
35 278
35 331
35 346
35 407
35 423
35 465
35 516
35 530
35 633
35 689
35 710
35 727
35 975
35 1155
35 1346
35 1395
35 1585
35 1602
35 1823
35 1892
35 1901
35 1918
35 2011
35 2216
35 2250
35 2261
35 2618
35 2626
35 2652
35 2790
35 2968
35 3029
35 3429
35 3734
35 3771
35 3873
36 803
37 130
37 266
37 487
37 556
37 632
37 649
37 818
37 826
37 1053
37 1346
37 1665
37 1666
37 1785
37 1790
37 1822
37 2126
37 2210
37 2549
37 2708
37 2971
37 3020
37 3330
37 3421
38 129
38 232
38 246
38 276
38 328
38 409
38 412
38 425
38 504
38 643
38 772
38 838
38 906
38 1126
38 1193
38 1219
38 1388
38 1475
38 1617
38 1747
38 1808
38 2215
38 2431
38 2501
38 2809
38 2975
38 3177
38 3385
38 3473
39 51
39 64
39 67
39 123
39 183
39 184
39 249
39 339
39 366
39 372
39 447
39 498
39 519
39 538
39 685
39 690
39 704
39 720
39 790
39 891
39 895
39 981
39 995
39 1003
39 1129
39 1223
39 1359
39 1397
39 1445
39 1761
39 1768
39 1885
39 1941
39 2024
39 2154
39 2183
39 2209
39 2269
39 2317
39 2539
39 2556
39 2634
39 2637
39 2688
39 2755
39 2900
39 3174
39 3404
39 3471
39 3500
39 3589
39 3618
39 3747
39 3756
39 3799
39 3940
39 3962
40 469
40 1693
40 2087
41 140
41 143
41 390
41 417
41 441
41 481
41 640
41 659
41 781
41 829
41 858
41 866
41 881
41 934
41 949
41 965
41 1020
41 1030
41 1123
41 1176
41 1758
41 1953
41 2448
41 2657
41 2701
41 2722
41 2776
41 2820
41 2962
41 3044
41 3474
41 3656
41 3771
41 3914
42 50
42 149
42 161
42 179
42 242
42 264
42 280
42 306
42 333
42 525
42 579
42 695
42 767
42 768
42 887
42 930
42 1134
42 1332
42 1505
42 1526
42 1569
42 1580
42 2123
42 2276
42 2440
42 2511
42 2681
42 2725
42 2947
42 3387
42 3656
42 3834
43 87
43 120
43 146
43 211
43 419
43 454
43 539
43 729
43 881
43 884
43 947
43 951
43 1036
43 1080
43 1293
43 1311
43 1361
43 1520
43 1568
43 1666
43 1723
43 2069
43 2555
43 2583
43 2723
43 2773
43 2839
43 2990
43 3238
43 3644
43 3714
43 3807
44 231
44 374
44 437
44 535
44 749
44 1389
44 1909
44 2266
44 2313
44 2453
45 96
45 118
45 125
45 148
45 162
45 194
45 225
45 245
45 256
45 304
45 600
45 809
45 1996
45 2050
45 2122
45 2243
45 2256
45 2774
45 2933
45 2971
45 3069
45 3194
45 3221
45 3686
45 3768
45 3951
46 205
46 236
46 280
46 348
46 479
46 789
46 806
46 933
46 1726
46 1862
46 2156
46 2287
46 2525
46 2797
46 2943
46 3002
46 3136
46 3360
46 3443
47 59
47 322
47 359
47 368
47 388
47 426
47 435
47 684
47 747
47 771
47 819
47 890
47 1050
47 1461
47 2533
47 2644
47 2963
47 2973
47 3174
47 3206
47 3509
47 3557
48 573
49 144
49 213
49 572
49 718
49 959
49 1045
49 1308
49 1417
49 1477
49 1975
49 2133
49 2155
49 2252
49 2352
49 2691
49 3231
49 3448
49 3520
49 3710
49 3803
50 128
50 148
50 363
50 666
50 721
50 741
50 762
50 795
50 808
50 883
50 926
50 989
50 1006
50 1095
50 1270
50 1314
50 1351
50 1555
50 1565
50 1585
50 1738
50 1825
50 1954
50 2067
50 2296
50 2512
50 2515
50 2565
50 2708
50 3084
50 3805
50 3838
50 3922
51 110
51 266
51 410
51 439
51 617
51 941
51 1095
51 1191
51 1283
51 1312
51 1382
51 1481
51 1488
51 1587
51 1656
51 1776
51 2019
51 2264
51 2691
51 3417
51 3502
51 3690
51 3725
51 3826
52 88
52 120
52 136
52 141
52 286
52 387
52 536
52 551
52 663
52 758
52 778
52 954
52 1042
52 1198
52 1200
52 1335
52 1349
52 1544
52 1723
52 1821
52 1938
52 2029
52 2126
52 2235
52 2238
52 2611
52 2969
52 3260
52 3399
52 3434
52 3650
52 3857
52 3865
53 75
53 533
53 706
53 779
53 909
53 1061
53 1325
53 1800
53 2382
53 2569
53 2867
53 3045
53 3085
53 3786
54 113
54 284
54 555
54 734
54 778
54 837
54 878
54 902
54 1137
54 1368
54 1402
54 1460
54 1724
54 1815
54 2059
54 2217
54 2393
54 2409
54 2671
54 2848
54 3195
54 3197
54 3803
55 127
55 1509
55 2474
56 83
56 238
56 449
56 618
56 646
56 750
56 869
56 877
56 943
56 967
56 1170
56 1334
56 1449
56 1450
56 1543
56 1592
56 1663
56 1740
56 1796
56 1869
56 2096
56 2115
56 2152
56 2343
56 2419
56 2438
56 2511
56 2522
56 2980
56 3475
56 3490
56 3983
57 586
57 671
57 701
57 891
57 1283
57 1968
57 2128
57 2196
57 2220
57 2568
57 2818
57 3000
57 3568
57 3572
57 3931
58 1803
59 60
59 106
59 119
59 124
59 162
59 215
59 244
59 267
59 327
59 362
59 391
59 403
59 439
59 474
59 493
59 530
59 534
59 660
59 693
59 838
59 897
59 899
59 963
59 1170
59 1188
59 1211
59 1290
59 1385
59 1437
59 1531
59 1635
59 1646
59 1706
59 1756
59 1760
59 1764
59 1819
59 1915
59 2188
59 2200
59 2320
59 2552
59 2941
59 3062
59 3082
59 3113
59 3164
59 3289
59 3669
59 3766
59 3794
59 3824
59 3876
59 3888
59 3984
60 550
60 578
60 1116
60 1146
60 1341
60 1384
60 1557
60 1788
60 1827
60 2197
60 2279
60 2535
60 2801
60 3094
60 3519
61 2980
61 3754
61 3937
62 243
62 253
62 295
62 605
62 964
62 976
62 1033
62 1469
62 1992
62 2476
62 2663
62 2937
62 3389
63 100
63 268
63 271
63 281
63 467
63 794
63 1004
63 1118
63 1312
63 1675
63 2411
63 2592
63 2757
63 3411
63 3703
63 3780
63 3868
63 3896
64 88
64 115
64 159
64 169
64 262
64 398
64 455
64 501
64 559
64 628
64 740
64 754
64 1024
64 1103
64 1172
64 1268
64 2071
64 2087
64 2199
64 2377
64 2590
64 2711
64 2720
64 3434
64 3535
64 3537
64 3639
64 3782
64 3813
64 3835
64 3958
64 3977
65 1635
66 1590
66 1615
66 2270
66 2399
66 2921
66 3339
66 3362
66 3603
68 175
68 591
68 848
68 1160
68 1573
68 1831
68 2968
68 3478
69 80
69 273
69 418
69 514
69 754
69 861
69 1550
69 1692
69 1718
69 2315
69 3182
69 3191
69 3785
69 3797
70 72
70 158
70 294
70 301
70 312
70 326
70 475
70 847
70 864
70 1012
70 1028
70 1491
70 1527
70 1619
70 1685
70 1699
70 1708
70 1883
70 1898
70 2339
70 2405
70 2457
70 2465
70 2640
70 2658
70 2866
70 2869
70 2922
70 2936
70 2969
70 3087
70 3098
70 3110
70 3162
70 3329
70 3410
70 3451
70 3628
70 3712
71 85
71 92
71 105
71 149
71 195
71 268
71 422
71 464
71 963
71 1094
71 1300
71 1906
71 1976
71 2018
71 2062
71 2251
71 2311
71 2367
71 2473
71 2574
71 2603
71 2828
71 3108
71 3211
71 3527
71 3539
71 3713
71 3937
72 255
72 324
72 342
72 427
72 553
72 1324
72 1559
72 1795
72 2656
73 3095
74 107
74 241
74 432
74 633
74 731
74 780
74 2021
74 2303
74 2755
74 2936
74 2956
74 3270
74 3650
74 3769
75 156
75 320
75 616
75 677
75 1249
75 1359
75 1522
75 1741
75 1859
75 2138
75 2495
75 2619
75 2798
75 3228
75 3402
75 3795
75 3825
76 2848
77 84
77 206
77 311
77 1396
77 2704
77 2866
78 1820
79 380
79 502
79 988
79 2482
79 3871
80 197
80 347
80 353
80 423
80 733
80 860
80 876
80 2939
80 3924
81 661
81 2698
81 2748
82 233
82 290
82 372
82 767
82 776
82 984
82 1250
82 1306
82 1982
82 2061
82 2263
83 303
83 324
83 597
83 730
83 774
83 867
83 1414
83 1705
83 2088
83 2413
83 2471
83 3067
83 3150
83 3737
84 796
84 1042
84 1057
84 3158
85 190
85 377
85 574
85 693
85 708
85 714
85 1092
85 1801
85 1947
85 2307
85 2508
85 2552
85 2579
85 2641
85 2887
85 3026
85 3512
85 3743
86 89
86 103
86 273
86 340
86 354
86 555
86 578
86 593
86 738
86 812
86 888
86 1053
86 1192
86 1478
86 1528
86 1563
86 1802
86 2026
86 2104
86 2174
86 2322
86 2490
86 2554
86 2604
86 2679
86 2829
86 3024
86 3037
86 3573
86 3770
86 3949
87 118
87 139
87 201
87 283
87 962
87 2559
88 101
88 130
88 442
88 705
88 905
88 1083
88 1640
88 1833
88 2418
88 2621
88 2671
88 2958
88 3091
88 3333
88 3728
88 3735
89 104
89 116
89 186
89 209
89 247
89 350
89 428
89 454
89 505
89 771
89 863
89 916
89 1049
89 1263
89 1269
89 1357
89 1405
89 1436
89 1489
89 1594
89 1625
89 1866
89 2155
89 2183
89 2225
89 2242
89 2431
89 2726
89 2902
89 2904
89 2961
89 3130
89 3202
89 3258
89 3349
89 3395
89 3396
89 3441
89 3704
89 3831
90 250
90 505
90 513
90 576
90 704
90 928
90 1063
90 1411
90 1645
90 2130
90 2612
90 3699
91 158
91 1558
91 3457
92 125
92 2504
92 2527
92 3046
93 237
93 871
93 920
93 986
93 1087
93 1225
93 1486
93 2065
93 2167
93 2428
93 2675
94 111
94 114
94 116
94 179
94 546
94 681
94 722
94 770
94 854
94 1017
94 1037
94 1105
94 1160
94 1420
94 1487
94 1493
94 1496
94 1500
94 1511
94 1515
94 1520
94 1606
94 1630
94 1637
94 1647
94 1823
94 2000
94 2107
94 2166
94 2172
94 2195
94 2279
94 2361
94 2486
94 3219
94 3220
94 3279
94 3319
94 3362
94 3381
94 3392
94 3530
94 3846
94 3946
95 153
95 387
95 692
95 993
95 1142
95 1568
95 1654
95 2623
95 2810
95 2967
95 3337
97 2655
98 314
98 950
98 994
98 1870
98 2817
98 3494
99 1071
99 1490
99 3487
100 191
100 630
100 698
100 1048
100 1366
100 1476
100 1863
100 1931
100 2043
100 2118
100 2202
100 2346
100 2502
100 3877
101 3928
102 164
102 167
102 175
102 210
102 229
102 309
102 440
102 731
102 910
102 915
102 927
102 1051
102 1100
102 1165
102 1209
102 1248
102 1254
102 1340
102 1379
102 1397
102 1712
102 1850
102 2019
102 2065
102 2213
102 2351
102 2480
102 2647
102 2692
102 2844
102 2931
102 2950
102 3006
102 3285
102 3370
102 3641
103 451
103 664
103 977
103 2331
104 131
104 233
104 272
104 456
104 674
104 979
104 1059
104 1499
104 2480
104 2509
104 2724
104 3226
104 3409
104 3671
105 934
105 2023
106 165
106 315
106 509
106 558
106 824
106 845
106 1272
106 1412
106 2310
106 2318
106 2323
106 2689
106 2870
106 3141
106 3955
106 3967
107 3659
108 282
108 323
108 793
108 798
108 1480
108 1646
108 1664
108 2855
108 3454
109 161
109 1000
109 1144
109 3456
109 3525
110 1003
111 606
111 849
111 2092
111 2492
111 3627
111 3667
112 189
112 209
112 224
112 255
112 286
112 368
112 383
112 394
112 396
112 527
112 609
112 652
112 752
112 930
112 939
112 1068
112 1070
112 1102
112 1210
112 1256
112 1319
112 1524
112 1751
112 1752
112 1786
112 1894
112 1936
112 1997
112 2029
112 2045
112 2112
112 2218
112 2238
112 2263
112 2374
112 2395
112 2403
112 2405
112 2534
112 2596
112 2779
112 2919
112 3111
112 3148
112 3226
112 3248
112 3294
112 3435
112 3579
112 3622
112 3674
112 3802
112 3877
112 3946
112 3982
112 3991
113 305
113 306
113 676
113 922
113 1008
113 1511
113 2519
113 2609
113 3009
113 3684
114 139
114 694
114 848
114 1907
114 2728
114 2881
114 3664
115 258
115 297
115 385
115 411
115 830
115 901
115 908
115 1149
115 1151
115 1636
115 1667
115 1810
115 1875
115 2131
115 2479
115 2631
115 3028
115 3159
115 3478
115 3713
115 3934
116 307
116 790
116 796
116 879
116 1062
116 1467
116 2135
116 2175
116 2356
116 2524
116 3472
116 3584
116 3644
116 3692
116 3792
116 3992
117 2030
117 2113
117 3431
118 185
118 192
118 250
118 1067
118 1109
118 1161
118 1446
118 1496
118 2894
119 138
119 216
119 480
119 1517
119 2314
119 2420
119 2707
119 3243
119 3648
119 3692
120 127
120 142
120 396
120 544
120 551
120 1330
120 1720
120 1950
120 2342
121 202
121 289
121 496
121 593
121 774
121 1112
121 1321
121 2123
121 3582
122 2723
124 3475
125 172
125 407
125 452
125 458
125 742
125 811
125 884
125 972
125 977
125 1024
125 1106
125 1175
125 1261
125 1275
125 1317
125 1352
125 1422
125 1537
125 1649
125 1945
125 2093
125 2148
125 2319
125 2333
125 2387
125 2443
125 2573
125 2748
125 2751
125 2764
125 3210
125 3221
125 3403
125 3600
125 3732
125 3816
125 3950
126 261
126 792
126 1106
126 1672
126 1762
126 2277
127 1722
127 1828
128 248
128 277
128 312
128 335
128 467
128 477
128 581
128 717
128 956
128 1564
128 1897
128 2347
128 2370
128 3304
130 188
130 227
130 1924
130 2114
130 3632
131 152
131 413
131 520
131 541
131 906
131 921
131 1205
131 1478
131 1944
131 2625
131 2693
131 2953
131 3407
131 3613
131 3935
132 176
132 662
132 749
132 1037
132 1208
132 3053
132 3161
132 3684
132 3737
132 3781
132 3976
133 230
133 270
133 315
133 594
133 629
133 699
133 992
133 2396
133 2453
133 2582
133 2611
133 2690
133 3477
133 3906
134 291
134 1262
134 3436
135 335
135 657
135 1348
135 1593
136 206
136 212
136 269
136 427
136 524
136 781
136 1218
136 1809
136 2185
137 429
137 483
137 639
137 1148
137 1819
137 1912
138 529
138 919
138 1322
138 1404
138 1727
138 1893
138 2233
138 2575
138 2678
138 2795
138 3229
138 3585
138 3702
138 3776
139 146
139 151
139 160
139 171
139 194
139 198
139 293
139 302
139 330
139 531
139 568
139 642
139 756
139 814
139 911
139 960
139 1084
139 1216
139 1342
139 1551
139 1701
139 1914
139 1960
139 2033
139 2376
139 2724
139 2730
139 2749
139 2827
139 2858
139 2893
139 3081
139 3092
139 3157
139 3205
139 3237
139 3266
139 3375
139 3427
139 3611
139 3626
139 3661
139 3812
139 3945
139 3974
140 3361
141 1908
141 2477
141 2712
141 3130
141 3149
141 3437
142 150
142 183
142 188
142 631
142 990
142 1591
142 1599
142 2150
142 2591
142 2679
143 1896
143 2588
143 2645
143 3619
144 461
144 508
144 629
144 1039
144 1174
144 1793
144 2187
144 2935
144 3680
145 381
145 638
145 1683
145 1774
145 1829
145 3052
145 3099
145 3154
146 1405
146 1428
146 1605
146 2561
146 2651
146 2970
146 3151
146 3298
147 313
147 448
147 1436
147 3209
148 168
148 220
148 285
148 329
148 462
148 502
148 601
148 908
148 1154
148 1435
148 2355
148 2580
148 2804
148 3201
148 3326
149 244
149 252
149 419
149 420
149 506
149 527
149 569
149 608
149 620
149 809
149 943
149 1159
149 1323
149 1357
149 1789
149 1798
149 1814
149 2005
149 2315
149 2742
149 3579
149 3890
149 3898
150 554
150 719
150 1296
150 1542
150 1941
152 156
152 475
152 652
152 901
152 1313
152 1403
152 1512
152 1660
152 1822
152 2165
152 2489
152 2553
152 2563
152 2622
152 3143
152 3230
152 3250
152 3400
152 3425
152 3450
152 3773
153 166
153 210
153 344
153 430
153 560
153 1488
153 1865
153 2855
153 2989
153 3144
154 1305
154 3117
155 204
155 397
155 514
155 927
155 954
155 1465
155 1513
155 2064
155 2201
155 2895
156 296
156 367
156 395
156 543
156 547
156 658
156 807
156 937
156 944
156 1058
156 1302
156 1378
156 1411
156 1431
156 1940
156 1977
156 2058
156 2086
156 2127
156 2219
156 2462
156 2580
156 3293
156 3344
156 3445
156 3506
156 3683
156 3815
156 3954
157 320
157 525
157 666
157 764
157 1877
157 2785
157 3707
158 679
158 686
158 3087
159 352
159 540
159 545
159 650
159 691
159 736
159 889
159 1066
159 1272
159 1299
159 1316
159 1324
159 1433
159 1546
159 1552
159 1627
159 1714
159 1879
159 1948
159 2363
159 2468
159 2617
159 2632
159 2721
159 3060
159 3179
159 3264
159 3288
159 3360
159 3530
159 3625
159 3696
159 3779
159 3859
159 3909
160 2162
160 2509
162 214
162 282
162 285
162 325
162 376
162 379
162 550
162 600
162 604
162 656
162 801
162 825
162 892
162 1251
162 1408
162 2205
162 2217
162 2868
162 2895
162 3996
164 1604
164 3064
164 3255
165 237
165 953
165 2092
165 3503
165 3556
167 1325
167 1576
167 1970
167 3334
167 3918
168 178
168 582
168 1779
168 2136
168 3913
168 3917
169 224
169 347
169 375
169 428
169 436
169 465
169 743
169 833
169 859
169 890
169 913
169 1023
169 1167
169 1183
169 1372
169 1448
169 1601
169 1897
169 1914
169 1949
169 2159
169 2201
169 2624
169 3010
169 3124
169 3658
170 1158
171 208
171 486
171 609
171 814
171 936
171 1078
171 1121
171 1624
171 1817
171 1826
171 1864
171 1873
171 2031
171 2190
171 2496
171 2642
171 3004
171 3760
171 3908
173 3390
173 3633
174 592
174 815
175 982
175 1413
175 1487
175 1775
175 1818
175 2207
175 3787
177 1078
177 1473
177 1868
177 2125
177 3150
177 3223
177 3380
177 3391
179 568
179 825
179 945
179 971
179 1566
179 2739
179 2769
179 2889
179 3288
179 3810
181 784
182 378
182 459
182 470
182 500
182 542
182 841
182 1013
182 1202
182 1444
182 1566
182 1686
182 2305
182 2596
182 3956
183 842
183 1222
186 215
186 245
186 256
186 318
186 332
186 490
186 497
186 540
186 594
186 605
186 634
186 759
186 955
186 1008
186 1036
186 1038
186 1091
186 1237
186 1276
186 1290
186 1345
186 1398
186 1462
186 1614
186 1700
186 1787
186 2006
186 2085
186 2100
186 2280
186 2458
186 2488
186 2558
186 2650
186 2673
186 3191
186 3198
186 3261
186 3308
186 3458
186 3513
186 3523
186 3634
186 3957
187 709
187 1187
188 1046
188 1297
188 1997
189 472
189 2734
189 3451
189 3999
190 197
190 214
190 240
190 364
190 476
190 570
190 720
190 1080
190 1416
190 2245
190 3066
190 3192
191 642
191 717
193 297
193 319
194 636
194 948
194 1518
194 2720
194 3796
195 1799
197 235
197 1014
197 2778
198 353
198 364
198 386
198 503
198 837
198 1257
198 1652
198 1750
198 1953
198 2170
198 2374
198 2408
198 2857
198 3089
198 3107
198 3367
198 3536
198 3678
198 3878
199 2412
199 3772
200 536
200 564
200 1614
200 1965
200 2600
200 3185
200 3330
201 276
201 913
201 1009
201 1800
201 1865
201 2186
201 2867
201 2924
201 3247
201 3304
202 309
202 321
202 1549
202 2767
202 2778
202 3030
202 3499
202 3988
203 665
203 875
203 1661
203 1860
203 2055
203 2684
203 3635
204 249
204 373
204 399
204 451
204 515
204 571
204 672
204 737
204 773
204 892
204 911
204 1392
204 1419
204 1504
204 1572
204 1608
204 1692
204 1742
204 1777
204 1983
204 2032
204 2364
204 2371
204 2460
204 3004
204 3086
204 3271
204 3322
204 3493
204 3495
204 3566
205 549
205 1203
205 2242
205 2633
205 2977
205 3146
205 3560
206 1005
206 1849
206 3926
207 219
207 1639
207 1996
207 2277
207 2687
207 3767
207 3823
208 484
208 683
208 868
208 1111
208 2528
208 3301
208 3715
209 960
209 3553
210 1073
211 226
211 303
211 1616
211 1968
214 587
214 787
214 816
214 1298
214 2885
214 3203
214 3860
216 299
216 1075
216 1294
216 1704
216 3327
216 3831
217 308
217 1091
217 1389
217 1973
217 3205
217 3313
217 3554
217 3723
218 711
218 1049
218 1857
219 3881
220 1961
221 251
221 1176
221 1913
221 2272
221 2389
221 2976
221 3051
221 3532
223 2342
225 316
225 374
225 438
225 1104
225 2752
225 3003
225 3190
225 3868
226 1758
226 1780
226 1892
226 2160
226 2659
226 3111
227 358
227 783
227 895
227 1971
227 2048
227 3256
228 1362
228 3476
229 300
229 614
229 617
229 1215
229 1242
229 1446
229 1850
229 1853
229 2472
229 2666
229 3296
229 3842
230 279
230 732
230 753
230 857
230 1118
230 1329
230 1423
230 1456
230 1741
230 1927
230 2090
230 2455
230 2805
230 2972
230 3148
230 3364
230 3847
231 298
231 534
231 611
231 725
231 957
231 1110
231 1331
231 1485
231 1961
231 2149
231 2451
231 2548
231 2812
231 3223
232 589
232 1033
232 2332
232 2467
232 3039
232 3589
233 248
233 259
233 260
233 1296
233 1338
233 2211
233 3291
234 356
234 1266
234 1361
234 2143
234 3370
234 3435
234 3682
235 287
235 2739
236 1089
236 1373
237 317
237 621
237 1099
237 2339
237 3412
237 3673
237 3695
237 3858
237 3916
237 3934
238 240
238 517
238 1128
238 1492
238 1792
238 1824
238 2286
238 2327
238 2930
238 3145
238 3193
238 3409
238 3471
238 3734
239 596
239 1510
239 2906
244 1029
244 1337
244 1712
244 2273
244 2530
244 2570
244 2732
244 2905
245 802
246 349
246 436
246 567
246 619
246 740
246 883
246 1168
246 1501
246 2189
246 2491
246 2514
246 2903
246 3050
246 3276
246 3427
246 3726
247 3485
248 296
248 757
248 768
248 938
248 1309
248 1915
248 2697
248 2901
248 3398
248 3486
248 3518
250 462
250 1525
251 386
251 450
251 738
251 826
251 2951
252 378
253 929
253 3904
254 519
254 1018
254 1322
254 2124
255 460
255 1826
255 2276
255 2908
255 2986
255 3468
255 3723
255 3874
256 1152
256 1583
256 1680
256 1888
256 2436
259 2742
260 820
260 1383
260 1553
261 513
261 651
261 1007
261 1463
261 1541
261 3538
262 293
262 384
262 763
262 1002
262 1253
262 1452
262 1497
262 1608
262 1679
262 2050
262 2116
262 2283
262 3201
262 3325
262 3378
262 3597
262 3822
263 409
263 472
263 1286
263 1311
263 1533
263 1754
263 2227
263 2275
263 2543
263 2871
263 3024
263 3224
265 902
265 1524
265 2737
265 3986
266 279
266 314
266 489
266 522
266 653
266 785
266 1166
266 1203
266 1259
266 1328
266 1563
266 1644
266 2081
266 2516
266 2615
266 2818
266 2892
266 3052
266 3173
266 3750
267 457
267 498
267 662
267 924
267 1958
267 2423
267 2840
267 3320
267 3608
267 3854
268 2845
272 431
272 1869
272 2055
272 2070
272 2075
272 3165
272 3590
273 621
273 819
273 1981
273 2587
274 2535
274 3560
275 538
275 1313
275 1756
275 1779
275 1965
275 2498
275 3373
275 3455
275 3571
275 3894
275 3994
276 305
276 3284
276 3968
277 1628
278 3505
279 695
279 1182
279 1350
279 2054
279 2507
279 2703
279 2725
279 3691
279 3954
280 415
280 928
280 1262
280 1991
280 2827
282 1025
283 840
283 872
283 1115
283 1153
283 2018
283 2508
283 2620
283 3202
283 3433
283 3649
283 3671
287 521
288 485
288 1439
288 1577
288 1852
289 398
289 537
289 728
289 1063
289 1075
289 1168
289 1253
289 1418
289 1633
289 1707
289 1721
289 1728
289 2037
289 2336
289 2452
289 2581
289 2698
289 2717
289 2756
289 3376
289 3482
289 3687
290 712
290 748
290 794
290 830
290 942
290 1016
290 1613
290 1729
290 2301
290 2350
290 2676
290 2811
291 342
291 509
292 1244
292 2865
292 3980
293 3929
294 512
294 1124
294 1133
294 1236
294 2797
295 330
295 402
295 1115
295 1143
295 1430
295 1700
295 2047
295 2093
295 2860
295 3232
295 3416
296 336
296 598
296 667
296 726
296 926
296 1159
296 1308
296 1629
296 1656
296 1884
296 2344
296 3424
298 1028
298 2781
298 3118
298 3416
298 3587
299 518
299 604
299 846
299 970
299 1035
299 1364
299 2845
299 2957
299 3164
299 3912
301 3296
302 360
302 855
302 887
302 1057
302 1131
302 1229
302 2224
302 2236
302 2787
302 2799
302 2999
302 3005
302 3041
302 3199
302 3377
302 3392
302 3546
302 3668
303 494
303 565
303 1132
303 1224
303 1596
303 2039
303 2079
303 3213
304 408
304 580
304 827
304 1101
304 1579
304 1597
304 1598
304 1657
304 1674
304 1691
304 1762
304 1843
304 1885
304 2541
304 3108
306 855
306 1010
306 1470
306 1684
306 3689
307 935
307 1845
307 2099
307 3575
308 510
308 531
308 603
308 690
308 813
308 839
308 1302
308 1328
308 1673
308 2421
308 3170
308 3419
308 3461
308 3523
308 3638
308 3678
309 869
309 893
309 1279
309 1472
309 1709
309 2161
309 2328
309 2381
309 3070
309 3114
309 3133
309 3562
309 3999
310 669
310 1276
310 3917
313 470
313 1124
313 1394
313 1925
313 1974
313 3928
314 833
314 3354
314 3357
314 3621
315 466
315 1295
315 2674
315 2783
315 3558
316 1410
316 2132
317 424
318 3021
319 1285
319 2713
319 2864
319 2880
319 3206
321 1249
321 2103
321 2182
321 3025
322 1617
322 1967
322 2063
322 2483
322 2554
322 2632
322 3246
322 3508
322 3555
324 1922
324 3276
325 1895
325 2865
327 668
327 935
327 2752
327 2857
327 3379
328 1919
329 351
329 900
329 1269
329 1577
331 584
331 2416
332 574
332 817
332 1983
332 2039
332 2091
332 2413
332 2500
332 2886
334 548
334 1331
334 2674
334 2996
334 3163
334 3189
334 3195
334 3849
334 3958
335 1536
336 401
336 567
336 821
336 973
336 1301
336 1326
336 1363
336 1876
336 1887
336 2040
336 2268
336 2373
336 2464
336 2485
336 2635
336 3480
336 3531
336 3767
336 3944
336 3998
337 1292
337 1861
337 2435
338 1460
338 1589
338 2814
338 3263
339 506
339 1280
340 379
340 1207
340 1293
340 1509
340 3612
340 3772
341 1421
341 2272
341 2888
342 3730
343 628
343 795
343 925
343 1062
343 1554
343 2120
343 3403
343 3444
343 3729
345 361
345 421
345 974
345 1959
345 2250
345 3287
346 623
346 1096
346 2498
346 2807
347 499
347 528
347 533
347 610
347 996
347 2425
347 2631
347 3239
350 1662
351 922
352 645
352 1396
352 1693
352 3348
352 3466
352 3927
353 2751
353 2824
354 588
354 822
354 1368
354 1383
354 2954
355 1889
355 2049
355 2917
356 1669
356 2102
356 2856
357 3115
357 3598
358 1570
359 618
359 751
359 1443
359 3307
359 3414
360 1263
361 852
361 1319
362 421
362 702
362 1947
362 2780
362 2984
363 400
363 747
363 840
363 1139
363 2009
363 2335
363 2358
363 3412
363 3745
364 410
364 1391
364 1532
364 3131
366 624
366 1752
366 3299
367 3088
368 2518
369 385
369 1031
369 1256
369 1416
369 1765
369 2164
369 2667
369 3683
370 798
370 1612
370 1995
370 2922
370 3536
371 776
371 978
371 1046
371 2208
371 2568
371 2575
371 3184
371 3262
372 1336
372 1355
373 384
373 489
373 2309
373 3991
375 817
375 1116
375 1381
375 2063
375 2271
376 836
376 1130
376 1408
376 1944
376 2406
377 2437
378 1182
378 3806
378 3981
380 391
380 972
380 1108
380 1248
380 1742
380 1998
380 2016
380 2033
380 2244
380 2360
380 2383
380 2648
380 2846
380 2923
380 3444
380 3447
380 3871
381 624
381 723
381 1022
381 1782
381 2140
381 2625
381 3242
381 3742
381 3833
382 581
382 785
382 2297
382 2401
382 2599
382 2662
382 2713
382 3045
382 3797
383 1806
383 3762
383 3966
385 434
385 444
385 573
385 1427
385 1653
385 1988
385 3239
386 575
386 780
386 1026
386 1178
386 2815
386 3061
386 3677
387 2732
389 1295
389 2004
391 507
391 769
391 1981
391 2206
391 2319
391 3488
392 2119
392 3038
392 3184
392 3327
393 1023
394 529
395 1573
395 1783
395 2388
395 2545
396 2178
396 3685
399 3063
400 985
400 1393
401 665
401 1409
401 2078
401 2531
401 3599
404 417
404 1674
404 2246
405 918
405 2569
405 2931
405 2932
405 3469
406 685
406 1088
406 1259
406 1358
406 1833
406 2577
406 3381
406 3869
407 608
408 425
408 820
408 962
408 988
408 2754
408 3064
408 3676
408 3679
409 933
409 1559
409 2987
410 734
410 2521
410 3608
410 3719
411 442
411 715
411 849
411 886
411 1065
411 1515
411 1959
411 2604
411 2872
412 634
414 1774
414 1792
414 3265
414 3935
415 1208
418 1090
418 1210
418 2802
418 3920
419 2330
419 3666
420 874
420 2008
420 3811
421 831
421 846
421 1047
421 1588
421 2162
421 2290
421 3415
421 3447
423 681
423 1353
423 2525
423 2791
424 446
424 2586
426 449
426 582
426 712
426 1086
426 1273
426 1343
426 1474
426 2057
426 2267
426 2689
426 2829
426 3583
426 3610
427 483
427 598
427 1455
427 2053
427 2134
427 2729
427 3373
428 3173
428 3249
429 946
429 2696
431 1927
431 2886
434 496
434 515
434 674
434 835
434 1158
434 1836
435 2395
435 3071
437 1482
437 1889
438 482
438 716
438 1369
438 1650
438 3646
439 2052
440 1575
440 1848
440 2521
440 3193
440 3464
441 1146
441 1991
442 2665
443 613
444 1226
444 2465
444 2548
444 3134
444 3675
445 3581
446 577
449 2454
450 478
450 1882
450 2278
452 625
452 641
452 1097
452 1310
452 2028
452 2391
452 2718
452 3042
453 2908
453 3775
454 494
454 836
454 1125
454 2576
454 2658
454 2736
454 3601
455 772
455 804
455 1979
455 2186
455 2400
455 2499
455 2776
455 3308
455 3358
455 3543
455 3964
456 541
456 874
456 929
456 1069
456 1184
456 1569
456 2489
456 2590
456 2847
456 3754
457 1025
457 1574
457 1781
457 2468
457 3077
457 3306
457 3551
458 899
458 1284
458 2807
460 471
460 1395
460 2425
462 669
462 701
463 2788
464 495
464 1181
464 1544
464 2080
464 2228
464 2390
464 3527
464 3698
464 3950
467 2288
468 715
468 1011
468 2009
468 2199
468 2856
468 2913
468 3259
468 3452
468 3612
470 612
470 667
470 705
470 769
470 3178
470 3344
470 3855
471 1231
471 2593
471 2651
472 1643
472 3196
473 1085
474 1967
474 2719
475 1119
475 1128
475 1420
475 1516
477 586
478 1282
478 1911
479 2325
479 2545
480 508
480 713
480 775
480 1640
480 3046
480 3309
481 998
482 1287
482 2628
483 850
483 909
483 1839
483 3050
483 3359
483 3795
484 1643
484 2017
484 2475
484 2786
484 3520
484 3840
484 3870
485 916
485 1667
485 1669
485 1886
485 3018
485 3079
485 3975
487 668
487 1854
487 2499
487 2687
489 588
489 904
489 918
489 1212
489 2965
489 3440
491 905
491 1385
491 1764
493 522
493 703
493 1440
493 1468
493 1777
493 2398
493 2443
494 1964
494 3449
495 1910
495 2404
495 2542
496 703
496 1861
496 2184
496 2643
496 2784
496 2801
497 1556
497 2524
497 2998
498 3120
499 580
499 859
499 904
499 986
499 1079
499 1438
499 1534
499 1794
499 1875
499 2869
499 3809
500 1362
500 3838
501 1999
501 2095
501 3564
502 518
502 1097
502 1264
502 1820
502 3351
503 1310
503 1928
503 2083
503 2299
503 2492
503 3103
503 3340
503 3732
504 1654
504 1670
504 3167
505 832
505 1584
506 591
506 663
506 1040
506 1212
506 1665
507 995
507 1835
507 3297
508 1691
508 2292
509 576
509 917
509 1194
510 786
510 1417
510 2012
510 2144
510 2222
510 2288
510 2427
513 1966
513 3038
514 764
514 1899
515 1081
515 1370
515 2334
515 2345
515 2444
516 839
516 1228
516 1671
516 2375
518 688
518 1034
518 1200
518 2283
518 2621
518 3744
519 726
519 1205
519 1409
519 1730
519 2025
519 2134
519 2989
519 3250
519 3333
519 3369
519 3432
521 761
524 3731
525 637
525 655
525 680
525 844
525 1054
525 1254
525 1622
525 1814
525 1924
525 2858
525 3054
526 558
526 585
526 1022
526 1136
526 1494
526 1805
526 1918
526 1957
526 2390
526 2786
526 2863
526 2906
526 3241
526 3925
527 1632
528 1739
528 3420
529 1093
529 2994
531 606
531 2551
531 2702
531 3341
533 1291
535 1581
536 1539
537 545
537 1010
537 1038
537 1354
537 3317
537 3989
538 664
538 1355
538 2841
541 791
541 1401
541 1737
543 708
543 1179
543 1341
543 1464
543 2067
543 2585
543 2794
543 2872
543 2955
543 3056
544 2462
545 1320
545 1450
545 1485
545 2180
545 2680
547 3102
548 1598
548 1871
549 659
549 824
549 1616
549 1807
549 2438
550 622
550 2366
550 2757
552 746
552 759
552 1442
552 1627
552 1939
552 2102
552 2921
552 3408
554 696
554 914
554 3315
557 1615
557 2368
558 626
558 1099
558 1347
558 2252
558 3013
558 3199
559 1348
559 3662
560 748
561 823
562 3076
562 3997
566 1638
566 2035
568 1609
568 1638
568 2768
568 3319
568 3915
572 2532
573 627
573 793
573 1335
573 1677
573 2177
573 3605
574 1164
574 1545
574 2384
574 2584
574 2821
574 2834
574 3001
574 3049
574 3180
574 3255
574 3307
574 3449
574 3521
574 3544
575 1747
575 2020
575 2073
575 2924
575 2986
575 2993
575 3756
576 1059
576 2233
577 2734
578 1192
578 1289
578 1668
578 1811
578 1993
578 2110
578 2213
578 2397
578 2709
578 2802
578 2854
578 3168
578 3365
582 614
582 1014
582 1390
582 3159
582 3269
582 3367
583 2208
583 3140
584 917
584 2249
584 3317
584 3483
584 3881
586 649
586 882
586 900
586 1839
586 2493
586 2517
586 3482
588 1662
588 3261
588 3318
589 1583
589 2727
589 3897
590 989
590 2089
591 670
591 687
591 851
591 896
591 980
591 1084
591 1141
591 1155
591 1315
591 1382
591 1688
591 1821
591 1956
591 2234
591 2576
591 2607
591 2643
591 2646
591 2715
591 2721
591 3144
591 3210
591 3267
591 3479
591 3666
591 3674
591 3709
591 3755
591 3843
591 3909
593 2251
593 3844
594 3932
595 1101
595 2874
595 3442
596 2022
596 3253
597 640
597 698
597 2088
597 3419
597 3433
598 1372
598 3314
599 719
599 997
599 1045
599 1072
599 1224
599 1235
599 1791
599 2291
599 2401
599 2551
599 2881
599 2896
599 2995
599 3368
599 3374
600 1268
600 2412
600 2417
600 3320
600 3398
601 979
601 2274
601 3387
602 1973
603 1048
603 1891
603 2264
603 2325
604 697
604 2838
605 782
605 1434
605 1976
605 2234
606 3658
606 3665
607 1732
608 880
608 2295
610 671
610 694
610 1242
610 1507
610 1592
610 2182
610 2373
610 2377
610 3953
612 1950
612 2158
613 1904
613 2783
613 2974
613 3414
614 1044
614 1510
614 1856
615 952
615 1193
615 1230
615 2340
615 2613
615 2696
615 3166
615 3676
616 1074
616 1806
616 2888
616 3740
617 656
617 938
617 1180
617 1298
617 1347
617 2714
617 3271
617 3783
621 3230
622 854
622 1085
622 1687
622 2749
622 3733
623 721
623 2085
623 2386
623 2415
623 2728
623 3128
625 682
625 871
625 2945
626 1670
626 2026
626 2415
626 2998
626 3013
628 700
628 907
629 827
629 1186
629 2062
629 2274
629 2473
629 3488
629 3567
629 3574
630 1954
631 2360
631 2557
635 1143
635 1390
635 1467
635 1651
635 1739
635 1904
635 2470
635 2478
635 2513
635 2813
635 3081
635 3424
635 3501
635 3811
636 1737
640 714
640 805
640 1156
640 2450
640 2506
640 3233
641 1162
641 3619
641 3814
642 2694
643 3167
644 2835
644 2978
644 3181
645 1514
645 3138
645 3486
646 673
646 2539
647 653
647 1998
647 2475
647 2920
647 3026
648 1055
648 2295
648 3120
649 1987
649 2903
650 744
650 956
650 1052
652 678
652 1138
652 1260
652 1610
652 2223
652 2675
652 3002
652 3076
652 3833
653 1081
654 811
654 1999
654 2124
654 2505
654 2824
654 3122
655 1862
655 1969
655 2523
657 1090
659 1206
659 1537
659 1874
659 2106
659 2389
659 2826
659 2852
659 2880
659 3084
659 3256
659 3318
659 3386
659 3699
659 3761
659 3789
659 3826
659 3944
660 1770
660 2429
662 742
662 755
662 1703
662 1751
662 1880
662 3015
662 3458
665 784
665 1021
665 1236
665 1600
665 1917
665 2240
665 3113
665 3281
665 3534
668 1001
668 1032
668 1561
668 1675
668 2255
668 2916
668 3652
668 3933
668 3970
670 1114
670 1532
670 1578
670 1878
670 2351
670 2365
670 2378
670 2556
670 2598
670 2877
670 3010
670 3203
672 1985
673 896
673 912
673 1077
673 1089
673 1636
673 1641
673 2330
673 2686
673 2770
673 3214
674 729
674 903
674 1402
674 1791
674 1829
674 2082
674 2485
674 3212
674 3642
674 3911
675 3578
676 3406
677 689
677 810
677 821
677 914
677 1757
678 2289
680 2692
681 999
681 1495
681 1659
681 3955
683 945
683 1858
685 861
685 2414
689 1677
689 2355
689 2860
689 3244
690 1004
690 1015
690 2478
690 2668
691 1624
691 1721
691 2226
691 2515
691 3799
692 813
692 1273
692 3793
695 1715
695 2007
695 2785
695 3254
696 1245
696 1521
696 1775
696 1855
696 2151
696 3138
696 3218
696 3620
697 1641
697 2362
697 2670
698 3640
701 1512
701 3241
702 797
704 3540
705 1171
707 1988
707 3711
708 1275
708 3667
710 2168
710 2321
710 3927
712 894
712 1226
712 1522
712 1707
712 1782
712 2246
712 2332
712 3495
712 3822
712 3846
713 964
715 1214
715 2411
715 3240
717 983
717 1323
717 2147
718 736
718 973
718 1561
718 1778
718 2898
719 2918
720 3274
721 807
721 2672
722 3554
723 1154
723 1655
723 1745
723 2070
723 2654
723 3425
726 1270
726 1796
726 1848
726 1955
726 2299
726 3793
729 2090
730 3721
731 744
732 1072
732 1291
732 1423
732 1457
732 2392
732 2743
732 3504
732 3880
733 2429
733 2890
733 3041
733 3602
734 2066
734 2235
735 940
735 1630
735 2961
738 1163
738 1415
738 2072
738 3245
739 1240
739 1828
739 1835
739 2362
742 799
742 818
742 1189
742 2990
742 3122
742 3197
742 3265
744 3726
746 1704
746 1715
746 1836
747 1277
748 1181
748 1626
748 2983
748 3455
749 1611
749 2930
749 3969
750 1607
750 1772
751 3346
752 955
752 1020
752 1050
752 1458
752 1943
753 1536
754 944
754 1237
754 1930
754 2300
754 3040
754 3974
758 2566
759 924
759 1369
759 1589
759 2128
759 2321
759 2731
759 2934
759 3286
759 3586
760 3669
761 1114
762 971
762 2056
762 2540
762 2907
763 1928
763 2114
763 3000
763 3654
764 1528
764 3549
764 3739
765 2799
766 3107
767 1196
767 1304
767 2919
767 3031
768 1760
768 2211
769 1377
770 1620
770 2421
770 3187
770 3448
772 1406
772 1898
772 2577
772 3383
774 1926
774 3273
776 1744
776 3097
777 942
777 1239
777 1304
777 2605
777 2706
779 1759
779 2191
779 2502
779 3090
779 3791
779 3830
780 1230
780 1497
780 1534
780 1807
780 2110
780 2307
780 2710
780 3371
780 3617
781 1687
781 2101
781 2173
781 2878
781 3036
781 3186
781 3541
782 1258
782 1880
782 3028
783 3438
785 1100
785 1326
785 2619
785 3252
785 3591
785 3728
786 1842
786 2460
788 1126
788 3311
789 847
789 2318
789 3266
790 1179
790 1447
790 1830
791 1047
791 1766
791 2280
791 2445
791 2767
791 3637
791 3695
793 1185
793 1935
793 1984
794 1333
795 1498
795 2627
795 2676
795 3289
795 3834
796 1733
796 2347
796 2393
799 2669
800 1147
801 1107
801 2074
801 2700
805 2626
807 1142
807 3058
807 3129
809 888
809 1495
809 2292
810 1145
810 1209
810 1575
810 1781
810 3394
810 3528
810 3690
812 1558
812 2083
813 2253
814 1773
814 2760
815 1006
815 1888
816 2410
816 3264
818 1392
818 3372
819 1432
819 1916
819 2520
819 2583
819 3983
820 987
820 1082
820 1500
820 1844
825 1434
825 2830
826 2836
829 967
829 1714
830 1056
830 1246
830 2084
830 2388
833 2173
833 2729
833 3310
834 1755
834 2015
834 3134
834 3537
835 889
836 2016
836 2247
836 2523
836 3153
836 3343
836 3450
837 1535
837 1984
837 2202
837 3565
838 2740
838 3258
838 3393
840 1381
840 3609
840 3711
840 3945
842 1400
842 2082
842 2967
842 3285
842 3417
842 3872
843 1243
843 1401
843 1695
843 2048
843 3439
843 3705
844 1717
846 937
846 1232
846 1469
846 2633
850 2160
850 2740
850 2758
850 2787
850 3219
850 3222
850 3228
850 3423
851 3922
852 3361
852 3687
855 3581
858 2220
858 2257
858 3572
858 3895
862 1104
862 2255
864 932
864 2030
864 2125
865 3441
867 3274
867 3550
869 3499
871 993
871 1069
871 1108
871 3839
874 1088
874 2442
876 2683
876 3351
879 1152
879 1710
879 3655
879 3729
880 980
880 1051
880 1284
880 1424
880 1736
880 1773
880 2510
880 3001
880 3157
880 3188
880 3832
881 991
881 2441
882 2920
882 3121
885 1425
885 1461
885 2262
885 2469
885 3342
887 1623
887 2820
889 2137
891 976
891 1937
892 1986
893 1138
893 1879
893 2887
894 1340
895 2518
895 2916
896 1709
896 2541
897 1183
897 1221
897 1271
897 1384
897 1529
897 1554
897 2284
897 2359
897 2629
897 2789
897 2933
897 3168
897 3430
900 1379
900 1676
901 907
901 919
901 968
903 1451
904 1288
907 2291
908 951
908 1260
908 1338
908 1545
908 2171
908 2349
908 2606
908 2634
909 1234
909 2180
909 2265
909 2636
910 1374
911 3254
912 985
913 1980
914 3648
916 1502
918 1457
920 992
921 1462
921 2571
922 1866
922 1881
924 1655
924 1788
927 1214
927 3607
927 3971
928 1394
928 2122
929 2570
929 3590
929 3624
930 1034
930 1786
932 1239
934 2150
934 2622
934 3549
937 2017
938 1427
938 1451
939 1620
939 1733
939 3462
940 1543
941 1765
941 2157
941 2495
941 2623
941 3718
943 2479
947 2484
948 1353
948 2530
948 2668
951 2105
951 2948
951 3505
952 1180
952 2599
952 3119
953 1064
953 1398
954 3035
956 2449
957 2694
957 3021
958 2437
958 2522
958 3413
960 1054
960 2384
960 2399
960 3331
960 3933
961 1278
962 2196
965 966
965 1132
965 1190
965 1969
965 2036
965 2978
965 3334
968 3512
970 1720
970 3008
971 2833
971 3083
972 1061
972 1127
972 1832
972 2249
972 2884
972 2928
972 3480
973 1112
973 1531
973 1694
973 2231
978 1339
979 1754
979 2143
980 1299
980 1858
980 2762
983 3533
984 1802
984 3166
986 1672
986 1830
986 1912
986 2333
987 1468
988 3800
989 1466
991 2484
991 2932
991 3701
993 1135
993 1459
993 3269
993 3353
993 3655
994 2060
994 3058
994 3116
994 3238
995 1523
995 1905
995 2565
996 1783
996 2140
996 2414
996 3514
997 2610
998 1161
999 2853
1003 1533
1004 2627
1004 2850
1004 3516
1004 3884
1005 2439
1005 2564
1006 1109
1006 1539
1006 1637
1006 1678
1006 2409
1006 2657
1006 3278
1006 3675
1007 1083
1007 1647
1008 1851
1009 1680
1009 1876
1009 3072
1012 1868
1013 1600
1013 1606
1013 1882
1013 2111
1013 2166
1013 2287
1013 3118
1013 3722
1013 3961
1014 3511
1015 1150
1015 3139
1015 3286
1017 1199
1017 2472
1017 3020
1019 1121
1019 1202
1020 1177
1020 1477
1020 2571
1021 1519
1022 1267
1024 3094
1025 1867
1025 1887
1025 2834
1027 3689
1028 1696
1028 3540
1029 1184
1029 1196
1029 1425
1029 1579
1029 1716
1029 1863
1029 2006
1029 2567
1029 3625
1029 3925
1029 3965
1031 2365
1036 1978
1036 2042
1036 2133
1036 3631
1037 1903
1039 1857
1039 2338
1040 3907
1041 1847
1042 1073
1042 1204
1042 3841
1043 1840
1043 2754
1044 1247
1044 1330
1044 1567
1044 3056
1046 2271
1046 3426
1048 1977
1049 1710
1051 2763
1052 1711
1053 2811
1053 3227
1053 3748
1053 3914
1056 1769
1056 3027
1056 3915
1057 1163
1057 1565
1057 1771
1057 2359
1057 2837
1057 3492
1058 2781
1060 3923
1063 1356
1063 2448
1063 3408
1065 1092
1065 1540
1065 2884
1067 2372
1069 2403
1070 2338
1070 2447
1070 3216
1071 1476
1071 1925
1072 2232
1072 2693
1073 2270
1073 2369
1074 3774
1076 3284
1078 1360
1078 1631
1078 2194
1078 2563
1078 3677
1083 1576
1084 2095
1084 3287
1085 1171
1090 2012
1091 1426
1091 3049
1092 1743
1092 1824
1092 2329
1092 3895
1093 3715
1094 3747
1095 1216
1095 2791
1095 3908
1098 1220
1098 1518
1098 1719
1098 2566
1098 2912
1099 1506
1099 2914
1101 2324
1101 2815
1101 3459
1102 1426
1104 1963
1106 1447
1106 2218
1110 1595
1110 2825
1110 3136
1110 3761
1112 2469
1112 3595
1114 2354
1115 2685
1118 1204
1118 2993
1118 3551
1119 1727
1121 1463
1122 1453
1123 2561
1124 1668
1124 2912
1124 3057
1124 3583
1126 2766
1127 2027
1127 3048
1128 2450
1128 3074
1131 1339
1131 1527
1131 2863
1131 3821
1132 1652
1132 3611
1132 3809
1133 1701
1135 1440
1136 3245
1137 3302
1140 3821
1143 3200
1147 1166
1147 1594
1147 3204
1148 1706
1148 2175
1148 2763
1148 3746
1149 2606
1150 1189
1151 1157
1152 1571
1155 1689
1155 2434
1155 3738
1157 2544
1157 3243
1159 1832
1161 2334
1163 2316
1170 3071
1171 2098
1172 1387
1172 1936
1173 3718
1177 1238
1177 1523
1178 2236
1178 2614
1178 2794
1178 3442
1179 1628
1179 1841
1180 2326
1180 3208
1182 3860
1183 2265
1183 3786
1185 3578
1185 3637
1187 2639
1187 2777
1187 3494
1187 3634
1187 3852
1189 1238
1189 2049
1189 2192
1189 2764
1190 2115
1191 2054
1191 3345
1192 1810
1192 2985
1192 3153
1193 1962
1193 2459
1193 3037
1193 3651
1195 1255
1195 2578
1195 3839
1196 1698
1196 2203
1196 2928
1197 1934
1197 2645
1201 1784
1201 3638
1201 3760
1201 3863
1201 3986
1204 2041
1204 2079
1204 2116
1205 2027
1207 1517
1207 3995
1208 1648
1208 2298
1208 2988
1209 2981
1209 3283
1210 2391
1210 2406
1210 3972
1211 1415
1212 1550
1212 1586
1214 1682
1214 2097
1218 1870
1218 2432
1218 3401
1218 3663
1219 1948
1219 2849
1219 3716
1220 2868
1220 3251
1220 3453
1223 1980
1228 1908
1229 2491
1231 2444
1232 1966
1232 2949
1233 1470
1235 1479
1236 1562
1236 2440
1236 2490
1236 2873
1236 3140
1236 3215
1237 3528
1238 1644
1238 3901
1239 2536
1239 2854
1239 3606
1239 3752
1240 3808
1241 2707
1242 1902
1244 3093
1248 1502
1249 2077
1249 2141
1249 2901
1249 2991
1249 3098
1249 3151
1249 3176
1249 3339
1249 3524
1250 1475
1250 1658
1250 1851
1250 2677
1250 3559
1250 3621
1253 2096
1253 2601
1254 1900
1256 2823
1260 1320
1260 3428
1260 3647
1262 2602
1262 2652
1262 3440
1262 3446
1264 2442
1264 2474
1264 2644
1264 3363
1264 3773
1265 3022
1269 1763
1269 2091
1272 1872
1272 2007
1272 2248
1272 2266
1272 3345
1273 1903
1273 3936
1275 1455
1275 2356
1275 2775
1279 1386
1279 1698
1279 1699
1279 1975
1279 3476
1279 3705
1279 3938
1282 2179
1284 2176
1286 1334
1293 1442
1295 1873
1295 1978
1295 2705
1301 3507
1304 3217
1304 3348
1305 2527
1306 2897
1307 3724
1309 3930
1310 1804
1310 3171
1312 3019
1313 3279
1314 2396
1314 3558
1315 1501
1315 2044
1317 1749
1317 2178
1317 3100
1321 3092
1323 3338
1327 1787
1327 3432
1327 3985
1330 2745
1335 3474
1337 1809
1337 2275
1337 2870
1337 3557
1337 3577
1339 2097
1340 2536
1345 2745
1345 2842
1348 2099
1349 2680
1349 3135
1350 3605
1351 2294
1351 3152
1351 3704
1352 3023
1353 3303
1354 1430
1354 2862
1355 2257
1359 3145
1361 2455
1363 1890
1363 3808
1364 1881
1368 3080
1368 3929
1369 1790
1369 2594
1374 2758
1375 1686
1376 3698
1377 1689
1378 2394
1380 2193
1382 1749
1382 1923
1384 2139
1384 3017
1385 2259
1386 1564
1386 1840
1386 2056
1386 2891
1386 3283
1387 2640
1395 3012
1396 1421
1396 3525
1398 2426
1401 2503
1401 2738
1403 2371
1403 3887
1407 2564
1407 3405
1408 2602
1409 2023
1413 2608
1413 2699
1413 3805
1414 1632
1414 2862
1415 1547
1415 2760
1415 3790
1419 2833
1419 3916
1421 2385
1424 2058
1425 2011
1425 3369
1425 3863
1429 3685
1430 2560
1432 1530
1432 3178
1432 3268
1433 3295
1434 2879
1435 2624
1435 3460
1435 3668
1436 2653
1436 3336
1436 3411
1437 2282
1437 2765
1437 2914
1437 2985
1440 3415
1443 3147
1446 1946
1446 3550
1447 3349
1450 1613
1452 2382
1452 3755
1455 2814
1455 2817
1457 2636
1459 2537
1460 3762
1460 3900
1461 1621
1461 2982
1462 1664
1462 3003
1463 3710
1464 1681
1464 3910
1466 1843
1467 3463
1469 1952
1470 1726
1470 3382
1475 3804
1480 1682
1480 2597
1482 3078
1482 3149
1482 3300
1482 3502
1483 3011
1484 1846
1484 2964
1484 3080
1488 2747
1488 3300
1489 3273
1490 2859
1491 2380
1491 3059
1491 3461
1494 3724
1495 1642
1495 3855
1496 1874
1496 2149
1496 2165
1496 2340
1496 3951
1498 2669
1498 3796
1499 1516
1499 1679
1499 1746
1499 1776
1499 1987
1499 2466
1499 2664
1499 3681
1505 2733
1508 2654
1510 2137
1510 2714
1510 2747
1510 3697
1513 1626
1518 1703
1521 1609
1522 3097
1523 2205
1523 3901
1526 1748
1526 2851
1528 2540
1528 3047
1529 2970
1530 1923
1530 2207
1532 2639
1532 3603
1532 3672
1532 3963
1534 2200
1536 2215
1537 1649
1537 2682
1537 3359
1540 3790
1541 2892
1541 2974
1541 3227
1541 3768
1542 3646
1543 3594
1544 2463
1548 2637
1549 2129
1553 3297
1556 1853
1556 2630
1556 3749
1557 1631
1559 2944
1559 3788
1560 2172
1560 3383
1563 3036
1565 1736
1565 2073
1567 3252
1568 2493
1570 3501
1573 2298
1573 2899
1573 3033
1573 3789
1576 2519
1576 2744
1576 2977
1577 1837
1577 2021
1577 2302
1577 2940
1577 3163
1577 3653
1578 1729
1578 2061
1578 2066
1578 2190
1578 2559
1582 2630
1586 2896
1586 3281
1588 2331
1588 3407
1590 2089
1590 2357
1590 2546
1590 3920
1592 2546
1593 1778
1598 1603
1598 1722
1598 1730
1598 2036
1598 2302
1598 2716
1598 2819
1598 3023
1599 1629
1599 2400
1599 3106
1601 1748
1603 2239
1603 2534
1603 3275
1603 3401
1603 3829
1603 3994
1604 2305
1604 2435
1608 3008
1609 1841
1610 1634
1610 1650
1610 2109
1610 3155
1610 3748
1610 3857
1611 2120
1611 2312
1611 3851
1613 3587
1614 2806
1614 3741
1614 3960
1615 2529
1617 1671
1617 2131
1617 2262
1617 3017
1617 3332
1618 2118
1618 2204
1618 3352
1621 2562
1622 1994
1622 2014
1622 3152
1625 3542
1625 3614
1626 1852
1629 2466
1632 1838
1632 3389
1637 2822
1643 3422
1649 1759
1650 1803
1652 2361
1653 2349
1656 2816
1657 2407
1657 3757
1658 3889
1660 3563
1661 1902
1661 2537
1661 2913
1664 3323
1667 2139
1668 1767
1668 1890
1668 2701
1668 3829
1672 3639
1677 2380
1678 2976
1681 1962
1681 2589
1681 3641
1685 3439
1691 2046
1693 2871
1693 3746
1694 2647
1696 1731
1697 1972
1697 3428
1697 3827
1698 2105
1700 1856
1700 2138
1701 1768
1704 2312
1708 2228
1708 2578
1708 3131
1708 3470
1709 2313
1709 2771
1709 3418
1713 2142
1713 2727
1713 3090
1715 3465
1716 3902
1718 2329
1718 2550
1718 3743
1718 3923
1719 1895
1719 2768
1719 3176
1727 2433
1728 2638
1728 3484
1729 1916
1731 2997
1731 3096
1733 3079
1734 2078
1734 2081
1736 3290
1737 2572
1742 3335
1745 2840
1745 2981
1746 1797
1746 2864
1752 2310
1753 2983
1760 2973
1760 3824
1761 3985
1762 2938
1762 3321
1762 3609
1762 3766
1762 3794
1763 3257
1768 2256
1769 2229
1769 3453
1771 2094
1771 2261
1771 3156
1772 2830
1773 3009
1778 1938
1778 3301
1778 3354
1780 2034
1780 3817
1784 2259
1784 3204
1784 3405
1786 2792
1786 2999
1786 3116
1788 2051
1788 2317
1788 3048
1789 3610
1790 2433
1792 3657
1793 2449
1795 2520
1796 2958
1797 3879
1797 3885
1801 3492
1803 2612
1803 2911
1803 3454
1807 2004
1812 2214
1814 3489
1817 3259
1823 2943
1823 2952
1823 3880
1824 2156
1824 3575
1825 2882
1827 2194
1828 2947
1829 2682
1830 3187
1831 2348
1833 3188
1834 3491
1836 3132
1837 1917
1840 3160
1846 1877
1846 2247
1846 2454
1846 3155
1846 3630
1846 3693
1847 2875
1847 3750
1852 3207
1856 2988
1857 3745
1860 3542
1864 2130
1864 3995
1865 3774
1867 1939
1869 3312
1872 1894
1874 2907
1875 2784
1879 2161
1881 2670
1881 3661
1881 3861
1890 2653
1890 3952
1892 2053
1892 2386
1893 2420
1894 2955
1895 1971
1895 2035
1895 2372
1895 3357
1896 3382
1905 2642
1907 1960
1908 2385
1908 2828
1908 2852
1912 2430
1916 3517
1917 1955
1917 3364
1924 2258
1928 2014
1928 2136
1931 2269
1931 3267
1932 3640
1932 3722
1935 2198
1935 3019
1935 3192
1938 2038
1938 3919
1939 3727
1943 2476
1943 3034
1946 2681
1950 2379
1950 3493
1950 3888
1954 2543
1957 2471
1957 2526
1957 3736
1960 2153
1968 2593
1968 3982
1970 2996
1973 2254
1973 2436
1973 2601
1973 2948
1973 3911
1974 3862
1975 3109
1977 2022
1982 2320
1982 2350
1984 2002
1984 2979
1990 3158
1991 3460
1999 2326
2000 2316
2002 2900
2006 3552
2007 3066
2008 2041
2008 2306
2008 3146
2011 3657
2013 3878
2019 3709
2020 2104
2021 2938
2021 3882
2024 3128
2025 2192
2034 2661
2035 2225
2035 3742
2036 3919
2042 3106
2044 3378
2046 3215
2053 3616
2054 2660
2062 2146
2062 2567
2062 3938
2065 2398
2071 2806
2074 2882
2074 3849
2082 3220
2087 2843
2088 3813
2089 2152
2089 2159
2089 2746
2089 3388
2089 3503
2089 3717
2090 2717
2090 3845
2097 3585
2097 3593
2097 3753
2100 3850
2105 2336
2107 2135
2109 2761
2111 3014
2113 3169
2113 3391
2113 3595
2113 3939
2114 3700
2119 3719
2119 3827
2125 3175
2127 2446
2131 2230
2136 2997
2138 2549
2139 2705
2142 3400
2143 3552
2149 3077
2151 2487
2151 3156
2153 3467
2155 3645
2156 2273
2156 2656
2157 2898
2161 2352
2161 2805
2163 2461
2163 2704
2163 3085
2167 3561
2173 3931
2179 2219
2181 2735
2190 3850
2191 3976
2193 3212
2194 2796
2194 3948
2195 2328
2195 2517
2195 3510
2199 2482
2199 3225
2200 3993
2205 2553
2207 3280
2209 2765
2210 3905
2211 2378
2211 3346
2211 3643
2216 2260
2217 2418
2217 3631
2219 2770
2220 3350
2225 2972
2229 3272
2236 3234
2236 3313
2241 2341
2243 3875
2247 2477
2247 3596
2249 3100
2249 3311
2250 2665
2254 2753
2255 3183
2267 3235
2269 2562
2269 3568
2269 3886
2271 3543
2272 3089
2276 3758
2281 2883
2287 2600
2287 3779
2289 2685
2293 3040
2294 3517
2297 2383
2297 2777
2298 3306
2304 2899
2309 2620
2309 2766
2309 2957
2309 3473
2309 3978
2313 2430
2315 2823
2315 2965
2321 2345
2323 2984
2324 2424
2326 2629
2328 3025
2329 2659
2333 3112
2335 2790
2335 3065
2335 3820
2336 2337
2339 2494
2339 2598
2341 3597
2341 3865
2341 3972
2348 3291
2348 3642
2351 2761
2353 3353
2353 3547
2355 3464
2358 3186
2362 2695
2365 3601
2366 3533
2368 3011
2368 3379
2369 2649
2369 3616
2370 2909
2372 3664
2376 3406
2389 2616
2392 2408
2400 3310
2403 2516
2403 2684
2407 3016
2407 3043
2414 2648
2420 3844
2421 3613
2422 2706
2424 3277
2428 2741
2430 2497
2430 3075
2434 2982
2439 3980
2454 3352
2462 3867
2462 3963
2464 2926
2464 3730
2475 2731
2477 2759
2479 3200
2480 2572
2481 3207
2485 3653
2487 3598
2490 2628
2490 3787
2492 3602
2502 3586
2509 3883
2525 3576
2527 3573
2533 3899
2537 3596
2538 2735
2544 2613
2544 3853
2547 3660
2547 3959
2549 3618
2550 3446
2550 3956
2561 3073
2576 3615
2576 3652
2578 2929
2579 3670
2583 3062
2589 3688
2592 3861
2594 3810
2595 2915
2597 3142
2600 3141
2601 3472
2602 3875
2602 3949
2603 3896
2609 2774
2623 3798
2623 3926
2624 2874
2635 2695
2636 2837
2637 3377
2638 3172
2640 3636
2642 3529
2642 3763
2644 3235
2645 2719
2656 3599
2658 3973
2664 3443
2664 3776
2666 2803
2673 2835
2674 3247
2675 3696
2677 3160
2678 3012
2692 3997
2697 3316
2704 3764
2709 2964
2711 3856
2712 3372
2712 3660
2717 3518
2726 2959
2727 2945
2727 3270
2727 3942
2728 3961
2735 3329
2740 2891
2743 3867
2746 3801
2747 3469
2748 3825
2758 2782
2761 3984
2784 3022
2785 2942
2802 3623
2808 3043
2809 3932
2812 3477
2820 3147
2823 3567
2823 3628
2823 3987
2834 3819
2836 3410
2845 3629
2847 3031
2849 2937
2852 3491
2852 3864
2852 3948
2853 3132
2853 3371
2853 3620
2853 3981
2867 2962
2870 3802
2871 3397
2873 2925
2874 3321
2878 3777
2888 3063
2893 3214
2894 3356
2894 3529
2899 3721
2901 3553
2901 3593
2909 3996
2918 3617
2921 3336
2933 2992
2934 3112
2941 3470
2942 3324
2948 3224
2948 3569
2949 3941
2950 3035
2965 3074
2970 3930
2987 3295
2987 3700
2987 3891
2989 3582
2989 3741
2999 3515
3001 3852
3007 3355
3008 3018
3008 3075
3008 3374
3008 3399
3019 3137
3027 3177
3029 3890
3035 3962
3037 3532
3047 3943
3049 3882
3063 3522
3073 3127
3073 3479
3074 3600
3076 3570
3084 3125
3084 3397
3086 3114
3090 3384
3090 3751
3096 3959
3106 3964
3110 3870
3112 3859
3129 3887
3133 3423
3135 3998
3143 3356
3143 3792
3147 3305
3147 3727
3147 3798
3157 3563
3160 3626
3160 3686
3167 3965
3175 3257
3176 3282
3177 3752
3185 3497
3189 3545
3191 3314
3192 3524
3199 3535
3214 3739
3220 3368
3221 3720
3239 3292
3246 3947
3249 3498
3252 3847
3256 3693
3257 3910
3258 3606
3277 3548
3279 3898
3281 3380
3286 3804
3293 3691
3331 3385
3331 3565
3344 3903
3349 3957
3358 3894
3365 3627
3365 3673
3365 3891
3379 3788
3380 3514
3398 3459
3403 3431
3409 3570
3413 3736
3424 3688
3430 3481
3430 3785
3469 3819
3478 3615
3493 3630
3493 3645
3527 3651
3551 3851
3556 3592
3566 3836
3599 3703
3637 3778
3654 3769
3657 3814
3681 3879
3701 3818
3720 3921
3748 3977
3750 3837
3775 3883
3788 3886
3833 3918
3884 3913
3948 3970
