0 16
0 17
0 111
0 535
0 795
0 865
1 306
1 616
1 968
2 555
2 581
2 768
3 760
3 792
3 897
4 37
4 39
4 125
4 702
5 160
5 429
5 960
6 524
7 185
7 323
7 748
7 799
7 817
8 191
8 686
9 373
9 495
9 911
10 35
10 538
10 734
11 205
11 591
12 29
12 187
12 341
12 436
12 765
13 886
13 892
13 920
14 99
14 185
14 302
14 603
14 714
14 785
14 965
15 366
15 929
16 271
16 519
16 524
16 823
17 46
17 472
17 633
17 887
17 956
18 21
18 103
18 519
18 677
19 25
19 447
19 614
19 640
19 776
19 816
20 333
20 367
20 540
20 737
20 742
20 790
20 803
20 989
21 293
21 542
21 566
22 386
22 423
22 843
23 427
23 827
23 909
24 92
24 127
25 41
25 215
26 69
26 92
26 273
26 320
26 351
26 355
26 464
26 668
26 674
27 704
28 257
28 568
28 584
28 639
28 681
28 711
28 838
29 128
29 387
29 474
29 495
29 604
29 691
29 819
30 268
32 613
32 686
32 954
33 263
33 439
33 451
33 958
33 966
33 998
34 200
34 301
34 364
34 781
34 829
34 870
34 906
35 97
35 120
35 199
35 223
35 427
35 447
35 509
35 674
35 675
35 889
36 65
37 491
37 730
37 797
37 915
37 973
38 239
38 331
38 393
38 581
38 934
39 197
39 214
40 210
40 530
40 569
40 590
40 695
40 810
40 829
40 915
41 59
41 343
41 392
41 597
41 709
41 793
42 284
42 696
42 799
43 59
43 283
43 410
43 822
44 50
44 603
44 922
44 940
45 714
45 758
45 859
46 661
46 689
46 726
46 741
46 797
46 841
47 243
47 380
47 415
47 462
48 239
48 928
49 111
49 356
49 524
49 575
49 661
49 832
50 81
51 416
51 421
51 425
51 519
51 613
51 683
52 285
52 570
52 577
52 991
53 318
54 461
54 527
54 577
54 851
54 949
54 992
55 506
55 531
55 589
55 662
56 74
56 177
56 201
56 383
56 533
56 867
56 940
57 550
57 663
57 774
58 379
58 637
58 732
59 621
59 644
59 683
59 818
60 525
60 574
60 732
60 831
60 936
61 64
61 223
61 306
61 358
61 763
62 143
62 272
62 702
63 304
63 478
63 518
63 635
63 720
63 882
63 939
63 964
64 318
64 682
64 721
64 953
64 964
65 342
65 351
65 387
65 412
65 886
66 631
66 643
66 676
66 968
67 527
67 808
68 621
69 175
69 335
69 672
69 808
69 994
70 242
70 319
70 482
70 609
70 703
70 765
71 269
71 301
71 985
72 93
72 218
72 485
72 503
72 569
72 811
72 974
73 452
73 527
73 578
73 973
74 107
74 217
74 286
74 362
74 505
74 583
74 875
74 950
75 788
75 841
75 944
76 141
76 247
76 370
77 258
78 484
78 998
79 556
80 737
80 815
80 955
81 481
81 543
82 94
82 186
82 404
82 407
82 947
84 106
84 156
84 338
84 369
84 570
84 831
85 92
85 188
85 257
85 958
86 154
86 298
86 340
87 748
87 790
88 134
88 275
88 692
88 811
89 161
89 558
89 560
89 801
89 805
89 901
90 444
90 516
90 803
90 880
91 488
92 601
93 378
93 508
93 521
94 725
94 771
95 121
95 189
95 504
95 736
95 908
96 196
96 353
96 756
96 784
97 931
98 188
98 331
98 411
98 447
99 381
99 593
99 819
99 994
100 221
100 251
100 380
100 423
100 843
100 972
101 121
101 191
101 705
101 801
102 255
102 283
102 384
103 627
103 962
104 158
104 549
104 561
104 817
104 880
105 152
105 214
105 322
105 737
105 776
106 441
106 614
106 867
106 897
107 485
107 596
107 775
108 573
108 760
108 851
108 901
108 915
109 285
109 503
110 349
110 406
110 442
110 747
110 782
110 830
111 280
111 525
111 621
111 717
111 934
113 148
113 372
113 546
113 638
113 649
113 712
113 762
113 786
114 155
114 318
114 340
114 353
114 480
114 632
114 708
114 728
114 782
114 831
115 284
115 363
115 514
115 806
115 881
116 523
116 866
117 390
117 521
118 270
118 449
118 480
118 508
118 795
118 832
119 198
119 367
119 587
119 617
119 640
119 983
120 358
120 665
120 749
120 881
121 349
121 576
121 650
122 630
122 858
122 892
123 290
123 304
123 339
124 304
124 362
124 376
124 521
124 539
124 741
125 247
125 418
125 570
125 788
126 160
126 274
126 314
126 555
126 590
126 671
126 713
126 763
127 218
127 274
127 612
127 626
128 731
128 959
129 166
129 379
129 553
129 569
129 872
130 343
130 725
130 743
131 276
131 424
131 822
132 157
132 847
133 218
133 342
133 393
133 441
133 612
133 730
134 403
134 624
134 855
135 162
135 320
135 481
136 779
137 144
137 311
137 538
137 966
137 978
138 401
138 650
138 909
138 940
139 782
139 943
139 972
140 832
140 869
141 352
141 529
141 960
142 366
142 982
143 173
143 313
143 560
143 676
143 910
143 939
144 146
144 233
144 542
144 712
144 969
145 196
145 238
145 346
145 492
145 609
146 879
146 906
148 197
148 684
149 205
149 545
149 582
149 629
149 644
151 205
151 373
151 392
151 515
151 603
151 621
152 305
152 373
152 996
153 356
153 363
153 546
153 820
154 470
154 551
155 289
155 373
155 391
155 865
156 243
156 615
156 657
156 687
156 841
156 971
157 207
157 484
157 485
157 737
158 283
158 442
158 901
158 903
159 257
159 302
160 267
160 275
160 357
160 664
161 176
161 452
161 914
162 197
162 559
163 165
163 207
163 994
164 234
164 276
164 294
164 453
164 664
165 233
165 401
165 481
165 812
165 916
166 294
166 680
166 764
167 295
168 839
169 185
169 822
170 628
170 962
171 736
171 786
172 347
173 441
173 695
173 824
174 206
174 335
174 595
174 836
176 518
176 783
177 254
177 946
179 443
179 755
179 873
179 899
180 273
180 280
180 401
180 579
180 767
181 349
181 591
181 860
182 283
182 946
183 889
183 976
184 474
184 476
184 497
184 515
184 585
184 662
185 477
186 268
187 284
187 702
187 929
188 231
188 492
188 678
188 825
188 956
189 480
189 534
189 556
189 727
189 906
190 223
190 295
190 425
190 912
191 428
191 451
191 454
192 343
193 340
194 929
194 949
195 278
195 483
195 491
196 370
196 992
197 404
197 727
197 983
198 455
198 630
198 649
198 956
198 970
199 441
199 774
200 313
200 345
200 735
200 951
201 263
201 358
201 656
201 695
201 748
201 762
201 934
203 869
204 365
204 371
205 245
205 377
205 609
206 311
206 884
207 389
207 493
207 890
207 982
208 354
209 720
209 943
210 442
210 557
210 787
210 880
211 303
211 333
211 367
211 444
211 663
211 664
212 378
212 385
212 455
212 491
212 799
212 987
213 245
213 629
213 933
214 422
214 630
214 853
215 241
215 905
216 521
216 964
216 994
217 343
217 507
218 429
218 895
218 951
219 259
219 664
219 674
219 682
219 989
220 349
220 934
221 562
221 830
222 327
222 500
222 860
223 783
224 454
224 552
224 647
224 661
224 705
224 716
225 342
225 555
226 539
227 314
227 332
227 461
227 540
227 859
228 289
229 608
229 706
229 901
230 361
230 635
231 280
231 411
231 457
231 826
232 339
232 436
233 270
233 494
233 524
233 828
234 413
234 852
235 356
235 377
236 648
237 376
237 492
237 888
238 535
238 668
239 489
239 604
239 678
239 838
240 643
240 887
241 396
241 423
241 520
241 776
241 843
242 286
242 650
242 701
243 403
243 471
243 678
244 696
245 396
245 422
245 710
245 810
245 921
245 927
246 249
246 344
246 469
246 682
247 441
247 678
247 848
247 949
248 299
248 949
249 343
249 667
249 802
249 826
249 835
250 378
251 357
252 460
253 576
253 684
254 610
254 929
255 467
255 469
255 568
255 622
255 872
257 292
258 272
258 483
258 633
258 642
258 820
258 958
259 619
259 660
260 267
261 288
261 495
261 825
261 945
262 425
262 445
262 720
262 894
263 498
263 648
263 672
263 846
263 973
264 354
264 362
264 777
264 978
265 298
265 354
265 378
265 501
265 791
265 792
266 295
266 444
266 525
267 329
267 924
267 980
267 985
268 943
269 591
269 993
270 570
270 949
271 925
272 894
273 506
273 610
273 900
273 936
274 285
274 306
274 647
274 757
274 984
275 598
275 815
276 702
277 287
277 583
277 684
278 451
279 329
279 454
279 746
280 321
280 657
281 318
281 488
281 667
281 767
281 837
282 290
282 333
282 353
282 422
282 645
282 789
283 580
283 631
283 797
283 816
283 986
284 561
284 766
285 318
285 656
285 735
285 872
285 969
286 292
286 322
286 491
286 496
286 584
286 670
287 416
287 473
287 745
287 875
288 320
288 368
288 473
288 557
288 643
289 361
289 434
289 484
289 696
289 915
291 309
291 315
291 778
292 345
292 861
292 902
293 336
293 606
293 753
293 864
295 456
295 714
296 358
296 467
296 666
296 684
296 905
296 927
297 562
297 944
298 356
298 526
298 632
298 644
298 803
300 327
300 750
301 479
301 601
301 719
301 806
302 592
302 859
303 411
303 735
303 801
303 828
303 869
303 896
304 577
304 601
304 677
304 700
304 769
305 360
305 370
305 783
306 445
306 738
307 395
307 523
307 944
307 950
308 859
309 598
309 616
309 761
311 400
312 559
312 704
312 872
313 898
314 679
314 963
316 502
316 709
316 969
318 408
318 718
318 824
319 536
319 691
319 788
319 928
319 995
320 446
320 565
321 361
321 419
321 745
321 857
321 859
321 976
322 640
323 383
323 568
323 591
323 616
323 784
323 885
324 407
325 420
325 598
325 663
325 675
325 710
326 593
327 488
327 891
328 535
328 615
329 351
329 403
329 406
329 612
329 616
329 778
330 518
330 644
330 656
330 820
331 400
331 559
331 867
331 876
332 580
332 623
332 652
332 670
332 927
333 851
334 355
334 367
334 623
334 747
335 415
335 990
336 378
336 395
336 679
336 692
337 649
337 716
338 435
338 579
338 637
339 472
339 518
339 583
339 654
340 347
340 790
340 795
340 859
340 861
340 928
341 462
341 466
341 800
342 423
342 925
343 626
343 671
343 706
343 819
344 439
344 814
345 516
345 753
345 873
345 878
345 972
346 733
346 903
346 985
347 435
347 568
347 572
347 659
347 707
347 968
348 448
348 504
348 641
348 652
348 689
349 367
349 532
349 724
349 763
349 904
350 540
350 574
350 645
351 717
352 458
352 473
352 547
352 686
352 693
353 475
353 479
353 924
353 972
354 380
354 407
354 752
355 807
355 973
355 975
356 495
357 935
358 361
358 714
359 906
360 424
360 822
361 431
361 557
361 575
361 697
361 748
362 411
363 406
363 807
363 808
363 907
364 623
364 636
364 650
364 949
365 597
365 940
366 429
366 458
366 937
367 563
367 673
367 834
367 974
368 925
368 931
368 942
368 944
370 798
371 411
371 428
371 477
371 485
371 874
372 526
372 848
373 670
373 679
373 785
373 835
374 541
374 570
375 536
375 804
376 485
376 742
377 975
378 859
379 850
381 414
381 747
381 806
382 829
382 841
383 385
383 793
383 949
384 386
384 436
385 461
385 800
385 809
385 959
386 750
387 542
387 775
387 918
388 443
388 852
389 432
389 439
389 998
390 867
390 876
390 997
391 399
391 500
391 785
391 939
392 436
392 553
392 570
392 705
392 783
393 826
394 519
394 807
395 416
395 496
395 499
395 884
396 677
398 575
398 631
398 666
398 676
399 747
399 767
399 895
400 589
400 832
400 878
400 922
401 579
401 957
402 492
402 580
402 661
402 722
402 737
402 966
403 888
403 892
403 978
404 715
404 989
405 677
406 494
406 499
406 647
406 721
407 674
407 847
408 782
409 820
410 515
411 421
411 805
412 562
413 448
413 572
413 947
414 667
414 685
414 912
415 640
415 992
416 628
416 737
417 459
418 794
419 480
419 683
420 596
421 474
421 477
421 546
421 637
421 713
421 739
421 777
421 813
421 932
421 981
422 432
422 947
423 450
423 503
424 533
424 637
425 530
425 619
425 729
425 777
425 804
425 864
425 935
426 983
427 528
428 444
428 849
428 872
429 439
429 570
430 443
430 588
430 679
431 758
431 816
433 519
433 576
433 736
433 797
433 808
433 830
433 845
433 868
433 873
433 996
434 944
435 468
435 533
435 959
436 589
436 779
436 999
437 962
439 451
439 504
439 733
440 574
440 764
440 864
441 518
441 572
441 574
442 818
443 448
443 773
444 518
444 598
444 858
444 996
445 608
445 832
445 881
446 472
446 488
446 502
446 561
446 603
446 922
446 931
447 568
447 611
447 702
447 832
447 871
447 960
447 977
449 608
450 485
450 709
451 920
452 458
452 615
452 792
453 709
453 826
453 944
454 782
454 786
454 804
454 866
454 916
455 669
455 675
455 874
456 797
457 975
458 681
458 820
460 962
461 479
461 869
461 929
462 587
462 702
462 822
463 485
464 640
465 695
465 734
465 774
465 972
466 549
466 551
466 655
468 525
468 528
468 829
469 616
469 846
470 576
470 768
471 577
471 668
471 952
472 999
473 728
474 483
474 606
475 784
476 615
476 969
477 658
477 667
477 779
479 583
480 792
480 834
480 874
482 896
483 717
483 976
484 837
485 534
485 551
486 494
486 531
486 607
486 775
487 565
487 774
487 858
487 966
488 841
488 906
488 923
488 929
489 798
490 550
490 815
490 886
491 811
492 677
492 688
493 584
493 630
493 947
494 674
494 766
494 777
494 886
496 547
496 768
497 532
497 539
498 539
500 602
500 710
500 740
500 828
501 603
501 663
502 711
502 968
503 537
503 634
503 819
504 546
505 994
506 719
506 775
507 829
508 524
508 562
508 761
509 551
509 586
509 618
509 753
510 611
510 749
511 718
511 757
512 738
513 566
514 603
515 990
516 623
516 736
516 846
516 978
518 589
518 800
518 861
519 960
519 974
520 752
520 763
520 828
520 943
521 760
522 590
522 679
522 700
522 866
523 878
524 530
524 571
525 740
525 944
526 679
526 875
527 724
527 929
528 569
529 541
530 824
530 826
530 913
530 985
531 998
532 718
532 788
533 593
533 619
534 984
535 576
535 604
535 641
536 581
537 540
537 604
538 544
538 629
538 769
538 795
540 963
541 802
542 630
542 929
544 565
544 714
545 727
546 614
547 717
547 778
548 714
548 751
550 561
550 825
550 921
551 635
551 677
551 815
551 940
552 624
553 951
553 989
555 929
556 707
556 859
557 581
557 661
559 891
560 561
560 637
560 708
560 801
561 574
561 602
561 827
562 751
562 984
563 855
565 567
565 670
566 675
566 912
566 992
567 699
567 879
568 617
568 793
568 795
569 941
570 945
571 664
571 742
572 666
572 832
573 711
574 606
574 969
575 604
575 871
575 872
576 726
576 765
576 883
577 885
580 622
580 709
582 895
583 819
583 967
583 974
584 595
585 763
586 943
587 698
589 704
591 824
591 886
592 843
594 869
594 998
595 807
598 753
602 609
602 644
602 861
602 929
603 648
603 661
603 933
603 993
604 655
604 811
604 971
605 879
606 625
606 650
606 968
607 669
607 981
608 830
608 909
608 924
612 804
614 833
615 844
615 994
616 688
617 680
617 748
618 859
618 907
618 941
620 629
620 718
621 880
621 892
622 903
623 721
623 821
623 834
623 849
623 860
624 647
624 839
625 682
625 742
626 844
628 655
630 634
630 724
630 726
632 761
634 953
635 866
635 963
636 753
636 837
636 955
637 775
638 650
638 951
638 978
639 821
640 642
640 704
640 984
641 721
641 865
641 879
642 974
643 735
643 802
644 704
644 724
644 744
645 956
646 964
647 692
647 995
648 675
649 959
651 653
651 897
652 684
652 921
653 945
654 757
655 970
655 977
656 757
656 894
657 819
657 858
657 963
658 664
658 924
659 776
660 711
660 745
660 779
660 792
660 974
661 827
661 839
662 940
663 868
664 811
665 681
665 924
666 668
666 697
667 847
669 867
669 924
670 749
671 910
673 702
675 709
675 829
677 706
678 840
680 820
681 976
683 824
684 700
684 746
684 834
686 784
686 795
687 965
688 909
690 813
690 871
692 988
693 953
697 771
697 822
697 979
698 731
698 733
698 758
699 910
699 936
699 984
701 811
701 941
701 973
702 826
704 952
705 759
705 959
706 797
706 817
707 725
707 865
709 949
711 981
712 720
714 751
714 842
717 767
717 872
719 882
720 803
721 837
722 850
723 858
724 763
724 958
725 924
731 776
732 927
732 991
733 735
734 973
735 820
737 777
737 826
737 896
738 777
738 828
739 783
741 816
742 826
742 870
742 974
743 749
744 861
745 794
746 957
747 784
747 974
749 803
750 776
750 942
751 913
751 965
752 963
753 828
753 860
754 778
754 785
754 924
755 899
756 971
758 777
758 843
759 808
760 771
760 998
761 778
761 808
766 922
767 769
767 791
768 821
768 838
772 936
772 972
772 981
773 887
774 914
775 860
775 998
776 793
777 907
777 934
779 825
779 910
779 989
780 895
782 830
783 822
783 851
783 882
784 887
784 890
787 866
787 956
788 885
788 911
789 879
789 997
791 969
793 918
794 879
795 880
797 922
797 995
798 848
799 927
802 832
802 854
802 977
804 876
805 834
805 860
806 871
806 949
807 893
810 838
812 993
818 894
818 901
819 911
820 979
822 839
823 947
827 850
827 906
835 956
836 883
840 881
841 912
841 938
842 846
846 863
846 974
848 859
848 860
849 879
850 869
851 961
854 997
855 881
856 993
858 883
858 930
859 920
863 964
864 933
865 928
867 964
876 897
877 940
881 974
883 915
883 967
885 973
886 979
888 902
890 912
890 935
890 948
894 976
898 987
899 959
900 903
900 985
902 927
910 915
921 988
922 937
923 957
925 930
930 949
935 969
943 951
953 995
957 972
960 996
977 978
983 993
