0 33
0 45
0 94
0 153
0 198
1 32
1 36
1 83
1 109
1 226
2 103
2 169
2 175
2 212
2 218
3 80
3 131
3 238
4 16
4 65
5 166
5 247
6 79
6 117
6 141
7 24
7 143
8 11
9 102
9 142
9 209
10 37
10 56
10 162
10 212
11 46
11 191
11 235
12 39
12 82
12 124
12 248
13 23
13 60
13 110
13 114
13 180
14 166
14 205
15 73
15 109
15 111
15 113
15 220
15 221
16 18
16 21
16 46
16 122
16 131
17 19
17 144
18 38
18 51
18 76
18 156
19 36
19 42
19 83
19 98
20 174
20 198
21 27
21 134
21 159
21 164
21 176
21 186
22 76
22 87
22 175
22 182
22 242
23 84
23 162
23 212
23 245
24 86
24 155
24 205
24 247
25 45
25 128
25 217
26 51
26 142
26 229
27 61
27 113
27 120
27 139
27 155
27 161
27 170
27 230
28 241
28 243
29 35
29 36
29 127
29 155
30 35
30 75
30 157
30 174
31 46
31 89
31 95
31 139
31 194
31 199
32 47
32 111
32 148
32 178
33 34
33 39
33 103
33 178
34 232
35 87
35 146
35 152
35 213
36 115
37 206
39 68
39 97
39 143
39 155
39 186
39 244
40 66
40 99
40 126
41 59
41 121
41 188
41 244
42 53
42 109
42 181
42 205
43 47
43 56
43 211
43 240
43 243
44 144
45 93
45 121
45 139
45 205
46 96
46 145
47 50
47 66
47 73
47 122
47 127
47 150
47 171
48 69
48 136
48 188
48 242
49 103
49 127
49 154
49 224
50 230
51 235
51 238
52 72
52 189
53 104
53 118
53 125
53 176
53 177
53 188
54 104
54 182
54 188
55 69
55 142
55 239
56 96
57 160
57 163
57 179
57 201
57 219
57 249
58 62
58 72
58 91
58 111
58 188
58 209
59 164
59 227
60 144
61 172
61 209
61 238
62 89
62 123
62 137
62 200
62 223
63 89
63 91
63 111
63 127
63 144
63 156
63 189
63 200
63 216
63 218
64 85
65 83
65 131
65 151
66 93
66 106
66 131
66 138
66 152
66 163
66 176
66 216
66 223
67 183
68 162
68 246
69 217
69 229
70 101
70 218
70 219
72 73
72 84
72 130
72 156
72 203
72 208
72 234
72 235
73 110
73 154
73 177
73 240
74 113
74 159
74 205
75 137
75 206
75 210
76 114
76 127
76 147
76 184
76 191
76 204
76 206
76 207
77 130
77 148
77 180
78 128
78 247
79 146
80 87
80 107
80 130
80 176
80 210
80 226
81 247
82 112
82 181
82 209
83 95
83 179
83 190
84 195
84 231
85 151
85 207
85 220
86 232
86 243
86 248
87 191
88 152
89 112
90 152
90 155
90 197
91 125
91 227
92 211
93 128
93 155
93 162
93 186
94 190
94 223
94 241
95 164
95 222
96 190
97 101
97 107
98 212
98 226
99 204
99 236
100 163
100 211
101 113
101 206
102 113
102 137
102 138
103 137
103 227
104 143
104 188
105 164
105 205
106 204
107 131
107 188
107 237
107 249
108 112
108 154
108 193
108 216
108 217
108 234
109 133
109 164
109 174
109 223
109 227
109 233
110 126
111 148
111 149
111 178
111 183
111 193
111 237
111 246
112 123
112 216
113 160
113 211
114 115
114 179
114 217
114 240
115 142
115 163
115 168
116 200
116 223
116 240
117 212
118 133
118 182
119 240
120 145
120 163
120 226
121 135
121 158
122 183
122 187
123 211
123 223
123 242
124 172
124 183
124 217
125 134
126 180
126 216
127 244
128 141
128 144
128 166
128 223
129 167
129 237
130 136
130 204
130 228
131 225
133 134
135 162
135 207
136 161
136 196
136 224
137 168
137 198
137 205
137 230
138 222
138 230
140 168
140 190
141 162
141 179
142 219
143 152
144 157
144 163
144 197
145 148
145 151
145 164
145 195
146 185
147 244
148 186
148 205
148 228
150 218
151 184
151 228
151 235
153 232
155 238
156 160
157 170
157 233
157 243
158 220
159 189
159 234
159 239
160 192
161 244
162 189
163 228
164 214
165 197
166 193
166 241
168 196
168 212
168 230
170 189
171 194
171 218
172 175
173 189
173 195
174 176
175 226
176 189
176 234
177 247
178 192
178 197
178 211
178 224
179 197
180 240
181 197
181 200
184 186
185 216
190 248
192 244
193 240
194 215
194 225
196 218
196 230
201 236
203 225
206 218
206 233
206 238
210 221
210 236
212 230
214 249
217 244
218 241
219 223
220 230
221 224
222 234
223 241
232 249
233 239
235 245
248 249
