0 1
0 2
0 3
0 4
0 5
0 6
0 8
0 9
0 10
0 11
0 12
0 14
0 16
0 17
0 18
0 19
0 22
0 27
0 32
0 34
0 36
0 38
0 42
0 48
0 51
0 55
0 56
0 61
0 62
0 66
0 71
0 84
0 85
0 87
0 90
0 98
0 100
0 105
0 107
0 111
1 2
1 3
1 4
1 6
1 7
1 9
1 10
1 11
1 12
1 13
1 16
1 17
1 21
1 23
1 24
1 25
1 26
1 30
1 32
1 33
1 38
1 40
1 41
1 49
1 50
1 54
1 56
1 57
1 58
1 59
1 60
1 62
1 64
1 70
1 71
1 72
1 73
1 74
1 75
1 76
1 81
1 83
1 84
1 86
1 88
1 89
1 93
1 98
1 107
1 110
1 112
1 114
1 115
1 117
2 45
2 53
2 108
3 7
3 18
3 19
3 20
3 29
3 35
3 37
3 39
3 68
3 77
3 78
3 79
3 87
3 93
3 102
3 117
3 121
4 5
5 27
5 60
5 83
6 28
6 53
7 8
7 43
7 65
7 74
7 101
8 33
8 46
8 65
8 81
8 95
8 123
9 13
9 47
9 61
9 67
9 100
10 15
10 25
10 30
10 58
10 102
10 113
10 114
11 20
11 24
11 26
11 37
11 78
11 91
11 94
11 95
11 97
11 109
11 120
12 23
12 29
12 31
12 34
12 36
12 42
12 46
12 52
12 72
12 116
12 118
13 14
13 22
13 67
14 15
14 21
14 35
14 40
14 41
14 44
14 47
14 79
14 86
14 91
14 111
15 45
15 73
15 77
16 48
16 121
18 44
18 82
18 105
18 108
18 122
19 43
19 54
19 64
19 68
19 112
21 69
22 31
23 66
26 28
28 55
28 63
28 69
29 51
36 52
37 39
37 57
37 90
37 115
37 124
38 104
40 50
40 110
47 75
47 80
47 99
48 49
48 118
49 119
50 70
50 92
51 80
51 82
52 59
52 113
52 116
54 92
54 96
56 109
57 88
57 104
57 106
57 123
58 63
58 120
68 89
68 122
69 124
72 85
74 76
77 103
79 96
80 101
84 94
84 97
89 103
95 99
102 106
112 119
