0 1
0 2
0 3
0 4
0 5
0 6
0 11
0 13
0 15
0 16
0 18
0 24
0 25
0 29
0 30
0 31
0 54
0 58
0 59
0 61
0 71
0 72
0 73
0 81
0 82
0 84
0 85
0 89
0 96
0 113
0 121
0 124
0 127
0 133
0 137
0 139
0 140
0 142
0 146
0 153
0 159
0 160
0 161
0 163
0 170
0 174
0 176
0 192
0 193
0 198
0 203
0 210
0 211
0 212
0 223
0 234
0 240
0 245
0 249
0 257
0 258
0 262
0 276
0 293
0 298
0 310
0 321
0 322
0 323
0 335
0 337
0 349
0 350
0 378
0 392
0 395
0 406
0 412
0 427
0 430
0 435
0 437
0 439
0 468
0 474
0 477
0 478
0 479
0 491
0 497
0 499
0 507
0 509
0 517
0 519
0 535
0 537
0 539
0 540
0 541
0 547
0 548
0 564
0 565
0 574
0 575
0 577
0 594
0 595
0 599
0 609
0 611
0 624
0 644
0 659
0 661
0 662
0 667
0 671
0 684
0 688
0 700
0 711
0 713
0 721
0 753
0 756
0 781
0 806
0 832
0 837
0 840
0 841
0 853
0 869
0 874
0 897
0 898
0 907
0 911
0 914
0 921
0 923
0 926
0 954
0 960
0 969
0 974
0 984
0 991
0 996
0 1017
0 1020
0 1036
0 1056
0 1089
0 1106
0 1114
0 1117
0 1124
0 1126
0 1129
0 1133
0 1138
0 1146
0 1154
0 1163
0 1167
0 1213
0 1225
0 1227
0 1244
0 1253
0 1273
0 1292
0 1300
0 1328
0 1335
0 1343
0 1366
0 1388
0 1410
0 1422
0 1424
0 1434
0 1443
0 1474
0 1478
0 1480
0 1483
0 1492
0 1495
0 1506
0 1507
0 1510
0 1520
0 1543
0 1549
0 1572
0 1573
0 1576
0 1580
0 1585
0 1594
0 1603
0 1628
0 1640
0 1648
0 1718
0 1719
0 1764
0 1770
0 1782
0 1829
0 1835
0 1859
0 1861
0 1868
0 1872
0 1880
0 1886
0 1890
0 1900
0 1908
0 1909
0 1912
0 1931
0 1935
0 1938
0 1946
0 1947
0 1963
1 2
1 7
1 9
1 12
1 14
1 20
1 23
1 32
1 35
1 39
1 42
1 43
1 46
1 47
1 49
1 53
1 57
1 58
1 60
1 63
1 68
1 77
1 97
1 99
1 102
1 103
1 115
1 124
1 127
1 136
1 143
1 146
1 156
1 166
1 168
1 172
1 178
1 195
1 198
1 205
1 213
1 224
1 228
1 229
1 242
1 246
1 267
1 269
1 283
1 301
1 307
1 311
1 312
1 314
1 317
1 321
1 345
1 353
1 369
1 373
1 374
1 380
1 381
1 382
1 411
1 416
1 418
1 433
1 435
1 444
1 451
1 464
1 480
1 481
1 492
1 494
1 504
1 506
1 508
1 515
1 522
1 542
1 549
1 552
1 570
1 592
1 597
1 614
1 617
1 622
1 635
1 658
1 669
1 670
1 672
1 681
1 706
1 711
1 714
1 720
1 726
1 729
1 735
1 748
1 758
1 818
1 819
1 829
1 842
1 896
1 900
1 901
1 948
1 959
1 973
1 1006
1 1010
1 1018
1 1020
1 1042
1 1054
1 1056
1 1063
1 1068
1 1091
1 1092
1 1095
1 1104
1 1110
1 1113
1 1131
1 1152
1 1162
1 1215
1 1216
1 1219
1 1222
1 1226
1 1227
1 1234
1 1258
1 1265
1 1297
1 1316
1 1323
1 1326
1 1349
1 1352
1 1353
1 1365
1 1397
1 1400
1 1405
1 1419
1 1435
1 1436
1 1491
1 1506
1 1535
1 1541
1 1547
1 1555
1 1574
1 1578
1 1582
1 1605
1 1637
1 1641
1 1664
1 1670
1 1726
1 1773
1 1777
1 1830
1 1836
1 1844
1 1866
1 1903
1 1917
1 1968
2 3
2 4
2 6
2 7
2 8
2 9
2 12
2 15
2 18
2 37
2 38
2 41
2 44
2 46
2 56
2 63
2 64
2 66
2 74
2 77
2 78
2 93
2 94
2 96
2 110
2 117
2 120
2 131
2 144
2 151
2 152
2 162
2 179
2 183
2 193
2 201
2 233
2 268
2 271
2 279
2 286
2 288
2 319
2 327
2 341
2 351
2 352
2 363
2 367
2 368
2 370
2 377
2 379
2 423
2 438
2 443
2 459
2 462
2 482
2 489
2 501
2 506
2 512
2 532
2 533
2 582
2 648
2 667
2 684
2 702
2 746
2 777
2 788
2 793
2 815
2 819
2 831
2 840
2 854
2 870
2 882
2 890
2 893
2 902
2 920
2 937
2 972
2 993
2 995
2 1003
2 1071
2 1098
2 1132
2 1143
2 1166
2 1170
2 1171
2 1173
2 1180
2 1189
2 1235
2 1239
2 1249
2 1259
2 1267
2 1275
2 1276
2 1295
2 1343
2 1347
2 1348
2 1383
2 1391
2 1427
2 1431
2 1435
2 1448
2 1451
2 1486
2 1503
2 1521
2 1523
2 1530
2 1564
2 1567
2 1595
2 1609
2 1622
2 1636
2 1641
2 1654
2 1660
2 1666
2 1671
2 1732
2 1759
2 1781
2 1801
2 1809
2 1845
2 1857
2 1866
2 1882
3 5
3 11
3 13
3 17
3 19
3 20
3 21
3 22
3 26
3 29
3 34
3 36
3 40
3 43
3 44
3 52
3 66
3 67
3 70
3 83
3 88
3 91
3 95
3 103
3 107
3 109
3 112
3 122
3 123
3 129
3 130
3 145
3 150
3 158
3 174
3 177
3 184
3 202
3 221
3 224
3 243
3 267
3 285
3 288
3 290
3 295
3 302
3 303
3 310
3 358
3 379
3 396
3 397
3 403
3 408
3 415
3 426
3 431
3 434
3 443
3 446
3 470
3 476
3 491
3 497
3 511
3 514
3 516
3 538
3 539
3 543
3 560
3 593
3 613
3 625
3 631
3 632
3 683
3 705
3 735
3 741
3 770
3 776
3 795
3 813
3 821
3 845
3 847
3 856
3 876
3 878
3 892
3 905
3 917
3 925
3 931
3 992
3 994
3 1029
3 1036
3 1046
3 1050
3 1064
3 1065
3 1097
3 1149
3 1188
3 1197
3 1201
3 1211
3 1228
3 1256
3 1275
3 1328
3 1333
3 1342
3 1371
3 1406
3 1420
3 1469
3 1508
3 1509
3 1513
3 1516
3 1523
3 1524
3 1563
3 1566
3 1619
3 1655
3 1676
3 1677
3 1692
3 1717
3 1727
3 1728
3 1731
3 1758
3 1765
3 1806
3 1822
3 1823
3 1827
3 1841
3 1846
3 1862
3 1912
3 1923
3 1926
3 1932
4 8
4 69
4 80
4 121
4 217
4 238
4 359
4 445
4 588
4 596
4 646
4 708
4 801
4 846
4 972
4 1018
4 1072
4 1092
4 1101
4 1190
4 1248
4 1311
4 1465
4 1472
4 1635
4 1690
4 1870
4 1982
4 1987
5 10
5 27
5 64
5 85
5 143
5 168
5 230
5 231
5 256
5 274
5 399
5 407
5 432
5 471
5 502
5 597
5 618
5 624
5 654
5 676
5 696
5 710
5 744
5 773
5 783
5 793
5 798
5 851
5 908
5 923
5 941
5 968
5 1058
5 1178
5 1187
5 1222
5 1271
5 1277
5 1318
5 1320
5 1325
5 1368
5 1444
5 1463
5 1557
5 1610
5 1618
5 1657
5 1674
5 1695
5 1737
5 1746
5 1784
5 1819
5 1871
5 1904
5 1919
5 1930
5 1968
5 1989
6 10
6 32
6 35
6 37
6 50
6 51
6 57
6 86
6 89
6 93
6 100
6 106
6 108
6 145
6 157
6 170
6 225
6 229
6 230
6 246
6 291
6 326
6 365
6 458
6 513
6 517
6 553
6 554
6 557
6 585
6 602
6 625
6 645
6 647
6 653
6 676
6 728
6 737
6 763
6 765
6 807
6 956
6 969
6 980
6 981
6 986
6 988
6 1016
6 1034
6 1063
6 1105
6 1118
6 1172
6 1174
6 1192
6 1233
6 1258
6 1266
6 1268
6 1285
6 1345
6 1360
6 1371
6 1455
6 1562
6 1578
6 1595
6 1688
6 1724
6 1834
6 1863
6 1900
6 1911
6 1920
6 1940
6 1974
6 1987
6 1992
7 16
7 51
7 65
7 87
7 215
7 438
7 487
7 556
7 604
7 638
7 757
7 769
7 839
7 946
7 1022
7 1460
8 75
8 157
8 187
8 296
8 344
8 652
8 656
8 1370
9 22
9 25
9 55
9 90
9 106
9 129
9 151
9 171
9 188
9 201
9 206
9 248
9 253
9 374
9 495
9 551
9 577
9 621
9 678
9 699
9 748
9 762
9 776
9 805
9 810
9 920
9 946
9 979
9 1069
9 1075
9 1125
9 1260
9 1273
9 1309
9 1316
9 1394
9 1413
9 1457
9 1476
9 1498
9 1511
9 1568
9 1571
9 1703
9 1730
9 1954
10 67
10 82
10 205
10 239
10 316
10 400
10 405
10 475
10 545
10 692
10 704
10 722
10 733
10 769
10 830
10 873
10 904
10 1073
10 1205
10 1236
10 1303
10 1360
10 1409
10 1433
10 1610
10 1623
10 1710
11 17
11 42
11 98
11 105
11 227
11 259
11 353
11 505
11 570
11 579
11 584
11 606
11 636
11 775
11 864
11 888
11 1113
11 1272
11 1421
11 1526
11 1561
11 1678
11 1755
11 1808
12 14
12 21
12 31
12 33
12 39
12 45
12 53
12 56
12 69
12 70
12 95
12 118
12 128
12 130
12 137
12 144
12 147
12 154
12 158
12 166
12 175
12 195
12 200
12 209
12 212
12 216
12 222
12 225
12 231
12 264
12 265
12 282
12 285
12 289
12 296
12 322
12 337
12 340
12 346
12 389
12 409
12 449
12 477
12 498
12 512
12 520
12 523
12 532
12 569
12 571
12 582
12 607
12 628
12 665
12 668
12 669
12 701
12 718
12 741
12 743
12 751
12 771
12 794
12 834
12 844
12 867
12 875
12 930
12 936
12 938
12 996
12 1031
12 1034
12 1038
12 1052
12 1053
12 1059
12 1093
12 1217
12 1230
12 1236
12 1279
12 1284
12 1314
12 1354
12 1387
12 1393
12 1469
12 1475
12 1528
12 1538
12 1576
12 1583
12 1613
12 1616
12 1646
12 1687
12 1693
12 1737
12 1776
12 1804
12 1860
12 1914
12 1962
13 209
13 260
13 356
13 426
13 460
13 524
13 666
13 698
13 704
13 827
13 881
13 904
13 1070
13 1120
13 1411
13 1675
13 1835
14 185
14 226
14 358
14 372
14 468
14 500
14 563
14 619
14 626
14 733
14 1117
14 1521
14 1571
14 1658
14 1707
15 167
15 189
15 638
15 1202
15 1941
16 19
16 23
16 41
16 86
16 100
16 244
16 338
16 439
16 461
16 467
16 519
16 549
16 583
16 631
16 685
16 723
16 734
16 774
16 799
16 848
16 862
16 899
16 932
16 939
16 945
16 1030
16 1168
16 1237
16 1289
16 1312
16 1512
16 1630
16 1647
16 1698
16 1745
16 1868
17 76
17 139
17 165
17 615
17 916
17 1123
17 1428
17 1667
17 1838
17 1999
18 27
18 33
18 62
18 72
18 78
18 84
18 138
18 164
18 169
18 251
18 343
18 357
18 376
18 389
18 390
18 562
18 573
18 598
18 642
18 646
18 685
18 792
18 960
18 970
18 982
18 984
18 1027
18 1057
18 1078
18 1124
18 1224
18 1232
18 1256
18 1319
18 1340
18 1342
18 1415
18 1439
18 1494
18 1518
18 1520
18 1554
18 1569
18 1601
18 1627
18 1672
18 1689
18 1692
18 1707
18 1744
18 1756
18 1813
18 1981
18 1997
19 24
19 26
19 47
19 52
19 105
19 134
19 149
19 159
19 162
19 194
19 202
19 204
19 227
19 235
19 261
19 276
19 290
19 348
19 377
19 391
19 395
19 406
19 425
19 428
19 447
19 502
19 590
19 616
19 632
19 724
19 812
19 858
19 860
19 1061
19 1081
19 1120
19 1155
19 1159
19 1183
19 1193
19 1203
19 1235
19 1315
19 1353
19 1359
19 1369
19 1404
19 1420
19 1429
19 1452
19 1472
19 1519
19 1533
19 1547
19 1604
19 1638
19 1640
19 1661
19 1679
19 1694
19 1791
19 1810
19 1811
19 1824
19 1826
19 1840
19 1931
19 1939
19 1979
19 1996
20 36
20 324
20 421
20 564
20 589
20 677
20 680
20 806
20 1136
21 28
21 1050
22 214
22 1895
23 148
23 1799
23 1939
24 60
24 273
24 278
24 490
24 880
24 1043
24 1436
24 1484
24 1533
24 1764
24 1897
24 1929
25 534
25 600
25 693
25 1201
25 1621
26 1177
27 28
27 38
27 48
27 74
27 79
27 232
27 247
27 252
27 284
27 448
27 485
27 546
27 665
27 675
27 803
27 1011
27 1147
27 1301
27 1347
27 1563
27 1596
27 1619
28 30
28 79
28 104
28 131
28 133
28 156
28 330
28 447
28 465
28 488
28 534
28 990
28 1487
28 1548
28 1697
28 1724
28 1808
28 1825
28 1876
28 1913
29 65
29 118
29 153
29 160
29 256
29 270
29 289
29 294
29 313
29 350
29 387
29 403
29 424
29 445
29 449
29 473
29 480
29 558
29 600
29 647
29 774
29 846
29 924
29 982
29 1025
29 1067
29 1070
29 1142
29 1310
29 1352
29 1370
29 1409
29 1515
29 1618
29 1683
29 1777
29 1815
29 1832
29 1964
30 489
30 679
30 1384
30 1733
31 34
31 40
31 87
31 90
31 92
31 101
31 119
31 125
31 161
31 207
31 213
31 214
31 300
31 301
31 308
31 368
31 401
31 416
31 420
31 429
31 483
31 484
31 503
31 537
31 751
31 752
31 754
31 779
31 861
31 940
31 957
31 1008
31 1062
31 1107
31 1287
31 1291
31 1299
31 1306
31 1339
31 1365
31 1382
31 1397
31 1460
31 1539
31 1602
31 1720
31 1746
31 1754
31 1767
31 1786
31 1852
31 1858
31 1889
31 1915
32 196
32 232
32 450
32 788
32 1099
32 1263
33 442
33 1575
33 1594
33 1984
35 45
35 59
35 113
35 188
35 414
35 505
35 877
35 918
35 1239
35 1296
35 1344
35 1774
35 1990
36 54
36 92
36 122
36 128
36 163
36 186
36 199
36 215
36 238
36 259
36 286
36 292
36 307
36 324
36 332
36 338
36 393
36 433
36 472
36 521
36 544
36 545
36 586
36 592
36 634
36 682
36 706
36 768
36 825
36 828
36 861
36 1019
36 1035
36 1039
36 1061
36 1193
36 1245
36 1293
36 1586
36 1624
36 1743
36 1819
36 1855
36 1899
38 62
38 91
38 102
38 126
38 132
38 141
38 155
38 187
38 297
38 566
38 569
38 649
38 678
38 764
38 836
38 874
38 1116
38 1176
38 1643
38 1685
39 1246
40 660
40 1240
40 1438
40 1462
40 1992
41 109
41 275
41 292
41 297
41 309
41 329
41 355
41 359
41 459
41 466
41 573
41 673
41 701
41 772
41 777
41 811
41 915
41 918
41 1033
41 1341
41 1378
41 1406
41 1434
41 1984
42 49
42 50
42 101
42 104
42 110
42 140
42 167
42 173
42 175
42 179
42 181
42 203
42 217
42 220
42 228
42 261
42 266
42 282
42 309
42 332
42 334
42 348
42 380
42 385
42 386
42 390
42 394
42 411
42 452
42 463
42 504
42 551
42 556
42 558
42 579
42 587
42 591
42 606
42 651
42 656
42 659
42 668
42 709
42 723
42 768
42 785
42 786
42 817
42 823
42 838
42 852
42 879
42 890
42 937
42 951
42 970
42 986
42 999
42 1029
42 1038
42 1040
42 1148
42 1176
42 1182
42 1204
42 1250
42 1358
42 1389
42 1400
42 1573
42 1634
42 1665
42 1706
42 1768
42 1769
42 1771
42 1802
42 1818
42 1857
42 1865
42 1878
43 48
43 125
43 184
43 218
43 752
43 784
43 949
43 1093
43 1137
43 1172
43 1715
44 71
44 76
44 81
44 142
44 149
44 208
44 342
44 454
44 742
44 745
44 963
44 1301
45 1372
45 1815
46 111
46 182
46 190
46 255
46 294
46 340
46 384
46 417
46 452
46 580
46 883
46 1001
46 1065
46 1153
46 1453
46 1581
46 1710
46 1721
46 1784
47 269
47 1499
48 219
48 686
48 1121
48 1499
49 766
50 648
51 275
51 356
51 369
51 496
51 601
51 640
51 837
51 855
51 943
51 1262
51 1396
51 1626
51 1926
52 55
52 75
52 148
52 169
52 172
52 180
52 233
52 245
52 250
52 287
52 299
52 306
52 423
52 526
52 560
52 580
52 643
52 650
52 651
52 662
52 844
52 866
52 903
52 987
52 1053
52 1079
52 1088
52 1100
52 1103
52 1134
52 1139
52 1266
52 1269
52 1317
52 1399
52 1445
52 1459
52 1487
52 1668
52 1751
52 1770
52 1812
52 1813
52 1871
52 1930
54 189
55 176
55 469
55 488
55 528
55 633
55 737
55 779
55 836
55 889
55 1145
55 1260
55 1304
55 1380
55 1747
55 1878
56 61
56 80
56 98
56 360
56 364
56 436
56 490
56 508
56 540
56 565
56 715
56 761
56 1171
56 1188
56 1279
56 1504
56 1528
56 1672
57 135
57 521
57 1031
57 1297
57 1333
57 1492
57 1734
57 1907
58 590
58 1603
60 73
60 177
60 273
60 444
60 476
60 514
60 528
60 683
60 866
60 912
60 1111
60 1302
60 1464
60 1620
60 1795
60 1851
60 1994
62 88
62 116
62 164
62 300
62 305
62 342
62 361
62 371
62 412
62 448
62 460
62 550
62 728
62 739
62 925
62 1001
62 1096
62 1133
62 1191
62 1286
62 1337
62 1441
62 1493
62 1565
62 1673
63 111
63 155
63 181
63 210
63 264
63 318
63 398
63 467
63 510
63 527
63 629
63 680
63 719
63 729
63 880
63 913
63 944
63 976
63 1003
63 1151
63 1165
63 1194
63 1253
63 1341
63 1426
63 1432
63 1433
63 1536
63 1617
63 1682
63 1740
63 1752
63 1768
63 1842
63 1892
63 1925
63 1936
63 1942
64 371
64 621
65 313
65 442
65 463
65 1023
65 1161
65 1242
65 1320
65 1735
65 1742
65 1956
66 196
66 237
66 341
66 484
66 596
66 1285
67 68
67 83
67 115
67 132
67 226
67 410
67 623
67 634
67 743
67 761
67 775
67 868
67 1013
67 1141
67 1250
67 1332
67 1449
67 1712
67 1743
67 1885
68 147
68 345
68 672
68 1170
68 1263
68 1441
68 1467
68 1827
68 1986
69 263
69 732
69 734
69 921
69 1833
69 1961
71 716
71 998
71 1292
71 1997
72 108
72 114
72 555
72 829
72 1287
73 270
73 272
73 315
73 388
73 673
73 778
73 824
73 1135
73 1200
73 1755
74 370
74 398
74 750
74 1226
74 1302
74 1314
74 1387
74 1493
74 1711
75 236
75 366
75 1494
76 262
76 755
77 94
77 240
77 1479
78 451
78 1879
79 191
79 746
79 1765
80 114
80 199
80 218
80 241
80 255
80 277
80 362
80 408
80 418
80 440
80 455
80 559
80 591
80 622
80 791
80 809
80 893
80 1005
80 1098
80 1241
80 1305
80 1518
80 1522
80 1620
80 1695
80 1834
80 1945
80 1952
82 116
82 171
82 278
82 330
82 354
82 479
82 615
82 655
82 689
82 727
82 770
82 956
82 1032
82 1385
82 1485
82 1577
82 1587
82 1786
82 1951
83 119
83 183
83 372
83 496
83 610
83 1048
83 1121
83 1560
84 204
84 419
84 1000
84 1043
84 1980
85 197
85 425
85 510
85 803
85 816
85 833
87 311
87 1004
87 1015
87 1069
87 1178
87 1601
87 1653
87 1949
88 376
88 393
88 1017
88 1456
88 1495
88 1719
89 186
89 441
89 583
89 850
89 1022
89 1060
89 1364
89 1779
89 1955
90 253
90 642
90 688
90 1753
91 120
91 244
91 303
91 325
91 360
91 436
91 603
91 643
91 707
91 1045
91 1112
91 1148
91 1315
91 1358
92 265
92 349
93 138
93 241
93 333
93 366
93 543
93 598
93 699
93 736
93 801
93 906
93 952
93 955
93 1086
93 1229
93 1372
93 1449
93 1524
93 1674
93 1918
93 1989
94 97
94 99
94 257
94 305
94 339
94 383
94 405
94 511
94 693
94 698
94 708
94 1057
94 1077
94 1129
94 1283
94 1458
94 1622
94 1859
94 1932
94 1998
95 117
95 190
95 344
95 730
95 822
95 894
95 1091
95 1126
95 1345
95 1668
95 1993
96 320
96 828
96 1756
97 197
97 492
97 640
97 690
97 917
98 355
98 474
98 627
98 747
98 886
98 1249
99 135
99 845
100 107
100 483
100 724
100 794
100 1377
100 1687
100 1916
101 112
101 134
101 165
101 298
101 653
101 690
101 759
101 936
101 958
101 974
101 1548
101 1621
101 1761
101 1889
102 1322
103 173
103 200
103 208
103 250
103 902
103 919
103 1238
103 1379
103 1879
104 123
104 126
104 306
104 396
104 572
104 620
104 636
104 891
104 933
104 968
104 1102
104 1128
104 1423
104 1484
104 1532
104 1604
104 1666
105 782
107 619
107 926
108 1380
108 1600
109 192
109 413
109 530
109 747
109 966
109 1082
109 1679
110 136
110 414
110 527
110 563
110 759
110 988
110 1280
110 1346
110 1362
110 1418
110 1525
110 1584
110 1647
111 206
111 221
111 429
111 627
111 872
111 896
111 1165
111 1278
112 1762
113 178
113 222
113 263
113 432
113 471
113 686
113 785
113 802
113 912
113 1527
113 1591
113 1729
113 1867
113 1934
113 1967
114 1791
115 367
115 1138
115 1612
117 431
117 487
117 1680
117 1906
118 976
118 1581
119 1795
120 383
120 574
120 713
120 1009
120 1047
120 1280
120 1339
120 1529
122 291
122 304
122 929
122 1145
122 1348
122 1362
122 1427
122 1701
122 1884
123 236
123 314
123 392
123 609
123 696
123 859
123 962
123 1090
123 1168
123 1257
123 1489
123 1927
123 1952
125 185
125 308
125 402
125 529
125 531
125 1059
125 1062
125 1289
125 1402
125 1459
125 1505
125 1525
125 1598
125 1762
125 1798
125 1902
127 150
127 254
127 663
127 753
127 1488
127 1512
127 1684
127 1905
129 152
129 154
129 503
129 586
129 914
129 1185
129 1591
129 1636
130 1247
130 1322
131 1319
132 248
132 315
134 141
134 219
134 251
134 268
134 274
134 404
134 608
134 772
134 905
134 978
134 1004
134 1102
134 1455
134 1463
135 417
135 679
135 1112
135 1392
135 1600
137 258
137 335
137 386
137 387
137 639
137 674
137 755
137 767
137 790
137 882
137 1210
137 1390
137 1796
139 1220
139 1667
139 1703
139 1722
140 722
141 525
141 802
141 834
141 977
141 1282
141 1296
141 1589
141 1652
142 1850
142 1883
142 1934
143 588
143 765
143 1809
143 1828
145 299
145 450
145 562
145 584
145 1111
145 1184
145 1482
146 518
146 585
146 641
146 720
146 822
146 887
146 888
146 928
146 1677
147 323
147 536
147 1153
149 1300
149 1388
150 242
150 531
150 997
150 1157
150 1381
151 243
151 249
151 317
151 441
151 559
151 1237
151 1556
151 1625
152 1697
153 280
153 312
153 357
153 604
153 907
153 1130
153 1407
153 1540
153 1769
154 234
154 670
154 1024
154 1231
154 1293
154 1430
156 211
158 1012
158 1274
158 1664
159 194
159 1478
160 182
160 343
160 401
160 847
160 1028
160 1128
160 1941
161 730
161 1000
161 1969
162 239
162 1261
162 1294
163 223
163 328
163 384
163 437
163 481
163 727
163 813
163 854
163 939
163 1049
163 1105
163 1198
163 1214
163 1405
163 1430
163 1665
163 1821
164 536
164 714
164 985
164 1356
164 1854
165 811
165 1880
165 1960
167 280
167 1060
167 1103
167 1894
167 1923
168 180
168 1488
168 1867
168 1901
168 1991
172 191
174 382
174 453
174 610
174 780
174 878
174 1438
174 1464
174 1534
174 1638
174 1675
174 1915
174 1928
175 295
175 320
175 391
175 605
175 791
175 881
175 942
175 1473
175 1922
177 260
177 279
177 363
177 420
177 458
177 520
177 578
177 709
177 725
177 835
177 915
177 1014
177 1044
177 1123
177 1312
177 1437
177 1608
177 1614
177 1648
177 1735
177 1781
177 1890
177 1897
178 870
178 983
178 1042
178 1820
179 254
179 850
179 947
180 283
182 820
183 422
184 266
184 347
186 1329
187 1491
187 1767
188 378
188 413
188 1127
188 1517
188 1531
189 1203
190 319
190 499
190 666
190 885
190 1109
190 1140
190 1215
190 1598
190 1700
191 853
191 884
191 1131
191 1160
191 1324
191 1814
192 207
192 220
192 304
192 455
192 576
192 895
192 1192
193 612
193 760
193 1766
193 1782
194 318
194 786
194 1612
194 1910
195 327
195 800
199 334
199 644
199 715
201 838
201 1284
201 1963
202 271
202 626
202 750
202 922
202 1159
202 1334
203 663
203 1383
203 1729
204 1075
204 1508
205 247
205 409
205 428
205 658
205 826
205 867
205 1007
205 1095
205 1189
205 1295
205 1419
205 1659
205 1662
208 430
208 509
208 664
208 1852
209 397
209 410
209 589
209 618
209 782
209 1350
209 1410
209 1424
209 1470
209 1552
209 1760
210 812
210 831
210 1157
210 1205
210 1558
210 1772
211 216
211 1773
211 1789
211 1921
211 1972
214 235
214 287
214 924
214 1139
214 1196
214 1439
214 1479
215 909
215 1551
216 237
216 293
216 302
216 328
216 464
216 544
216 859
216 916
216 1083
216 1741
216 1796
217 909
218 339
218 365
218 538
218 605
218 628
218 675
218 721
218 1108
218 1454
218 1519
219 1052
219 1307
219 1663
221 381
221 400
221 694
221 953
221 1071
221 1264
221 1950
222 351
222 362
222 501
222 671
222 756
222 1150
222 1691
224 848
224 1179
226 1660
226 1961
228 331
229 557
229 1055
229 1350
230 523
231 789
231 1580
235 1119
237 277
237 710
237 858
237 965
237 1625
238 1881
240 1705
240 1849
241 336
241 354
241 475
241 1976
242 404
242 1155
242 1240
242 1559
242 1944
244 1823
245 421
245 637
245 661
246 1167
247 616
248 252
248 1334
248 1874
248 1982
249 326
249 347
249 567
249 1116
249 1136
249 1151
249 1310
249 1321
249 1792
251 561
251 641
251 804
251 987
251 1321
251 1611
253 1374
254 272
254 284
254 561
254 1587
255 989
256 507
256 1048
256 1550
257 1700
258 555
258 594
258 712
258 906
258 1956
259 805
261 934
261 1272
261 1644
261 1936
262 1554
263 1504
266 325
266 333
266 814
266 1526
266 1637
268 740
268 810
268 1543
269 402
269 965
269 1534
269 1739
269 1842
270 935
270 985
270 1702
271 281
271 316
271 1349
271 1379
271 1797
272 1558
273 281
273 462
273 470
273 518
273 773
273 1006
273 1187
273 1607
273 1924
274 717
274 739
274 1046
274 1361
274 1448
274 1451
275 407
275 1861
277 456
277 465
277 1068
277 1408
278 346
278 440
278 587
278 716
278 1055
279 493
280 1642
281 789
282 1087
282 1466
283 427
283 886
283 1501
284 1125
284 1270
285 827
285 989
286 1794
288 373
288 515
288 797
288 826
288 863
288 990
288 1008
288 1085
288 1212
288 1232
288 1527
288 1734
288 1778
289 1218
290 472
290 1838
292 935
292 1132
292 1382
293 461
293 707
293 908
293 1127
294 725
297 331
297 849
297 1465
298 757
298 876
298 1251
298 1329
299 697
299 934
299 1964
300 732
300 771
300 851
300 1644
302 842
306 478
306 1175
306 1688
307 399
308 336
308 482
308 1032
308 1051
308 1277
308 1659
308 1731
308 1957
309 581
311 566
311 1323
311 1522
311 1629
311 1708
314 352
314 385
314 601
314 1195
314 1780
314 1804
317 329
317 983
317 1047
317 1599
317 1775
319 971
319 1025
319 1067
319 1373
323 364
323 541
323 548
323 1146
323 1229
323 1377
323 1626
323 1805
323 1817
323 1854
324 525
324 593
324 1199
324 1367
324 1633
325 932
325 1338
325 1496
327 695
327 952
327 1661
328 1709
329 375
329 526
329 807
329 885
329 1101
331 1142
331 1318
333 868
333 1083
333 1087
334 1080
335 941
338 550
338 692
338 947
340 1376
342 1066
344 375
344 1836
345 635
345 1530
346 857
348 863
348 877
348 951
348 1191
348 1381
348 1579
348 1843
349 1467
351 535
351 816
351 1027
351 1477
352 736
359 361
359 883
359 1657
359 1974
361 572
361 674
361 731
361 1044
361 1085
361 1122
361 1184
361 1330
361 1551
362 804
362 1713
363 637
364 394
364 754
364 948
364 1550
364 1575
364 1933
366 422
366 457
366 897
366 913
366 1115
368 415
368 815
370 419
370 456
370 744
370 1503
373 500
373 516
373 1110
373 1216
375 797
375 823
375 1118
376 654
377 388
377 424
377 494
377 1081
377 1094
377 1180
377 1750
377 1893
380 595
380 1255
380 1431
380 1892
381 623
381 1011
381 1211
381 1330
381 1466
381 1515
381 1751
381 1864
383 694
383 911
383 1776
384 1416
385 581
387 434
387 453
387 568
387 1021
387 1421
388 639
388 879
388 1033
388 1490
389 1026
389 1196
391 1935
392 1290
393 841
393 1948
394 1204
399 1338
401 899
401 1883
402 486
402 493
402 843
402 1023
402 1186
402 1291
402 1304
402 1592
402 1752
402 1816
402 1891
403 875
403 1181
403 1217
403 1607
403 1656
403 1774
404 446
404 457
404 1051
404 1082
405 469
405 607
405 718
405 726
405 1174
405 1183
405 1306
405 1336
405 1471
405 1844
405 1903
407 1356
407 1457
408 1198
409 1028
409 1156
409 1468
410 1137
413 781
413 1851
414 1403
414 1970
415 705
415 1790
416 1119
418 889
418 1152
418 1361
418 1556
418 1910
419 620
419 792
419 954
419 1210
419 1709
422 830
422 1481
423 454
423 1096
426 1014
428 687
431 495
431 1898
432 473
433 657
433 814
433 1147
433 1247
433 1396
433 1916
435 553
435 630
435 961
435 1026
435 1173
435 1545
435 1829
435 1993
436 1181
436 1363
436 1408
436 1454
437 839
437 903
438 645
438 1010
438 1367
440 1039
440 1084
440 1134
443 1016
444 485
444 612
444 1901
446 738
446 1673
447 824
450 1281
450 1307
450 1826
451 1220
451 1305
451 1486
451 1885
451 1898
454 552
454 977
454 1653
454 1726
454 1828
454 1865
455 568
455 1532
455 1727
456 1741
457 865
457 1643
458 466
459 524
459 1376
459 1391
460 530
460 1313
461 992
461 1212
461 1714
461 1966
462 717
462 762
462 872
464 1384
467 1538
468 652
468 657
468 818
468 1041
468 1274
468 1303
468 1849
469 1831
470 547
470 857
470 1317
470 1507
470 1514
470 1572
470 1599
470 1873
471 486
471 498
471 542
471 649
471 871
471 979
471 1335
471 1444
471 1609
471 1691
471 1749
471 1947
473 682
473 749
473 852
473 928
473 1199
473 1450
474 554
474 660
474 1850
476 529
476 1009
476 1074
477 533
477 578
477 953
477 1251
477 1423
477 1588
477 1797
477 1803
477 1855
477 1990
478 602
478 629
478 1976
480 1654
481 764
481 767
481 1617
482 522
484 1745
485 513
485 749
485 817
486 1144
488 1271
491 687
492 546
492 575
492 1209
492 1725
493 871
493 887
493 891
493 1412
493 1780
495 991
495 1077
499 1597
500 655
500 964
500 1597
501 1922
503 1886
504 664
507 1888
508 702
508 1559
509 691
511 630
511 1501
511 1699
511 1717
512 835
512 1276
512 1446
513 1701
515 1649
516 1623
516 1881
517 571
517 719
517 1225
517 1699
517 1965
519 808
520 1005
520 1244
521 742
521 892
521 1076
521 1161
521 1787
521 1928
527 1143
528 1411
530 958
530 967
531 1428
531 1790
533 931
533 975
533 1012
533 1355
533 1723
536 963
537 576
539 1480
539 1848
540 1007
540 1058
540 1158
540 1186
540 1374
540 1645
540 1985
542 1041
542 1100
542 1107
543 1816
544 745
544 873
545 1331
546 567
546 758
546 910
546 1711
547 603
547 697
547 1805
547 1853
547 1927
548 790
548 1447
548 1788
549 1497
549 1750
549 1973
550 799
550 1822
551 971
551 1265
552 943
552 1309
552 1616
552 1873
553 1629
555 738
555 919
555 1331
555 1354
555 1399
557 1268
557 1818
558 1429
559 695
559 1446
563 910
563 1872
564 1150
565 613
565 1840
567 1579
567 1585
567 1914
568 997
568 1140
568 1742
572 787
572 1019
572 1565
573 1445
574 1375
574 1395
576 760
576 1262
576 1716
576 1847
578 614
579 691
579 843
580 677
581 929
581 1586
582 608
582 1905
584 895
584 1024
585 599
585 1470
588 1502
588 1592
591 617
591 681
591 703
591 832
591 967
591 1197
591 1414
593 1162
593 1476
594 1783
597 611
602 927
602 1099
602 1359
602 1681
602 1845
602 1846
602 1946
605 1953
606 1190
608 930
608 1255
608 1843
609 633
610 1278
610 1357
612 700
614 821
615 820
617 1975
618 1761
621 650
624 1207
627 1002
627 1164
627 1209
627 1588
628 1402
629 1763
630 1432
630 1646
630 1658
633 1122
634 731
634 1395
635 1772
636 1536
637 1704
637 1917
637 1942
638 1368
639 1230
641 1364
643 800
643 1442
643 1634
644 955
644 1267
644 1680
646 1615
648 864
650 703
650 1705
652 945
652 1224
653 1894
654 740
655 1179
656 1021
657 1442
657 1870
658 949
659 1481
659 1544
660 994
660 1037
660 1426
660 1632
661 1094
661 1639
663 1570
663 1940
667 809
667 998
668 957
669 860
670 1496
670 1995
671 1089
672 1013
672 1066
672 1953
672 1957
673 1779
675 1887
676 796
676 1156
676 1231
676 1298
676 1812
677 1807
677 1978
680 796
680 927
681 1937
682 1483
685 1049
685 1706
686 1045
687 689
687 766
689 1086
690 1848
691 966
699 900
699 1254
699 1325
699 1461
699 1645
699 1760
700 763
700 1902
703 712
703 962
703 1716
706 1513
707 1671
709 922
709 1074
709 1245
709 1413
710 855
713 780
713 1509
714 1054
714 1288
715 1856
717 865
717 1073
719 1223
719 1363
719 1977
719 1985
722 849
722 884
722 1833
723 825
724 784
724 869
724 1166
724 1562
724 1858
724 1980
727 1425
727 1542
727 1702
727 1788
728 1958
729 856
729 1259
729 1582
730 1393
736 942
736 1221
736 1257
736 1422
736 1824
740 808
743 783
743 1270
743 1404
743 1541
743 1605
743 1853
743 1945
745 1725
746 1015
746 1398
746 1714
746 1907
746 1943
753 833
753 959
753 1264
753 1416
753 1549
753 1590
754 1115
754 1290
754 1412
754 1602
754 1652
756 898
756 1243
758 1631
758 1888
760 1078
762 1114
762 1678
767 1144
767 1246
770 778
773 1608
773 1615
774 981
774 1401
774 1440
775 787
775 1502
777 1064
777 1831
779 894
779 1079
779 1088
779 1440
779 1820
779 1962
779 1978
780 1213
780 1537
785 1841
786 798
787 1299
788 1149
789 795
789 1531
791 1206
791 1294
791 1785
791 1821
793 1337
794 980
794 1837
794 1877
794 1999
796 1311
801 1450
801 1825
802 1590
806 1656
806 1971
810 1390
810 1553
810 1814
810 1965
811 901
811 1228
812 1490
814 1681
814 1732
814 1738
814 1971
820 1909
822 1468
822 1839
823 1234
823 1357
823 1606
825 1662
827 1685
827 1895
831 1223
832 938
832 1254
832 1810
837 1340
837 1739
841 1394
842 933
842 1326
842 1593
843 940
843 1097
843 1281
846 1574
846 1803
849 1002
852 978
857 862
857 1109
857 1511
859 1130
859 1238
859 1744
860 944
860 975
860 1414
860 1863
865 1937
866 950
867 995
867 1154
868 961
869 1252
871 1104
872 964
873 1758
874 1651
877 1577
877 1839
881 1500
882 1208
883 1958
885 950
885 1967
886 1084
886 1202
886 1482
892 1261
898 1624
899 1611
900 1991
913 1614
917 1425
917 1650
918 1375
920 1676
921 1811
926 1163
926 1875
927 1960
928 1195
930 1988
933 1040
933 1355
934 1566
935 1219
941 1722
944 1473
945 1537
948 1108
950 1514
954 1392
959 1185
959 1690
959 1698
962 1546
963 1798
965 973
965 1135
968 1336
971 1035
972 993
972 1037
972 1876
974 1313
975 1298
978 1713
982 1757
986 1141
987 1407
987 1553
988 1030
988 1860
989 1973
993 1904
994 1207
998 999
998 1785
999 1182
999 1214
999 1555
1001 1720
1002 1169
1004 1106
1004 1351
1004 1500
1004 1535
1004 1650
1004 1986
1004 1988
1008 1208
1009 1458
1009 1510
1017 1552
1020 1175
1020 1443
1020 1649
1020 1802
1023 1177
1024 1398
1025 1076
1025 1417
1027 1308
1027 1447
1029 1832
1030 1983
1031 1327
1037 1283
1038 1160
1038 1462
1038 1954
1043 1169
1047 1344
1050 1158
1050 1778
1054 1918
1055 1090
1055 1908
1059 1194
1059 1218
1059 1241
1060 1072
1060 1682
1060 1981
1070 1080
1073 1570
1073 1631
1073 1748
1086 1959
1089 1747
1089 1995
1094 1546
1094 1696
1094 1771
1097 1324
1101 1498
1104 1286
1104 1452
1104 1793
1105 1346
1105 1557
1108 1560
1112 1474
1113 1539
1113 1696
1116 1418
1119 1164
1120 1670
1124 1663
1125 1686
1128 1369
1128 1736
1129 1242
1129 1243
1129 1497
1129 1540
1129 1847
1133 1977
1134 1583
1136 1683
1137 1403
1137 1694
1138 1693
1138 1882
1142 1206
1148 1221
1153 1874
1158 1596
1159 1252
1169 1628
1169 1783
1175 1983
1178 1233
1178 1933
1179 1200
1180 1893
1181 1642
1186 1569
1187 1728
1189 1748
1190 1401
1190 1884
1194 1723
1204 1721
1210 1471
1214 1366
1214 1529
1220 1505
1226 1248
1233 1327
1236 1635
1236 1794
1239 1385
1241 1282
1241 1288
1241 1351
1242 1378
1243 1269
1246 1651
1247 1757
1248 1332
1248 1938
1251 1564
1262 1877
1266 1308
1271 1630
1273 1689
1273 1730
1277 1561
1280 1389
1288 1516
1288 1856
1292 1437
1293 1669
1294 1489
1296 1373
1297 1386
1297 1475
1297 1613
1297 1754
1300 1456
1302 1417
1308 1655
1309 1969
1313 1733
1313 1738
1313 1959
1316 1972
1321 1979
1326 1787
1344 1386
1357 1589
1357 1806
1357 1817
1368 1830
1371 1453
1372 1740
1380 1544
1391 1949
1392 1913
1395 1485
1395 1669
1395 1793
1395 1896
1398 1415
1398 1584
1402 1542
1403 1749
1404 1807
1407 1633
1411 1950
1417 1545
1420 1632
1420 1869
1423 1759
1427 1461
1427 1639
1433 1766
1434 1477
1435 1875
1438 1943
1440 1606
1442 1753
1445 1627
1450 1799
1455 1887
1457 1567
1463 1686
1463 1975
1466 1919
1469 1712
1471 1921
1473 1994
1484 1593
1484 1708
1486 1736
1495 1517
1503 1800
1514 1568
1523 1704
1524 1896
1531 1715
1539 1800
1543 1837
1561 1792
1581 1775
1593 1966
1595 1951
1599 1924
1601 1920
1607 1763
1607 1929
1608 1891
1633 1948
1635 1718
1672 1684
1691 1955
1697 1911
1701 1944
1707 1789
1716 1864
1723 1862
1751 1869
1773 1801
1776 1970
1807 1906
1813 1899
1822 1996
1902 1925
1935 1998
