0 25
0 37
0 42
0 99
0 100
1 14
1 22
1 44
1 55
1 124
2 15
2 32
2 71
2 82
2 106
3 15
3 45
3 62
3 77
4 12
4 27
4 42
4 67
4 84
4 92
4 96
4 104
4 106
5 92
5 124
6 22
6 67
6 84
8 17
8 44
8 112
9 34
9 45
9 51
9 52
9 61
10 37
10 50
11 44
11 52
11 65
11 75
12 14
12 67
12 107
12 109
13 23
14 43
14 55
14 56
14 72
14 108
14 120
15 51
15 111
16 34
16 46
16 48
16 82
16 105
17 36
17 112
17 116
18 50
18 82
18 105
18 109
19 26
19 69
19 102
20 45
20 98
20 100
21 36
21 81
21 92
21 101
21 107
22 31
22 58
22 91
23 66
23 81
23 114
24 38
24 63
24 104
24 106
24 117
25 90
25 106
26 42
26 71
26 95
26 102
26 104
27 64
27 99
28 37
28 39
29 48
29 59
29 71
29 103
29 105
30 57
31 113
32 123
33 41
33 55
33 72
33 92
33 119
34 41
34 124
35 38
35 60
35 61
35 103
35 109
36 82
37 66
37 72
37 93
37 111
37 116
38 64
38 83
38 87
39 53
39 55
40 44
40 54
40 55
40 94
41 118
41 120
42 44
42 75
42 84
43 58
43 64
43 65
43 91
43 117
44 48
44 58
44 67
44 89
45 73
46 48
47 96
48 79
48 118
49 91
49 100
49 113
50 124
51 54
51 72
51 77
52 53
53 118
54 62
54 69
55 60
55 121
56 72
57 71
57 92
57 116
58 85
58 117
59 108
60 83
61 94
61 120
62 71
62 74
62 111
63 97
63 101
64 67
64 74
64 75
64 115
65 80
65 106
66 90
66 104
66 111
68 86
68 93
68 110
69 82
69 106
69 114
70 72
70 80
70 84
70 98
70 116
71 83
71 106
72 122
73 87
73 124
75 81
75 102
75 109
76 86
76 88
77 101
79 94
79 112
80 114
81 88
82 87
83 105
84 87
87 121
88 94
89 101
89 109
92 103
95 98
95 110
96 124
97 108
98 122
98 123
99 114
99 118
100 114
103 113
103 122
103 123
104 106
105 111
108 118
110 124
111 121
112 121
114 115
114 121
