0 1
0 2
0 3
0 4
0 8
0 9
0 13
0 17
0 18
0 20
0 25
0 29
0 30
0 31
0 35
0 37
0 39
0 41
0 42
0 43
0 47
0 48
0 51
0 52
0 55
0 62
0 64
0 68
0 69
0 73
0 74
0 76
0 77
0 88
0 92
0 94
0 98
0 105
0 108
0 110
0 112
0 115
0 118
0 123
1 2
1 3
1 4
1 5
1 6
1 10
1 11
1 14
1 16
1 21
1 22
1 23
1 24
1 25
1 26
1 29
1 32
1 34
1 37
1 38
1 50
1 51
1 58
1 67
1 70
1 71
1 74
1 78
1 86
1 89
1 92
1 97
1 105
1 107
1 112
1 118
1 122
2 6
2 14
2 15
2 26
2 38
2 45
2 50
2 52
2 63
2 69
2 81
2 90
2 100
2 113
2 120
2 124
3 12
3 61
4 5
4 7
4 8
4 10
4 12
4 13
4 15
4 16
4 20
4 21
4 28
4 32
4 33
4 43
4 44
4 45
4 49
4 53
4 57
4 60
4 61
4 62
4 66
4 70
4 78
4 82
4 83
4 84
4 95
4 96
4 99
4 104
4 107
4 110
4 114
4 117
6 7
6 11
6 22
6 27
6 28
6 31
6 46
6 65
6 72
6 85
6 86
6 97
6 120
7 9
7 79
7 98
7 109
8 17
8 33
8 56
8 60
8 67
8 77
8 93
8 102
9 41
9 87
11 36
11 48
11 116
12 19
12 47
12 58
13 18
13 65
13 68
14 19
15 54
15 123
16 27
17 23
17 106
18 24
18 36
18 40
18 46
18 53
18 55
18 59
18 63
18 64
18 72
18 85
18 88
18 91
18 93
18 95
18 101
18 103
18 111
18 116
20 30
20 40
20 66
20 83
20 91
20 94
20 108
20 111
20 113
20 121
20 122
22 35
25 34
25 54
25 56
25 57
25 117
26 81
26 101
27 39
27 73
27 103
27 106
30 42
32 49
35 44
35 59
35 80
48 84
50 109
53 119
54 87
55 75
55 121
56 79
58 75
58 99
59 71
62 104
64 80
65 102
66 114
69 76
70 96
70 100
73 89
74 90
78 82
81 124
86 115
111 119
