0 1
1 45
2 3
3 47
4 48
5 49
8 9
9 53
10 54
11 12
11 55
12 13
12 56
13 14
14 58
15 16
16 17
18 19
18 62
20 21
20 64
21 65
22 66
23 67
24 25
24 68
25 26
25 69
26 27
28 29
29 30
31 32
31 75
34 78
36 37
37 38
37 81
41 42
42 43
44 45
44 88
48 49
49 50
49 93
50 94
51 52
51 95
52 53
53 54
53 97
54 55
54 98
55 99
56 57
56 100
59 60
60 61
60 104
61 62
61 105
62 63
63 107
64 108
65 66
65 109
66 67
67 68
68 69
68 112
69 113
70 71
70 114
71 72
71 115
72 116
73 117
74 75
74 118
75 119
76 120
78 79
78 122
79 80
79 123
80 124
81 82
81 125
82 83
82 126
83 84
84 128
85 86
87 131
88 89
89 90
90 91
90 134
92 93
92 136
94 95
95 96
96 97
96 140
97 141
98 99
100 101
100 144
103 104
103 147
104 105
104 148
105 149
106 107
107 108
108 109
109 110
109 153
111 112
112 113
112 156
113 114
113 157
114 158
116 117
116 160
117 118
117 161
118 162
119 120
120 164
122 166
123 124
124 168
125 169
126 170
128 172
130 131
130 174
131 175
133 134
133 177
134 135
135 136
136 137
137 138
138 182
139 140
140 141
141 142
141 185
143 144
143 187
145 146
145 189
146 147
146 190
147 191
148 149
148 192
150 151
150 194
151 152
152 153
153 154
153 197
154 198
155 156
156 200
157 158
157 201
158 159
159 160
159 203
160 161
160 204
161 162
161 205
162 163
162 206
163 207
165 166
165 209
166 167
166 210
167 168
167 211
168 169
168 212
169 170
170 171
171 172
172 216
173 174
175 219
176 177
176 220
177 178
177 221
178 179
178 222
179 223
180 181
181 182
181 225
183 184
184 228
185 186
185 229
186 187
186 230
187 188
190 234
191 192
191 235
192 193
192 236
193 194
193 237
194 195
194 238
195 196
195 239
196 197
196 240
197 198
197 241
198 199
198 242
199 200
199 243
200 201
200 244
201 202
201 245
203 247
207 208
207 251
208 209
208 252
209 210
210 211
210 254
211 255
212 213
213 214
213 257
215 216
216 217
216 260
220 221
220 264
221 222
221 265
222 266
223 267
224 225
224 268
225 226
226 270
227 228
227 271
228 272
229 230
230 231
230 274
231 232
231 275
232 276
233 277
234 235
235 236
236 237
237 281
238 282
240 241
240 284
241 242
242 243
244 245
244 288
245 246
245 289
247 248
247 291
248 249
248 292
250 294
251 252
253 297
254 255
254 298
255 256
255 299
256 300
257 258
258 259
258 302
259 260
259 303
260 261
260 304
261 262
262 306
265 309
266 267
266 310
269 270
269 313
270 271
270 314
273 274
273 317
274 275
275 276
276 320
277 278
277 321
278 279
278 322
279 280
280 324
281 282
281 325
283 284
283 327
284 328
285 286
285 329
286 287
286 330
287 288
287 331
288 332
289 290
289 333
291 335
292 336
293 294
293 337
294 295
294 338
295 339
296 297
296 340
297 298
297 341
298 342
299 300
299 343
301 345
302 303
304 305
304 348
305 306
305 349
306 307
306 350
308 352
309 310
309 353
310 354
311 355
312 313
312 356
313 357
314 315
314 358
315 316
316 317
318 319
318 362
319 320
319 363
320 321
320 364
321 322
321 365
322 323
325 369
326 370
327 371
329 373
330 374
331 332
331 375
332 333
332 376
333 334
334 335
335 379
336 380
338 339
339 340
340 341
340 384
341 385
342 343
342 386
343 344
343 387
344 345
344 388
345 346
345 389
346 347
346 390
347 348
347 391
348 349
348 392
350 394
351 395
352 396
353 354
353 397
354 398
355 399
356 357
357 401
358 359
360 404
361 362
362 363
362 406
363 364
363 407
364 365
364 408
366 367
367 368
368 369
369 413
370 414
371 372
372 416
374 375
377 378
380 424
382 383
383 384
383 427
384 385
384 428
386 387
386 430
387 388
387 431
388 432
389 390
390 391
390 434
391 392
391 435
393 437
395 439
396 397
397 441
398 399
398 442
400 401
400 444
401 402
402 403
403 404
403 447
404 405
404 448
405 406
406 407
406 450
407 408
408 409
410 411
410 454
411 455
412 413
414 415
415 459
416 417
416 460
417 461
418 419
418 462
419 463
421 422
423 424
423 467
424 425
424 468
425 426
426 470
427 428
427 471
428 472
429 430
429 473
430 431
430 474
432 476
434 478
435 436
435 479
436 437
436 480
437 438
437 481
438 439
439 483
440 484
441 442
441 485
442 486
443 444
443 487
444 445
445 489
447 491
448 449
449 493
452 453
453 497
455 456
455 499
456 457
456 500
457 458
457 501
458 459
458 502
459 460
459 503
460 461
460 504
462 463
462 506
463 464
464 465
464 508
465 509
466 467
466 510
468 469
469 470
469 513
470 471
470 514
471 472
471 515
472 473
472 516
473 474
473 517
474 475
475 476
475 519
476 477
476 520
477 478
477 521
478 479
480 481
480 524
481 482
482 483
483 527
486 530
487 531
488 489
489 533
491 492
492 493
492 536
494 495
494 538
495 496
495 539
496 497
496 540
497 498
498 542
499 500
501 502
502 503
502 546
503 504
508 509
508 552
509 510
511 512
511 555
513 514
513 557
515 516
515 559
516 517
516 560
517 561
518 562
521 522
522 523
523 524
523 567
524 525
525 526
525 569
526 527
526 570
527 571
528 529
529 530
530 531
530 574
531 532
532 533
532 576
533 534
535 579
536 580
538 582
539 583
540 541
540 584
541 542
541 585
542 543
542 586
543 587
546 547
546 590
547 548
548 549
550 551
550 594
551 552
551 595
553 554
553 597
554 555
554 598
556 600
557 558
557 601
559 560
559 603
560 561
560 604
561 562
561 605
562 563
562 606
563 564
563 607
565 566
566 567
566 610
567 568
567 611
570 614
571 615
573 574
575 619
576 577
576 620
577 621
580 581
580 624
581 582
581 625
583 627
584 585
584 628
585 586
586 587
586 630
588 589
588 632
589 590
589 633
590 591
590 634
591 635
592 593
593 594
594 595
594 638
595 639
596 597
596 640
597 641
598 599
599 600
599 643
600 644
601 602
601 645
603 604
603 647
604 605
606 607
606 650
607 608
607 651
609 653
611 612
611 655
612 656
613 657
614 658
616 617
616 660
617 618
618 619
618 662
619 620
619 663
620 621
621 665
622 623
622 666
623 667
625 669
626 670
627 671
629 673
631 632
632 676
633 634
633 677
634 678
635 636
635 679
636 637
636 680
637 681
638 639
638 682
639 640
640 641
640 684
641 685
642 686
643 687
644 645
644 688
645 646
645 689
646 647
647 648
647 691
649 693
650 651
650 694
651 695
652 696
653 697
654 655
654 698
655 656
655 699
656 657
657 658
658 702
659 703
660 661
660 704
661 662
664 665
665 709
666 667
667 668
667 711
668 669
668 712
670 671
670 714
672 716
673 674
673 717
674 675
674 718
675 676
676 677
676 720
677 678
678 679
678 722
679 723
680 681
680 724
681 725
682 726
684 685
685 686
686 730
687 688
687 731
688 689
690 691
690 734
693 694
694 695
694 738
696 697
696 740
697 698
697 741
698 699
700 701
700 744
702 746
704 705
704 748
705 706
705 749
706 707
706 750
707 708
707 751
708 709
709 710
709 753
710 711
710 754
711 755
712 713
714 758
715 716
715 759
716 717
716 760
719 720
720 721
720 764
721 765
722 723
722 766
723 724
724 725
724 768
725 726
726 727
726 770
727 728
727 771
728 772
729 730
729 773
731 775
732 733
734 778
735 736
735 779
736 737
737 738
740 741
742 743
742 786
743 787
744 745
745 746
745 789
746 747
747 791
748 792
749 793
750 751
750 794
751 752
752 796
753 797
754 755
754 798
756 757
756 800
757 758
757 801
758 759
758 802
759 760
759 803
761 805
762 806
763 807
764 765
764 808
765 809
766 767
766 810
767 768
768 769
769 770
769 813
770 814
771 815
772 773
772 816
773 774
773 817
774 775
774 818
775 819
776 777
777 778
778 779
778 822
779 823
781 782
781 825
782 783
782 826
783 784
783 827
784 785
785 829
786 787
786 830
787 788
787 831
788 789
789 790
791 835
792 793
793 837
794 795
794 838
795 796
796 840
797 798
797 841
798 799
798 842
799 800
801 845
802 846
803 804
804 805
805 806
805 849
806 807
806 850
807 851
809 853
811 855
812 813
813 814
814 815
814 858
815 859
816 860
818 819
819 863
820 864
821 822
821 865
822 823
822 866
823 824
824 868
825 869
826 827
827 871
829 830
829 873
830 874
831 875
833 834
833 877
836 837
836 880
837 881
838 839
838 882
839 883
840 884
841 885
842 843
842 886
843 844
843 887
844 888
845 846
846 847
846 890
847 848
847 891
848 849
848 892
850 851
850 894
851 895
852 853
853 897
854 898
855 856
855 899
856 857
856 900
858 859
858 902
860 861
860 904
861 862
862 863
863 907
864 908
865 909
866 910
867 868
868 869
869 913
870 871
870 914
871 915
872 873
874 918
875 876
875 919
876 877
876 920
877 878
878 922
879 923
880 881
880 924
881 882
882 883
882 926
883 884
884 885
884 928
885 886
886 887
886 930
887 888
887 931
888 932
889 890
891 892
892 893
892 936
893 894
893 937
894 895
896 897
897 898
898 899
898 942
899 900
899 943
900 901
900 944
901 902
902 903
903 947
905 906
905 949
906 907
906 950
907 951
908 909
909 910
909 953
910 954
912 913
913 914
914 915
917 918
917 961
918 919
918 962
919 963
920 921
921 965
922 923
923 967
924 925
924 968
925 969
926 927
926 970
927 928
928 972
929 973
930 931
931 975
932 976
933 977
934 935
934 978
936 937
936 980
937 938
937 981
938 939
940 941
940 984
941 942
941 985
943 944
944 945
945 946
946 947
946 990
947 948
947 991
948 949
948 992
949 950
950 951
952 953
953 997
954 955
954 998
955 999
956 957
956 1000
957 1001
958 959
958 1002
959 960
960 961
960 1004
961 962
961 1005
962 1006
964 1008
967 1011
968 969
969 970
969 1013
970 971
970 1014
971 972
971 1015
973 974
973 1017
974 1018
975 976
975 1019
976 1020
977 1021
978 979
979 980
979 1023
980 981
981 982
982 1026
983 1027
984 985
985 986
985 1029
986 987
986 1030
987 988
987 1031
988 989
990 991
990 1034
991 1035
992 993
992 1036
993 994
994 995
995 1039
997 998
999 1000
999 1043
1000 1001
1000 1044
1001 1002
1001 1045
1002 1003
1003 1047
1004 1048
1005 1049
1007 1008
1008 1009
1009 1010
1010 1011
1010 1054
1011 1055
1012 1056
1013 1057
1014 1058
1015 1016
1018 1062
1020 1021
1024 1025
1025 1026
1025 1069
1026 1027
1026 1070
1027 1028
1027 1071
1028 1029
1028 1072
1029 1030
1031 1032
1032 1033
1033 1034
1034 1035
1034 1078
1036 1080
1037 1038
1037 1081
1038 1039
1038 1082
1039 1083
1040 1041
1041 1042
1042 1043
1042 1086
1043 1044
1043 1087
1044 1088
1045 1089
1046 1090
1047 1048
1047 1091
1048 1049
1049 1050
1051 1052
1051 1095
1052 1053
1053 1054
1053 1097
1054 1055
1055 1099
1057 1101
1058 1059
1059 1060
1059 1103
1060 1061
1060 1104
1061 1062
1061 1105
1063 1064
1064 1108
1065 1066
1065 1109
1067 1068
1067 1111
1068 1069
1068 1112
1069 1113
1070 1071
1070 1114
1072 1073
1072 1116
1074 1118
1075 1076
1075 1119
1076 1077
1077 1121
1078 1079
1078 1122
1079 1080
1079 1123
1080 1081
1080 1124
1081 1082
1082 1083
1082 1126
1084 1128
1085 1086
1085 1129
1086 1130
1088 1089
1088 1132
1089 1133
1090 1091
1090 1134
1091 1092
1091 1135
1093 1094
1093 1137
1095 1096
1095 1139
1096 1097
1096 1140
1097 1141
1098 1142
1099 1143
1100 1101
1100 1144
1101 1102
1102 1103
1103 1147
1104 1105
1104 1148
1105 1106
1105 1149
1106 1107
1106 1150
1107 1108
1107 1151
1108 1109
1108 1152
1109 1110
1111 1112
1111 1155
1112 1113
1114 1158
1115 1116
1117 1161
1118 1119
1119 1120
1119 1163
1120 1121
1120 1164
1121 1122
1121 1165
1122 1166
1123 1124
1123 1167
1124 1125
1124 1168
1125 1169
1126 1127
1126 1170
1127 1128
1127 1171
1129 1173
1130 1131
1130 1174
1131 1132
1131 1175
1132 1133
1132 1176
1134 1135
1135 1136
1136 1137
1137 1181
1138 1139
1138 1182
1139 1183
1140 1184
1142 1143
1142 1186
1143 1187
1144 1145
1144 1188
1145 1146
1146 1190
1147 1148
1147 1191
1148 1192
1149 1150
1150 1151
1150 1194
1152 1153
1152 1196
1153 1154
1153 1197
1154 1155
1155 1156
1156 1157
1157 1158
1159 1160
1159 1203
1160 1161
1160 1204
1161 1162
1162 1163
1162 1206
1164 1165
1165 1166
1166 1167
1166 1210
1167 1168
1168 1169
1168 1212
1170 1214
1171 1215
1173 1217
1174 1175
1175 1176
1175 1219
1176 1177
1176 1220
1177 1178
1177 1221
1178 1179
1178 1222
1179 1180
1180 1181
1180 1224
1181 1182
1182 1183
1182 1226
1183 1227
1184 1228
1185 1186
1185 1229
1186 1187
1186 1230
1188 1232
1189 1190
1189 1233
1190 1191
1190 1234
1191 1192
1191 1235
1192 1193
1193 1194
1193 1237
1194 1195
1194 1238
1195 1196
1196 1197
1197 1241
1198 1199
1198 1242
1199 1200
1199 1243
1201 1202
1202 1203
1203 1204
1203 1247
1204 1205
1205 1206
1205 1249
1206 1250
1207 1208
1207 1251
1208 1209
1208 1252
1209 1210
1209 1253
1211 1212
1211 1255
1213 1257
1214 1215
1215 1216
1215 1259
1216 1217
1217 1218
1218 1219
1218 1262
1219 1263
1220 1264
1221 1265
1222 1223
1223 1224
1223 1267
1224 1268
1225 1226
1225 1269
1226 1227
1226 1270
1227 1228
1227 1271
1228 1229
1228 1272
1229 1230
1229 1273
1232 1276
1233 1277
1234 1278
1235 1279
1236 1237
1237 1238
1238 1239
1238 1282
1239 1240
1240 1241
1240 1284
1241 1242
1242 1243
1243 1287
1244 1245
1245 1289
1246 1247
1247 1291
1248 1249
1249 1293
1250 1294
1251 1252
1253 1297
1254 1298
1255 1256
1256 1257
1258 1259
1258 1302
1259 1260
1260 1261
1260 1304
1261 1305
1262 1263
1263 1307
1264 1265
1265 1266
1265 1309
1266 1267
1266 1310
1267 1268
1267 1311
1268 1312
1269 1313
1270 1314
1271 1315
1272 1273
1273 1274
1275 1319
1276 1277
1276 1320
1277 1278
1277 1321
1278 1279
1278 1322
1279 1323
1280 1281
1280 1324
1281 1282
1282 1283
1285 1329
1287 1288
1287 1331
1288 1289
1289 1290
1290 1334
1291 1292
1291 1335
1292 1293
1293 1294
1293 1337
1294 1338
1295 1296
1295 1339
1297 1341
1298 1299
1298 1342
1299 1300
1300 1301
1303 1304
1303 1347
1304 1305
1304 1348
1305 1306
1308 1309
1308 1352
1310 1311
1310 1354
1311 1312
1311 1355
1312 1313
1312 1356
1313 1314
1314 1315
1314 1358
1315 1316
1315 1359
1316 1317
1316 1360
1317 1361
1318 1319
1319 1363
1320 1321
1321 1365
1322 1323
1323 1324
1323 1367
1325 1369
1327 1371
1328 1329
1329 1330
1329 1373
1331 1332
1331 1375
1332 1376
1333 1334
1333 1377
1334 1378
1335 1336
1336 1337
1336 1380
1337 1338
1338 1339
1339 1340
1339 1383
1340 1341
1340 1384
1341 1342
1341 1385
1342 1386
1343 1344
1343 1387
1344 1388
1345 1346
1346 1347
1346 1390
1347 1391
1349 1350
1350 1351
1351 1352
1352 1353
1353 1397
1354 1355
1354 1398
1355 1356
1357 1358
1357 1401
1358 1359
1358 1402
1359 1360
1360 1361
1360 1404
1362 1363
1362 1406
1363 1407
1365 1366
1366 1367
1366 1410
1367 1368
1368 1369
1369 1413
1370 1371
1371 1372
1371 1415
1372 1416
1373 1374
1373 1417
1374 1375
1375 1419
1376 1377
1376 1420
1378 1379
1378 1422
1379 1380
1379 1423
1381 1382
1382 1383
1383 1384
1383 1427
1384 1385
1384 1428
1385 1386
1386 1387
1386 1430
1387 1388
1387 1431
1389 1390
1390 1391
1390 1434
1391 1392
1393 1437
1394 1438
1395 1439
1396 1397
1396 1440
1397 1398
1398 1399
1399 1443
1400 1401
1400 1444
1401 1402
1402 1403
1403 1404
1404 1405
1405 1406
1406 1407
1406 1450
1408 1409
1408 1452
1409 1410
1409 1453
1410 1454
1412 1456
1413 1414
1413 1457
1414 1458
1415 1416
1415 1459
1417 1418
1418 1419
1419 1463
1421 1422
1422 1423
1422 1466
1425 1426
1426 1470
1427 1428
1429 1430
1429 1473
1430 1431
1430 1474
1432 1433
1432 1476
1433 1477
1435 1436
1435 1479
1436 1480
1437 1438
1439 1440
1440 1441
1441 1485
1442 1443
1442 1486
1443 1487
1444 1445
1445 1446
1445 1489
1446 1447
1446 1490
1447 1448
1448 1449
1448 1492
1449 1493
1450 1494
1451 1495
1452 1496
1453 1454
1453 1497
1454 1455
1455 1456
1455 1499
1456 1457
1456 1500
1457 1501
1459 1503
1460 1461
1460 1504
1461 1462
1463 1464
1463 1507
1464 1465
1464 1508
1465 1466
1465 1509
1466 1467
1466 1510
1467 1468
1467 1511
1468 1512
1469 1470
1470 1471
1470 1514
1471 1472
1471 1515
1472 1473
1473 1474
1473 1517
1476 1520
1477 1521
1478 1479
1478 1522
1479 1480
1479 1523
1480 1481
1481 1482
1481 1525
1482 1526
1483 1527
1484 1485
1485 1529
1486 1487
1486 1530
1488 1489
1489 1490
1490 1491
1490 1534
1491 1492
1491 1535
1492 1493
1493 1537
1494 1495
1494 1538
1495 1539
1496 1497
1496 1540
1497 1541
1500 1544
1501 1502
1501 1545
1502 1503
1503 1547
1504 1505
1505 1506
1505 1549
1506 1507
1506 1550
1507 1551
1509 1510
1509 1553
1510 1511
1512 1556
1513 1514
1514 1515
1515 1516
1516 1517
1517 1561
1519 1520
1520 1521
1521 1522
1522 1566
1523 1567
1524 1568
1525 1569
1527 1528
1527 1571
1528 1572
1529 1530
1530 1531
1530 1574
1531 1575
1532 1533
1532 1576
1533 1577
1534 1535
1534 1578
1535 1536
1536 1580
1537 1538
1537 1581
1538 1539
1538 1582
1539 1583
1540 1584
1541 1542
1541 1585
1542 1543
1542 1586
1543 1587
1544 1588
1545 1589
1546 1547
1547 1591
1548 1549
1548 1592
1549 1550
1549 1593
1550 1594
1551 1552
1552 1553
1553 1597
1554 1555
1554 1598
1555 1599
1556 1557
1556 1600
1557 1558
1557 1601
1558 1559
1559 1560
1560 1561
1560 1604
1561 1562
1562 1563
1563 1564
1563 1607
1564 1608
1566 1567
1566 1610
1567 1568
1567 1611
1568 1569
1569 1570
1569 1613
1570 1571
1570 1614
1571 1615
1572 1616
1573 1617
1574 1575
1574 1618
1576 1577
1576 1620
1577 1578
1577 1621
1578 1622
1579 1580
1579 1623
1580 1624
1581 1582
1581 1625
1582 1626
1583 1627
1584 1585
1584 1628
1585 1586
1585 1629
1586 1587
1586 1630
1587 1588
1587 1631
1588 1589
1589 1633
1590 1591
1591 1635
1592 1636
1593 1637
1594 1595
1594 1638
1596 1597
1596 1640
1597 1598
1597 1641
1598 1599
1598 1642
1599 1600
1601 1602
1601 1645
1602 1603
1602 1646
1604 1605
1604 1648
1605 1649
1607 1608
1607 1651
1612 1613
1614 1615
1614 1658
1615 1616
1615 1659
1616 1617
1618 1619
1619 1663
1620 1621
1621 1622
1622 1623
1622 1666
1623 1624
1623 1667
1624 1625
1625 1626
1625 1669
1626 1627
1626 1670
1627 1671
1628 1629
1628 1672
1629 1673
1630 1631
1630 1674
1631 1632
1631 1675
1632 1676
1633 1634
1634 1635
1634 1678
1635 1679
1637 1681
1638 1682
1639 1683
1640 1641
1641 1642
1643 1687
1644 1645
1645 1646
1645 1689
1646 1647
1647 1648
1648 1649
1648 1692
1649 1650
1650 1651
1651 1652
1652 1653
1653 1654
1653 1697
1654 1698
1655 1656
1658 1702
1659 1660
1659 1703
1660 1704
1661 1662
1663 1707
1664 1708
1665 1666
1666 1667
1666 1710
1667 1668
1667 1711
1668 1669
1668 1712
1669 1670
1670 1714
1671 1715
1672 1673
1673 1674
1674 1675
1674 1718
1675 1676
1675 1719
1676 1720
1678 1722
1679 1680
1679 1723
1680 1724
1681 1682
1681 1725
1682 1683
1683 1727
1684 1728
1685 1729
1686 1730
1688 1732
1689 1690
1691 1692
1692 1693
1692 1736
1693 1694
1693 1737
1694 1738
1695 1696
1695 1739
1696 1740
1697 1698
1697 1741
1700 1744
1701 1702
1702 1746
1703 1704
1703 1747
1704 1748
1705 1706
1705 1749
1706 1707
1707 1751
1708 1752
1709 1753
1710 1711
1710 1754
1711 1712
1711 1755
1712 1713
1713 1714
1713 1757
1714 1715
1714 1758
1717 1718
1718 1762
1719 1720
1719 1763
1720 1721
1720 1764
1721 1722
1721 1765
1722 1723
1724 1768
1725 1726
1725 1769
1726 1727
1727 1728
1727 1771
1728 1772
1729 1730
1730 1731
1730 1774
1731 1732
1731 1775
1732 1733
1732 1776
1733 1734
1733 1777
1736 1737
1736 1780
1738 1739
1738 1782
1739 1783
1740 1784
1741 1742
1741 1785
1742 1743
1743 1744
1744 1745
1744 1788
1746 1747
1746 1790
1747 1748
1747 1791
1748 1749
1748 1792
1751 1752
1751 1795
1752 1753
1753 1797
1754 1798
1755 1756
1755 1799
1756 1800
1758 1759
1758 1802
1759 1803
1760 1804
1761 1805
1762 1763
1762 1806
1763 1764
1763 1807
1764 1765
1764 1808
1765 1766
1765 1809
1766 1767
1766 1810
1767 1768
1767 1811
1768 1769
1769 1770
1770 1771
1770 1814
1771 1772
1771 1815
1772 1773
1772 1816
1773 1817
1774 1775
1775 1819
1776 1820
1777 1778
1777 1821
1778 1779
1779 1823
1780 1781
1780 1824
1781 1782
1781 1825
1782 1783
1782 1826
1783 1784
1783 1827
1784 1785
1786 1830
1788 1832
1789 1833
1790 1791
1790 1834
1791 1792
1792 1836
1793 1837
1794 1838
1795 1796
1796 1840
1798 1799
1798 1842
1799 1800
1800 1801
1800 1844
1801 1802
1801 1845
1802 1846
1803 1847
1805 1806
1806 1850
1807 1851
1809 1810
1809 1853
1810 1811
1810 1854
1812 1813
1812 1856
1813 1814
1813 1857
1814 1815
1814 1858
1816 1817
1816 1860
1817 1818
1818 1819
1818 1862
1820 1864
1821 1822
1822 1823
1823 1867
1824 1825
1825 1826
1825 1869
1826 1827
1826 1870
1827 1828
1828 1829
1828 1872
1829 1873
1830 1874
1831 1832
1832 1833
1832 1876
1833 1834
1836 1880
1837 1838
1838 1839
1838 1882
1839 1883
1840 1841
1840 1884
1841 1885
1842 1843
1842 1886
1843 1844
1843 1887
1844 1888
1845 1889
1846 1847
1846 1890
1847 1891
1849 1850
1849 1893
1850 1851
1850 1894
1851 1852
1851 1895
1852 1853
1852 1896
1853 1854
1854 1855
1854 1898
1856 1857
1856 1900
1857 1858
1858 1902
1860 1904
1861 1905
1862 1863
1862 1906
1863 1864
1863 1907
1865 1866
1866 1867
1867 1911
1868 1912
1869 1870
1869 1913
1870 1914
1871 1915
1872 1916
1873 1917
1874 1875
1875 1919
1876 1920
1877 1921
1878 1879
1880 1924
1881 1882
1882 1883
1882 1926
1883 1927
1884 1885
1885 1886
1885 1929
1886 1930
1887 1888
1888 1889
1889 1933
1890 1891
1891 1935
1893 1894
1894 1895
1895 1896
1896 1897
1897 1898
1899 1900
1900 1901
1901 1902
1903 1904
1904 1905
1905 1906
1906 1907
1907 1908
1912 1913
1913 1914
1917 1918
1919 1920
1922 1923
1923 1924
1924 1925
1925 1926
1930 1931
1931 1932
1933 1934
