0 1290
0 1326
0 1869
0 2418
1 1185
1 2276
1 3567
2 2910
3 895
3 1068
3 1533
3 1736
3 1987
3 2182
3 2676
3 2717
3 3343
4 1490
4 1799
4 2178
5 586
5 2043
5 3288
7 2382
7 2719
7 3650
8 516
8 2970
8 3893
9 601
9 904
9 1616
9 2326
9 3097
9 3380
9 3622
10 336
10 402
10 1897
10 2154
10 2193
10 2776
10 3869
11 1144
11 1429
12 678
12 2490
12 2649
12 2676
13 180
13 224
13 441
13 2533
13 2741
14 884
14 1029
14 2778
15 1169
16 901
16 1408
16 1795
16 2114
18 592
18 1463
18 2928
18 3333
18 3875
19 1075
19 3599
19 3968
20 2884
21 1549
21 3000
21 3115
21 3133
22 2330
22 2408
23 1216
23 1332
23 1414
23 1426
23 1534
23 1967
23 3855
24 698
24 1274
24 1573
24 2243
25 633
25 774
25 2059
25 2831
25 3900
26 54
26 2981
27 695
27 1107
27 2538
27 2644
27 3257
27 3690
27 3750
27 3859
28 615
28 1041
28 1849
28 2762
29 51
29 1917
29 2278
29 2565
29 3260
30 684
30 1303
31 760
31 1561
32 349
32 455
32 2145
32 3647
32 3949
33 3935
34 361
34 588
34 742
34 2911
34 3214
35 2133
36 164
36 3468
37 323
37 533
37 1441
37 2007
37 3879
38 779
38 1933
38 2800
39 366
39 440
39 546
39 1054
39 1653
39 2555
39 3685
40 1673
41 793
42 77
42 840
42 846
42 1574
42 2489
42 3480
42 3939
42 3981
43 2802
43 3676
44 386
44 3011
44 3301
44 3310
44 3420
45 659
45 1812
45 2393
46 424
46 2796
47 2826
47 3164
48 1887
48 2050
48 3692
48 3909
49 126
49 921
49 1678
49 2312
49 2653
49 2760
49 3952
50 65
50 852
50 1548
50 2263
50 3115
50 3308
50 3683
50 3684
51 870
51 945
51 2275
52 597
53 79
53 468
53 515
53 1430
53 2891
53 3117
54 1656
54 3620
55 1233
55 1938
55 2936
56 2304
56 3177
57 300
57 2235
58 85
58 1743
59 557
59 1490
59 3926
60 185
60 2568
60 3144
60 3330
61 1751
61 2546
61 3335
62 233
62 1383
62 3853
63 3909
63 3934
64 2147
64 2619
64 3594
64 3793
65 2090
65 3767
65 3928
66 899
66 2205
66 3498
67 1133
67 1310
68 1345
68 1636
68 3479
68 3843
69 3235
69 3391
70 1161
70 1570
70 1980
70 2262
70 2460
70 2907
70 3027
71 195
71 724
72 1309
72 1396
72 2997
73 3789
73 3903
74 3047
75 2125
75 3229
76 1924
76 3345
76 3628
76 3717
77 2034
77 2633
78 556
78 715
78 1209
78 1257
78 1724
78 3713
79 1657
79 1699
79 1803
80 455
80 868
80 1601
80 2026
80 2120
80 2375
80 3273
81 3705
82 2086
82 2099
82 2564
82 3782
82 3809
83 126
83 544
83 2006
83 2112
83 3662
84 1223
84 1906
85 254
85 827
85 1481
85 1770
85 2778
85 3055
85 3386
85 3492
86 1978
86 2491
86 2682
86 3004
86 3560
87 1787
87 2150
87 2370
87 3380
87 3463
88 2436
88 2797
89 1441
89 2450
90 320
90 2078
90 3599
90 3855
91 423
91 3165
92 804
92 1579
92 3872
93 1290
93 1572
93 1896
94 711
94 852
94 1091
94 2153
94 2591
95 965
95 1404
95 1919
95 3782
96 1105
96 2593
96 2599
96 3762
97 2752
98 2213
98 2277
98 3974
99 824
99 857
99 1018
99 1220
99 3171
100 1453
100 2763
100 3124
100 3270
100 3840
101 154
101 3325
101 3813
102 2542
102 2942
103 257
103 626
103 1640
103 1966
103 2166
103 3103
103 3336
104 1247
104 1561
104 1791
104 2575
104 3399
105 650
105 919
105 962
105 2312
105 2595
105 2607
106 573
106 1250
106 2686
106 3554
107 525
107 537
107 1872
108 965
108 1225
108 1421
108 1552
108 1821
108 3487
108 3682
109 242
109 252
109 1906
110 897
110 1491
110 2574
110 2808
110 2928
110 3025
110 3434
111 557
111 598
111 860
111 1454
111 2292
111 2809
111 3207
112 1183
112 3810
113 2022
113 2816
113 3433
114 3827
115 410
115 1259
115 1445
115 1848
115 1960
116 2322
116 3464
117 1175
117 1244
117 1347
117 1888
118 166
118 343
118 425
118 3489
118 3823
119 141
119 2409
119 2797
120 230
120 1094
120 1443
120 1448
120 1555
120 1709
120 2033
120 2338
120 2568
121 580
121 1209
121 1642
121 3338
122 739
122 1127
122 3371
123 1212
123 1710
123 2504
123 2767
123 3619
124 3624
125 184
125 1018
125 2238
125 2456
125 2855
125 2893
125 3547
126 1426
126 2901
126 3626
127 303
127 316
127 511
127 706
127 2369
127 3468
128 183
128 2409
129 414
129 659
129 1369
129 3078
129 3173
129 3721
130 474
130 3259
130 3778
131 197
131 1117
131 2035
132 574
132 1424
132 1569
133 321
133 2444
133 2740
133 3104
133 3165
134 1516
134 2501
135 490
135 881
135 1764
135 3809
136 1056
136 2032
136 2675
136 3601
137 468
137 3833
138 3738
139 208
139 1166
139 1559
140 290
140 1640
140 2727
140 3601
141 287
141 1224
141 1808
142 485
142 1912
142 2424
142 2839
142 2906
143 370
143 734
143 1886
143 3149
144 1932
145 3603
146 946
146 1511
146 2861
146 3061
146 3361
146 3682
147 245
147 1359
147 3130
147 3691
147 3989
148 492
148 3344
149 2039
149 2550
149 3493
150 193
150 1699
150 2981
150 3765
151 1802
151 2458
151 3019
152 1704
152 2371
152 3297
152 3835
153 1064
153 2779
154 595
154 1682
154 3652
154 3845
155 1650
155 2101
155 2269
155 3509
156 1520
157 1073
157 1120
157 3107
158 295
158 1848
159 1149
159 1266
159 2488
159 3762
160 1368
161 1745
162 586
162 3692
163 1473
163 2988
163 3483
164 1947
164 3182
164 3360
164 3494
164 3647
165 364
165 1611
165 1766
165 3262
166 201
166 1488
166 2278
166 2405
166 2484
167 336
167 1679
167 2561
167 3383
167 3867
168 230
168 3374
169 1121
169 3144
170 536
170 1423
170 1753
170 2892
171 2178
171 3686
172 1069
172 1483
172 2331
172 3676
173 721
173 902
173 1748
173 2177
173 2673
174 3242
174 3437
174 3898
175 368
175 537
175 580
175 605
176 1607
176 2081
177 3077
178 893
178 1504
178 1738
178 3615
179 1048
179 2427
179 2447
179 2494
179 2651
179 3377
180 396
180 1522
180 1747
180 1848
180 3432
180 3471
181 1866
182 3830
183 1243
183 1262
183 1390
183 1581
183 2784
183 3196
183 3509
184 330
184 998
184 1360
184 1632
184 1770
184 1878
184 2193
184 3940
185 555
185 775
185 1584
185 2490
185 2570
185 3442
186 289
186 592
186 1087
186 1791
186 2145
187 2219
187 3999
188 314
188 1514
188 3538
189 990
189 1787
189 1965
189 2203
189 2395
189 2430
189 3995
190 193
190 735
190 987
190 2857
190 2869
190 3565
191 1034
191 1625
192 1063
192 1196
192 1352
193 1512
193 2274
193 3296
193 3669
195 1021
195 1103
195 1198
195 1656
196 1566
196 3239
197 1482
197 2942
197 3263
198 879
198 2795
198 3394
198 3613
199 1463
199 2310
200 1419
200 1766
200 2264
200 2356
200 3465
200 3830
201 2608
201 2679
202 2822
202 3173
203 529
203 1569
203 2075
203 2181
204 448
204 2530
204 3285
205 235
205 1094
205 1197
205 1702
205 3214
205 3639
206 641
206 1380
206 1563
206 2464
206 2465
207 2044
207 2630
207 2857
207 3085
207 3951
208 1665
208 2264
208 2499
208 3292
208 3693
209 1287
209 1884
209 2032
209 2410
209 2879
209 3253
210 1419
210 1738
210 2093
210 2819
210 3749
211 858
211 1182
211 2948
211 3298
211 3370
211 3650
211 3817
212 247
212 1066
212 2176
212 2297
212 2997
213 929
213 1963
213 2218
213 2261
213 3244
214 1451
214 2581
214 3238
214 3990
215 478
215 589
215 2010
215 2476
215 2857
215 3485
215 3501
216 497
216 3195
218 1301
218 1812
218 3291
219 1776
219 3332
220 2075
220 2090
220 2400
221 447
221 474
221 2727
221 3004
221 3379
222 803
222 1825
223 294
224 442
224 1039
224 1291
224 1332
225 736
225 1512
225 2303
225 2838
225 3235
225 3377
226 1028
226 2073
226 3244
227 290
227 980
227 1292
227 2820
228 822
228 3182
229 585
229 902
229 1022
229 1163
229 3789
230 940
231 607
231 2616
231 3977
232 367
232 989
232 1315
232 1508
232 2223
232 3762
233 1431
233 1524
233 3307
233 3383
233 3688
235 779
235 908
235 2908
236 1813
236 1820
236 2093
236 2372
236 2433
236 3255
236 3494
237 1903
237 2088
237 2369
237 2761
237 3960
238 1344
239 241
239 2272
239 2780
239 3258
239 3772
240 691
240 2689
240 2888
240 3096
241 916
241 1269
241 2490
241 3042
241 3651
242 414
242 750
242 2211
242 3877
243 472
243 659
243 1494
243 2548
243 2856
243 2861
243 3677
243 3857
244 924
244 1033
245 918
245 1757
245 2105
245 2420
246 270
246 1590
246 3757
247 2636
247 3369
248 1279
248 1514
248 1981
248 3904
249 1335
249 3884
250 2186
250 2529
250 3612
251 3395
253 3207
253 3611
254 694
255 924
255 1389
255 1628
255 1859
255 2649
255 3128
256 1322
256 1635
256 1734
256 2511
256 2899
256 3250
257 1852
257 2659
257 3799
258 1465
258 2286
259 300
259 734
259 2336
259 3813
260 2158
260 2392
260 2586
260 2732
260 3326
261 1840
261 2268
261 2291
261 2890
261 3067
261 3940
262 3239
262 3327
262 3553
262 3716
263 1055
263 1439
263 1996
263 3584
263 3890
264 400
264 991
264 2366
265 564
265 622
265 1037
265 2249
265 3505
266 3496
267 785
267 849
267 866
267 1746
267 3032
267 3101
267 3119
267 3291
267 3310
267 3366
267 3432
268 2438
268 3357
269 1821
270 520
270 702
270 1904
270 3071
270 3731
271 1830
271 2337
271 2961
272 2275
272 2334
272 2823
272 3149
272 3534
273 752
273 1117
273 2909
273 3352
274 2369
275 1165
275 2231
275 2293
275 3137
275 3578
275 3948
276 721
276 811
276 1638
276 3928
277 316
277 320
277 712
277 2433
277 3899
278 1990
278 2329
278 2695
278 2776
278 3430
278 3472
279 541
279 633
279 1177
280 898
280 2535
281 283
281 534
281 600
281 893
281 1622
281 2998
282 537
282 850
282 2276
282 3240
283 391
283 1712
283 2383
283 2499
285 1568
285 1884
285 3008
285 3025
286 1428
286 1841
286 2756
287 521
287 900
287 1477
287 1484
287 1872
287 1895
287 3957
288 1073
288 1274
288 1930
288 2052
288 2106
288 2345
289 900
289 1391
289 1657
289 2257
290 1048
292 1935
292 1963
292 2058
292 3803
293 731
293 1390
293 3002
293 3250
293 3288
294 429
294 2157
294 3187
294 3784
294 3840
295 1058
295 1786
295 1979
295 2102
296 1456
296 3498
296 3797
297 1782
297 3018
297 3186
297 3334
297 3415
298 363
298 1905
298 2499
298 3966
299 1233
299 3593
300 2781
301 349
301 402
301 464
301 481
301 970
301 1725
301 1845
301 2899
301 3124
301 3352
301 3683
301 3951
302 922
302 2036
302 2202
303 412
303 1144
303 2630
303 2761
303 2804
304 593
304 1001
304 1131
304 1337
304 1786
304 1816
304 1904
304 2681
305 349
305 957
305 1769
306 3879
307 1195
308 880
308 1844
308 3688
309 732
309 1305
310 1330
310 2099
310 2989
310 3027
310 3532
311 1958
311 3325
311 3372
312 1525
312 2089
312 2323
312 3487
313 906
313 998
313 2149
313 2284
313 2653
313 3702
314 1455
314 2072
314 2115
314 2905
314 3373
314 3598
315 1076
315 2189
315 3207
315 3585
315 3698
316 583
316 1208
316 2432
316 2895
316 2912
316 2974
316 3237
316 3762
317 436
317 1141
317 2241
317 3819
318 1254
318 2964
318 3890
319 814
320 336
320 1234
320 3244
320 3488
321 416
321 1685
321 2689
321 3481
321 3567
322 416
322 1475
322 2326
323 598
323 609
323 1978
323 3270
323 3571
325 2272
325 3870
325 3944
326 1515
326 3958
327 1020
327 1330
327 1666
327 2174
327 3295
327 3593
328 2045
328 2843
328 2999
328 3996
329 691
329 1277
329 3421
329 3614
330 837
331 2393
331 2976
331 3778
332 2349
333 1277
333 1952
334 1475
334 3351
335 799
336 1274
336 1515
336 2713
336 3201
338 1086
338 1453
338 1676
338 3136
338 3582
339 1033
339 1285
339 1545
339 1850
339 2389
339 3301
340 479
340 950
340 2777
340 3723
340 3896
341 454
341 778
341 1263
341 3286
342 962
342 1741
342 2930
343 3355
344 450
344 844
344 2958
344 3671
344 3913
345 903
345 2225
345 2509
345 2974
345 3665
346 1283
346 1479
346 3617
347 537
347 597
347 2063
348 874
348 2399
348 2783
348 3440
349 1162
349 2740
349 2899
349 3670
351 769
351 1157
351 2013
351 2298
351 2905
351 3012
351 3596
351 3661
352 1332
352 1988
352 3591
353 574
353 1058
353 1120
353 3840
354 560
354 2426
354 3947
355 1066
355 1283
355 2227
356 1489
357 620
357 3905
358 948
358 1447
358 3514
359 563
359 2698
359 2879
359 3529
359 3643
360 378
360 436
360 782
360 1010
360 2072
360 2842
361 1321
361 1765
361 3248
362 3842
363 2548
363 2631
363 3083
363 3921
364 1112
364 2323
364 2324
364 2394
365 924
365 2504
365 3314
366 1719
366 2333
366 2929
366 3778
367 1076
367 1530
367 2513
367 3046
367 3690
368 2059
368 2461
369 2778
369 3401
370 767
370 769
370 1456
370 1680
370 2591
370 2640
370 3853
371 536
371 2643
371 3825
372 1503
372 2125
372 3034
372 3068
372 3389
372 3942
373 683
373 1436
373 3369
374 1039
374 1097
374 2361
374 2720
374 3359
374 3540
374 3948
375 1253
375 1390
375 1613
375 3572
375 3795
376 1241
376 2697
376 3461
376 3962
377 785
377 1387
377 1423
377 2816
378 595
378 836
378 2967
378 3073
379 535
379 676
379 898
379 1326
379 2571
379 3703
380 937
380 2182
380 3189
380 3299
380 3340
381 1003
381 1694
381 2045
381 3016
382 1621
382 3555
383 1335
383 2536
383 2629
383 3641
383 3789
384 517
384 971
384 1150
384 1890
384 2699
385 1657
385 2788
385 3670
386 1751
386 2162
386 3581
387 1238
387 1574
387 2281
387 3610
388 542
388 1174
388 1717
388 2768
388 2792
388 3508
388 3927
389 1064
389 1411
389 1605
389 1638
389 1895
389 3753
390 714
392 3871
393 754
393 1971
393 2841
393 3473
394 586
394 789
394 1051
394 1056
395 947
395 1756
396 461
396 1242
396 1449
396 1835
396 2582
396 2615
397 903
397 3464
398 571
398 670
398 1329
398 1969
399 1195
400 688
400 1029
400 1201
400 2471
400 2569
400 3630
401 2450
401 2864
401 3201
401 3822
401 3919
402 534
402 1052
402 3380
403 1120
403 1505
403 1568
403 1713
403 2345
403 2486
403 3921
404 1557
404 3240
405 841
405 845
405 1903
405 2195
405 3698
406 1037
406 2013
406 2544
406 3366
406 3916
407 1282
407 2138
407 2968
407 3430
407 3808
408 432
408 979
409 562
409 709
409 3446
410 1838
410 2871
410 3506
411 1898
412 1611
412 2049
412 2558
413 708
414 506
414 1411
414 2490
414 2744
414 3926
415 874
415 2166
415 2694
415 3097
415 3898
416 996
416 2250
416 3215
416 3494
416 3959
417 3644
418 546
418 1412
418 2962
418 3518
419 708
419 2497
419 3227
419 3858
420 1082
420 2361
421 536
421 3205
421 3224
422 483
422 621
422 3637
422 3782
423 960
423 1786
423 2149
423 2210
423 2906
424 3580
425 1307
425 1702
425 2021
426 756
426 1167
426 1886
426 2414
426 2505
427 896
427 1869
427 3627
428 886
428 2773
428 2904
429 1880
429 3031
430 641
430 1236
430 2116
430 3248
430 3275
430 3544
431 874
431 1860
431 3764
432 1598
432 2497
432 2523
432 3190
433 2487
433 3572
434 439
434 1071
434 2533
434 3054
435 1162
435 1688
436 1040
436 1483
436 2351
436 2675
436 3281
436 3882
436 3914
438 450
438 2874
438 3649
439 1469
439 2110
439 2744
439 2745
440 1379
440 2221
440 2251
440 2568
440 3310
440 3999
441 911
441 1290
441 2538
441 2916
441 3098
441 3664
442 1488
443 3868
443 3917
444 950
445 715
445 725
445 852
445 1159
445 3640
445 3707
446 571
446 2477
446 3774
446 3860
446 3869
447 485
447 1826
448 1871
449 1068
449 1340
449 2375
449 2542
449 3422
450 2948
450 3634
451 1201
451 1898
451 2936
451 3487
451 3934
452 1380
452 1381
452 1503
452 3803
453 907
453 1806
453 1876
453 3433
453 3851
454 1118
454 2438
454 3275
455 1107
455 1327
455 2077
456 1471
456 2455
456 2600
456 2795
456 3082
457 1196
457 1999
457 3341
458 1425
458 2272
458 3991
459 910
460 776
460 1055
460 2727
461 942
461 1529
461 1728
461 1990
461 2946
461 3287
461 3380
461 3911
462 514
462 806
462 1117
462 3097
462 3700
462 3994
463 1156
463 3469
463 3792
464 1257
464 1506
464 2505
465 1936
465 2845
465 3845
467 602
467 2257
467 2979
467 3283
468 1238
468 2243
468 2856
468 3428
468 3952
469 948
469 1203
469 1834
469 1982
469 2894
470 2058
470 3266
471 822
471 1177
471 3996
472 3996
473 1419
473 1797
473 2060
474 580
474 1315
474 3160
475 680
475 1052
475 1275
475 2229
476 2849
476 3692
477 3091
478 605
478 634
478 923
478 2300
479 664
479 2519
480 850
480 1548
480 3009
481 856
481 1007
481 1381
481 1516
481 2324
481 3698
481 3757
482 1557
482 3926
483 1082
483 2103
483 2758
483 3352
483 3860
484 560
484 868
484 2456
484 3193
484 3726
485 795
485 3087
486 561
486 911
486 928
486 962
486 1261
486 2983
486 3446
486 3540
487 2246
487 2623
488 552
488 1501
489 790
489 1952
489 2591
489 3279
489 3796
489 3916
490 1363
490 2326
491 1588
491 1720
491 2092
492 755
492 3547
492 3998
493 1016
493 1783
493 1857
493 2008
493 3888
494 697
494 3100
495 834
495 1880
495 2851
495 3913
496 1194
496 2656
497 1067
497 1618
497 2793
498 981
498 2111
498 2855
498 3113
498 3923
499 880
499 3838
500 596
500 2024
500 2415
500 2680
500 3014
500 3457
500 3499
501 667
501 679
501 1441
501 3002
501 3057
501 3214
501 3995
502 1929
502 2732
503 2280
503 2362
503 2813
503 2851
503 3277
503 3375
504 1249
505 726
505 890
505 993
505 1882
505 2357
505 2389
505 2587
505 3260
506 1705
506 2067
506 2446
507 1415
507 1858
507 2582
507 3020
507 3704
507 3932
508 845
508 3639
509 714
509 1731
509 2759
509 3069
510 1216
510 1439
510 2659
511 670
511 1504
511 2300
511 2636
511 3149
511 3388
511 3971
512 1245
512 1514
512 1722
512 2291
512 2802
512 3282
512 3556
513 1347
513 1633
513 1816
513 1961
513 3182
514 3663
514 3879
515 3938
517 1625
517 2972
517 3261
517 3560
518 1917
518 3741
519 654
519 1701
519 1821
519 1831
519 2607
519 3388
520 757
520 881
520 1069
520 1642
520 3674
521 723
521 1092
521 2071
521 2712
521 2799
521 3398
521 3607
522 2580
522 3616
522 3835
523 1249
523 1620
523 2267
523 3679
524 2007
524 2795
524 3387
524 3571
526 587
526 1410
526 3766
526 3945
527 1366
527 2757
527 2804
527 2835
527 3360
527 3878
528 2220
528 2633
528 2670
529 2829
530 815
530 1305
530 1446
530 2313
530 2324
530 3261
530 3670
531 1132
531 2161
531 2317
531 2621
532 2570
532 2801
532 2927
532 3041
533 1734
533 2902
533 2927
533 3742
534 2152
534 2832
535 821
535 1669
536 1910
536 2483
537 641
537 889
537 1068
537 2218
537 3929
538 757
539 1121
539 1239
539 2361
539 2645
540 1827
540 2300
540 3281
540 3324
541 2365
541 2761
542 947
542 1327
542 1836
542 2569
542 2822
542 3335
542 3336
542 3900
543 563
543 2212
543 3614
544 549
544 1166
544 1434
544 1455
545 744
545 1098
545 2725
546 551
546 2266
546 2500
547 981
547 1374
547 2957
547 3229
548 849
548 953
548 1582
548 1638
548 1996
548 2208
548 3216
548 3725
549 597
549 688
549 1067
549 2818
549 3070
549 3220
549 3628
551 646
551 846
551 1175
551 1374
551 3244
552 1350
552 2189
552 3694
553 2389
554 1108
554 3644
555 804
556 1570
556 1966
556 2639
556 2911
556 3036
556 3615
557 2428
557 3167
558 800
558 3210
558 3563
559 1766
559 2558
559 2682
560 1420
560 3402
561 1814
561 2358
561 3113
561 3522
563 1278
563 1338
563 2052
563 2070
563 2217
563 3026
563 3849
564 608
564 1595
564 2495
565 654
565 1478
565 3742
565 3749
565 3962
566 1206
566 1491
566 1929
566 1976
566 2173
566 2239
567 3580
567 3663
568 2315
568 2524
568 3678
569 1476
569 2912
569 3253
569 3945
570 1374
570 1568
570 2085
570 3044
570 3428
570 3454
570 3624
572 1207
572 1519
572 2411
572 3755
573 2474
574 1260
574 1394
574 2002
574 2914
574 3109
575 2841
576 1904
576 2749
576 3793
577 582
577 1060
577 1309
577 2291
578 985
578 2452
578 3130
578 3473
580 2944
580 3381
581 1721
581 2332
582 1883
582 2625
582 2891
582 3546
583 1616
583 3824
584 2321
584 2535
584 3526
585 3168
585 3776
586 715
586 987
586 3104
587 1519
587 1597
587 1863
587 2605
587 3664
587 3796
588 2028
588 2581
588 3180
589 2804
589 3361
589 3547
590 2978
591 648
591 1351
591 2005
591 3231
591 3420
591 3476
592 2236
592 2430
592 3017
592 3207
592 3685
593 1490
593 1945
594 757
594 1407
594 3207
594 3382
595 1085
596 2311
596 2474
596 3296
597 3165
597 3353
597 3550
597 3881
598 600
598 2419
598 3272
598 3424
598 3651
599 3115
600 1075
600 1744
600 2161
600 3158
601 760
601 1102
601 2571
601 2624
601 2930
601 3398
602 1358
602 1916
602 2084
602 3381
603 835
603 1587
603 1642
603 1983
604 896
604 1857
604 2131
604 2135
604 3223
604 3548
604 3669
605 1648
606 948
606 1470
606 2446
606 2539
606 3356
606 3372
606 3447
607 629
607 1664
607 3271
608 756
608 1226
608 1808
608 3430
608 3787
609 1879
609 2525
609 2548
609 2708
609 3499
610 1659
611 680
611 1321
611 1419
612 735
612 1024
612 1073
612 3291
612 3942
614 868
615 848
616 1000
616 1294
616 1485
616 2136
616 3402
617 1355
617 1419
617 2848
617 3123
617 3566
618 668
618 1264
618 1475
618 1687
618 2341
618 2423
619 827
619 1024
619 1429
619 2515
619 2868
620 893
620 2794
620 2936
620 2978
621 1429
621 3038
622 916
622 1591
622 1935
622 2674
622 3928
623 1014
623 3182
623 3331
623 3683
624 2072
624 3354
624 3948
625 1307
625 2393
625 2935
625 3998
626 1825
626 2507
627 1085
628 647
628 3226
628 3375
629 1128
629 3016
629 3023
629 3377
630 810
630 842
630 1831
631 733
631 1822
631 1886
631 2494
632 718
632 1240
632 1933
632 2542
632 2984
633 1737
633 3637
635 1845
635 2216
635 3713
636 816
636 3300
637 1472
638 1320
638 2508
638 2559
638 3036
639 712
639 1618
639 1777
639 2008
639 2532
639 3040
639 3209
640 901
640 3256
641 2636
641 2920
642 699
642 2259
642 2559
642 2835
642 3351
642 3586
643 1175
643 2034
643 2207
643 2563
643 3239
643 3296
644 1417
644 1780
644 2339
644 3015
645 1555
645 1771
645 2907
645 2955
645 3761
645 3848
646 1215
646 3704
647 1679
647 1794
647 2469
647 2738
647 3339
648 917
648 1385
648 1729
648 2425
648 3666
649 867
649 889
649 1061
649 1303
651 882
651 1686
651 1919
652 1079
652 1353
652 2191
652 2571
653 1833
653 2011
653 2237
654 1933
654 2048
654 2460
655 2094
655 2141
656 887
656 2958
657 1573
658 3693
659 1723
659 2749
660 781
660 1036
660 2355
660 2494
660 2554
660 2839
660 3623
661 2331
661 3560
662 713
662 1004
662 2244
662 2258
662 2954
662 3955
663 831
663 1907
663 3856
664 719
664 734
664 845
664 3344
664 3361
665 2353
666 755
666 1913
666 2036
666 2120
667 774
667 2542
667 3276
668 1267
668 1602
668 2023
668 2232
668 2400
668 2906
669 2236
669 3406
669 3410
669 3664
670 1194
670 2953
670 3372
671 2865
672 1000
672 1888
672 2523
672 3151
673 1115
673 1384
673 1915
673 2114
674 957
674 2306
674 3581
675 1067
675 1197
675 2012
675 2594
676 772
676 894
676 1134
676 1361
676 1387
676 2680
676 2787
676 3422
676 3525
676 3631
677 1751
677 1912
677 3807
678 868
678 911
678 1242
678 1782
678 2012
678 3163
679 1375
679 2171
679 2356
679 2554
679 2778
679 3337
680 2328
681 1130
681 2007
681 3868
681 3932
682 811
682 1271
682 2299
682 3743
682 3939
683 1245
684 1298
684 3362
684 3798
685 1830
685 2148
685 2272
685 3954
686 1049
686 1149
686 1957
686 2218
686 2366
687 1948
687 3924
688 1509
688 2199
688 2650
688 3006
688 3254
689 2539
689 2708
689 3062
690 1113
690 1119
690 1934
690 2084
691 1000
691 2029
691 2272
692 3350
693 1592
693 2287
693 2355
693 2620
693 2626
693 3196
693 3960
694 2487
694 3922
695 1261
695 1778
695 2809
695 3475
695 3606
696 2451
697 1484
697 2068
697 2345
697 3974
698 2535
698 3234
699 1684
699 2209
699 2350
699 3099
700 2987
700 3986
701 2394
702 766
702 1522
702 2211
702 3701
703 2069
703 2455
703 2901
704 1230
704 1443
705 957
705 1947
705 2304
705 2618
705 3238
706 2773
706 3304
708 2569
708 2672
708 3080
708 3132
708 3545
709 1056
709 1119
709 2327
709 3848
710 1119
710 1330
710 1653
710 3723
711 2859
712 2113
712 2140
712 2412
712 2791
712 3776
713 825
713 1251
713 1514
713 1857
713 2054
713 2821
713 3868
714 833
714 1930
714 2171
714 2255
714 2748
715 1155
715 1470
715 3011
715 3310
716 1145
716 2319
716 3276
716 3424
717 3369
718 882
718 1392
718 1708
718 3515
719 2010
719 2761
719 3403
720 832
720 1322
720 1474
720 1623
720 2636
720 3555
720 3742
722 989
722 3441
723 1541
723 1692
723 2949
723 3397
723 3813
724 2609
725 2866
725 3107
725 3855
726 1661
726 2290
726 3695
727 803
727 2255
727 2619
727 2648
727 3403
729 856
729 3945
730 1812
730 1903
730 2130
730 2160
730 2604
730 2791
730 3866
731 1663
731 1991
731 2612
731 2825
733 773
733 1138
733 2522
733 3316
733 3415
734 1422
734 2202
734 2989
735 1157
735 1607
735 2055
737 1662
737 3461
738 2540
738 3552
738 3892
739 1404
739 1831
739 2968
739 3097
740 1168
740 2176
740 3253
741 1141
741 1950
741 2770
741 3452
742 761
742 1807
742 2261
742 2833
742 3243
742 3462
743 1844
744 1203
744 1867
744 2655
744 3640
745 1837
745 2707
745 2798
745 3643
746 1509
746 2084
746 2298
747 1335
747 1857
747 3085
747 3125
748 3641
749 2010
749 3332
749 3689
750 755
750 3208
751 1920
751 2702
751 2873
752 1781
752 3798
753 944
753 1176
753 1329
753 1346
753 3044
754 2009
754 2253
754 3273
754 3290
754 3436
754 3657
755 1648
755 2632
755 3671
756 943
756 2344
756 2356
756 2598
756 3962
757 1243
757 1342
757 2128
757 3539
757 3785
758 1718
758 2388
758 3524
759 768
759 2112
759 2142
759 2538
759 3766
760 872
761 1722
761 1930
761 2397
761 3725
762 2196
762 2410
762 3695
763 883
763 954
763 1165
763 3076
763 3597
764 2466
764 2546
764 2660
764 2861
764 3164
764 3438
764 3892
765 1687
765 2236
765 2882
765 3862
766 2886
766 3368
766 3587
766 3870
767 1695
767 3393
767 3707
768 975
768 1706
768 2089
768 2984
768 3206
768 3497
769 3059
769 3089
770 1730
770 2893
770 3711
771 3539
772 2136
772 3225
773 1192
773 1606
773 1788
773 2633
773 3017
773 3486
773 3937
774 2329
774 2449
774 2652
774 2659
774 3863
775 1070
775 1874
775 3267
776 1148
776 1264
776 1288
776 1595
776 3721
777 1936
777 3477
777 3479
778 1230
778 3337
779 2012
779 3751
779 3905
781 1808
781 2039
781 2662
781 3108
781 3869
782 1012
782 1173
782 1180
782 2686
782 2728
782 3382
782 3471
783 1937
783 2505
783 3246
784 794
784 1816
784 2509
785 1951
785 3216
785 3408
786 1534
786 1568
787 840
787 1846
787 2246
787 3004
788 2443
788 2531
788 2543
788 2847
789 1845
789 2771
790 2038
790 3008
790 3088
791 1499
791 2341
791 2542
791 2745
791 2840
791 3810
792 2116
792 2758
792 3159
792 3225
793 947
793 1257
793 1386
793 1825
793 2903
793 3392
794 3463
795 878
795 3236
796 1461
796 1899
796 2625
796 3769
797 1386
797 1784
797 2737
797 3216
798 1831
798 1939
799 2424
799 2490
799 2815
799 3008
799 3255
799 3751
800 2702
800 2998
801 1010
801 1200
801 1341
801 2866
801 3386
801 3479
801 3981
802 1038
802 1841
803 1445
803 3630
804 1087
804 1091
804 1413
804 2092
804 2728
804 3502
805 1642
805 2552
805 2966
806 2578
806 3151
806 3655
807 2384
808 855
808 1708
808 2526
808 2580
809 1359
809 3396
810 1400
811 1946
811 2074
812 1043
812 1758
812 3819
812 3839
812 3972
813 1524
814 1284
814 1577
814 2000
814 3179
814 3253
815 1357
815 2406
815 3292
815 3605
815 3861
816 1891
816 3103
816 3267
817 1219
817 1707
817 3023
817 3432
817 3442
818 1102
818 2379
818 2729
818 3761
819 1228
819 1504
820 2357
820 3172
821 867
821 1870
821 2778
821 3413
822 1264
822 1753
822 2113
822 3252
823 1372
823 2187
823 2337
824 1639
824 2728
824 2779
824 2983
824 3414
825 1960
825 2691
826 2718
826 2924
826 3986
827 2109
828 3169
828 3582
829 986
829 1161
829 2429
829 3336
830 1417
830 3036
831 3008
831 3056
832 1153
832 1794
832 2117
832 2830
832 3888
832 3947
833 2543
833 3047
834 1357
834 1588
834 2330
834 3306
834 3335
835 1112
835 2195
835 2602
835 3118
835 3631
836 3990
837 849
837 1229
837 2126
837 2128
837 3533
838 2444
838 3179
838 3710
839 972
839 1017
839 1904
839 2760
839 2878
839 3037
840 3007
840 3373
840 3379
841 3608
842 902
842 926
843 1314
843 3158
843 3258
844 1069
844 1629
844 2420
844 3234
844 3246
845 1319
845 1993
845 3715
846 2159
846 3055
846 3101
847 974
847 1970
847 3293
848 1020
848 3245
848 3840
849 1016
849 2453
849 2899
850 1344
850 1428
850 2094
850 2856
850 3421
851 1881
851 3943
852 1322
852 1516
852 1569
852 3219
853 1243
853 2822
853 3262
854 891
854 1405
854 2691
854 3927
855 1635
855 2271
856 1583
856 1956
856 2907
856 3347
857 1701
857 2587
857 3227
857 3461
857 3543
858 1292
858 1585
858 3021
858 3551
859 1734
859 3056
859 3840
860 1044
860 1307
860 3936
861 1034
861 3431
861 3522
861 3583
862 2431
862 3596
863 1176
863 2007
864 1307
864 2023
865 1188
866 1693
866 1931
867 1208
867 1468
867 3458
868 1229
868 1312
868 1397
868 1544
868 1559
868 3049
868 3819
869 1672
869 3581
870 1949
870 2274
871 2078
871 2432
871 2763
871 3238
872 1356
873 1094
873 1347
873 1615
873 3475
874 1321
874 3156
875 912
875 2418
875 2758
875 3164
876 1429
876 1538
876 2297
877 967
877 1141
877 2077
877 2219
877 2381
877 2485
877 2721
877 3372
878 958
878 1452
878 1624
878 2798
879 1033
879 2546
879 3018
880 1648
880 3087
881 1507
881 1847
881 1947
881 2376
881 2494
881 2802
881 2930
881 3220
881 3515
882 2901
882 3220
882 3287
882 3840
882 3930
883 1944
883 2291
883 2375
884 1477
884 3817
885 1018
885 3039
886 898
886 1883
886 2205
887 1027
887 1283
887 3669
887 3788
888 982
888 1797
888 2442
888 2465
888 2486
888 2581
888 2803
888 3574
889 1339
889 1699
889 2615
890 1278
890 2590
890 3565
890 3660
892 2801
892 2895
892 2916
892 3582
893 3259
893 3536
893 3630
895 1211
895 3911
896 1760
896 2082
896 2551
896 3079
896 3944
897 2179
897 3258
898 2024
898 2149
898 2506
898 3172
899 2172
899 3591
900 1061
900 2252
900 3169
901 2464
901 2863
901 3451
901 3577
901 3828
901 3978
902 2126
902 3903
902 3957
903 1893
903 2205
903 3416
904 1559
904 1714
904 1932
904 2821
904 2930
904 2943
905 2343
905 3140
905 3584
905 3655
906 1763
906 1970
906 2203
906 2239
906 3024
906 3740
907 1267
907 1404
907 1713
908 3333
908 3616
908 3963
909 2037
909 2307
909 2387
909 3717
910 997
910 3982
911 1352
911 1631
911 3774
912 2653
912 2765
912 3251
912 3616
913 1289
913 3277
914 1515
914 1917
914 2093
915 1495
915 2625
916 1575
916 1616
917 1020
917 1031
917 2483
917 3660
918 1435
918 2690
918 3789
918 3835
919 1276
919 1627
919 2694
920 3570
921 1232
921 3447
922 3042
923 2416
923 2602
924 1688
924 2245
924 2309
924 3138
925 1072
925 1265
926 1001
926 2386
926 2615
926 2845
926 3376
927 1438
927 2601
927 3476
928 1159
928 1773
928 2172
928 3872
929 1815
929 2922
929 3736
929 3831
930 1889
930 3920
931 988
931 1137
931 3595
931 3827
932 1229
932 1417
932 1570
932 1646
932 2441
932 2865
932 2984
933 2306
933 2807
934 1577
934 2067
934 3204
934 3830
934 3961
935 2136
936 3129
937 2890
937 2922
937 3838
938 1535
938 1551
938 1569
938 2078
938 2245
938 2441
938 2562
938 3273
938 3681
939 2946
939 3473
939 3763
940 1294
940 1509
940 2435
940 2617
940 3348
940 3901
941 1343
941 2478
942 2565
942 3009
942 3923
943 1613
943 1736
944 1340
944 1581
944 1868
944 3650
944 3723
945 1952
945 2859
945 2960
945 3504
946 1250
946 1356
947 3402
948 955
948 1741
949 1927
949 2644
949 2870
949 3988
950 2186
950 2314
950 3764
951 2695
951 2741
951 3803
952 1911
952 2100
952 2395
952 2699
953 2177
953 2293
953 2470
953 2479
954 1303
954 1833
954 1962
955 2810
955 3567
956 1359
957 993
957 1028
957 1081
957 1522
957 1945
957 2702
957 3369
957 3580
957 3990
958 1252
958 1926
958 2123
958 2936
958 3481
959 1478
959 3399
960 3649
960 3697
961 1580
961 3886
962 1003
964 1017
964 2480
964 3843
965 2826
965 3660
966 3005
966 3084
966 3325
966 3977
967 1971
967 2329
967 3634
967 3717
968 2807
968 3506
969 2618
969 3041
970 1005
970 1746
970 3126
971 2053
971 2082
972 2019
972 2210
972 2947
972 3899
973 1303
973 1945
973 2592
973 2667
974 1669
974 1886
974 2275
975 2763
976 1473
976 3009
977 1572
978 2225
978 3261
979 1670
979 3988
980 1125
981 1053
981 1822
981 2490
982 1383
982 1974
982 3069
982 3222
983 3393
984 1526
984 2406
984 2793
984 3470
985 1362
985 1905
985 2705
986 1734
986 2266
986 2750
986 3011
987 1515
987 2409
987 3434
987 3490
988 3337
989 1915
990 1063
990 1717
990 1720
990 2429
990 3023
990 3518
991 1228
991 2690
991 3494
992 1098
992 2026
992 2993
992 3773
992 3842
993 1316
993 1878
993 2132
993 2879
993 2986
994 1528
994 1805
994 1934
994 2720
994 3188
995 2184
995 2867
995 3196
995 3829
996 3256
997 1631
997 1704
997 3874
998 1047
998 1508
998 2514
999 1556
1000 1077
1000 2703
1000 2742
1000 3104
1001 1077
1001 1198
1001 1840
1001 2110
1001 3080
1001 3742
1002 2085
1002 2863
1002 3125
1002 3789
1003 3434
1004 2067
1004 2100
1004 2348
1004 3138
1004 3430
1004 3893
1005 1109
1005 1594
1005 2783
1005 3425
1005 3461
1006 2037
1006 2273
1007 1233
1007 1257
1007 2343
1008 1240
1008 2329
1008 3007
1008 3374
1008 3494
1009 1108
1009 1982
1009 2035
1009 2393
1009 2941
1010 1313
1010 2566
1011 1178
1011 1645
1011 2910
1011 3070
1011 3545
1012 1386
1012 1778
1013 1197
1013 2195
1014 1706
1014 2339
1014 3917
1015 3703
1015 3766
1016 2030
1016 2449
1016 2890
1016 3187
1016 3465
1016 3613
1016 3951
1017 2687
1018 1531
1018 1700
1018 3626
1018 3938
1019 2927
1019 3199
1019 3710
1020 2898
1020 3523
1020 3629
1021 2572
1021 2948
1022 1154
1022 1365
1022 1530
1022 1628
1023 3136
1024 1179
1024 1536
1024 2245
1024 2290
1025 1987
1025 2703
1026 2406
1026 3400
1026 3974
1027 1714
1027 1976
1027 3222
1027 3563
1028 2976
1028 3312
1028 3522
1028 3765
1029 1114
1029 1759
1030 2240
1030 2371
1030 3057
1030 3491
1030 3573
1030 3907
1031 1998
1031 2535
1031 3988
1032 2585
1033 2304
1033 2541
1033 2652
1034 1272
1034 1798
1034 2880
1034 3381
1034 3581
1035 2371
1035 2475
1035 2624
1035 3872
1036 1410
1036 3219
1038 1235
1038 3000
1039 1956
1039 2739
1040 2073
1040 3835
1041 3458
1041 3459
1041 3752
1041 3907
1042 1150
1042 2018
1042 2965
1043 1360
1043 2045
1043 2418
1045 2431
1045 3004
1046 1427
1046 1877
1046 2960
1048 1563
1048 2291
1049 1450
1050 1193
1050 2222
1051 2480
1051 2938
1051 3033
1052 1551
1052 1773
1052 2148
1052 2659
1052 3186
1053 1106
1053 1340
1054 3822
1055 3090
1057 1678
1057 2140
1057 2212
1057 3754
1057 3948
1058 2346
1058 2641
1059 1849
1059 2922
1060 1142
1061 2415
1061 2711
1061 3085
1062 1556
1062 2361
1062 2422
1062 2546
1062 2608
1062 3460
1062 3483
1062 3614
1063 1293
1063 2104
1063 3165
1063 3184
1063 3925
1064 1438
1064 1584
1064 3941
1065 1366
1065 3051
1065 3070
1065 3955
1065 3986
1066 2941
1067 1211
1067 1402
1067 1908
1067 3432
1068 1821
1068 2175
1069 1498
1070 2223
1070 2393
1070 3580
1071 2164
1071 2377
1071 2520
1071 3934
1072 1191
1072 1589
1073 1843
1073 2463
1073 3426
1073 3661
1074 1539
1074 2347
1074 3971
1075 2398
1075 3508
1075 3695
1076 1216
1076 2443
1076 3087
1077 1615
1077 2180
1077 3058
1077 3660
1077 3922
1079 1514
1079 1606
1079 2470
1079 2517
1079 3816
1080 1492
1080 2682
1080 2801
1080 3151
1081 1624
1081 2561
1081 3679
1082 1753
1082 2037
1082 2179
1082 2397
1082 2781
1082 2785
1083 2773
1083 3780
1084 2293
1084 3874
1084 3949
1085 1261
1085 2816
1085 3611
1087 2569
1087 3442
1087 3798
1088 2130
1088 3229
1088 3494
1088 3858
1089 2394
1089 2496
1089 2761
1089 3307
1090 1272
1090 3376
1091 2558
1091 3345
1092 1520
1092 2219
1092 2329
1093 1237
1093 1453
1093 1592
1093 2110
1093 3116
1093 3507
1093 3794
1094 2406
1095 2041
1095 2255
1095 3919
1096 2286
1096 3734
1098 1858
1099 1311
1099 1963
1099 2487
1099 2926
1100 2520
1100 3566
1100 3847
1101 2887
1102 1938
1102 3395
1103 1653
1103 2159
1103 3064
1103 3479
1103 3984
1104 2168
1104 2585
1104 2826
1104 2939
1105 2041
1106 1828
1106 3575
1107 2311
1107 2450
1107 2963
1107 3274
1107 3406
1107 3485
1107 3618
1108 1880
1108 2473
1108 3911
1109 1213
1109 2641
1109 3563
1110 2733
1110 2877
1111 1298
1111 2084
1112 2574
1113 1602
1113 2528
1113 2702
1113 3044
1113 3438
1114 3040
1114 3150
1114 3389
1114 3505
1115 1842
1115 3222
1115 3455
1115 3764
1116 1654
1116 1936
1117 1890
1117 3871
1118 3764
1119 3611
1120 1820
1120 2409
1121 1325
1121 3112
1121 3387
1121 3501
1121 3527
1123 3258
1123 3587
1124 3464
1126 1639
1126 1697
1126 2236
1126 2961
1127 1733
1127 2837
1127 3827
1127 3979
1128 1594
1128 1973
1129 1939
1129 2065
1129 2967
1130 2357
1131 1916
1131 1958
1131 2218
1131 2784
1131 3595
1132 2643
1132 3868
1133 2185
1133 3147
1133 3733
1134 2463
1135 1394
1135 1464
1135 2421
1135 3404
1135 3563
1135 3939
1136 1994
1136 2212
1136 2818
1137 1663
1137 2505
1137 3076
1137 3577
1138 3482
1139 1459
1140 1518
1140 1840
1141 3020
1141 3083
1141 3993
1142 3206
1144 2290
1144 3851
1145 2607
1146 1832
1146 3941
1147 1499
1147 2224
1147 3322
1148 1341
1148 1398
1148 1509
1148 1803
1148 2618
1149 1937
1149 2363
1149 2611
1149 3633
1150 1281
1150 1309
1150 1683
1150 3128
1150 3956
1151 1353
1151 2843
1151 3226
1152 1851
1152 2337
1152 2490
1152 3174
1153 1913
1153 2167
1153 2645
1154 1792
1154 1848
1154 1965
1154 2365
1155 2843
1155 2913
1155 3731
1156 2541
1157 2441
1157 3396
1157 3983
1158 2626
1158 2735
1158 3799
1159 3414
1160 1313
1160 2504
1162 1271
1162 1608
1162 3583
1162 3670
1163 3788
1164 3679
1165 1586
1165 3489
1165 3650
1166 2127
1166 2782
1167 3714
1167 3726
1168 2929
1168 3714
1169 1878
1170 1770
1170 2944
1170 3283
1171 3297
1172 1699
1173 2004
1173 2265
1173 2899
1174 1478
1174 2178
1175 2141
1176 3813
1177 1989
1177 2328
1177 3202
1177 3557
1177 3954
1178 1326
1179 1431
1179 3318
1180 2932
1181 1375
1182 2468
1182 2782
1183 1692
1183 3015
1184 1613
1184 2039
1184 2206
1184 2421
1184 2764
1185 2575
1185 3349
1185 3653
1186 1792
1186 3877
1187 1253
1187 1380
1187 1899
1187 2453
1188 2148
1189 1248
1189 1318
1189 2984
1189 3214
1189 3245
1189 3360
1190 3267
1191 2321
1191 2814
1191 2893
1191 3527
1192 2606
1192 3069
1193 1509
1193 1876
1193 2454
1193 3198
1193 3915
1194 1779
1194 2044
1194 2389
1194 2406
1194 2694
1194 3244
1194 3677
1194 3836
1196 1399
1196 1707
1196 2124
1196 3207
1196 3575
1196 3629
1198 1385
1198 3032
1198 3884
1199 1927
1199 2075
1199 3870
1200 3374
1201 2411
1201 2462
1201 3261
1202 1480
1202 1765
1202 2159
1202 2651
1202 2707
1202 3203
1202 3568
1203 2315
1204 1291
1204 2565
1204 2637
1204 3095
1205 1582
1205 2035
1205 2583
1205 3878
1206 1547
1206 2220
1206 3936
1207 1775
1207 1893
1207 3235
1207 3482
1209 1669
1209 3058
1209 3596
1210 1356
1210 2956
1210 2977
1211 1475
1211 2251
1211 2295
1211 2818
1211 2901
1211 2907
1211 3087
1211 3246
1211 3740
1212 3375
1212 3868
1213 1432
1213 1940
1213 3166
1214 2024
1214 3695
1214 3967
1215 1954
1215 3546
1216 1381
1217 1285
1219 2821
1219 3477
1219 3611
1219 3641
1220 2823
1221 1575
1221 1726
1221 3046
1222 1278
1222 2248
1223 2079
1223 2161
1223 2727
1223 3699
1224 1321
1224 1626
1224 1762
1224 2307
1224 3299
1224 3596
1224 3660
1225 1381
1225 1699
1225 2161
1225 3319
1226 1815
1227 1845
1227 2091
1227 2321
1227 3468
1229 2007
1229 2749
1230 1250
1230 3104
1231 2532
1231 2928
1232 1686
1232 2952
1233 1827
1233 3286
1234 1538
1234 3158
1235 2319
1235 2773
1235 3782
1235 3924
1236 2516
1236 3062
1236 3801
1238 1344
1238 1828
1238 3955
1239 2110
1239 2652
1240 2228
1240 3926
1241 2109
1242 3311
1243 2061
1244 1271
1244 1669
1245 2929
1246 1829
1246 2486
1246 3069
1248 2890
1248 3184
1249 1796
1249 2253
1249 3578
1250 1508
1250 1792
1250 2690
1250 3942
1251 1885
1251 2354
1251 2507
1251 2524
1252 3005
1253 1280
1253 1506
1253 3763
1254 1572
1254 1979
1255 1472
1255 2559
1255 2662
1256 2731
1256 2915
1256 2978
1256 3131
1256 3491
1257 2440
1257 2791
1257 3774
1257 3812
1258 1313
1258 1508
1258 2258
1258 3420
1260 1867
1260 3064
1260 3433
1261 1339
1261 1500
1261 2220
1261 2868
1261 3087
1262 1893
1262 1985
1262 2372
1264 1587
1264 3764
1264 3971
1265 1631
1265 2941
1266 1925
1266 2493
1266 3722
1267 2080
1267 2643
1267 3467
1268 3018
1268 3658
1269 3326
1270 1360
1270 1456
1270 2236
1270 2355
1270 3456
1270 3724
1271 1328
1271 2022
1272 1299
1272 1786
1272 3914
1273 1474
1273 2246
1273 3033
1273 3039
1273 3365
1274 2481
1274 3276
1276 3902
1277 1311
1277 1846
1277 2773
1279 3023
1279 3900
1280 1996
1280 3653
1281 1638
1281 2143
1281 3234
1282 3438
1283 3513
1284 1450
1284 1574
1284 1612
1285 1976
1287 1435
1287 1816
1287 2202
1287 3281
1287 3503
1288 1926
1289 2050
1289 2179
1289 2616
1290 1923
1290 2545
1290 3045
1290 3523
1291 1414
1291 2522
1291 2810
1292 2125
1292 2971
1293 1456
1293 1959
1293 3831
1294 1989
1295 2077
1295 2316
1295 2676
1295 3357
1295 3864
1296 2052
1296 2261
1296 2683
1297 1913
1297 2159
1297 2219
1298 2711
1299 3061
1300 3971
1301 1400
1301 2880
1302 1648
1303 2365
1303 2848
1303 3135
1303 3639
1303 3870
1304 1390
1304 1941
1305 2194
1305 3250
1306 2270
1306 3304
1307 1740
1307 2175
1307 3240
1308 3281
1310 2172
1310 2319
1310 2582
1311 1467
1311 1942
1311 2077
1311 2123
1311 3072
1311 3308
1312 1647
1312 3588
1313 2612
1313 3388
1313 3436
1313 3532
1314 1331
1314 1632
1314 2157
1314 2649
1314 3563
1314 3675
1315 1599
1315 1699
1315 2155
1315 2521
1315 2759
1315 3022
1315 3140
1316 2334
1316 3578
1317 1966
1317 2626
1317 3752
1319 1734
1319 2725
1320 1475
1320 3618
1321 3378
1322 1461
1322 3731
1323 1621
1324 1895
1324 2637
1324 2995
1325 1704
1325 2378
1325 3730
1325 3928
1326 1350
1327 1599
1327 2997
1327 3642
1327 3769
1328 2839
1328 3729
1329 1598
1329 1608
1329 2876
1329 3550
1329 3868
1330 1658
1330 2854
1331 2060
1331 3058
1331 3400
1332 1384
1332 2420
1333 2144
1333 2547
1334 1848
1334 1856
1334 2053
1334 2075
1334 2192
1334 2774
1334 3223
1335 1979
1335 2720
1336 3667
1336 3893
1337 1344
1337 1968
1337 2000
1337 3198
1337 3504
1338 1665
1338 1681
1338 2186
1338 2657
1338 3717
1339 1437
1339 3438
1339 3758
1340 1839
1340 3397
1340 3646
1341 2752
1341 2974
1341 3586
1342 3556
1343 1358
1343 2800
1344 3822
1344 3841
1345 3674
1345 3725
1346 1945
1346 3111
1346 3476
1347 3192
1347 3282
1347 3489
1347 3927
1349 2535
1350 2551
1350 2800
1350 2838
1350 3925
1351 1555
1351 3272
1351 3633
1351 3797
1352 2140
1353 1638
1353 3760
1354 1368
1354 1433
1354 2886
1354 3205
1354 3631
1354 3960
1355 2563
1355 3044
1356 1825
1356 2187
1356 3228
1356 3337
1357 2606
1357 3798
1357 3802
1358 1676
1358 1800
1358 1926
1358 2444
1358 3278
1358 3283
1359 1466
1359 2718
1360 2291
1360 3275
1361 1679
1361 1932
1361 2605
1361 2704
1361 3489
1362 1403
1362 2315
1362 2713
1362 3887
1363 1945
1363 2245
1364 2612
1364 3524
1364 3968
1365 2472
1365 3642
1366 3347
1366 3685
1366 3977
1367 1391
1367 2878
1367 3925
1368 2995
1368 2997
1368 3575
1369 1557
1369 1788
1369 2416
1369 2553
1370 2570
1371 2505
1371 3611
1372 2674
1372 3950
1374 1566
1374 2874
1374 3092
1374 3127
1374 3365
1374 3592
1375 1515
1375 3662
1376 1904
1376 2152
1376 2457
1376 2995
1377 3790
1378 1878
1378 3432
1379 2130
1380 1528
1380 2616
1380 3773
1381 2579
1381 2602
1381 3972
1382 1588
1382 1908
1382 2583
1382 3784
1383 1588
1383 1656
1383 2234
1383 3927
1383 3962
1384 1970
1385 1791
1385 2389
1385 3332
1385 3394
1386 2927
1386 3604
1387 1462
1387 1653
1387 1901
1387 1978
1387 2728
1387 2954
1388 1775
1388 2373
1388 2468
1388 3996
1389 1601
1389 2561
1389 3626
1389 3758
1390 1752
1390 3549
1391 1714
1391 2205
1391 2550
1391 2779
1391 3093
1392 2923
1393 1434
1393 2270
1394 2225
1394 3312
1395 2380
1395 2886
1395 3918
1396 1667
1396 2197
1396 2349
1396 3425
1397 3040
1397 3279
1399 2899
1400 2022
1401 2337
1401 2586
1401 3040
1401 3122
1401 3394
1402 3204
1402 3970
1403 2493
1403 2660
1404 3223
1404 3618
1405 1436
1405 1501
1405 1798
1405 2273
1406 2120
1406 3568
1406 3571
1407 1928
1408 1427
1408 3755
1409 1687
1409 1717
1409 2475
1409 2723
1409 3093
1410 2883
1410 3050
1410 3167
1410 3716
1411 1510
1411 3180
1411 3631
1411 3974
1411 3975
1412 1464
1412 3519
1413 3201
1413 3217
1415 1554
1415 2097
1415 2644
1415 3160
1415 3922
1416 1771
1416 1948
1416 2895
1416 2899
1417 1766
1417 3795
1418 1563
1418 2219
1418 2441
1418 2544
1418 2672
1418 3173
1419 2153
1419 2741
1419 3428
1419 3994
1420 2135
1420 2432
1420 3266
1420 3667
1421 1818
1423 1448
1423 1710
1423 1758
1423 1790
1423 3804
1425 2201
1426 2502
1426 3604
1426 3715
1427 3056
1427 3481
1428 1735
1429 1578
1429 3914
1430 1777
1430 2142
1430 2478
1431 1860
1432 1443
1432 1903
1432 2141
1433 1520
1433 3410
1434 1572
1435 1555
1435 2678
1435 3547
1435 3691
1436 2101
1436 3671
1437 1503
1437 2635
1437 3142
1437 3438
1438 1476
1438 2354
1438 2741
1438 3710
1439 2314
1440 2435
1440 2634
1440 3550
1441 1571
1441 1576
1441 2159
1441 2724
1441 3136
1441 3491
1441 3509
1442 2565
1443 1801
1443 2658
1443 3263
1443 3489
1443 3719
1444 1510
1444 3177
1444 3570
1445 1776
1445 2475
1445 3818
1446 1469
1446 2047
1446 3716
1446 3726
1447 1886
1448 2274
1448 2283
1448 3283
1449 1484
1449 1851
1449 3475
1451 1510
1451 1930
1451 2327
1451 2548
1451 2698
1451 3156
1451 3634
1451 3719
1451 3838
1452 2011
1452 2422
1453 1571
1453 2188
1454 2268
1454 3608
1454 3683
1455 3457
1457 1648
1457 2110
1457 3324
1458 1635
1458 2325
1458 2745
1458 3678
1460 2170
1460 2440
1460 3316
1460 3501
1461 3769
1462 1510
1462 1655
1462 2469
1462 2717
1462 3776
1463 2340
1463 3100
1463 3404
1463 3479
1463 3597
1463 3870
1465 2321
1465 3169
1465 3893
1465 3956
1466 2514
1466 2616
1466 2880
1466 3992
1467 2361
1467 3829
1468 1763
1468 2505
1469 2442
1470 1958
1470 2210
1471 1616
1471 2079
1471 3654
1473 2272
1473 3232
1473 3976
1474 2367
1474 2536
1474 3377
1474 3572
1474 3675
1474 3934
1475 1783
1475 2049
1475 3407
1476 1957
1476 2299
1477 2380
1477 2785
1478 1704
1478 1907
1478 2168
1478 2355
1478 2511
1479 1908
1480 1506
1480 2729
1480 3152
1480 3191
1480 3324
1480 3906
1481 3996
1482 1730
1482 1760
1482 2450
1482 2676
1482 3111
1482 3330
1483 1766
1483 2405
1483 3755
1484 2237
1484 2525
1484 3543
1484 3777
1485 2813
1486 2843
1487 3203
1487 3611
1488 2168
1488 2488
1488 3523
1489 2190
1490 1533
1490 1788
1490 2171
1490 2326
1491 2376
1491 2789
1491 2952
1492 2818
1492 3132
1492 3294
1493 1708
1493 2026
1494 1701
1494 2416
1494 3392
1495 1868
1495 1914
1495 3548
1495 3617
1496 2936
1496 3098
1496 3306
1497 2750
1497 2841
1498 2514
1498 2787
1498 3761
1498 3883
1499 1994
1499 2335
1499 3781
1500 1829
1500 2864
1501 2400
1502 2528
1502 2607
1502 3067
1502 3544
1503 3528
1504 1922
1504 1983
1504 2145
1504 2512
1504 3237
1505 1723
1505 2729
1505 3727
1506 3562
1506 3604
1507 3235
1507 3299
1507 3805
1507 3949
1508 1858
1508 2732
1508 2909
1508 3045
1508 3976
1508 3990
1509 2490
1509 2809
1511 2018
1511 3833
1512 2148
1512 3344
1512 3436
1512 3720
1513 1569
1513 2342
1514 2158
1514 2824
1514 3562
1514 3667
1515 2938
1516 2172
1516 2196
1516 2483
1516 2957
1516 3656
1517 2629
1517 2695
1517 2894
1517 3161
1517 3865
1518 2944
1518 3487
1519 2014
1519 2527
1520 1658
1520 1771
1520 2878
1520 3188
1520 3436
1521 1658
1521 1684
1521 1781
1521 3294
1522 2840
1522 3063
1523 1581
1523 1732
1523 1735
1524 3936
1525 2153
1525 3796
1526 2172
1526 2175
1526 3231
1526 3330
1526 3906
1527 2903
1527 3058
1528 2284
1528 3448
1528 3593
1529 3213
1529 3944
1530 1676
1530 2134
1530 3833
1531 1980
1531 3154
1531 3531
1532 1533
1532 1959
1532 2360
1532 3183
1532 3753
1532 3905
1533 1813
1533 1939
1533 3144
1533 3246
1534 1583
1534 3856
1535 1536
1535 1831
1536 2647
1537 1556
1537 3679
1537 3981
1539 2438
1539 2788
1540 1906
1540 2547
1540 2806
1540 3002
1540 3239
1540 3316
1541 3276
1541 3299
1542 2320
1543 1675
1543 3031
1544 2296
1544 2408
1544 2542
1544 3544
1545 1751
1545 2075
1545 2469
1545 3005
1546 2863
1547 1660
1547 3054
1548 3021
1548 3194
1548 3760
1549 2977
1549 3383
1550 1603
1550 1654
1550 1872
1550 3048
1550 3050
1551 1692
1551 2225
1551 2897
1552 1618
1552 2205
1552 2411
1552 2433
1552 2547
1552 3418
1553 1642
1553 3294
1554 1607
1554 1937
1554 2540
1554 3182
1554 3450
1555 2404
1556 1766
1556 2071
1557 1751
1558 1858
1558 1887
1558 2996
1559 3819
1560 2397
1560 3032
1560 3461
1561 3690
1562 2658
1562 3098
1563 1957
1563 3275
1563 3501
1563 3561
1563 3902
1564 2998
1564 3362
1565 1730
1565 2222
1565 2691
1566 2157
1566 2941
1567 1796
1567 2626
1567 3749
1567 3823
1569 2628
1570 2160
1570 2200
1570 2594
1570 3250
1571 2623
1571 2821
1571 3143
1571 3400
1571 3942
1572 1986
1572 3170
1573 1638
1573 2722
1573 2751
1575 1654
1575 2984
1576 2617
1577 2200
1577 3337
1577 3420
1578 2007
1578 2178
1578 2951
1578 3199
1578 3240
1579 2517
1579 2558
1579 3177
1579 3466
1580 3281
1581 2262
1582 2115
1582 2154
1583 1701
1583 3348
1583 3579
1583 3646
1584 2017
1584 2399
1584 2442
1584 3358
1585 3147
1586 1741
1586 2403
1586 3097
1587 2342
1587 3964
1588 2915
1588 3978
1589 2563
1589 2775
1589 3279
1590 1591
1590 1626
1590 1631
1590 2476
1590 3801
1591 2772
1592 2607
1592 3180
1592 3200
1593 2169
1593 3398
1594 3069
1595 1882
1595 3634
1595 3969
1596 1744
1596 2586
1597 1956
1597 2069
1597 2391
1597 2825
1599 3652
1599 3963
1600 1789
1600 2167
1601 1716
1601 1774
1601 2076
1601 2160
1601 2808
1601 3558
1601 3563
1602 2206
1602 3749
1603 3763
1604 3660
1605 2149
1605 2811
1606 2131
1606 2322
1606 2660
1606 2785
1606 3674
1607 2435
1607 3913
1608 2788
1608 3661
1608 3926
1609 3030
1609 3286
1609 3970
1610 1795
1610 3114
1611 3555
1611 3630
1612 2768
1612 3721
1613 2151
1613 2706
1613 3180
1613 3814
1614 1896
1614 3399
1614 3439
1616 3622
1616 3890
1617 1921
1617 2635
1617 3668
1617 3883
1618 1682
1618 1974
1618 1990
1618 2055
1618 2248
1618 2288
1618 3023
1618 3129
1619 2912
1619 3559
1619 3973
1620 2073
1620 2347
1620 3095
1620 3259
1621 1979
1621 2975
1622 2537
1623 2368
1624 3997
1625 2209
1625 3315
1626 3632
1626 3948
1627 2211
1627 3573
1628 2423
1628 2624
1628 2714
1628 3461
1630 2704
1630 3221
1630 3698
1631 3290
1632 3601
1633 1878
1633 1991
1633 2052
1634 2135
1634 3018
1635 2432
1635 3071
1635 3482
1636 3334
1637 2106
1637 3037
1637 3228
1638 1800
1638 2371
1638 2844
1638 2891
1638 3315
1639 1992
1639 2603
1639 2858
1639 3344
1640 2602
1640 3066
1640 3225
1641 1789
1641 1934
1641 2287
1642 1767
1642 1884
1642 2293
1642 3084
1643 2595
1643 3963
1644 2236
1644 2665
1644 3809
1645 2080
1645 3571
1645 3966
1646 3105
1647 2310
1647 2653
1647 2773
1647 2898
1648 3387
1648 3560
1649 1845
1649 2219
1649 2668
1649 3268
1650 1651
1650 3397
1650 3889
1651 2786
1651 3001
1651 3692
1651 3761
1652 2015
1653 1746
1653 2203
1653 2931
1653 3044
1654 3362
1654 3967
1655 1897
1655 2141
1655 3670
1656 2725
1656 3823
1657 2441
1657 2513
1657 2994
1657 3261
1657 3614
1658 1771
1658 1826
1658 1914
1658 2124
1658 3439
1658 3504
1659 2991
1660 1857
1660 3314
1661 1682
1661 2680
1661 3929
1662 1937
1663 3714
1664 1884
1664 2015
1664 2571
1664 3539
1665 1766
1665 3568
1667 2079
1667 2358
1667 3297
1668 1765
1669 2204
1671 2596
1671 3734
1672 1725
1672 2022
1672 3269
1672 3737
1673 3698
1674 2005
1674 3615
1675 2627
1675 3593
1676 1919
1676 2014
1676 3193
1677 3526
1677 3756
1678 2106
1679 1907
1679 2319
1680 2526
1680 3481
1681 2775
1681 3170
1682 3181
1682 3437
1683 3386
1684 2323
1684 3051
1684 3961
1685 2366
1685 2946
1685 3984
1686 1988
1686 3479
1687 1819
1687 1951
1687 2489
1687 2628
1687 3913
1688 3454
1688 3793
1689 2060
1689 3176
1689 3215
1690 3373
1691 2100
1691 2645
1691 3778
1692 1948
1693 1890
1693 2242
1693 2469
1693 3411
1694 2806
1694 3140
1695 2349
1695 2869
1695 3675
1696 3938
1697 2016
1697 2591
1697 2866
1697 3962
1698 3076
1699 3208
1700 1805
1700 3148
1700 3328
1700 3379
1701 2026
1701 2251
1701 2414
1702 1849
1702 1921
1702 2220
1702 2319
1702 2364
1702 2378
1702 2956
1702 2957
1702 3366
1703 1897
1703 2491
1703 3423
1703 3841
1704 2264
1704 3310
1705 3306
1705 3687
1707 2071
1707 2127
1707 2431
1707 3180
1707 3800
1708 2389
1708 3303
1708 3308
1708 3409
1709 3874
1710 1873
1710 1972
1710 2340
1710 2512
1710 3599
1711 1797
1711 1907
1711 2176
1711 3561
1712 3690
1713 2761
1713 3381
1713 3776
1714 1977
1714 3491
1715 2927
1717 2786
1717 3759
1718 2726
1718 3002
1718 3738
1719 2039
1719 2204
1719 3688
1720 1984
1720 2670
1720 3168
1721 1848
1721 2512
1721 3345
1721 3957
1722 1785
1722 1909
1722 2102
1722 3293
1723 2977
1723 3106
1724 2118
1724 2637
1724 2753
1724 3377
1725 2053
1725 2332
1725 2660
1726 1769
1726 2081
1726 2494
1726 2961
1726 3093
1726 3294
1727 3235
1728 2986
1728 3319
1729 3619
1730 3294
1730 3321
1731 3247
1732 2118
1734 2948
1734 3881
1735 1918
1735 2123
1735 2267
1735 2940
1736 2971
1736 3304
1736 3830
1736 3929
1737 2863
1737 3029
1737 3655
1738 1919
1738 2113
1738 2676
1739 2442
1739 3511
1739 3672
1740 1960
1740 2797
1740 3712
1741 2126
1741 3900
1742 2637
1742 3119
1743 1746
1743 3428
1744 3263
1745 2053
1747 3238
1748 2250
1748 3048
1748 3382
1748 3675
1748 3888
1750 2667
1750 3991
1751 2112
1751 2448
1752 1810
1752 2905
1752 3518
1753 3017
1755 3246
1755 3937
1756 1827
1757 3596
1758 2658
1758 3756
1759 2155
1759 2453
1759 2528
1759 3216
1759 3718
1759 3802
1760 2584
1760 3153
1760 3409
1761 3354
1762 2491
1762 2818
1763 1957
1763 2460
1764 2891
1764 3309
1765 1934
1765 2668
1767 3126
1768 3499
1768 3769
1769 2468
1769 2652
1769 3498
1769 3755
1769 3851
1770 2503
1770 3605
1771 2138
1771 2389
1771 3733
1771 3891
1771 3905
1772 3290
1773 1885
1773 3602
1774 2401
1775 2012
1775 2420
1775 2933
1775 3138
1776 3004
1777 2332
1777 2501
1777 3306
1777 3489
1778 2920
1779 1811
1779 2118
1779 2413
1779 3414
1779 3809
1779 3876
1779 3988
1781 3650
1782 2800
1783 1914
1783 2296
1783 2391
1783 2902
1783 3953
1784 2654
1784 2672
1784 2993
1784 3148
1784 3514
1784 3730
1784 3986
1785 2265
1785 2813
1785 2987
1786 3415
1786 3755
1787 2222
1788 3250
1790 2809
1790 3030
1791 3606
1792 2550
1793 2564
1794 2713
1794 2966
1794 3853
1795 3071
1796 1862
1796 2813
1796 2909
1797 2071
1797 3184
1797 3802
1798 2732
1798 3697
1798 3709
1798 3925
1799 2811
1799 3343
1799 3734
1799 3886
1800 1948
1800 2143
1800 2841
1800 3174
1801 2880
1802 2429
1803 2039
1803 2109
1804 1821
1804 2717
1804 3276
1804 3422
1804 3802
1805 2123
1805 2513
1805 2614
1805 3653
1806 2345
1806 3766
1807 2265
1807 2365
1807 2406
1807 2674
1807 3325
1807 3950
1808 2814
1808 2974
1809 2070
1809 2196
1809 3890
1810 2178
1810 3414
1810 3607
1810 3906
1811 2429
1811 2469
1811 3487
1812 3885
1813 2419
1813 2673
1813 3011
1814 1896
1814 2513
1814 2680
1814 3534
1814 3955
1815 2800
1816 1887
1816 2165
1816 2671
1816 2771
1816 2782
1816 2871
1817 2543
1817 2622
1819 2012
1820 2244
1820 3517
1821 2336
1822 1937
1822 2166
1823 2807
1823 3485
1823 3949
1824 2074
1824 3194
1826 3245
1826 3295
1827 2309
1827 3180
1828 1890
1828 2532
1828 3700
1829 3771
1830 3954
1831 2224
1831 2345
1831 3652
1832 1929
1832 1949
1832 2344
1832 2879
1834 2292
1834 2642
1834 3539
1835 2503
1836 2278
1836 2726
1837 2692
1837 2759
1837 2793
1837 2945
1838 2142
1838 3610
1839 3280
1840 2314
1840 3159
1841 1930
1841 3198
1842 2753
1842 3112
1844 1879
1845 3408
1845 3689
1846 1862
1848 2347
1848 3932
1849 2361
1849 2741
1849 2787
1850 3149
1851 2158
1851 3481
1852 1857
1853 3782
1853 3857
1856 2224
1856 3449
1857 2998
1857 3923
1858 2136
1858 2507
1858 3060
1860 2916
1860 3409
1860 3602
1860 3772
1861 2785
1861 3227
1861 3566
1862 2444
1863 1921
1863 3538
1863 3739
1864 2128
1864 3339
1864 3827
1864 3853
1865 2252
1865 3032
1865 3337
1867 2346
1867 2412
1868 3240
1869 1977
1869 2359
1869 3057
1869 3411
1870 2006
1870 2362
1870 2811
1870 3602
1870 3779
1870 3837
1871 1933
1871 1941
1872 3698
1872 3699
1873 2035
1873 2311
1874 3162
1875 2501
1875 2610
1875 2714
1876 3994
1877 3681
1878 2288
1878 3892
1878 3938
1879 3499
1880 2343
1880 3628
1882 2227
1882 2273
1882 2981
1882 3514
1883 2539
1883 3258
1885 2277
1886 2180
1886 3542
1886 3830
1887 3216
1889 2720
1889 3200
1889 3233
1889 3255
1889 3408
1889 3527
1890 3691
1891 2666
1891 3524
1891 3804
1891 3858
1892 2061
1892 3725
1894 2068
1894 2941
1894 3327
1895 2184
1895 2600
1895 3343
1896 3151
1897 2658
1897 2941
1898 2282
1898 2893
1899 2068
1900 2330
1900 2463
1900 3880
1901 2175
1901 2605
1901 3363
1902 2051
1902 2175
1902 2210
1902 3274
1902 3380
1902 3903
1903 3154
1903 3757
1903 3930
1904 2260
1904 2403
1904 3467
1905 2437
1905 2759
1905 2874
1905 3217
1905 3569
1906 2183
1907 1930
1907 2377
1907 2728
1908 1929
1909 2614
1909 2665
1909 3029
1909 3558
1910 2403
1910 2474
1910 3566
1910 3845
1911 2086
1912 2231
1912 3186
1913 3012
1913 3163
1913 3705
1914 3351
1915 3007
1917 2157
1918 2101
1918 3256
1918 3313
1919 2794
1919 2858
1919 3023
1919 3071
1919 3607
1920 2296
1920 2377
1920 3171
1921 2331
1921 2921
1921 3935
1922 3280
1922 3562
1922 3840
1923 2482
1923 3568
1923 3768
1924 2814
1924 3369
1925 2014
1925 3722
1926 3750
1927 1996
1927 3602
1928 1932
1929 2932
1930 3871
1931 2208
1931 2521
1931 3274
1931 3715
1932 2292
1932 3755
1932 3987
1933 2492
1935 2673
1935 3211
1935 3506
1936 2229
1936 2369
1936 3246
1936 3603
1937 3841
1938 2401
1938 3340
1938 3959
1939 2802
1939 3093
1940 1971
1940 2788
1940 3052
1940 3092
1940 3163
1941 1983
1942 2603
1942 2617
1943 3557
1943 3824
1944 2094
1945 3564
1946 2234
1946 3048
1946 3089
1947 2718
1948 3377
1949 2436
1949 2608
1949 3435
1949 3653
1949 3805
1950 2064
1950 2822
1950 3337
1950 3434
1950 3612
1951 2500
1951 3720
1952 3516
1952 3876
1953 3075
1954 2999
1955 2127
1955 2611
1955 3417
1957 2554
1958 3175
1958 3237
1958 3442
1958 3872
1959 2174
1959 3020
1959 3193
1961 2396
1961 2548
1962 2452
1962 2694
1962 3588
1962 3871
1963 2473
1963 3063
1964 2591
1964 2785
1964 3052
1964 3245
1965 3270
1965 3987
1966 2439
1966 2823
1966 3324
1967 2332
1967 2724
1968 3337
1969 3234
1969 3583
1970 3344
1971 2092
1971 2805
1972 2126
1972 2682
1973 2641
1973 3395
1974 2191
1974 2438
1974 3884
1975 2282
1977 2022
1977 2089
1977 2173
1977 3159
1978 3947
1979 2001
1979 2867
1981 2492
1981 2987
1981 3530
1982 2164
1982 2891
1982 2927
1982 3520
1982 3996
1983 3856
1984 3114
1985 2080
1985 2117
1985 2599
1986 2232
1986 3457
1986 3798
1987 2963
1987 3937
1988 2196
1988 2750
1988 3535
1988 3871
1989 3944
1990 2990
1990 3808
1991 2914
1991 3811
1992 2021
1992 2648
1994 2317
1994 2528
1994 2753
1995 2261
1995 3104
1995 3461
1996 2276
1996 2520
1996 2705
1996 2833
1996 2878
1998 3398
1999 2273
1999 2578
2000 2051
2000 2156
2000 2374
2001 3466
2001 3756
2003 2113
2003 3127
2003 3152
2003 3896
2004 2117
2004 2822
2004 3023
2006 3162
2007 2985
2007 3061
2007 3360
2007 3939
2008 2207
2009 3356
2009 3889
2011 3020
2011 3367
2012 3116
2012 3214
2013 3340
2013 3614
2013 3819
2014 2089
2014 2882
2014 3514
2016 3079
2017 2029
2017 2416
2019 3273
2020 2155
2021 2824
2022 2427
2023 2869
2024 2746
2024 2870
2024 3772
2025 2298
2025 2322
2025 3447
2026 2418
2027 2133
2027 3578
2027 3587
2027 3722
2027 3755
2027 3771
2027 3808
2028 3328
2030 2140
2030 2725
2031 3150
2034 2892
2034 3635
2034 3739
2035 2775
2036 2553
2036 3468
2036 3564
2036 3576
2037 2122
2037 3062
2037 3102
2038 2869
2039 2182
2039 2213
2039 3430
2039 3720
2039 3917
2040 3103
2041 2399
2041 3783
2042 2227
2042 3847
2042 3864
2042 3865
2043 3358
2044 2294
2044 2696
2045 2098
2045 2619
2046 2305
2046 2467
2046 2585
2047 2586
2048 2648
2048 2995
2049 3643
2050 2275
2051 2609
2051 3108
2052 2777
2053 2268
2053 3169
2055 2715
2056 3907
2056 3966
2058 2321
2058 3574
2059 2248
2059 2400
2059 3512
2060 3037
2061 2516
2062 2522
2062 2952
2062 3259
2062 3573
2062 3774
2063 3571
2064 2105
2064 2271
2064 3247
2066 2688
2066 3995
2067 3707
2067 3778
2068 2642
2068 3595
2069 2407
2069 3369
2070 3816
2071 3275
2071 3515
2071 3832
2073 2551
2073 3001
2073 3855
2074 2432
2074 3418
2075 2880
2075 2888
2075 3404
2075 3578
2075 3585
2076 2555
2076 2833
2076 3877
2077 3015
2078 2682
2079 2320
2079 2407
2079 2853
2080 2263
2080 2418
2080 3094
2080 3578
2081 2828
2083 3236
2084 2306
2084 3188
2084 3611
2084 3685
2085 2149
2085 2741
2085 3582
2085 3681
2086 2690
2086 2950
2086 3235
2086 3689
2086 3808
2088 3014
2088 3584
2089 3295
2090 2116
2090 3715
2091 3006
2092 2348
2092 3950
2094 2602
2094 3747
2095 2122
2095 2446
2097 2499
2097 3715
2098 2194
2098 2269
2099 2212
2100 2214
2100 2464
2100 3052
2100 3865
2101 3178
2103 3188
2103 3807
2104 2209
2104 2824
2104 2977
2104 3836
2105 2835
2105 3106
2105 3529
2106 3215
2107 2466
2107 3813
2108 2241
2108 3677
2109 2786
2109 3894
2110 3667
2110 3744
2111 2323
2111 2700
2111 3048
2112 2283
2112 2642
2112 3267
2112 3440
2112 3441
2113 2434
2114 2441
2115 2182
2115 3175
2116 3753
2117 2263
2117 2579
2117 3863
2118 3636
2119 3703
2120 3958
2121 2760
2121 3199
2122 3081
2124 3387
2125 2509
2125 2525
2125 2778
2126 3002
2126 3490
2127 2188
2127 3436
2128 3573
2129 2520
2129 3555
2130 2455
2130 3504
2131 3199
2131 3293
2132 3787
2132 3905
2133 2212
2134 2191
2134 2239
2134 3028
2134 3090
2134 3678
2135 2378
2135 2725
2136 2260
2136 2680
2137 2319
2137 2521
2137 3962
2138 2988
2139 3122
2139 3256
2140 3653
2141 2197
2141 3599
2141 3868
2142 2802
2142 3160
2143 2930
2143 3124
2144 3839
2145 2343
2145 2358
2145 3052
2146 2333
2146 3339
2146 3430
2146 3876
2147 2781
2147 3144
2148 3740
2149 2382
2149 2686
2150 3881
2151 3832
2152 2525
2152 2850
2153 3721
2154 3234
2154 3373
2155 2738
2155 3626
2155 3744
2156 2792
2156 3394
2156 3593
2157 3312
2158 2411
2158 2665
2159 2213
2161 2442
2163 2481
2163 3858
2164 2525
2165 2924
2166 2637
2166 3023
2166 3531
2166 3709
2168 2694
2168 3334
2169 2546
2169 3139
2169 3554
2170 2399
2170 2906
2170 2965
2170 3285
2170 3359
2171 3889
2172 3245
2172 3768
2172 3972
2173 3294
2174 3175
2174 3896
2175 2785
2175 3953
2176 2560
2176 3855
2177 3742
2178 3355
2178 3800
2178 3804
2178 3890
2181 2257
2181 2815
2183 2643
2183 2719
2183 3142
2185 2961
2185 3150
2185 3532
2186 2814
2186 3811
2186 3930
2187 3087
2187 3090
2187 3410
2188 2921
2188 3371
2188 3451
2188 3579
2188 3665
2188 3809
2189 3786
2190 3537
2190 3693
2191 3338
2191 3888
2191 3966
2192 2733
2192 2752
2192 3429
2192 3664
2193 2822
2193 3153
2193 3796
2194 3060
2195 3023
2195 3183
2197 2408
2198 2408
2199 2927
2200 3130
2201 2633
2201 2714
2203 3413
2204 3964
2205 2559
2205 2801
2206 2686
2207 3358
2207 3825
2208 3232
2208 3348
2208 3847
2209 3649
2210 2694
2210 2996
2211 3222
2212 2351
2212 3502
2213 2225
2213 2900
2213 3761
2214 2220
2214 2601
2214 2711
2218 2674
2218 3057
2218 3912
2220 2625
2220 3181
2220 3410
2220 3757
2220 3890
2221 3302
2222 2345
2223 2224
2223 3598
2224 2675
2226 2572
2227 2857
2227 2918
2228 2580
2228 2749
2228 2808
2228 3576
2230 3238
2230 3301
2231 3002
2231 3844
2232 3424
2232 3584
2232 3838
2233 3396
2234 2970
2234 3844
2235 2579
2235 2685
2235 2780
2235 3213
2235 3644
2236 2907
2236 3371
2236 3916
2237 2429
2240 3139
2240 3390
2242 2570
2244 2799
2244 2948
2244 3687
2245 2360
2246 3144
2246 3297
2247 3493
2248 2333
2248 3432
2248 3694
2248 3986
2249 2460
2250 2470
2250 3328
2250 3552
2253 3707
2253 3788
2254 2587
2254 2689
2255 2696
2255 2707
2255 2836
2255 3003
2256 2300
2256 3364
2256 3768
2257 3923
2258 3052
2259 3823
2259 3935
2260 2552
2262 2426
2262 3941
2263 3607
2264 2545
2264 3044
2265 3750
2266 3401
2266 3533
2267 2703
2267 2959
2268 3010
2269 2449
2271 3302
2271 3458
2272 2630
2272 3734
2272 3736
2273 3211
2274 3460
2274 3571
2275 2797
2275 3129
2278 2529
2278 2716
2278 3331
2278 3737
2278 3843
2279 3134
2279 3326
2279 3937
2280 3421
2281 3664
2282 2290
2282 3440
2282 3622
2283 3397
2284 2924
2284 3623
2286 2329
2286 3567
2286 3923
2287 3228
2289 2663
2289 2789
2289 2967
2289 3511
2290 2806
2292 3549
2293 2663
2294 3523
2295 2315
2295 2472
2295 2893
2296 3852
2297 3004
2297 3386
2298 2741
2299 3627
2299 3792
2299 3907
2300 3223
2300 3955
2301 2825
2303 2432
2303 2481
2303 3664
2304 2528
2305 3817
2305 3829
2306 2394
2306 2735
2307 2703
2307 2982
2307 3746
2308 2377
2308 3877
2311 2428
2311 2526
2313 2317
2313 3167
2313 3934
2314 2525
2314 2614
2314 3083
2314 3315
2315 3170
2316 2395
2316 2573
2316 3487
2316 3976
2317 3720
2318 2999
2319 2781
2321 3264
2321 3693
2322 3750
2323 3737
2325 2424
2325 3429
2325 3991
2326 2582
2326 2690
2326 3139
2326 3671
2327 2591
2327 2756
2327 3386
2329 2992
2332 2504
2333 3217
2333 3841
2334 2997
2335 2501
2335 3388
2335 3584
2336 2906
2337 2636
2337 3462
2337 3529
2339 2743
2339 3462
2339 3541
2341 2415
2341 3868
2342 3047
2343 3070
2343 3529
2345 2534
2345 3227
2346 2401
2346 2663
2346 2730
2346 3398
2346 3987
2348 2577
2349 2369
2349 3631
2350 2533
2350 3173
2350 3342
2350 3956
2351 2588
2351 2629
2351 2988
2351 3546
2351 3918
2353 3983
2355 2394
2355 2610
2356 2652
2357 3044
2358 2550
2358 3737
2360 3470
2361 2489
2361 3423
2362 2623
2365 2420
2365 2562
2365 2909
2366 2817
2366 3010
2366 3651
2366 3859
2368 3300
2368 3535
2369 2652
2369 2848
2369 3576
2369 3665
2370 2630
2370 2652
2370 2838
2370 2859
2371 2501
2371 3857
2372 3046
2374 2875
2374 3128
2375 2513
2375 3504
2375 3707
2376 2435
2376 3084
2376 3375
2377 2755
2377 3193
2378 2581
2378 2723
2378 3519
2379 2540
2381 3046
2381 3071
2381 3155
2381 3231
2381 3892
2382 3174
2382 3855
2385 2581
2385 3014
2386 2463
2386 2619
2386 3206
2386 3546
2387 3015
2387 3115
2387 3665
2387 3894
2389 3033
2390 3245
2390 3888
2391 3878
2392 3215
2392 3547
2392 3793
2393 2750
2393 2879
2394 3396
2395 3315
2396 2708
2396 2792
2396 3130
2396 3298
2397 2451
2399 2547
2399 2605
2399 3206
2399 3307
2400 2442
2400 2933
2402 2844
2402 3430
2402 3697
2403 2429
2404 3618
2405 2853
2406 2793
2407 3299
2407 3313
2407 3413
2408 2720
2408 2925
2408 3384
2408 3518
2408 3711
2409 3160
2410 3045
2410 3351
2410 3363
2410 3911
2413 2459
2416 2496
2416 2540
2417 2484
2417 2796
2417 2999
2417 3639
2418 3553
2418 3913
2419 2778
2420 3701
2420 3808
2421 2892
2421 3925
2423 3466
2423 3745
2424 3451
2425 3362
2425 3565
2426 3608
2428 2477
2428 3197
2431 2499
2431 3728
2431 3991
2432 2826
2432 3184
2433 2851
2433 3295
2434 2701
2434 2855
2434 3999
2435 2537
2435 3025
2437 3007
2439 2904
2439 3318
2439 3389
2440 2718
2440 3486
2440 3550
2441 3782
2441 3932
2442 2696
2442 3389
2443 2782
2443 2879
2443 3197
2443 3499
2444 2757
2444 2944
2444 3902
2445 2490
2447 2456
2448 2821
2449 2798
2450 2829
2450 3183
2450 3446
2451 3057
2451 3126
2451 3303
2452 2970
2452 3343
2452 3566
2452 3588
2453 2551
2454 3020
2454 3792
2456 3238
2456 3286
2458 2476
2458 2673
2458 3492
2459 2742
2459 2790
2459 2797
2459 2853
2459 3521
2460 2957
2460 3267
2460 3776
2460 3962
2461 2927
2461 3633
2462 2894
2463 3120
2464 2898
2465 3924
2467 2521
2467 3295
2468 3332
2469 3754
2470 2975
2471 3949
2472 3529
2473 2781
2475 2576
2475 2751
2475 2786
2475 3815
2475 3894
2476 2508
2476 3635
2477 3636
2478 2571
2479 2557
2479 3037
2479 3591
2483 3950
2484 3461
2485 3085
2485 3543
2486 3117
2487 2535
2487 3390
2487 3395
2487 3760
2488 3911
2489 3614
2489 3817
2489 3874
2490 2494
2490 2990
2490 3537
2490 3681
2493 2501
2493 2933
2493 3138
2493 3316
2494 3448
2496 2733
2496 3103
2498 3766
2501 3454
2502 3198
2505 3376
2505 3710
2509 2805
2510 3562
2514 3995
2515 2976
2517 3675
2518 3330
2519 3907
2519 3911
2520 2635
2520 3006
2520 3803
2520 3849
2521 3192
2522 2944
2522 3190
2522 3209
2522 3662
2523 3229
2524 2877
2524 3656
2525 3284
2525 3351
2525 3504
2526 3100
2529 2736
2530 2843
2530 3195
2531 2706
2531 2833
2531 3195
2532 3089
2532 3733
2533 3529
2533 3873
2534 3066
2534 3398
2537 3403
2538 2865
2538 3183
2538 3322
2540 2748
2540 3192
2542 2675
2543 3873
2544 3777
2545 2621
2545 2762
2546 3026
2546 3285
2546 3667
2547 3005
2547 3930
2548 2719
2548 2862
2548 3199
2548 3210
2549 3300
2549 3800
2550 2768
2550 3282
2550 3803
2550 3962
2552 2936
2553 3110
2553 3298
2554 3528
2554 3585
2555 2729
2556 2573
2556 3736
2557 2951
2557 3461
2559 3314
2561 3604
2563 3381
2565 3680
2565 3950
2567 3185
2567 3846
2568 3822
2569 3839
2570 3872
2571 2745
2571 2859
2571 2972
2571 3248
2572 2615
2572 2634
2572 3687
2572 3720
2573 2951
2574 2825
2574 3546
2575 2692
2575 3299
2576 3518
2578 2616
2578 3139
2580 3958
2582 2709
2583 2667
2583 2901
2584 3572
2585 3719
2585 3928
2586 2843
2587 3708
2587 3998
2588 3160
2589 3932
2590 3650
2593 3779
2595 2679
2595 3924
2595 3940
2596 3924
2598 2600
2598 3227
2598 3672
2600 2967
2602 2616
2603 3109
2604 2908
2604 3080
2604 3962
2606 2888
2606 2917
2607 3241
2607 3460
2608 2727
2608 2965
2608 3142
2608 3953
2609 3089
2612 2741
2612 2789
2612 3244
2613 2874
2613 3923
2614 3981
2615 3211
2615 3581
2616 2955
2617 2676
2617 3291
2617 3557
2619 3973
2620 3450
2622 3232
2622 3549
2623 3387
2624 2713
2624 3289
2624 3470
2624 3747
2626 3700
2627 2960
2627 3046
2628 2813
2628 3260
2628 3452
2629 2922
2629 3699
2629 3926
2630 3556
2632 3107
2632 3546
2634 3312
2639 3910
2640 3372
2641 3908
2642 3048
2643 3126
2643 3251
2643 3537
2643 3583
2643 3828
2644 3327
2645 3038
2645 3185
2646 3049
2648 3160
2649 2875
2649 2937
2649 3371
2650 3692
2650 3820
2652 3349
2652 3739
2652 3743
2655 2921
2655 3781
2655 3827
2657 3158
2658 2863
2659 3163
2659 3258
2659 3772
2659 3938
2661 3782
2661 3809
2662 3147
2663 3168
2663 3948
2665 3923
2666 3044
2666 3046
2666 3047
2666 3462
2667 2721
2667 3751
2668 2937
2668 3477
2669 2741
2669 3043
2669 3150
2669 3806
2673 3029
2673 3391
2673 3589
2673 3596
2673 3718
2674 3361
2674 3750
2674 3898
2675 3170
2675 3912
2677 2759
2678 2717
2678 2966
2678 3495
2678 3638
2678 3673
2679 2999
2679 3383
2679 3924
2680 3423
2680 3894
2681 2765
2681 2792
2681 3070
2681 3646
2682 3211
2682 3874
2682 3974
2683 3045
2685 3901
2686 2920
2687 3273
2687 3318
2688 3013
2688 3174
2688 3193
2689 3571
2689 3863
2691 3268
2691 3844
2693 3476
2693 3851
2694 2875
2694 3110
2694 3190
2694 3881
2695 2946
2696 3127
2696 3503
2697 3659
2697 3827
2698 3450
2699 3349
2700 3622
2701 3741
2703 2909
2704 3616
2705 3928
2707 3465
2708 3179
2709 3130
2710 2847
2710 3116
2712 3274
2713 3425
2713 3838
2714 3215
2714 3857
2715 3984
2716 3784
2717 2978
2718 2767
2718 3642
2718 3693
2719 3098
2719 3322
2719 3324
2720 3103
2721 3042
2724 2982
2725 2867
2725 3250
2727 3947
2728 2757
2728 3226
2728 3691
2729 3218
2731 2764
2731 3561
2732 3160
2733 3232
2733 3294
2733 3467
2733 3663
2734 2838
2734 3181
2735 2955
2736 3164
2737 3050
2737 3328
2739 3059
2741 3115
2745 3622
2745 3792
2745 3896
2747 2937
2747 3944
2748 3299
2748 3776
2748 3927
2750 2773
2750 3766
2751 3044
2752 2808
2752 3592
2753 3564
2754 3445
2754 3973
2755 3209
2755 3720
2756 3462
2756 3907
2757 3412
2759 3434
2760 3667
2762 3039
2764 3310
2764 3515
2765 2852
2765 3529
2765 3981
2767 3893
2769 2828
2769 3527
2769 3820
2770 3369
2770 3771
2771 3000
2771 3639
2771 3773
2774 3744
2775 2936
2775 3079
2775 3971
2776 3433
2777 3792
2778 3230
2778 3650
2779 2933
2779 3088
2779 3992
2780 3738
2780 3902
2782 3022
2782 3182
2783 3561
2784 3298
2786 3427
2786 3501
2787 3390
2787 3773
2787 3942
2789 3140
2789 3986
2791 3463
2791 3571
2793 3123
2793 3705
2795 3652
2796 3342
2798 2834
2799 3164
2799 3456
2799 3741
2800 3379
2800 3751
2801 3304
2802 3003
2802 3038
2803 2855
2803 3061
2805 3493
2805 3595
2806 2923
2806 3441
2808 3157
2808 3195
2808 3800
2809 3515
2810 3432
2810 3829
2810 3911
2811 2817
2811 3748
2812 3380
2813 3656
2815 3547
2816 3779
2816 3910
2817 3136
2819 2889
2819 3110
2823 2873
2824 3377
2828 2916
2828 3422
2831 2844
2831 3631
2833 2859
2833 3642
2834 3009
2834 3132
2834 3273
2834 3292
2835 3565
2836 3770
2837 3513
2838 2996
2838 3162
2839 3029
2839 3326
2840 3009
2840 3589
2841 2967
2842 3790
2843 3065
2844 3110
2845 3124
2846 2888
2846 3624
2848 3931
2849 3663
2850 2901
2850 3693
2850 3927
2851 3182
2853 3029
2853 3187
2853 3566
2856 3004
2857 2973
2857 3775
2861 3156
2861 3391
2861 3977
2862 3177
2863 3145
2863 3772
2864 3404
2864 3811
2866 2868
2866 3034
2866 3220
2866 3242
2867 2966
2867 3044
2867 3299
2867 3814
2868 3653
2869 3423
2869 3850
2870 2906
2870 3779
2871 2929
2872 3354
2872 3361
2874 3099
2878 3332
2879 3144
2880 3633
2880 3820
2883 3227
2883 3237
2884 3880
2885 3197
2885 3445
2885 3876
2887 3347
2888 3251
2888 3508
2889 3532
2890 3037
2890 3195
2891 3563
2892 2929
2893 3008
2894 2994
2894 3226
2895 2967
2895 3332
2895 3969
2895 3994
2897 3499
2898 3436
2898 3583
2899 3288
2901 3203
2901 3643
2902 3030
2904 3944
2905 3618
2906 3355
2908 3481
2908 3804
2909 3552
2910 3485
2911 2971
2911 3662
2913 3955
2914 3488
2914 3529
2916 3160
2919 3412
2921 3231
2926 2990
2926 3158
2931 3036
2931 3418
2932 3106
2934 3133
2934 3480
2935 3436
2935 3534
2936 3091
2937 3131
2937 3315
2937 3457
2939 3690
2940 3314
2940 3449
2940 3487
2941 3950
2942 3681
2942 3995
2944 3925
2945 3012
2945 3119
2946 3131
2946 3589
2946 3768
2948 3773
2950 3118
2950 3157
2950 3664
2951 3373
2951 3631
2952 3370
2953 3577
2953 3599
2954 3974
2958 3671
2959 3313
2959 3411
2959 3449
2960 3444
2960 3485
2960 3925
2962 3146
2962 3444
2965 3676
2965 3970
2966 3508
2966 3841
2966 3888
2967 2982
2967 3262
2967 3548
2967 3702
2968 3120
2968 3222
2971 3324
2973 3793
2974 3326
2975 3802
2976 3254
2978 3523
2978 3598
2978 3876
2979 3573
2979 3755
2979 3764
2980 3609
2981 3485
2985 3807
2986 3891
2988 3543
2989 3031
2989 3578
2989 3870
2990 3377
2990 3874
2991 3542
2992 3983
2993 3746
2995 3463
2996 3493
2997 3365
2997 3935
2997 3968
2998 3533
2998 3542
2999 3086
2999 3900
3000 3225
3000 3722
3001 3252
3001 3544
3002 3137
3004 3719
3005 3262
3006 3795
3007 3898
3009 3125
3009 3582
3009 3781
3010 3434
3010 3613
3011 3916
3012 3638
3012 3918
3014 3739
3014 3963
3015 3743
3016 3145
3016 3518
3016 3723
3018 3812
3018 3824
3019 3582
3020 3645
3021 3279
3022 3109
3022 3758
3024 3308
3024 3374
3025 3568
3026 3453
3026 3689
3027 3478
3027 3642
3027 3969
3028 3358
3028 3955
3029 3440
3031 3410
3031 3917
3032 3229
3032 3727
3032 3909
3033 3147
3035 3125
3035 3551
3039 3859
3040 3077
3040 3982
3043 3186
3043 3264
3044 3321
3044 3780
3045 3243
3048 3494
3048 3774
3055 3404
3056 3122
3058 3252
3060 3145
3062 3366
3062 3396
3063 3973
3064 3279
3066 3798
3066 3900
3068 3994
3069 3594
3070 3125
3071 3327
3071 3814
3073 3838
3075 3721
3078 3828
3080 3465
3080 3613
3080 3666
3082 3592
3082 3924
3082 3993
3085 3615
3086 3293
3086 3565
3087 3469
3091 3493
3092 3533
3094 3349
3094 3863
3096 3482
3098 3113
3099 3907
3101 3429
3101 3905
3102 3896
3104 3664
3109 3617
3111 3300
3111 3434
3112 3129
3113 3835
3114 3898
3119 3758
3119 3901
3120 3147
3121 3863
3126 3322
3127 3917
3127 3952
3129 3274
3129 3659
3132 3544
3132 3870
3133 3634
3134 3304
3134 3972
3136 3264
3139 3819
3140 3306
3140 3867
3141 3380
3143 3559
3144 3765
3149 3241
3149 3464
3150 3980
3150 3991
3152 3318
3153 3282
3153 3408
3153 3927
3155 3837
3156 3168
3156 3324
3156 3709
3157 3212
3159 3601
3159 3851
3164 3679
3166 3494
3168 3339
3168 3897
3169 3410
3170 3392
3170 3770
3171 3703
3177 3323
3178 3950
3179 3293
3179 3882
3180 3509
3180 3804
3181 3767
3182 3370
3184 3687
3186 3273
3188 3395
3190 3566
3191 3735
3194 3988
3195 3586
3195 3734
3195 3826
3196 3247
3196 3903
3199 3539
3201 3556
3202 3815
3203 3472
3203 3476
3204 3228
3206 3981
3207 3782
3208 3780
3209 3638
3209 3789
3210 3584
3211 3747
3213 3270
3214 3407
3215 3538
3216 3309
3217 3736
3218 3805
3220 3868
3220 3885
3223 3915
3224 3918
3226 3811
3227 3361
3228 3536
3231 3698
3236 3262
3236 3743
3239 3521
3240 3327
3241 3271
3241 3833
3242 3492
3245 3613
3246 3304
3246 3440
3246 3705
3247 3316
3249 3586
3249 3856
3250 3290
3250 3340
3250 3435
3250 3468
3251 3950
3258 3826
3259 3432
3260 3723
3261 3388
3261 3554
3264 3519
3266 3475
3267 3680
3268 3441
3269 3551
3270 3543
3270 3672
3271 3599
3273 3900
3277 3420
3277 3841
3280 3512
3280 3975
3281 3794
3282 3610
3282 3864
3283 3706
3284 3474
3284 3913
3285 3552
3285 3851
3286 3347
3286 3976
3287 3471
3288 3691
3289 3363
3289 3486
3290 3392
3291 3310
3293 3978
3297 3956
3299 3490
3300 3601
3304 3391
3304 3990
3305 3968
3306 3852
3308 3418
3318 3403
3318 3407
3320 3610
3321 3772
3325 3418
3326 3867
3331 3388
3331 3558
3334 3604
3334 3999
3339 3416
3339 3794
3340 3407
3341 3829
3342 3410
3342 3880
3342 3938
3344 3685
3347 3432
3347 3462
3347 3717
3348 3600
3352 3513
3353 3658
3353 3823
3354 3409
3354 3531
3354 3717
3355 3506
3355 3778
3356 3397
3356 3734
3357 3542
3358 3614
3359 3427
3362 3524
3363 3879
3364 3685
3365 3845
3369 3474
3370 3372
3370 3690
3373 3660
3374 3897
3381 3752
3381 3936
3382 3844
3383 3662
3384 3539
3385 3694
3393 3595
3393 3602
3395 3867
3396 3638
3398 3789
3403 3454
3404 3968
3407 3570
3407 3584
3408 3410
3409 3735
3411 3850
3413 3508
3413 3979
3414 3472
3414 3567
3416 3935
3417 3817
3422 3691
3422 3890
3422 3971
3425 3463
3429 3882
3433 3500
3435 3997
3437 3917
3443 3888
3445 3467
3445 3582
3446 3865
3447 3577
3447 3766
3451 3574
3451 3961
3454 3593
3454 3659
3457 3560
3465 3747
3467 3607
3468 3738
3468 3926
3471 3729
3473 3639
3473 3865
3474 3833
3475 3590
3478 3554
3481 3783
3487 3698
3489 3686
3490 3534
3492 3735
3492 3869
3493 3705
3498 3556
3503 3838
3505 3602
3506 3597
3509 3928
3510 3941
3511 3697
3511 3906
3513 3860
3518 3699
3519 3750
3519 3944
3525 3710
3528 3665
3530 3760
3532 3542
3532 3883
3532 3985
3533 3714
3534 3584
3534 3590
3535 3850
3538 3705
3541 3591
3543 3587
3547 3821
3548 3678
3549 3864
3553 3620
3577 3602
3578 3865
3580 3803
3581 3757
3583 3721
3583 3766
3584 3587
3584 3794
3589 3790
3591 3895
3592 3644
3595 3602
3595 3719
3596 3786
3604 3664
3605 3653
3608 3862
3620 3976
3620 3979
3629 3948
3631 3971
3632 3959
3633 3695
3636 3681
3637 3661
3639 3971
3642 3744
3644 3774
3645 3860
3646 3779
3653 3721
3653 3727
3655 3788
3657 3799
3667 3717
3676 3812
3678 3703
3680 3763
3685 3923
3689 3935
3692 3924
3694 3889
3696 3985
3703 3879
3705 3826
3705 3977
3706 3969
3716 3927
3716 3949
3719 3827
3722 3786
3730 3776
3731 3945
3738 3983
3742 3783
3748 3796
3749 3911
3755 3914
3759 3908
3763 3883
3765 3890
3779 3891
3789 3980
3799 3860
3799 3921
3802 3819
3804 3860
3807 3926
3823 3883
3834 3835
3835 3907
3836 3968
3851 3862
3852 3944
3852 3957
3853 3980
3856 3878
3857 3880
3870 3959
3871 3919
3872 3947
3878 3900
3880 3895
3880 3959
3884 3893
3904 3990
3906 3993
3927 3934
3977 3979
3980 3988
