0 870
0 1010
0 1563
0 1718
0 1801
0 2939
0 3058
0 3161
0 3941
1 561
1 773
1 1951
1 2651
2 508
2 837
2 992
2 2443
2 2992
2 3208
2 3537
2 3592
2 3686
4 779
4 2992
4 3341
5 465
5 522
5 858
5 3419
6 60
6 327
6 611
6 833
6 929
6 2215
6 2318
6 3378
7 568
7 1515
7 2867
7 3438
8 423
8 1085
8 2396
8 3095
9 833
9 836
9 1950
9 1960
9 2541
9 2853
10 159
10 415
10 533
10 1708
10 3147
10 3479
10 3794
11 3111
11 3186
12 2771
12 3551
13 381
13 1563
13 1789
13 3454
15 254
15 336
15 728
15 1341
15 2424
15 2912
15 3244
16 1048
16 1354
16 2771
17 1823
17 2162
17 2293
17 3368
18 810
18 958
19 1915
20 675
20 1369
20 2103
20 2887
20 3256
21 1284
21 2611
22 1309
22 1545
22 2138
22 2678
22 2884
22 3180
23 635
23 883
23 1066
23 1236
23 1433
23 2567
23 2856
23 3014
23 3542
23 3865
24 1406
24 1867
24 2116
24 2571
24 2844
24 3955
25 2010
25 2111
25 2275
25 2539
25 2658
25 2990
25 3717
25 3998
26 2391
26 2785
27 396
27 1103
27 1166
27 3065
27 3265
27 3649
28 1383
28 1810
28 3236
29 144
29 442
30 70
30 91
30 167
30 1719
30 2619
30 3920
31 300
31 409
31 440
31 517
31 1279
31 2637
32 48
32 610
32 1198
32 1524
32 1894
32 3532
32 3771
33 1131
33 1346
33 1724
34 76
34 241
34 1386
34 3226
34 3627
35 280
35 840
36 2007
36 2067
36 3323
36 3373
36 3628
37 301
37 444
37 1475
37 1766
37 2623
37 2703
37 2756
37 3005
37 3199
37 3899
38 2585
38 3863
39 1608
39 3583
40 979
40 3006
40 3575
40 3781
41 49
41 1122
41 1397
41 1732
41 2331
41 3632
41 3900
42 1231
42 1338
42 2008
42 2948
42 3212
42 3352
43 65
43 3136
44 210
44 1100
44 2043
44 2246
44 2881
44 2901
44 3222
45 808
45 2584
46 116
46 660
46 1512
46 2940
47 1437
47 1920
47 3473
48 3937
49 145
49 771
49 1078
49 1330
49 2950
49 2975
49 3429
50 115
50 472
50 1357
50 2105
51 2177
51 2553
51 2709
51 2746
52 242
52 992
52 1461
52 1961
52 2446
52 3638
53 1525
53 1713
54 587
54 3057
54 3077
54 3460
55 2230
55 2683
55 3403
56 249
56 1244
56 2048
56 2819
56 2862
57 659
57 1361
57 1436
57 1961
57 2000
57 3384
57 3557
58 725
58 1101
58 1909
58 3593
59 502
59 1292
59 1682
59 2925
59 3894
60 353
60 545
60 1357
60 2557
61 136
61 1240
61 3153
62 1339
62 2868
63 363
63 3454
64 250
64 1460
65 232
65 2707
66 261
66 302
66 2484
67 886
67 3456
67 3875
68 376
68 1617
68 2658
68 2939
68 3303
69 140
69 1078
69 1151
69 2175
70 546
70 2184
70 3303
71 2675
71 3237
72 1547
72 1744
72 3939
72 3956
73 291
73 746
73 1813
73 3191
73 3814
73 3948
74 138
74 356
74 868
74 1843
74 2223
74 2224
74 2577
74 2776
74 3121
75 1402
75 1742
75 3219
76 544
76 1934
76 2088
76 2492
76 3151
77 805
77 2508
77 2938
77 3602
77 3629
77 3941
78 773
78 1460
78 2284
78 2497
79 1074
79 2794
80 714
80 1667
80 1973
80 2894
80 3704
81 202
81 2073
81 3280
81 3510
82 3193
83 870
83 973
83 1239
83 1518
83 1577
83 2105
83 2229
83 3432
84 171
84 338
84 1007
84 3300
85 1710
85 1760
85 3871
86 596
86 1879
86 2253
86 2325
86 2338
86 2363
86 2582
86 3434
86 3976
87 121
87 1529
87 3473
87 3968
88 240
88 1179
88 1723
88 2956
89 2026
89 3011
89 3638
90 3322
90 3437
90 3693
91 648
91 792
91 1109
91 3212
91 3691
91 3942
92 1398
92 3892
93 677
93 2341
93 2918
93 3738
94 479
94 724
94 2028
95 150
95 387
95 1777
95 1899
95 3565
96 517
96 772
96 1140
96 1421
96 2720
96 3196
96 3472
96 3661
97 2182
97 2672
97 2730
97 3253
98 286
98 1738
99 764
99 1266
99 1381
99 2530
99 2620
99 3772
100 416
100 899
100 2745
100 3581
100 3739
100 3851
101 776
102 1112
102 1840
102 2507
102 2772
102 3224
102 3930
103 275
103 700
103 1265
103 2273
104 1606
104 2474
104 2687
104 3525
104 3721
104 3918
104 3961
105 614
105 771
105 1037
105 1422
105 2510
106 932
106 2121
107 2687
107 3902
108 867
108 1136
108 1309
108 2152
109 706
109 1555
110 1164
110 1219
110 1738
112 672
112 3331
113 532
113 2667
114 1869
114 2913
114 3494
114 3791
116 1237
116 2596
117 564
117 936
117 940
117 1906
118 1485
118 2166
118 2278
118 2590
118 2884
118 3277
118 3512
118 3937
119 992
119 2062
119 3611
120 2138
120 3321
120 3506
121 387
121 819
121 1313
121 1384
121 1949
122 1010
122 1560
122 3050
122 3378
122 3819
123 281
123 1551
123 1647
123 3046
123 3421
124 166
124 588
124 2031
124 2302
124 3238
125 550
125 955
125 1412
125 3049
126 1639
126 2868
127 239
127 594
127 809
127 1234
128 486
128 2329
129 1423
129 2407
129 3010
129 3339
129 3780
129 3796
130 310
130 1179
130 2254
130 2521
130 3032
130 3173
130 3779
130 3922
131 532
131 916
131 1211
131 1696
131 3534
131 3903
132 1190
132 2242
132 3539
132 3725
133 1022
133 1741
133 2436
133 3741
134 399
134 1274
134 2012
134 3441
134 3738
135 1883
135 2170
135 2940
135 3907
136 497
136 677
136 1701
136 1895
136 2753
136 3274
136 3461
137 172
137 328
137 639
137 1659
137 2180
137 3570
137 3603
138 183
138 2394
138 3078
138 3939
139 1945
139 2310
140 3237
140 3427
140 3819
140 3911
141 1363
141 1573
141 1575
141 1983
141 3740
142 830
142 870
142 1043
142 3687
142 3946
143 462
143 1113
143 1456
143 1681
143 2152
143 3887
144 2782
144 2966
146 1076
146 1270
146 2040
146 2269
146 3024
146 3785
146 3833
147 1244
147 1559
147 2567
147 2799
147 3067
147 3651
148 839
148 1025
148 1552
148 3386
148 3611
148 3634
149 1240
149 1518
149 1796
149 3311
150 853
150 2348
150 2787
150 3553
150 3620
151 750
151 1421
151 1837
151 1899
151 2552
151 3058
151 3331
152 715
152 1122
153 259
153 422
153 1705
154 625
155 905
155 3967
156 612
156 2073
156 3565
157 164
157 961
157 1083
158 3543
158 3998
159 563
159 676
159 874
159 2016
159 2682
159 3704
160 368
160 3785
161 288
161 1708
161 2287
161 3516
162 822
162 2070
162 2574
162 2606
162 3782
163 3759
164 866
164 3911
165 282
165 1045
165 1740
165 2256
165 3971
166 531
166 2456
166 3593
167 397
167 2900
168 521
168 1471
168 2508
168 3405
169 641
169 1163
169 1495
169 2579
169 2625
170 996
170 1527
170 2412
170 2853
170 3079
171 431
171 1808
171 3279
172 678
172 1469
172 2885
172 3104
172 3447
172 3882
172 3997
173 682
173 937
173 1709
173 2026
173 2730
173 2996
174 641
174 2891
174 3811
175 542
175 1602
175 2670
175 3376
176 710
176 832
176 849
176 2806
177 397
177 659
177 3799
178 2214
178 2610
179 934
179 1402
179 1452
179 1888
179 2139
179 2899
180 1649
180 2099
180 2130
180 2728
180 3104
180 3690
181 1257
181 3675
182 435
182 1909
182 2378
182 2379
182 2448
182 3806
183 601
183 713
183 1231
184 877
184 1871
184 1975
184 2800
184 3756
185 983
185 2264
185 2372
186 960
186 1419
186 1667
186 1760
186 2941
187 657
187 702
187 874
187 1241
187 1357
187 1902
187 2633
187 2735
187 3307
187 3979
188 812
188 1186
188 2975
189 1666
189 3580
190 1380
191 2204
191 2296
191 3258
191 3875
192 1995
192 2019
192 2052
192 2456
193 433
193 810
193 1723
193 3931
194 274
195 595
195 1919
195 2081
195 2942
196 2903
196 3130
197 1348
197 1900
197 3352
198 835
198 1319
198 1844
198 2379
198 3699
199 554
199 863
199 1266
199 1384
200 1104
200 1609
200 1664
200 1856
200 3865
201 2006
201 2371
201 3247
201 3966
202 345
202 451
202 1909
202 2387
203 1103
204 363
204 1244
204 3242
205 1697
205 2632
205 3206
205 3285
205 3823
206 2310
206 2823
206 3664
206 3780
206 3826
207 342
207 630
207 1841
208 670
208 888
208 3060
208 3631
209 1951
209 2983
209 3670
210 2781
211 2560
212 906
212 1206
212 1646
212 2587
212 3870
213 881
213 1128
213 1370
213 2763
214 862
214 1536
214 2005
215 585
215 891
215 938
215 1289
215 2285
215 3872
216 946
216 1173
216 1474
216 1902
216 2211
216 2328
216 3507
217 280
217 481
217 3091
218 1444
219 2063
219 2743
219 2785
220 3634
221 893
221 3649
222 1208
222 2178
222 2652
222 2787
222 3821
222 3993
223 386
223 457
223 1561
223 1773
223 3740
224 2427
224 3521
225 1203
225 1884
225 3590
225 3997
226 252
226 522
226 606
226 1643
226 3253
226 3542
226 3874
227 775
227 1284
227 2642
227 2979
228 1516
228 1707
228 2276
229 1110
229 1839
229 3824
230 2628
231 1096
231 1314
231 2340
231 3479
232 901
232 1144
232 1995
232 2306
232 2712
232 3227
233 1247
233 2036
233 3610
234 1652
234 1778
234 2944
234 3341
235 1209
235 2893
236 1262
236 1797
236 2691
236 3418
237 1017
237 1700
237 1875
237 3233
238 1787
238 1908
238 3946
239 2312
239 3797
240 515
240 960
240 1061
240 2553
240 2591
240 2896
241 2212
242 296
242 726
242 1007
242 1616
242 1924
242 1993
242 2392
243 1815
243 1960
243 1965
243 2788
243 2856
243 3183
244 1427
244 2014
244 2388
244 3361
245 1471
245 2705
245 3147
246 2383
246 2546
246 3585
247 492
247 517
247 798
247 1266
247 2060
247 3318
247 3678
247 3833
248 1100
248 2734
248 3195
248 3449
249 876
249 1879
249 2066
250 328
250 486
250 842
250 1029
250 3892
251 2348
251 2853
252 958
252 1268
252 1988
252 2860
253 1392
253 2528
253 3728
253 3999
254 2425
254 2650
254 2822
255 613
255 908
255 1564
255 1709
256 422
256 667
256 795
256 2002
257 341
257 1316
257 1914
257 1925
258 2041
258 3060
259 733
259 1067
259 1323
259 2414
259 2561
259 2721
259 2933
259 3438
260 437
260 650
260 757
260 3867
260 3876
261 394
261 1393
261 1603
261 3766
262 1217
262 1790
262 1843
262 1952
262 3124
263 669
263 3435
264 1002
264 1260
264 3232
265 1420
265 2334
265 2822
265 3241
265 3293
266 453
266 846
266 925
266 1318
266 1456
266 3108
266 3624
266 3668
267 1353
267 2265
267 2651
268 664
268 2783
268 2980
268 3200
269 3175
271 1017
271 2924
272 731
272 756
272 3922
273 3056
273 3840
274 1307
274 1554
275 367
275 2128
275 3407
275 3556
276 1006
276 1402
277 973
277 1454
277 1591
277 3733
277 3839
278 601
278 1883
278 2168
278 3349
279 511
279 3369
279 3826
280 1271
280 2696
280 3991
281 1108
281 1314
281 1716
282 957
282 1010
282 2718
282 3853
282 3855
283 985
283 1268
283 1836
283 3205
283 3529
283 3606
284 1528
284 1787
284 2335
284 2766
284 3182
285 465
285 503
285 585
285 688
285 1691
285 2832
286 321
286 813
286 879
286 2339
287 1051
287 1521
287 3775
288 532
288 618
288 1052
288 1549
288 3157
288 3771
288 3810
289 442
289 633
289 2161
289 2379
289 3014
290 493
290 2222
290 3526
291 742
291 2596
291 3403
291 3754
292 469
292 1258
292 1801
292 2426
292 3213
292 3743
292 3809
293 1064
293 1231
293 1405
293 2777
294 1914
294 3220
294 3779
295 2876
296 1269
296 3093
297 386
297 693
297 1303
297 2446
298 890
298 2230
298 2442
298 3435
299 507
299 1316
300 970
300 1977
300 3758
301 557
301 1938
301 2814
301 3224
302 308
302 1661
302 1811
302 2623
303 723
303 1325
303 1428
303 1453
303 2669
303 2670
304 591
304 2119
304 2240
304 3774
305 1423
305 2080
305 2768
307 577
307 808
307 1036
307 1480
307 2112
307 2686
307 3275
307 3588
308 2847
309 906
309 1088
309 1778
309 3938
310 864
310 1124
310 3087
311 977
311 1899
311 3163
311 3578
311 3712
312 2121
312 3503
313 1492
313 1913
313 2295
313 3904
314 393
314 889
314 2213
314 2418
314 2459
315 890
315 2689
315 3613
315 3979
316 625
316 750
316 2314
316 3319
316 3438
317 1085
318 351
318 1851
318 2019
318 3497
319 2036
319 2763
320 2168
320 3395
320 3705
322 1539
322 3413
323 1736
323 2485
323 3753
324 2622
325 2319
325 2646
326 890
326 946
326 2238
326 2347
326 2456
327 2453
327 2882
327 3947
328 794
328 1769
328 2820
328 2883
328 3828
329 951
330 386
331 785
331 2395
331 3113
331 3525
331 3528
331 3553
332 341
332 2318
332 2423
332 3566
333 360
333 2572
334 2053
334 3407
335 1612
335 2161
335 2851
336 1450
336 2986
336 3265
336 3466
337 452
337 875
337 2794
338 691
338 978
338 2429
338 3438
339 351
339 874
340 1309
340 3003
341 677
341 2312
341 2971
342 635
342 3648
342 3816
343 692
343 1340
344 370
344 1852
344 2230
344 2364
344 2649
344 3471
345 3985
346 627
346 883
346 968
346 1091
346 2357
347 557
347 911
347 1937
347 2354
347 3268
348 906
348 2454
348 2481
348 2772
348 3366
349 695
349 2018
349 2236
349 3415
349 3659
350 739
350 832
350 1072
350 1400
350 1853
350 2319
351 1252
351 1402
351 1807
351 3899
352 827
352 1738
352 3157
352 3244
353 957
353 3219
353 3361
353 3972
354 885
354 1768
354 2514
354 2767
355 516
355 2170
356 1857
357 665
357 1535
357 1978
358 1322
358 2846
358 3023
358 3623
359 600
359 1263
360 363
360 1094
361 1715
361 2570
361 3205
361 3485
361 3581
362 651
362 2659
363 863
363 1101
363 1193
363 2103
363 2746
363 3342
364 749
364 887
364 1125
364 1501
364 2476
364 2974
364 3304
365 458
365 1163
365 2115
365 2183
366 480
366 546
366 642
366 1113
366 1199
366 2098
366 2544
366 2997
366 3357
367 607
367 1495
367 1693
367 2781
368 1618
368 2972
369 867
369 1325
369 3556
369 3985
370 1590
370 1714
370 2336
370 2873
370 3646
370 3817
371 613
371 1672
371 2814
371 2969
372 2127
372 2142
373 2199
373 2750
374 1471
374 3530
375 2712
376 741
376 2156
376 2202
376 3027
376 3056
377 1680
377 2426
377 2919
377 3458
377 3723
378 391
378 667
378 716
378 2248
378 2421
378 3972
379 397
379 3641
380 1321
380 2627
381 832
381 2253
382 1212
383 751
383 2570
383 2685
384 3728
385 859
385 1793
385 1903
385 3209
385 3388
387 2328
388 434
388 1303
388 2090
389 1672
389 1852
389 2235
389 3720
390 1508
390 2106
391 2640
391 3208
392 739
392 1872
392 2574
392 2665
392 3468
393 3275
393 3497
394 509
394 872
395 1138
395 2291
396 2180
396 3204
396 3633
397 1324
397 3620
398 1253
398 2167
398 2311
398 2373
398 3297
399 496
399 1969
399 2579
400 1502
400 1700
400 2657
401 2981
402 1709
402 2795
402 3048
402 3121
402 3732
403 719
403 817
403 1542
403 1796
403 1948
403 3218
403 3722
404 2281
404 2565
404 3314
404 3492
405 1019
405 1870
405 1889
405 2829
406 1504
406 2705
406 3412
407 1053
407 3025
408 1678
408 1709
408 3106
408 3592
409 1168
409 1946
409 2171
409 3137
410 2106
410 3179
410 3335
410 3691
411 2266
411 2338
411 2521
411 3200
412 916
413 1020
413 2413
413 2891
413 2916
413 3256
414 1693
414 2597
414 2795
414 3929
415 1796
415 2146
416 738
416 1299
416 3317
417 755
417 1774
417 2260
417 3000
417 3072
417 3714
417 3778
417 3808
418 589
418 1542
418 3175
419 880
419 952
419 1944
419 2927
420 826
420 1411
420 3071
420 3996
421 1697
421 3292
422 2467
422 2775
422 3066
423 3733
424 1515
424 1922
424 1993
424 2129
424 2976
425 1142
425 1593
426 1918
426 2523
426 3897
426 3997
427 2256
427 3307
428 576
428 1302
428 1496
428 2730
428 2796
428 3780
429 2441
430 443
430 917
430 3742
431 1422
431 1603
431 2079
431 2327
431 2602
432 998
432 1720
432 1969
432 2407
432 3020
432 3144
432 3313
432 3578
433 933
433 1710
433 2423
434 2104
434 2510
435 474
435 2218
435 3110
435 3258
436 808
436 841
436 2600
436 3365
436 3678
437 1587
437 2161
438 1742
439 826
439 2910
440 1818
440 1877
440 2176
440 2541
440 2940
440 3187
440 3929
441 1240
441 2139
442 3530
443 2098
443 2586
443 2753
443 2995
443 3758
444 2943
445 1189
445 1765
445 3011
445 3096
445 3173
446 1196
446 1616
446 2548
446 2725
446 3438
447 794
447 1199
447 3133
448 1147
448 1944
448 2781
448 2803
448 3660
449 1749
449 3005
449 3512
450 1173
450 1358
450 2012
450 2816
450 3136
451 2411
451 2667
452 1548
452 2704
452 2883
452 3041
453 1435
453 2344
453 2976
453 3725
455 687
455 897
455 1132
455 2488
455 3246
455 3750
456 709
456 1658
456 1860
456 2097
456 2432
456 2679
457 1283
457 1968
458 1577
458 3289
459 1541
459 1844
459 2586
459 3124
459 3137
459 3857
461 481
461 1022
461 2996
462 1416
462 2212
463 654
463 1831
463 3149
464 2769
464 3330
464 3548
465 2006
466 2445
466 2453
466 2460
466 2932
466 3849
467 1263
467 2866
467 3949
468 988
468 2476
468 2719
469 1871
469 2469
469 2951
469 3168
469 3755
470 621
470 742
470 814
470 1737
471 1373
471 2073
471 2288
471 3040
471 3578
471 3837
472 2288
473 2214
473 3041
473 3344
474 1581
475 1842
475 2632
476 860
476 1266
476 1736
476 1875
476 3865
477 721
477 3330
478 2955
479 2117
479 3226
480 745
480 913
480 2617
480 3204
480 3955
481 658
481 1374
481 2780
482 1472
482 1986
482 2924
482 3899
483 875
483 995
483 2354
483 2602
484 1178
484 2290
484 3807
485 3196
486 911
486 2090
486 3125
486 3940
487 1057
487 1479
487 3267
488 3113
489 1089
489 2968
490 1307
490 3193
490 3615
491 2292
491 3815
492 677
492 730
492 1106
492 1876
492 1901
492 2548
492 2885
492 3588
493 2117
493 2788
494 564
494 569
494 574
494 1514
494 3066
495 1315
495 1362
495 2608
495 2818
495 3209
495 3483
495 3828
496 866
496 1021
496 1319
496 1815
496 3116
496 3990
497 1620
497 2631
497 2816
497 3469
498 2441
499 761
499 2683
499 3183
499 3300
500 741
500 2477
501 771
501 2660
502 2290
502 2364
502 2979
502 3663
503 688
503 2256
503 2688
503 3411
503 3431
504 795
504 3534
504 3863
505 1150
505 3062
505 3336
506 593
506 3336
506 3457
507 2314
507 2936
508 890
508 1508
508 1625
508 1757
508 2285
509 1781
509 2999
509 3593
509 3853
509 3965
510 2043
510 2532
511 755
511 1726
511 2739
511 3605
511 3770
511 3915
512 1341
512 1474
512 1824
512 3518
513 1060
513 3375
513 3719
514 1717
514 2889
514 3031
514 3840
515 793
515 892
515 2425
515 3494
515 3860
515 3873
516 2706
516 3106
516 3307
517 1010
517 2657
517 2871
517 3589
518 3223
519 1371
519 1587
519 3370
519 3995
520 1593
520 2059
520 2880
521 1290
521 1674
521 2377
521 3193
522 2371
523 1226
523 2774
523 3519
523 3894
524 640
524 769
524 3431
525 867
525 934
525 1454
525 2446
525 3830
525 3847
526 1350
526 1774
526 2862
527 1052
527 3674
528 740
528 1358
528 2176
528 3579
528 3797
529 2754
529 2812
530 1563
530 2006
530 2509
531 573
531 1583
531 2451
531 3075
531 3142
532 999
532 2836
533 1055
533 2514
533 2708
534 1867
535 590
535 3028
535 3096
536 1246
536 1520
536 3758
537 727
537 3288
538 1444
538 1721
538 2035
539 995
539 1011
539 1402
539 3405
539 3825
540 708
540 1051
540 1853
540 2824
540 3283
541 1476
541 1522
541 3384
542 1849
542 2106
542 2585
542 3272
542 3299
542 3680
543 865
543 1732
543 2936
543 3583
544 2296
544 2615
545 780
545 1208
545 1978
545 2310
545 3406
546 1244
546 1733
546 2834
546 3240
547 1742
547 1958
547 3367
547 3977
548 2287
549 719
549 1171
549 1594
549 2343
549 3940
549 3944
550 2095
550 3636
551 914
551 1781
551 3015
551 3881
552 729
552 1706
552 2879
552 3552
552 3625
553 873
553 1612
553 2343
554 1468
554 2312
554 3474
555 1462
555 1559
556 980
556 1882
556 2731
556 2771
557 1869
557 3683
557 3698
557 3905
558 1861
558 2530
558 2586
558 2879
558 3361
559 869
559 2345
559 3045
560 1370
560 2487
560 3459
561 1962
561 2419
561 2830
561 3375
561 3456
563 3005
563 3623
564 813
564 916
564 2555
564 2560
564 2779
564 2883
564 3560
565 1089
565 1349
565 2614
565 3595
566 1687
566 3329
567 1145
567 1854
567 3436
568 652
568 761
569 2123
569 3438
570 959
570 3828
570 3838
571 1311
571 1409
571 2323
572 1110
572 2365
572 3570
572 3743
573 1365
573 1978
573 2042
573 3702
574 1469
574 3107
574 3163
574 3616
575 2857
576 858
576 1307
577 1893
577 1954
577 3242
578 581
578 604
578 900
578 909
578 2430
579 883
579 3174
579 3281
580 949
580 1131
580 3291
580 3400
580 3818
581 1950
582 772
582 1023
582 1130
582 1566
583 920
584 2056
584 2535
584 2538
585 1076
585 2852
586 3123
586 3284
586 3671
587 1504
587 1531
587 3519
587 3661
588 3886
589 820
589 1220
589 1286
589 3228
589 3487
589 3517
590 2085
590 2247
590 2278
590 3734
591 746
592 1017
592 2334
592 3518
592 3691
592 3755
593 2346
593 3148
593 3250
594 1246
594 1284
594 1853
594 1940
594 2444
594 3270
594 3970
595 753
596 2160
596 2512
596 2699
597 2300
597 3004
597 3093
598 1059
598 1826
598 2095
598 3532
599 1171
599 1937
599 2502
600 714
600 1004
600 3576
601 1576
601 3424
602 2177
603 892
603 1236
603 3427
603 3633
604 1812
605 2243
605 2305
605 2951
605 3801
606 1590
606 1661
606 2893
606 3182
606 3808
607 1301
607 1459
608 1267
608 2681
608 3395
608 3737
608 3757
609 2521
609 3066
609 3678
609 3807
610 2839
610 3199
611 656
612 2514
612 3301
613 1886
613 2295
613 2343
613 2389
613 2975
613 2990
613 3775
614 2111
614 2826
614 3396
614 3677
614 3884
615 1228
615 1724
615 1951
615 2238
615 2287
615 2713
615 2883
615 2992
615 3261
616 1252
616 2812
616 3246
616 3285
617 789
617 1522
618 1430
618 1434
618 3520
619 2784
619 2992
620 2862
620 2996
620 3629
621 1941
621 3838
621 3889
622 3489
622 3525
623 2498
623 3057
623 3177
624 864
624 1334
624 2525
624 2858
624 3337
624 3625
626 660
627 864
627 1656
627 1663
627 2330
627 2389
627 2964
628 1360
628 1809
628 2220
628 3248
628 3263
628 3328
629 2094
630 811
630 2170
630 2216
630 2484
630 3292
630 3916
630 3968
631 662
631 1903
632 2508
633 1012
633 1255
633 1957
633 2112
633 2327
633 2452
633 3604
634 1080
634 1419
634 1682
634 2365
634 2485
634 3092
634 3209
635 1678
636 1271
636 2447
636 2448
636 2614
636 2999
636 3409
636 3552
636 3929
637 912
637 1192
637 1370
637 2614
637 3384
637 3452
637 3507
637 3704
638 1852
638 2802
638 3587
639 988
639 1694
639 3308
640 860
640 2022
641 1472
641 1593
642 669
642 1346
642 1917
643 986
643 1457
643 1527
643 2809
644 904
644 926
644 1032
645 2263
645 3794
645 3804
646 2928
647 1541
647 2380
647 3056
647 3198
649 1142
650 1615
651 1168
651 1364
651 1570
651 1828
651 1829
651 3183
652 2790
652 3850
653 2151
654 1685
654 1975
654 3215
655 991
655 1017
655 1698
655 3396
656 803
656 1865
656 2197
656 2431
656 2544
656 3070
657 1596
657 1851
657 1938
657 2056
657 2151
657 2712
657 3099
658 1107
658 2372
658 2576
658 3509
658 3805
658 3995
659 1088
659 1180
660 1426
660 2936
660 3272
661 1662
661 3869
662 1107
662 1898
662 1951
662 1983
662 2981
662 3297
663 1169
663 1308
663 2427
663 3405
663 3752
663 3976
664 3514
664 3956
665 1247
665 1516
665 1826
665 1850
665 3484
665 3952
666 1426
666 1715
666 2273
666 2481
666 3243
666 3796
666 3972
667 909
667 2019
667 2884
667 3196
668 2106
668 2912
668 3385
668 3443
669 1823
669 3223
670 804
670 2798
670 3628
671 2611
671 3098
672 1047
672 1504
673 935
673 1044
673 1110
673 3135
674 1313
674 2311
674 2477
674 3649
676 1496
676 1960
676 2866
676 2905
676 3241
676 3289
677 680
677 3343
677 3981
679 2910
679 3193
679 3860
680 1809
680 2773
680 3468
681 1320
681 1764
681 1830
681 3181
681 3535
681 3872
683 723
683 1176
684 1304
684 2608
684 3231
684 3525
685 959
685 3383
685 3741
686 1682
686 3172
686 3330
687 1316
687 3436
687 3502
688 1230
688 2204
688 2940
688 3511
689 1062
689 1622
689 3911
690 1432
690 3350
690 3754
691 945
691 1053
691 1393
691 3029
692 1698
692 2150
692 3580
693 988
693 2649
694 2130
694 2207
695 882
695 1523
695 1765
696 712
696 1089
696 2056
696 2279
697 834
697 1038
697 3681
697 3737
698 2607
698 2709
698 3873
699 1287
700 2676
700 3196
700 3727
701 2247
701 2986
701 3447
702 1098
703 1893
704 1030
704 1567
704 1929
704 3322
704 3493
705 1249
705 1354
705 2082
705 2639
705 3452
706 1951
706 2197
706 3676
706 3988
707 1846
707 2049
708 1260
708 2163
708 3641
708 3773
709 758
709 1550
709 1985
709 2837
709 3260
710 2015
710 2635
711 1436
712 1698
713 787
713 1117
713 1259
713 3327
714 934
714 1121
714 2327
714 3029
714 3234
714 3587
715 1131
716 1295
716 2400
716 3077
716 3124
716 3478
716 3869
717 1502
718 2028
718 2374
718 2537
719 1605
719 1648
719 2408
720 827
720 2462
721 810
721 1229
721 3865
722 3403
723 917
723 2186
723 2258
724 1730
724 2861
725 1200
725 2376
725 3855
726 1490
726 1983
726 2457
726 2887
726 2924
726 3171
726 3883
726 3962
727 1074
727 1115
728 1318
728 1521
728 3996
729 3349
729 3835
730 1493
730 2054
730 2244
730 3045
731 870
731 1195
731 2333
732 783
732 1548
732 2542
732 3061
732 3845
733 2618
734 1491
734 1728
734 2594
734 2748
734 3105
735 950
735 1749
735 2353
735 3099
735 3347
736 1690
737 1974
737 2610
737 3019
738 1140
738 1227
738 1529
738 2389
738 3293
739 1816
739 2816
739 3180
739 3701
740 1166
740 1326
740 1861
740 3519
741 868
741 947
741 2276
741 2956
742 1143
742 1937
743 3900
744 831
744 852
744 2230
744 3339
745 2378
745 2677
745 3904
746 2601
746 3329
746 3381
747 1668
747 3503
747 3590
748 1393
748 2896
749 946
749 1959
749 1971
749 2993
749 3133
750 808
750 1063
750 1209
750 1820
750 3494
750 3898
751 2222
751 2507
751 3033
751 3537
751 3891
752 2064
752 3376
753 2058
753 2309
753 3498
754 1239
754 2016
755 2588
756 1040
756 2286
756 2527
756 2625
756 3744
757 795
757 909
758 3326
758 3438
759 1381
759 1469
759 1955
761 2667
761 2771
762 1028
762 3175
762 3477
763 1826
763 2055
763 3008
764 774
764 1537
764 2625
765 833
765 1445
765 1606
765 3497
765 3504
765 3653
766 1485
766 2554
766 2976
766 3251
766 3501
767 989
767 1166
767 2241
769 1526
769 3816
770 3415
770 3612
771 1344
771 3295
771 3314
772 1208
772 1805
772 1929
772 3391
772 3633
773 1697
774 1124
774 2066
774 3503
775 2014
775 2054
775 2211
775 2610
776 1268
776 1837
776 1880
776 1931
776 2560
776 3054
776 3253
776 3479
776 3672
777 2148
777 3636
778 2481
778 3094
778 3824
779 1027
779 1073
779 1609
779 2702
779 2715
779 3936
780 1164
780 1977
780 3487
781 863
781 1407
781 2401
781 3320
781 3696
782 1289
782 1927
782 2192
782 3277
782 3328
783 2893
784 1337
784 2758
785 3593
785 3608
786 1328
786 1675
786 2127
786 2553
786 2767
786 3118
786 3156
786 3659
787 2670
787 3398
787 3882
788 2636
788 2824
788 2875
789 873
789 1255
789 3733
790 1211
790 1600
790 3730
791 2897
791 3146
792 2927
793 1021
793 1926
793 2080
794 1961
794 2595
795 1764
795 2530
796 2441
796 2739
797 3239
798 1691
798 1758
798 2487
798 2786
798 2989
798 3177
798 3500
798 3714
799 2570
799 2978
800 884
800 1197
800 1729
800 1756
800 3561
801 1053
801 1386
801 2503
801 2704
802 2301
802 3216
802 3308
802 3438
802 3988
803 915
803 1171
803 1617
803 1858
803 2531
804 1745
804 2406
804 2702
804 3300
805 832
805 3200
805 3526
805 3564
807 2481
807 3314
807 3434
807 3444
807 3801
809 2458
809 3920
809 3966
810 1637
811 1710
811 2353
812 2002
812 2690
812 2765
813 1524
814 1269
814 3690
815 3518
816 907
816 1961
816 2561
817 947
817 1788
817 2761
817 3772
818 1014
819 2653
819 2691
819 3988
820 3047
821 1098
821 1221
821 2160
821 2598
822 2979
823 1858
823 1973
823 2189
823 2617
823 2944
823 3887
824 2848
824 3579
824 3911
825 981
827 1152
827 2038
827 2542
827 2857
828 931
828 3540
828 3806
829 1557
829 2590
829 3647
830 2185
831 2281
831 3241
831 3496
832 1456
832 2045
832 2944
832 3550
833 1847
833 2838
834 1658
834 2411
834 2607
834 3660
835 956
835 2249
835 2465
835 2728
835 3270
836 924
836 2841
836 2990
836 3732
837 1053
837 2608
838 1032
838 3616
838 3663
839 1134
839 2515
840 2798
840 3671
841 863
841 1764
842 2199
842 2468
842 3620
843 1362
843 2098
843 2653
844 1444
844 2206
844 2971
844 3655
845 1366
845 1853
845 2878
845 3372
846 1744
846 2566
847 3344
848 2966
848 3196
849 878
849 1287
849 1964
849 3116
849 3374
849 3929
850 2917
850 3072
850 3365
851 1773
852 1431
852 2697
852 3366
852 3570
854 1314
854 1397
854 3230
855 1366
855 1468
855 3058
855 3061
855 3191
856 969
856 1546
856 1553
856 2177
858 1228
858 1246
858 2013
858 2078
858 2544
858 2898
859 1152
859 1687
859 2412
859 3950
860 2485
860 2955
861 1317
861 1694
861 3065
861 3617
862 3543
863 1178
864 3987
865 2182
865 2868
865 3647
866 1406
866 2303
866 3183
866 3322
866 3345
867 1253
867 1520
867 2287
867 2946
868 1063
868 1696
868 3431
869 2802
869 3338
869 3965
871 917
871 2500
872 1265
872 1554
872 2204
873 1001
873 1596
874 1330
874 2451
874 3953
875 1296
875 1324
875 1723
875 2005
875 3866
876 1478
876 2265
876 2610
877 1390
877 2104
878 1349
878 1936
879 2935
880 3821
881 1228
881 1269
881 2470
881 2793
882 1033
883 1028
883 1827
883 3367
884 1866
885 1534
885 1810
885 2093
885 2418
885 2645
885 3508
886 1225
886 1943
886 2479
886 3739
887 3033
887 3050
887 3682
889 2788
890 1046
890 1259
890 3594
890 3828
891 2172
891 2626
891 3159
892 1459
892 2428
892 3629
893 1214
893 1264
893 1329
893 2231
893 3048
894 2619
896 1530
897 1292
897 3497
897 3741
898 1268
898 1484
898 1649
898 2131
898 2618
898 2834
898 2849
898 3003
899 2481
899 3776
900 2281
900 2929
900 3911
901 1437
901 3437
902 2498
904 2935
904 3283
904 3793
904 3998
905 3432
906 2059
907 1164
907 1410
907 1985
907 2467
907 3705
908 1204
908 3337
908 3433
908 3746
909 3510
909 3715
910 1238
910 1552
910 1921
910 2032
910 2911
911 1269
911 1302
911 1638
911 3005
912 1444
912 3031
912 3917
913 2228
913 2839
913 3464
914 3751
915 2975
916 1584
916 1841
916 3104
917 957
917 1818
917 2569
917 2703
917 2998
918 1542
918 1955
918 2462
918 2652
919 1577
919 2258
919 2294
919 2733
920 1629
920 3510
921 2925
921 2993
921 3043
921 3178
922 1491
922 1534
922 1600
922 2154
922 2800
923 1503
923 1789
923 2442
923 2917
923 3178
923 3235
924 1860
924 2252
924 3264
925 1332
925 2602
926 1655
926 1978
926 3986
927 2900
927 3717
928 1853
928 2524
928 3755
929 1547
930 1325
930 3654
931 1679
931 1759
931 1939
931 2928
932 3419
933 1014
933 1191
933 1336
933 3551
934 2721
936 2799
936 3997
937 970
937 1297
938 2118
938 2884
938 3090
939 941
939 2365
939 3134
940 1044
940 1231
940 1299
940 1689
940 1999
940 2388
940 3265
940 3732
941 1662
941 2330
941 2337
941 2732
942 1263
942 3176
943 1440
943 2238
943 2970
943 3075
944 2724
945 1402
947 1523
947 1944
947 1988
947 2220
947 3038
948 1705
948 2068
948 2589
949 2505
950 2304
950 3351
951 1272
951 1778
951 2597
953 3495
954 1069
954 1362
954 1379
954 2465
954 3427
955 1009
955 1076
955 1548
955 3143
955 3249
955 3320
956 1494
956 2076
957 2961
957 3581
957 3655
958 1040
958 2021
958 2589
959 2114
959 2864
959 2884
960 1272
960 2538
961 3348
961 3891
962 2165
962 2987
962 3503
962 3958
963 1833
963 2742
964 2199
964 3187
965 1856
965 2780
965 3244
965 3943
966 3170
966 3177
967 1439
967 1568
967 2623
967 2721
967 3753
968 1478
968 2942
969 1953
969 3563
970 1782
970 2969
971 2397
971 2557
971 2646
971 3939
972 1945
972 1993
972 2135
973 1430
973 2893
973 3858
974 2277
976 1509
976 1802
976 2644
978 2047
978 2584
978 3372
981 1488
981 2005
982 2549
982 3257
982 3691
983 1387
983 1796
984 1561
984 2755
984 3147
985 1127
985 1686
985 3681
986 3822
988 1132
988 2502
988 3606
988 3653
988 3751
989 1466
989 2035
989 3934
990 1315
990 3549
990 3966
991 2572
992 1218
992 1378
992 2721
992 3304
993 1102
993 2816
994 998
994 1784
994 2736
994 3450
996 1927
996 3002
996 3209
997 2386
997 2912
998 2163
999 1138
999 1198
999 2366
999 3289
999 3433
1000 1847
1000 2444
1000 2464
1000 3112
1001 1132
1001 1575
1001 2520
1002 1831
1002 2178
1002 2229
1002 2369
1002 2697
1002 2751
1002 3560
1002 3910
1004 1788
1004 1969
1004 2330
1004 2628
1004 2672
1005 2292
1005 2354
1005 3143
1006 2764
1007 1152
1007 3181
1008 1213
1008 3746
1010 1060
1010 1623
1010 2315
1010 3744
1010 3896
1011 1341
1011 2395
1011 3638
1012 1245
1012 2447
1012 3189
1013 1990
1013 2483
1013 2984
1013 3372
1014 1986
1014 2037
1014 2495
1015 3185
1016 1247
1016 1482
1016 2129
1016 3029
1016 3342
1017 3333
1017 3738
1018 2361
1018 3904
1019 1978
1019 3473
1020 1338
1020 1791
1020 3380
1021 1072
1021 1352
1021 2649
1021 2756
1021 3452
1021 3943
1022 3096
1023 2362
1023 3760
1024 1250
1024 2196
1024 2424
1024 2941
1024 3050
1024 3298
1025 1276
1025 2113
1025 3621
1026 1757
1026 2193
1026 2387
1026 3820
1027 2557
1027 2612
1028 1149
1028 1422
1028 1508
1028 1800
1028 2158
1028 2549
1029 2210
1029 2463
1029 3278
1029 3723
1030 2357
1030 2802
1030 3052
1031 3635
1032 1866
1032 2604
1032 3982
1033 1375
1033 3232
1033 3547
1035 2361
1035 2687
1035 3594
1036 2370
1036 3061
1036 3702
1038 3677
1040 1445
1040 2711
1041 1475
1041 2309
1041 2467
1042 1735
1042 2772
1043 2455
1043 2731
1043 2893
1043 3517
1043 3520
1044 2137
1044 2649
1044 2926
1045 1576
1045 3426
1046 1211
1046 1723
1046 1803
1046 1974
1046 2565
1046 3532
1047 1278
1047 2450
1047 2725
1047 3588
1048 1654
1048 2207
1048 3349
1048 3574
1048 3755
1049 1263
1049 1282
1049 2325
1050 1384
1050 1844
1050 1889
1050 2027
1050 2859
1051 1296
1051 3332
1051 3435
1052 1174
1052 1977
1052 2445
1052 3390
1053 1112
1053 1262
1053 1618
1054 1168
1054 1257
1054 1266
1054 1410
1054 2460
1054 2655
1054 2913
1054 3217
1054 3460
1054 3705
1056 2264
1056 2486
1056 3090
1056 3570
1057 1086
1057 1442
1057 2011
1057 2171
1057 3055
1058 2377
1058 3406
1059 2285
1059 2722
1059 3486
1060 1629
1060 2974
1060 3600
1060 3833
1060 3883
1061 1353
1062 1829
1062 1892
1062 1916
1062 1962
1062 2022
1062 2898
1063 1605
1063 1607
1063 1752
1063 2621
1063 2626
1063 2826
1063 2980
1063 3001
1063 3128
1064 1341
1065 2273
1065 2284
1066 1391
1066 2111
1067 1284
1067 3146
1068 1334
1068 1835
1068 2436
1069 2036
1069 2089
1069 2233
1069 2589
1070 1413
1070 1472
1070 2043
1071 2993
1072 1419
1072 1744
1072 3818
1073 1288
1073 1524
1073 1840
1073 2072
1073 3303
1074 1126
1074 2422
1074 2908
1074 2941
1074 3316
1074 3726
1075 1829
1075 2998
1075 3254
1075 3647
1075 3893
1076 1646
1076 2603
1076 3541
1077 1553
1077 3348
1077 3485
1078 1113
1078 1786
1078 1945
1078 3268
1078 3270
1079 1196
1079 3450
1080 1270
1080 2062
1080 3455
1080 3667
1081 3551
1081 3666
1082 2655
1082 3025
1082 3198
1083 1387
1083 1449
1083 1660
1083 1728
1083 2048
1083 2235
1083 2638
1083 3411
1083 3701
1083 3858
1084 1385
1085 2281
1085 2729
1086 2970
1086 3323
1087 1159
1087 1271
1087 3293
1088 1472
1088 2822
1088 3254
1088 3786
1088 3868
1089 1133
1089 2910
1090 2327
1091 1789
1092 2000
1092 3043
1093 1962
1093 3309
1094 1569
1094 1734
1094 2851
1095 2631
1095 2813
1096 2814
1097 1149
1097 1991
1097 2205
1097 3279
1097 3695
1098 1698
1098 2267
1098 2951
1098 3431
1099 1859
1099 2552
1100 1954
1100 3486
1100 3622
1100 3663
1101 2531
1102 2038
1102 2585
1102 2755
1103 1125
1103 1756
1103 2366
1104 1551
1104 1818
1104 2083
1104 2411
1106 1884
1106 2159
1106 3383
1106 3681
1107 1198
1107 1410
1107 2726
1107 3562
1107 3888
1108 1223
1108 1539
1108 1851
1108 2210
1109 1973
1109 2212
1109 3125
1110 1483
1110 2446
1110 2763
1110 3356
1110 3983
1111 1252
1111 1848
1111 3774
1112 2129
1112 3442
1113 2495
1113 2779
1113 3492
1114 2814
1115 1373
1115 1853
1115 1942
1115 2205
1117 1213
1117 1660
1117 2132
1117 3384
1118 2419
1119 2136
1119 2748
1120 2870
1120 2891
1120 3291
1121 2229
1121 2729
1121 3383
1121 3527
1121 3630
1121 3687
1122 1175
1122 2970
1122 3338
1123 1569
1123 3138
1123 3408
1124 2372
1124 2961
1125 2881
1125 3995
1126 1514
1126 3036
1126 3368
1126 3472
1126 3598
1127 1711
1127 3206
1129 2482
1129 3890
1130 1907
1130 2474
1130 2624
1131 2336
1131 2945
1131 3772
1132 3335
1133 1295
1133 2892
1133 3065
1133 3222
1133 3255
1133 3465
1134 1267
1134 2880
1134 3164
1134 3666
1135 1493
1135 2016
1135 2215
1135 2583
1136 1374
1136 1872
1136 2632
1136 3322
1137 1247
1137 3249
1137 3741
1138 2227
1138 2633
1138 3600
1139 1432
1139 1720
1139 3960
1140 1168
1141 1591
1141 1648
1143 2620
1143 2915
1144 3244
1144 3632
1145 1156
1145 1617
1145 1948
1145 2694
1145 3221
1145 3631
1145 3637
1146 2795
1146 3754
1146 3864
1147 3251
1148 1580
1149 1502
1149 1645
1149 2627
1149 2688
1149 2942
1149 3350
1151 1162
1151 1275
1151 2509
1151 3416
1152 1576
1152 3231
1152 3685
1153 1662
1153 2275
1153 2779
1153 3228
1154 1193
1154 1325
1154 2337
1154 2588
1154 3124
1155 1243
1155 1702
1155 2569
1156 3031
1157 1442
1157 2841
1158 1519
1158 1532
1158 3240
1158 3516
1159 1424
1159 2935
1160 1732
1160 3491
1161 1591
1161 2029
1161 2101
1161 2901
1161 3055
1161 3322
1162 1397
1162 2087
1162 2714
1162 3085
1162 3537
1163 1413
1163 1898
1163 1928
1163 1934
1163 2133
1163 2253
1164 1510
1164 1588
1164 3106
1164 3702
1166 1682
1166 3293
1166 3846
1167 2503
1167 2851
1167 3756
1168 2175
1168 2248
1168 2995
1168 3138
1168 3505
1169 1597
1169 3093
1170 3665
1171 1221
1171 2114
1171 3867
1172 1931
1173 1266
1173 1848
1173 3656
1174 2053
1174 2722
1174 2982
1174 3644
1174 3809
1174 3990
1175 2170
1175 2212
1175 2513
1176 2987
1176 3456
1176 3856
1177 3985
1178 1308
1178 1923
1178 2110
1178 2126
1179 1369
1179 1787
1179 3288
1179 3536
1179 3868
1180 2056
1180 2451
1180 2545
1180 2570
1180 3192
1181 1607
1181 1781
1181 2464
1181 3597
1181 3652
1182 2028
1182 2608
1182 2705
1182 2711
1182 3453
1182 3642
1183 3497
1183 3966
1184 1809
1184 1957
1184 3329
1184 3924
1185 2362
1185 3306
1186 3886
1187 1285
1187 1650
1187 2305
1187 2696
1188 2705
1189 1879
1189 2252
1190 1568
1190 3419
1190 3926
1191 1769
1191 1825
1191 2835
1191 3266
1191 3801
1192 1831
1192 3848
1193 1718
1193 3682
1193 3729
1194 1422
1194 3245
1195 1468
1195 1508
1195 3751
1196 1402
1196 2295
1196 3398
1197 2480
1197 3303
1197 3839
1197 3927
1198 1841
1198 2545
1199 1511
1199 1516
1199 1601
1199 1659
1199 1827
1199 2136
1199 3566
1200 2362
1200 2600
1200 3394
1200 3521
1201 2117
1201 2280
1201 3052
1201 3850
1202 1728
1202 1947
1202 2402
1202 2507
1202 3892
1203 1852
1203 3396
1203 3821
1204 2428
1204 2895
1206 1292
1206 2452
1207 1229
1207 1421
1207 2291
1207 2612
1207 3350
1207 3595
1208 1274
1208 1355
1208 1747
1208 2333
1208 3048
1209 1783
1209 3977
1210 1213
1210 1917
1211 1570
1211 2316
1212 2149
1213 2955
1213 3952
1214 1415
1214 1455
1215 1635
1215 2219
1215 2539
1215 3439
1216 2475
1216 2671
1217 1819
1217 1901
1217 2082
1217 2424
1217 2973
1218 2678
1218 3495
1219 2582
1221 1397
1221 1858
1221 2053
1221 3316
1221 3655
1222 2156
1222 2227
1222 2667
1222 3866
1223 1605
1223 2255
1223 2644
1223 3132
1223 3205
1224 1642
1224 1796
1224 2529
1224 2669
1224 2755
1225 1758
1225 2972
1226 1682
1226 1924
1227 2526
1228 2689
1228 3217
1228 3995
1229 3286
1229 3912
1230 3020
1230 3684
1231 1694
1231 1865
1231 2854
1231 2898
1231 2951
1231 3892
1232 1307
1232 1531
1232 1930
1232 2327
1232 3433
1232 3489
1233 1451
1233 1595
1233 1929
1233 2263
1233 2711
1235 1949
1235 2551
1235 3285
1235 3585
1236 1917
1236 2688
1236 2903
1236 3056
1236 3115
1236 3875
1236 3922
1237 2428
1238 2344
1239 3467
1239 3881
1240 1551
1240 3368
1240 3447
1241 2562
1241 3857
1242 3846
1244 3652
1244 3971
1245 2287
1245 3924
1246 2379
1246 2699
1247 2561
1247 3231
1248 2304
1248 3529
1248 3582
1248 3999
1249 1945
1249 3570
1249 3925
1250 1840
1250 3455
1251 3390
1252 1542
1252 3196
1253 1429
1253 3552
1254 1337
1254 2432
1254 2866
1254 3688
1254 3865
1255 2210
1255 2372
1255 2838
1255 3281
1256 3734
1257 1318
1257 3193
1257 3296
1257 3385
1258 2801
1259 1742
1259 1817
1259 1870
1259 2227
1260 2898
1260 3868
1261 1301
1261 1796
1261 2829
1261 2857
1261 3214
1262 1389
1262 1773
1262 2172
1263 1464
1263 1799
1263 2125
1263 3816
1264 1804
1264 3754
1265 1710
1265 1800
1265 2051
1265 2598
1265 2682
1265 2997
1266 1792
1266 1797
1266 3724
1267 3500
1268 1867
1268 2371
1268 2597
1268 3146
1268 3928
1269 3112
1270 1460
1270 2639
1270 3500
1271 2312
1271 3670
1272 3051
1272 3057
1272 3442
1272 3827
1273 2636
1273 2846
1273 3463
1273 3921
1274 1819
1274 3675
1275 1358
1275 1952
1275 2830
1275 3178
1275 3584
1276 1733
1276 2142
1276 3123
1276 3243
1276 3603
1277 1485
1277 2291
1277 2594
1277 3520
1278 1503
1278 1629
1278 2143
1278 2495
1279 3296
1280 2752
1280 3109
1280 3125
1281 2234
1281 3379
1282 2581
1282 3967
1283 1930
1283 2799
1285 1644
1285 2783
1286 1353
1286 3937
1287 1827
1287 1923
1287 2091
1287 2767
1287 2809
1288 2357
1288 3543
1289 2561
1290 2226
1291 1560
1291 2465
1291 2971
1292 1489
1292 1683
1292 2400
1293 3453
1294 1643
1295 1757
1296 1901
1296 1906
1296 1939
1296 2571
1296 2770
1296 3357
1296 3634
1297 2364
1297 3757
1298 2271
1299 1623
1299 1962
1299 2971
1299 3045
1299 3663
1300 1592
1300 3614
1301 1682
1301 2641
1301 3756
1301 3992
1302 1879
1302 2224
1302 2630
1302 3050
1302 3565
1302 3605
1303 2693
1304 1464
1304 3634
1304 3978
1305 1894
1305 2843
1305 3135
1305 3259
1305 3349
1305 3392
1305 3663
1305 3816
1306 1659
1306 2983
1306 3726
1307 1907
1307 3468
1308 1748
1309 1980
1309 1981
1309 3530
1310 2014
1310 2608
1310 2664
1310 2963
1310 3195
1310 3337
1310 3964
1311 1776
1311 2504
1312 1520
1312 2506
1312 2693
1312 3564
1313 1843
1313 2944
1313 3245
1313 3991
1314 1318
1314 1340
1314 3532
1315 1503
1315 1646
1315 2483
1315 2812
1316 1635
1316 3238
1317 1471
1317 1877
1317 1945
1318 2658
1318 3012
1318 3077
1318 3372
1318 3495
1319 1337
1320 1928
1321 3309
1322 1711
1322 2532
1322 3797
1324 1409
1324 1786
1324 2171
1324 2284
1324 3590
1325 1546
1325 3309
1326 1342
1326 2083
1326 2478
1326 2950
1326 3342
1326 3742
1327 1619
1327 1722
1327 2665
1327 3393
1327 3906
1328 2676
1329 2542
1330 1711
1330 1722
1330 2004
1330 2061
1330 3981
1331 1578
1331 1583
1331 2039
1331 2424
1331 2823
1331 2958
1332 3331
1332 3503
1333 2406
1334 2031
1334 2257
1334 2544
1334 3992
1335 1338
1335 1644
1335 1845
1335 3148
1336 2607
1337 2134
1337 2866
1337 2920
1337 3342
1338 1392
1338 1581
1338 1796
1338 2605
1338 3600
1339 1425
1339 2624
1340 1519
1340 1611
1340 3385
1340 3417
1341 1889
1341 2852
1342 2349
1342 3746
1343 1703
1343 1763
1343 1807
1343 2661
1343 2898
1343 3401
1344 2671
1345 2768
1346 1833
1346 2666
1346 2704
1346 3629
1346 3681
1347 1624
1347 3756
1348 1491
1349 1402
1349 2351
1349 2399
1349 3058
1349 3077
1350 1496
1350 2761
1350 2857
1350 3672
1350 3815
1350 3920
1351 1689
1351 2153
1351 2784
1352 1514
1352 3601
1353 3094
1353 3383
1354 2604
1355 1921
1355 2315
1355 2661
1355 3821
1355 3885
1355 3990
1356 1881
1356 2079
1356 2574
1356 3588
1357 2352
1357 2902
1357 3081
1357 3659
1357 3739
1357 3842
1358 2345
1358 2724
1359 1933
1359 3212
1359 3723
1359 3915
1360 1435
1360 1945
1360 2793
1360 2941
1360 3165
1361 2013
1361 2763
1361 2917
1361 3545
1362 3124
1363 1805
1363 2094
1364 3248
1364 3386
1364 3601
1366 2080
1366 3067
1367 3519
1368 1924
1368 2121
1368 2625
1368 2851
1369 2392
1369 3024
1370 1521
1370 2403
1370 3939
1372 2936
1372 3994
1373 1741
1373 2124
1374 2586
1374 3173
1374 3904
1375 1588
1375 1694
1375 2134
1375 2197
1375 2368
1376 1954
1376 2073
1377 2414
1378 2310
1378 3610
1379 1794
1379 2073
1379 3028
1380 1410
1380 2218
1380 3465
1382 1430
1382 1991
1382 2322
1382 3464
1383 3602
1384 1523
1384 2288
1385 1799
1385 3826
1386 1705
1386 2528
1386 3202
1387 1762
1387 2891
1388 1975
1389 3907
1390 2681
1390 3482
1390 3621
1391 1698
1391 2292
1391 2734
1392 1640
1392 2714
1392 3955
1393 2558
1394 1758
1394 2262
1394 3731
1395 1891
1395 2302
1395 2672
1396 1505
1397 3014
1397 3519
1397 3732
1398 1978
1399 1435
1399 2580
1399 3760
1400 1958
1401 1489
1401 1983
1401 2511
1401 2970
1401 3240
1401 3331
1403 1612
1403 2097
1403 2682
1403 3298
1404 1753
1404 2157
1405 1636
1405 3747
1406 1461
1406 1484
1408 1818
1408 3154
1409 1933
1409 3212
1409 3475
1410 1957
1410 2928
1411 2657
1411 2842
1412 1649
1412 3314
1412 3420
1413 2799
1413 2916
1413 3643
1414 3924
1415 3228
1416 2145
1416 2565
1416 3483
1416 3880
1417 3538
1418 1485
1418 3451
1418 3650
1419 3329
1419 3993
1420 3665
1421 2119
1421 2594
1421 3099
1422 3684
1423 1493
1425 1727
1425 2118
1425 2619
1426 3892
1427 2715
1427 3905
1428 1848
1428 2047
1428 2256
1428 3783
1429 2733
1429 2756
1429 3032
1429 3080
1430 3575
1431 1584
1431 2322
1431 3088
1433 1626
1433 1853
1433 2205
1433 3296
1434 2461
1434 3325
1434 3743
1435 1565
1435 3354
1436 2090
1436 2692
1436 2769
1436 3854
1437 1958
1437 2783
1437 3860
1438 1537
1438 1709
1438 2897
1439 2447
1439 3667
1439 3821
1440 2792
1441 2092
1441 3224
1441 3412
1442 2183
1442 2240
1442 2366
1442 2643
1443 1745
1443 1827
1443 2917
1444 1779
1445 3062
1445 3825
1446 2075
1446 3133
1446 3444
1447 1514
1447 2380
1449 1926
1449 2245
1449 2618
1449 3160
1449 3244
1450 1878
1450 2190
1451 2974
1451 3552
1451 3982
1452 1769
1452 2617
1453 2182
1453 2429
1454 1837
1454 2328
1454 2564
1454 3462
1454 3915
1455 2450
1455 3142
1457 2082
1457 3641
1457 3849
1458 2192
1458 2657
1458 2744
1458 2960
1459 2826
1460 1546
1460 2175
1460 2939
1460 3464
1461 1516
1461 1575
1461 1631
1461 1762
1461 1876
1461 2029
1461 2999
1461 3018
1462 1648
1462 2142
1462 3100
1462 3138
1462 3210
1462 3344
1463 2459
1463 3614
1464 2032
1465 2490
1465 2973
1465 3220
1465 3518
1465 3665
1466 2546
1466 2848
1466 3189
1466 3343
1466 3381
1467 1911
1467 2121
1467 3050
1467 3176
1467 3866
1469 2884
1469 3566
1470 1610
1470 1816
1470 2301
1470 2586
1470 2851
1471 1581
1471 2551
1471 3539
1472 1599
1472 3146
1473 1559
1473 2090
1473 2249
1473 2601
1474 3837
1475 1770
1475 1870
1475 1957
1475 2822
1475 3639
1477 1966
1478 2994
1480 2641
1480 2732
1480 3367
1482 1526
1482 3245
1483 3240
1483 3578
1483 3878
1484 2782
1484 3373
1484 3611
1485 2419
1485 2728
1485 3512
1485 3984
1486 1544
1486 1706
1486 1882
1486 2696
1486 3268
1487 1869
1487 2527
1488 1818
1488 2127
1488 2254
1488 2778
1488 3483
1488 3585
1489 2347
1489 3410
1489 3425
1489 3900
1490 1650
1490 2589
1490 3756
1491 2254
1492 2600
1493 2577
1493 2583
1493 2969
1494 1520
1494 1524
1495 1835
1495 2344
1495 2498
1495 2529
1495 2769
1496 1702
1496 2603
1497 1607
1497 3929
1498 2241
1498 3634
1498 3951
1499 1599
1499 2777
1499 2946
1499 3980
1500 1501
1500 3226
1500 3229
1501 2705
1501 3807
1502 2347
1502 2702
1502 2778
1502 2785
1504 1599
1505 1647
1505 1940
1505 2613
1505 3918
1506 1510
1506 1976
1506 2584
1506 3234
1507 2140
1508 1769
1508 1929
1508 2120
1508 2202
1508 2299
1508 3164
1508 3391
1508 3416
1509 1664
1509 1842
1509 1964
1509 2609
1510 1605
1510 1768
1510 2160
1510 3607
1511 1688
1512 2644
1512 2857
1513 1698
1513 2188
1514 2045
1514 2421
1514 3234
1515 2105
1515 2515
1515 3530
1516 1591
1516 2019
1516 2955
1516 3093
1516 3160
1516 3469
1517 2249
1517 2983
1517 3789
1518 1659
1518 2585
1518 3988
1519 2527
1519 3625
1520 2283
1520 2405
1520 2513
1520 2561
1520 2719
1520 2722
1520 3408
1521 2490
1521 3603
1522 3310
1523 2264
1523 3925
1524 2471
1524 2563
1524 2771
1524 3663
1524 3887
1525 3123
1526 3220
1527 2681
1527 3961
1528 2621
1529 2240
1529 2826
1529 3275
1530 1612
1530 2585
1530 2743
1531 3090
1532 1902
1532 2523
1532 3318
1533 3358
1534 1741
1534 3284
1535 1768
1535 2471
1535 2770
1535 3156
1535 3526
1535 3710
1535 3810
1536 1575
1536 1992
1537 1823
1537 2416
1537 2693
1538 1801
1538 2770
1538 2876
1539 1663
1540 2116
1540 3675
1541 1999
1541 3090
1542 2508
1542 3078
1543 2086
1545 3542
1546 3690
1546 3833
1547 1599
1547 1631
1547 3097
1548 1700
1548 1891
1548 2079
1548 2350
1548 2823
1548 2947
1549 2087
1549 2459
1551 2816
1551 3413
1553 2038
1553 2408
1553 3315
1553 3876
1554 2257
1554 2599
1554 3396
1555 1657
1555 2002
1555 2292
1557 2603
1557 2641
1557 3948
1559 2381
1559 3649
1560 1894
1560 2193
1561 2430
1561 3168
1562 2372
1562 2812
1562 3270
1562 3305
1563 3134
1564 2037
1565 1975
1565 2122
1565 2432
1565 2770
1565 2986
1565 3344
1566 1762
1566 3846
1567 3708
1568 1818
1568 1873
1568 2142
1568 2297
1568 2424
1568 3139
1568 3939
1569 1884
1569 2625
1569 2898
1570 2835
1570 3295
1571 3363
1571 3932
1572 2041
1572 3761
1573 1630
1573 2566
1573 3089
1573 3656
1574 2070
1575 1826
1576 2691
1576 3451
1576 3664
1577 2247
1577 2999
1578 2700
1578 3517
1579 2562
1580 1928
1580 3065
1580 3838
1580 3951
1581 1989
1581 3392
1581 3750
1582 2380
1582 2576
1583 2528
1583 3765
1584 1606
1584 1810
1584 3217
1584 3860
1586 3331
1587 3352
1588 2087
1588 2624
1588 3090
1588 3196
1588 3731
1589 2402
1590 3967
1591 2800
1591 3122
1591 3850
1592 3150
1592 3181
1592 3347
1592 3613
1593 1642
1593 1896
1593 3014
1593 3974
1594 3122
1594 3891
1595 2110
1595 3016
1595 3251
1596 3055
1596 3177
1596 3634
1596 3668
1597 2910
1598 2980
1599 2843
1599 3243
1600 1702
1600 2451
1600 2956
1600 3310
1601 3391
1603 2740
1603 3674
1604 1895
1604 3160
1605 3426
1605 3498
1606 1759
1606 2709
1606 3828
1607 3508
1608 3439
1609 2056
1609 2135
1609 2232
1609 3497
1610 2303
1610 2470
1611 2671
1611 3573
1612 1913
1612 2791
1612 2833
1612 3474
1613 2183
1613 3702
1613 3800
1614 2532
1614 3675
1615 2120
1615 2705
1616 1677
1616 3538
1616 3633
1617 2281
1617 3456
1617 3481
1618 1988
1619 1822
1619 2601
1620 2419
1621 2305
1621 3736
1622 3684
1623 3262
1623 3514
1624 1690
1624 1879
1624 2002
1624 3478
1625 2072
1625 3544
1626 2216
1627 2017
1627 2861
1628 1832
1628 2009
1628 3427
1630 1636
1630 1755
1630 2414
1631 2060
1631 2966
1631 3191
1631 3854
1633 1967
1633 2275
1633 3085
1633 3484
1633 3982
1634 2998
1635 1704
1635 2505
1636 3524
1638 2068
1639 3754
1640 1668
1640 3894
1641 3339
1641 3440
1642 1777
1642 1812
1642 2413
1642 2721
1643 2622
1643 3468
1644 2118
1644 2570
1644 2644
1644 3435
1644 3691
1645 2467
1645 2528
1645 2691
1645 3653
1647 2129
1647 2242
1647 2317
1647 2442
1647 3559
1647 3727
1648 2605
1650 3298
1650 3716
1650 3838
1651 1895
1651 2077
1651 2128
1651 2542
1651 2673
1651 3793
1652 3278
1652 3414
1653 1996
1653 2639
1653 3095
1653 3603
1653 3724
1654 2675
1654 3158
1654 3356
1655 3379
1656 1913
1656 2462
1656 3147
1656 3429
1657 1779
1658 3932
1659 2715
1660 3153
1661 1878
1661 2123
1661 2126
1662 2723
1662 3120
1662 3232
1662 3483
1663 3850
1664 1766
1665 2439
1665 2835
1667 2269
1667 2723
1667 3650
1667 3750
1668 1766
1668 3677
1668 3780
1669 2342
1669 2790
1669 2825
1670 2898
1670 3566
1671 2413
1671 2420
1671 3462
1671 3470
1671 3867
1672 1849
1672 2195
1672 3020
1673 1891
1673 2394
1674 2671
1674 3332
1675 2977
1675 3692
1676 2276
1676 3407
1677 2143
1677 3717
1678 3032
1679 2195
1679 3451
1679 3813
1680 2055
1680 2291
1680 2522
1680 2663
1680 3395
1681 2077
1681 2237
1681 3224
1682 2015
1682 2085
1683 2410
1683 2907
1683 2998
1683 3245
1683 3910
1684 2226
1684 2951
1685 2561
1685 2744
1685 2927
1685 3133
1685 3623
1686 3204
1686 3587
1687 1796
1687 2198
1687 3761
1688 1848
1689 2417
1689 2762
1689 3765
1689 3783
1690 2647
1690 3200
1690 3245
1690 3272
1691 3360
1691 3753
1692 2726
1693 2092
1693 2221
1693 2275
1694 2022
1694 2023
1694 3362
1694 3565
1695 2473
1695 3415
1696 3194
1697 2909
1698 3222
1699 1936
1699 2726
1699 3028
1700 2602
1700 3086
1701 2266
1701 2989
1701 3467
1701 3661
1702 1921
1702 2881
1702 3616
1703 1767
1704 3660
1705 1885
1705 3878
1706 1748
1706 3709
1707 2157
1707 2295
1708 2689
1708 2983
1709 1850
1709 1983
1709 3609
1710 1878
1710 2660
1710 3245
1711 2117
1711 2350
1711 2665
1712 2886
1712 3678
1713 2043
1713 2365
1714 1846
1714 2206
1714 3303
1715 2478
1715 2509
1715 2665
1716 3441
1717 2995
1718 2198
1719 3643
1719 3833
1720 2173
1720 2991
1721 2811
1722 2417
1723 2519
1723 2568
1723 2829
1723 2917
1723 3866
1724 3316
1724 3598
1725 2935
1727 3019
1727 3217
1727 3521
1728 3119
1729 2353
1730 2330
1730 3377
1730 3914
1731 3908
1732 3263
1732 3482
1733 2116
1733 2180
1734 2493
1734 2775
1735 2127
1736 1987
1736 2660
1736 3229
1737 2151
1737 2159
1737 3994
1738 1829
1738 2444
1738 2961
1739 2385
1739 2707
1739 3861
1740 2467
1741 3845
1742 2228
1742 3519
1743 2683
1743 3343
1743 3908
1744 2301
1744 2944
1745 2070
1745 2382
1745 2598
1746 1767
1746 3298
1747 1972
1747 3583
1748 3811
1749 1911
1749 2321
1749 2347
1749 3022
1750 1819
1750 3725
1751 1998
1751 3915
1752 2081
1752 2183
1752 3923
1754 3836
1755 2263
1755 2269
1755 2515
1755 2536
1756 2395
1756 3095
1757 1948
1757 2664
1757 2856
1758 2134
1758 2641
1758 3069
1758 3178
1759 3156
1762 1922
1762 2657
1762 2681
1763 2074
1763 2309
1763 3758
1764 1874
1764 1917
1764 3139
1764 3457
1764 3598
1764 3956
1766 1988
1766 2562
1766 2956
1766 3390
1766 3552
1766 3841
1767 1796
1767 2236
1767 3453
1767 3572
1768 1944
1768 2968
1768 3982
1769 3768
1770 2148
1770 2924
1771 2330
1771 2817
1771 3049
1772 3151
1772 3572
1772 3686
1773 1825
1773 3030
1773 3430
1773 3820
1774 1931
1774 2556
1774 3035
1774 3046
1775 2127
1776 2696
1777 3755
1778 2376
1778 3433
1778 3905
1779 2738
1780 2994
1780 3358
1781 1883
1781 2012
1781 3007
1782 2635
1782 3960
1783 2435
1783 2947
1783 3564
1783 3767
1784 1887
1784 2522
1784 3858
1785 2348
1785 3788
1785 3938
1786 1982
1787 3435
1788 2028
1789 3739
1790 2057
1790 2861
1791 2818
1792 2480
1792 3272
1792 3274
1794 2258
1794 2290
1794 2722
1795 2847
1795 3263
1795 3288
1795 3693
1796 2575
1797 2367
1797 3344
1798 3612
1799 2021
1799 3273
1800 2575
1800 3432
1800 3889
1802 1846
1802 3033
1803 2054
1803 2219
1804 3433
1805 2798
1805 3040
1806 3667
1807 2112
1807 2288
1807 3783
1808 2973
1809 3767
1810 2126
1810 2359
1811 1951
1811 3222
1811 3762
1812 3896
1813 2925
1813 3081
1815 2118
1815 2345
1815 2830
1815 3330
1816 2089
1816 2258
1816 3653
1816 3969
1817 1826
1817 2320
1817 3315
1818 1885
1818 3197
1818 3555
1819 1837
1820 2491
1820 2630
1820 3778
1820 3840
1821 2389
1821 2444
1822 3973
1823 3978
1824 2156
1824 2458
1824 2795
1826 1977
1826 3151
1826 3831
1827 2429
1827 2646
1827 2988
1827 3387
1829 2601
1829 3936
1830 3488
1831 2096
1831 2439
1831 3974
1832 3504
1832 3539
1833 2924
1833 3565
1834 2618
1834 2646
1834 3670
1836 2317
1836 3552
1836 3930
1837 1864
1839 3932
1840 3413
1842 1913
1842 2461
1842 3559
1842 3740
1843 2947
1843 3514
1844 2129
1844 2231
1844 2348
1845 2328
1845 2848
1846 2385
1846 2423
1846 2663
1846 2968
1846 2997
1846 3994
1847 2698
1847 3035
1847 3348
1847 3383
1847 3839
1848 3049
1849 1976
1849 2739
1849 3188
1849 3574
1850 3402
1850 3816
1850 3966
1852 3165
1853 2141
1853 3370
1854 2823
1855 1961
1855 2910
1855 3233
1857 1912
1857 2449
1857 3223
1857 3853
1858 2351
1858 2666
1858 3132
1858 3681
1859 2880
1859 3379
1860 2806
1860 2906
1861 3979
1862 2277
1862 3509
1863 3436
1864 1994
1864 2982
1864 3826
1866 2829
1868 3755
1869 2492
1869 3121
1869 3152
1869 3384
1870 2480
1870 2928
1871 2198
1871 3011
1872 2277
1872 2828
1872 3378
1873 1972
1874 2096
1874 3272
1875 1909
1875 3446
1875 3529
1875 3909
1876 2386
1876 2596
1876 3102
1877 3427
1877 3959
1878 2515
1879 3304
1881 2389
1881 2918
1881 3104
1882 1914
1882 2198
1882 3473
1883 2410
1883 2961
1883 3691
1884 2626
1884 3446
1885 2293
1886 3267
1886 3270
1887 2572
1888 2190
1888 3093
1889 1973
1889 2159
1889 3109
1889 3324
1891 2104
1892 3204
1892 3457
1894 3206
1896 1902
1896 2224
1896 3511
1897 2267
1898 2679
1898 2799
1898 3598
1899 3444
1900 3117
1900 3860
1901 2033
1901 2488
1901 2723
1901 2854
1901 3645
1902 2189
1902 3053
1903 1983
1903 2049
1903 2236
1903 3475
1904 3758
1905 3261
1906 2162
1907 2131
1907 2217
1907 2489
1907 3938
1908 1970
1908 2153
1908 2309
1908 3146
1908 3856
1909 1959
1909 3524
1910 3773
1911 3359
1916 2541
1917 2192
1917 2782
1918 2019
1918 2091
1918 2409
1919 1964
1919 3019
1919 3451
1921 2191
1921 2942
1921 3474
1921 3581
1921 3816
1922 3197
1923 3968
1925 2804
1925 2929
1925 3425
1925 3550
1927 2510
1927 3327
1927 3901
1928 3006
1928 3594
1928 3699
1928 3920
1929 1981
1929 3494
1930 3335
1931 3279
1932 1946
1932 2599
1932 3306
1933 3833
1933 3873
1934 2296
1935 2822
1935 3276
1936 2320
1936 3030
1936 3416
1936 3574
1937 3163
1937 3510
1938 3750
1939 2178
1939 2315
1939 2720
1939 3829
1940 2141
1940 3067
1940 3665
1941 3834
1942 2117
1942 3644
1942 3720
1942 3737
1943 2918
1943 2970
1943 3260
1943 3707
1944 2925
1944 3067
1945 2042
1945 2939
1945 3684
1945 3761
1946 3392
1947 2834
1948 2006
1948 3490
1949 3512
1949 3893
1950 1998
1950 2862
1950 3187
1950 3855
1951 2932
1952 3133
1953 2158
1953 3160
1954 3569
1955 2059
1955 2426
1955 2473
1956 2457
1956 2610
1956 3043
1956 3901
1957 3441
1958 2834
1958 3213
1958 3396
1958 3459
1960 2624
1960 2847
1961 2068
1961 2550
1961 3511
1962 3833
1963 2413
1963 3319
1964 1967
1966 2022
1966 2253
1966 2602
1966 2966
1966 3824
1969 3036
1970 2253
1970 2877
1971 3884
1972 2031
1972 2916
1972 3712
1973 2368
1973 3875
1974 2941
1974 3543
1975 2616
1976 2070
1976 3423
1977 2713
1977 2748
1978 3426
1979 2192
1980 2703
1980 2712
1980 3294
1981 2359
1981 2715
1981 3492
1982 2334
1982 3242
1982 3664
1983 2089
1983 2281
1983 2555
1983 2764
1984 2097
1985 2316
1985 3175
1986 2454
1986 3670
1987 2195
1987 2341
1988 2063
1988 3766
1989 2202
1990 2102
1990 3589
1991 2818
1992 2160
1992 3024
1992 3272
1993 2831
1994 3167
1994 3296
1994 3425
1995 2963
1995 2970
1995 3765
1995 3909
1996 3792
1997 3383
1999 2031
1999 2108
1999 2116
1999 3000
1999 3552
2000 3099
2000 3329
2000 3472
2001 2994
2002 2782
2002 2965
2002 3068
2003 2072
2003 2286
2003 2519
2003 2913
2004 3040
2005 2433
2005 2822
2005 2956
2006 2054
2006 2807
2007 3278
2008 2010
2008 2285
2008 2587
2008 3317
2008 3417
2009 2732
2009 3101
2010 2266
2010 2364
2010 2446
2011 2107
2011 2375
2011 2539
2011 2638
2011 2974
2011 3987
2012 2893
2012 2981
2013 3331
2014 2954
2014 3483
2015 3678
2017 2643
2017 3677
2017 3978
2018 2216
2019 2267
2019 2503
2019 3860
2020 2195
2020 2823
2021 2549
2022 2461
2022 2577
2023 2496
2023 3275
2024 2905
2024 3825
2025 2154
2025 2216
2025 2439
2026 2754
2026 2769
2026 2955
2027 2338
2028 2304
2028 2741
2028 3261
2028 3713
2029 2234
2029 2341
2029 3302
2030 2201
2030 2329
2030 2422
2030 3240
2030 3352
2030 3441
2031 2846
2032 2069
2032 3908
2033 2196
2033 2238
2033 2603
2033 3032
2033 3533
2035 2422
2036 3722
2038 2609
2038 3090
2038 3486
2040 3293
2040 3593
2041 3295
2041 3923
2043 3966
2044 3686
2044 3866
2045 2692
2045 2867
2045 2935
2045 3285
2046 2166
2046 3155
2047 2387
2047 2440
2047 2873
2047 3238
2047 3485
2048 2297
2048 3125
2049 3453
2050 2271
2050 2421
2050 2617
2050 3821
2051 2409
2052 2923
2052 3669
2053 3851
2053 3890
2054 2487
2054 3160
2055 2808
2056 3730
2057 3512
2057 3535
2062 2350
2062 2514
2064 3418
2065 2605
2067 2299
2067 2998
2067 3067
2068 2717
2069 2374
2069 2460
2069 2989
2070 2538
2070 2542
2070 3412
2070 3667
2071 3749
2072 2401
2073 2301
2073 3273
2073 3767
2074 2430
2075 2494
2075 2680
2075 3051
2075 3105
2075 3384
2075 3691
2076 3431
2077 2599
2078 3144
2078 3286
2078 3587
2079 3758
2080 3533
2080 3766
2081 2715
2081 3543
2081 3840
2082 2698
2083 3255
2083 3682
2084 2183
2084 3365
2084 3629
2085 2139
2085 2688
2085 2738
2086 2951
2086 2960
2087 2440
2087 3418
2088 3625
2090 2430
2090 2649
2090 2932
2091 2157
2091 2724
2091 2856
2091 2964
2091 3319
2091 3621
2091 3738
2092 2827
2092 3368
2093 2386
2094 3269
2095 3309
2096 2500
2096 3262
2097 2849
2099 2260
2099 2399
2099 2848
2099 3230
2100 2386
2100 2930
2100 3142
2101 2978
2102 2654
2103 3389
2103 3745
2104 2466
2105 2670
2105 3914
2107 2620
2107 2692
2107 3247
2107 3302
2108 2473
2109 3124
2110 3682
2111 2510
2111 2819
2111 3246
2111 3584
2111 3919
2112 3538
2113 2358
2113 2703
2113 3251
2113 3697
2113 3847
2114 2157
2114 2205
2114 2798
2115 2939
2116 2727
2116 2832
2116 2903
2116 2943
2117 2644
2118 3742
2119 2704
2119 3581
2120 2142
2120 2546
2122 2348
2122 2630
2122 3087
2123 3414
2123 3861
2124 2147
2124 2628
2125 2427
2126 3277
2126 3884
2127 2273
2129 3083
2129 3675
2130 2609
2130 3455
2130 3554
2131 2460
2131 3143
2131 3791
2132 3443
2134 2342
2134 2419
2134 3289
2134 3728
2135 2240
2136 2926
2136 3190
2137 2393
2137 2747
2137 3043
2138 2554
2139 2306
2139 2917
2140 2344
2140 3612
2140 3698
2141 2293
2141 2606
2141 2740
2141 3155
2142 3404
2142 3703
2145 2356
2145 2595
2145 3280
2145 3557
2146 3882
2147 2804
2147 2882
2147 3488
2147 3619
2149 2347
2149 3450
2150 2173
2150 2467
2151 2763
2153 2267
2153 3848
2153 3995
2154 3311
2156 2177
2156 2299
2156 3896
2158 2443
2159 2234
2159 2517
2159 2532
2159 3888
2161 3028
2161 3820
2162 2267
2162 2405
2162 3876
2163 3751
2164 2782
2164 2934
2164 3275
2164 3985
2165 2343
2165 3410
2166 2582
2166 3691
2167 2886
2167 3026
2167 3456
2167 3921
2168 2622
2168 2682
2168 2769
2169 2654
2169 3133
2170 2191
2170 3522
2170 3815
2170 3951
2171 2338
2172 2512
2173 2997
2173 3215
2174 3365
2175 3576
2176 2539
2176 3719
2176 3787
2177 2429
2177 3196
2177 3567
2178 3982
2179 3887
2180 2340
2180 2365
2180 2462
2180 2481
2180 3443
2180 3645
2180 3682
2183 2596
2183 3610
2184 3385
2184 3433
2184 3907
2185 3007
2186 2688
2187 2402
2187 2803
2188 2750
2188 2986
2188 3382
2188 3865
2189 3191
2189 3867
2190 2365
2190 2900
2190 3537
2190 3630
2191 2652
2192 3238
2192 3259
2192 3375
2193 3090
2193 3236
2195 2707
2195 2927
2195 3825
2196 2569
2196 2630
2196 3532
2197 2746
2198 3294
2198 3611
2198 3697
2199 2475
2199 3375
2199 3490
2199 3803
2200 2772
2202 3772
2204 3195
2204 3459
2204 3921
2205 2642
2206 3531
2207 2558
2208 2666
2208 3034
2208 3165
2208 3603
2209 2658
2209 3137
2209 3163
2209 3310
2209 3562
2210 3149
2210 3193
2210 3584
2212 3688
2213 2775
2213 2841
2213 3807
2214 2738
2215 2451
2215 3165
2216 3623
2216 3973
2217 2759
2217 3208
2217 3491
2218 2860
2219 2889
2219 2924
2219 3666
2220 3334
2220 3381
2221 2525
2221 2929
2221 3270
2221 3479
2221 3833
2222 2269
2222 2752
2222 3181
2222 3265
2222 3497
2222 3796
2223 2719
2223 3015
2223 3569
2224 2717
2224 2995
2224 3546
2224 3868
2225 2790
2226 3180
2227 3729
2228 3605
2229 3362
2229 3393
2231 2629
2231 2660
2231 3162
2232 2660
2235 2667
2235 3313
2235 3808
2236 2251
2236 3449
2237 2351
2237 3210
2238 2955
2238 3510
2239 2632
2240 3397
2240 3565
2241 3469
2243 2313
2243 2689
2244 2262
2244 2284
2244 2348
2244 2408
2246 2784
2246 3841
2247 2252
2247 3372
2247 3933
2248 2608
2248 2615
2249 3023
2250 3191
2252 2552
2252 3421
2252 3425
2254 2386
2255 2513
2255 2647
2255 3383
2256 3811
2257 2362
2257 2584
2257 2649
2257 2872
2257 3030
2257 3989
2259 2357
2259 2870
2259 3045
2260 2497
2260 2634
2261 3220
2261 3535
2262 2781
2263 2959
2263 3178
2264 3215
2265 2738
2267 2613
2267 3478
2267 3985
2268 2963
2268 3613
2269 2591
2269 2781
2269 3360
2271 3234
2271 3903
2274 3585
2276 3496
2277 3223
2277 3888
2278 2537
2278 3112
2278 3180
2279 2371
2279 2779
2279 2902
2280 3422
2280 3832
2280 3908
2280 3943
2281 2604
2281 3913
2282 2574
2282 3167
2283 2338
2283 2927
2283 3333
2284 2527
2284 2701
2284 3308
2284 3388
2285 2672
2285 2813
2286 2649
2286 3290
2286 3401
2287 3369
2287 3525
2288 2507
2288 2798
2288 2810
2288 2886
2291 3386
2291 3724
2293 2669
2293 2981
2295 3084
2296 2617
2296 3099
2297 3801
2297 3925
2298 2777
2298 2801
2299 3775
2299 3835
2300 2897
2300 3384
2300 3803
2301 3614
2301 3737
2302 3110
2302 3974
2303 2459
2303 3595
2306 2697
2307 2843
2307 3750
2308 2759
2309 3775
2309 3817
2311 2494
2311 2988
2312 2391
2312 3886
2313 2492
2313 3024
2313 3694
2313 3724
2314 2491
2315 3411
2316 2744
2316 3332
2316 3458
2317 2786
2318 3758
2318 3781
2318 3962
2319 2948
2319 3202
2319 3356
2319 3704
2319 3783
2319 3967
2320 2645
2320 2845
2320 3071
2321 2932
2321 3992
2322 2493
2322 2860
2323 3368
2324 3775
2324 3975
2328 3316
2328 3515
2328 3713
2329 2362
2329 2522
2329 2872
2329 3432
2329 3492
2330 2583
2330 3096
2330 3275
2330 3474
2331 2728
2331 3705
2332 2703
2332 3052
2332 3299
2332 3827
2333 2693
2333 3058
2333 3530
2334 3036
2334 3911
2334 3940
2335 3037
2335 3403
2335 3683
2336 3243
2338 2494
2339 3017
2340 2727
2340 3369
2341 2513
2341 2933
2341 3083
2341 3259
2341 3927
2342 2421
2342 2958
2343 2859
2343 3193
2344 2618
2344 2716
2345 2731
2345 3210
2345 3474
2346 2429
2346 2591
2346 3160
2346 3573
2346 3835
2347 2740
2347 3002
2347 3085
2348 2679
2348 3132
2349 2516
2349 2544
2349 3658
2349 3685
2350 2381
2350 2495
2350 3201
2351 2502
2351 2597
2351 3604
2351 3878
2352 3199
2352 3326
2353 3528
2354 2825
2354 3316
2354 3672
2355 3109
2356 2601
2356 2806
2356 3350
2357 3351
2357 3840
2357 3965
2358 2497
2359 2488
2359 2575
2360 3963
2361 3177
2361 3956
2362 3426
2363 2569
2363 3091
2363 3605
2364 2576
2366 3867
2367 2834
2367 3003
2367 3062
2368 3241
2368 3289
2369 2618
2369 3112
2370 3424
2371 2463
2371 3837
2373 2976
2373 3480
2375 2603
2375 2671
2375 2923
2375 3974
2376 2753
2376 3662
2377 3538
2378 2924
2379 2426
2380 2933
2380 3678
2381 3629
2381 3834
2382 3465
2383 3919
2383 3983
2384 2786
2384 3090
2384 3849
2385 3003
2385 3005
2386 3035
2386 3487
2386 3490
2386 3575
2386 3715
2388 3260
2388 3467
2388 3919
2389 2715
2390 2507
2390 3101
2391 2550
2391 3705
2393 2442
2393 3012
2393 3425
2394 3012
2394 3210
2395 3035
2396 3681
2397 3582
2399 2594
2399 3496
2400 2868
2400 3173
2400 3561
2401 2678
2401 3528
2403 2774
2403 2784
2403 2915
2405 3286
2406 2954
2407 2442
2407 3289
2408 2520
2408 2816
2408 3219
2408 3892
2409 3027
2409 3912
2410 2576
2410 2940
2410 3459
2410 3933
2411 2710
2411 3370
2411 3569
2412 2885
2412 3697
2413 2795
2413 3950
2416 3156
2416 3310
2418 2672
2418 3201
2420 2752
2421 3231
2422 2929
2423 2492
2423 3386
2424 2804
2424 3245
2425 3282
2426 2497
2426 3626
2426 3825
2427 2662
2427 2764
2428 3634
2428 3918
2429 2461
2429 2823
2429 3279
2430 3474
2431 2679
2431 2720
2431 3167
2432 2457
2432 3241
2433 2654
2433 3974
2434 3043
2435 2934
2435 3118
2437 3913
2437 3961
2438 3342
2439 3692
2440 2454
2441 3582
2441 3906
2442 2855
2442 3629
2442 3704
2443 2629
2443 3623
2443 3713
2443 3907
2444 3854
2445 2858
2445 2922
2445 3053
2446 3025
2446 3994
2447 2585
2447 2801
2448 2538
2450 3068
2450 3436
2452 2757
2453 3532
2454 2722
2455 2909
2455 3622
2456 3206
2458 2772
2459 3289
2459 3692
2461 2903
2461 2934
2461 3379
2461 3428
2461 3593
2462 2627
2462 2683
2462 3213
2462 3371
2462 3397
2462 3902
2466 3899
2467 2502
2467 2572
2468 2970
2468 2986
2468 3693
2468 3981
2468 3983
2469 3598
2469 3663
2470 2991
2470 3161
2470 3286
2472 3211
2473 2600
2473 3591
2473 3913
2474 2489
2474 3446
2475 2913
2475 3781
2475 3812
2476 3635
2477 3257
2478 3401
2479 3419
2479 3483
2482 2851
2482 3881
2485 2596
2485 3021
2486 2879
2486 3404
2486 3512
2486 3934
2487 3532
2488 2659
2488 2941
2490 3044
2490 3536
2492 3593
2493 3332
2494 2648
2495 2576
2495 3744
2495 3789
2496 3881
2497 2812
2497 2901
2497 3183
2497 3190
2499 3836
2499 3873
2500 3017
2500 3273
2500 3606
2501 2858
2502 2614
2502 2707
2502 2723
2502 3209
2502 3615
2504 3205
2504 3786
2505 3112
2506 2903
2506 3877
2507 3227
2507 3454
2510 2909
2510 3249
2511 3484
2511 3591
2513 2707
2515 3399
2516 3104
2516 3932
2517 2849
2518 2912
2518 3884
2519 3068
2519 3568
2521 3442
2521 3597
2522 2643
2522 3491
2523 3137
2524 3252
2524 3636
2525 3166
2526 3337
2526 3508
2526 3964
2529 2720
2529 3127
2529 3735
2530 2768
2530 3782
2531 2990
2532 2859
2534 2677
2536 3074
2536 3611
2537 3033
2537 3608
2538 3189
2539 2606
2540 3272
2540 3379
2540 3445
2540 3746
2541 3793
2542 3171
2543 3273
2544 3525
2545 2969
2545 3434
2547 2603
2547 2659
2548 3891
2549 2845
2550 3179
2551 2868
2552 3082
2552 3356
2552 3512
2553 2832
2554 3009
2554 3042
2554 3738
2555 2601
2555 2696
2555 2993
2555 3852
2556 2627
2556 3194
2557 2628
2558 2747
2558 2872
2558 3687
2559 2935
2559 3888
2560 3078
2560 3175
2560 3546
2561 2915
2561 3259
2561 3667
2562 2836
2562 2907
2562 3373
2563 3338
2563 3975
2564 3481
2565 2602
2565 2830
2565 3060
2567 3581
2567 3998
2569 2669
2569 2911
2570 3071
2572 3094
2573 3446
2574 3138
2574 3551
2575 3151
2577 3266
2578 3713
2578 3828
2579 3770
2582 3066
2583 3341
2583 3998
2584 2684
2584 3154
2584 3297
2584 3331
2584 3529
2584 3579
2585 2974
2585 3518
2586 2632
2586 3294
2587 2590
2588 3693
2589 3552
2590 2794
2590 3303
2590 3544
2590 3662
2591 2722
2591 3169
2592 3887
2592 3976
2593 2840
2594 2649
2594 2842
2594 2891
2594 3000
2594 3494
2595 3384
2596 2904
2597 3430
2598 3012
2598 3164
2598 3166
2599 2612
2599 2952
2599 3541
2599 3757
2600 3135
2600 3327
2600 3889
2602 2611
2604 2625
2604 3990
2605 3952
2606 3755
2607 3312
2608 2677
2609 2833
2610 3004
2611 3062
2611 3432
2613 2932
2613 3600
2613 3757
2615 2733
2615 3252
2616 2892
2618 2831
2618 3162
2619 2923
2619 3162
2620 3163
2620 3957
2621 2879
2622 2897
2622 3404
2623 3515
2626 3488
2626 3864
2627 2633
2627 2906
2627 2918
2627 2967
2628 3058
2628 3693
2628 3860
2629 2966
2629 3870
2630 2905
2631 3678
2633 2676
2634 3970
2635 3370
2635 3490
2635 3550
2636 2859
2636 3354
2637 2953
2638 2873
2639 3805
2640 2738
2640 3349
2640 3712
2641 3261
2642 2658
2643 3603
2644 3845
2645 3117
2645 3208
2646 3217
2647 3850
2649 2746
2649 3635
2650 2903
2650 3194
2650 3837
2652 3556
2652 3610
2652 3884
2653 3435
2654 2917
2655 3276
2656 2845
2656 3094
2658 3130
2659 2939
2659 2983
2661 3167
2661 3431
2661 3596
2661 3746
2662 3517
2663 3277
2663 3805
2664 3011
2664 3202
2665 2782
2666 3726
2666 3832
2668 2985
2668 3183
2669 2878
2669 3006
2669 3392
2669 3399
2670 3351
2671 3480
2675 3660
2676 2969
2679 3531
2683 3274
2684 3214
2684 3293
2684 3965
2685 3373
2686 2941
2686 3250
2686 3617
2689 3870
2690 3169
2691 2812
2691 3324
2691 3814
2691 3855
2692 3109
2692 3208
2693 2967
2694 3972
2695 2716
2695 3605
2697 2732
2697 3412
2697 3424
2697 3601
2698 3421
2698 3593
2701 3680
2703 2978
2703 3569
2704 3164
2704 3967
2706 2877
2706 3560
2706 3649
2708 2788
2709 2723
2709 2914
2709 3439
2710 3044
2711 3077
2712 3065
2712 3574
2714 3161
2715 3525
2715 3889
2716 3533
2716 3661
2716 3813
2717 3079
2718 2878
2719 3381
2719 3906
2722 3485
2722 3832
2725 3780
2726 3134
2727 2823
2727 3489
2728 2888
2728 3630
2728 3905
2730 3269
2731 3003
2731 3096
2731 3606
2731 3720
2732 2750
2732 3621
2732 3810
2733 3445
2733 3779
2736 3363
2736 3473
2737 3777
2738 3533
2739 3478
2740 2742
2741 3181
2741 3467
2745 3930
2746 3110
2746 3501
2747 3677
2748 3650
2750 3314
2750 3508
2751 3791
2752 3150
2752 3900
2753 3226
2754 3435
2754 3904
2755 3239
2756 3570
2756 3717
2756 3765
2757 2891
2757 3769
2757 3970
2758 2789
2759 3975
2760 2933
2762 2773
2762 2863
2763 3066
2763 3102
2763 3557
2763 3858
2764 3932
2766 2852
2766 3208
2766 3948
2767 3046
2767 3918
2768 3773
2770 3810
2771 3115
2774 2823
2774 3281
2774 3839
2775 3062
2775 3829
2776 3074
2776 3690
2777 3735
2780 2890
2780 3094
2780 3441
2780 3621
2781 2861
2781 3088
2781 3104
2782 2844
2783 3309
2783 3627
2783 3906
2785 3094
2785 3522
2787 2855
2787 2945
2788 3383
2788 3789
2789 3085
2789 3795
2790 3193
2790 3545
2791 3029
2791 3437
2792 3607
2793 3244
2793 3276
2793 3817
2793 3875
2794 2850
2795 3369
2795 3823
2796 2990
2797 2822
2800 3301
2802 3133
2802 3911
2804 3780
2806 3087
2807 3410
2808 3625
2808 3681
2809 3033
2809 3804
2810 3036
2812 3095
2813 3219
2813 3941
2816 3765
2818 2832
2818 3045
2818 3901
2819 3972
2820 3620
2821 3304
2821 3732
2821 3816
2822 2826
2822 3554
2822 3930
2823 3081
2825 3559
2826 2972
2826 3086
2826 3108
2826 3761
2827 3338
2828 3509
2829 3704
2830 3147
2831 3931
2832 3152
2832 3659
2833 3251
2833 3946
2834 3031
2839 3184
2840 3491
2840 3566
2841 3015
2841 3119
2842 2975
2842 3128
2843 3031
2844 3283
2844 3525
2844 3585
2845 3291
2846 3187
2847 3944
2848 2859
2848 3416
2849 3428
2849 3817
2850 3520
2853 3622
2854 3551
2855 2928
2855 3094
2855 3472
2856 3095
2857 3744
2858 3961
2859 3067
2859 3192
2860 2944
2862 3163
2862 3647
2862 3852
2863 3635
2865 3062
2865 3997
2866 3891
2869 3120
2869 3248
2869 3340
2869 3597
2870 3438
2871 2918
2871 3654
2873 3176
2874 3900
2875 3275
2875 3589
2876 3588
2877 3913
2880 2937
2882 3020
2882 3523
2882 3766
2883 3196
2883 3298
2884 3533
2885 3820
2886 3785
2887 2932
2887 3211
2887 3244
2891 3447
2892 3096
2894 3260
2894 3587
2895 3040
2895 3340
2897 3937
2900 3103
2900 3517
2901 3323
2904 3754
2904 3953
2905 3446
2906 3071
2906 3211
2906 3313
2907 3459
2908 3736
2909 3136
2909 3487
2909 3844
2912 3231
2913 3959
2914 3901
2915 3932
2916 3816
2917 3305
2918 3953
2918 3973
2922 3911
2923 3460
2923 3701
2924 3106
2925 3492
2925 3750
2925 3756
2926 3166
2926 3278
2929 3042
2929 3152
2929 3258
2930 3933
2931 3033
2931 3911
2933 3483
2933 3536
2934 3836
2935 3117
2936 3527
2938 3605
2939 3892
2940 3028
2941 3574
2942 3828
2943 3710
2944 3158
2944 3273
2944 3888
2945 3408
2945 3649
2947 3207
2947 3304
2947 3934
2948 3705
2950 3643
2955 3077
2956 3641
2956 3916
2959 3283
2961 3760
2963 2991
2963 3589
2965 3055
2965 3531
2965 3993
2966 3167
2969 3043
2969 3102
2969 3495
2970 3542
2971 2992
2971 3857
2971 3892
2973 3594
2974 3708
2976 2990
2976 3273
2977 3931
2977 3936
2978 3587
2979 3810
2981 3820
2982 3047
2983 3682
2983 3931
2984 3194
2984 3844
2985 3856
2986 3603
2987 3500
2989 3278
2989 3550
2989 3741
2989 3804
2990 3025
2990 3969
2991 3171
2991 3790
2991 3867
2992 3972
2993 3663
2994 3290
2996 3055
2996 3351
2998 3162
3000 3447
3002 3477
3002 3543
3002 3885
3003 3326
3004 3628
3004 3640
3005 3369
3006 3521
3006 3777
3007 3726
3008 3012
3008 3071
3008 3875
3009 3279
3009 3438
3011 3819
3012 3449
3013 3348
3013 3610
3016 3164
3018 3177
3018 3469
3022 3210
3023 3331
3023 3629
3024 3486
3026 3386
3029 3111
3029 3241
3031 3430
3031 3546
3034 3897
3035 3131
3035 3546
3035 3761
3036 3685
3038 3732
3039 3713
3040 3918
3040 3938
3043 3908
3045 3129
3048 3636
3050 3134
3050 3885
3051 3934
3053 3683
3056 3279
3059 3065
3060 3392
3062 3921
3062 3923
3064 3918
3065 3366
3067 3292
3067 3588
3067 3903
3068 3212
3069 3465
3071 3198
3071 3568
3071 3783
3072 3443
3074 3565
3074 3894
3077 3166
3078 3312
3079 3624
3080 3915
3080 3935
3081 3563
3087 3594
3088 3378
3088 3394
3090 3306
3091 3315
3091 3916
3092 3655
3104 3730
3105 3657
3108 3345
3108 3738
3109 3718
3110 3217
3110 3487
3114 3583
3115 3294
3115 3476
3117 3608
3119 3726
3119 3741
3120 3194
3120 3531
3130 3159
3130 3842
3131 3828
3132 3366
3133 3220
3133 3443
3134 3281
3134 3636
3136 3189
3136 3498
3142 3618
3143 3753
3145 3757
3146 3994
3147 3279
3148 3250
3148 3452
3153 3169
3153 3534
3155 3420
3155 3564
3157 3841
3158 3668
3161 3233
3161 3444
3161 3482
3162 3353
3164 3336
3164 3423
3165 3296
3165 3855
3166 3568
3166 3808
3168 3765
3176 3537
3176 3659
3177 3443
3178 3634
3178 3654
3179 3653
3179 3743
3180 3463
3180 3596
3180 3602
3181 3442
3182 3421
3184 3632
3185 3988
3187 3438
3189 3248
3189 3782
3190 3735
3194 3744
3195 3422
3197 3675
3198 3763
3200 3684
3200 3701
3202 3467
3205 3298
3205 3439
3207 3245
3209 3244
3212 3572
3213 3222
3213 3344
3214 3478
3218 3260
3218 3750
3221 3964
3222 3435
3226 3482
3228 3880
3234 3977
3238 3366
3241 3304
3242 3682
3244 3446
3244 3918
3245 3319
3246 3351
3249 3379
3251 3742
3253 3320
3253 3926
3253 3946
3255 3293
3255 3783
3257 3673
3257 3674
3259 3568
3259 3599
3259 3986
3261 3465
3262 3323
3262 3436
3264 3473
3264 3997
3269 3418
3269 3615
3269 3699
3270 3803
3271 3349
3272 3952
3275 3826
3277 3755
3278 3604
3281 3786
3281 3904
3285 3559
3287 3373
3288 3758
3288 3924
3290 3407
3292 3922
3292 3995
3295 3772
3296 3364
3296 3776
3297 3717
3302 3718
3304 3345
3306 3531
3306 3823
3307 3635
3308 3989
3310 3460
3310 3513
3310 3542
3314 3996
3315 3770
3318 3874
3319 3585
3326 3628
3328 3920
3332 3940
3334 3725
3336 3719
3338 3674
3343 3483
3349 3491
3349 3765
3350 3873
3350 3973
3352 3743
3352 3957
3354 3668
3355 3765
3355 3914
3356 3606
3360 3964
3362 3877
3363 3718
3363 3942
3364 3374
3365 3675
3366 3763
3367 3958
3368 3566
3370 3737
3374 3670
3377 3484
3377 3519
3378 3755
3379 3628
3379 3629
3379 3679
3379 3937
3383 3612
3384 3392
3384 3427
3387 3779
3389 3923
3391 3711
3396 3512
3397 3635
3403 3709
3407 3414
3413 3436
3414 3431
3414 3680
3417 3778
3418 3674
3418 3772
3419 3743
3424 3792
3425 3778
3429 3665
3430 3781
3432 3456
3432 3718
3432 3782
3436 3491
3436 3906
3437 3548
3438 3522
3438 3717
3438 3846
3440 3806
3444 3679
3445 3832
3446 3805
3446 3998
3448 3636
3448 3848
3449 3471
3449 3489
3449 3766
3450 3801
3450 3936
3451 3797
3451 3909
3452 3753
3453 3835
3454 3774
3458 3604
3460 3461
3460 3829
3460 3936
3461 3502
3462 3593
3464 3967
3465 3506
3465 3856
3466 3474
3470 3613
3471 3648
3471 3735
3473 3730
3475 3499
3475 3538
3475 3591
3478 3612
3478 3917
3479 3818
3486 3667
3489 3647
3491 3934
3494 3768
3498 3961
3502 3712
3504 3899
3509 3514
3509 3534
3509 3869
3513 3736
3515 3683
3515 3887
3517 3602
3520 3687
3521 3889
3523 3705
3524 3713
3525 3658
3526 3728
3528 3956
3530 3881
3532 3974
3537 3949
3540 3728
3541 3918
3545 3666
3546 3662
3546 3974
3547 3556
3548 3918
3550 3815
3551 3810
3555 3976
3556 3648
3556 3684
3556 3723
3558 3783
3560 3611
3562 3593
3562 3732
3567 3947
3569 3819
3570 3974
3572 3633
3575 3832
3579 3752
3581 3783
3582 3708
3584 3843
3591 3989
3592 3794
3594 3835
3600 3667
3601 3872
3602 3752
3602 3843
3603 3959
3604 3701
3605 3733
3605 3888
3606 3909
3607 3999
3610 3668
3610 3939
3614 3672
3614 3830
3615 3719
3618 3797
3628 3788
3632 3980
3633 3889
3633 3980
3634 3788
3637 3889
3639 3836
3645 3694
3650 3682
3650 3689
3650 3770
3653 3796
3654 3691
3657 3947
3658 3997
3659 3811
3663 3988
3665 3766
3666 3762
3672 3677
3675 3942
3676 3921
3677 3842
3679 3791
3683 3896
3690 3851
3692 3922
3695 3967
3697 3802
3699 3943
3706 3898
3707 3711
3707 3965
3708 3929
3709 3784
3709 3998
3710 3789
3714 3878
3714 3980
3716 3976
3720 3818
3724 3963
3726 3777
3726 3938
3730 3782
3733 3784
3734 3780
3754 3840
3755 3999
3757 3846
3762 3957
3764 3987
3765 3944
3768 3902
3772 3989
3773 3856
3778 3796
3784 3918
3786 3822
3786 3991
3787 3832
3792 3805
3801 3933
3805 3821
3817 3835
3841 3966
3843 3977
3849 3852
3859 3986
3861 3944
3876 3903
3877 3903
3901 3968
3908 3969
3918 3977
3920 3947
3950 3991
3950 3997
3970 3995
