0 125
0 167
0 271
0 325
0 326
0 402
0 404
1 297
1 308
1 382
2 144
2 313
3 35
3 48
3 119
3 129
3 137
3 147
3 171
3 342
4 179
4 197
4 248
4 263
4 317
4 326
4 401
5 69
5 432
5 487
6 8
6 193
6 255
6 276
6 278
6 412
6 454
6 468
6 481
6 484
7 234
7 472
8 94
8 267
8 398
8 459
8 467
9 104
9 196
9 471
10 39
10 72
10 210
10 216
10 491
12 344
13 53
13 71
13 275
13 299
13 376
13 498
14 63
14 359
14 449
15 205
15 457
16 49
16 426
17 41
17 173
18 284
18 470
18 490
19 73
19 433
20 86
20 112
20 222
20 398
20 464
21 61
21 67
21 72
21 109
21 261
22 74
22 75
22 118
22 165
22 168
22 204
22 243
22 248
22 325
23 92
23 114
23 424
23 488
24 44
24 300
24 337
25 282
25 404
26 98
26 426
26 460
27 93
27 172
27 279
27 303
27 323
28 220
28 235
28 249
28 359
29 225
29 239
29 354
30 217
30 498
31 82
31 374
31 438
32 221
32 238
32 363
33 135
33 157
33 186
33 232
33 290
33 404
34 422
35 139
35 142
35 264
35 301
35 324
35 415
35 491
36 425
37 161
37 170
37 277
37 332
38 85
38 182
38 382
39 62
39 134
39 230
39 323
39 383
39 396
40 206
40 285
41 48
41 224
41 476
42 194
42 241
42 417
42 432
43 160
43 213
43 228
43 239
43 494
44 146
44 217
44 284
44 386
44 441
45 264
45 286
45 297
46 215
46 265
47 278
47 343
47 412
47 413
47 446
47 477
48 183
48 410
48 492
49 94
49 301
49 470
50 187
51 56
51 286
52 138
52 376
53 111
53 155
53 225
53 325
53 404
53 458
53 474
54 191
54 248
54 410
55 198
55 241
55 404
55 412
55 447
56 307
56 386
56 456
57 270
57 302
57 396
58 126
58 450
59 71
59 243
59 274
59 453
60 62
60 106
60 162
60 209
60 279
60 435
61 100
61 217
61 415
62 266
62 271
63 134
63 217
63 322
63 495
64 78
64 211
64 293
64 317
64 437
65 226
65 363
65 428
66 220
66 378
66 418
67 399
67 424
68 171
68 308
68 359
68 388
68 397
68 414
68 442
69 232
69 256
69 306
69 346
69 381
70 87
70 98
70 374
70 410
70 486
71 178
71 356
71 387
72 171
72 384
72 392
73 84
73 188
74 374
74 406
75 157
75 179
75 207
75 354
75 362
75 378
76 218
76 249
76 289
76 371
77 214
77 355
79 213
79 423
80 127
80 143
80 255
80 262
80 372
80 387
81 310
81 415
81 443
81 457
81 471
82 199
82 324
82 499
83 421
83 431
83 438
84 116
84 129
84 373
84 399
85 245
85 311
86 270
86 311
86 394
87 434
88 152
88 242
89 211
89 282
89 492
90 165
90 219
90 404
91 93
91 113
91 194
91 278
91 346
92 197
92 314
92 333
92 417
93 139
93 279
94 104
94 157
94 255
94 276
94 407
95 101
95 136
95 187
95 230
95 409
95 448
96 249
96 304
97 353
98 131
98 148
98 355
98 390
98 414
99 154
99 193
99 228
99 472
100 311
100 421
101 131
101 134
101 268
101 306
102 119
102 235
102 249
102 263
102 497
103 258
103 279
103 319
103 373
104 208
104 397
104 479
104 499
105 176
105 179
105 233
105 253
105 382
105 470
106 107
106 282
106 443
106 491
107 271
107 356
107 435
108 260
108 309
108 431
108 453
109 450
110 230
110 324
110 367
111 244
111 260
111 296
111 397
111 474
112 168
112 281
112 282
112 336
112 351
112 381
112 407
113 179
113 233
113 315
113 320
113 334
114 224
114 230
114 319
114 372
114 373
114 429
114 445
115 226
115 263
115 285
115 425
115 441
116 321
117 312
118 365
118 396
119 184
119 193
119 433
119 479
120 125
120 210
121 142
121 186
121 199
121 268
121 285
122 226
122 403
123 230
123 345
123 353
123 465
124 209
124 326
124 411
124 469
125 142
125 218
125 284
125 345
125 374
125 389
126 184
126 231
126 277
126 327
126 410
126 497
128 175
128 269
128 305
128 350
128 377
128 469
129 157
129 482
130 216
130 221
130 276
132 197
132 224
132 287
133 157
134 387
134 479
134 499
135 428
135 458
136 159
136 180
136 401
136 427
136 432
137 284
137 468
138 246
138 481
139 250
139 259
139 269
139 427
139 460
139 473
140 360
140 475
141 370
141 381
142 171
142 435
142 443
143 307
143 329
143 331
143 442
144 255
145 204
145 424
146 243
146 294
147 152
147 435
148 385
148 459
149 336
149 341
149 405
149 437
149 439
150 219
150 233
150 454
151 253
151 264
151 301
151 330
151 472
153 360
154 329
154 386
155 257
155 271
156 207
156 232
156 391
156 438
157 172
157 224
157 260
157 316
158 254
159 279
159 306
160 281
160 296
160 351
161 164
161 176
161 199
161 241
161 416
162 186
162 346
162 450
163 293
163 386
163 407
163 449
164 363
164 456
165 219
165 288
166 438
167 173
167 339
167 358
168 239
168 357
169 180
170 248
170 304
170 483
171 296
171 418
172 274
172 377
172 388
172 433
173 238
173 258
173 429
173 479
174 197
174 217
174 230
174 491
175 219
175 284
175 409
176 498
177 267
177 418
178 322
178 339
178 352
178 390
178 403
178 464
179 422
179 424
180 183
180 251
180 274
180 285
180 287
180 289
180 421
181 368
181 413
181 459
182 303
182 460
182 483
182 496
183 312
184 267
184 388
185 202
185 389
185 408
185 423
186 196
186 220
186 365
186 456
186 475
187 245
188 343
188 407
188 471
189 409
189 454
189 463
190 197
190 393
191 199
191 379
191 418
192 337
193 496
194 275
194 496
195 227
195 342
195 377
195 411
196 210
196 276
197 289
197 334
197 412
198 410
198 465
199 230
199 284
200 210
200 392
200 396
201 310
201 369
201 493
202 390
203 463
204 243
204 317
204 353
204 362
204 448
205 304
205 498
206 309
206 330
206 332
206 392
206 436
207 234
207 289
207 301
208 270
208 282
210 266
210 325
210 407
210 487
211 307
211 435
212 358
212 494
213 271
213 416
213 432
214 386
214 468
214 485
215 295
215 309
216 219
216 237
216 264
216 290
216 343
216 425
216 427
217 350
217 412
218 292
219 308
219 320
219 363
219 499
220 432
220 450
221 371
222 271
223 358
224 255
224 446
224 461
224 473
226 452
227 446
228 251
228 378
229 281
229 426
230 249
230 382
231 261
231 280
231 343
232 319
235 255
236 315
236 371
239 295
239 392
240 341
240 441
240 499
241 342
241 418
242 423
242 436
243 361
243 404
243 437
243 497
244 295
245 265
245 320
245 456
246 475
247 281
247 316
247 359
247 458
248 256
248 427
248 456
248 495
248 499
250 348
250 407
250 441
250 485
252 313
252 428
253 282
253 443
253 463
254 313
254 412
254 467
254 472
255 362
257 352
258 475
259 314
259 442
260 285
260 303
261 291
261 375
261 419
261 427
262 480
263 285
264 474
265 283
265 375
265 394
265 459
266 278
267 327
268 310
268 426
268 438
269 312
269 414
270 315
271 426
272 292
272 305
272 343
273 318
273 454
274 285
274 419
275 301
275 307
275 317
276 437
277 325
277 373
277 432
278 360
278 396
279 351
279 426
280 369
282 433
282 446
283 306
283 399
284 491
285 325
286 409
286 425
286 426
287 430
288 375
289 294
289 405
289 409
290 363
290 402
290 434
290 446
291 414
291 434
292 296
292 327
292 369
293 488
294 323
294 335
294 373
295 348
295 398
295 437
295 460
296 454
297 300
297 314
297 469
298 495
299 467
301 313
301 314
301 368
301 378
301 419
302 382
303 456
305 421
306 455
307 385
308 348
308 409
308 464
309 397
309 411
310 330
310 463
311 348
311 437
311 448
312 335
312 387
312 468
313 453
314 450
314 469
315 358
315 370
315 463
316 399
317 434
317 456
317 488
318 382
319 456
319 470
319 493
320 382
320 390
320 411
320 458
321 326
321 350
321 365
321 368
322 454
322 495
322 499
323 338
324 351
324 424
325 355
325 447
326 467
326 481
327 332
327 358
329 335
329 338
329 389
330 355
330 368
330 422
332 364
332 417
333 493
334 464
334 479
335 353
335 382
335 475
336 367
336 479
337 455
338 467
338 475
339 390
340 387
340 435
341 425
341 426
341 448
342 393
343 394
344 438
345 366
345 419
345 499
346 466
347 409
348 408
348 475
349 364
349 440
349 469
353 366
353 447
354 369
355 420
355 455
356 475
359 394
360 402
360 428
362 384
362 459
363 395
364 420
364 424
365 369
365 410
365 435
366 377
371 473
372 381
372 389
372 401
372 407
373 376
373 385
373 466
375 443
378 430
378 442
380 458
381 469
385 445
387 428
390 404
390 496
392 493
394 401
394 470
397 483
398 427
398 428
398 467
401 418
402 440
403 482
404 439
404 446
406 437
406 451
407 443
408 431
410 469
411 437
411 445
412 493
416 440
417 485
420 429
423 483
424 442
428 472
432 464
433 441
438 449
439 456
439 494
441 478
442 476
443 461
444 468
448 491
450 476
452 456
456 483
463 479
469 489
478 487
481 493
488 496
493 499
495 497
