0 69
0 103
0 145
0 146
0 172
0 180
0 183
0 205
0 226
1 21
1 97
1 124
1 185
1 200
1 208
1 213
1 235
1 242
2 28
2 189
2 198
2 227
3 29
3 65
3 101
3 144
4 71
4 130
4 148
4 227
6 20
6 162
6 201
6 212
7 21
7 121
7 239
8 15
8 31
8 74
8 95
8 181
9 102
9 181
9 217
9 219
9 231
10 107
10 131
11 33
11 171
11 218
12 57
12 81
12 99
12 216
13 50
13 97
13 210
13 235
14 64
14 134
14 244
15 30
15 60
15 126
15 127
16 76
16 90
16 193
17 143
17 210
18 98
18 134
19 37
19 140
19 155
19 164
19 180
19 203
20 36
20 203
21 107
21 129
21 132
21 167
22 78
22 146
22 164
22 204
23 35
23 54
23 118
23 183
23 208
23 209
23 237
23 240
24 51
24 140
24 173
24 203
24 215
25 32
25 86
25 127
25 193
26 45
26 78
26 203
26 231
28 39
29 86
29 180
30 84
30 86
30 163
31 109
31 157
31 192
32 52
32 56
32 131
32 211
32 228
33 123
33 154
33 189
34 49
34 93
34 139
35 44
35 62
35 147
35 153
35 158
36 208
37 135
38 54
38 110
39 70
39 89
39 138
39 159
39 197
39 210
40 56
40 151
40 155
41 46
41 50
41 211
41 233
42 128
42 140
42 172
42 247
43 52
43 219
44 52
44 81
44 194
44 225
44 243
45 60
45 126
46 131
46 222
47 81
47 98
47 123
47 137
47 140
47 150
47 153
48 129
49 86
49 206
50 59
50 152
50 196
50 226
51 122
52 103
52 227
53 149
54 62
54 99
54 176
54 191
54 223
55 177
55 203
55 222
56 135
56 155
56 186
56 193
56 199
56 244
58 67
58 93
59 110
59 153
60 107
60 132
60 146
60 148
60 229
61 90
61 139
61 160
61 221
61 234
63 113
63 155
63 189
63 207
63 230
64 109
64 153
65 85
65 86
65 249
66 69
66 97
66 123
66 153
66 166
66 233
67 87
67 176
67 180
67 193
69 184
69 214
70 81
70 94
70 186
71 242
72 85
72 86
72 149
72 173
72 234
73 171
73 185
74 94
74 209
75 151
76 82
76 167
76 191
76 243
78 118
78 198
78 237
79 93
79 102
79 121
79 211
80 156
80 180
80 218
80 224
80 232
81 138
82 115
83 88
83 200
83 235
84 168
85 86
85 117
85 167
86 171
86 246
87 202
88 117
88 133
88 169
88 229
89 120
89 159
89 207
90 92
90 157
90 160
90 165
90 166
90 183
90 219
91 141
91 218
92 176
92 204
92 238
93 101
93 139
94 141
94 244
96 142
96 151
98 105
98 113
98 174
98 179
99 160
99 173
99 209
99 218
100 109
100 137
100 138
101 159
101 168
101 229
102 164
104 132
104 177
105 169
105 191
105 212
106 127
106 180
106 235
106 245
107 223
108 124
110 222
111 144
111 238
112 181
112 224
112 241
113 122
113 146
114 126
114 162
116 170
117 205
119 217
119 224
119 242
120 127
121 158
121 226
122 131
122 156
122 239
122 241
123 149
124 185
125 182
125 226
125 238
126 143
126 177
126 191
128 158
128 175
128 190
128 194
128 226
129 180
129 225
130 145
130 187
131 229
133 157
133 217
133 219
136 188
137 211
138 182
140 176
140 210
140 211
140 212
140 224
141 147
141 178
142 210
143 176
145 152
145 231
146 164
146 235
147 222
148 171
149 218
150 184
151 200
153 240
154 185
154 207
154 246
155 211
155 244
156 198
156 202
157 199
159 230
160 181
160 228
161 196
161 247
164 222
164 236
166 177
166 222
167 220
167 238
168 227
170 244
172 193
173 188
173 195
173 205
174 193
176 220
176 231
177 217
178 210
179 181
179 211
180 219
182 189
184 203
186 225
186 228
187 195
187 199
188 193
188 204
188 223
189 213
189 224
189 231
190 200
191 194
193 238
194 216
197 203
197 216
199 217
199 240
202 217
203 235
205 234
208 224
208 244
210 221
217 237
218 226
220 243
224 235
225 226
225 231
225 236
226 230
227 247
228 229
228 237
231 238
233 249
234 243
235 244
238 243
247 249
