0 547
0 606
0 1248
0 1341
1 1631
2 569
2 717
2 896
2 1390
3 76
3 466
3 477
3 479
3 1217
3 1798
4 274
4 610
4 775
4 1233
5 32
5 233
5 248
5 837
5 868
5 1522
6 94
6 96
6 171
6 412
6 679
6 695
6 1722
6 1783
7 1106
7 1132
7 1617
7 1745
7 1764
8 358
8 1682
8 1755
9 135
9 304
9 1697
9 1867
10 462
10 854
10 1429
10 1726
11 331
11 1166
11 1191
11 1390
12 537
12 941
12 1144
12 1806
13 890
13 960
13 1331
13 1423
13 1464
13 1580
13 1883
14 231
14 1711
15 74
15 451
15 477
15 1032
15 1187
15 1844
16 168
16 1859
16 1882
17 32
17 506
17 887
17 1018
17 1907
19 227
19 474
19 561
19 620
19 963
20 223
21 1539
21 1642
21 1895
22 509
22 741
22 1062
22 1268
22 1569
22 1758
22 1871
23 1545
24 217
24 1719
25 614
25 1427
25 1654
26 506
26 1777
27 1335
27 1506
27 1834
28 594
28 663
28 1755
29 322
29 372
29 1502
29 1510
29 1682
30 275
30 619
30 738
30 1044
31 735
32 687
32 1350
32 1400
32 1827
33 1163
34 208
34 364
34 386
34 1800
35 853
35 1004
35 1598
35 1852
36 445
36 550
36 831
36 979
36 1442
36 1899
37 454
37 802
37 1007
37 1395
38 68
38 942
38 1739
38 1758
39 100
39 296
39 741
40 513
40 1088
41 131
41 520
41 726
41 1684
42 182
42 489
42 727
42 1089
42 1151
43 1478
43 1539
44 291
44 316
44 342
44 1001
45 279
45 383
45 546
46 643
46 1710
46 1875
47 660
47 769
47 1480
47 1876
48 1574
49 383
49 500
49 788
49 1181
49 1186
49 1445
49 1541
50 118
50 398
50 1269
50 1766
51 326
51 765
51 809
51 866
51 1327
51 1513
53 88
53 749
53 1149
53 1175
53 1786
53 1788
54 834
55 529
55 686
55 1097
55 1252
55 1465
55 1521
56 668
56 834
56 940
57 188
57 1614
58 414
58 662
58 941
58 1300
58 1658
59 619
59 660
59 912
59 920
59 979
60 311
60 1074
60 1660
62 389
62 685
62 756
62 916
62 1738
62 1828
62 1958
62 1975
62 1998
63 119
63 1238
63 1669
63 1814
63 1912
64 843
64 1419
65 319
65 511
65 1632
65 1687
66 608
66 1124
66 1162
67 116
67 375
67 753
67 1300
67 1628
67 1900
68 664
68 738
68 817
68 1459
69 509
69 1143
70 1321
71 127
71 1419
71 1682
72 642
72 1154
72 1651
73 1290
73 1524
74 392
74 819
74 967
74 1948
74 1968
75 290
75 567
75 653
75 1491
75 1811
76 107
76 1050
77 165
77 448
77 523
77 1043
78 512
78 1586
78 1718
79 393
79 458
79 468
79 1682
79 1965
80 431
80 791
80 874
80 1389
80 1623
81 111
82 422
82 932
82 1043
82 1175
83 226
83 263
83 879
83 1108
83 1375
84 496
84 853
84 1023
84 1233
84 1945
85 1497
85 1784
86 864
86 908
86 1718
87 542
87 734
87 1785
88 592
88 781
88 945
88 1328
89 296
89 582
89 973
90 276
90 345
90 521
90 799
90 1613
91 406
91 447
91 474
91 539
91 669
92 479
92 712
92 984
92 1944
93 313
93 776
93 926
93 1864
94 261
94 755
94 798
94 1189
94 1475
94 1557
95 945
95 1384
95 1925
96 100
96 158
96 744
96 840
96 884
96 1094
96 1148
96 1337
97 426
97 536
97 1033
97 1107
97 1250
97 1350
97 1616
97 1710
98 205
98 610
98 1202
99 120
99 608
99 771
99 944
99 1566
99 1981
100 210
100 370
100 666
100 727
100 1396
100 1555
100 1570
100 1678
101 270
101 785
101 1013
101 1426
102 361
102 715
102 826
102 1641
103 548
103 577
103 589
103 1065
103 1186
103 1310
103 1373
104 163
104 241
104 430
104 1515
105 731
105 1179
105 1274
105 1494
105 1538
105 1625
106 245
107 1031
107 1091
107 1663
108 433
108 500
108 1402
108 1655
108 1724
108 1785
109 202
109 400
109 593
109 1953
111 432
111 479
111 1096
111 1540
112 176
112 750
112 1118
112 1237
113 154
113 1030
113 1260
113 1600
113 1840
114 296
114 627
114 1526
115 560
115 1026
115 1308
115 1656
115 1660
116 557
116 821
116 1065
117 369
117 776
117 796
117 896
118 340
118 869
118 1372
118 1593
118 1820
118 1915
119 145
119 1552
119 1909
120 311
120 833
120 865
120 1082
120 1465
121 218
121 489
121 819
121 1427
121 1591
121 1724
122 631
122 1205
123 185
123 625
123 1657
124 1540
124 1795
124 1904
125 407
125 558
125 737
125 994
125 1175
125 1509
125 1978
126 640
126 1629
126 1647
127 523
127 1198
127 1768
128 489
128 623
128 1632
128 1747
129 567
129 1038
129 1277
129 1295
129 1516
129 1555
130 272
130 413
130 938
130 1184
130 1731
131 1375
131 1386
132 200
132 1920
133 352
133 655
133 951
133 1686
134 1898
135 989
135 1689
136 143
136 161
136 569
136 1080
137 466
137 728
137 1230
138 901
138 1905
138 1946
139 376
139 748
139 985
139 1972
140 273
140 837
140 970
140 1287
140 1371
140 1572
141 162
141 220
141 635
141 1148
142 1276
142 1303
142 1396
142 1429
143 1135
143 1438
143 1618
144 543
144 622
145 562
146 343
146 984
146 1733
147 375
147 512
147 591
147 747
147 904
147 1052
149 1477
149 1708
149 1865
149 1887
150 179
150 256
150 1504
150 1561
151 368
151 1142
151 1171
151 1835
152 1969
153 262
153 412
153 754
153 1320
153 1357
153 1634
154 316
154 475
154 914
154 934
154 1927
155 1218
155 1592
155 1836
156 616
156 1101
156 1184
156 1889
157 208
157 1577
157 1637
157 1685
157 1787
157 1929
158 341
158 813
158 1638
158 1771
158 1878
158 1932
159 243
159 350
159 462
159 1216
159 1387
159 1610
159 1698
159 1866
160 871
160 1677
160 1958
161 933
161 1272
161 1387
162 478
162 1773
162 1913
163 245
163 433
163 918
163 1339
164 281
164 829
164 1295
165 222
165 1192
165 1382
165 1982
166 543
166 1315
167 750
167 849
167 1140
167 1277
168 214
168 525
168 1456
168 1877
169 444
169 755
169 903
169 1686
169 1735
170 640
170 744
170 875
170 1201
170 1496
171 210
171 407
172 1266
173 520
173 763
173 1354
173 1782
174 271
174 516
174 1702
174 1815
174 1851
175 256
175 474
175 1005
175 1599
175 1960
176 383
176 940
176 1050
176 1125
176 1512
177 320
177 775
177 814
177 1596
177 1791
178 322
178 755
178 1488
179 1082
179 1920
179 1965
179 1971
180 1339
180 1896
180 1912
181 713
181 1166
181 1445
182 363
182 1011
182 1485
182 1924
183 419
183 424
183 917
183 1257
184 1048
184 1324
186 1214
186 1993
187 267
187 1042
188 558
188 604
189 334
189 1204
189 1219
190 409
190 551
190 764
190 1122
190 1573
191 914
191 1113
192 209
192 251
192 367
193 431
193 467
193 1438
193 1505
194 959
194 1443
194 1577
194 1616
194 1907
195 518
195 594
195 995
195 1951
196 829
196 1661
196 1728
197 336
197 537
197 553
197 665
197 979
197 1392
197 1602
197 1899
198 777
198 955
198 1472
198 1889
198 1917
200 641
200 729
200 832
201 241
201 407
201 1613
201 1992
202 534
202 1611
202 1627
202 1691
203 775
203 1220
203 1374
204 502
204 603
204 935
204 1356
205 401
205 932
205 1934
206 230
206 263
206 305
206 522
207 241
207 912
207 937
207 1148
207 1901
208 242
208 1317
208 1381
208 1590
209 457
209 480
209 570
209 1292
210 1492
210 1604
211 308
211 483
211 1104
212 582
212 600
212 1165
213 848
213 1794
214 929
214 972
214 1460
214 1482
215 508
216 468
216 733
216 818
217 347
217 1819
218 581
218 1019
218 1379
218 1890
219 485
219 1003
219 1246
219 1480
219 1541
219 1547
219 1831
220 1263
220 1439
221 913
221 1093
221 1126
221 1164
222 775
222 1179
223 939
223 1593
224 333
224 627
224 729
224 858
224 1079
225 356
225 387
225 409
225 484
225 568
225 755
225 891
225 1691
226 265
226 366
226 870
226 917
226 1544
227 1614
227 1697
229 355
229 774
229 1434
230 1132
230 1218
231 430
231 965
231 1196
232 425
232 1783
233 962
233 1108
233 1663
234 345
234 417
234 759
234 858
235 815
235 826
235 1435
236 812
236 839
236 1056
236 1259
236 1500
236 1852
237 348
237 744
237 1045
237 1846
238 803
239 543
239 822
239 908
239 1378
239 1433
240 474
240 1385
240 1443
241 737
241 827
241 1365
242 1906
243 787
243 1893
243 1936
244 909
244 944
244 1384
244 1527
244 1604
244 1965
245 747
246 575
247 962
247 1852
248 430
248 1668
249 389
249 705
249 721
249 1013
249 1200
249 1843
250 302
250 1047
250 1276
250 1465
250 1611
250 1997
251 953
251 1562
251 1804
252 1159
252 1274
252 1663
253 659
253 1062
253 1337
254 504
254 1386
254 1668
255 429
255 1319
255 1565
255 1737
256 655
256 681
256 905
256 1053
257 1314
257 1903
258 472
258 692
258 901
258 1175
259 1505
259 1584
260 755
260 1425
261 324
261 1463
262 1051
262 1351
262 1499
263 282
263 839
263 1393
263 1918
264 558
264 599
264 746
264 980
264 1231
264 1695
265 754
265 1122
265 1687
266 985
266 992
267 399
267 593
267 933
267 1471
267 1744
268 652
268 1823
269 324
269 1285
270 419
270 532
270 963
271 279
271 819
272 1170
274 323
274 1378
274 1538
274 1778
275 1055
276 1210
276 1674
276 1782
277 288
277 586
277 1237
277 1790
278 1147
279 372
279 519
279 628
279 991
279 1333
279 1663
280 311
280 608
280 699
280 805
280 898
281 373
281 461
281 1394
281 1424
281 1676
282 699
282 851
283 719
283 1050
284 347
284 1581
284 1782
285 338
285 577
285 1869
286 913
286 1520
286 1530
286 1634
286 1857
288 1978
289 1867
289 1913
290 1219
290 1693
291 362
291 427
291 1240
291 1382
292 328
292 942
293 902
293 906
293 999
293 1180
293 1428
294 799
294 867
294 1649
294 1697
295 521
295 1794
296 745
296 1791
296 1820
297 1127
298 1179
298 1387
299 840
299 1708
300 516
300 611
300 1190
301 349
301 627
301 628
301 1722
301 1751
301 1786
302 449
302 1047
303 855
303 1506
303 1533
303 1982
304 641
304 859
304 883
304 982
304 996
304 1278
305 933
306 508
307 1290
308 1042
308 1078
308 1401
309 722
310 448
311 553
311 859
311 1836
312 786
312 870
312 1474
312 1516
313 489
314 861
314 1104
315 757
316 751
316 1206
316 1590
316 1923
317 648
317 938
317 1803
317 1956
318 558
318 1359
320 664
321 1644
322 416
322 1238
322 1435
322 1469
323 980
324 1094
324 1139
325 469
325 784
325 1936
326 360
326 727
326 822
326 835
326 886
326 1065
326 1330
327 1023
327 1057
328 897
328 1470
328 1499
328 1566
328 1732
328 1775
328 1994
329 619
329 856
329 1038
329 1864
330 420
330 455
330 493
330 1194
330 1230
330 1943
331 781
331 1133
331 1596
332 574
332 1365
332 1479
333 449
333 1540
334 464
334 707
334 1845
336 717
336 1414
336 1819
337 1693
337 1994
338 996
338 1454
338 1500
338 1770
339 725
339 1283
339 1472
340 484
340 1289
340 1863
341 441
341 849
341 1631
341 1680
342 1018
343 688
343 1004
343 1081
343 1116
343 1251
343 1586
343 1692
343 1722
343 1727
344 382
344 453
344 699
344 717
344 1183
344 1308
345 523
345 1384
345 1626
345 1941
346 637
346 914
346 1266
346 1653
346 1857
347 1448
348 494
348 564
348 692
348 1027
348 1182
348 1908
349 1217
349 1868
350 790
350 850
350 1006
350 1129
350 1754
351 356
351 708
351 1431
351 1573
352 390
352 391
352 753
352 979
352 1318
353 994
353 1631
353 1772
353 1856
354 939
354 1294
356 490
356 695
356 849
356 1340
356 1795
356 1888
357 557
357 885
357 1022
357 1556
359 1640
360 375
360 403
360 608
360 883
360 1149
360 1863
360 1920
362 500
362 1119
363 531
363 653
363 798
363 1929
364 445
364 495
364 672
365 515
365 669
365 1011
365 1300
365 1638
365 1775
365 1941
366 625
366 915
366 1617
366 1855
367 433
367 490
367 1278
367 1475
368 1045
368 1587
368 1932
368 1961
369 1143
370 765
370 1140
370 1507
371 519
371 529
371 842
372 1443
372 1457
373 466
373 477
373 850
373 1765
375 678
376 1210
377 663
377 817
377 830
377 843
377 922
378 387
378 960
378 1445
378 1461
378 1723
379 572
379 1324
379 1437
379 1694
379 1909
379 1999
380 1201
380 1425
381 769
381 784
381 1196
381 1705
382 728
382 1505
383 678
383 993
383 1168
384 1059
384 1286
384 1522
384 1805
384 1956
385 654
385 667
385 723
386 836
386 1316
386 1392
387 438
387 527
387 680
387 1164
387 1657
387 1811
387 1878
388 687
388 1527
388 1868
389 773
389 776
389 1665
389 1881
390 457
390 992
390 1041
390 1437
390 1904
390 1993
391 816
391 900
391 1224
391 1805
392 437
392 507
392 579
392 722
392 1251
392 1445
392 1681
393 458
393 1125
393 1777
394 593
394 616
394 815
394 1608
394 1622
395 1041
395 1948
396 753
396 818
396 1075
396 1585
397 404
397 1096
397 1869
398 784
398 1252
398 1410
398 1691
398 1937
399 651
399 778
399 1072
399 1827
400 865
400 905
400 1177
400 1308
400 1655
400 1667
401 1489
402 807
402 1116
402 1533
402 1820
402 1896
403 1045
403 1423
403 1514
404 1252
404 1288
405 617
405 727
405 993
405 1425
405 1524
406 1589
407 709
407 1199
407 1342
407 1516
408 884
408 1609
409 1472
409 1509
410 585
410 882
411 651
411 1211
411 1616
411 1686
412 1153
413 426
413 700
413 785
414 1615
415 498
415 512
416 1204
416 1518
416 1607
417 1918
417 1927
418 749
418 770
418 1915
419 646
419 780
419 1654
420 1185
420 1391
420 1735
420 1899
421 653
421 1293
422 769
422 1386
422 1683
422 1859
423 442
423 497
423 823
423 837
423 1572
423 1775
424 453
424 694
424 906
424 1020
424 1056
424 1204
424 1207
424 1878
425 1119
428 450
428 723
428 1169
428 1993
429 580
429 797
429 827
429 1148
429 1748
429 1827
431 555
431 1107
431 1730
432 562
432 617
432 986
432 1340
432 1596
432 1880
433 1154
434 1217
434 1289
434 1378
435 1508
436 662
436 1087
436 1385
436 1401
436 1434
437 1345
437 1607
437 1901
437 1903
439 861
439 917
439 1149
439 1595
439 1861
440 966
440 1049
440 1183
441 672
441 768
441 929
441 1956
441 1991
442 686
442 953
442 1675
443 1494
443 1534
444 471
444 490
444 840
444 1888
445 1250
446 761
446 1018
446 1133
447 514
447 1017
447 1085
447 1147
447 1333
447 1533
447 1790
449 548
450 585
450 671
450 776
450 1063
450 1342
450 1456
451 562
451 1907
452 1233
453 1340
453 1850
454 1293
454 1313
454 1874
454 1916
454 1961
455 1060
455 1471
455 1967
456 936
456 1967
457 1215
457 1328
457 1434
458 1197
458 1255
458 1639
459 1613
459 1696
459 1722
460 984
460 1031
460 1351
460 1723
460 1931
461 832
461 948
461 1040
461 1129
461 1165
462 493
462 1657
462 1797
462 1820
462 1821
462 1870
463 722
463 1011
463 1021
464 1032
464 1068
464 1322
465 996
465 1781
466 1226
467 823
467 1827
468 493
468 1154
468 1585
468 1917
469 476
469 529
469 970
469 1189
470 497
470 1037
471 778
471 799
471 1248
471 1283
471 1328
471 1757
472 1333
472 1496
473 521
473 670
473 678
473 897
473 917
473 1412
473 1674
474 536
474 836
474 1018
474 1224
475 774
475 1380
476 1818
477 1207
477 1553
478 897
478 964
478 1188
479 497
479 1219
480 719
480 1036
480 1310
480 1890
481 1695
481 1880
482 1694
483 605
483 862
483 1694
484 932
485 831
485 1365
485 1436
485 1455
486 1927
487 771
487 1136
487 1398
487 1973
489 1106
489 1721
491 985
492 588
492 1855
492 1956
493 704
493 1364
494 543
494 700
494 1169
494 1246
494 1848
495 1138
495 1836
496 666
496 702
496 1988
497 614
497 1996
498 991
498 1024
498 1048
498 1897
499 1081
500 1045
500 1825
500 1863
500 1998
501 595
501 1583
501 1809
501 1885
501 1947
502 757
502 894
502 966
502 1018
503 667
503 1220
504 1783
505 699
505 1113
505 1164
506 1043
506 1809
507 513
507 560
507 1361
507 1956
508 599
508 820
508 1151
509 518
509 867
509 1128
510 955
510 1602
510 1640
510 1964
511 1169
511 1429
511 1891
512 1566
512 1856
513 722
513 863
513 1794
514 1845
514 1958
515 644
515 1075
515 1279
515 1404
516 872
516 886
516 887
516 1189
516 1244
516 1480
516 1502
516 1616
516 1639
517 935
517 1250
517 1353
517 1879
518 530
518 668
518 692
518 1510
518 1590
518 1797
519 724
519 1312
519 1662
520 627
520 946
520 1283
521 714
521 1178
522 725
522 858
522 1070
522 1420
523 1034
523 1755
523 1898
524 545
524 1259
524 1599
525 941
525 1285
525 1437
525 1612
526 984
526 1005
526 1163
526 1177
526 1204
526 1208
526 1541
527 1151
527 1298
528 616
528 736
528 962
528 1028
528 1950
529 709
530 775
530 1928
530 1960
531 1388
531 1588
532 595
532 619
532 1265
532 1889
533 557
533 1129
533 1925
534 716
534 832
534 886
534 1333
534 1494
534 1685
534 1725
534 1845
535 831
535 887
535 1441
536 620
536 1340
536 1921
537 1016
537 1838
537 1960
537 1975
538 1997
539 1579
539 1918
540 1261
540 1463
540 1719
542 552
542 683
542 1071
542 1152
542 1283
543 676
543 825
543 1276
543 1575
543 1785
543 1853
544 750
545 899
545 1054
545 1392
545 1998
546 845
546 1993
547 894
547 1371
547 1544
547 1614
548 1359
548 1683
549 649
549 855
549 1239
549 1544
549 1578
551 716
551 767
551 1056
551 1556
552 675
552 1715
553 1460
553 1469
553 1702
554 1073
554 1544
555 734
555 1536
556 1257
557 730
557 1292
558 664
558 706
558 891
558 1179
559 843
559 1624
559 1953
560 1185
560 1271
560 1329
560 1644
560 1699
561 882
561 980
561 1708
562 686
562 687
562 929
562 1603
563 892
563 1230
563 1470
563 1684
564 894
565 1067
565 1646
566 1379
566 1456
567 820
567 837
568 639
568 917
568 1038
568 1399
568 1708
568 1723
568 1815
569 993
569 1033
569 1175
569 1372
569 1666
571 637
571 1119
572 627
572 704
572 1120
572 1138
572 1643
572 1815
572 1861
572 1913
573 1157
573 1266
573 1911
574 1434
574 1760
574 1842
575 1827
575 1880
576 682
576 835
576 870
576 1332
576 1361
577 794
577 1783
577 1963
578 792
578 886
578 1674
579 1080
579 1252
579 1621
579 1815
579 1819
579 1892
580 1761
580 1964
581 667
581 998
581 1187
581 1636
581 1727
581 1994
582 1286
582 1347
583 1129
583 1316
583 1393
583 1995
585 611
585 644
585 1557
585 1783
585 1883
585 1909
586 944
586 1894
587 873
587 1507
587 1644
588 764
588 1326
588 1500
588 1576
588 1795
589 794
589 1352
590 689
590 763
591 708
591 749
591 976
591 1095
591 1103
591 1593
592 1063
592 1205
595 1664
596 674
596 1788
597 614
597 1202
597 1294
597 1682
597 1802
599 644
599 814
599 1173
600 889
600 1171
600 1490
602 835
603 678
603 680
604 756
604 838
604 1182
604 1377
604 1592
605 722
605 1660
606 791
607 1674
607 1723
608 1399
608 1930
608 1931
609 902
609 1319
609 1751
610 1189
610 1283
610 1305
610 1576
610 1802
611 712
611 1081
612 1183
613 1079
613 1413
613 1812
614 941
614 1342
614 1758
615 710
615 852
615 1316
616 1268
616 1582
617 1207
618 779
618 845
618 1602
618 1791
618 1914
619 870
619 1004
619 1070
619 1425
619 1521
620 637
620 663
620 1265
620 1375
620 1439
621 1387
621 1457
621 1644
621 1788
622 1386
623 673
623 1265
624 1282
624 1514
625 1657
626 1196
626 1198
626 1229
626 1486
626 1562
626 1837
627 747
627 763
627 1611
627 1743
627 1919
628 1046
628 1047
628 1058
628 1458
628 1589
629 859
629 1409
631 670
631 712
631 909
631 1069
631 1888
632 952
632 1049
632 1312
632 1589
632 1945
633 771
633 1304
633 1509
633 1776
633 1864
634 825
634 945
634 1209
634 1229
634 1487
635 1399
635 1469
636 1171
637 853
637 1055
637 1305
637 1335
637 1540
637 1577
638 1038
638 1535
639 1317
639 1347
639 1469
639 1720
640 1183
640 1307
640 1608
641 1247
641 1511
642 1868
642 1870
643 920
643 1743
645 1746
646 804
646 1516
647 700
647 1054
647 1124
647 1333
647 1864
647 1983
648 782
648 904
648 1219
648 1534
649 726
649 1326
649 1355
649 1422
650 833
650 1460
650 1512
650 1745
650 1893
651 1153
651 1335
652 1228
652 1239
652 1966
653 892
653 933
654 1283
655 891
655 1095
655 1163
655 1786
656 1896
656 1962
657 998
657 1091
657 1225
657 1509
657 1967
658 1988
659 1039
660 673
660 778
660 786
660 849
660 983
660 1020
660 1626
660 1847
660 1917
661 1534
661 1678
662 1688
663 1453
663 1592
663 1941
664 772
664 1114
664 1159
664 1588
664 1615
664 1740
664 1749
664 1997
665 893
665 1192
665 1497
665 1588
665 1646
665 1822
666 1196
666 1202
666 1601
666 1742
666 1887
666 1937
667 1672
667 1803
667 1853
668 751
668 795
668 1153
668 1387
668 1505
669 802
669 874
669 876
669 1122
669 1125
669 1225
669 1568
669 1955
670 1047
670 1154
670 1342
671 1400
671 1688
671 1741
672 1703
672 1840
673 1142
673 1622
673 1895
674 910
674 1248
675 1458
675 1498
676 689
677 1219
677 1372
677 1730
677 1763
678 1019
678 1367
679 920
679 1570
679 1696
680 726
680 869
680 1017
680 1293
680 1573
680 1700
681 697
681 974
681 1861
682 1039
682 1828
683 834
683 1214
683 1555
684 817
684 990
684 1338
684 1570
684 1660
684 1817
686 735
687 1268
687 1631
688 704
688 1801
688 1842
689 1067
689 1357
689 1373
689 1977
690 1001
690 1655
690 1773
691 747
691 780
691 1280
691 1737
692 712
692 835
692 903
692 1609
693 851
693 897
693 1575
693 1900
693 1949
694 1561
695 1580
696 794
696 1386
696 1632
696 1663
696 1719
697 880
697 1289
697 1798
698 1358
698 1441
698 1543
699 1373
700 962
700 984
701 1066
701 1338
702 1526
702 1588
702 1592
702 1936
703 1157
703 1673
703 1888
704 784
704 1166
704 1571
704 1699
704 1817
705 1539
705 1972
706 827
707 1266
707 1421
708 1046
708 1330
708 1735
708 1964
709 1041
709 1270
709 1606
710 719
710 963
710 1275
711 1699
711 1852
712 1227
713 770
713 838
713 1890
714 1998
716 1033
716 1101
716 1535
716 1771
716 1878
717 803
717 910
717 1646
717 1679
718 1006
718 1383
718 1574
718 1706
718 1724
719 782
719 1322
719 1446
719 1703
721 971
721 1985
722 1207
722 1251
722 1434
722 1577
723 950
723 1045
723 1175
723 1761
724 1841
724 1900
724 1942
725 938
725 1847
726 962
726 973
726 1654
727 1253
727 1550
727 1601
727 1849
727 1995
729 1138
730 1272
730 1645
731 992
732 1275
733 1399
733 1669
734 817
734 861
734 910
735 1555
736 1442
736 1726
736 1748
737 923
737 1353
737 1575
737 1804
738 747
738 1487
739 944
739 1382
740 910
740 1937
741 1577
741 1611
742 1257
742 1648
743 1623
744 848
744 1556
744 1879
744 1944
745 1152
745 1160
746 769
747 790
747 1162
747 1283
747 1512
747 1892
748 776
748 964
748 1071
748 1983
749 1559
749 1636
749 1854
750 1689
751 1044
751 1265
751 1405
751 1526
751 1668
752 754
752 771
753 1118
753 1337
753 1581
753 1689
754 1126
754 1749
755 821
755 1079
755 1362
755 1487
755 1941
756 1040
756 1317
756 1393
756 1394
756 1625
757 996
757 1711
758 1478
758 1707
759 1316
759 1629
760 1045
760 1675
761 874
761 1385
761 1775
763 1087
763 1768
764 1268
764 1977
765 1051
765 1284
765 1360
765 1721
766 841
766 1990
768 1898
769 984
769 1128
769 1291
770 894
770 1151
770 1184
771 1283
771 1957
772 970
772 1003
772 1026
772 1471
772 1680
773 1012
773 1094
773 1105
773 1156
773 1315
773 1730
774 1462
774 1926
775 1204
775 1851
776 927
776 1408
776 1578
776 1904
777 813
778 993
778 1353
779 1812
780 1461
780 1826
780 1971
781 824
781 1491
781 1687
781 1754
782 1452
782 1784
783 936
783 969
783 1298
784 1157
785 1151
785 1271
786 1027
787 835
787 1377
787 1615
788 932
788 1225
788 1709
788 1729
789 1459
790 844
790 1364
791 1261
791 1749
791 1822
791 1919
793 794
793 1063
793 1343
793 1356
793 1357
793 1724
794 1004
794 1251
795 1267
796 877
796 1096
796 1252
797 1337
797 1854
798 805
798 1604
798 1765
799 1384
799 1484
799 1685
800 1144
800 1317
800 1388
800 1940
801 1542
801 1751
801 1797
801 1821
802 1256
803 1015
803 1441
803 1572
803 1649
803 1684
804 1295
805 1549
805 1863
805 1923
806 824
806 1058
806 1079
806 1127
806 1303
806 1321
806 1821
807 939
807 1137
807 1254
808 810
808 962
809 843
809 1842
810 1713
811 1706
812 900
812 1605
813 1910
814 1168
814 1332
814 1359
814 1418
814 1819
815 816
815 1218
815 1546
816 854
816 1084
816 1201
817 826
817 878
817 1359
818 1502
818 1706
818 1861
819 1131
819 1401
819 1417
820 1875
821 1364
822 1129
823 831
823 1398
823 1490
823 1518
824 1153
824 1889
825 1721
825 1727
826 1083
826 1397
826 1713
826 1786
827 894
827 1537
827 1563
828 1028
828 1404
828 1972
829 962
829 1006
829 1271
829 1876
830 907
830 1037
830 1717
830 1924
832 1322
833 1942
834 855
834 1168
834 1915
834 1924
835 1602
836 1571
836 1608
837 1060
837 1746
838 1029
838 1366
838 1538
838 1612
839 1661
839 1972
840 974
840 1152
841 1138
842 870
842 928
842 1646
843 1139
844 981
844 1655
845 1170
846 869
846 1344
847 1715
848 1912
850 956
850 1418
850 1687
851 923
851 1394
851 1827
851 1978
852 1451
852 1809
853 1087
853 1330
854 1132
854 1272
854 1713
854 1784
855 1023
855 1490
855 1557
855 1653
856 1085
856 1103
856 1458
857 1027
857 1781
857 1905
858 1077
858 1326
858 1435
858 1778
860 1566
860 1921
861 1034
861 1104
862 1036
862 1394
862 1792
862 1849
862 1908
863 1451
863 1808
864 1048
864 1167
864 1434
865 1192
865 1468
865 1474
865 1496
866 1097
866 1830
867 1814
867 1876
868 869
868 1001
869 920
869 1244
869 1356
870 1205
870 1360
870 1654
870 1724
870 1793
870 1885
871 1622
872 1972
874 941
876 1380
876 1424
876 1999
877 929
877 974
877 1688
877 1803
879 1282
879 1454
879 1791
880 1779
881 1044
881 1267
881 1314
881 1560
881 1869
882 975
882 1107
882 1221
882 1550
883 1396
883 1750
883 1976
884 1081
884 1105
884 1517
884 1618
885 1579
886 1101
886 1342
886 1805
887 952
888 1846
889 1031
889 1724
890 1255
890 1361
890 1457
891 1006
891 1508
891 1722
892 1453
893 1327
894 1409
895 1318
895 1932
896 1033
896 1047
896 1574
896 1887
897 1464
897 1702
897 1821
898 1022
898 1834
898 1982
899 1018
899 1397
900 1582
900 1652
900 1671
900 1772
900 1787
900 1829
901 1639
902 1393
902 1632
903 1095
903 1891
904 1133
904 1223
904 1324
904 1363
904 1720
904 1837
906 1156
906 1439
906 1805
906 1964
907 1001
907 1294
907 1302
908 953
908 1002
908 1289
908 1495
909 1183
909 1311
909 1644
909 1713
911 1007
911 1156
911 1232
911 1767
911 1881
912 941
912 1816
913 1266
914 1472
914 1597
915 987
915 1391
915 1612
916 1107
916 1131
916 1858
918 975
919 1241
919 1620
921 1130
921 1539
922 1409
922 1620
922 1871
924 1516
925 1143
925 1244
925 1928
926 1301
926 1576
927 1647
928 1168
928 1809
929 1160
929 1786
930 1547
930 1749
932 1371
932 1562
932 1733
932 1940
933 1421
933 1963
934 1192
934 1864
935 952
935 1322
936 1936
937 1054
937 1509
938 1280
938 1483
938 1783
939 1064
939 1946
940 961
940 1152
940 1643
940 1851
941 1274
941 1448
942 1326
942 1509
942 1788
942 1890
943 1325
943 1481
943 1882
944 1323
945 1409
945 1574
945 1706
945 1753
945 1898
946 1659
946 1853
946 1883
947 1242
947 1515
947 1534
947 1537
947 1568
947 1573
947 1913
948 1612
949 967
949 1086
949 1915
950 978
950 1053
950 1446
950 1530
950 1993
951 1636
951 1713
952 1705
952 1909
953 1005
953 1061
953 1642
954 985
954 1057
954 1653
955 1468
955 1875
956 1982
957 1755
958 1053
958 1245
958 1313
958 1328
958 1842
959 1693
960 1798
961 1325
961 1383
962 966
963 1527
964 1465
964 1665
965 1285
965 1340
965 1462
965 1576
967 1027
967 1559
968 1422
968 1590
969 1660
969 1700
969 1930
970 1628
970 1921
971 1503
971 1522
972 1450
973 1295
973 1933
974 1004
974 1306
974 1383
975 1221
975 1314
976 981
976 1351
976 1675
976 1993
977 1286
977 1438
977 1676
977 1806
978 1485
979 1213
979 1245
979 1394
979 1525
980 1260
981 1458
982 1615
983 1037
983 1287
983 1922
985 1112
985 1499
986 1153
986 1578
986 1714
987 1491
987 1737
988 1081
989 1090
990 1013
990 1396
990 1449
990 1587
991 1260
991 1601
992 1051
992 1449
994 1532
995 1735
996 1180
996 1731
996 1749
996 1942
997 1502
997 1516
998 1071
998 1363
998 1368
1000 1130
1000 1369
1000 1611
1003 1079
1003 1107
1004 1297
1004 1634
1005 1180
1005 1604
1005 1748
1006 1582
1007 1786
1007 1858
1007 1908
1007 1929
1008 1470
1008 1600
1009 1398
1009 1779
1010 1691
1011 1381
1011 1827
1011 1871
1012 1369
1013 1473
1014 1380
1014 1656
1016 1139
1016 1604
1017 1281
1017 1570
1018 1118
1019 1776
1020 1482
1020 1584
1020 1715
1021 1816
1022 1451
1022 1745
1023 1194
1023 1685
1023 1689
1023 1952
1025 1151
1025 1188
1025 1337
1025 1811
1026 1069
1026 1231
1026 1494
1026 1507
1027 1171
1027 1218
1027 1715
1027 1739
1027 1792
1028 1098
1028 1337
1028 1832
1029 1228
1030 1359
1030 1420
1030 1892
1031 1760
1032 1305
1032 1406
1032 1816
1032 1932
1033 1048
1034 1300
1034 1644
1034 1776
1034 1999
1035 1215
1035 1513
1035 1864
1036 1710
1036 1959
1037 1183
1037 1184
1037 1590
1037 1995
1038 1321
1038 1853
1039 1599
1039 1754
1042 1055
1042 1391
1042 1720
1043 1817
1043 1897
1044 1112
1044 1984
1045 1116
1045 1795
1046 1714
1046 1988
1048 1279
1048 1476
1049 1483
1052 1194
1052 1614
1053 1853
1054 1365
1055 1077
1055 1513
1055 1605
1056 1435
1056 1730
1057 1421
1057 1814
1058 1255
1058 1999
1059 1273
1059 1421
1059 1986
1061 1800
1062 1423
1063 1090
1064 1144
1064 1961
1065 1263
1065 1453
1065 1545
1065 1860
1066 1747
1066 1861
1067 1081
1067 1174
1069 1563
1070 1293
1070 1980
1071 1225
1072 1959
1073 1171
1073 1224
1073 1902
1075 1763
1076 1420
1077 1516
1078 1808
1079 1217
1079 1371
1079 1886
1080 1088
1081 1335
1081 1511
1082 1383
1082 1426
1083 1190
1083 1509
1083 1555
1084 1568
1084 1862
1086 1615
1086 1980
1086 1996
1087 1566
1088 1415
1088 1416
1088 1456
1088 1816
1089 1694
1091 1358
1091 1425
1092 1306
1092 1426
1092 1814
1092 1997
1093 1498
1093 1721
1094 1148
1095 1283
1095 1824
1096 1228
1096 1636
1096 1643
1097 1443
1097 1850
1097 1875
1098 1708
1098 1714
1099 1132
1099 1361
1100 1994
1101 1393
1101 1906
1102 1390
1102 1657
1102 1723
1102 1904
1103 1565
1104 1447
1105 1309
1105 1328
1105 1457
1106 1486
1107 1269
1107 1443
1107 1542
1107 1850
1108 1533
1108 1776
1109 1201
1109 1434
1109 1882
1110 1114
1110 1369
1110 1655
1110 1695
1110 1788
1111 1992
1112 1562
1112 1708
1113 1142
1114 1260
1114 1319
1114 1552
1115 1612
1115 1714
1116 1168
1116 1341
1117 1473
1117 1667
1117 1693
1117 1993
1118 1322
1118 1618
1119 1296
1120 1140
1120 1343
1120 1818
1122 1366
1123 1621
1124 1128
1124 1347
1125 1297
1125 1467
1125 1619
1127 1594
1128 1450
1129 1595
1129 1727
1130 1822
1130 1840
1131 1277
1131 1737
1131 1738
1132 1190
1132 1263
1132 1293
1132 1382
1132 1622
1133 1225
1134 1876
1135 1311
1135 1607
1135 1956
1136 1646
1136 1870
1136 1960
1137 1473
1142 1594
1142 1956
1144 1832
1145 1212
1145 1302
1145 1479
1147 1826
1147 1922
1149 1360
1149 1604
1151 1211
1151 1260
1151 1711
1152 1279
1152 1340
1152 1999
1153 1305
1153 1624
1153 1817
1154 1301
1154 1393
1154 1415
1154 1568
1154 1965
1155 1278
1155 1400
1155 1550
1155 1655
1155 1902
1156 1816
1158 1532
1158 1576
1159 1804
1160 1277
1161 1267
1161 1323
1161 1395
1161 1599
1161 1749
1162 1704
1164 1298
1164 1503
1165 1356
1166 1758
1167 1856
1168 1204
1168 1377
1168 1842
1168 1926
1169 1183
1169 1825
1170 1770
1171 1194
1171 1380
1171 1865
1171 1915
1172 1844
1174 1310
1174 1430
1174 1705
1175 1193
1175 1565
1176 1626
1176 1684
1177 1505
1177 1635
1177 1824
1177 1901
1178 1322
1180 1226
1180 1739
1182 1710
1183 1366
1183 1605
1183 1951
1184 1866
1184 1936
1186 1360
1188 1266
1188 1580
1189 1616
1191 1269
1191 1457
1191 1969
1193 1243
1194 1316
1195 1308
1196 1229
1196 1438
1196 1709
1197 1484
1197 1608
1198 1209
1199 1549
1199 1844
1200 1739
1201 1389
1201 1513
1202 1349
1203 1891
1204 1960
1205 1288
1205 1388
1205 1760
1206 1373
1206 1794
1207 1443
1208 1227
1208 1877
1209 1979
1210 1686
1210 1812
1211 1435
1212 1337
1212 1579
1212 1653
1214 1872
1215 1908
1216 1700
1217 1504
1218 1916
1219 1600
1219 1975
1220 1697
1220 1860
1221 1429
1221 1541
1221 1814
1222 1750
1223 1256
1223 1500
1225 1301
1226 1320
1226 1746
1226 1807
1228 1469
1229 1799
1230 1568
1231 1634
1232 1619
1232 1966
1233 1292
1233 1433
1233 1600
1234 1346
1235 1405
1235 1468
1235 1548
1237 1947
1237 1978
1238 1290
1239 1317
1239 1382
1239 1932
1240 1641
1240 1893
1241 1993
1243 1654
1243 1724
1243 1781
1244 1913
1246 1439
1246 1740
1247 1674
1247 1749
1248 1395
1248 1430
1249 1705
1249 1759
1250 1349
1250 1472
1250 1658
1250 1713
1250 1777
1251 1369
1251 1791
1251 1951
1253 1529
1253 1902
1254 1657
1254 1715
1254 1905
1256 1500
1256 1541
1256 1684
1258 1664
1259 1294
1259 1895
1260 1266
1260 1826
1261 1341
1261 1387
1261 1750
1261 1943
1262 1359
1262 1635
1262 1848
1263 1572
1263 1629
1264 1303
1267 1443
1267 1952
1268 1523
1268 1863
1269 1444
1269 1513
1271 1290
1273 1377
1273 1533
1273 1598
1274 1500
1275 1656
1276 1283
1276 1777
1276 1981
1278 1435
1278 1540
1279 1464
1280 1550
1280 1714
1280 1871
1280 1936
1281 1560
1281 1884
1281 1982
1282 1475
1282 1489
1283 1522
1283 1715
1283 1848
1283 1867
1284 1499
1284 1691
1285 1652
1285 1767
1285 1852
1286 1292
1286 1423
1286 1604
1288 1413
1288 1835
1289 1497
1289 1885
1290 1677
1290 1706
1290 1883
1291 1897
1293 1370
1294 1656
1295 1651
1296 1360
1296 1417
1296 1961
1297 1353
1298 1405
1298 1974
1299 1499
1301 1780
1301 1893
1302 1636
1302 1638
1302 1858
1303 1311
1303 1443
1303 1751
1303 1792
1303 1933
1304 1529
1305 1430
1305 1846
1306 1396
1306 1751
1307 1397
1307 1715
1307 1910
1307 1952
1307 1959
1308 1756
1308 1885
1309 1354
1309 1498
1309 1676
1311 1718
1312 1985
1314 1916
1316 1455
1316 1642
1317 1418
1318 1392
1318 1528
1321 1412
1321 1441
1321 1660
1321 1713
1323 1808
1323 1941
1324 1729
1325 1354
1325 1446
1325 1488
1325 1571
1325 1691
1325 1824
1326 1961
1327 1510
1327 1805
1328 1821
1329 1443
1329 1888
1330 1564
1330 1981
1333 1387
1334 1877
1335 1686
1335 1687
1337 1611
1338 1339
1338 1460
1338 1640
1339 1553
1340 1424
1340 1473
1340 1838
1340 1899
1340 1953
1341 1504
1341 1955
1342 1636
1342 1856
1342 1857
1343 1422
1344 1796
1344 1819
1344 1837
1344 1886
1344 1974
1346 1857
1347 1829
1347 1997
1349 1590
1349 1810
1350 1703
1350 1816
1350 1890
1352 1401
1353 1927
1354 1583
1355 1907
1356 1698
1356 1718
1359 1618
1361 1545
1362 1542
1364 1379
1365 1891
1367 1660
1367 1979
1368 1457
1369 1390
1370 1531
1372 1375
1372 1892
1374 1738
1375 1885
1376 1451
1376 1919
1377 1492
1377 1631
1377 1764
1379 1508
1379 1701
1379 1994
1380 1451
1380 1941
1382 1563
1383 1633
1385 1571
1386 1850
1387 1496
1390 1457
1391 1413
1391 1832
1391 1923
1392 1563
1393 1701
1393 1854
1394 1895
1394 1987
1396 1569
1397 1581
1397 1619
1400 1624
1401 1563
1401 1901
1403 1990
1404 1859
1404 1874
1406 1637
1407 1488
1407 1800
1408 1704
1409 1685
1410 1424
1410 1573
1412 1652
1413 1724
1414 1475
1415 1640
1415 1982
1417 1429
1418 1767
1418 1999
1419 1539
1419 1876
1420 1534
1420 1955
1421 1578
1421 1592
1423 1868
1425 1451
1428 1709
1429 1750
1430 1522
1432 1719
1433 1556
1433 1594
1434 1676
1435 1898
1436 1537
1436 1586
1436 1700
1436 1846
1437 1976
1438 1466
1438 1668
1438 1996
1439 1899
1440 1705
1440 1715
1440 1963
1443 1983
1444 1452
1444 1572
1444 1590
1445 1566
1445 1848
1447 1689
1447 1881
1448 1744
1449 1502
1454 1842
1455 1491
1455 1755
1455 1975
1457 1504
1457 1839
1459 1925
1460 1551
1461 1683
1461 1756
1461 1927
1463 1554
1463 1721
1465 1875
1465 1917
1466 1907
1467 1756
1469 1612
1470 1996
1471 1924
1473 1636
1474 1909
1475 1612
1475 1818
1475 1844
1476 1482
1478 1703
1478 1933
1478 1955
1481 1918
1482 1670
1482 1832
1485 1715
1486 1610
1486 1828
1487 1535
1487 1706
1488 1489
1488 1928
1489 1602
1489 1780
1490 1856
1490 1929
1490 1998
1492 1938
1493 1866
1494 1596
1494 1838
1497 1708
1497 1714
1500 1548
1501 1670
1502 1695
1502 1795
1503 1869
1503 1955
1504 1990
1505 1720
1507 1688
1507 1836
1509 1804
1509 1944
1510 1734
1510 1739
1512 1553
1512 1629
1512 1901
1513 1750
1515 1934
1516 1858
1516 1917
1520 1652
1520 1768
1520 1869
1521 1565
1521 1799
1522 1926
1523 1890
1524 1754
1525 1596
1526 1818
1527 1906
1530 1551
1530 1607
1530 1705
1531 1837
1534 1841
1535 1836
1536 1700
1536 1940
1539 1762
1539 1860
1539 1954
1541 1935
1542 1817
1543 1679
1543 1726
1544 1859
1545 1682
1546 1727
1549 1552
1549 1824
1550 1721
1551 1852
1553 1651
1556 1621
1556 1944
1557 1748
1557 1911
1559 1765
1562 1636
1562 1955
1565 1691
1566 1575
1568 1762
1568 1772
1568 1805
1569 1718
1569 1823
1569 1936
1570 1684
1570 1729
1571 1698
1572 1604
1573 1637
1573 1703
1573 1848
1578 1622
1579 1592
1579 1641
1581 1608
1582 1595
1588 1761
1590 1768
1591 1919
1592 1989
1594 1784
1595 1967
1597 1994
1600 1916
1602 1910
1603 1884
1606 1814
1607 1849
1608 1711
1608 1968
1610 1698
1613 1668
1613 1770
1613 1873
1614 1787
1614 1947
1615 1815
1616 1952
1617 1733
1617 1925
1618 1735
1624 1655
1627 1667
1628 1846
1630 1708
1631 1742
1633 1978
1634 1637
1637 1757
1639 1847
1640 1862
1641 1748
1641 1776
1643 1976
1647 1828
1648 1673
1648 1698
1648 1937
1652 1799
1652 1949
1658 1691
1659 1893
1662 1904
1662 1948
1664 1955
1665 1694
1665 1917
1666 1669
1666 1886
1667 1859
1668 1729
1670 1742
1672 1691
1672 1770
1672 1819
1673 1775
1674 1689
1674 1962
1678 1829
1679 1758
1688 1999
1689 1759
1689 1808
1690 1955
1690 1995
1692 1762
1693 1764
1694 1838
1702 1712
1702 1727
1703 1959
1704 1794
1707 1757
1708 1940
1710 1875
1711 1782
1711 1968
1712 1715
1713 1848
1715 1907
1716 1939
1719 1869
1722 1949
1723 1794
1727 1963
1730 1911
1733 1790
1734 1959
1736 1861
1737 1869
1739 1951
1741 1814
1743 1870
1745 1959
1746 1796
1746 1910
1747 1817
1749 1773
1749 1815
1749 1896
1749 1947
1752 1836
1754 1974
1755 1781
1760 1791
1760 1798
1767 1920
1770 1868
1776 1829
1777 1860
1781 1838
1782 1873
1787 1856
1790 1898
1792 1803
1793 1844
1794 1985
1800 1844
1802 1804
1802 1964
1805 1866
1809 1839
1809 1849
1811 1965
1813 1874
1814 1918
1823 1933
1827 1964
1827 1995
1829 1977
1830 1909
1832 1840
1835 1899
1836 1875
1840 1922
1844 1998
1846 1909
1848 1985
1853 1981
1854 1968
1857 1947
1860 1917
1865 1868
1865 1876
1866 1874
1867 1936
1870 1962
1872 1930
1875 1921
1885 1886
1896 1977
1916 1927
1923 1979
1925 1982
1926 1945
1977 1986
