0 519
0 1712
0 1811
0 1816
1 265
1 459
1 602
1 1164
1 1893
2 361
2 653
2 1502
2 1576
2 1640
3 443
3 1474
3 1585
4 1658
5 1090
5 1099
6 440
6 482
6 1000
6 1627
6 1647
6 1659
7 81
7 680
7 1177
8 97
8 1214
8 1602
8 1946
9 1453
9 1655
9 1728
10 15
10 216
11 335
11 371
11 392
11 675
11 1053
11 1417
12 73
12 1182
12 1331
12 1594
12 1641
12 1743
13 441
13 459
13 571
13 651
13 1433
13 1795
14 81
14 753
15 651
15 1051
15 1561
16 796
16 1188
16 1253
17 336
17 1035
17 1337
17 1566
17 1641
17 1807
18 703
18 718
18 771
18 826
18 1246
18 1487
18 1565
19 643
20 116
20 211
20 727
20 1629
21 628
21 694
21 1129
21 1654
22 1123
22 1616
22 1836
22 1840
23 302
23 365
23 642
23 1455
23 1698
23 1871
24 324
24 821
24 1011
25 751
25 855
25 1442
26 930
26 983
26 1114
26 1167
26 1607
27 309
27 786
27 899
27 1011
27 1437
28 63
28 1239
29 47
29 758
29 1428
29 1579
29 1683
29 1699
29 1730
29 1821
30 410
30 1280
30 1357
31 497
31 865
32 277
32 630
32 873
32 1622
32 1813
33 175
33 1011
33 1445
33 1637
33 1732
33 1872
34 987
34 1479
35 310
35 852
35 1200
35 1528
36 356
36 1083
36 1136
37 401
37 1526
37 1890
37 1931
38 470
38 1369
38 1494
38 1749
39 258
39 1358
39 1594
39 1635
39 1823
39 1854
39 1898
40 233
40 453
40 497
40 780
40 1270
41 368
41 828
41 1737
42 781
42 977
42 1471
42 1842
43 1752
44 72
44 114
44 379
44 538
44 816
44 1028
44 1604
45 652
45 921
45 1400
45 1916
46 513
46 828
46 1604
46 1836
47 86
47 1004
47 1207
47 1570
47 1994
48 232
49 307
49 980
49 1566
50 1045
50 1274
50 1450
50 1457
50 1589
51 759
52 493
52 757
52 1145
52 1368
52 1504
53 154
53 780
53 903
53 1457
54 242
54 418
54 800
54 1639
54 1698
54 1742
54 1919
55 206
55 482
55 514
55 1243
55 1247
56 301
56 409
56 948
56 1569
56 1697
56 1878
57 343
57 458
57 799
57 855
57 1218
58 567
58 1000
59 505
59 895
59 1231
59 1894
59 1952
60 786
60 929
60 1452
60 1477
60 1665
61 202
61 1528
62 261
62 483
62 555
62 741
62 835
62 1458
62 1625
62 1889
63 188
63 644
63 967
63 1101
63 1397
63 1458
63 1639
64 398
64 1652
64 1696
65 368
65 396
65 659
65 1076
65 1527
65 1699
66 328
66 867
67 609
67 946
67 1280
68 441
68 784
68 1734
69 417
69 1526
69 1531
69 1642
69 1819
70 970
70 1097
70 1104
71 1072
72 304
72 1201
72 1373
72 1783
73 1174
73 1304
74 587
74 618
74 1154
74 1426
74 1936
75 117
75 552
75 761
75 956
75 1341
75 1882
76 1195
76 1629
77 156
77 190
77 866
77 1156
77 1552
78 1376
78 1886
79 1061
79 1141
79 1204
79 1705
80 180
80 410
80 705
80 1403
80 1625
81 1435
82 219
82 1090
83 189
83 462
83 663
83 1024
83 1419
84 377
85 160
85 718
85 727
85 1323
85 1910
86 120
86 573
86 1438
86 1464
87 150
87 182
87 819
87 931
87 1039
88 1237
89 703
89 773
89 1207
90 244
90 1186
90 1500
90 1765
91 252
91 736
91 815
91 1868
92 240
92 645
92 834
92 1792
93 104
93 463
93 785
93 990
93 1051
93 1331
93 1400
94 286
94 465
94 982
94 1311
95 801
95 831
96 347
96 643
96 1581
96 1610
96 1826
97 695
97 1004
97 1352
97 1429
97 1740
98 809
98 1367
99 581
99 592
99 715
99 1114
99 1191
100 736
100 1232
101 697
101 698
101 1318
101 1426
101 1815
102 480
102 891
103 1071
103 1195
103 1695
104 407
104 1229
105 856
105 1022
105 1935
106 388
106 546
106 678
106 810
106 1441
106 1617
106 1844
107 1048
107 1618
109 133
109 369
109 641
109 686
109 1080
109 1177
109 1569
110 504
110 823
110 970
110 1689
111 169
111 744
111 1324
111 1612
111 1613
111 1827
112 432
112 616
112 649
112 793
112 1118
112 1497
112 1947
113 329
113 701
113 1266
113 1417
113 1579
113 1743
114 430
114 547
114 1172
115 419
115 676
115 1098
115 1876
116 210
117 350
117 989
117 1087
117 1511
118 219
118 688
118 1132
119 218
119 494
119 776
119 871
121 337
121 405
121 551
121 779
121 1134
121 1140
121 1211
121 1819
122 129
122 504
122 1531
122 1849
123 706
123 1250
123 1878
124 715
124 877
125 279
125 1398
125 1552
125 1952
126 236
126 1113
126 1543
127 748
128 140
128 306
128 320
128 359
128 800
128 818
129 687
129 1513
129 1981
130 655
130 1899
131 608
131 726
131 786
131 914
131 1238
132 319
132 794
132 977
132 1568
133 1260
134 452
134 714
134 1794
135 1052
136 319
136 335
136 1055
136 1122
136 1173
136 1668
136 1968
137 337
137 1762
137 1924
138 310
138 677
138 989
138 1507
138 1642
138 1802
138 1812
139 696
139 1826
140 357
140 753
140 812
140 962
140 964
140 1462
140 1760
140 1765
141 1438
141 1573
142 514
142 1945
143 223
143 617
143 959
143 1373
143 1583
144 230
144 1067
144 1338
145 220
145 1233
145 1402
145 1404
146 1508
146 1589
146 1872
147 547
147 658
147 1014
147 1097
147 1294
148 459
148 1541
148 1824
149 378
149 475
149 520
150 844
150 1313
150 1514
151 292
151 494
151 850
151 1013
152 518
153 784
153 1775
154 243
154 286
154 1130
155 169
155 659
155 938
155 1670
155 1709
156 412
156 885
156 1199
156 1252
156 1311
157 550
157 1942
158 933
159 282
159 383
159 1371
160 239
160 1671
161 1390
161 1609
161 1769
162 598
162 893
162 1076
162 1199
162 1226
163 582
163 950
163 1147
163 1607
163 1781
163 1978
164 304
164 516
164 1574
166 1070
166 1758
167 1424
167 1447
167 1507
168 253
168 617
168 620
168 826
168 1055
168 1226
168 1355
168 1517
168 1621
168 1814
169 1045
169 1381
169 1750
169 1998
170 263
170 591
171 216
171 286
171 303
171 478
171 1283
171 1752
172 509
172 696
172 735
172 1014
172 1850
172 1941
172 1961
173 948
173 1257
174 482
174 823
174 885
175 1483
176 270
176 390
176 404
176 630
176 1630
176 1928
177 210
177 282
177 1537
178 589
178 986
178 1947
179 444
179 1171
179 1273
179 1966
180 284
180 298
180 313
180 1270
180 1757
181 950
181 1332
181 1805
181 1867
182 625
182 821
182 1345
182 1561
183 348
183 1256
183 1402
183 1624
183 1764
184 997
184 1056
184 1843
185 404
185 1380
185 1930
186 357
186 449
186 901
186 1324
186 1730
187 286
187 672
187 1047
187 1087
188 221
188 317
188 621
188 699
188 1026
188 1944
188 1998
190 699
190 785
190 816
190 1121
190 1221
191 342
191 1575
192 221
192 612
192 676
192 1314
192 1525
192 1855
192 1901
193 442
193 1205
193 1680
194 216
194 812
194 940
194 1050
194 1599
194 1762
195 428
195 666
195 1061
195 1421
195 1429
195 1446
195 1611
195 1908
196 266
196 1105
196 1157
198 282
198 449
198 839
198 850
198 1459
198 1730
199 522
199 679
199 946
199 1130
199 1548
199 1853
200 584
200 1086
200 1236
200 1367
200 1847
201 1159
201 1629
202 1570
202 1716
202 1995
203 503
203 808
203 1215
203 1420
205 361
205 1534
205 1840
206 674
206 774
206 1300
207 210
207 493
207 1547
208 478
208 900
208 925
208 1062
208 1353
208 1540
208 1864
209 242
209 244
209 686
209 973
209 989
209 1615
210 434
211 883
211 1337
211 1351
212 467
212 811
212 1114
212 1246
212 1280
212 1969
213 215
213 369
214 506
215 255
215 486
215 854
215 1024
215 1683
216 898
216 1004
216 1985
217 409
217 653
217 1226
217 1498
217 1975
218 640
218 718
218 921
218 1106
218 1598
219 843
219 897
219 940
219 1429
219 1875
220 382
220 1214
221 1561
222 1129
223 1351
223 1394
224 294
224 396
224 975
224 1205
224 1239
224 1449
224 1671
225 1396
226 263
226 1056
226 1298
227 1985
228 349
228 457
228 1280
228 1597
229 272
229 458
229 1807
230 525
230 575
230 1406
230 1527
230 1575
231 1497
231 1702
232 362
232 763
232 1525
232 1699
233 726
233 944
233 1702
234 1672
234 1705
235 365
235 639
235 873
235 1963
236 272
236 752
236 962
236 1204
236 1385
236 1508
236 1647
237 797
237 1494
238 470
238 1959
239 625
239 981
239 1040
240 580
240 837
240 889
240 1038
240 1167
240 1271
240 1464
240 1775
241 403
241 864
241 1521
241 1675
241 1948
242 717
242 1085
242 1986
243 1395
244 413
244 605
244 980
244 1227
245 570
245 952
245 960
246 496
247 660
247 846
248 1679
249 583
249 708
249 1118
249 1736
249 1991
250 286
250 901
250 925
250 1066
250 1833
251 848
251 1722
252 1674
252 1833
252 1944
253 450
253 697
253 708
253 859
253 910
253 1387
253 1854
254 1139
254 1182
254 1250
254 1660
254 1836
255 359
255 761
255 1118
255 1234
255 1363
256 342
257 502
257 575
257 1823
258 582
258 1090
259 517
259 865
260 1676
260 1710
260 1866
261 365
261 1976
262 1053
262 1566
263 333
263 638
263 1872
264 420
264 816
264 894
264 1194
264 1310
264 1450
264 1545
264 1769
264 1911
265 326
265 846
265 1890
266 628
266 1364
267 824
267 933
267 1977
268 491
268 1209
268 1362
268 1509
268 1593
268 1670
269 1988
270 479
270 521
270 644
270 695
270 886
270 1095
270 1219
270 1306
270 1857
271 423
271 1157
271 1287
271 1479
271 1707
272 1229
272 1722
272 1775
272 1781
273 391
273 950
273 1295
273 1315
273 1483
274 541
274 685
274 1348
274 1975
275 1173
275 1287
276 499
276 751
276 1134
276 1202
276 1945
277 444
277 1308
277 1452
277 1579
278 448
278 1127
278 1191
278 1248
278 1349
279 344
279 486
279 747
279 869
279 1327
279 1335
279 1516
280 911
280 1348
280 1479
281 414
281 554
281 740
281 923
282 620
282 823
282 1957
283 344
283 650
283 902
283 1133
283 1746
284 1672
284 1875
285 848
285 1423
285 1537
285 1637
285 1824
285 1940
286 357
286 1084
286 1518
286 1895
287 604
287 628
287 1173
288 1140
288 1548
289 1493
290 1167
291 317
291 1548
291 1562
292 312
292 767
292 806
292 1374
292 1528
292 1883
292 1995
293 371
293 919
293 1083
293 1191
293 1296
293 1741
294 923
294 1066
294 1617
294 1673
294 1821
295 298
295 1078
295 1211
295 1238
295 1954
296 595
296 1344
296 1935
297 644
297 1060
297 1065
297 1954
298 429
298 1251
298 1368
298 1768
299 390
299 498
299 661
299 1079
300 308
300 443
300 922
301 1562
302 626
302 1122
303 665
303 792
303 1377
303 1717
303 1823
305 668
305 918
305 1682
306 1022
306 1036
306 1038
306 1549
306 1856
306 1978
307 1747
307 1965
308 371
308 495
308 1174
309 641
309 1032
309 1260
310 906
310 1514
310 1761
310 1793
311 604
311 846
311 1483
312 1367
312 1490
312 1668
312 1937
313 556
313 685
313 735
313 1529
313 1820
314 1432
314 1543
314 1733
315 779
315 840
316 830
316 1721
317 331
317 480
317 1085
317 1271
318 929
318 971
318 1038
318 1086
319 500
319 898
319 986
320 829
320 1216
320 1397
321 472
321 585
321 870
321 1235
322 524
322 603
322 1151
322 1236
322 1817
322 1989
323 1119
323 1591
323 1973
324 898
324 905
324 1199
324 1458
325 342
325 1052
325 1893
326 841
326 1438
327 418
327 495
327 994
327 1142
327 1219
327 1801
328 1316
329 723
329 1756
330 460
330 510
330 1234
330 1373
331 464
331 1244
332 603
332 1169
332 1394
333 732
333 872
333 1122
333 1601
333 1731
334 1257
335 651
335 725
335 917
335 1230
335 1696
335 1829
336 645
336 1355
336 1382
336 1618
336 1780
337 425
337 823
337 968
337 984
337 1347
337 1395
338 577
338 1367
338 1781
338 1848
338 1969
339 1494
339 1514
339 1560
339 1628
339 1645
340 429
340 481
340 896
340 1573
340 1753
340 1782
341 359
341 448
341 1071
341 1075
341 1481
341 1525
341 1684
341 1838
342 478
342 1299
343 397
343 943
343 1570
343 1614
344 681
344 1030
344 1855
345 724
345 922
346 516
346 660
346 1744
347 836
347 1257
347 1455
347 1576
347 1673
347 1677
348 634
348 1769
349 745
349 1378
349 1508
349 1655
349 1705
350 501
351 368
351 530
351 1450
351 1919
351 1983
353 663
353 882
353 884
353 1650
354 568
354 1041
354 1504
354 1850
355 678
355 695
356 951
356 1738
357 371
357 1745
357 1858
358 681
358 821
358 1267
358 1687
358 1700
358 1726
359 440
359 538
359 731
359 1213
360 634
360 1246
360 1323
361 910
361 1197
361 1472
361 1609
361 1669
362 503
362 1182
363 735
363 1085
363 1392
363 1618
365 1343
365 1390
365 1499
366 577
366 615
366 627
366 1553
367 477
367 683
367 1059
367 1078
367 1328
367 1374
368 405
368 1674
368 1758
369 815
369 1753
370 561
370 846
370 1048
370 1198
370 1750
371 1009
371 1522
371 1968
372 521
372 1440
373 1976
375 756
376 770
377 869
377 990
378 1209
379 1530
379 1672
379 1753
380 604
380 1320
380 1697
381 645
381 835
381 867
381 1254
382 458
382 561
382 1901
383 687
383 1029
384 935
384 1738
384 1788
385 437
385 508
386 1258
387 1161
387 1277
388 538
388 862
388 874
388 1602
389 595
389 662
389 974
389 1150
389 1778
390 1183
390 1596
390 1864
390 1908
390 1947
391 872
391 1377
391 1441
391 1683
392 683
392 805
392 1244
392 1598
392 1601
393 1243
394 739
394 1967
395 1124
395 1729
395 1734
396 1272
397 441
397 480
397 1268
397 1495
397 1528
398 401
398 1392
398 1820
399 767
399 1688
400 575
400 952
400 1068
400 1122
400 1187
400 1257
400 1287
401 1463
401 1641
402 698
402 1068
402 1347
402 1527
403 1367
403 1829
404 814
404 961
404 1178
404 1179
404 1807
404 1870
406 969
406 978
406 1053
406 1327
406 1643
407 469
407 702
407 1218
407 1585
407 1677
407 1815
408 1133
408 1142
408 1693
409 567
409 1264
409 1347
409 1513
409 1571
410 837
410 863
410 1227
410 1511
411 888
411 1452
411 1454
411 1511
411 1822
412 1362
414 976
414 1269
414 1700
415 1897
416 441
416 648
416 1196
416 1375
416 1924
416 1943
417 1496
418 792
418 1323
418 1367
418 1643
418 1815
418 1860
419 604
419 1663
421 592
421 1180
421 1941
422 500
422 593
422 897
423 1349
423 1438
423 1553
424 1276
424 1439
424 1551
424 1795
425 987
426 453
426 571
426 910
426 966
426 1394
427 922
427 1496
428 717
428 1811
429 716
429 1238
430 516
430 575
430 606
430 853
430 1151
430 1739
431 1034
431 1583
433 795
433 1333
434 552
434 756
434 1196
434 1488
434 1601
435 582
435 985
436 1424
436 1743
438 952
438 1699
438 1945
439 711
439 861
439 913
440 714
440 722
440 842
440 1256
440 1524
441 1622
441 1827
441 1907
442 491
443 695
443 876
443 1761
444 689
444 824
444 1378
444 1843
445 563
445 636
445 735
445 924
445 1265
446 460
446 1619
447 608
447 1335
447 1396
447 1464
447 1465
447 1757
449 493
449 1791
449 1825
451 583
451 1397
451 1510
451 1906
452 505
452 1661
453 773
453 799
453 1022
454 483
454 623
454 687
454 1108
454 1265
454 1399
455 1515
455 1522
456 1867
458 903
458 987
458 988
458 1278
458 1587
459 694
459 1211
460 790
460 1083
460 1134
460 1753
461 486
461 1487
461 1700
462 588
462 1651
462 1859
462 1873
463 1295
463 1803
464 670
464 751
464 1776
464 1827
465 1619
465 1795
466 1748
466 1949
467 700
467 713
467 997
467 1097
467 1328
467 1501
467 1687
468 1045
468 1209
468 1258
468 1962
469 1578
470 660
470 671
470 1415
470 1782
471 1435
471 1628
471 1641
472 501
472 1061
472 1274
473 577
473 614
474 533
474 1026
474 1836
474 1974
475 697
475 717
475 885
475 1283
475 1432
475 1586
475 1776
475 1891
476 511
476 629
476 911
476 1363
477 1039
477 1419
478 883
478 1062
479 908
479 1047
480 600
480 609
480 610
480 719
481 510
481 944
481 1021
481 1414
483 801
483 925
483 1250
483 1303
484 1205
485 915
485 1303
486 1377
486 1644
486 1790
486 1947
487 730
487 984
487 1608
487 1795
487 1966
488 507
488 1661
488 1754
488 1980
489 811
489 978
489 1275
489 1358
490 904
490 1529
490 1559
490 1686
491 1094
491 1477
492 1103
492 1919
493 1251
494 776
494 1574
495 866
495 1286
495 1499
496 1124
496 1728
496 1906
497 582
497 933
497 1743
497 1848
498 636
499 1053
500 1186
500 1199
500 1857
500 1871
501 857
502 769
502 870
502 1233
503 748
503 786
503 911
503 1341
504 641
504 707
504 1344
504 1592
505 720
505 800
505 1342
505 1361
506 1612
506 1828
506 1879
507 1213
508 708
508 1840
508 1913
509 809
511 620
511 1386
512 1764
513 765
514 1395
514 1987
515 724
515 813
515 1338
515 1409
517 920
517 991
517 1443
517 1918
517 1923
518 593
518 803
518 957
518 1646
518 1690
519 558
519 1524
521 673
521 1135
521 1715
522 930
522 1315
522 1628
523 578
523 1002
523 1541
523 1555
524 1277
525 711
525 994
525 1197
525 1423
526 997
526 1169
527 919
527 953
527 1060
527 1315
528 1164
530 1102
530 1326
530 1791
531 1686
532 730
532 1001
533 546
533 1041
534 772
534 920
535 568
536 1169
537 793
537 1033
537 1572
537 1683
538 669
538 844
538 859
538 1956
538 1963
539 897
539 1712
540 1159
540 1887
541 1649
542 1019
542 1045
542 1622
543 798
543 1194
543 1476
544 628
544 803
544 1119
546 1766
546 1775
547 1375
547 1624
547 1723
548 747
548 974
548 1022
548 1889
549 571
549 1384
550 613
550 760
550 1954
551 921
551 1019
551 1378
551 1744
552 929
552 978
552 1308
552 1595
552 1736
553 690
553 1200
554 1182
554 1392
555 869
555 936
555 994
555 1449
555 1526
555 1830
555 1958
556 1091
556 1157
556 1515
557 887
557 1313
558 568
558 1129
559 788
559 976
559 1324
559 1775
560 624
560 788
560 1861
561 562
561 1068
561 1878
562 1094
563 592
563 773
563 1216
563 1835
564 1197
565 771
565 1183
565 1347
565 1924
566 1462
566 1483
566 1589
566 1846
567 1560
567 1706
567 1781
568 804
568 1739
569 621
569 1337
569 1594
569 1851
570 1352
570 1578
571 860
571 1230
571 1524
571 1996
572 622
572 796
572 967
572 1526
572 1842
572 1969
573 802
573 1660
573 1694
573 1803
574 702
574 1781
575 826
575 1373
575 1381
577 668
577 1252
578 635
578 945
578 1099
578 1134
578 1239
578 1645
579 1570
580 1232
580 1374
580 1619
581 679
581 1752
582 978
582 980
582 1518
582 1924
583 1341
583 1431
583 1452
584 904
584 1074
584 1363
584 1900
584 1970
586 1253
586 1708
586 1807
587 929
587 1178
587 1233
587 1357
587 1512
587 1714
587 1745
587 1942
588 854
588 1859
589 637
589 826
589 1450
589 1454
589 1494
591 683
592 1004
592 1221
592 1379
592 1470
593 1681
593 1973
594 798
594 964
594 1724
595 1410
596 1068
596 1532
596 1616
597 934
597 1754
598 1341
598 1379
598 1435
598 1782
599 716
599 1762
600 619
601 1139
601 1222
601 1922
602 758
602 837
602 1603
602 1726
603 771
604 768
604 789
604 900
604 913
604 1270
604 1851
605 800
605 1678
606 1342
607 1241
607 1361
607 1362
607 1535
608 624
609 655
611 1781
612 670
612 806
613 1089
614 790
615 1042
615 1638
615 1688
616 1011
616 1133
616 1489
617 1975
618 802
619 918
619 1436
619 1943
620 800
620 1310
621 1422
622 665
622 903
622 1151
622 1411
623 751
623 1198
623 1568
624 690
624 915
624 1826
625 1186
625 1432
625 1493
626 1111
626 1180
626 1767
626 1989
627 976
627 1158
628 1123
628 1551
628 1694
629 857
629 1324
630 667
630 744
631 979
631 988
631 1203
631 1323
631 1525
631 1766
631 1887
632 1260
632 1599
633 1363
634 925
634 1541
634 1923
635 1062
635 1463
635 1690
636 1110
636 1917
637 1949
638 831
638 942
638 1351
638 1873
639 962
639 1071
639 1374
639 1923
641 1971
642 842
642 1122
642 1980
643 1104
643 1716
644 889
644 1097
646 978
646 1598
647 667
647 1749
648 1017
648 1116
648 1335
648 1434
648 1657
648 1762
648 1768
648 1960
649 1775
649 1972
650 1647
650 1669
651 1761
652 705
652 1114
653 1233
653 1753
654 1673
654 1679
655 737
655 1244
655 1368
655 1665
655 1909
655 1962
656 712
656 917
657 1242
657 1332
657 1448
657 1903
658 1184
659 848
659 1334
659 1467
659 1534
660 1105
660 1289
660 1382
660 1610
660 1666
661 1796
662 904
662 1046
662 1468
662 1562
663 797
663 832
663 971
663 1061
665 926
666 884
667 1154
667 1540
667 1936
669 848
670 850
670 1532
670 1872
670 1970
672 745
673 794
673 1033
673 1149
673 1699
674 1449
674 1926
675 1151
675 1272
675 1547
676 1053
676 1114
676 1129
676 1661
676 1847
676 1913
677 866
677 1926
677 1987
678 873
678 919
678 1009
679 706
679 725
679 774
679 1179
680 1518
680 1676
681 1748
682 796
682 1161
682 1278
682 1460
682 1997
683 940
683 1506
683 1581
683 1583
683 1887
684 705
684 1993
685 973
685 1195
685 1392
686 1834
687 852
687 1407
687 1579
687 1905
688 769
688 1407
689 849
689 1659
689 1923
690 801
690 1170
690 1296
690 1361
691 720
692 747
692 1942
693 1801
694 1288
694 1481
695 1034
695 1039
695 1168
695 1329
695 1445
695 1875
696 1360
697 1141
697 1572
697 1584
698 1298
698 1713
698 1891
699 1269
700 1178
700 1469
700 1985
701 1053
701 1341
702 1081
702 1384
702 1624
703 1195
703 1257
703 1293
703 1543
704 729
704 1283
704 1363
704 1998
705 1443
705 1629
705 1699
706 1175
706 1429
706 1863
707 1357
707 1461
707 1848
708 907
708 1134
708 1464
708 1890
708 1914
709 1083
709 1114
709 1656
710 864
710 881
710 1646
710 1736
711 1068
711 1186
711 1436
712 1262
713 1193
713 1470
713 1501
713 1704
714 1098
714 1634
714 1773
715 766
715 1072
716 1028
717 844
717 880
717 1218
717 1625
717 1761
718 1104
718 1331
719 1062
719 1328
719 1444
720 1012
720 1418
720 1721
721 1139
721 1388
722 775
722 1022
722 1984
723 769
723 1098
723 1254
723 1371
723 1489
723 1608
724 1022
724 1305
724 1397
724 1804
725 1045
726 818
726 1091
726 1883
727 1360
727 1998
728 819
729 737
729 1136
729 1294
729 1310
729 1358
730 1817
730 1821
731 1117
731 1411
731 1760
732 875
732 1314
732 1400
732 1875
733 1178
733 1259
733 1307
733 1575
733 1623
733 1700
733 1764
733 1770
733 1949
734 1015
734 1269
734 1346
734 1788
734 1807
735 1190
735 1667
736 965
736 1168
736 1927
736 1979
737 1428
737 1985
738 1487
739 795
739 887
739 1354
740 911
740 1590
741 769
741 1016
741 1313
741 1430
741 1494
741 1657
742 791
742 1147
742 1647
742 1661
743 1512
744 775
744 1291
744 1442
745 1023
745 1075
745 1186
745 1345
745 1373
745 1535
746 1370
746 1673
746 1729
746 1852
747 868
747 1635
748 1687
749 1158
749 1334
749 1554
750 1692
751 904
751 989
751 1448
751 1537
751 1691
751 1910
752 835
752 1840
753 803
753 871
753 1197
753 1831
754 1244
754 1630
754 1932
755 1707
756 779
756 1113
756 1920
756 1995
757 934
757 1849
758 1184
758 1764
758 1844
758 1934
760 1474
761 1048
761 1099
762 1058
763 795
763 808
763 1644
765 1438
765 1611
766 785
767 1998
768 977
768 1473
768 1767
769 1154
770 1489
770 1841
771 1001
771 1193
771 1832
771 1965
773 1044
773 1132
773 1436
773 1453
773 1908
774 1130
774 1339
774 1358
774 1870
775 1333
776 996
776 1027
776 1364
776 1927
777 1344
777 1393
777 1850
778 1508
778 1548
778 1559
779 1071
779 1251
780 1285
781 935
781 1235
781 1553
782 956
782 1747
782 1771
782 1881
783 1024
784 835
784 913
784 1246
784 1730
785 1029
786 1763
786 1784
788 1219
788 1841
789 855
789 1014
789 1385
789 1474
789 1771
789 1892
789 1927
790 893
790 1706
791 944
791 1127
791 1845
792 891
792 992
792 1485
792 1489
792 1513
792 1669
792 1895
793 881
794 1435
794 1726
795 1334
796 849
796 1305
796 1385
796 1541
798 993
798 1025
798 1298
799 997
799 1329
799 1567
800 1646
801 1098
801 1653
801 1786
802 1598
804 1510
806 1838
807 1266
807 1955
808 954
808 1862
809 1144
809 1294
809 1746
810 1379
811 1932
813 1418
814 1031
815 865
815 1954
816 819
816 911
816 1347
817 1376
817 1624
817 1689
817 1741
817 1750
818 854
818 881
818 1094
819 851
819 973
819 1074
819 1283
819 1368
819 1988
820 1051
820 1342
820 1467
821 1243
821 1391
821 1772
822 1271
822 1882
822 1923
823 1221
824 1916
825 1587
825 1611
825 1653
825 1872
826 899
826 1087
827 1506
827 1854
828 1398
828 1596
829 1035
829 1316
829 1755
830 1902
831 1063
831 1639
831 1880
832 924
832 1709
832 1854
833 1579
833 1850
834 1207
834 1377
834 1708
834 1717
835 870
835 917
835 1021
835 1969
836 963
836 1038
836 1687
838 1076
838 1193
838 1398
838 1549
838 1665
840 1153
840 1657
840 1956
841 948
841 1056
842 1379
843 1806
844 1228
844 1253
844 1315
845 847
845 1383
845 1453
845 1553
845 1876
846 1008
847 1228
847 1327
847 1622
847 1812
848 1067
848 1138
848 1187
848 1980
849 1974
850 1137
850 1996
851 862
851 906
851 1229
851 1485
851 1488
851 1576
851 1596
851 1628
851 1863
853 876
853 1590
853 1839
856 1644
857 1177
858 913
859 1670
860 1083
860 1212
861 936
862 888
862 1041
862 1715
862 1770
865 1019
865 1445
866 871
866 1845
867 1184
867 1698
868 1136
868 1410
868 1494
868 1792
873 979
873 1237
873 1310
873 1598
873 1921
874 1124
874 1134
875 1799
875 1896
877 1029
878 1015
878 1068
880 900
880 1724
880 1959
881 896
881 1254
882 1220
883 1445
883 1540
883 1768
883 1854
884 899
884 1200
884 1308
884 1340
885 940
885 947
885 1736
886 988
886 1271
886 1391
886 1462
886 1801
887 1701
888 924
889 969
889 1492
889 1942
890 1313
890 1715
890 1806
891 1316
892 1934
892 1967
892 1994
893 1304
893 1726
894 1070
894 1353
894 1838
895 1260
895 1476
895 1899
896 1861
897 1148
897 1213
897 1755
897 1802
897 1975
899 1053
899 1513
899 1875
900 1381
900 1832
900 1965
901 1203
902 1043
902 1483
903 941
903 1224
904 1005
904 1905
905 1143
905 1354
905 1456
905 1978
906 1400
906 1659
907 1402
907 1873
907 1977
908 937
908 993
908 1267
908 1764
908 1966
909 990
909 1926
910 1988
911 1032
911 1943
912 1185
912 1597
914 1288
914 1604
914 1973
915 1246
916 949
916 1014
916 1385
916 1945
917 930
917 1320
917 1626
917 1813
918 1297
918 1483
920 1716
921 1184
921 1973
922 1429
922 1548
923 1111
923 1373
923 1824
924 1423
924 1634
926 1993
927 1385
927 1786
928 1045
928 1163
928 1260
928 1391
928 1617
930 1889
931 1015
931 1811
932 1500
932 1590
932 1842
933 996
933 1303
935 1756
936 1365
938 1748
939 1117
939 1847
941 1454
942 1740
942 1921
944 1393
945 1364
945 1436
947 1586
948 1102
948 1949
949 975
949 1245
949 1512
949 1571
949 1712
950 1308
951 1551
952 1213
953 992
953 1453
953 1580
954 1285
954 1592
955 1064
955 1530
955 1656
955 1806
956 1240
957 1068
957 1114
957 1525
957 1914
958 1059
958 1111
958 1226
958 1628
959 1068
959 1384
959 1909
960 1506
963 1068
963 1216
963 1802
964 970
964 978
964 1997
965 1252
966 1054
966 1594
967 1099
967 1470
968 1099
969 1371
969 1741
970 1272
970 1483
971 1137
971 1216
971 1552
972 1869
972 1976
972 1983
973 1212
973 1749
974 1672
975 1261
976 1217
976 1291
976 1877
976 1881
977 1312
977 1628
977 1810
978 1731
978 1739
978 1921
979 1238
979 1247
979 1386
979 1411
979 1824
980 1793
981 1218
983 1374
984 1471
984 1572
984 1849
984 1892
985 1455
986 1456
986 1753
986 1769
986 1986
987 1339
987 1523
987 1667
988 1283
989 1081
989 1188
990 1441
991 1301
991 1597
991 1620
991 1765
992 1005
993 1409
996 1658
996 1887
997 1060
997 1456
997 1841
998 1057
998 1318
998 1624
998 1935
999 1183
999 1243
999 1519
999 1795
1000 1245
1000 1780
1000 1783
1001 1996
1002 1081
1002 1687
1004 1312
1004 1867
1005 1200
1005 1281
1006 1906
1007 1759
1008 1309
1008 1470
1009 1455
1009 1600
1010 1312
1010 1588
1012 1459
1013 1057
1013 1260
1013 1345
1013 1712
1014 1078
1015 1151
1015 1719
1016 1315
1017 1329
1017 1694
1018 1115
1018 1203
1019 1644
1019 1661
1019 1733
1020 1522
1020 1836
1021 1100
1022 1620
1022 1968
1023 1076
1023 1107
1023 1601
1024 1987
1025 1234
1025 1298
1025 1554
1025 1754
1025 1787
1026 1413
1026 1562
1026 1836
1027 1405
1027 1767
1028 1662
1029 1185
1029 1198
1029 1354
1029 1896
1029 1990
1030 1595
1031 1584
1032 1180
1032 1506
1032 1599
1032 1644
1032 1780
1035 1227
1035 1462
1035 1576
1035 1776
1036 1131
1037 1269
1037 1645
1037 1968
1040 1195
1041 1066
1041 1383
1041 1663
1041 1895
1041 1933
1042 1270
1044 1131
1044 1598
1044 1876
1045 1447
1045 1548
1045 1638
1047 1382
1047 1809
1048 1733
1049 1213
1051 1840
1052 1180
1053 1649
1053 1693
1053 1897
1054 1233
1054 1370
1054 1377
1054 1669
1055 1454
1056 1445
1056 1578
1056 1893
1057 1150
1057 1927
1058 1601
1058 1856
1058 1884
1059 1150
1059 1968
1060 1271
1060 1314
1060 1323
1061 1880
1061 1985
1062 1239
1062 1489
1062 1643
1063 1921
1064 1200
1064 1815
1065 1853
1065 1914
1066 1741
1067 1298
1069 1344
1069 1929
1071 1575
1071 1623
1072 1307
1072 1345
1072 1567
1072 1869
1073 1349
1074 1665
1075 1114
1075 1896
1075 1956
1076 1476
1077 1260
1078 1513
1079 1566
1079 1626
1079 1694
1080 1312
1080 1380
1081 1753
1082 1167
1082 1251
1082 1752
1082 1867
1082 1959
1083 1150
1083 1297
1083 1856
1084 1892
1084 1930
1085 1517
1085 1535
1086 1543
1086 1749
1086 1923
1087 1295
1088 1435
1088 1843
1089 1246
1089 1405
1089 1846
1089 1904
1090 1495
1090 1611
1090 1770
1091 1495
1092 1403
1092 1439
1092 1796
1092 1917
1093 1353
1093 1447
1093 1645
1093 1668
1095 1265
1095 1722
1095 1921
1096 1810
1097 1758
1098 1281
1098 1375
1098 1383
1098 1829
1099 1631
1099 1758
1099 1820
1100 1441
1100 1696
1101 1629
1102 1969
1104 1594
1105 1182
1106 1147
1106 1322
1106 1935
1107 1205
1107 1344
1107 1381
1107 1900
1108 1201
1108 1817
1109 1220
1110 1374
1110 1466
1110 1469
1111 1439
1111 1711
1112 1157
1113 1544
1114 1276
1114 1639
1115 1476
1115 1804
1117 1466
1117 1790
1117 1848
1119 1605
1119 1936
1120 1264
1121 1275
1122 1182
1122 1254
1122 1907
1123 1956
1124 1593
1124 1981
1125 1789
1126 1153
1126 1761
1126 1837
1126 1850
1127 1236
1128 1265
1128 1793
1128 1877
1130 1137
1131 1260
1131 1565
1131 1981
1132 1254
1133 1142
1133 1647
1134 1345
1134 1406
1134 1878
1136 1421
1136 1521
1136 1784
1136 1902
1140 1146
1142 1861
1143 1333
1143 1492
1143 1966
1144 1389
1144 1416
1144 1443
1144 1689
1144 1690
1144 1782
1145 1675
1147 1406
1147 1411
1147 1992
1148 1290
1148 1513
1148 1923
1148 1948
1150 1164
1151 1893
1152 1284
1153 1979
1155 1424
1155 1659
1157 1261
1157 1835
1158 1303
1158 1753
1159 1579
1159 1693
1159 1834
1159 1864
1160 1227
1161 1485
1162 1344
1162 1391
1163 1202
1163 1224
1163 1951
1164 1315
1164 1543
1164 1588
1164 1596
1166 1303
1166 1323
1168 1932
1168 1985
1169 1699
1170 1379
1171 1185
1171 1346
1171 1628
1171 1740
1173 1660
1174 1786
1174 1999
1175 1211
1177 1617
1177 1826
1179 1195
1179 1794
1179 1811
1179 1843
1180 1612
1180 1887
1181 1318
1182 1249
1183 1572
1183 1760
1183 1784
1184 1589
1186 1390
1188 1191
1188 1193
1188 1651
1188 1755
1188 1921
1189 1744
1189 1945
1191 1840
1191 1971
1192 1508
1192 1616
1192 1620
1193 1233
1193 1241
1193 1529
1194 1643
1196 1358
1196 1710
1197 1565
1197 1733
1198 1725
1199 1490
1199 1502
1199 1714
1201 1641
1203 1880
1203 1990
1204 1853
1206 1650
1206 1829
1207 1475
1207 1541
1208 1471
1209 1771
1210 1259
1210 1409
1210 1544
1211 1457
1212 1879
1212 1924
1215 1774
1216 1480
1216 1590
1216 1805
1216 1859
1217 1286
1217 1309
1217 1340
1217 1514
1218 1333
1218 1478
1218 1624
1219 1443
1219 1552
1219 1696
1220 1352
1221 1364
1221 1719
1221 1728
1221 1776
1221 1798
1221 1813
1223 1292
1223 1321
1223 1611
1223 1961
1224 1277
1225 1850
1226 1591
1227 1546
1228 1970
1229 1414
1229 1980
1230 1532
1230 1744
1231 1673
1231 1773
1232 1296
1233 1547
1234 1343
1234 1552
1236 1493
1236 1555
1236 1703
1237 1281
1238 1818
1238 1902
1239 1627
1239 1654
1240 1783
1240 1847
1241 1483
1241 1993
1242 1453
1242 1611
1242 1695
1242 1859
1242 1902
1243 1790
1243 1990
1244 1316
1244 1452
1245 1886
1246 1416
1248 1511
1249 1385
1249 1738
1250 1363
1250 1388
1250 1532
1251 1718
1251 1784
1252 1421
1252 1502
1252 1538
1252 1662
1252 1818
1253 1859
1254 1296
1254 1577
1254 1717
1255 1670
1256 1718
1257 1540
1257 1681
1258 1408
1258 1554
1258 1985
1259 1264
1259 1388
1259 1499
1259 1739
1259 1881
1260 1825
1261 1867
1262 1413
1262 1745
1263 1545
1264 1678
1265 1746
1265 1823
1267 1655
1268 1677
1268 1983
1269 1345
1269 1397
1269 1595
1270 1378
1270 1972
1271 1949
1272 1634
1273 1282
1273 1749
1274 1322
1274 1517
1275 1290
1275 1753
1275 1892
1275 1913
1276 1321
1276 1553
1276 1564
1276 1995
1277 1334
1278 1387
1278 1658
1281 1875
1281 1946
1282 1299
1283 1808
1283 1929
1284 1437
1284 1933
1285 1492
1285 1559
1286 1304
1286 1431
1286 1960
1287 1693
1287 1852
1288 1717
1288 1985
1289 1403
1290 1673
1291 1437
1292 1560
1292 1990
1293 1650
1293 1777
1293 1840
1294 1756
1294 1791
1294 1819
1295 1986
1296 1373
1296 1541
1296 1612
1296 1977
1297 1526
1297 1649
1297 1787
1297 1905
1298 1438
1298 1572
1299 1502
1300 1781
1301 1582
1301 1990
1303 1555
1303 1665
1303 1746
1304 1893
1304 1896
1305 1383
1305 1510
1305 1537
1305 1809
1308 1500
1308 1604
1308 1619
1308 1691
1311 1532
1312 1730
1313 1659
1314 1383
1314 1423
1314 1459
1315 1892
1317 1396
1318 1816
1318 1825
1320 1818
1321 1801
1321 1831
1322 1481
1322 1788
1322 1967
1323 1497
1323 1798
1325 1873
1325 1887
1326 1483
1327 1441
1327 1471
1327 1530
1327 1849
1328 1684
1329 1360
1330 1725
1331 1915
1334 1446
1335 1839
1336 1416
1336 1707
1336 1811
1338 1420
1338 1701
1338 1960
1340 1817
1340 1914
1340 1977
1342 1348
1342 1866
1343 1875
1344 1939
1344 1940
1346 1451
1350 1486
1351 1640
1352 1687
1352 1716
1352 1899
1353 1500
1356 1367
1356 1830
1356 1975
1357 1359
1357 1448
1357 1653
1358 1439
1358 1466
1359 1381
1359 1464
1359 1636
1359 1640
1359 1909
1360 1673
1360 1872
1361 1640
1362 1373
1363 1523
1364 1757
1365 1909
1365 1952
1366 1757
1366 1927
1368 1417
1368 1739
1370 1665
1372 1972
1374 1858
1375 1970
1376 1496
1376 1762
1377 1424
1377 1522
1378 1575
1378 1754
1378 1833
1380 1470
1382 1697
1382 1854
1384 1592
1384 1650
1384 1659
1385 1443
1386 1595
1386 1687
1387 1620
1392 1759
1393 1536
1393 1814
1394 1588
1394 1679
1394 1899
1396 1482
1397 1784
1398 1595
1398 1696
1398 1732
1398 1884
1398 1996
1399 1760
1399 1794
1403 1484
1403 1491
1403 1849
1404 1711
1405 1864
1405 1875
1407 1617
1408 1451
1409 1708
1409 1773
1409 1825
1410 1885
1410 1898
1410 1984
1411 1636
1411 1899
1412 1491
1413 1750
1414 1963
1415 1431
1415 1752
1416 1617
1416 1946
1417 1842
1418 1667
1418 1947
1419 1899
1420 1620
1420 1658
1421 1597
1421 1945
1422 1799
1422 1994
1423 1875
1426 1977
1427 1832
1427 1967
1428 1582
1428 1603
1429 1820
1431 1932
1432 1820
1436 1442
1436 1896
1437 1830
1438 1495
1438 1907
1438 1974
1439 1593
1440 1509
1440 1551
1440 1586
1440 1758
1440 1844
1441 1543
1441 1690
1441 1739
1441 1840
1442 1846
1443 1445
1443 1672
1443 1674
1444 1660
1444 1801
1445 1924
1446 1753
1449 1667
1449 1870
1450 1700
1451 1682
1451 1686
1454 1797
1455 1884
1456 1639
1461 1555
1461 1867
1463 1716
1463 1877
1463 1911
1465 1848
1466 1942
1467 1788
1468 1537
1468 1989
1469 1657
1470 1553
1471 1533
1472 1948
1473 1722
1474 1576
1474 1756
1476 1521
1477 1587
1477 1850
1477 1943
1478 1651
1479 1811
1480 1926
1481 1513
1482 1639
1483 1685
1487 1535
1487 1756
1488 1813
1489 1718
1491 1523
1492 1540
1493 1510
1495 1571
1495 1606
1495 1773
1495 1966
1496 1752
1497 1696
1498 1516
1499 1605
1503 1557
1503 1572
1505 1754
1505 1851
1506 1541
1506 1769
1507 1657
1509 1979
1510 1743
1512 1896
1514 1552
1515 1865
1516 1552
1516 1887
1517 1530
1519 1685
1519 1712
1519 1912
1521 1640
1523 1588
1524 1674
1527 1890
1529 1541
1531 1948
1533 1633
1534 1945
1535 1546
1535 1755
1535 1882
1538 1540
1540 1705
1540 1708
1540 1893
1541 1575
1542 1773
1544 1749
1546 1850
1546 1992
1547 1850
1549 1989
1550 1599
1551 1813
1552 1598
1552 1629
1558 1693
1558 1946
1562 1699
1563 1782
1565 1815
1565 1847
1565 1858
1567 1685
1567 1874
1568 1942
1569 1613
1569 1830
1571 1707
1571 1810
1571 1883
1572 1666
1575 1787
1576 1960
1577 1962
1578 1952
1579 1608
1579 1675
1579 1733
1580 1795
1580 1862
1583 1786
1584 1820
1586 1756
1586 1801
1587 1920
1590 1931
1592 1625
1595 1979
1596 1616
1599 1976
1601 1922
1601 1926
1604 1855
1605 1794
1605 1883
1606 1763
1606 1977
1607 1699
1607 1774
1609 1624
1609 1897
1610 1860
1612 1877
1613 1637
1614 1720
1614 1911
1614 1986
1616 1685
1617 1935
1618 1932
1618 1941
1622 1813
1622 1855
1624 1842
1625 1895
1626 1669
1626 1912
1628 1678
1628 1772
1628 1878
1630 1950
1631 1776
1632 1727
1632 1880
1632 1932
1634 1745
1637 1963
1639 1778
1642 1842
1643 1738
1644 1689
1645 1831
1646 1966
1647 1902
1649 1807
1651 1963
1653 1849
1653 1917
1657 1870
1659 1990
1659 1998
1660 1747
1661 1932
1662 1880
1663 1670
1664 1745
1666 1799
1670 1968
1676 1751
1677 1715
1678 1863
1680 1811
1680 1843
1680 1901
1680 1927
1681 1992
1682 1845
1683 1933
1683 1976
1684 1952
1684 1992
1686 1718
1686 1753
1687 1743
1687 1749
1688 1782
1688 1891
1688 1992
1689 1698
1702 1861
1704 1778
1704 1800
1705 1896
1708 1975
1709 1814
1709 1907
1710 1803
1711 1814
1712 1833
1715 1856
1720 1920
1721 1911
1721 1942
1721 1954
1724 1818
1734 1927
1737 1839
1738 1915
1743 1908
1744 1758
1745 1790
1746 1856
1747 1906
1748 1822
1750 1956
1751 1999
1759 1957
1760 1980
1763 1885
1764 1806
1766 1945
1766 1983
1771 1820
1775 1881
1776 1856
1785 1891
1786 1792
1787 1972
1790 1854
1792 1929
1792 1975
1793 1825
1794 1941
1794 1951
1797 1980
1798 1944
1798 1975
1799 1872
1800 1865
1808 1831
1810 1883
1811 1858
1814 1844
1814 1845
1817 1951
1825 1884
1826 1838
1828 1892
1833 1910
1834 1842
1836 1856
1837 1859
1841 1982
1842 1985
1844 1846
1844 1927
1845 1903
1846 1867
1848 1888
1853 1869
1856 1970
1859 1872
1866 1975
1867 1980
1870 1878
1874 1970
1879 1882
1879 1915
1879 1918
1902 1977
1910 1954
1929 1969
1935 1992
1942 1958
1959 1987
1963 1969
1981 1985
1983 1991
