0 1
2 3
2 14
3 4
4 5
4 16
5 6
5 17
6 18
7 8
8 20
9 10
9 21
10 11
10 22
11 23
12 24
13 14
13 25
14 15
14 26
15 16
15 27
16 17
17 18
17 29
18 19
19 20
20 21
22 23
23 35
24 25
24 36
25 37
26 27
28 29
28 40
29 30
30 42
31 43
32 44
34 46
35 47
36 48
37 38
37 49
38 39
38 50
39 40
39 51
40 52
41 53
42 43
43 55
44 45
45 46
45 57
46 47
46 58
47 59
49 50
49 61
50 51
50 62
51 52
51 63
52 53
52 64
53 54
55 56
55 67
56 68
57 69
60 61
62 74
64 76
66 67
66 78
67 68
68 69
68 80
69 70
70 71
70 82
72 73
72 84
73 74
73 85
74 75
74 86
75 76
75 87
76 77
77 78
78 79
78 90
79 80
80 81
81 82
83 95
84 96
86 98
87 99
88 100
89 101
90 91
90 102
91 92
91 103
92 104
93 94
93 105
94 106
95 107
96 97
96 108
97 98
99 100
101 102
101 113
102 114
103 115
104 105
105 117
106 118
108 109
108 120
109 121
110 111
110 122
111 112
111 123
113 114
114 115
115 116
115 127
116 128
117 118
118 119
120 121
120 132
122 123
122 134
123 124
123 135
125 126
125 137
126 138
127 128
127 139
130 131
130 142
132 133
134 135
135 136
136 137
137 138
140 141
141 142
