0 1
2 3
2 26
3 4
3 27
4 28
5 6
5 29
8 32
9 33
10 11
11 12
11 35
12 36
13 14
14 38
15 39
16 40
17 18
18 19
18 42
19 20
21 22
22 46
23 47
24 25
24 48
25 26
25 49
28 29
29 30
29 53
30 31
30 54
31 55
32 56
33 34
33 57
34 58
35 36
35 59
37 61
38 39
39 40
40 64
41 65
42 66
43 44
43 67
44 68
45 69
46 47
46 70
48 49
48 72
49 50
49 73
50 51
51 52
52 53
55 56
55 79
56 57
56 80
57 81
58 59
59 83
60 61
61 62
61 85
63 64
63 87
64 88
65 66
66 67
67 68
67 91
68 69
68 92
69 70
69 93
70 94
71 95
72 73
73 74
76 77
76 100
77 101
78 79
78 102
79 103
80 104
81 82
82 83
83 84
84 85
84 108
85 86
85 109
86 110
87 88
88 112
89 90
90 114
91 92
91 115
92 93
93 117
94 95
95 119
97 98
97 121
98 99
99 100
100 101
100 124
102 126
103 104
103 127
104 105
106 130
107 108
107 131
108 109
108 132
109 110
109 133
110 111
113 137
114 115
114 138
115 139
116 117
117 118
117 141
120 121
120 144
121 122
122 123
123 147
124 148
125 126
125 149
126 127
126 150
128 129
128 152
129 153
130 131
131 132
131 155
133 134
133 157
134 158
135 136
135 159
136 137
136 160
137 138
137 161
139 140
140 164
142 166
144 145
144 168
145 146
147 171
152 153
152 176
153 154
155 179
156 157
156 180
157 158
158 182
159 160
159 183
160 184
162 186
163 164
164 165
167 191
168 169
169 170
170 171
170 194
171 172
171 195
172 173
173 174
173 197
175 176
177 178
179 180
179 203
180 181
181 182
181 205
182 183
182 206
183 184
183 207
184 185
185 186
185 209
187 211
188 189
188 212
189 190
192 193
192 216
193 194
193 217
194 195
196 197
196 220
197 221
198 199
198 222
199 223
200 224
201 202
201 225
202 226
203 227
204 205
204 228
205 229
206 230
208 232
209 210
209 233
210 211
210 234
211 212
211 235
212 213
212 236
213 214
213 237
217 218
217 241
219 220
219 243
220 244
221 245
222 223
222 246
223 224
223 247
224 248
225 226
225 249
227 228
227 251
228 229
228 252
230 231
230 254
231 232
232 233
234 258
235 236
236 260
237 261
239 263
241 242
241 265
242 243
244 245
244 268
245 246
246 247
247 248
247 271
248 249
248 272
249 273
250 274
251 252
253 277
254 278
255 256
255 279
256 257
256 280
257 258
257 281
258 259
258 282
259 260
260 261
261 262
262 263
263 287
264 265
265 266
265 289
266 290
267 268
267 291
269 270
269 293
270 271
270 294
271 295
272 296
273 274
273 297
274 275
274 298
275 276
275 299
276 277
276 300
277 278
278 302
279 280
281 282
282 283
282 306
283 307
284 285
284 308
285 309
287 311
289 313
290 291
290 314
291 292
291 315
292 293
293 294
293 317
294 295
294 318
295 319
296 297
296 320
297 321
298 299
299 300
299 323
300 324
301 325
302 303
302 326
304 328
305 306
306 330
307 308
307 331
308 309
308 332
309 310
309 333
310 334
311 335
312 313
312 336
313 314
314 315
314 338
315 339
316 317
316 340
317 341
319 320
320 321
321 322
322 323
323 324
323 347
324 325
324 348
325 349
326 350
328 329
328 352
329 330
330 354
332 333
333 334
333 357
334 335
335 359
336 337
336 360
337 361
338 339
338 362
339 340
340 341
340 364
341 342
341 365
342 343
342 366
344 368
346 347
346 370
347 348
347 371
348 372
349 350
349 373
351 352
351 375
352 353
353 377
354 355
355 356
356 380
358 382
359 383
360 361
361 362
362 363
363 364
364 365
364 388
365 366
365 389
367 368
368 369
368 392
369 370
369 393
370 371
371 372
373 374
373 397
374 398
376 377
376 400
377 401
378 402
379 380
379 403
380 381
380 404
381 382
381 405
383 407
384 385
384 408
385 386
386 387
387 388
388 389
388 412
389 390
389 413
390 391
390 414
391 392
391 415
393 394
393 417
394 395
394 418
395 396
395 419
396 420
397 398
397 421
398 399
399 400
399 423
400 401
400 424
401 402
401 425
402 403
402 426
403 404
404 405
405 406
406 430
407 431
408 409
409 410
409 433
411 412
411 435
412 436
413 437
414 415
414 438
415 416
416 417
417 441
418 419
418 442
419 420
419 443
420 421
420 444
423 424
424 425
424 448
426 450
427 428
427 451
428 452
429 453
430 431
430 454
432 433
432 456
433 434
433 457
435 436
435 459
436 437
436 460
437 438
438 462
439 440
439 463
440 441
440 464
441 442
441 465
443 444
443 467
444 445
445 446
446 470
447 471
449 450
450 451
450 474
451 475
452 453
453 454
453 477
454 455
454 478
456 457
456 480
457 458
459 483
460 461
460 484
461 462
462 463
462 486
463 464
463 487
464 488
465 466
466 467
466 490
467 491
468 469
468 492
469 470
469 493
470 471
472 473
474 498
475 499
476 500
477 478
477 501
478 502
480 481
480 504
481 482
481 505
482 483
482 506
483 484
484 485
485 486
486 510
487 488
487 511
490 514
491 515
492 493
493 494
494 518
495 496
495 519
496 497
496 520
497 498
497 521
498 522
500 501
500 524
501 502
501 525
503 527
504 505
504 528
505 506
505 529
506 507
507 508
507 531
508 509
509 510
509 533
510 534
513 514
514 538
515 516
515 539
516 540
517 518
517 541
518 542
519 520
522 546
524 548
525 526
525 549
526 527
526 550
527 551
528 529
528 552
530 531
530 554
531 532
532 533
533 534
534 535
534 558
535 536
535 559
536 537
538 539
539 563
540 541
541 542
541 565
543 544
543 567
544 568
547 548
547 571
548 549
549 550
550 574
551 575
552 553
554 555
556 557
557 558
559 560
561 562
562 563
564 565
565 566
567 568
568 569
569 570
570 571
571 572
