0 1
0 2
0 3
0 6
0 7
0 8
0 10
0 11
0 12
0 14
0 18
0 22
0 23
0 25
0 27
0 28
0 29
0 34
0 36
0 41
0 47
0 54
0 57
0 59
0 65
0 71
0 83
0 85
0 86
0 112
0 114
0 115
0 118
0 120
0 127
0 131
0 149
0 150
0 152
0 162
0 163
0 164
0 172
0 173
0 177
0 179
0 181
0 193
0 198
0 200
0 207
0 222
0 230
0 234
0 244
0 251
0 273
0 274
0 277
0 288
0 302
0 312
0 315
0 323
0 332
0 336
0 343
0 344
0 346
0 362
0 378
0 386
0 391
0 393
0 398
0 408
0 409
0 437
0 444
0 448
0 455
0 461
0 480
0 484
0 506
0 525
0 528
0 531
0 544
0 548
0 564
0 565
0 566
0 575
0 577
0 593
0 594
0 595
0 596
0 598
0 604
0 624
0 625
0 629
0 635
0 641
0 655
0 675
0 677
0 691
0 695
0 700
0 715
0 720
0 723
0 727
0 734
0 744
0 745
0 753
0 773
0 778
0 782
0 786
0 794
0 816
0 834
0 835
0 855
0 857
0 877
0 878
0 924
0 946
0 953
0 956
0 958
0 959
0 962
0 964
0 965
0 980
0 987
0 990
0 995
1 2
1 3
1 4
1 5
1 6
1 8
1 9
1 12
1 16
1 19
1 20
1 21
1 23
1 28
1 31
1 33
1 35
1 37
1 40
1 43
1 49
1 53
1 63
1 64
1 69
1 70
1 79
1 82
1 85
1 87
1 88
1 89
1 91
1 92
1 94
1 101
1 102
1 110
1 123
1 125
1 130
1 135
1 146
1 155
1 158
1 161
1 162
1 169
1 170
1 174
1 175
1 179
1 180
1 193
1 194
1 196
1 197
1 199
1 214
1 222
1 225
1 228
1 238
1 239
1 245
1 254
1 289
1 292
1 293
1 318
1 336
1 367
1 391
1 405
1 406
1 422
1 429
1 433
1 436
1 472
1 479
1 483
1 486
1 488
1 496
1 501
1 503
1 508
1 510
1 511
1 512
1 520
1 542
1 559
1 575
1 583
1 586
1 599
1 601
1 602
1 627
1 630
1 645
1 649
1 652
1 662
1 669
1 686
1 703
1 707
1 708
1 717
1 721
1 725
1 726
1 727
1 739
1 744
1 756
1 761
1 766
1 770
1 782
1 783
1 788
1 826
1 830
1 838
1 842
1 845
1 849
1 850
1 853
1 857
1 861
1 862
1 864
1 878
1 977
1 997
2 5
2 13
2 14
2 15
2 16
2 24
2 33
2 40
2 47
2 57
2 74
2 77
2 84
2 92
2 93
2 96
2 103
2 106
2 136
2 138
2 157
2 161
2 190
2 198
2 204
2 208
2 220
2 231
2 240
2 249
2 263
2 267
2 274
2 285
2 294
2 340
2 364
2 376
2 388
2 427
2 465
2 475
2 532
2 541
2 567
2 581
2 611
2 629
2 631
2 642
2 673
2 685
2 709
2 767
2 784
2 800
2 895
2 905
2 908
2 950
2 953
2 961
2 993
2 994
3 4
3 9
3 15
3 17
3 21
3 22
3 62
3 67
3 102
3 135
3 141
3 191
3 209
3 268
3 272
3 298
3 319
3 332
3 348
3 355
3 383
3 414
3 415
3 442
3 474
3 490
3 494
3 556
3 688
3 758
3 797
3 813
3 846
3 873
3 914
3 937
3 949
4 13
4 17
4 38
4 46
4 128
4 141
4 150
4 160
4 225
4 251
4 262
4 330
4 357
4 438
4 440
4 445
4 499
4 555
4 576
4 578
4 722
4 828
4 906
4 970
4 974
5 55
5 395
6 7
6 10
6 18
6 41
6 66
6 81
6 82
6 108
6 178
6 248
6 260
6 264
6 309
6 452
6 481
6 544
6 554
6 589
6 621
6 660
6 666
6 722
6 794
6 814
6 890
6 937
6 947
7 37
7 45
7 77
7 88
7 104
7 113
7 142
7 171
7 217
7 238
7 257
7 358
7 387
7 393
7 447
7 472
7 517
7 557
7 573
7 580
7 592
7 607
7 680
7 771
7 787
7 801
7 864
7 925
7 936
7 940
7 968
8 32
8 78
8 93
8 132
8 155
8 221
8 224
8 269
8 284
8 305
8 444
8 491
8 541
8 597
8 726
8 746
8 769
8 827
8 882
8 971
9 30
9 35
9 216
9 314
9 317
9 613
9 907
10 11
10 24
10 29
10 39
10 50
10 72
10 80
10 81
10 98
10 119
10 120
10 184
10 203
10 204
10 210
10 213
10 214
10 215
10 232
10 244
10 252
10 261
10 281
10 300
10 304
10 316
10 323
10 359
10 382
10 394
10 396
10 477
10 485
10 516
10 550
10 566
10 596
10 643
10 652
10 735
10 759
10 781
10 810
10 831
10 850
10 870
10 910
10 922
10 928
10 957
11 967
12 30
12 53
12 58
12 231
12 351
12 514
12 520
12 576
12 587
12 602
12 814
12 921
12 930
12 983
13 42
13 60
13 94
13 127
13 190
13 211
13 223
13 263
13 307
13 315
13 319
13 320
13 370
13 403
13 413
13 420
13 430
13 454
13 505
13 539
13 563
13 601
13 615
13 775
13 818
13 866
13 914
13 929
13 977
13 988
13 999
14 20
14 38
14 69
14 76
14 115
14 144
14 164
14 262
14 405
14 430
14 432
14 507
14 527
14 560
14 648
14 651
14 752
14 815
14 865
14 867
14 925
14 966
14 993
15 151
16 42
16 54
16 61
16 144
16 253
16 325
16 537
16 547
16 696
16 985
17 19
17 44
17 45
17 49
17 56
17 58
17 61
17 72
17 79
17 90
17 95
17 104
17 110
17 131
17 134
17 148
17 154
17 157
17 159
17 176
17 195
17 206
17 213
17 220
17 229
17 241
17 246
17 258
17 278
17 285
17 308
17 311
17 324
17 331
17 340
17 356
17 365
17 404
17 412
17 438
17 441
17 446
17 456
17 465
17 473
17 504
17 609
17 636
17 658
17 663
17 664
17 690
17 696
17 701
17 716
17 719
17 740
17 753
17 774
17 788
17 793
17 797
17 799
17 818
17 819
17 846
17 859
17 872
17 885
17 894
17 900
17 938
17 952
17 978
17 988
18 181
18 185
18 188
18 219
18 259
18 286
18 428
18 559
18 644
18 768
19 318
19 452
19 475
19 540
19 667
19 681
19 777
19 786
19 807
19 885
19 915
20 55
20 62
20 64
20 68
20 83
20 128
20 130
20 243
20 270
20 301
20 322
20 337
20 416
20 428
20 436
20 448
20 508
20 509
20 530
20 535
20 750
20 775
20 803
20 832
20 875
20 887
20 987
20 990
21 474
21 931
22 26
22 27
22 36
22 43
22 44
22 48
22 51
22 65
22 90
22 95
22 97
22 100
22 119
22 133
22 134
22 136
22 137
22 139
22 140
22 153
22 163
22 168
22 174
22 176
22 177
22 226
22 227
22 228
22 232
22 236
22 243
22 247
22 254
22 265
22 267
22 270
22 273
22 275
22 276
22 284
22 294
22 312
22 320
22 343
22 352
22 353
22 370
22 377
22 379
22 380
22 386
22 400
22 403
22 409
22 410
22 418
22 433
22 445
22 459
22 460
22 471
22 482
22 494
22 521
22 536
22 558
22 568
22 594
22 614
22 656
22 681
22 702
22 724
22 728
22 755
22 777
22 789
22 805
22 807
22 812
22 824
22 828
22 836
22 858
22 865
22 902
22 920
22 928
22 955
22 969
22 997
23 25
23 26
23 51
23 63
23 66
23 96
23 105
23 117
23 122
23 211
23 212
23 242
23 250
23 316
23 321
23 354
23 368
23 401
23 419
23 422
23 426
23 431
23 482
23 616
23 692
23 785
23 821
23 873
23 874
23 883
23 932
23 944
24 31
24 32
24 48
24 246
24 282
24 500
24 641
24 817
24 844
25 39
25 68
25 140
25 201
25 373
25 413
25 453
25 462
25 764
25 844
26 80
26 105
26 108
26 111
26 145
26 170
26 187
26 218
26 257
26 296
26 327
26 342
26 350
26 360
26 361
26 375
26 376
26 434
26 467
26 468
26 550
26 612
26 683
26 685
26 691
26 720
26 781
26 894
26 898
27 60
27 103
27 145
27 229
27 291
27 385
27 457
27 527
27 538
27 584
27 620
27 627
27 639
27 713
27 716
27 756
27 860
27 893
27 936
27 989
28 333
29 493
30 46
30 67
30 71
30 75
30 124
30 289
30 379
30 381
30 597
30 976
31 365
32 34
32 76
32 121
32 143
32 200
32 202
32 205
32 303
32 341
32 419
32 449
32 623
32 638
32 642
32 707
32 941
33 70
33 73
33 165
33 167
33 287
33 487
33 547
33 661
33 738
33 754
33 765
34 151
34 226
34 314
34 410
34 490
34 572
34 606
34 618
34 714
34 780
34 791
34 838
34 886
34 955
36 101
36 308
36 329
37 287
37 732
37 901
39 56
39 304
39 384
39 505
39 610
40 75
40 122
40 235
40 396
40 506
40 600
40 689
40 724
40 796
41 74
41 78
41 114
41 126
41 148
41 309
41 331
41 348
41 366
41 495
41 523
41 545
41 587
41 590
41 617
41 669
41 747
41 804
41 854
42 551
42 673
43 50
43 59
43 460
43 467
43 798
43 802
44 149
44 333
44 770
44 880
46 73
46 89
46 297
46 373
46 418
46 478
46 515
46 585
46 791
46 901
47 188
47 371
48 126
48 143
48 199
48 227
48 256
48 392
48 424
48 533
48 537
48 540
48 551
48 552
48 595
48 619
48 640
48 659
48 675
48 698
48 760
48 834
48 848
48 867
48 945
48 950
49 52
49 97
49 99
49 117
49 147
49 158
49 175
49 182
49 183
49 236
49 256
49 259
49 288
49 325
49 328
49 523
49 542
49 598
49 605
49 615
49 625
49 738
49 772
49 817
49 870
49 890
49 966
49 979
50 124
50 184
50 767
51 52
51 84
51 113
51 168
51 329
51 378
51 402
51 466
51 624
51 961
51 996
52 286
52 305
52 543
52 708
53 106
53 173
53 349
53 371
53 605
53 899
54 233
54 521
54 745
55 169
55 349
55 672
56 100
56 109
56 203
56 207
56 301
56 313
56 328
56 417
56 511
56 522
56 699
56 852
56 962
57 182
57 280
58 125
58 383
58 470
58 568
58 710
60 357
61 153
61 603
61 840
62 216
62 758
62 881
63 111
63 167
63 195
63 212
63 218
63 279
63 421
63 423
63 487
63 534
63 583
63 635
63 646
63 736
63 904
63 916
63 939
63 969
63 998
64 171
64 194
64 397
64 564
64 664
64 717
64 811
64 935
65 154
65 420
67 107
67 178
67 266
67 411
67 498
69 116
69 142
69 187
69 230
69 253
69 324
69 414
69 526
69 586
69 660
69 820
69 995
70 449
71 107
71 129
71 133
71 302
71 326
71 397
71 463
72 86
72 121
72 183
72 276
72 277
72 303
72 310
72 327
72 354
72 359
72 469
72 479
72 647
72 668
72 689
72 763
72 824
73 91
73 191
73 219
73 295
73 335
73 476
73 678
73 860
73 918
73 938
74 186
74 192
74 648
75 350
75 790
75 821
75 822
76 317
76 361
76 659
76 743
76 915
77 215
77 380
77 765
79 109
79 345
79 513
79 672
79 905
79 949
80 118
80 139
80 159
80 209
80 429
80 610
80 831
80 981
81 99
81 112
81 165
81 261
81 266
81 390
81 633
81 853
81 877
81 913
82 116
82 514
82 647
82 737
82 851
83 87
83 443
83 555
83 762
84 255
86 347
86 456
87 529
88 138
88 223
88 275
88 417
88 524
89 98
89 192
89 241
89 252
89 255
89 489
90 307
90 310
90 394
90 545
90 622
90 640
91 123
91 334
91 356
91 412
91 476
91 762
93 208
93 404
93 425
93 571
94 761
96 172
96 189
96 531
96 620
96 793
96 829
97 518
98 265
98 339
98 347
98 573
98 719
98 919
99 147
99 362
99 385
101 463
101 604
101 919
102 337
102 375
102 959
102 974
103 299
104 653
105 374
107 272
107 344
107 408
108 137
108 152
108 166
108 242
108 245
108 453
108 556
108 578
108 585
108 908
108 998
109 346
109 389
109 517
109 638
110 233
111 742
111 823
112 160
112 338
112 401
112 634
113 197
114 132
114 654
114 686
115 515
115 704
115 746
115 837
117 484
117 563
117 571
118 442
118 621
118 678
120 146
120 384
120 884
120 942
120 951
120 960
121 156
121 237
121 258
121 296
121 415
121 423
121 943
122 129
122 201
124 588
125 185
125 372
125 395
125 632
126 369
126 887
127 250
127 450
127 519
127 909
127 947
128 382
128 534
128 584
128 889
129 196
129 260
129 440
130 579
130 666
132 306
132 492
132 687
133 166
133 926
133 971
134 234
134 367
134 400
134 632
136 580
136 795
137 279
137 662
138 298
138 399
139 186
139 235
139 372
139 459
139 975
140 628
143 927
144 156
144 278
144 299
144 313
144 637
144 741
144 833
144 917
145 676
146 774
146 778
146 943
146 984
147 538
147 989
149 502
151 321
151 345
151 651
151 849
155 283
156 900
158 617
158 942
159 351
159 470
159 856
159 912
159 985
160 224
160 249
160 366
160 451
160 485
160 509
160 513
160 533
160 548
160 553
160 614
160 626
160 634
160 644
160 721
160 729
160 968
161 369
162 388
164 240
164 374
164 645
165 248
165 268
165 269
165 282
165 353
165 516
165 692
165 711
165 750
165 783
165 811
165 841
165 843
165 886
165 913
165 980
166 264
166 407
166 462
166 600
166 964
167 806
167 856
167 876
172 891
173 180
173 341
173 590
173 688
173 695
173 812
174 330
174 792
174 869
174 892
175 239
177 363
178 338
179 221
179 503
179 763
180 189
180 205
180 210
180 441
180 468
180 728
180 889
184 406
184 488
184 787
185 455
185 650
186 283
186 377
187 407
187 570
189 217
189 237
189 593
189 836
192 206
192 549
192 776
193 802
194 335
196 480
198 202
198 290
198 402
198 435
198 526
198 552
198 561
198 572
198 825
198 918
198 921
198 930
199 291
201 522
202 271
205 358
205 364
205 636
205 657
206 706
207 591
208 799
208 879
209 439
210 757
211 355
211 424
211 569
211 891
211 952
211 965
213 464
213 679
213 759
213 780
213 804
213 819
213 883
213 954
215 749
217 752
217 801
217 837
218 492
218 881
220 934
221 306
222 875
223 532
224 446
226 326
226 757
227 368
227 398
227 447
228 567
228 958
229 477
229 667
229 687
229 939
230 439
230 855
233 497
233 835
234 322
234 496
234 827
237 311
237 589
237 725
239 247
239 530
239 813
240 451
240 466
240 841
241 654
242 297
242 518
242 560
242 736
242 755
242 945
244 661
244 729
245 497
246 295
246 618
247 281
247 495
247 676
247 732
247 929
248 539
248 743
248 880
249 863
253 271
253 954
254 392
255 352
256 280
256 290
256 529
256 916
257 771
259 342
259 663
259 718
259 800
259 927
260 499
263 907
265 671
266 334
266 884
268 895
270 363
272 649
272 933
273 300
275 512
275 718
277 292
277 293
277 339
277 730
279 546
279 979
280 579
282 390
282 546
282 923
283 500
283 859
284 868
284 888
284 903
284 922
285 714
287 562
290 751
291 608
292 670
292 690
295 608
299 435
299 848
302 471
303 574
305 582
306 674
306 704
308 461
308 705
310 458
311 360
311 457
311 684
312 528
313 682
313 694
315 558
318 501
318 633
318 668
318 975
319 481
320 766
322 792
322 808
323 416
325 432
327 698
328 739
329 426
329 561
329 631
329 999
331 693
331 851
331 861
333 574
333 806
334 655
334 785
339 582
342 731
343 411
343 553
344 948
345 478
347 798
352 549
353 381
353 389
353 592
353 682
353 747
354 760
354 982
355 868
358 491
361 443
361 981
363 693
363 772
365 483
365 525
366 450
366 710
367 784
368 399
370 679
371 992
372 982
374 829
375 699
378 387
378 421
378 656
381 437
381 454
381 464
381 588
381 711
381 742
381 764
383 458
383 713
385 734
386 431
386 536
386 733
387 637
388 822
389 524
390 899
392 912
393 473
393 489
394 994
397 434
399 427
402 469
406 639
406 803
410 502
411 882
412 740
412 776
412 923
413 972
414 697
417 748
417 830
417 858
418 554
419 570
419 577
419 991
421 425
421 701
421 702
421 932
422 646
424 607
424 671
424 897
424 917
429 984
430 866
433 557
433 976
435 657
436 935
442 486
442 843
445 706
449 906
452 920
454 973
455 535
460 565
461 493
462 606
462 665
466 898
469 612
469 879
470 498
473 507
475 543
475 825
476 677
476 712
476 733
481 809
481 840
481 940
481 957
482 909
485 519
485 897
486 805
488 751
490 926
495 504
495 715
496 680
499 599
499 619
500 510
500 591
500 630
500 700
500 741
500 852
506 674
506 694
507 703
514 622
517 581
520 562
531 845
531 871
532 609
533 683
535 623
541 723
544 986
546 911
552 709
552 896
553 650
553 730
554 670
555 684
555 892
556 874
560 789
563 963
565 697
568 569
569 768
571 911
575 931
576 820
577 613
578 603
578 626
580 628
581 643
582 896
584 790
584 839
584 934
586 616
592 611
592 933
594 903
597 665
598 839
598 963
600 779
604 653
608 658
608 748
610 869
610 956
612 769
612 888
622 816
636 823
638 986
640 924
645 773
655 910
669 862
670 795
671 815
676 712
676 847
679 871
682 737
684 749
684 754
684 809
686 826
702 705
702 735
713 731
717 948
719 833
724 796
724 810
727 779
727 847
728 808
730 972
733 992
734 842
754 854
772 941
781 991
784 893
787 863
787 872
793 876
806 951
806 996
807 904
812 832
812 983
820 902
841 944
846 967
873 946
918 978
937 973
952 960
966 970
