0 3
0 16
0 53
0 56
0 94
0 121
0 146
1 79
1 93
1 115
1 181
1 224
2 14
2 55
2 94
2 123
2 130
2 161
2 167
2 243
3 26
3 85
3 137
4 39
4 82
4 131
5 55
5 90
5 118
5 130
6 84
6 146
6 190
7 36
7 69
7 150
7 197
7 213
7 221
7 237
8 35
8 181
8 219
8 224
9 40
9 71
9 168
9 236
10 93
10 117
10 162
10 199
11 15
11 20
11 138
11 180
11 212
11 236
12 22
12 26
12 224
13 52
13 107
13 113
13 119
13 246
14 151
14 247
15 48
15 55
15 65
15 68
15 115
15 135
15 207
16 26
16 56
16 80
16 231
17 26
18 33
18 57
18 235
19 80
19 129
20 59
20 122
20 141
20 219
21 88
21 89
21 112
21 153
21 229
22 75
22 113
22 178
22 191
22 217
23 93
23 137
23 150
23 186
23 196
23 242
24 47
25 171
25 218
26 73
26 146
27 76
27 151
27 208
27 232
28 46
28 57
28 92
28 108
28 178
28 201
29 73
29 125
29 186
29 197
30 83
30 138
30 174
30 201
31 56
31 103
31 224
32 65
32 72
32 87
32 128
32 129
32 200
33 37
33 76
33 83
33 122
33 131
33 150
33 183
33 187
34 44
34 217
34 232
34 248
35 58
35 115
35 200
36 159
36 176
36 178
37 127
37 134
37 197
37 206
38 164
38 170
38 198
39 143
40 133
40 163
40 183
41 100
41 153
41 184
41 196
41 220
41 236
41 245
42 78
42 85
42 140
42 219
43 75
43 150
43 229
44 114
44 160
44 214
44 217
44 224
45 116
45 184
45 212
46 70
46 73
46 199
46 214
46 215
47 48
47 66
47 100
47 128
47 210
47 226
47 247
48 167
48 245
49 55
50 56
50 116
50 154
50 173
50 191
50 222
51 160
51 165
51 182
51 215
52 135
52 145
52 153
52 173
52 224
53 88
53 243
54 123
54 124
54 165
54 193
54 194
54 228
54 233
56 121
56 146
57 171
57 192
58 93
58 171
58 226
59 201
59 224
60 94
60 101
60 170
60 171
60 175
60 195
61 216
61 241
62 95
62 194
63 98
63 169
63 176
63 236
64 84
64 97
64 111
64 227
64 232
65 78
65 117
65 122
65 225
66 72
66 87
66 222
67 92
67 132
67 191
68 73
68 96
68 166
69 123
69 199
71 78
71 91
71 153
72 126
72 151
72 172
72 199
73 109
73 206
73 215
74 87
74 105
74 161
74 226
75 164
75 197
75 204
76 93
77 132
78 79
79 131
79 181
79 186
79 208
79 223
79 249
80 120
80 178
81 150
81 190
81 218
82 160
82 174
82 209
83 171
83 176
83 236
84 165
84 177
84 206
85 240
86 104
86 107
86 146
86 167
86 182
86 194
87 185
87 223
87 241
88 103
88 122
88 162
88 225
89 120
89 148
89 154
89 183
90 144
90 181
90 208
90 232
91 128
91 154
91 201
91 209
91 243
92 159
93 192
93 238
94 125
94 202
95 155
95 159
96 127
96 185
97 177
98 103
98 117
98 167
98 217
98 227
98 235
99 101
99 113
99 229
101 215
102 223
102 237
103 130
104 204
104 207
104 216
106 112
106 135
106 197
107 120
107 167
107 215
108 189
109 116
110 121
110 188
110 203
110 215
110 216
111 220
112 164
112 181
112 183
112 202
112 241
112 248
113 134
113 211
114 177
115 161
115 191
115 202
115 227
116 121
116 144
116 210
117 119
117 126
117 133
117 192
117 224
117 237
118 119
118 164
118 201
118 204
118 236
119 121
119 208
119 214
120 149
122 157
122 210
123 148
123 154
123 155
124 127
124 168
124 177
124 231
125 137
125 147
126 151
127 180
128 238
130 212
131 163
132 232
132 234
132 241
133 215
134 210
134 223
134 247
135 244
136 139
136 221
136 228
136 231
136 238
138 241
139 154
139 186
140 162
141 182
141 242
141 248
142 150
143 157
143 165
143 233
144 171
145 167
145 219
145 222
147 179
148 183
148 187
148 206
150 234
151 229
151 242
152 185
152 233
153 162
154 246
155 166
156 184
156 239
157 221
158 159
158 208
158 213
158 233
158 248
159 203
160 161
161 169
161 248
163 224
163 230
164 233
165 224
167 240
167 246
168 175
168 195
170 199
170 224
170 238
170 241
174 206
174 212
174 235
175 222
176 180
177 183
178 217
178 246
179 186
179 237
180 187
180 244
182 212
186 207
186 237
187 248
189 209
191 216
191 247
193 223
193 234
193 238
197 214
198 217
198 246
200 217
201 227
201 246
203 216
206 218
209 241
212 239
214 245
217 229
218 235
219 247
221 234
221 242
224 229
225 228
228 247
232 247
237 241
241 249
