0 52
0 94
1 26
1 76
1 230
2 28
2 43
2 248
3 31
3 81
3 82
3 226
4 55
4 160
4 221
4 225
4 245
5 30
5 128
5 159
5 160
5 231
6 89
6 137
6 190
6 206
7 13
7 59
7 93
7 103
7 114
7 126
7 141
7 228
8 139
8 158
8 181
8 190
8 233
8 235
9 57
9 96
9 177
9 201
10 64
10 83
10 159
10 185
10 225
10 238
11 22
11 80
11 153
12 76
12 114
13 52
13 148
13 159
14 83
14 90
15 30
15 88
16 40
16 84
16 164
17 22
17 25
17 41
17 151
17 193
17 203
18 22
18 55
18 74
18 110
18 118
18 163
19 54
19 153
19 190
19 224
19 249
20 83
20 246
21 30
21 67
21 87
21 234
22 126
22 202
22 248
23 75
23 100
23 108
23 185
23 211
23 225
24 71
24 76
24 163
24 242
25 46
25 53
25 58
25 137
25 172
26 29
26 57
26 74
26 92
26 94
26 148
26 156
26 175
26 241
27 104
27 123
27 142
27 180
27 218
28 39
28 126
28 140
28 228
29 32
29 151
30 191
30 222
31 38
31 169
32 68
32 76
32 136
32 152
33 86
33 120
33 237
35 90
35 198
36 116
36 134
36 137
37 94
37 140
37 181
38 79
38 97
38 142
38 162
38 166
38 231
39 74
39 116
39 165
39 194
39 247
40 149
40 233
41 180
42 47
42 65
42 144
43 77
43 193
44 52
44 146
44 156
45 145
45 221
46 165
46 200
47 187
48 180
48 209
49 197
49 219
49 226
50 63
50 125
50 126
50 133
50 145
50 161
51 68
51 108
51 129
51 139
51 172
51 212
52 114
52 176
52 181
52 222
53 70
53 166
53 175
53 216
53 248
54 78
54 122
55 239
56 128
56 177
56 181
57 62
57 144
57 232
58 96
58 105
58 177
59 65
59 96
59 149
59 154
59 180
59 242
60 223
61 122
61 189
61 191
61 215
61 231
62 67
62 92
62 169
62 222
63 104
63 203
63 240
64 194
65 109
65 123
65 146
65 192
66 72
66 91
67 70
67 76
67 85
67 99
67 222
68 98
68 218
68 228
68 237
69 96
69 146
69 170
71 81
71 100
71 172
71 194
71 247
73 190
73 239
74 151
74 173
74 230
75 110
75 183
75 248
76 98
76 177
77 84
77 141
77 178
77 242
79 86
79 197
79 229
79 246
80 152
80 158
81 150
81 165
81 185
82 125
82 200
83 169
83 229
84 98
84 126
84 231
85 92
85 152
85 187
85 214
85 242
86 88
86 107
87 169
88 133
88 154
89 92
89 129
90 114
90 170
90 195
90 228
91 102
91 147
93 111
93 181
93 210
94 231
95 111
95 133
96 115
96 116
96 186
97 138
97 197
98 101
98 108
98 122
98 160
98 194
99 168
99 202
100 149
100 156
101 207
102 114
102 175
102 229
103 133
104 148
104 158
104 181
104 189
105 173
105 179
106 158
106 187
107 142
108 140
108 234
108 247
109 146
109 209
110 135
110 225
111 127
111 161
111 186
111 211
111 228
112 144
112 173
112 213
112 214
112 217
112 248
113 129
113 142
113 199
113 216
114 133
114 166
115 125
115 137
115 138
116 185
116 238
117 208
117 218
117 234
120 161
121 198
122 142
122 147
122 239
123 130
123 152
125 139
125 197
126 131
126 187
126 204
126 223
129 199
131 164
131 209
131 222
131 235
132 242
133 209
133 210
133 233
134 156
135 150
135 224
136 185
137 157
139 140
139 215
141 206
142 236
142 240
143 211
145 175
146 243
147 234
148 208
148 211
149 197
149 201
149 244
149 248
152 204
152 241
153 179
153 221
154 215
154 242
155 195
155 201
156 173
157 161
157 167
157 179
157 180
158 185
161 171
161 200
161 224
162 202
162 216
163 165
165 169
168 174
168 190
168 213
168 233
169 185
170 201
171 227
173 234
176 187
176 246
178 181
178 211
179 209
180 190
181 244
182 187
183 189
183 203
184 240
185 204
185 225
185 226
185 237
186 245
187 188
187 211
187 243
188 215
188 244
190 201
190 237
191 201
191 240
193 235
196 213
196 249
198 234
198 244
200 215
202 212
203 215
205 216
206 223
207 228
207 241
211 244
212 249
213 215
213 230
215 237
215 238
215 248
216 245
226 236
227 246
228 234
228 239
229 236
229 239
