0 154
0 183
0 237
0 423
1 52
1 135
1 171
2 26
2 257
2 319
2 341
2 495
3 27
4 6
4 85
4 318
5 231
5 355
6 109
6 418
6 475
6 476
7 215
7 392
7 397
8 33
8 197
8 292
8 368
8 461
9 134
9 214
9 232
9 309
9 379
9 407
9 431
9 471
10 218
10 251
10 436
11 148
12 26
12 67
12 74
12 97
13 42
13 140
13 211
13 357
13 376
13 445
13 481
14 69
14 70
14 362
14 423
14 476
15 60
15 197
16 144
16 177
16 195
16 201
16 202
16 273
16 280
16 320
16 459
17 42
17 303
18 40
19 121
19 425
20 57
20 151
20 230
20 328
20 341
20 444
20 459
21 348
21 359
22 108
22 265
22 342
23 52
23 234
23 240
23 316
23 383
25 181
25 189
25 423
25 430
25 447
25 450
26 51
26 157
26 250
26 389
26 449
27 143
27 267
27 286
27 320
28 167
28 284
28 297
28 403
28 421
28 446
29 366
29 470
30 217
30 352
30 422
30 427
31 105
31 126
31 143
31 326
31 356
32 47
32 135
32 158
33 389
34 53
34 99
34 490
35 83
35 242
35 315
35 490
36 271
36 294
36 421
37 43
37 44
37 152
37 499
38 175
38 414
39 84
39 240
39 316
39 383
39 464
40 47
40 146
40 249
40 317
40 391
40 497
41 52
41 139
41 220
41 225
41 279
42 72
42 189
42 281
42 430
42 472
43 150
43 155
44 75
44 124
44 203
44 218
44 248
44 433
44 453
45 75
45 210
45 277
45 287
45 294
45 350
45 377
45 476
46 70
46 453
47 51
47 139
47 359
48 100
48 497
49 100
49 144
50 75
50 189
50 259
50 334
50 417
51 118
51 148
51 192
51 228
51 267
51 314
52 416
53 173
53 465
54 266
54 418
55 261
55 441
55 486
56 205
56 238
56 271
56 468
57 450
58 81
58 254
58 269
58 276
59 178
59 232
59 252
59 374
59 426
59 499
60 298
61 134
61 171
61 175
61 265
61 382
61 496
62 92
62 323
62 437
63 88
63 92
63 232
63 464
64 65
64 245
64 281
64 282
64 390
65 104
65 166
65 210
65 212
65 213
66 355
66 416
66 450
68 70
68 132
69 154
69 184
69 280
70 351
70 386
70 418
70 428
71 173
71 277
71 404
71 428
71 458
71 463
72 105
72 282
73 133
73 450
75 198
75 271
75 291
75 334
75 467
75 473
76 352
76 408
76 489
77 261
77 483
78 99
78 252
78 350
78 371
78 417
78 441
78 455
79 292
79 398
80 172
80 193
80 343
80 384
80 412
80 456
81 349
81 406
82 230
82 252
82 471
82 473
83 465
84 99
84 116
84 433
84 476
85 176
86 155
86 361
87 115
88 333
89 376
91 171
91 232
91 414
92 132
92 135
92 136
93 294
93 437
94 195
94 333
94 359
94 462
95 166
95 182
95 277
95 282
95 359
96 140
96 414
96 441
96 449
97 108
97 238
97 265
97 279
97 482
98 135
98 356
98 485
99 162
100 168
100 412
100 429
100 478
101 156
101 257
101 341
102 151
102 236
102 292
102 440
102 486
103 346
103 374
104 149
105 110
105 118
105 311
105 394
105 410
107 108
107 317
108 181
108 198
108 383
108 411
108 465
108 472
109 123
109 207
109 443
111 294
111 307
111 378
112 212
112 286
112 307
113 214
113 245
113 337
113 355
113 499
114 198
114 273
114 342
114 412
114 479
115 278
115 472
116 221
116 357
116 389
117 273
117 330
117 342
117 440
118 170
118 220
118 261
118 418
118 423
119 308
119 337
119 394
119 441
120 293
120 444
120 499
121 213
121 409
122 373
122 406
122 454
124 129
124 196
124 219
124 402
124 403
125 128
125 398
125 407
127 288
127 472
128 129
128 345
129 131
129 214
129 273
129 299
130 492
130 496
131 236
131 275
131 321
131 478
132 151
132 361
132 453
133 189
133 193
133 311
133 328
133 361
134 163
134 265
134 493
135 302
135 405
136 185
136 252
136 367
137 387
137 404
137 479
138 232
138 426
138 454
139 348
140 186
140 194
140 195
140 334
140 337
141 144
141 150
141 156
141 347
141 424
141 473
142 188
142 247
142 271
142 314
143 319
143 339
143 486
144 365
144 411
144 414
144 485
144 486
145 198
145 289
145 299
145 337
145 345
145 372
146 191
146 263
146 282
146 304
146 477
147 340
148 294
148 296
149 255
150 361
151 194
151 269
152 185
153 178
153 222
153 261
153 372
155 166
155 462
156 457
157 349
157 375
157 380
158 360
158 421
159 317
159 336
160 240
160 257
160 294
160 312
160 402
160 487
161 165
161 251
161 298
162 243
162 279
162 457
163 276
164 200
164 345
164 387
164 401
165 432
166 392
167 372
168 234
168 242
168 437
169 242
169 315
169 389
171 201
171 465
172 181
172 227
172 240
172 309
172 372
172 400
173 240
173 253
174 384
174 473
175 218
175 222
175 356
175 432
176 339
177 255
177 439
177 484
178 309
178 452
179 288
179 316
179 497
180 199
180 291
180 319
180 491
181 253
181 405
182 266
182 438
183 197
183 239
183 291
183 296
183 369
183 463
184 194
186 221
186 267
188 240
188 330
188 346
189 255
189 275
189 429
190 254
191 256
191 267
192 352
192 484
192 488
193 250
193 310
193 397
193 415
194 196
194 391
194 457
194 466
196 201
196 276
196 439
196 446
196 451
196 474
197 321
198 208
198 258
198 284
198 335
198 495
199 324
199 371
199 395
199 407
199 425
199 496
200 247
201 261
201 386
202 262
202 264
203 356
203 412
203 480
204 279
204 303
204 324
205 273
205 374
205 412
205 493
206 466
206 489
207 218
207 258
207 309
208 239
208 325
209 404
209 415
210 363
211 326
211 467
215 349
215 388
216 464
218 499
221 252
221 309
223 358
224 400
225 364
225 498
226 281
226 334
226 429
226 467
227 354
227 420
228 271
228 389
228 478
229 269
229 295
229 311
229 323
229 387
229 453
230 263
230 271
230 347
231 382
231 419
231 484
231 490
232 260
232 359
232 370
233 267
233 310
233 400
234 355
234 360
234 434
234 440
235 391
236 396
236 417
236 439
236 443
236 450
236 470
237 365
237 397
237 476
238 263
238 325
238 373
238 399
239 303
239 342
239 380
240 244
240 288
240 368
240 434
241 367
241 457
243 253
243 327
243 339
243 392
243 395
243 469
244 390
245 452
246 379
246 414
246 417
247 302
249 329
249 393
249 439
249 451
249 475
250 263
250 383
250 412
251 263
251 315
251 398
251 433
251 475
251 499
252 279
252 340
252 344
252 452
252 475
253 396
253 421
253 456
253 491
256 323
256 399
256 491
257 293
257 328
258 410
258 491
260 482
261 353
261 465
263 367
264 383
266 349
266 379
266 383
266 427
266 469
267 274
268 387
268 397
268 411
269 270
269 342
269 370
270 323
271 281
271 456
271 492
273 494
275 382
276 278
276 307
278 342
278 355
278 371
278 455
279 358
279 382
279 447
280 332
281 315
281 412
281 442
281 483
282 380
282 392
283 349
283 443
284 401
285 359
286 360
286 422
288 338
289 351
289 450
290 355
290 423
291 350
292 420
292 423
293 316
293 360
294 383
294 484
295 439
296 373
296 396
297 306
297 396
297 403
298 385
298 420
298 459
299 345
299 365
300 397
300 435
301 361
301 371
301 425
301 434
302 338
303 335
303 403
303 492
305 480
306 317
307 381
307 390
307 405
307 441
308 321
308 332
308 385
308 441
309 386
310 317
310 335
310 386
310 481
311 323
311 485
312 398
312 402
315 353
315 386
315 416
315 418
316 338
316 365
316 470
317 479
320 427
321 329
321 404
322 356
322 457
323 449
324 335
324 455
325 400
328 333
329 348
329 354
329 410
329 482
330 344
330 371
332 408
333 351
333 426
333 458
334 402
334 439
335 428
336 341
337 492
338 360
339 442
341 385
341 477
342 382
343 436
345 350
345 393
346 452
346 464
347 387
347 445
348 465
348 493
350 447
352 355
356 407
357 366
358 380
359 383
359 411
359 436
359 451
359 483
360 421
360 424
360 467
361 463
364 401
364 490
370 448
375 467
375 474
377 434
378 389
378 415
380 422
380 425
380 449
381 464
381 468
383 433
384 447
384 465
385 477
387 426
388 432
389 459
390 442
390 452
392 399
392 440
392 461
392 496
393 395
393 496
395 398
398 434
398 457
399 436
400 427
402 436
404 424
408 491
409 442
409 493
410 494
414 483
418 473
419 451
426 484
427 495
436 464
437 497
444 462
446 457
452 476
458 477
459 464
460 462
465 484
471 476
493 496
