0 11
0 453
0 763
1 37
1 226
1 424
1 486
1 556
1 991
2 61
2 201
2 557
2 614
2 697
2 727
2 817
2 846
2 937
3 183
3 790
3 961
4 130
4 147
4 181
4 332
4 531
5 873
5 949
6 199
6 351
6 408
6 426
6 675
7 152
7 441
8 181
8 405
8 822
9 77
9 174
9 518
9 607
9 681
10 251
10 739
11 159
11 426
11 608
12 55
12 999
13 350
13 404
13 777
14 177
14 709
14 879
15 264
15 382
15 451
15 725
16 135
16 474
17 598
17 670
17 739
17 746
17 811
18 72
18 115
18 453
18 988
19 95
19 234
19 295
19 411
19 866
20 55
20 194
20 590
20 709
20 886
20 954
21 46
21 205
21 206
21 226
21 583
21 806
22 344
22 361
22 441
22 457
22 526
22 664
22 970
23 174
23 428
23 444
23 650
24 110
24 227
24 537
24 619
26 302
26 306
26 509
26 519
26 996
27 417
27 828
28 356
28 648
29 172
29 353
29 417
29 693
29 896
30 391
30 818
31 288
31 458
32 54
32 143
32 792
32 870
32 944
33 83
33 344
33 578
33 692
33 897
33 959
34 38
34 890
35 246
35 304
35 592
36 833
36 965
37 199
37 383
37 554
37 984
38 115
38 291
38 724
38 898
38 966
39 65
39 522
39 907
39 995
40 266
40 414
40 454
40 473
40 942
41 435
41 463
41 569
41 576
41 694
41 749
42 66
42 784
43 310
43 621
43 816
44 79
44 227
44 415
44 438
44 570
44 748
44 941
45 250
45 917
46 643
47 329
47 412
47 504
47 714
47 754
48 63
48 345
48 502
48 648
48 760
48 809
49 642
49 652
49 833
49 849
49 935
50 478
50 883
51 105
51 235
51 743
51 981
52 283
52 331
52 351
52 479
52 629
52 955
53 80
53 124
53 229
53 341
54 108
54 116
54 313
54 452
54 557
55 227
55 742
55 878
56 156
57 430
57 441
57 468
57 543
57 824
58 203
58 257
58 486
58 543
58 691
58 730
58 976
59 119
59 825
60 907
61 81
61 111
61 389
61 433
61 434
61 806
62 72
62 883
63 133
63 322
63 429
63 591
63 687
63 824
64 276
64 421
64 994
65 236
65 480
65 855
65 957
66 568
66 578
66 615
66 826
66 832
67 403
67 404
67 491
67 558
67 695
67 796
67 839
68 288
68 533
69 444
69 657
69 912
70 434
70 673
70 774
70 937
71 200
71 439
71 762
72 98
72 228
72 716
72 867
73 106
73 196
73 600
73 972
74 605
74 611
74 922
74 934
75 229
75 270
75 500
75 519
75 795
76 77
76 155
76 367
76 677
77 285
78 260
78 413
78 735
78 805
78 815
79 357
79 687
79 762
79 780
79 952
80 121
80 516
80 555
81 192
81 333
81 697
81 742
81 807
81 858
81 981
81 991
82 235
82 247
82 387
82 393
82 687
82 878
82 989
83 179
83 232
83 289
83 410
83 880
83 909
84 144
84 279
84 372
84 799
85 285
86 385
86 621
86 764
87 187
87 571
88 114
88 189
88 466
88 732
88 815
89 182
89 317
89 495
89 659
90 923
90 991
91 738
91 853
91 976
92 152
92 299
92 318
92 408
92 652
92 959
94 152
94 274
94 571
94 728
94 756
94 891
95 225
95 370
95 569
95 650
96 338
96 407
97 146
97 284
97 345
97 999
98 246
98 848
98 867
98 881
99 123
99 263
99 304
99 537
99 908
99 925
99 953
99 975
100 548
100 563
101 384
101 394
101 841
102 369
102 564
103 265
103 473
103 574
103 732
103 837
103 953
104 169
104 458
105 409
105 686
105 792
106 432
106 458
107 316
107 453
107 493
107 601
107 704
107 776
107 983
108 705
109 753
109 812
110 151
110 323
110 514
110 769
110 957
110 961
111 574
111 781
112 478
113 143
113 372
113 614
114 884
115 406
115 735
115 976
116 127
116 522
116 664
116 746
117 210
117 402
117 489
117 951
118 151
118 667
118 803
118 994
119 471
119 594
120 340
120 790
120 909
121 708
122 465
122 758
122 885
122 912
122 927
123 809
124 387
124 536
124 825
124 998
125 362
125 469
125 599
125 605
127 435
127 882
128 239
128 528
129 618
129 762
130 300
130 308
130 411
130 573
130 707
131 384
132 142
133 565
133 806
133 817
134 332
135 171
135 267
135 608
135 728
135 790
136 146
136 448
137 188
137 324
137 605
137 929
138 229
138 428
139 502
139 689
140 213
140 312
140 339
140 378
140 592
140 623
141 267
141 562
141 595
141 608
141 967
142 544
143 251
143 343
143 569
143 795
144 169
144 495
144 517
144 823
144 864
144 989
145 274
145 317
145 461
145 686
146 243
146 380
146 600
146 626
146 970
147 188
147 667
148 239
148 439
148 508
148 588
148 730
148 762
148 842
148 928
149 401
150 290
150 489
150 502
150 730
150 983
151 330
151 456
152 610
152 817
153 623
153 721
153 736
153 754
153 793
153 927
154 801
154 817
154 965
155 707
155 800
155 919
155 932
156 250
156 670
156 738
156 889
157 352
157 629
157 782
157 837
157 959
158 384
158 402
158 697
158 924
158 938
159 521
159 590
159 735
160 267
160 362
160 381
160 479
160 540
160 833
162 494
162 616
162 659
162 743
163 347
163 445
163 550
163 577
163 641
163 664
164 199
164 426
164 661
164 922
165 166
165 383
165 528
165 621
165 988
166 306
167 325
167 621
168 809
169 595
169 969
170 204
170 516
171 397
171 493
171 554
171 791
171 824
172 373
172 506
172 882
172 915
173 580
173 596
173 695
174 208
174 223
174 283
174 529
175 759
175 789
176 185
176 735
176 900
176 993
177 697
177 788
178 559
178 916
179 684
180 610
180 718
180 854
180 911
182 684
183 255
183 873
184 511
184 600
184 749
184 872
184 967
185 436
185 854
186 252
186 580
187 570
188 211
188 728
189 295
189 680
189 860
191 462
191 468
191 633
191 661
191 682
191 946
192 206
192 504
192 664
192 759
192 887
193 486
193 505
193 536
193 785
193 821
193 850
194 254
194 272
194 340
194 638
194 705
194 808
194 832
195 451
196 205
196 437
196 656
196 732
196 737
196 794
196 802
197 447
197 457
197 669
198 883
198 934
198 991
199 237
199 339
199 657
199 700
199 794
199 926
199 933
200 770
201 259
201 270
201 643
202 339
202 409
202 955
203 362
203 446
203 475
203 856
204 266
204 298
204 695
204 945
204 989
205 381
205 546
205 724
205 812
205 813
206 263
206 407
206 443
206 623
206 898
206 961
207 668
207 809
209 712
209 769
210 266
210 559
211 574
211 747
212 545
212 547
212 950
213 642
213 929
214 272
214 311
214 502
214 777
214 808
215 813
215 885
215 899
215 986
216 424
216 915
216 945
217 261
217 398
217 948
217 971
218 277
218 294
218 329
218 405
218 417
218 802
218 812
218 872
219 226
220 600
221 512
222 257
222 321
222 454
223 462
223 747
223 865
223 912
224 787
225 987
226 471
226 535
226 578
226 762
226 775
226 899
227 408
227 447
227 563
228 291
228 321
228 505
228 553
228 921
228 923
229 298
229 560
229 604
229 878
230 328
230 537
231 597
231 812
231 932
232 946
234 486
234 633
234 768
235 567
236 340
236 616
236 725
236 976
237 531
237 686
237 689
237 787
237 816
238 596
239 262
239 271
239 357
239 516
239 642
239 922
239 934
240 941
242 444
242 798
243 542
243 609
243 849
243 929
243 935
244 448
244 829
244 887
245 598
245 603
245 872
246 694
247 506
247 638
247 850
247 921
248 396
248 469
248 679
249 359
249 435
249 634
249 746
249 809
249 859
250 610
251 331
251 879
251 975
252 820
254 762
255 437
256 509
256 727
256 755
256 919
256 978
257 466
257 500
257 722
258 285
258 301
258 610
258 755
258 839
258 911
259 453
259 604
259 892
259 947
260 682
261 441
261 604
261 714
261 917
262 365
262 599
262 698
262 734
262 814
262 836
263 333
263 528
263 990
265 284
265 363
265 546
265 756
266 271
266 547
266 910
266 929
267 889
268 271
268 279
268 598
268 665
268 744
269 540
269 582
269 962
269 974
269 996
270 337
270 647
270 650
270 833
271 901
272 470
273 386
273 428
273 718
273 835
273 957
274 391
274 450
274 881
275 681
276 721
276 765
276 947
278 288
278 749
278 995
279 325
279 495
279 690
279 703
280 700
280 702
280 795
281 418
281 642
281 850
281 941
282 317
282 872
283 334
284 686
284 691
284 771
285 558
285 962
286 903
287 493
287 652
287 700
288 944
289 727
290 345
290 995
291 408
292 310
292 330
292 376
292 451
292 775
292 836
293 900
294 421
294 700
294 707
294 901
295 517
296 635
296 650
296 689
296 787
297 957
298 416
298 432
298 569
298 814
299 603
300 506
300 794
300 851
300 880
301 313
302 440
302 834
302 922
304 393
304 412
305 359
305 534
306 867
307 344
307 501
307 577
308 458
308 480
308 694
308 857
309 350
309 469
309 724
309 769
309 820
309 939
309 976
310 420
310 764
311 513
311 754
311 870
311 879
312 353
312 362
312 687
312 836
313 822
314 320
315 717
315 963
316 936
317 406
317 644
317 771
317 869
317 950
318 378
318 534
318 537
318 637
318 650
318 706
318 815
320 469
320 579
320 605
320 637
321 531
321 969
322 362
322 373
322 588
322 771
324 531
324 820
325 344
325 711
325 889
326 425
326 430
327 376
327 404
327 437
327 775
329 392
329 670
329 923
331 866
332 460
332 829
333 374
333 460
333 732
333 741
333 806
333 865
334 881
335 672
335 884
336 354
336 514
336 744
338 955
339 642
339 644
339 777
339 913
340 681
340 936
341 748
341 972
342 462
342 810
343 638
343 645
343 675
343 739
343 934
343 959
343 964
344 394
344 553
344 734
344 847
345 514
345 578
346 487
346 600
346 830
346 929
346 986
347 867
347 947
347 993
348 353
348 541
349 487
349 736
349 765
350 361
350 384
351 372
351 518
351 667
351 964
352 391
352 544
354 565
354 629
354 659
354 762
354 919
355 396
355 524
355 760
355 955
356 515
356 572
357 610
357 641
357 681
357 798
357 982
358 426
359 994
361 814
361 836
361 937
362 843
363 817
363 913
364 587
364 814
365 759
365 838
366 712
366 730
366 737
367 574
368 851
368 960
369 461
369 511
369 535
369 877
370 410
370 750
370 822
370 847
371 542
372 550
372 552
372 734
373 488
373 708
373 745
373 857
374 429
374 812
375 421
375 575
375 814
376 629
376 685
376 839
377 782
377 918
378 780
378 848
379 683
379 928
380 386
380 495
380 653
380 859
381 553
381 706
383 712
384 586
384 596
384 782
384 869
385 398
386 532
386 563
386 583
386 690
386 693
387 502
388 632
388 692
388 756
389 588
391 465
391 640
391 873
392 589
392 774
392 807
393 619
393 821
393 975
394 716
394 749
395 470
395 840
395 905
396 534
396 915
397 454
397 811
397 856
397 867
398 807
399 450
399 783
399 982
400 808
400 887
401 542
402 797
402 892
403 440
404 965
405 525
406 497
407 933
408 487
408 792
409 410
411 524
411 697
413 744
414 448
414 718
415 721
415 754
417 552
417 560
417 594
417 623
418 577
419 487
419 677
419 753
419 927
421 652
421 974
422 578
422 642
422 670
422 689
422 893
423 893
424 547
424 697
425 504
425 643
426 918
427 493
427 681
428 481
428 513
430 454
430 565
431 531
432 760
433 451
433 483
433 728
433 853
434 490
435 753
435 770
435 905
436 544
436 548
436 586
436 985
437 977
438 472
438 520
438 714
438 749
438 826
438 922
439 552
439 837
439 993
440 856
441 593
441 681
441 996
442 934
443 456
444 463
444 627
444 688
444 950
445 768
447 589
447 728
447 781
447 966
447 982
448 547
448 638
448 714
448 736
449 905
449 926
450 480
450 552
450 669
450 726
450 729
450 902
452 714
452 792
452 836
452 837
453 507
453 572
453 959
454 816
455 568
455 790
455 870
455 995
456 873
457 781
457 878
457 924
457 990
459 562
459 617
459 865
459 913
461 617
462 509
462 594
463 538
463 979
464 598
464 798
464 876
465 593
465 646
465 782
466 716
466 862
467 706
467 733
468 600
468 633
468 682
468 976
470 528
470 814
471 709
471 944
472 804
472 938
473 621
474 730
475 498
475 573
475 893
476 490
476 666
476 872
477 480
478 695
478 806
481 545
481 628
481 848
482 617
482 795
483 676
483 765
484 512
484 562
484 631
484 980
485 574
485 671
485 811
486 623
486 892
487 634
487 650
488 803
488 861
489 674
489 840
490 515
490 738
490 756
490 764
490 850
490 958
491 698
491 911
492 682
492 722
492 749
492 796
492 913
493 650
493 673
494 658
495 562
495 571
495 744
495 949
496 701
497 735
498 709
498 760
499 547
499 569
499 629
500 508
500 630
500 969
501 790
501 867
501 923
502 574
503 960
504 708
504 746
505 565
506 519
506 941
507 523
508 744
510 692
510 835
511 935
512 561
513 660
515 926
516 528
516 694
516 753
517 668
517 739
518 794
518 821
518 866
518 871
519 521
519 556
519 567
519 588
519 643
519 702
519 737
520 649
520 813
521 667
521 980
522 626
522 758
523 993
524 853
525 578
526 530
526 853
527 793
527 954
527 962
528 970
529 950
530 570
530 793
530 832
531 849
531 907
531 961
533 574
533 694
533 977
534 605
534 700
534 978
535 710
535 930
535 952
535 965
536 752
538 609
539 650
539 830
539 884
540 580
540 591
540 713
540 842
542 640
542 675
543 724
544 696
544 734
544 991
545 731
545 783
545 789
546 800
546 841
547 788
548 984
549 886
550 641
550 870
551 701
551 870
553 665
554 977
555 596
555 627
556 680
556 842
557 736
557 900
559 978
560 748
561 854
561 978
562 644
563 690
563 858
563 918
564 578
564 584
564 754
564 890
565 904
566 643
566 667
566 755
567 745
567 804
567 867
569 595
569 709
569 808
569 915
569 993
570 585
571 578
571 676
571 823
572 601
572 996
573 825
573 859
574 643
574 977
574 981
575 599
577 771
578 630
578 684
578 935
579 632
579 701
580 607
580 761
580 841
581 582
581 729
583 664
583 936
584 615
584 713
585 718
585 775
587 926
587 990
589 713
589 894
590 761
590 792
591 643
591 832
591 932
591 939
592 618
592 717
592 884
593 605
593 667
593 679
593 800
594 805
594 884
595 664
595 882
596 712
597 861
597 885
598 722
598 914
599 727
599 859
600 700
600 837
601 912
602 976
604 637
604 800
604 918
605 841
605 919
606 683
606 807
606 821
606 928
606 959
607 652
607 749
608 623
609 907
610 973
611 880
612 783
613 710
614 777
614 883
615 786
615 818
615 962
615 969
617 768
617 826
618 687
619 763
619 788
620 786
620 980
621 880
622 790
622 864
622 895
623 898
623 928
623 971
625 638
625 688
625 995
626 695
627 673
628 660
628 794
629 850
630 873
631 816
634 961
634 983
635 884
637 859
637 894
637 966
639 666
639 902
641 642
641 832
642 774
643 665
643 994
644 783
645 724
646 758
646 779
647 868
648 834
648 891
648 965
649 870
649 941
651 658
651 746
651 993
652 854
653 878
654 770
654 863
654 873
655 723
655 779
655 862
655 975
656 752
658 825
659 664
659 702
660 667
663 807
665 761
665 824
665 927
666 887
668 673
668 881
669 734
669 830
670 896
670 996
671 864
671 900
672 840
673 697
674 886
674 903
675 772
675 791
676 812
676 872
678 688
678 923
679 732
679 909
679 982
681 911
682 908
685 715
685 834
685 908
686 761
686 831
686 894
687 771
687 956
690 734
690 810
691 943
693 706
693 723
693 885
694 728
694 973
695 959
696 849
696 850
697 721
697 895
697 899
699 876
700 773
700 821
700 906
701 899
702 951
702 954
704 851
704 967
705 832
705 915
707 864
708 770
708 898
708 942
708 990
709 720
709 733
712 751
712 754
712 921
713 846
716 832
716 937
717 832
719 983
720 752
720 771
720 957
721 807
721 947
722 819
722 848
724 786
724 845
726 800
726 944
729 969
730 936
736 771
737 766
737 849
738 884
739 784
739 919
739 962
740 960
741 777
742 846
743 783
745 840
745 855
745 874
745 903
746 799
747 887
747 960
748 955
752 828
752 830
755 790
756 804
756 862
757 944
760 867
760 936
762 782
762 988
763 790
763 952
765 957
766 854
766 944
767 816
770 780
770 785
770 817
771 797
771 817
771 822
771 887
774 979
775 898
776 906
778 829
779 876
780 944
781 932
781 987
782 788
782 952
783 797
784 968
785 849
785 866
786 947
789 814
794 878
795 839
795 954
796 840
796 981
797 923
798 801
799 814
799 847
800 810
801 889
803 805
803 970
804 924
804 958
806 811
808 915
810 888
811 891
811 944
812 902
813 877
814 991
819 835
820 855
823 969
824 899
827 973
830 974
831 880
832 866
832 913
834 988
835 919
839 917
840 853
841 893
841 909
842 899
844 846
847 852
848 871
850 939
850 993
851 960
853 916
854 953
855 946
858 890
858 930
860 925
861 929
864 998
866 870
873 907
873 939
880 921
880 980
883 934
886 988
888 982
892 898
894 926
899 955
903 910
907 920
908 944
908 966
909 915
910 956
918 923
919 968
928 976
934 987
937 950
937 977
954 992
958 986
962 986
970 983
971 979
982 988
