0 76
1 3
1 22
1 82
1 124
2 15
2 68
2 105
2 114
3 23
3 48
3 63
3 106
4 24
4 65
4 89
4 92
4 110
4 119
5 10
6 17
6 92
6 96
7 30
7 82
7 88
7 120
8 23
8 41
9 11
9 16
9 38
9 41
9 70
9 82
9 102
9 121
9 124
10 25
10 32
10 88
10 94
11 33
11 89
11 108
12 61
12 83
12 101
12 108
13 37
13 90
14 81
14 83
14 123
15 110
16 21
16 73
17 51
17 65
17 79
18 24
18 49
19 63
19 75
19 83
20 23
20 38
20 75
20 95
20 112
20 114
20 121
21 56
21 65
21 80
22 112
23 67
23 98
23 109
24 32
24 36
24 55
24 70
24 73
24 77
24 78
24 99
24 102
24 104
24 112
25 51
25 55
25 68
25 120
27 93
28 30
28 54
28 69
28 113
28 123
29 41
29 44
29 47
29 51
30 97
30 101
31 32
31 33
31 95
31 97
32 40
32 92
33 79
33 84
34 37
34 38
34 55
34 92
35 63
35 124
37 72
37 113
37 121
38 76
38 95
39 70
39 99
39 124
40 77
40 87
42 54
42 55
43 63
43 73
43 75
43 102
44 111
44 115
45 76
45 96
45 116
45 124
46 49
46 80
46 81
46 99
46 104
46 121
47 73
47 83
47 112
48 66
48 68
48 91
48 94
48 101
49 61
49 102
50 51
50 80
52 55
52 117
53 100
54 89
55 107
55 114
56 57
56 61
56 88
56 100
56 102
56 122
57 62
57 77
57 90
58 83
58 96
59 69
60 80
60 87
60 118
61 76
61 95
62 72
62 114
62 124
63 100
63 121
63 123
64 75
64 102
65 79
67 79
68 90
68 97
69 95
70 76
70 80
70 86
70 114
70 119
72 84
72 86
74 101
74 103
74 104
75 91
75 102
77 92
77 97
77 123
78 110
78 114
79 80
80 121
81 86
81 110
81 116
82 100
83 106
84 101
85 111
86 103
86 113
87 109
88 102
89 117
89 121
90 123
91 104
91 124
92 95
92 115
93 118
94 95
94 106
94 114
94 118
95 108
96 106
96 116
97 114
97 124
98 100
98 108
99 118
100 101
103 105
105 120
105 123
107 113
113 116
113 119
118 124
