1 100
1 122
1 138
1 294
1 333
1 474
1 497
1 577
1 860
2 133
2 897
3 93
3 109
3 200
3 526
3 604
3 628
4 253
4 363
4 734
5 124
5 319
5 544
5 715
6 499
6 578
6 787
7 115
7 561
8 239
8 368
8 499
9 21
9 148
9 394
9 490
9 766
9 805
9 810
10 671
10 865
10 993
11 270
11 517
11 708
12 176
12 502
12 852
13 55
13 79
13 80
13 376
14 85
14 108
14 232
14 341
14 362
14 546
15 263
15 364
15 575
15 595
16 252
16 253
16 349
16 622
16 825
17 121
17 175
17 235
17 499
17 556
17 616
17 709
17 735
17 931
18 25
18 209
18 460
18 486
18 665
18 708
18 783
18 788
18 852
18 873
18 932
19 247
19 691
19 829
19 837
19 890
20 521
20 722
21 279
21 328
21 379
22 191
22 531
22 606
22 709
22 759
22 814
23 329
23 461
23 624
23 812
24 130
24 426
24 557
24 733
24 821
25 258
25 966
26 325
26 505
26 786
26 971
27 108
27 519
27 785
28 133
28 215
28 473
28 713
28 819
29 72
29 95
29 605
29 763
29 786
30 152
30 188
30 517
30 861
31 294
31 769
31 844
32 65
32 171
32 315
32 665
32 984
33 62
33 535
33 588
33 739
33 740
33 767
33 835
34 428
34 536
34 919
34 970
34 971
35 504
35 563
36 57
36 75
36 114
36 661
36 850
36 930
37 251
37 464
37 587
38 545
38 571
38 708
39 71
40 296
40 790
40 879
41 324
41 687
42 205
42 235
42 566
42 874
43 179
43 376
43 723
44 429
44 554
44 601
44 620
45 132
45 654
45 756
46 69
46 398
46 434
47 168
47 262
47 685
47 752
47 876
47 878
47 955
48 119
48 534
48 611
48 678
49 414
49 611
50 236
50 422
50 961
51 239
51 248
51 281
51 417
51 806
51 854
51 898
51 976
52 117
52 232
52 380
52 395
52 725
53 55
53 157
53 296
53 465
53 618
53 763
53 812
53 835
54 90
54 143
54 277
54 370
54 694
54 971
55 203
55 412
55 771
56 159
56 220
56 296
56 748
56 906
57 197
57 382
57 397
57 749
57 838
57 860
57 914
58 237
58 513
58 815
59 212
59 230
59 480
59 537
59 859
60 468
60 520
60 955
60 959
60 968
61 254
61 331
61 834
62 271
62 484
62 730
62 745
63 264
63 310
63 462
63 547
63 808
63 969
64 223
64 343
64 381
64 457
64 535
64 779
65 157
65 177
65 277
66 540
66 590
66 596
66 748
66 924
67 177
67 445
67 620
67 825
68 204
68 578
69 868
70 232
70 782
70 880
71 482
71 703
73 96
74 82
74 109
74 339
74 652
74 816
75 373
75 409
75 669
76 577
76 734
76 799
76 985
77 159
77 373
78 224
78 293
78 414
78 463
78 557
78 707
79 114
79 619
79 752
79 883
79 928
80 397
80 408
80 455
80 896
80 998
81 284
81 357
81 615
81 901
82 203
82 339
82 489
82 499
82 825
82 933
83 346
83 571
84 218
84 286
84 315
84 673
84 716
85 480
85 808
86 171
86 817
86 871
87 156
87 402
87 916
87 942
87 948
88 386
88 578
88 592
89 503
89 948
89 980
90 215
90 258
90 707
90 922
91 400
91 572
91 750
91 830
92 232
92 393
92 428
92 600
92 749
92 899
93 672
93 861
94 591
94 616
95 221
95 481
95 586
95 722
96 143
96 188
96 248
96 390
96 565
96 845
96 918
97 273
97 420
97 554
97 563
97 779
98 291
98 431
98 715
99 248
99 356
99 917
100 184
100 191
100 192
100 607
101 186
101 451
101 657
102 443
102 497
103 946
104 473
104 575
105 498
105 750
105 799
105 881
106 653
106 940
107 929
107 951
108 204
108 283
108 353
108 817
108 863
109 837
110 118
110 306
110 335
110 360
110 428
110 765
110 847
110 939
111 737
111 750
111 892
111 911
112 149
112 277
112 281
113 132
113 204
113 262
113 579
114 874
115 231
115 268
116 557
116 675
116 845
117 189
117 416
117 510
117 867
117 950
118 160
118 237
118 527
118 581
118 695
119 604
119 625
120 355
120 595
120 720
120 951
121 129
121 850
122 581
122 634
122 906
123 531
123 580
123 621
123 868
123 991
124 189
124 339
124 557
124 584
124 670
124 825
125 557
126 780
126 940
127 446
127 530
128 883
129 647
129 689
130 179
130 358
130 394
130 428
130 478
130 556
130 802
130 827
131 175
131 396
131 618
131 681
131 867
131 935
132 479
132 493
132 580
132 649
132 673
132 752
132 872
133 167
133 595
133 667
133 821
134 170
134 420
134 456
134 524
134 625
134 632
134 815
134 828
134 958
135 176
135 412
135 431
136 399
136 564
136 688
136 710
137 203
137 367
137 506
137 569
137 987
138 325
138 443
138 446
138 612
138 718
138 865
138 921
139 367
139 563
139 657
139 671
139 918
141 432
141 505
141 621
142 227
142 341
142 434
142 488
142 990
142 995
143 298
143 498
143 926
144 152
144 168
144 433
144 444
144 447
144 476
144 615
144 858
145 397
145 403
145 438
145 723
145 829
146 291
146 498
146 511
146 941
147 312
147 382
147 680
147 867
148 581
148 616
148 700
148 797
149 278
149 453
149 659
150 447
150 707
150 780
150 868
151 199
151 356
151 446
151 473
152 176
152 215
152 344
152 690
152 969
152 988
153 246
153 935
154 349
154 399
154 644
154 672
154 707
155 543
155 728
156 161
156 355
156 400
157 429
157 431
157 762
158 401
158 418
158 424
158 604
158 840
159 269
159 334
159 686
160 220
160 354
160 649
160 664
160 699
160 837
160 935
160 973
161 334
161 743
162 335
162 354
162 808
162 928
163 191
163 293
163 317
163 402
163 529
163 792
163 836
164 234
165 566
165 847
165 851
166 173
166 266
167 377
167 427
167 646
167 929
167 952
168 178
168 402
168 720
169 337
169 347
169 633
169 826
169 934
170 321
170 815
170 848
170 923
171 364
171 759
171 938
172 209
172 600
172 745
172 937
173 273
173 274
173 602
173 612
174 333
174 410
174 677
175 261
175 627
175 679
175 828
175 958
177 662
177 954
178 442
179 236
179 381
179 647
179 727
180 743
181 457
181 591
181 616
182 695
183 412
183 561
183 799
184 209
185 331
185 472
185 603
185 610
185 729
186 512
186 520
186 626
186 897
187 645
187 724
187 905
188 236
188 453
189 265
189 581
190 489
190 901
191 427
191 443
191 572
191 602
191 628
191 916
192 204
192 245
193 511
193 641
194 588
195 286
195 318
195 455
195 634
195 891
196 827
197 391
198 351
198 711
198 763
198 931
198 997
199 200
199 488
199 683
200 311
200 525
200 589
200 799
200 946
201 432
201 510
201 665
202 586
202 828
202 847
203 328
203 895
204 445
204 477
204 844
204 967
205 390
205 531
205 648
205 832
205 940
206 363
206 369
206 734
206 904
207 264
207 792
207 817
208 387
208 522
208 632
209 216
209 730
209 917
209 983
210 381
210 684
210 885
210 907
211 696
212 668
212 715
212 787
212 973
213 235
213 271
213 863
214 410
215 573
216 321
216 488
216 577
216 654
216 753
216 897
217 370
217 422
217 439
217 499
218 635
218 649
218 808
218 888
219 232
219 237
219 354
219 653
220 369
220 570
220 584
220 788
220 926
221 588
221 793
222 361
222 431
222 496
223 329
223 947
224 600
224 993
225 296
225 326
225 498
225 802
226 575
226 593
226 727
226 922
226 929
226 969
227 622
227 714
227 748
227 935
228 251
228 405
228 642
228 786
229 420
229 612
229 697
229 781
229 803
230 341
230 762
230 847
231 326
231 447
231 626
231 702
231 745
231 786
232 500
232 742
232 761
233 891
233 948
233 980
234 304
234 583
234 788
234 932
235 502
235 516
235 850
236 279
236 359
236 460
236 926
237 476
237 708
238 448
238 612
239 255
239 408
239 815
240 376
240 532
241 432
241 554
241 711
241 819
241 982
242 487
242 682
242 926
243 425
245 547
246 343
246 826
246 863
246 891
246 896
246 949
247 276
248 492
248 509
248 778
248 832
250 522
250 861
250 920
251 388
251 422
251 681
251 775
252 270
252 577
252 684
252 791
252 838
252 987
253 706
253 912
255 665
255 907
256 791
256 793
257 612
257 923
258 380
258 459
258 767
259 547
259 831
261 623
261 916
262 501
262 540
262 862
262 885
263 269
263 504
264 269
264 626
264 719
264 781
265 315
265 574
265 699
265 733
265 747
266 276
266 419
266 526
267 461
267 709
268 283
268 697
268 709
268 860
269 533
269 753
269 826
269 862
270 324
270 453
270 632
270 641
271 536
271 568
272 450
273 319
273 346
273 458
273 618
273 846
274 301
274 780
274 988
275 430
275 930
276 693
276 965
277 657
277 865
278 285
278 303
278 375
278 500
278 671
278 771
278 808
279 429
279 689
279 706
280 498
281 656
282 300
282 365
282 371
282 378
283 534
283 711
283 762
285 686
286 367
286 407
286 468
286 551
286 823
286 884
287 295
288 382
288 655
288 692
288 874
289 661
289 931
290 845
291 511
291 766
291 847
292 385
292 732
292 904
293 351
293 510
293 871
296 888
296 918
297 355
297 703
298 541
298 601
298 839
298 854
299 666
299 702
299 860
300 331
300 354
300 387
300 599
300 652
301 444
301 488
301 954
302 391
302 648
302 954
302 965
303 308
303 316
303 348
303 698
303 815
304 675
304 946
305 680
305 682
305 791
305 990
307 333
307 820
307 879
307 957
307 969
308 485
309 589
309 727
309 740
309 912
310 471
310 496
310 547
310 993
311 348
311 376
311 640
311 771
312 390
312 866
312 947
314 529
314 853
314 871
314 974
315 360
315 519
315 646
315 719
315 795
315 807
316 552
316 917
317 536
317 632
317 661
317 831
317 841
317 868
318 598
318 615
318 835
318 864
319 326
319 850
320 874
321 322
321 565
321 810
322 332
322 670
323 709
323 901
324 380
324 392
324 752
325 749
326 986
327 350
327 840
327 897
327 990
328 400
329 429
329 511
329 577
330 354
330 466
330 604
330 874
331 529
331 592
332 384
333 844
333 957
334 896
334 946
335 580
335 623
335 815
336 363
336 502
336 691
336 695
336 756
336 950
338 460
338 553
338 659
339 481
339 852
340 717
340 738
340 739
343 509
344 358
344 437
344 482
344 640
345 436
345 485
345 622
345 691
346 609
347 750
347 948
348 421
348 617
348 684
348 818
349 629
350 439
350 574
350 592
350 604
350 685
350 776
350 844
350 981
352 461
352 576
353 376
353 524
353 536
353 592
353 836
354 379
354 448
354 484
354 650
354 929
355 598
355 715
356 407
356 433
357 501
357 672
357 922
358 849
359 388
359 649
359 832
360 603
360 734
360 912
360 924
360 929
361 946
362 911
362 983
363 452
363 530
363 649
363 930
364 481
365 387
366 620
366 901
367 401
367 513
367 705
367 758
367 867
368 374
368 874
369 417
369 540
369 913
370 497
370 535
371 895
372 629
372 751
372 794
373 697
373 965
373 972
374 998
375 549
375 991
377 392
377 416
377 621
377 742
377 880
378 379
378 544
378 577
378 857
379 596
379 775
379 833
379 840
379 911
379 932
379 951
379 970
380 554
380 659
380 770
381 426
382 410
382 521
382 563
382 673
383 474
383 509
383 594
383 776
384 466
384 612
384 700
385 457
385 657
386 408
386 497
386 643
386 884
387 405
387 670
387 853
387 900
388 482
388 504
388 652
388 953
389 487
390 397
390 870
391 670
391 925
392 656
393 443
393 734
393 963
394 984
395 400
395 639
395 815
396 597
396 902
398 399
398 466
400 692
401 426
401 469
401 796
402 460
402 492
402 730
402 879
402 949
404 449
404 513
404 953
405 543
405 792
407 850
408 663
408 805
408 825
408 931
409 546
409 564
409 823
410 968
411 666
411 938
412 555
412 650
413 817
414 718
414 831
414 967
415 499
415 786
416 538
416 662
417 984
419 535
420 442
420 959
421 989
422 780
422 914
424 509
424 554
424 884
424 906
425 800
425 862
425 923
426 529
426 545
426 764
426 984
427 570
428 610
428 735
428 843
428 881
429 702
430 544
430 926
430 933
430 941
431 574
431 679
431 771
431 881
431 957
432 555
432 564
432 649
432 939
433 803
433 804
433 834
433 866
433 871
433 887
434 482
434 844
434 863
435 502
435 918
436 564
436 744
436 831
436 966
437 545
437 775
437 880
438 615
438 829
439 491
441 491
441 495
441 530
441 866
442 502
442 537
443 860
443 969
444 926
444 946
446 509
446 836
447 497
447 776
448 817
449 500
449 872
450 519
450 555
450 793
450 871
451 455
452 465
452 467
452 542
452 699
452 716
453 979
454 515
455 607
455 759
455 846
456 484
457 931
457 989
458 856
459 493
459 651
459 799
460 591
460 793
460 801
460 817
460 921
460 997
461 643
461 787
462 603
462 861
463 577
463 786
464 864
465 624
466 499
466 784
466 821
467 487
468 750
469 839
469 858
470 613
471 563
471 948
472 656
474 770
475 528
475 595
476 771
476 786
476 986
477 662
477 782
479 722
480 699
480 738
480 963
482 731
482 831
483 821
484 929
485 526
485 534
485 768
485 926
486 770
487 581
487 632
487 692
487 961
488 592
488 681
488 846
490 505
490 981
491 572
491 700
492 711
493 594
493 872
493 879
494 571
494 618
494 728
495 729
496 576
496 672
496 767
497 582
497 901
498 707
498 834
498 888
499 618
499 675
499 902
499 932
499 998
500 988
501 686
502 810
503 540
503 703
504 663
504 750
504 998
505 535
505 767
505 773
505 874
505 993
506 538
506 589
506 709
506 983
507 535
507 819
508 790
509 515
510 690
510 779
510 900
510 990
512 860
512 970
513 515
513 747
515 742
515 800
515 852
518 538
518 753
518 782
518 845
519 839
519 907
520 668
520 670
520 870
521 853
522 932
523 573
523 580
523 893
524 528
524 632
524 760
524 852
526 824
526 843
526 846
526 961
527 852
527 911
528 692
528 756
528 829
529 808
529 832
530 999
531 653
531 889
532 638
532 806
533 739
534 759
534 861
535 610
535 648
535 666
535 851
535 913
536 582
536 743
536 841
536 904
537 706
537 869
537 950
538 544
538 676
540 542
540 713
540 814
540 893
541 646
541 836
543 587
543 866
543 876
544 609
545 797
545 921
546 576
547 744
549 812
549 868
551 780
552 695
553 890
554 850
556 951
556 989
557 943
558 702
559 567
559 862
559 875
559 879
560 941
560 962
561 672
561 844
561 865
562 610
562 785
563 653
565 742
565 789
568 697
568 960
569 697
571 779
572 920
573 671
573 783
573 886
573 888
574 618
574 668
574 693
575 630
575 844
575 899
576 584
576 777
576 904
576 957
577 800
578 668
578 914
579 647
579 782
579 899
580 626
580 660
580 821
581 735
581 753
583 767
584 620
587 896
588 848
588 976
588 982
589 671
590 759
590 878
591 634
591 919
592 889
592 946
593 672
594 651
594 678
595 646
596 691
596 762
596 780
597 650
597 850
598 654
600 943
602 936
603 629
604 645
604 771
606 652
607 686
607 789
607 975
608 800
608 876
609 978
610 886
610 889
610 908
612 985
613 640
614 768
615 653
615 984
617 887
618 842
618 978
619 745
620 920
620 974
621 651
622 810
622 837
622 927
623 871
624 768
624 852
624 993
625 802
625 847
625 968
626 824
627 766
627 896
627 979
629 756
629 915
631 832
632 694
633 706
633 713
633 879
634 722
634 856
635 782
637 651
637 726
637 783
637 826
638 696
640 931
641 690
641 723
641 953
645 974
648 719
650 658
651 702
651 859
652 759
652 783
654 851
654 967
656 917
657 687
657 760
658 797
658 905
661 896
661 967
663 716
663 930
664 730
664 965
665 731
665 909
668 977
669 949
669 974
670 791
672 992
672 993
674 728
675 783
675 902
676 689
676 839
678 862
679 792
680 689
680 873
681 776
682 819
684 712
684 954
684 991
685 761
685 879
685 893
685 913
686 701
686 814
687 699
687 789
687 918
688 943
692 941
693 875
693 895
694 707
694 821
696 904
698 828
700 900
700 963
701 941
701 945
702 932
702 999
703 940
704 899
705 762
705 985
705 990
708 747
711 943
711 994
712 899
713 937
714 821
714 855
715 731
717 806
717 996
718 752
719 958
720 922
721 866
722 848
723 850
723 871
724 754
724 784
725 822
727 818
727 922
728 837
728 872
731 789
733 910
734 917
735 880
735 916
736 856
738 834
738 940
739 797
739 890
740 945
741 774
741 920
745 751
746 819
746 906
747 831
748 765
750 900
751 902
751 917
753 981
755 792
756 791
756 905
759 806
759 915
759 962
760 852
761 900
762 845
762 955
763 969
764 857
765 815
765 999
767 945
768 888
769 783
769 941
771 914
773 958
775 829
776 800
777 823
778 785
779 835
783 801
784 979
786 934
786 939
788 875
790 840
791 921
794 915
797 811
801 890
802 827
808 929
810 959
810 967
812 950
813 998
814 909
814 980
815 885
817 973
820 935
821 902
821 998
823 913
825 973
825 995
827 938
831 833
831 841
831 950
834 867
834 979
840 911
844 913
845 969
846 879
847 859
848 949
848 957
849 893
849 929
851 858
851 871
853 915
854 952
856 980
857 937
857 977
860 993
861 868
862 870
862 884
864 970
864 982
866 981
868 961
870 872
873 978
877 885
879 974
880 889
881 925
882 911
884 928
886 903
887 925
887 946
890 980
894 955
896 911
896 974
898 904
898 915
905 912
905 958
906 933
906 962
908 916
908 964
908 975
913 928
919 968
925 986
926 929
926 940
926 986
928 958
933 949
934 951
935 972
939 949
954 977
966 972
