0 1
0 2
0 30
0 93
1 46
1 81
1 94
1 99
1 100
2 118
3 40
3 58
3 93
4 9
4 76
4 77
4 106
4 121
5 9
5 36
5 82
5 120
6 18
6 25
6 52
6 58
6 72
6 83
7 27
7 28
7 32
7 38
7 84
8 68
8 75
8 79
9 56
9 101
10 19
10 30
10 44
10 64
10 103
11 44
11 49
11 100
11 118
12 42
13 66
13 100
14 19
14 97
14 111
15 27
15 33
15 96
15 101
16 22
16 55
16 58
16 108
16 118
17 29
17 45
17 70
17 75
18 62
19 52
19 103
20 25
20 33
20 54
20 70
20 112
21 32
22 61
23 34
23 47
24 34
24 41
25 34
25 50
25 62
25 68
25 74
25 77
25 95
26 36
26 37
27 29
27 34
27 56
27 103
28 100
28 116
29 32
29 40
29 54
29 103
30 69
30 107
31 69
31 73
33 36
33 60
33 94
33 109
34 43
34 87
35 51
36 66
36 117
37 89
38 67
38 88
38 96
38 102
38 121
39 41
39 62
40 76
40 92
40 99
40 122
41 106
44 83
45 97
45 121
46 101
47 92
47 111
47 116
48 57
49 57
49 73
49 97
49 108
50 56
50 84
53 57
54 68
54 82
55 66
55 101
56 57
56 96
56 110
56 114
57 64
57 110
58 70
58 112
59 64
59 95
61 66
61 89
62 77
63 100
63 120
63 122
64 96
64 112
64 122
64 123
65 109
65 114
66 68
66 85
66 86
66 123
67 87
68 92
69 87
70 83
70 86
70 98
70 112
72 78
72 83
72 92
73 79
73 101
73 117
74 105
74 122
76 81
76 90
76 121
77 80
77 112
77 119
78 79
78 114
79 82
79 95
81 101
81 114
81 118
82 86
82 99
82 104
83 86
83 91
83 100
83 106
83 111
87 95
87 124
88 111
89 98
89 116
91 101
91 118
93 95
94 113
94 117
95 109
95 116
96 99
96 110
96 124
97 101
99 108
105 111
107 110
109 119
111 117
115 117
115 120
115 123
120 124
