0 121
0 175
0 191
0 218
0 240
1 48
1 116
1 220
2 17
2 32
2 49
2 70
2 138
2 160
3 21
3 41
3 79
3 99
3 116
3 199
4 28
4 71
4 88
4 147
4 201
4 238
5 14
5 208
5 230
5 249
6 126
6 133
6 139
6 208
7 90
7 113
7 133
7 177
7 181
7 231
8 86
8 99
8 147
8 200
9 110
9 201
9 208
10 16
10 122
10 136
10 184
10 199
11 60
11 91
11 142
11 196
11 218
11 241
11 248
12 24
12 30
13 25
13 73
13 77
13 92
14 62
14 72
14 101
14 133
14 159
16 31
16 136
16 139
16 189
16 217
16 240
17 26
17 176
17 226
18 248
19 74
19 190
20 112
20 147
20 162
20 210
21 48
21 200
21 244
22 89
22 105
22 138
23 42
23 76
23 128
23 149
23 201
23 206
23 249
24 75
25 49
25 91
25 195
25 206
26 114
26 168
27 162
28 89
28 91
28 128
28 215
28 230
29 37
29 140
30 33
30 109
31 160
31 166
32 52
32 103
32 139
32 140
32 220
32 234
32 244
33 40
33 90
34 38
34 158
35 43
35 78
36 115
36 203
36 222
37 105
37 158
37 175
37 202
37 231
38 143
38 195
39 81
39 103
39 177
40 66
40 103
41 193
41 209
41 220
41 222
42 49
42 100
42 119
42 162
42 214
42 223
42 227
42 233
43 144
44 47
44 131
44 157
44 178
44 193
45 80
45 124
45 168
45 229
46 85
46 138
46 180
46 240
47 75
47 84
47 157
47 207
48 133
48 224
49 204
49 211
49 221
50 72
50 104
50 174
51 60
51 119
51 158
51 162
51 177
51 235
52 87
52 103
52 140
52 150
52 188
52 194
53 102
53 240
54 132
54 166
54 231
54 232
55 165
57 75
57 105
57 222
57 236
58 131
59 64
59 136
59 160
59 176
59 205
60 84
60 117
60 145
60 179
60 201
60 224
61 134
61 221
62 229
62 248
63 149
63 186
63 231
63 236
64 104
64 154
65 85
65 96
65 140
65 152
65 208
65 224
65 238
66 78
66 89
66 145
67 168
68 131
68 167
69 120
69 121
69 134
70 146
70 148
70 206
71 78
71 103
71 133
71 146
71 152
71 176
72 77
73 114
73 129
73 156
74 84
74 85
74 95
75 141
75 151
76 182
76 213
76 215
78 79
78 151
79 100
81 146
81 148
82 228
83 115
83 240
84 99
84 191
84 226
84 246
85 93
85 172
85 205
86 99
86 241
86 244
87 94
87 190
87 200
88 199
89 110
89 135
89 209
90 199
90 241
91 100
91 130
91 131
91 166
91 209
92 117
92 230
94 116
94 150
96 116
97 130
97 219
98 183
98 192
100 115
100 210
101 102
101 132
101 160
101 227
104 111
104 150
105 176
106 159
106 231
107 144
109 114
109 116
109 181
109 190
109 210
110 196
110 199
111 128
111 187
113 184
113 211
115 166
115 172
115 243
116 145
116 148
117 120
117 199
117 226
118 138
118 170
118 219
118 249
119 121
119 136
120 140
120 238
121 138
121 197
121 198
121 237
121 242
122 141
122 173
122 185
123 161
123 196
125 178
126 175
126 210
126 212
126 218
127 228
128 237
130 174
130 195
130 226
132 238
134 171
135 149
135 167
135 189
136 201
137 184
138 161
139 217
139 246
140 148
140 156
140 185
141 206
144 148
144 224
145 220
146 187
147 174
147 236
148 183
149 222
150 184
150 216
151 156
151 211
151 220
152 158
153 175
153 208
153 236
154 179
156 181
157 210
157 222
157 242
158 194
159 202
159 210
161 170
161 213
162 224
162 248
163 176
163 195
164 211
165 230
165 235
166 184
166 241
168 206
168 213
168 235
170 246
171 172
173 223
173 247
174 204
174 219
175 225
178 186
178 225
178 242
178 246
179 196
179 205
180 234
180 244
181 183
181 197
182 198
182 199
182 231
182 240
184 200
186 209
187 246
188 238
188 247
189 235
189 247
190 241
191 228
191 230
193 234
197 217
198 222
200 241
202 216
202 234
204 230
205 234
206 232
208 214
210 226
211 220
215 224
219 231
222 227
222 238
222 248
224 235
225 234
229 249
230 248
231 242
237 243
