0 83
0 140
0 155
0 209
0 423
0 489
1 135
1 154
1 216
1 412
1 425
2 396
3 4
3 74
3 112
3 141
3 296
3 330
3 346
3 400
3 401
3 445
4 12
4 178
4 361
4 381
4 478
5 125
5 180
5 215
5 226
5 416
6 9
6 101
6 121
6 176
6 197
6 382
7 91
7 297
7 359
7 373
8 25
8 178
8 393
9 146
9 429
10 23
10 268
10 347
10 416
11 69
11 202
11 316
11 370
11 385
11 426
11 453
12 31
12 48
12 354
12 439
12 481
13 229
13 400
13 436
14 48
14 221
14 229
14 328
14 469
15 55
16 91
16 126
16 317
16 370
16 378
17 155
17 470
17 482
18 44
18 234
19 116
19 130
19 189
19 329
19 378
19 382
20 280
20 466
21 100
21 180
21 190
21 258
21 326
22 93
22 204
22 449
22 476
23 32
23 118
23 165
23 262
23 335
23 467
24 49
24 171
24 239
25 403
25 455
26 60
26 101
26 244
26 326
26 446
27 406
28 34
28 216
28 222
28 387
28 433
30 105
30 109
30 177
30 345
30 435
31 92
31 226
32 99
32 159
32 164
32 374
33 162
33 177
33 316
33 329
34 129
34 153
34 379
35 84
35 129
35 214
35 235
35 359
35 497
36 261
36 264
36 308
36 374
36 382
37 122
37 423
38 68
38 73
38 264
38 320
38 460
39 242
39 424
40 403
40 481
41 51
41 97
41 214
41 257
41 270
41 410
42 61
42 98
42 182
42 277
42 445
43 259
43 456
44 180
44 196
44 230
44 244
45 159
45 233
45 418
47 157
47 339
48 117
48 368
49 170
49 271
49 281
49 450
50 94
50 109
50 201
50 480
51 143
51 300
51 314
51 322
51 415
52 170
52 370
52 388
52 417
53 366
53 490
54 400
54 454
55 140
55 294
56 176
56 345
56 486
57 238
57 387
58 60
58 386
58 404
58 412
58 484
59 256
59 273
59 364
59 404
59 489
60 100
60 127
60 143
60 204
60 423
61 106
61 141
61 148
61 196
62 471
64 285
64 296
64 334
64 388
64 426
64 465
64 474
64 478
65 82
66 213
66 356
66 377
66 417
67 346
68 240
68 485
69 199
69 204
70 198
70 235
70 316
71 288
71 299
71 444
71 481
72 147
72 249
73 91
73 211
73 358
73 359
73 384
73 493
73 494
73 495
74 147
74 253
74 353
75 141
75 149
75 203
75 403
76 142
76 183
76 198
76 230
77 318
78 148
78 432
79 80
79 378
79 397
79 456
80 255
80 262
80 344
81 234
81 291
81 348
82 146
82 248
82 415
82 439
82 458
83 143
83 270
83 391
83 462
83 477
84 248
84 305
84 363
85 346
86 350
87 115
87 198
87 417
87 421
87 489
88 234
88 350
88 426
89 125
89 475
90 102
90 250
90 274
90 298
90 310
90 392
90 488
91 281
92 103
92 385
92 419
92 469
92 471
92 473
93 112
93 209
93 494
94 438
95 420
95 432
95 446
95 465
96 124
96 156
96 447
97 146
97 363
97 367
97 470
98 443
98 467
99 250
99 361
99 419
100 242
100 332
100 355
100 491
101 494
103 163
103 435
103 487
104 187
104 290
104 361
105 136
105 260
106 152
106 279
107 219
108 207
108 233
108 251
109 117
109 122
109 223
109 234
109 375
110 254
110 357
110 399
110 478
111 374
111 390
111 486
112 310
113 203
113 468
114 221
114 264
114 401
115 339
116 125
116 254
116 267
116 270
116 337
116 354
116 464
116 467
117 199
117 308
117 375
118 177
118 362
119 133
119 165
119 166
119 440
120 125
120 428
121 183
121 238
121 410
121 433
122 137
122 197
123 219
123 311
123 323
123 333
123 477
123 494
124 263
124 320
124 392
124 464
125 178
125 335
125 411
126 158
126 241
126 264
127 128
127 132
127 138
127 386
127 428
128 135
128 215
128 429
129 245
129 391
130 136
130 143
130 225
130 405
131 290
131 312
132 133
132 297
132 299
133 427
134 213
134 357
134 468
134 471
135 333
135 352
136 252
136 275
137 454
139 258
139 429
139 487
140 344
140 389
140 493
141 155
141 261
141 277
141 337
142 159
142 360
143 202
143 205
143 251
143 352
143 354
143 382
144 286
144 399
145 189
145 448
145 484
145 487
146 174
146 296
146 339
146 382
147 173
147 233
147 269
147 453
147 473
148 385
148 437
149 347
149 402
149 417
149 455
150 159
150 196
150 281
150 342
150 348
151 267
151 289
151 339
151 454
152 211
152 300
152 312
152 337
152 355
152 419
153 460
153 471
154 187
154 237
154 321
154 399
155 177
155 267
155 372
155 459
157 336
157 398
158 202
158 238
158 287
158 347
159 266
159 331
159 452
160 266
160 326
160 360
161 420
162 257
162 355
162 426
162 496
163 178
164 360
164 394
164 443
165 241
165 404
166 168
166 323
166 336
166 497
167 356
167 369
168 409
168 420
169 267
169 304
169 462
170 496
171 188
171 372
172 266
172 307
173 360
174 374
174 401
175 310
175 454
175 455
176 274
177 282
177 315
177 452
178 181
178 237
178 268
178 340
179 257
179 357
179 402
179 430
180 209
180 314
180 338
181 220
182 368
182 381
183 334
184 185
184 368
184 478
185 295
185 344
185 390
185 431
185 480
186 221
186 391
186 399
186 449
187 197
187 285
187 383
187 475
188 499
189 362
189 441
189 477
190 302
190 386
190 409
190 489
191 255
191 449
191 461
192 423
192 449
192 483
193 256
193 290
193 432
194 357
196 260
196 340
197 287
197 456
198 324
198 467
199 324
199 482
200 273
200 289
200 292
200 304
200 377
200 442
201 204
201 395
202 345
203 317
203 357
204 488
206 385
206 450
207 223
207 394
207 398
207 425
207 439
207 444
208 298
208 308
208 350
209 286
209 310
210 305
210 383
211 295
211 366
212 222
212 277
212 302
213 348
214 338
214 432
216 375
217 270
217 408
217 472
218 362
218 428
218 453
218 485
219 365
220 259
220 395
221 241
221 312
222 450
223 386
223 401
223 489
223 498
224 303
224 304
224 422
225 262
225 269
226 391
228 456
228 476
229 234
229 236
229 432
231 258
231 442
231 467
232 386
232 461
233 294
233 432
233 466
234 341
234 402
234 462
235 236
236 323
236 445
237 336
238 340
238 368
239 316
239 467
240 403
240 468
240 471
241 406
241 491
243 263
245 361
245 482
245 494
247 271
249 329
249 492
250 408
251 324
251 341
251 386
251 388
252 338
252 443
252 486
253 259
253 269
253 317
253 415
254 323
254 333
254 420
255 383
255 471
256 301
257 455
258 260
259 291
259 297
259 371
259 460
260 458
263 351
263 367
263 408
263 493
264 437
264 463
264 480
265 355
265 490
266 386
266 431
267 478
268 319
269 271
269 460
270 283
271 280
271 498
272 305
272 347
272 458
274 281
274 429
275 372
275 458
275 463
275 496
276 277
276 287
277 297
277 333
277 383
278 453
279 388
280 304
280 346
280 499
281 321
281 402
282 425
283 284
283 336
283 456
284 365
286 405
287 336
288 446
289 388
289 428
289 463
290 397
291 298
291 394
291 474
291 485
291 486
291 495
292 408
292 468
294 382
296 436
296 474
297 435
297 459
298 494
299 488
302 399
302 408
302 446
302 477
303 377
304 389
305 358
306 397
306 434
307 388
307 413
308 364
308 484
309 371
311 494
312 478
313 348
313 373
313 375
313 385
314 464
315 487
316 479
317 360
318 337
318 372
319 463
320 389
320 468
320 481
320 490
321 359
321 397
322 392
322 478
323 391
323 443
323 467
324 463
326 385
326 496
327 351
327 445
328 362
328 374
330 361
330 487
331 406
331 460
332 407
332 471
332 473
332 498
335 421
336 360
336 429
336 479
337 483
339 402
341 457
342 431
342 475
343 462
344 397
346 392
347 408
350 356
350 364
350 386
350 412
351 403
352 403
352 478
354 476
356 498
357 366
358 377
358 477
359 465
362 371
362 380
362 498
363 380
363 467
364 397
365 370
365 485
366 393
367 447
367 479
368 383
373 486
374 388
374 407
377 433
378 495
381 459
381 472
381 498
382 444
385 395
385 404
385 444
387 407
387 436
387 467
387 484
388 405
388 438
388 483
388 485
389 402
389 434
389 488
390 404
390 452
391 467
392 454
395 401
395 439
395 445
397 479
399 422
401 418
405 409
405 494
407 469
409 450
411 491
411 499
412 428
413 443
414 443
416 489
417 465
423 476
426 427
428 440
432 488
432 498
433 483
438 488
440 476
441 467
443 454
446 473
447 483
448 485
448 490
449 487
459 477
460 461
465 479
470 485
478 485
498 499
