0 114
0 835
0 1229
0 1691
0 1752
0 1953
1 48
1 59
1 899
1 1828
1 1956
2 810
2 1415
2 1690
2 1759
3 349
3 389
3 456
4 682
4 1959
5 64
5 454
5 865
5 1391
6 216
6 656
6 1381
6 1450
6 1814
6 1864
7 46
7 215
7 1481
9 554
9 1379
10 395
10 687
10 1019
10 1144
10 1285
10 1375
11 137
11 736
12 19
12 1364
12 1829
13 754
13 1476
15 75
15 1459
15 1558
15 1968
16 101
16 104
16 737
16 1863
16 1940
17 19
17 1612
17 1748
18 421
18 798
18 1714
19 446
19 999
19 1646
19 1671
20 392
20 413
20 511
20 740
20 978
20 1126
20 1753
20 1908
20 1992
21 261
21 585
21 1767
22 68
22 991
22 1119
22 1186
22 1223
22 1488
22 1762
23 791
23 836
23 1944
24 47
24 256
24 560
24 1053
24 1119
24 1524
24 1783
25 223
25 280
25 336
25 483
25 783
25 825
26 653
26 793
26 1419
27 48
27 471
28 1007
28 1324
28 1408
28 1439
28 1626
29 123
29 1484
29 1906
30 180
30 463
30 498
30 1454
31 210
31 535
32 38
32 296
32 372
32 869
32 1069
32 1725
33 1481
33 1797
33 1827
34 439
34 602
34 913
34 1302
34 1689
35 328
35 1021
36 693
36 1301
36 1797
37 234
37 419
38 230
38 1139
38 1908
39 260
39 1179
39 1976
40 410
40 1391
40 1662
40 1879
41 330
41 519
42 92
42 805
42 936
42 1029
42 1330
42 1538
42 1560
42 1859
42 1954
43 899
43 1798
44 395
44 1096
44 1117
44 1226
44 1618
44 1942
45 170
45 220
45 1396
45 1711
46 600
46 1192
46 1960
47 750
47 895
47 1258
47 1937
48 218
48 937
48 1302
48 1720
49 657
49 1615
50 1476
50 1545
50 1784
51 60
51 90
51 109
51 316
51 994
51 1495
51 1790
52 302
52 910
52 1926
53 70
53 800
53 1569
54 92
54 177
54 390
54 1187
54 1931
55 184
55 387
55 460
55 867
55 876
55 1150
55 1756
55 1819
56 269
56 781
56 784
56 1126
56 1789
57 725
57 887
57 1367
57 1656
57 1934
58 94
58 518
58 1042
58 1517
59 507
59 1073
59 1083
59 1235
59 1609
59 1718
59 1759
60 361
60 1402
61 422
61 609
61 1255
62 331
62 543
62 619
62 1397
63 166
63 377
63 610
63 663
63 685
63 860
63 870
63 1447
64 750
64 863
64 1123
64 1204
64 1790
65 126
65 421
65 702
65 1932
66 291
66 402
66 756
66 794
66 804
66 1296
67 321
67 874
67 1029
67 1311
68 254
68 452
68 808
69 1346
69 1789
69 1922
70 569
70 975
71 219
71 242
71 538
71 731
71 818
71 985
71 986
71 1004
71 1376
71 1409
72 424
72 1813
73 638
73 1274
74 165
75 182
75 1387
75 1593
75 1904
76 451
76 715
76 1032
76 1498
77 251
77 258
77 668
77 769
77 924
77 1115
77 1581
77 1595
78 384
78 1134
79 499
79 1041
79 1769
80 699
80 1026
80 1250
80 1342
80 1545
81 171
81 892
81 1044
81 1119
81 1173
81 1773
82 680
82 943
82 1216
82 1565
83 141
83 188
83 328
83 760
83 787
83 904
83 1325
84 215
84 953
84 1404
85 554
85 1662
85 1712
86 237
86 1098
87 405
87 706
87 1044
87 1442
88 1452
89 611
89 817
89 1630
90 570
90 876
90 1955
91 163
91 957
91 982
92 346
92 388
93 1451
94 624
94 632
94 1286
95 226
95 1165
95 1527
95 1642
95 1697
96 336
96 1440
96 1673
97 427
97 475
97 1423
97 1743
98 391
98 727
98 889
98 1046
98 1627
98 1847
99 163
99 379
99 586
99 744
99 1084
99 1199
100 835
100 1056
100 1915
100 1928
101 440
101 457
101 1203
101 1793
102 1022
102 1974
103 138
103 527
103 578
103 1721
104 770
104 925
105 544
105 662
105 1780
106 601
106 1107
106 1134
107 122
107 1265
107 1640
107 1682
108 113
108 365
108 1079
108 1114
108 1263
109 588
109 645
109 827
110 201
110 578
110 1423
110 1863
111 231
111 532
111 566
111 843
111 1225
111 1607
112 200
112 291
112 526
112 982
112 1381
112 1520
113 365
113 1188
113 1199
113 1594
114 116
114 334
114 373
114 470
114 495
114 1654
115 157
115 274
115 1380
115 1580
115 1791
115 1928
115 1929
116 1570
117 711
117 762
118 886
118 915
118 1222
118 1882
119 494
119 769
119 824
119 1189
119 1489
119 1617
120 149
120 1138
120 1234
120 1769
121 495
121 818
121 1057
121 1872
122 1253
122 1418
122 1486
123 371
123 413
123 632
123 723
123 939
123 1174
123 1371
124 813
124 1321
124 1805
125 356
125 604
125 1647
126 136
126 310
126 560
126 947
126 1009
126 1439
127 724
127 956
127 1178
127 1576
127 1867
128 1440
128 1707
129 444
129 969
129 997
129 1932
130 213
130 333
130 753
130 1784
131 968
131 1330
131 1634
131 1778
132 620
133 1514
134 164
134 322
134 339
134 1191
134 1205
135 223
135 351
135 778
135 1319
136 625
136 1047
136 1819
137 301
137 1469
137 1876
138 392
138 684
138 859
139 254
139 608
139 1469
139 1478
139 1646
139 1864
140 204
140 410
140 599
140 603
140 844
140 1198
140 1607
140 1882
140 1903
140 1939
141 324
141 412
141 680
141 992
141 1242
141 1862
141 1907
142 208
142 1139
142 1173
143 581
143 609
143 832
143 1007
144 201
144 438
144 538
144 545
144 989
144 1495
145 853
145 1563
145 1723
146 1475
146 1824
147 491
147 517
147 730
147 1809
147 1884
147 1910
148 484
148 634
148 856
149 264
149 1085
149 1092
149 1244
149 1478
149 1570
149 1919
151 744
151 847
151 896
151 1001
151 1044
151 1606
152 287
152 441
152 765
152 1576
152 1649
152 1847
153 1153
153 1328
153 1395
154 681
154 799
154 890
154 1176
154 1424
154 1894
155 276
155 1377
155 1425
155 1574
156 228
156 657
156 849
157 463
158 399
158 614
158 1785
158 1895
159 317
159 792
159 1018
159 1357
159 1764
159 1946
160 612
160 971
160 1312
161 171
161 298
161 894
161 1683
162 1253
164 181
164 444
164 640
165 366
165 458
165 702
165 750
165 1526
166 1717
167 1370
167 1680
167 1981
168 627
168 675
168 803
168 913
169 252
169 284
169 639
170 707
170 1231
171 374
171 987
171 1488
172 181
172 490
172 675
173 725
173 1065
174 239
174 549
174 1168
174 1306
175 411
175 1387
176 665
176 1323
176 1353
176 1483
176 1590
177 676
177 1077
178 613
178 861
178 1598
179 373
179 880
179 938
179 1264
179 1354
179 1393
179 1657
180 528
180 1180
180 1480
181 398
181 682
181 896
181 1441
181 1528
181 1593
181 1917
182 719
182 1041
182 1611
183 1331
183 1746
183 1963
184 1273
184 1365
184 1469
184 1738
185 631
185 793
185 1158
186 210
186 318
186 525
186 1450
187 378
187 545
187 668
187 882
187 1225
187 1455
187 1957
188 419
188 646
188 926
188 1560
188 1612
188 1909
189 806
189 1251
190 908
190 958
190 1173
190 1315
190 1535
190 1723
190 1959
191 201
191 302
191 660
191 1163
192 632
192 809
192 1134
192 1449
193 261
193 1423
193 1964
194 207
194 326
194 994
194 1523
194 1890
195 1736
196 434
196 825
196 952
196 1601
197 708
197 730
197 876
197 1295
197 1589
198 1147
199 314
199 913
199 1997
200 984
200 1101
200 1936
201 550
201 720
201 973
201 1554
201 1768
202 362
202 939
202 1160
202 1943
203 909
203 931
203 1206
204 695
204 1413
205 1524
206 505
206 781
206 1439
206 1559
207 365
207 480
207 912
207 1556
207 1847
208 210
208 1564
208 1799
209 236
209 862
209 1191
209 1194
210 557
210 696
211 239
212 553
213 412
213 1602
213 1779
214 573
214 996
215 417
215 693
215 917
215 935
215 1226
215 1606
215 1871
216 957
217 408
217 1140
217 1204
217 1635
218 1066
218 1692
218 1726
219 1548
219 1847
219 1961
220 368
220 736
220 824
220 1012
220 1682
220 1708
220 1905
220 1957
221 431
221 624
221 673
222 749
222 935
222 1627
223 1300
224 666
224 702
224 847
224 921
224 1422
224 1542
225 403
225 933
225 1297
226 541
226 894
226 1248
226 1500
226 1990
227 982
227 1039
228 1433
228 1696
228 1923
229 584
229 700
229 1373
229 1608
229 1798
230 654
230 1141
230 1980
231 1420
231 1691
231 1833
231 1932
232 708
232 897
232 1034
232 1649
232 1989
233 676
233 956
233 1697
233 1807
234 408
234 1912
235 718
236 909
236 971
236 1053
236 1508
236 1828
237 279
237 421
237 1057
237 1352
237 1390
237 1708
238 513
238 833
238 1241
239 316
239 654
240 671
240 951
240 1016
240 1124
240 1302
240 1713
241 245
241 844
241 1293
242 1685
242 1746
243 740
243 1061
243 1064
243 1344
243 1479
243 1835
243 1872
244 808
244 1548
245 420
245 454
245 1881
245 1966
247 297
247 976
248 1756
248 1923
249 448
249 562
249 659
249 805
249 1493
249 1847
250 689
251 595
251 649
251 905
252 315
252 1290
252 1583
252 1771
253 825
253 1613
254 716
254 1075
255 1062
255 1605
256 403
256 1162
256 1731
256 1741
257 426
257 449
257 1428
257 1475
258 438
258 655
258 951
258 1928
259 870
260 623
260 850
260 1054
260 1500
260 1645
261 893
261 1483
262 770
262 1533
262 1816
262 1911
263 521
263 1449
263 1555
264 723
265 682
265 1655
265 1712
266 692
266 1672
267 294
267 615
267 1060
267 1493
267 1649
268 1331
268 1877
269 671
269 1472
269 1983
271 392
271 860
271 1223
271 1755
271 1772
271 1857
272 597
272 1049
272 1355
272 1836
273 583
273 1078
273 1113
273 1533
273 1974
274 404
274 700
274 1116
274 1513
274 1550
275 379
275 608
275 1042
276 551
276 882
276 1222
276 1939
277 298
277 526
277 1054
277 1162
278 558
278 1175
278 1188
278 1197
278 1333
279 337
279 1049
280 1113
280 1850
281 769
281 1282
281 1376
281 1913
282 1381
282 1643
282 1677
282 1718
282 1839
283 326
283 430
283 878
283 1308
283 1938
284 728
284 785
284 1762
284 1914
285 959
285 1093
285 1477
286 1239
286 1296
286 1325
286 1628
286 1869
286 1967
287 1546
287 1975
288 1764
289 468
290 725
290 756
290 1156
290 1408
290 1544
290 1835
292 347
292 1116
292 1157
292 1215
292 1738
293 506
293 691
293 1951
294 646
294 680
294 772
294 1547
296 396
296 1553
297 451
297 469
297 1163
297 1178
297 1939
298 340
298 360
298 980
299 679
299 1125
299 1310
300 1549
301 321
301 360
301 558
301 668
301 1828
302 503
302 1815
303 868
303 1299
303 1581
303 1779
304 538
304 563
304 1115
305 538
305 1115
305 1482
305 1643
305 1878
306 490
306 679
306 1840
307 427
307 820
308 1569
308 1954
309 542
309 812
309 967
309 1653
309 1740
309 1762
309 1856
309 1934
310 457
310 544
311 982
311 1044
312 548
312 686
312 984
312 1024
312 1211
312 1374
312 1435
312 1896
314 532
314 1423
315 652
315 734
315 1639
315 1894
316 318
316 1633
317 782
317 1167
317 1219
317 1237
317 1712
318 794
318 1755
318 1807
319 937
319 970
319 1244
320 472
320 598
320 1822
320 1875
320 1973
321 428
321 669
321 1661
321 1694
322 1307
322 1360
322 1617
323 378
323 738
323 779
323 1253
323 1560
323 1643
324 1011
324 1084
324 1483
325 480
326 1212
327 1162
327 1608
327 1672
327 1689
328 737
328 915
328 1120
328 1229
329 1571
330 551
330 561
330 1384
330 1787
330 1980
331 628
331 837
331 1150
331 1560
332 800
332 1026
332 1051
333 431
333 649
333 658
333 1164
333 1946
333 1990
334 616
334 680
334 1230
334 1450
334 1458
335 773
335 1176
335 1855
336 672
336 826
336 1591
337 358
337 391
337 510
337 641
337 1549
337 1807
337 1836
337 1940
338 409
338 417
339 590
339 798
339 838
339 1054
340 368
340 518
340 713
340 1198
340 1251
340 1769
341 497
341 546
341 1074
341 1580
341 1829
341 1946
342 935
342 1599
343 645
343 1880
344 532
344 1760
345 567
345 693
345 1802
346 803
346 1485
346 1794
347 1560
348 1071
348 1207
348 1502
348 1744
348 1993
349 447
349 748
349 1049
349 1503
349 1902
350 443
350 769
350 934
352 729
352 794
353 899
353 1325
353 1745
353 1835
353 1913
354 433
354 470
354 473
354 681
354 1259
354 1803
355 695
356 1061
356 1284
357 916
357 1080
357 1091
358 980
358 1028
358 1899
359 639
360 548
360 877
360 887
360 1459
360 1854
361 521
361 714
361 1134
361 1458
361 1528
361 1664
362 389
363 403
363 1017
363 1718
363 1790
364 670
364 1465
364 1668
364 1809
365 367
365 985
365 1255
365 1663
366 677
366 1441
366 1578
367 720
367 1082
367 1485
367 1791
368 732
368 1991
369 629
369 1214
369 1234
369 1891
370 915
370 1448
371 794
372 1012
372 1095
372 1492
372 1534
372 1712
372 1770
373 451
373 1672
374 446
374 1702
375 428
375 635
375 732
376 620
376 661
376 1986
377 387
377 937
377 1708
378 415
378 915
379 421
379 652
379 995
379 1126
379 1788
379 1828
380 904
380 1612
381 390
381 497
381 850
381 1442
381 1520
381 1886
382 961
382 968
382 1061
382 1387
383 414
383 601
383 683
383 848
383 1187
384 470
384 565
384 1194
384 1586
384 1661
384 1831
385 427
385 673
386 398
386 816
386 1259
387 931
387 963
387 1128
387 1268
388 1172
388 1421
388 1612
388 1827
389 1204
389 1599
390 1193
390 1376
392 436
392 467
394 1787
395 454
395 901
396 811
396 1022
397 1099
397 1344
397 1748
398 1921
399 1148
399 1750
400 612
400 1181
400 1249
400 1367
400 1830
401 498
401 884
401 1086
401 1353
402 480
402 739
402 1898
403 599
403 680
403 798
403 1320
403 1384
403 1678
403 1909
404 987
404 1301
406 571
407 554
407 636
407 1642
407 1648
407 1754
407 1951
408 653
408 929
408 1206
408 1298
408 1343
408 1656
409 613
409 1798
409 1918
410 1516
410 1535
411 523
411 995
411 1688
412 470
412 559
412 930
413 1088
413 1111
413 1385
413 1923
414 1176
414 1587
415 455
415 870
415 1530
415 1564
416 965
416 1157
416 1243
416 1507
416 1607
416 1805
417 685
417 1247
417 1569
418 1010
418 1685
419 1566
419 1688
419 1700
420 526
420 1739
420 1827
421 885
422 740
422 1638
422 1808
422 1867
422 1913
423 703
423 730
423 793
423 832
423 1046
423 1289
424 844
424 1980
425 1559
425 1903
426 781
426 878
426 1225
426 1486
427 1520
428 1290
428 1708
429 521
429 1013
430 436
430 876
430 1174
430 1803
431 912
431 1311
431 1376
431 1506
432 1584
432 1603
433 1288
433 1515
433 1680
433 1941
434 1530
434 1760
435 1574
435 1649
436 603
436 1121
436 1601
436 1812
436 1997
437 1305
438 908
438 943
438 1485
439 830
440 822
440 1265
440 1809
441 804
441 1073
442 1061
442 1139
442 1197
442 1638
443 1081
444 729
444 1323
444 1377
445 1162
445 1577
445 1956
446 668
446 672
446 748
446 1059
446 1182
446 1380
446 1443
446 1658
447 681
447 1211
447 1215
448 1351
448 1397
448 1863
449 883
449 1768
450 851
450 1458
450 1476
451 1649
451 1747
452 1248
452 1633
452 1826
454 695
454 1456
454 1968
455 1851
456 543
456 545
456 1129
457 748
457 866
457 1943
458 608
458 1282
459 1099
459 1586
459 1841
460 918
460 947
460 1460
461 633
461 1288
461 1329
462 713
462 799
462 1816
464 1778
465 866
466 1038
466 1390
466 1466
467 940
467 1387
467 1910
469 631
469 732
469 1365
469 1755
470 776
470 875
470 1464
470 1813
470 1983
471 776
471 1367
471 1704
471 1827
472 718
472 1140
472 1619
473 641
473 1660
474 595
474 1207
474 1214
474 1353
475 553
475 708
475 874
475 989
475 1012
475 1044
475 1164
475 1747
475 1948
476 1132
476 1478
476 1603
477 1284
478 646
478 1072
478 1182
478 1284
479 541
479 1108
479 1265
479 1273
479 1874
480 916
480 1549
481 983
481 1591
482 974
482 1043
482 1223
483 543
483 673
483 1949
484 1276
484 1350
484 1570
485 757
485 942
485 1344
485 1816
485 1900
486 781
486 1184
486 1260
487 968
487 1317
487 1938
488 875
489 1407
489 1981
489 1984
490 644
490 1813
491 617
491 1097
491 1133
492 1128
493 764
493 950
493 1542
493 1932
494 572
494 716
495 731
495 831
495 1148
496 1977
497 1532
497 1732
498 1759
499 533
499 642
499 1660
500 502
500 625
500 1030
500 1972
501 568
501 859
501 1188
501 1285
501 1464
501 1619
501 1725
501 1871
502 867
502 1109
502 1367
503 563
503 941
503 1593
503 1681
503 1764
504 638
504 1261
504 1441
504 1799
504 1860
505 656
505 1366
506 745
506 852
506 1540
507 934
507 1106
507 1422
508 790
508 871
508 1823
508 1846
509 1947
510 660
510 1453
510 1878
511 821
511 1243
512 1025
513 1024
514 637
514 740
514 769
514 1524
514 1535
515 1075
515 1272
515 1338
515 1752
515 1979
516 773
516 783
516 1638
516 1761
517 547
517 1192
517 1193
517 1255
517 1336
517 1373
518 1624
518 1756
518 1848
519 738
519 1999
520 528
520 588
520 808
521 693
521 837
521 956
521 1664
521 1758
521 1985
522 1475
523 604
523 1484
523 1504
523 1904
523 1961
524 904
524 1454
524 1866
525 650
525 702
526 527
526 835
526 1044
526 1230
526 1948
527 785
527 830
527 1046
527 1696
527 1879
528 778
528 930
528 1058
528 1331
528 1335
529 719
529 785
529 1001
529 1035
529 1376
529 1846
530 893
530 1243
530 1484
531 561
531 1088
531 1628
531 1868
531 1949
531 1976
532 1021
532 1032
532 1699
532 1990
533 819
533 1460
533 1467
534 538
534 1696
535 630
535 1095
535 1108
535 1684
536 1493
537 1652
537 1659
538 1588
539 1101
539 1635
541 787
541 1080
541 1148
542 1821
542 1882
542 1900
543 1056
543 1145
543 1577
543 1588
544 1222
544 1243
544 1377
544 1758
544 1972
545 948
545 1757
546 1426
547 552
547 1338
547 1566
548 1229
549 809
549 1605
549 1781
550 595
550 683
550 1080
550 1286
550 1755
551 1475
551 1965
551 1995
553 587
553 924
553 1716
553 1786
554 846
554 1228
554 1358
554 1366
554 1464
554 1559
555 748
555 1518
555 1680
556 575
556 617
556 881
556 1058
557 1161
557 1360
557 1970
558 593
558 761
558 1880
558 1943
559 1083
559 1268
559 1384
559 1490
560 1825
561 662
561 1724
562 1062
562 1104
562 1237
562 1648
563 592
563 666
563 1139
563 1619
564 940
565 663
565 899
565 901
565 1168
565 1727
566 585
566 1099
567 643
567 649
567 687
567 1510
568 1349
568 1739
569 1463
570 979
571 772
571 1588
572 576
572 960
573 681
573 1195
573 1743
574 887
574 1178
574 1253
574 1464
574 1941
575 847
575 1382
575 1457
575 1856
576 813
576 1201
577 1020
577 1356
578 688
578 851
578 1100
578 1323
579 1637
580 742
580 1374
580 1536
580 1884
580 1994
581 792
581 985
581 1052
581 1313
581 1356
581 1400
581 1728
582 874
582 1666
583 593
583 1213
583 1216
583 1372
583 1823
583 1893
583 1904
584 695
585 1423
585 1453
585 1943
586 962
586 973
587 1542
588 702
588 993
588 1905
589 1033
590 836
590 1736
590 1801
590 1938
591 696
591 1299
591 1759
592 779
592 1324
592 1541
592 1759
592 1919
592 1923
592 1981
593 1670
594 728
594 1040
594 1059
594 1875
595 727
595 1360
595 1618
595 1795
595 1960
597 823
597 1280
597 1570
597 1779
598 802
598 1561
598 1784
599 1024
599 1027
599 1900
600 1879
601 1235
601 1331
601 1909
602 611
603 930
603 974
603 1010
604 621
604 891
604 905
604 1149
604 1588
604 1770
605 1540
605 1714
605 1804
606 937
606 1994
607 1105
607 1777
608 684
608 691
608 1009
608 1268
608 1394
608 1876
609 765
609 769
609 1272
609 1591
609 1738
609 1844
610 719
610 1307
610 1391
612 823
612 1806
613 722
613 1525
613 1740
613 1799
613 1959
614 1595
615 753
616 627
616 795
616 1008
616 1809
617 690
617 1036
617 1352
617 1816
618 1181
618 1657
618 1854
619 1785
619 1839
619 1873
620 1804
621 987
621 1024
621 1408
621 1557
622 1557
623 1045
623 1264
623 1467
623 1530
623 1827
624 1545
625 827
625 1354
625 1974
626 660
627 662
627 709
627 873
628 1083
628 1314
628 1645
628 1915
629 1465
630 686
630 1764
631 879
631 1018
631 1134
631 1216
631 1342
631 1453
632 1002
632 1170
632 1458
632 1638
632 1725
633 1279
634 1808
635 1205
635 1222
635 1747
635 1804
638 724
638 1914
639 984
639 992
639 1509
640 1289
640 1321
640 1915
640 1916
641 654
641 1810
641 1990
642 1156
642 1230
642 1526
643 955
643 1405
643 1520
643 1649
643 1891
644 920
644 1514
645 1388
645 1885
646 1010
646 1448
646 1823
647 1569
647 1581
647 1603
647 1837
648 816
648 822
648 947
648 1703
651 1721
652 908
652 1250
652 1413
652 1638
654 1390
654 1600
654 1717
654 1815
655 1620
655 1824
656 855
656 903
656 1552
657 1086
657 1437
657 1786
658 1428
658 1473
658 1537
658 1596
658 1807
659 943
659 1241
659 1855
660 983
660 1022
661 799
661 946
661 1757
662 806
662 1444
663 719
663 1046
663 1321
663 1745
664 813
664 1542
664 1779
664 1888
665 975
665 1265
666 841
667 1063
667 1657
668 1270
669 1142
669 1203
669 1525
669 1754
669 1916
671 738
671 868
671 1663
673 1595
674 680
674 1524
675 717
676 1078
676 1263
676 1583
676 1629
676 1775
676 1826
677 697
677 866
677 1240
677 1313
677 1314
677 1761
677 1809
678 1209
678 1595
678 1737
678 1851
679 1801
680 892
680 1919
680 1920
681 783
681 999
683 1226
683 1730
683 1913
684 1010
684 1212
684 1833
685 1756
686 1457
687 976
687 1049
687 1827
688 1189
689 807
689 1043
690 1032
690 1175
690 1285
691 1042
691 1145
691 1315
692 748
692 790
692 1072
692 1257
692 1951
693 723
693 1077
694 738
694 1179
694 1816
694 1869
695 883
695 1654
696 811
696 1529
696 1963
697 1137
697 1561
697 1983
698 1022
698 1306
698 1575
698 1824
698 1950
699 1634
700 1104
701 1834
701 1878
702 817
702 1371
703 781
703 1087
703 1605
703 1932
704 765
704 1029
704 1056
704 1131
704 1274
706 1369
706 1588
707 1305
707 1402
708 1240
708 1508
708 1560
708 1746
708 1944
709 1232
709 1291
710 910
710 1049
710 1221
710 1575
711 1024
711 1204
711 1755
711 1901
711 1971
712 1102
712 1581
712 1696
712 1882
712 1941
713 802
713 1241
713 1417
714 995
714 1030
715 1105
715 1423
715 1434
715 1492
715 1585
715 1969
716 722
716 762
717 996
718 1219
718 1395
719 724
719 1640
719 1764
720 1498
720 1592
720 1884
721 735
721 1348
721 1821
722 1525
723 1710
723 1898
724 731
724 1548
724 1551
724 1886
724 1957
725 886
725 973
725 1002
725 1322
725 1373
726 1111
726 1397
727 791
727 871
727 1145
727 1558
727 1614
728 851
728 898
728 1048
728 1093
728 1300
729 1193
729 1334
729 1822
730 889
730 901
730 1044
730 1109
730 1984
731 1371
731 1674
732 950
732 1072
732 1754
733 1024
733 1746
733 1940
735 1525
735 1787
735 1792
736 892
737 824
737 901
737 1006
737 1049
737 1202
737 1706
737 1840
738 1102
738 1292
738 1325
738 1638
738 1753
739 1120
739 1457
739 1837
739 1928
740 1108
741 1170
741 1796
741 1874
742 950
742 1104
742 1436
742 1498
742 1868
743 912
743 967
743 1148
743 1852
743 1871
745 988
745 1030
745 1578
745 1592
745 1865
747 899
747 1262
747 1799
747 1874
748 861
748 1003
748 1933
749 932
749 1548
750 755
750 1271
751 1058
751 1216
752 1791
753 846
753 897
753 1318
753 1382
753 1476
753 1883
754 1547
754 1650
754 1894
755 1179
756 1029
756 1076
756 1536
756 1595
756 1818
756 1953
757 878
757 1240
757 1311
757 1455
757 1969
758 969
758 1269
758 1271
758 1447
759 1505
759 1578
759 1802
760 1336
762 1253
763 1168
764 1125
764 1403
764 1815
764 1976
765 906
765 958
765 1765
766 1343
766 1531
767 1376
767 1419
767 1456
768 888
768 907
768 1529
768 1615
768 1687
769 820
769 872
769 1690
769 1717
769 1725
770 1290
770 1316
771 1421
771 1432
772 1202
772 1761
772 1769
773 884
774 905
774 1458
774 1789
774 1868
775 1927
776 1028
776 1464
776 1702
776 1855
777 1412
779 1615
779 1720
780 1466
780 1775
780 1790
781 925
781 1167
782 1283
782 1767
782 1832
782 1854
782 1918
783 1507
783 1698
783 1969
784 1552
785 1624
785 1784
786 983
786 1502
788 932
788 1099
789 1252
789 1510
789 1953
790 792
791 920
791 1023
791 1246
791 1254
791 1447
791 1801
792 933
792 1024
792 1027
792 1254
792 1283
792 1549
793 1286
793 1990
794 1154
794 1716
795 1043
795 1252
795 1490
795 1877
796 1008
796 1024
796 1308
796 1402
796 1929
797 925
797 1526
798 1121
798 1171
798 1914
799 1413
799 1421
800 1527
800 1672
801 803
801 868
801 1293
801 1482
801 1574
802 1619
804 960
804 1463
804 1933
805 1490
805 1518
805 1557
805 1752
808 847
808 984
808 1252
808 1435
808 1769
808 1849
808 1915
809 1145
809 1306
809 1968
811 862
811 1966
812 884
812 1039
813 949
813 968
814 1118
814 1363
814 1380
815 966
816 1146
816 1403
816 1481
816 1503
816 1985
817 832
817 911
817 1260
817 1626
818 1100
818 1549
818 1754
819 1250
820 1001
820 1103
820 1159
820 1476
820 1695
820 1717
821 1420
821 1454
821 1470
822 962
822 1246
822 1302
822 1378
822 1531
822 1979
824 1639
824 1704
824 1768
824 1849
825 1635
826 1102
826 1115
826 1962
827 857
827 999
827 1071
827 1104
827 1337
827 1364
827 1924
828 1286
828 1962
829 1685
830 831
830 1882
831 1467
831 1663
831 1683
832 1562
832 1909
833 868
833 1563
835 839
835 1169
835 1480
837 1186
837 1265
838 995
838 1337
839 1171
839 1198
839 1879
840 1352
841 924
841 1031
841 1399
841 1629
842 1634
842 1707
843 1315
844 1824
845 1313
845 1999
846 916
846 1203
847 1588
847 1910
848 881
848 1065
848 1676
849 1269
849 1299
850 1891
852 1116
852 1804
853 1059
853 1348
853 1537
854 1037
854 1290
854 1919
855 941
855 1074
855 1292
855 1613
855 1983
856 898
857 913
857 1212
857 1277
858 1349
858 1844
859 1261
861 1155
862 1672
863 1045
863 1730
863 1828
864 1364
864 1476
864 1618
864 1623
865 936
866 1253
866 1797
867 1074
867 1572
867 1867
868 978
868 1852
869 1777
869 1888
870 973
870 1206
870 1278
870 1287
870 1335
873 1356
874 1176
874 1259
874 1316
874 1358
874 1534
875 1643
875 1666
875 1866
876 973
876 1359
876 1697
876 1791
876 1927
877 1521
877 1590
878 1006
878 1273
878 1969
879 1080
879 1330
879 1366
879 1413
879 1866
879 1951
880 999
880 1385
880 1450
880 1589
880 1744
880 1886
881 896
881 1027
881 1191
883 1156
883 1243
883 1257
883 1276
883 1392
884 1063
885 1681
885 1902
885 1911
886 977
886 1179
887 1417
887 1476
887 1785
888 1046
888 1605
888 1918
889 1076
889 1292
889 1788
889 1981
890 1022
890 1068
890 1239
890 1300
890 1641
891 1188
892 918
892 992
892 1674
893 1178
895 1902
896 1162
896 1288
896 1338
896 1548
897 984
897 1023
897 1421
897 1477
898 905
898 1418
898 1691
899 1348
899 1364
899 1537
899 1706
900 974
900 1064
900 1764
900 1836
900 1873
901 1676
901 1817
903 997
903 1535
903 1953
904 1202
904 1372
904 1606
904 1637
904 1824
905 958
905 1385
905 1392
906 1636
909 1232
910 1345
910 1491
910 1730
910 1965
911 924
911 986
911 1304
911 1585
912 1023
912 1126
912 1357
913 1705
914 1817
915 1044
915 1731
916 1187
916 1288
916 1466
917 1347
917 1390
918 1083
918 1477
918 1716
919 1555
919 1747
919 1928
920 1076
920 1511
921 1725
921 1952
922 938
922 1202
922 1608
922 1801
923 1795
924 1042
924 1494
925 1767
926 1211
926 1588
926 1997
927 1037
927 1644
927 1863
929 1684
929 1948
930 938
931 946
931 1231
931 1853
931 1934
932 1287
933 1057
933 1799
933 1867
934 1006
935 938
935 1340
937 1141
938 1693
939 1081
939 1205
939 1407
939 1530
939 1840
940 1416
941 1434
941 1757
941 1950
941 1983
942 1486
942 1627
943 1431
943 1887
944 1195
944 1523
944 1670
944 1718
944 1773
945 975
945 1335
945 1369
946 1571
947 1538
948 1296
948 1699
948 1806
948 1868
949 1151
949 1959
950 954
950 1284
951 1061
951 1182
952 1667
953 1780
954 1164
954 1559
955 1328
955 1912
956 1154
956 1332
956 1463
957 969
957 970
958 1048
958 1834
958 1886
959 989
959 1099
959 1631
959 1666
960 1617
961 1149
962 1153
962 1490
963 1059
963 1434
963 1457
964 1018
964 1556
964 1618
965 1045
965 1314
966 1129
966 1240
967 1747
967 1922
968 995
968 1595
968 1809
969 1406
970 1726
970 1833
970 1934
971 1286
971 1335
971 1348
971 1671
971 1848
972 1336
972 1362
972 1541
972 1864
972 1955
974 1465
975 1703
976 1124
976 1158
979 1211
979 1563
979 1980
980 1604
981 1112
981 1578
981 1655
981 1875
982 1108
982 1120
982 1741
982 1860
983 1639
984 1650
984 1759
985 1395
985 1719
985 1736
986 1461
986 1917
987 1035
987 1266
987 1358
987 1399
987 1842
988 1647
989 1830
990 1151
991 1062
993 1265
993 1286
993 1707
993 1842
994 1119
994 1727
995 1228
995 1443
995 1630
995 1980
996 1127
997 1269
997 1513
997 1874
998 1063
998 1260
998 1445
998 1463
998 1838
998 1944
999 1877
1000 1789
1000 1815
1000 1890
1003 1958
1004 1291
1004 1522
1004 1562
1004 1668
1004 1857
1005 1286
1005 1674
1006 1437
1007 1019
1007 1026
1007 1409
1007 1558
1007 1580
1008 1731
1009 1345
1011 1251
1011 1372
1012 1450
1012 1500
1013 1594
1013 1655
1013 1763
1014 1411
1014 1629
1014 1929
1016 1394
1017 1606
1017 1823
1018 1416
1018 1745
1018 1960
1019 1635
1020 1068
1020 1711
1022 1354
1022 1852
1023 1318
1023 1873
1024 1034
1024 1368
1024 1568
1025 1904
1025 1938
1025 1987
1027 1064
1027 1472
1027 1928
1028 1236
1028 1835
1029 1172
1029 1811
1030 1309
1030 1393
1031 1106
1031 1711
1031 1964
1032 1939
1033 1526
1033 1539
1034 1575
1034 1651
1034 1673
1035 1049
1035 1856
1036 1335
1036 1943
1038 1266
1038 1687
1041 1947
1042 1216
1042 1836
1043 1114
1043 1792
1043 1865
1045 1504
1047 1178
1047 1636
1047 1692
1047 1850
1048 1258
1048 1478
1048 1587
1048 1695
1049 1299
1050 1065
1050 1237
1050 1925
1051 1984
1052 1876
1054 1915
1055 1118
1055 1472
1055 1710
1055 1718
1056 1662
1056 1703
1057 1455
1057 1875
1057 1989
1058 1289
1058 1513
1058 1655
1058 1779
1058 1945
1059 1518
1059 1899
1059 1952
1060 1269
1060 1988
1061 1230
1061 1269
1061 1465
1061 1653
1061 1943
1062 1505
1062 1567
1062 1795
1063 1636
1064 1378
1064 1385
1065 1575
1065 1838
1067 1402
1067 1496
1068 1120
1068 1735
1068 1933
1069 1547
1070 1687
1070 1748
1072 1583
1072 1871
1072 1993
1073 1403
1074 1686
1074 1736
1075 1580
1076 1091
1077 1196
1078 1476
1078 1628
1081 1735
1082 1533
1082 1704
1082 1787
1082 1812
1082 1959
1084 1849
1084 1968
1085 1567
1085 1693
1086 1445
1086 1658
1087 1514
1089 1159
1089 1950
1090 1166
1090 1274
1090 1900
1091 1537
1091 1785
1091 1887
1092 1223
1092 1834
1093 1128
1093 1166
1093 1287
1093 1312
1094 1319
1094 1616
1094 1688
1095 1229
1095 1670
1095 1931
1097 1683
1098 1116
1098 1970
1100 1228
1100 1768
1100 1911
1101 1162
1101 1404
1103 1493
1104 1150
1106 1860
1107 1561
1108 1146
1108 1189
1110 1446
1110 1670
1112 1370
1112 1567
1113 1228
1113 1237
1113 1872
1113 1925
1114 1239
1114 1321
1114 1360
1114 1581
1115 1307
1115 1707
1117 1576
1117 1599
1119 1449
1120 1966
1121 1294
1122 1902
1123 1574
1123 1575
1124 1154
1124 1270
1126 1425
1126 1726
1129 1419
1129 1537
1130 1855
1131 1431
1131 1626
1131 1774
1132 1219
1132 1394
1133 1206
1133 1503
1133 1740
1134 1198
1134 1473
1134 1909
1135 1172
1135 1298
1135 1394
1135 1895
1136 1327
1136 1376
1137 1202
1137 1861
1137 1866
1137 1994
1138 1237
1138 1368
1138 1699
1139 1620
1140 1583
1140 1868
1141 1524
1141 1684
1142 1565
1143 1343
1144 1435
1144 1540
1144 1810
1145 1383
1145 1418
1145 1479
1145 1719
1145 1940
1146 1293
1149 1462
1149 1948
1149 1970
1150 1716
1151 1415
1151 1521
1151 1826
1152 1643
1154 1831
1154 1998
1155 1314
1156 1709
1157 1528
1157 1988
1158 1422
1158 1575
1159 1247
1159 1647
1159 1855
1160 1518
1161 1437
1162 1898
1164 1482
1164 1590
1164 1675
1165 1242
1166 1329
1166 1470
1166 1492
1166 1499
1166 1983
1167 1298
1167 1392
1168 1914
1169 1574
1169 1784
1170 1930
1171 1658
1172 1355
1172 1708
1175 1257
1175 1545
1175 1706
1175 1950
1176 1379
1176 1452
1176 1935
1178 1857
1179 1427
1179 1643
1179 1940
1180 1767
1181 1840
1182 1743
1186 1241
1186 1880
1188 1222
1189 1513
1190 1676
1190 1999
1191 1320
1191 1682
1191 1813
1192 1484
1193 1923
1194 1401
1195 1468
1195 1688
1196 1649
1196 1872
1197 1536
1199 1319
1199 1789
1199 1927
1200 1268
1200 1275
1200 1463
1201 1490
1202 1980
1204 1408
1204 1470
1205 1206
1205 1829
1205 1928
1206 1289
1206 1881
1206 1963
1207 1292
1207 1565
1207 1728
1207 1776
1208 1303
1208 1666
1208 1839
1209 1298
1209 1975
1210 1628
1210 1719
1210 1892
1210 1905
1211 1639
1212 1612
1212 1905
1213 1762
1214 1548
1214 1565
1214 1961
1215 1746
1216 1391
1216 1565
1216 1900
1217 1674
1217 1839
1218 1839
1220 1296
1221 1223
1221 1627
1225 1312
1225 1900
1226 1342
1227 1798
1228 1564
1228 1798
1229 1740
1230 1367
1230 1753
1231 1502
1232 1304
1232 1718
1232 1842
1233 1295
1233 1355
1233 1914
1234 1266
1235 1335
1235 1725
1235 1763
1236 1430
1236 1453
1236 1649
1237 1285
1238 1842
1239 1361
1240 1583
1240 1655
1241 1374
1241 1981
1243 1329
1243 1566
1244 1273
1244 1904
1245 1514
1245 1750
1247 1546
1247 1572
1247 1988
1248 1584
1248 1587
1248 1726
1248 1767
1248 1820
1249 1432
1249 1490
1249 1550
1250 1548
1251 1611
1251 1816
1252 1911
1252 1912
1253 1537
1253 1907
1253 1988
1255 1339
1256 1445
1257 1879
1258 1415
1258 1519
1258 1685
1258 1950
1259 1524
1259 1567
1260 1861
1261 1441
1261 1555
1261 1570
1261 1980
1261 1998
1262 1450
1262 1653
1262 1706
1263 1662
1263 1839
1263 1981
1265 1867
1266 1281
1266 1312
1266 1377
1267 1422
1268 1569
1269 1295
1269 1454
1269 1648
1272 1281
1272 1297
1272 1779
1272 1996
1273 1731
1273 1735
1274 1362
1274 1367
1275 1480
1275 1512
1277 1512
1277 1557
1277 1993
1279 1589
1280 1527
1282 1339
1282 1648
1283 1321
1283 1353
1284 1332
1284 1913
1286 1946
1287 1628
1287 1740
1287 1854
1288 1319
1288 1901
1289 1692
1289 1998
1290 1596
1290 1932
1290 1984
1292 1652
1292 1803
1292 1916
1293 1565
1295 1563
1296 1522
1297 1893
1298 1344
1300 1395
1300 1483
1300 1820
1301 1775
1302 1481
1303 1304
1303 1340
1303 1490
1303 1763
1304 1331
1304 1345
1304 1774
1304 1885
1305 1845
1305 1977
1307 1517
1311 1392
1311 1628
1311 1689
1311 1962
1312 1488
1312 1641
1313 1409
1313 1856
1314 1891
1314 1969
1315 1447
1317 1346
1317 1397
1317 1424
1322 1493
1322 1906
1326 1865
1327 1716
1328 1653
1328 1870
1329 1812
1330 1456
1332 1694
1333 1926
1333 1981
1334 1870
1335 1708
1335 1934
1337 1891
1338 1904
1339 1509
1339 1681
1341 1695
1342 1707
1343 1546
1345 1646
1346 1564
1346 1887
1347 1365
1347 1951
1348 1383
1348 1554
1349 1655
1349 1846
1350 1388
1350 1631
1352 1360
1352 1444
1352 1680
1352 1839
1353 1989
1355 1664
1356 1733
1356 1747
1359 1568
1360 1586
1361 1416
1361 1464
1361 1487
1361 1635
1361 1864
1362 1395
1362 1858
1362 1933
1363 1646
1363 1743
1364 1585
1364 1895
1364 1934
1366 1442
1367 1513
1367 1545
1368 1483
1368 1624
1369 1527
1369 1537
1369 1603
1370 1641
1371 1376
1371 1636
1372 1387
1372 1390
1372 1639
1372 1739
1373 1685
1373 1746
1376 1612
1376 1804
1376 1865
1377 1506
1377 1619
1379 1988
1380 1878
1383 1586
1383 1620
1383 1677
1383 1682
1384 1502
1384 1585
1385 1675
1386 1544
1388 1904
1389 1947
1390 1794
1392 1689
1393 1758
1394 1961
1395 1810
1396 1780
1397 1429
1397 1732
1398 1422
1398 1637
1399 1433
1399 1737
1399 1836
1400 1486
1402 1428
1402 1699
1405 1811
1405 1856
1406 1583
1406 1778
1408 1637
1409 1731
1409 1995
1410 1629
1410 1707
1411 1699
1411 1744
1412 1896
1412 1928
1413 1426
1414 1455
1414 1643
1415 1573
1415 1731
1415 1839
1416 1610
1417 1515
1418 1803
1419 1428
1419 1525
1419 1691
1420 1633
1421 1817
1422 1600
1423 1431
1423 1503
1424 1581
1426 1670
1426 1929
1428 1627
1429 1593
1429 1984
1430 1681
1431 1510
1432 1442
1432 1945
1434 1477
1434 1518
1436 1945
1437 1470
1437 1615
1438 1466
1438 1505
1441 1614
1444 1470
1444 1487
1444 1777
1444 1830
1445 1584
1445 1716
1447 1727
1448 1704
1449 1722
1451 1637
1452 1609
1452 1897
1455 1964
1456 1784
1459 1749
1461 1561
1461 1987
1463 1539
1466 1570
1466 1571
1466 1697
1466 1712
1467 1740
1468 1890
1468 1946
1469 1495
1469 1598
1470 1713
1472 1583
1474 1994
1475 1531
1475 1929
1476 1869
1479 1666
1479 1954
1483 1513
1484 1668
1484 1774
1485 1768
1485 1919
1486 1827
1488 1614
1488 1840
1489 1492
1489 1562
1489 1748
1490 1913
1492 1703
1492 1868
1493 1785
1495 1885
1496 1754
1496 1829
1501 1744
1501 1799
1501 1807
1502 1519
1502 1860
1503 1531
1504 1710
1504 1995
1505 1971
1507 1906
1508 1814
1509 1526
1510 1591
1510 1638
1510 1693
1510 1818
1510 1828
1511 1649
1513 1677
1513 1850
1513 1978
1516 1559
1516 1731
1520 1645
1522 1904
1524 1820
1524 1932
1525 1799
1526 1854
1527 1605
1527 1899
1527 1940
1528 1918
1529 1799
1530 1715
1530 1955
1531 1681
1532 1993
1533 1703
1533 1780
1534 1968
1536 1612
1540 1586
1540 1810
1541 1598
1544 1727
1546 1783
1547 1777
1547 1967
1548 1817
1548 1884
1550 1712
1550 1880
1552 1701
1552 1806
1552 1875
1552 1877
1553 1602
1553 1845
1554 1648
1554 1939
1558 1802
1558 1967
1559 1826
1560 1725
1562 1598
1562 1963
1564 1856
1567 1822
1568 1841
1571 1755
1572 1911
1573 1735
1573 1976
1580 1941
1582 1794
1582 1891
1583 1607
1583 1618
1583 1981
1587 1669
1587 1794
1587 1874
1591 1746
1591 1803
1595 1784
1597 1772
1597 1825
1599 1824
1601 1974
1602 1987
1603 1618
1604 1860
1606 1637
1606 1720
1608 1684
1608 1775
1612 1684
1612 1698
1612 1795
1612 1903
1612 1916
1612 1953
1613 1801
1614 1841
1615 1638
1615 1931
1616 1778
1618 1982
1619 1738
1619 1752
1619 1883
1620 1857
1622 1737
1624 1630
1624 1757
1625 1984
1625 1993
1625 1998
1626 1829
1626 1985
1627 1822
1629 1795
1631 1735
1631 1870
1632 1713
1634 1700
1636 1699
1636 1841
1638 1923
1640 1826
1643 1770
1645 1691
1645 1705
1647 1686
1648 1870
1649 1873
1650 1762
1651 1743
1651 1880
1652 1979
1653 1876
1657 1680
1658 1912
1659 1813
1659 1939
1660 1691
1661 1740
1663 1685
1663 1951
1664 1956
1665 1861
1665 1996
1667 1735
1672 1697
1677 1977
1678 1824
1678 1959
1679 1880
1681 1886
1684 1990
1687 1915
1693 1840
1693 1853
1695 1717
1695 1793
1695 1998
1697 1975
1698 1875
1701 1877
1701 1914
1702 1968
1705 1745
1705 1859
1706 1844
1706 1994
1710 1829
1711 1851
1714 1974
1715 1778
1715 1857
1715 1923
1721 1849
1721 1852
1722 1742
1725 1878
1726 1738
1726 1978
1727 1889
1729 1754
1729 1774
1730 1947
1731 1770
1732 1891
1739 1800
1740 1876
1742 1792
1742 1828
1742 1962
1743 1824
1743 1849
1748 1812
1748 1842
1749 1982
1751 1838
1752 1918
1753 1978
1758 1930
1759 1802
1766 1810
1766 1876
1769 1837
1770 1772
1772 1966
1775 1805
1775 1814
1776 1846
1776 1943
1779 1876
1782 1954
1786 1819
1790 1795
1792 1942
1794 1813
1794 1964
1795 1982
1803 1842
1803 1917
1805 1823
1806 1997
1811 1897
1820 1870
1823 1962
1824 1965
1825 1905
1833 1879
1834 1916
1836 1872
1836 1888
1837 1891
1845 1979
1848 1943
1857 1984
1869 1995
1870 1984
1871 1906
1874 1961
1878 1901
1880 1913
1887 1953
1898 1996
1905 1957
1906 1946
1914 1966
1934 1998
1937 1946
1964 1988
1967 1977
1996 1997
