0 1
0 2
0 3
0 4
0 5
0 6
0 8
0 10
0 11
0 14
0 16
0 20
0 21
0 23
0 25
0 28
0 29
0 30
0 41
0 42
0 43
0 48
0 52
0 53
0 54
0 59
0 61
0 65
0 72
0 74
0 82
0 83
0 97
0 100
0 101
0 107
0 108
0 112
0 115
0 122
0 123
0 129
0 131
0 135
0 140
0 143
0 144
0 155
0 156
0 158
0 161
0 173
0 177
0 181
0 182
0 196
0 202
0 203
0 204
0 207
0 212
0 214
0 226
0 231
0 232
0 241
0 248
0 254
0 256
0 269
0 270
0 273
0 277
0 286
0 295
0 300
0 309
0 322
0 327
0 329
0 330
0 333
0 352
0 356
0 360
0 362
0 366
0 372
0 374
0 376
0 380
0 394
0 397
0 401
0 404
0 405
0 407
0 425
0 428
0 437
0 442
0 449
0 452
0 454
0 456
0 461
0 472
0 479
0 483
0 485
0 499
0 500
0 506
0 511
0 522
0 524
0 528
0 533
0 543
0 545
0 548
0 560
0 566
0 568
0 570
0 575
0 583
0 590
0 591
0 597
0 598
0 599
0 607
0 608
0 611
0 615
0 618
0 625
0 626
0 634
0 648
0 657
0 671
0 675
0 676
0 683
0 685
0 687
0 691
0 692
0 699
0 708
0 720
0 721
0 731
0 732
0 733
0 739
0 740
0 747
0 748
0 759
0 761
0 772
0 823
0 826
0 829
0 838
0 844
0 874
0 876
0 878
0 883
0 887
0 890
0 893
0 923
0 936
0 942
0 946
0 949
0 959
0 969
0 978
0 984
0 992
0 994
0 996
1 2
1 3
1 4
1 7
1 9
1 13
1 15
1 19
1 21
1 31
1 33
1 35
1 36
1 39
1 48
1 56
1 76
1 122
1 134
1 145
1 153
1 170
1 174
1 187
1 244
1 258
1 274
1 297
1 300
1 324
1 341
1 369
1 385
1 396
1 398
1 417
1 453
1 456
1 462
1 491
1 537
1 555
1 643
1 673
1 790
1 794
1 802
1 804
1 807
1 862
1 872
1 911
1 960
2 7
2 25
2 27
2 38
2 41
2 45
2 46
2 53
2 57
2 84
2 107
2 110
2 140
2 151
2 160
2 166
2 174
2 205
2 225
2 230
2 245
2 260
2 261
2 272
2 283
2 298
2 303
2 310
2 340
2 349
2 400
2 408
2 409
2 426
2 429
2 432
2 441
2 449
2 491
2 494
2 497
2 503
2 544
2 568
2 590
2 592
2 604
2 606
2 607
2 635
2 654
2 660
2 665
2 672
2 676
2 681
2 696
2 743
2 754
2 762
2 788
2 823
2 847
2 871
2 892
2 910
2 924
2 925
2 928
2 929
2 952
2 965
2 981
2 982
2 984
3 69
3 74
3 197
3 199
3 206
3 444
3 738
4 5
4 10
4 12
4 17
4 26
4 31
4 35
4 49
4 58
4 63
4 125
4 134
4 136
4 194
4 222
4 318
4 334
4 355
4 445
4 461
4 557
4 576
4 625
4 630
4 646
4 663
4 725
4 771
4 839
4 845
4 870
4 885
4 896
4 898
4 902
4 904
4 911
4 975
5 6
5 9
5 14
5 15
5 17
5 18
5 19
5 22
5 24
5 27
5 34
5 39
5 42
5 43
5 44
5 47
5 52
5 60
5 63
5 68
5 71
5 77
5 81
5 84
5 86
5 91
5 92
5 101
5 103
5 108
5 111
5 112
5 113
5 118
5 121
5 123
5 125
5 126
5 128
5 133
5 136
5 142
5 143
5 157
5 168
5 170
5 172
5 179
5 184
5 199
5 211
5 227
5 228
5 231
5 234
5 239
5 243
5 255
5 265
5 267
5 271
5 273
5 278
5 281
5 282
5 283
5 289
5 296
5 301
5 305
5 312
5 314
5 315
5 321
5 334
5 335
5 336
5 338
5 339
5 355
5 362
5 367
5 368
5 384
5 401
5 402
5 409
5 416
5 422
5 426
5 431
5 460
5 464
5 466
5 470
5 476
5 480
5 486
5 492
5 507
5 515
5 519
5 536
5 540
5 544
5 562
5 563
5 586
5 593
5 608
5 612
5 615
5 619
5 624
5 629
5 636
5 637
5 652
5 663
5 669
5 677
5 690
5 712
5 714
5 716
5 718
5 724
5 725
5 730
5 735
5 741
5 745
5 769
5 775
5 784
5 785
5 796
5 797
5 812
5 815
5 822
5 833
5 837
5 856
5 865
5 866
5 874
5 879
5 892
5 901
5 903
5 926
5 940
5 954
5 974
5 999
6 13
6 26
6 36
6 76
6 80
6 89
6 98
6 111
6 124
6 146
6 148
6 150
6 162
6 186
6 195
6 222
6 223
6 235
6 265
6 266
6 285
6 317
6 354
6 377
6 392
6 406
6 411
6 487
6 499
6 500
6 523
6 545
6 582
6 621
6 640
6 722
6 734
6 789
6 795
6 843
6 899
6 927
6 934
6 976
7 8
7 37
7 56
7 71
7 75
7 109
7 137
7 155
7 163
7 252
7 268
7 291
7 387
7 464
7 473
7 571
7 576
7 582
7 839
7 896
8 11
8 20
8 32
8 34
8 70
8 78
8 87
8 103
8 104
8 114
8 117
8 127
8 141
8 144
8 205
8 253
8 259
8 267
8 340
8 348
8 370
8 378
8 402
8 507
8 509
8 581
8 588
8 643
8 662
8 708
8 715
8 744
8 748
8 888
8 919
8 941
9 23
9 40
9 44
9 55
9 58
9 94
9 169
9 180
9 185
9 196
9 250
9 269
9 361
9 413
9 458
9 463
9 488
9 498
9 593
9 603
9 658
9 788
9 801
10 12
10 50
10 91
10 213
10 339
10 387
11 124
11 238
11 313
11 395
11 770
12 40
12 86
12 418
12 470
12 508
12 552
12 631
12 737
12 745
12 768
12 884
12 952
13 16
13 105
13 204
13 285
13 294
13 347
13 440
13 503
13 541
13 760
13 765
13 857
13 958
14 18
14 38
14 57
14 99
14 110
14 139
14 159
14 164
14 194
14 219
14 229
14 232
14 246
14 287
14 335
14 342
14 370
14 388
14 412
14 432
14 435
14 454
14 482
14 525
14 527
14 534
14 549
14 587
14 628
14 661
14 678
14 689
14 764
15 85
15 280
15 494
15 802
15 817
15 964
16 97
16 116
16 120
16 175
16 223
16 260
16 275
16 653
16 675
16 720
16 740
16 749
16 795
16 917
16 942
16 977
17 22
17 24
17 37
17 45
17 61
17 92
17 95
17 135
17 161
17 177
17 290
17 352
17 435
17 579
17 629
17 656
17 667
17 681
17 881
17 963
18 81
18 560
19 32
19 64
19 68
19 87
19 95
19 96
19 100
19 138
19 169
19 180
19 230
19 236
19 238
19 282
19 305
19 309
19 310
19 317
19 319
19 331
19 338
19 356
19 390
19 455
19 535
19 555
19 611
19 645
19 647
19 728
19 752
19 755
19 776
19 780
19 787
19 848
19 852
19 880
19 886
19 889
19 930
19 966
20 72
20 171
20 266
21 220
22 28
22 132
22 192
22 399
22 556
22 623
22 686
22 702
23 54
23 162
23 382
23 434
23 441
23 443
23 465
23 563
23 584
23 779
24 313
25 94
25 348
25 377
25 553
25 767
25 809
26 30
26 69
26 322
26 369
26 411
26 421
26 539
26 698
26 805
27 29
28 33
28 127
28 268
28 597
28 616
28 700
28 727
28 814
31 115
31 249
31 613
31 819
31 830
31 831
32 209
32 359
32 406
32 983
33 65
33 73
33 106
33 117
33 176
33 183
33 190
33 206
33 419
33 502
33 526
33 637
33 710
33 793
33 995
34 90
34 121
34 130
34 133
34 173
34 297
34 321
34 326
34 384
34 392
34 469
34 478
34 689
34 709
34 846
35 220
35 546
35 680
37 47
37 323
37 765
37 829
37 859
38 59
38 62
38 80
38 137
38 175
38 178
38 211
38 264
38 448
38 521
38 642
39 75
39 520
39 716
40 51
40 141
40 188
40 298
40 391
40 399
40 761
41 571
42 50
42 51
42 62
42 79
42 88
42 90
42 99
42 128
42 160
42 215
42 217
42 236
42 240
42 257
42 284
42 326
42 329
42 353
42 395
42 446
42 504
42 516
42 527
42 614
42 679
42 684
42 687
42 713
42 744
42 754
42 778
42 808
42 860
42 875
42 914
42 916
42 949
42 961
43 79
43 453
43 525
43 572
43 971
44 66
44 67
44 70
44 73
44 145
44 179
44 237
44 311
44 429
44 561
44 594
44 610
44 825
44 868
45 46
45 49
45 83
45 93
45 118
45 138
45 142
45 181
45 198
45 210
45 233
45 272
45 276
45 286
45 357
45 436
45 439
45 450
45 451
45 566
45 592
45 605
45 639
45 758
45 774
45 831
45 877
45 881
45 946
46 67
46 183
46 412
46 521
46 791
47 270
47 422
47 846
48 158
48 171
48 250
48 337
48 475
48 573
48 827
48 877
48 999
50 60
50 178
50 207
50 447
50 508
50 517
50 528
50 610
50 931
50 995
52 736
53 55
53 102
53 256
53 319
53 695
53 889
54 186
55 325
55 709
55 939
56 105
56 149
56 237
56 328
56 505
56 542
56 600
56 821
56 870
57 66
57 242
57 385
57 551
58 854
58 900
58 905
59 198
59 427
60 201
60 314
60 344
60 632
60 680
60 707
61 325
62 781
62 906
63 64
63 93
63 168
63 189
63 214
63 247
63 337
63 343
63 419
63 438
63 492
63 515
63 532
63 577
63 589
63 613
63 641
63 702
63 774
63 880
65 77
65 119
65 120
65 219
65 251
65 346
65 405
65 447
65 467
65 506
65 535
65 550
65 840
65 856
66 82
66 350
67 119
67 139
67 150
67 218
67 253
67 261
67 292
67 307
67 349
67 547
67 665
67 668
67 700
67 794
67 803
67 805
67 985
68 190
68 246
68 618
69 191
69 197
69 225
69 483
69 529
69 766
69 843
69 878
69 970
70 159
70 221
70 255
70 284
70 308
70 423
70 489
70 704
70 953
70 996
72 825
72 842
72 850
75 88
75 163
75 167
75 259
75 537
75 635
76 312
76 414
76 444
77 78
77 132
77 166
77 208
77 288
77 374
77 501
77 674
77 899
78 848
79 153
79 894
80 109
80 569
80 766
81 104
81 146
81 254
81 351
81 382
81 580
81 664
81 706
81 922
82 686
82 711
83 85
83 89
83 106
83 147
83 154
83 193
83 200
83 216
83 275
83 320
83 358
83 379
83 420
83 442
83 443
83 450
83 457
83 512
83 513
83 553
83 617
83 623
83 655
83 721
83 764
83 790
83 850
83 871
83 948
84 287
84 516
84 729
84 898
84 974
85 245
85 280
85 345
85 381
85 666
85 858
85 859
85 897
85 920
85 940
86 98
86 113
86 156
86 224
86 294
86 302
86 455
86 468
86 493
86 578
86 609
86 944
86 947
87 96
87 102
87 172
87 249
87 323
87 367
87 403
87 531
87 547
87 556
87 561
87 695
87 772
87 912
87 985
88 569
88 644
88 891
89 208
89 224
91 279
91 308
91 542
91 651
91 793
92 148
92 151
92 176
92 603
92 660
92 717
92 750
92 836
92 978
93 130
93 184
93 210
93 252
93 604
93 605
93 627
93 907
99 114
99 164
101 530
102 343
102 962
103 386
104 149
104 191
105 633
106 415
107 281
107 905
108 116
108 278
108 359
109 584
110 131
110 358
111 129
111 167
111 372
112 157
112 295
112 296
112 332
112 448
112 518
112 581
112 595
112 619
112 690
112 728
114 126
114 187
114 366
114 373
114 431
114 524
114 641
114 729
114 770
114 893
115 152
115 202
115 217
116 213
116 304
117 147
117 389
118 216
118 239
119 324
119 345
119 408
119 688
119 783
120 154
120 165
120 235
120 299
120 363
120 430
120 502
120 632
120 649
120 749
120 812
120 837
121 215
121 307
121 420
121 838
125 242
125 344
125 373
125 380
125 514
125 646
125 957
126 165
126 201
126 800
127 152
128 203
128 212
128 318
128 413
129 614
131 271
132 484
133 365
133 554
133 835
134 182
134 436
134 954
135 240
135 244
136 782
136 918
137 290
137 354
137 371
137 433
137 459
137 495
137 530
137 733
137 861
137 918
140 955
141 428
141 493
141 520
141 869
141 982
141 993
142 393
142 628
142 751
142 883
143 666
144 473
145 484
145 580
146 279
146 293
146 920
153 243
153 263
153 364
153 433
153 490
153 776
154 209
154 221
154 332
154 551
154 567
154 768
154 782
155 758
155 931
156 226
156 227
156 439
156 477
156 554
156 588
156 599
156 699
156 722
156 773
156 789
156 933
156 935
156 948
158 511
158 659
159 523
159 557
159 775
160 185
160 424
161 404
163 346
163 485
163 601
164 277
164 383
164 575
165 586
168 229
169 330
169 930
170 606
171 351
171 589
171 626
171 648
171 712
171 752
172 276
173 650
174 541
174 647
174 967
176 738
176 767
176 950
178 188
178 218
178 331
178 397
178 423
178 460
178 463
178 891
178 894
179 195
179 292
180 189
180 192
180 475
180 489
183 320
183 457
184 365
184 375
184 540
184 921
187 513
188 233
188 341
188 466
188 546
188 596
188 707
189 264
189 538
189 736
189 746
189 757
189 919
189 987
189 991
191 193
191 327
191 418
191 559
191 807
191 983
193 228
193 315
193 383
193 620
193 624
193 730
193 841
193 968
194 459
195 602
196 200
196 241
196 510
196 572
197 474
198 438
199 481
199 742
199 760
200 262
200 357
200 573
200 697
204 311
204 813
204 872
205 251
205 417
207 908
207 973
210 248
210 301
210 803
212 336
212 834
213 262
213 274
213 302
213 316
213 425
213 495
213 671
213 674
213 961
214 549
214 784
217 258
217 304
217 416
217 742
218 293
218 328
218 504
218 622
218 757
218 925
218 956
219 718
219 792
219 962
223 234
226 414
228 532
228 945
229 375
229 498
231 263
231 360
234 487
234 947
236 550
236 577
236 888
237 299
237 363
237 371
238 538
242 247
242 591
243 289
243 465
244 514
245 570
245 841
245 861
245 866
245 936
246 539
246 960
248 972
249 364
249 394
250 583
252 288
252 350
252 811
253 732
253 907
254 257
254 376
254 526
254 536
254 552
254 677
254 743
255 727
256 596
256 631
256 747
257 622
258 998
259 388
259 398
259 578
259 753
259 756
259 964
263 496
264 612
264 897
265 361
265 867
267 378
267 694
267 786
267 822
267 968
269 303
269 509
272 353
274 291
274 505
275 462
275 574
275 719
275 833
275 854
275 992
278 481
278 731
278 980
279 932
280 306
281 396
281 662
283 342
283 390
287 430
287 469
287 474
287 633
287 719
287 826
287 966
289 306
289 664
289 723
289 832
291 407
292 585
292 601
292 879
293 763
295 650
296 818
296 853
297 609
300 379
300 522
300 620
300 679
300 867
300 956
302 678
302 902
302 988
303 548
303 832
305 410
305 467
305 713
305 937
306 923
307 816
308 701
308 704
309 977
314 316
314 386
314 806
314 862
315 347
315 471
315 876
319 501
320 884
321 512
322 692
322 693
322 785
323 333
323 682
327 701
327 703
327 855
327 933
328 518
328 682
333 763
333 928
334 410
334 415
334 490
334 913
338 393
338 644
338 698
338 769
338 814
338 873
340 389
344 403
344 734
344 806
345 914
347 381
347 468
348 711
351 446
351 993
356 533
357 531
358 668
361 824
363 368
363 640
365 478
367 565
369 975
370 424
370 437
370 779
372 391
372 451
372 780
372 959
373 935
374 989
375 488
375 737
375 938
377 574
378 818
379 895
381 723
382 519
384 434
384 482
384 703
384 791
386 667
389 400
389 421
389 804
389 810
389 990
390 600
392 534
393 440
396 479
398 616
399 427
399 638
401 840
402 824
402 863
403 558
403 913
405 915
406 452
409 472
414 801
415 642
415 669
416 912
417 726
418 445
418 696
418 705
418 735
422 654
423 882
424 869
426 458
426 917
426 976
427 585
432 486
434 476
434 938
434 953
434 986
436 849
437 564
439 471
440 496
441 627
441 906
441 963
442 697
444 670
447 480
447 587
447 617
447 693
451 798
453 655
455 684
457 741
457 886
457 887
460 517
460 835
461 746
461 819
461 980
462 739
462 991
463 543
463 657
463 694
463 943
465 564
467 652
467 750
468 672
468 683
468 755
469 777
469 922
470 477
473 579
473 753
473 796
473 903
474 634
474 715
478 988
479 799
485 497
486 816
489 771
489 852
489 858
492 944
494 658
495 987
499 529
499 834
501 636
501 941
502 670
503 781
504 510
504 594
504 800
509 649
510 927
512 595
512 836
518 762
520 645
522 863
524 567
529 799
529 860
531 562
531 756
532 651
534 621
537 673
537 851
541 778
541 943
541 969
543 868
544 714
547 559
547 885
547 986
548 558
548 602
548 656
548 849
549 924
550 997
551 777
555 945
557 811
557 875
557 997
559 565
560 638
562 783
562 815
567 973
570 786
572 630
578 950
583 653
589 901
589 979
591 971
597 598
599 685
601 705
601 895
602 661
602 688
605 929
609 882
612 751
616 792
616 847
620 710
623 659
623 821
623 909
624 639
632 908
636 853
636 979
638 724
639 798
644 864
646 921
647 828
652 808
664 797
665 828
670 773
682 717
682 726
682 989
685 691
685 820
686 845
687 813
687 817
687 915
688 842
691 706
708 909
709 970
727 759
727 809
727 965
729 787
749 810
750 910
756 827
756 967
758 957
764 864
766 830
768 865
768 932
776 873
784 939
785 981
790 851
791 857
793 937
803 844
806 855
811 820
815 900
824 890
830 958
843 955
844 972
853 904
863 926
874 916
894 951
895 934
899 990
950 951
959 998
992 994
