0 1
0 2
0 3
0 4
0 5
0 6
0 7
0 8
0 9
0 10
0 11
0 12
0 13
0 14
0 17
0 19
0 22
0 24
0 25
0 26
0 27
0 29
0 30
0 33
0 34
0 35
0 38
0 40
0 41
0 42
0 44
0 45
0 46
0 48
0 49
0 53
0 54
0 57
0 63
0 64
0 65
0 69
0 70
0 73
0 81
0 83
0 88
0 90
0 94
0 96
0 102
0 103
0 106
0 108
0 111
0 115
0 122
0 126
0 130
0 138
0 140
0 141
0 146
0 154
0 157
0 159
0 160
0 161
0 164
0 171
0 172
0 173
0 175
0 181
0 201
0 214
0 216
0 220
0 225
0 226
0 227
0 228
0 232
0 233
0 236
0 248
0 253
0 254
0 259
0 264
0 273
0 274
0 275
0 279
0 281
0 304
0 305
0 307
0 310
0 315
0 319
0 324
0 344
0 345
0 348
0 350
0 353
0 368
0 372
0 375
0 379
0 384
0 388
0 399
0 404
0 415
0 420
0 430
0 433
0 439
0 441
0 450
0 452
0 457
0 458
0 478
0 484
0 486
0 491
0 498
1 2
1 16
1 18
1 20
1 28
1 43
1 50
1 55
1 93
1 135
1 139
1 142
1 225
1 271
1 309
1 369
1 493
2 3
2 4
2 5
2 6
2 7
2 8
2 10
2 12
2 15
2 17
2 18
2 26
2 31
2 35
2 39
2 41
2 45
2 48
2 51
2 54
2 58
2 59
2 65
2 70
2 74
2 77
2 78
2 79
2 81
2 93
2 97
2 98
2 104
2 105
2 114
2 118
2 133
2 140
2 144
2 150
2 153
2 155
2 164
2 167
2 168
2 178
2 203
2 204
2 207
2 215
2 224
2 230
2 231
2 232
2 250
2 253
2 259
2 262
2 269
2 270
2 287
2 300
2 310
2 332
2 334
2 337
2 347
2 367
2 379
2 391
2 415
2 456
2 460
2 463
2 465
2 470
2 478
3 61
3 137
3 171
3 179
3 188
3 200
3 208
3 220
3 233
3 238
3 266
3 295
3 296
3 357
3 398
3 444
4 9
4 13
4 14
4 24
4 31
4 56
4 89
4 102
4 165
4 187
4 234
4 328
4 338
4 349
4 356
4 389
4 425
4 475
5 29
5 62
5 104
5 247
5 278
6 80
6 158
6 455
7 20
7 30
7 79
7 101
7 119
7 183
7 195
7 213
7 230
7 295
7 299
7 330
8 11
8 21
8 22
8 32
8 46
8 47
8 62
8 73
8 77
8 90
8 96
8 100
8 101
8 116
8 154
8 167
8 170
8 223
8 245
8 256
8 271
8 287
8 326
8 334
8 349
8 354
8 356
8 358
8 376
8 383
8 391
8 414
8 420
8 429
8 431
8 438
8 439
8 447
8 482
8 488
8 491
8 495
8 499
9 16
9 67
9 126
9 173
9 194
9 277
10 19
10 25
10 37
10 43
10 75
10 76
10 116
10 123
10 151
10 176
10 179
10 198
10 244
10 283
10 405
10 429
11 23
11 50
11 91
11 152
11 162
11 166
11 210
11 318
11 323
11 412
12 60
12 143
12 155
12 189
13 15
13 21
13 23
13 33
13 40
13 44
13 53
13 59
13 61
13 69
13 71
13 72
13 82
13 83
13 84
13 98
13 100
13 112
13 121
13 123
13 128
13 131
13 136
13 189
13 200
13 202
13 212
13 237
13 246
13 250
13 284
13 285
13 301
13 321
13 332
13 337
13 352
13 370
13 371
13 402
13 445
13 481
13 494
14 207
15 27
15 127
15 159
15 237
15 257
15 300
15 399
15 442
15 471
15 481
16 36
16 66
16 67
16 68
16 85
16 88
16 138
16 378
16 417
16 499
17 37
17 51
17 68
17 95
17 133
17 157
17 288
17 382
18 28
18 34
18 42
18 64
18 106
18 122
18 129
18 215
18 312
18 372
19 85
19 112
19 243
19 307
19 383
19 407
19 462
19 463
20 72
20 74
20 95
20 107
20 180
20 214
20 255
20 263
20 325
20 381
20 442
20 446
20 497
23 32
23 47
23 151
23 162
23 176
23 460
24 141
24 213
24 294
24 451
26 58
26 78
26 124
26 153
26 177
26 191
26 194
26 205
26 209
26 217
26 221
26 277
26 282
26 306
26 361
26 382
26 395
26 405
26 407
26 410
26 418
26 441
26 443
26 476
27 76
27 109
27 134
27 148
27 329
27 387
27 397
27 402
28 49
28 99
28 103
28 120
28 130
28 150
28 211
28 218
28 270
28 320
28 367
28 412
28 488
28 493
29 38
29 152
29 156
29 165
29 166
29 178
29 209
29 358
30 36
30 52
30 66
30 75
30 108
30 110
30 147
30 149
30 169
30 174
30 190
30 221
30 222
30 228
30 240
30 241
30 263
30 323
30 329
30 336
30 343
30 387
30 390
30 392
30 422
30 459
30 464
30 485
32 113
32 278
32 341
32 448
33 156
33 161
33 193
33 217
33 266
33 296
34 39
34 52
34 56
34 143
34 212
34 256
34 265
34 388
34 482
34 495
35 60
35 139
36 264
37 57
37 82
37 86
37 113
37 124
37 125
37 132
37 238
37 326
37 338
37 346
37 351
37 375
37 377
37 378
37 389
37 455
37 466
37 468
37 483
38 92
38 397
39 80
39 117
39 129
39 195
39 223
39 315
39 360
39 395
39 449
39 461
39 474
40 258
41 169
41 272
41 320
41 371
41 408
43 188
43 313
43 362
43 435
44 86
44 94
44 128
44 240
44 265
44 357
44 365
44 366
44 411
44 426
45 115
45 289
45 373
46 55
46 107
46 244
46 272
46 366
47 87
47 137
47 262
47 285
47 480
48 91
49 145
49 197
49 199
49 219
50 99
50 297
51 97
51 110
51 132
51 146
51 163
51 243
51 267
51 363
53 346
53 496
54 92
54 472
55 191
55 380
56 63
56 89
56 149
56 210
56 268
56 321
57 71
57 181
57 293
57 424
58 283
59 84
59 298
60 489
61 224
61 313
61 423
61 454
62 419
63 120
63 469
64 111
64 163
64 182
64 192
64 254
64 353
64 438
64 479
65 114
65 158
65 308
65 335
65 421
66 190
67 226
68 134
68 347
69 136
69 252
69 312
69 314
69 423
69 425
69 427
69 486
70 197
70 199
70 470
71 142
71 252
71 318
71 331
71 386
71 421
71 431
72 185
72 290
72 311
72 319
72 377
73 292
74 180
74 311
75 87
75 324
75 348
75 354
75 403
75 413
76 231
76 342
76 435
76 447
77 121
77 316
77 327
77 370
78 193
79 183
80 117
80 131
80 496
81 359
82 125
82 177
82 205
82 208
82 280
82 330
85 105
85 144
85 168
85 192
85 432
85 448
85 479
87 187
87 239
87 268
87 281
87 308
87 322
87 343
87 428
87 464
87 475
88 325
89 396
91 203
91 273
94 219
94 424
97 436
98 170
98 257
99 206
100 245
100 335
100 452
101 184
101 186
101 333
102 198
102 279
103 109
103 135
103 204
103 361
106 260
106 459
107 119
108 175
108 242
110 118
110 490
112 275
112 291
112 294
112 298
112 340
112 394
112 401
112 444
114 345
114 403
114 453
116 432
116 462
116 471
118 127
118 201
118 492
121 381
124 362
125 246
125 260
125 418
126 202
127 440
129 483
131 239
132 145
132 172
132 227
132 234
132 261
132 292
132 306
132 414
132 417
133 328
133 490
134 206
134 211
135 147
135 148
136 160
136 249
139 289
139 416
139 458
140 284
140 409
140 480
140 487
143 340
144 314
149 216
149 235
149 373
149 440
150 251
150 369
150 374
156 186
156 473
160 269
162 174
162 185
162 430
163 229
163 437
165 436
166 196
167 222
167 282
168 184
168 251
168 302
168 303
169 236
169 364
169 413
170 258
172 218
175 352
176 293
176 317
176 342
176 445
176 492
178 317
179 182
181 286
182 393
184 416
188 341
190 196
191 255
191 392
192 235
192 333
192 404
192 409
192 461
192 467
192 489
196 267
206 393
206 454
207 453
209 469
210 241
210 468
211 261
213 299
213 434
214 229
214 242
214 248
214 305
214 344
214 380
214 400
214 465
214 474
218 331
221 247
221 446
224 249
224 350
228 437
230 286
236 322
236 384
237 290
237 365
243 309
243 386
243 457
244 419
246 355
247 276
247 291
251 302
254 359
254 467
255 304
255 336
256 297
257 280
257 410
259 422
263 339
263 364
263 449
265 274
266 363
268 276
269 355
270 301
272 466
272 477
277 401
278 360
280 374
280 433
281 456
282 450
285 288
286 426
291 316
291 411
292 303
294 485
297 406
300 385
305 368
305 408
309 473
315 327
319 398
328 390
332 406
336 394
338 339
340 351
340 428
342 396
342 487
349 434
355 400
357 385
362 376
364 494
379 472
379 484
386 427
421 443
424 476
429 451
462 497
464 477
490 498
