0 108
0 387
0 458
0 1826
1 128
1 580
1 668
1 1327
1 1483
1 1770
1 1799
1 1921
1 1952
2 1411
2 1614
3 575
3 1328
3 1680
4 138
4 277
4 426
4 518
4 1432
4 1457
4 1579
6 277
6 1263
7 249
7 504
7 1297
7 1602
8 12
8 95
8 205
8 1027
8 1698
8 1963
9 398
9 440
9 1301
10 241
10 422
10 1058
10 1497
11 417
11 515
11 993
11 1036
11 1176
11 1200
11 1508
11 1893
12 1385
12 1689
13 728
13 873
13 1075
14 649
14 1522
14 1997
15 586
15 1294
15 1301
15 1324
15 1384
16 102
16 1266
16 1330
16 1675
16 1786
17 446
17 787
17 1269
17 1784
18 996
18 1760
18 1893
18 1983
19 654
19 1462
19 1712
20 428
20 1106
20 1908
21 75
21 407
21 564
21 899
21 1577
21 1610
21 1799
22 381
22 442
22 1084
22 1275
22 1349
22 1380
22 1537
23 55
23 228
23 574
23 1086
23 1508
23 1850
24 73
24 94
24 115
24 172
24 816
24 1170
24 1378
24 1699
25 1212
25 1991
26 200
26 506
26 522
26 964
26 1309
26 1400
26 1513
27 585
27 1916
28 34
28 696
28 702
28 818
28 1463
28 1952
28 1969
29 695
29 888
29 1029
29 1717
30 618
31 417
31 619
31 721
31 746
31 843
31 1108
31 1186
31 1304
31 1842
32 326
32 410
32 517
32 1030
32 1426
33 244
33 357
33 557
33 852
33 1387
33 1394
34 1406
35 215
35 392
35 724
36 1577
37 322
37 476
37 770
37 1486
38 437
38 649
38 1073
38 1801
39 40
39 1161
39 1399
40 423
40 834
40 1868
40 1997
41 594
41 1444
41 1697
41 1853
42 591
42 1124
43 154
43 736
43 950
43 1165
43 1345
44 454
44 1193
44 1933
45 879
45 1118
45 1781
45 1831
46 248
46 274
46 291
46 488
46 499
46 532
46 550
46 1457
46 1909
47 1469
47 1620
48 76
48 210
48 313
48 505
48 677
48 1588
48 1904
49 1278
51 842
51 1002
51 1414
51 1823
52 814
52 1360
52 1735
53 254
53 397
53 594
53 871
53 1133
54 773
54 962
54 1795
55 74
55 211
55 213
55 326
55 1205
55 1276
55 1329
55 1574
55 1878
56 127
57 732
57 1216
58 94
58 520
58 703
58 871
58 924
58 1604
59 287
59 414
59 458
59 777
59 875
59 958
59 1110
59 1835
60 219
60 414
60 449
60 1445
60 1532
60 1636
61 306
61 879
61 1121
61 1415
61 1804
62 96
62 396
62 1360
63 279
63 542
63 638
63 1134
63 1875
64 203
64 306
64 817
64 1081
64 1376
65 469
65 1511
65 1925
66 804
66 1459
66 1463
67 145
67 1228
67 1328
67 1766
67 1932
68 651
69 1015
69 1420
70 980
70 1037
71 759
71 877
71 940
71 1165
71 1322
71 1674
72 637
72 712
72 819
72 1340
72 1525
72 1725
72 1752
73 759
73 1229
73 1364
74 657
74 1003
74 1127
74 1470
75 466
75 762
75 1213
75 1723
75 1768
75 1806
76 99
76 136
76 276
76 295
76 468
76 780
76 1111
76 1138
76 1492
76 1501
76 1888
76 1902
77 600
77 893
77 1118
77 1201
77 1477
77 1493
78 116
78 386
78 479
78 1105
78 1177
78 1523
79 146
79 568
79 1170
80 247
80 1388
80 1708
81 82
81 335
81 687
81 1975
82 159
82 518
82 800
82 916
82 1708
83 457
83 509
83 728
83 732
83 1160
83 1339
84 356
84 419
84 1572
85 364
85 525
85 674
85 806
85 1668
85 1732
86 1044
86 1366
86 1453
87 1448
88 385
88 1446
88 1600
89 583
89 866
89 1135
89 1512
90 651
90 672
90 1624
91 1180
91 1430
91 1445
91 1456
91 1919
92 1290
93 1271
93 1907
94 159
94 386
94 1331
94 1862
95 392
95 1081
95 1138
95 1661
95 1788
96 508
96 795
96 1603
97 284
97 694
97 1498
97 1599
98 100
98 527
99 811
99 1228
99 1401
99 1552
99 1687
99 1956
100 484
100 1039
100 1480
100 1937
101 283
101 737
101 1332
101 1681
102 635
103 941
103 1804
103 1927
104 396
104 446
104 575
104 1057
104 1917
104 1996
105 238
105 1355
105 1603
105 1967
106 871
106 1443
107 1407
107 1536
107 1695
108 665
108 753
108 982
109 225
109 711
109 759
109 927
109 1003
109 1154
109 1848
110 1343
110 1605
111 277
111 344
111 844
111 1485
112 218
112 728
112 1158
113 1002
113 1363
114 552
114 1140
114 1176
115 971
115 1820
116 261
116 813
116 940
116 1737
117 671
117 1721
117 1738
118 123
118 437
118 766
118 835
118 1927
119 206
119 453
119 914
119 1081
120 442
120 763
120 774
120 1505
121 653
121 911
121 1027
121 1272
122 628
122 900
122 1247
122 1550
122 1752
123 1039
123 1172
123 1219
123 1718
124 475
124 501
124 945
125 463
125 620
125 1027
125 1649
125 1690
125 1864
126 731
126 781
127 171
127 444
127 460
127 636
128 168
128 731
128 938
128 1238
128 1664
128 1708
128 1861
128 1945
129 242
129 788
129 1223
129 1293
129 1368
129 1668
129 1913
130 1515
130 1788
131 228
131 582
131 615
132 1444
133 203
133 893
133 1523
135 488
135 886
135 1452
135 1505
135 1911
136 255
136 1688
137 445
137 1033
137 1112
137 1605
138 1364
139 504
139 1163
140 176
141 777
142 1229
142 1853
143 847
143 1920
144 157
144 299
144 1114
145 158
145 425
145 542
145 1130
146 182
146 515
146 702
147 489
147 1399
148 229
148 806
148 1181
148 1389
148 1425
148 1747
148 1884
149 486
149 1132
149 1280
149 1304
149 1399
149 1627
149 1925
149 1944
150 278
150 454
150 1609
150 1626
150 1782
150 1947
150 1951
151 255
151 1517
151 1794
152 326
152 545
152 661
152 1197
152 1699
153 292
153 1153
153 1260
154 867
154 1821
154 1962
155 783
155 984
155 1891
156 1202
156 1693
156 1849
157 959
157 1459
157 1597
158 689
158 953
158 1147
158 1249
158 1795
158 1899
159 313
159 537
159 617
159 1892
160 430
160 627
160 644
160 932
160 1616
160 1710
160 1898
161 296
161 766
161 895
161 1591
161 1691
161 1888
162 190
162 1031
162 1976
162 1979
163 730
163 982
163 1144
163 1266
163 1687
164 1026
165 1144
166 890
166 1777
167 1342
167 1658
167 1924
168 527
168 877
168 918
168 1903
169 230
170 805
170 1299
170 1759
170 1798
171 388
171 1757
171 1995
172 1569
172 1712
173 420
173 671
173 1099
174 1443
174 1572
175 336
175 345
175 1167
175 1729
175 1957
176 409
176 603
176 692
176 902
176 936
176 1711
176 1760
177 238
177 1367
178 511
178 594
178 805
178 1099
178 1491
178 1749
179 628
179 850
179 1481
179 1697
180 1442
181 254
181 803
181 859
181 873
181 1126
181 1882
182 221
183 347
183 1196
183 1516
183 1895
184 358
184 672
184 888
185 282
185 561
185 629
185 784
185 843
185 1037
185 1100
185 1280
185 1323
185 1827
186 377
186 502
186 711
186 1983
187 229
187 366
187 1583
188 1500
188 1656
188 1663
189 514
189 870
189 1204
189 1873
190 999
190 1454
191 1382
191 1501
191 1817
192 249
192 490
192 1137
192 1324
193 597
193 635
193 1329
193 1774
194 605
194 1460
194 1799
194 1908
195 544
195 935
195 1173
195 1572
195 1716
195 1947
196 294
196 474
196 1271
197 981
197 1359
197 1373
197 1400
198 1564
198 1697
199 679
199 796
199 806
199 887
199 1143
199 1905
199 1973
200 960
200 1070
200 1136
200 1941
201 1006
201 1559
202 952
202 1152
202 1294
203 346
203 801
203 1902
204 481
204 1781
205 1971
206 237
206 310
206 443
206 604
206 952
206 1081
206 1329
206 1541
206 1703
206 1706
207 313
207 562
207 814
207 1069
208 527
208 991
208 1021
208 1191
208 1674
209 841
209 915
209 1435
209 1477
209 1499
209 1612
209 1926
210 664
210 1436
210 1661
210 1662
210 1720
211 833
211 1159
211 1826
212 677
212 1214
212 1715
212 1806
213 335
213 1163
213 1707
213 1820
214 270
214 745
214 1352
214 1533
214 1755
214 1867
215 1979
216 335
216 620
216 961
216 1101
216 1742
217 230
217 349
217 1147
217 1197
217 1554
217 1582
217 1678
218 895
218 1125
218 1523
218 1621
219 429
219 571
219 988
219 1349
219 1644
219 1798
220 837
220 1386
221 351
221 644
221 823
221 961
221 993
221 1150
221 1463
221 1697
222 1123
222 1580
223 484
223 1994
224 1092
225 937
225 1620
226 335
226 1519
226 1651
226 1672
227 513
227 980
227 996
229 1004
229 1070
229 1263
229 1965
230 598
230 744
230 1147
231 1071
231 1244
232 272
232 309
232 724
232 813
232 1212
233 397
233 425
233 918
233 1287
236 333
237 982
237 1685
238 607
238 1222
239 1397
239 1784
240 531
240 553
240 897
240 941
240 1094
241 256
241 911
241 1011
241 1393
241 1746
242 458
242 470
242 493
242 719
242 1159
242 1322
243 412
243 716
243 1331
243 1484
244 607
244 625
244 1543
244 1960
245 1620
246 1082
246 1130
246 1728
246 1759
246 1775
247 421
247 788
247 1472
248 644
248 789
248 1167
248 1653
248 1726
248 1886
248 1890
249 374
249 779
249 1312
250 1060
250 1138
251 521
251 545
251 1362
252 650
252 1370
253 510
253 703
253 1471
253 1895
253 1972
254 287
254 344
254 539
254 585
254 1065
255 274
255 409
255 945
255 986
256 339
256 1266
257 1718
257 1850
257 1886
257 1953
258 357
258 449
258 1027
258 1558
258 1796
259 439
259 701
259 1389
259 1961
260 279
260 428
260 743
260 1779
261 482
261 529
261 1613
262 471
262 1384
262 1798
262 1976
263 1219
263 1234
263 1376
264 534
264 609
264 680
264 1035
265 446
265 478
265 1667
266 559
266 1619
266 1827
267 296
267 848
267 968
267 1633
268 576
268 799
268 912
268 1027
268 1215
268 1713
268 1796
269 796
269 1778
270 289
270 578
270 780
270 834
270 859
270 1224
270 1768
270 1982
271 301
271 348
271 801
272 1338
272 1502
272 1813
272 1816
273 441
273 458
274 361
274 848
274 978
274 1431
275 723
275 1472
276 319
276 322
276 1553
277 1309
277 1550
277 1657
277 1754
278 744
278 1500
279 1107
279 1278
279 1518
280 887
280 1443
280 1701
281 432
281 1734
282 302
282 746
282 942
282 1018
282 1500
282 1917
283 331
283 772
285 1573
285 1942
285 1949
285 1979
285 1994
286 954
286 1242
286 1886
286 1956
286 1973
287 1864
288 330
288 796
288 1175
288 1759
289 506
289 1868
290 313
290 910
290 927
290 1050
290 1103
290 1409
290 1801
291 1398
291 1690
291 1707
291 1723
291 1727
292 297
292 1507
292 1726
292 1818
293 408
293 631
293 1613
293 1753
293 1982
294 656
294 954
294 1068
294 1325
294 1420
294 1587
294 1811
294 1982
295 1178
295 1500
296 1143
297 1364
297 1422
297 1501
298 907
298 1218
298 1421
299 329
299 1000
299 1141
299 1590
300 1507
301 393
301 412
301 741
301 1597
302 1136
302 1513
303 929
303 1475
303 1705
304 996
305 746
305 1086
305 1585
305 1724
305 1862
306 833
307 652
307 1847
308 841
308 1478
308 1569
308 1587
309 390
309 909
309 1758
309 1801
310 408
310 946
310 1334
310 1508
311 541
311 880
311 1349
312 1422
313 996
313 1391
313 1445
314 755
314 953
314 1546
314 1908
315 525
315 1215
315 1263
315 1433
315 1450
315 1934
316 523
316 564
316 820
316 1301
316 1437
316 1770
317 1823
318 747
318 1628
318 1803
319 870
319 1226
319 1476
319 1757
319 1822
320 407
320 463
320 1169
320 1456
321 532
321 1493
321 1987
322 752
322 1172
322 1352
323 608
323 1291
323 1736
323 1839
323 1907
324 561
324 755
324 1641
324 1831
325 922
325 1392
325 1415
325 1614
326 754
326 1259
326 1845
327 374
327 1036
327 1684
328 793
328 795
328 1760
328 1970
329 480
329 1840
330 647
330 1200
331 967
331 1706
332 1324
332 1501
332 1948
333 810
333 1137
333 1603
334 545
335 1172
335 1206
335 1868
335 1983
337 1602
338 530
338 886
339 762
339 1442
339 1937
340 1287
340 1577
341 953
341 1388
341 1392
341 1949
342 897
342 1087
342 1500
343 471
343 669
343 832
343 1029
343 1329
343 1682
344 504
344 797
344 940
344 1622
344 1983
345 728
345 1031
345 1173
346 1009
347 373
347 916
347 1206
347 1516
347 1606
348 796
349 1090
349 1212
350 669
350 1012
350 1743
351 1359
351 1439
351 1776
352 403
352 605
352 1132
352 1145
352 1349
354 871
354 1206
354 1340
354 1372
355 466
355 1072
355 1706
356 524
357 1004
358 1270
358 1592
359 838
359 1000
360 1725
360 1843
360 1910
361 630
361 1738
362 785
362 1378
362 1522
363 802
363 1290
363 1499
363 1926
364 377
364 740
364 1375
364 1441
365 430
365 784
365 1374
365 1514
365 1643
366 723
366 802
366 849
366 982
366 1808
367 1138
367 1216
367 1846
368 908
368 1632
368 1732
369 434
369 539
369 755
369 977
369 1100
370 907
370 1671
371 520
371 654
371 934
371 1714
371 1876
372 1085
372 1121
372 1795
373 820
373 1027
373 1209
373 1424
374 431
374 740
374 840
375 780
375 872
375 1599
376 640
376 1149
376 1831
376 1929
377 975
377 1034
377 1779
378 1074
379 704
379 1015
379 1111
379 1423
379 1620
380 1540
381 611
382 1307
382 1497
382 1513
382 1892
383 456
383 578
383 1479
384 498
384 506
384 1063
384 1173
384 1286
384 1891
385 457
385 866
385 1065
385 1331
385 1804
386 715
386 1070
387 550
387 1017
388 582
388 623
388 1782
388 1814
389 1037
389 1060
389 1529
389 1821
390 1277
390 1477
390 1752
391 504
392 1169
392 1179
392 1306
392 1659
393 1520
393 1564
393 1576
393 1632
393 1764
393 1942
394 1443
394 1862
395 819
396 616
396 1064
396 1755
398 811
398 1088
399 1348
399 1631
400 1108
400 1204
400 1293
400 1565
400 1725
400 1816
401 810
401 982
401 1237
401 1357
401 1502
402 479
402 529
402 906
403 439
403 1336
404 858
404 1488
404 1855
404 1897
405 1141
405 1193
405 1439
405 1456
405 1849
406 1117
406 1757
406 1903
407 613
407 793
407 937
408 825
408 965
408 1316
408 1559
408 1701
409 524
409 907
410 526
410 1153
411 665
411 930
411 1110
411 1175
411 1414
411 1474
411 1616
411 1975
412 456
412 927
412 1053
412 1299
412 1736
413 905
413 1098
413 1236
413 1304
413 1804
414 501
414 618
414 682
414 1705
415 471
415 1524
416 912
416 1500
416 1795
417 956
417 1211
417 1664
418 570
418 579
418 932
418 1221
418 1624
419 962
419 1107
419 1505
419 1615
419 1655
420 792
420 1635
420 1736
421 1314
421 1408
421 1548
422 776
422 915
422 1094
422 1184
422 1270
422 1489
422 1501
423 428
423 663
423 776
424 557
424 762
424 1371
424 1373
425 1080
425 1982
426 1137
426 1649
427 1983
428 644
428 1655
429 1029
430 652
430 1718
431 541
431 589
431 1310
432 914
432 1580
432 1805
433 681
433 1119
433 1166
433 1524
433 1741
433 1804
434 608
434 1320
434 1359
434 1670
434 1738
434 1798
434 1811
435 1082
436 961
436 1318
437 640
438 646
438 1038
438 1147
438 1596
438 1957
439 756
439 1120
439 1280
439 1335
439 1365
439 1422
439 1833
440 545
440 1588
440 1856
441 521
441 618
441 714
441 1912
442 447
442 472
442 1363
443 903
443 960
443 1965
444 1094
447 1061
448 476
448 1218
450 1306
450 1333
450 1374
451 1514
451 1546
451 1944
451 1975
452 1215
453 733
453 1379
454 1051
454 1158
454 1413
454 1774
454 1873
455 654
455 1162
455 1332
455 1383
456 1172
456 1184
457 807
458 1039
458 1324
458 1668
458 1669
458 1756
459 507
459 694
459 1445
460 1035
460 1112
460 1129
461 584
462 525
462 679
462 1320
462 1370
462 1481
462 1707
463 546
463 1191
464 808
464 1262
464 1509
464 1705
465 1176
465 1248
465 1421
465 1524
466 634
466 670
466 1800
467 1038
467 1328
468 1398
468 1744
469 915
469 1521
469 1597
470 516
470 738
470 1380
470 1604
471 489
471 1744
472 765
472 1265
472 1382
473 507
473 1003
473 1757
475 554
475 558
475 1606
476 1843
477 711
477 1501
478 1192
479 520
479 586
479 792
479 1233
479 1349
480 914
480 947
481 716
481 764
481 777
481 1043
481 1965
482 721
482 1763
484 535
484 800
484 1505
485 532
485 574
485 1535
485 1681
485 1787
486 786
486 902
486 1009
486 1161
486 1564
486 1595
486 1831
488 711
488 1073
488 1447
488 1565
488 1825
488 1888
489 563
489 685
489 1717
489 1872
490 1122
490 1326
490 1615
491 600
491 753
491 768
491 863
492 658
493 717
493 899
494 1231
495 847
495 1033
495 1454
495 1536
496 940
496 1166
496 1224
496 1996
497 715
497 1596
498 968
498 1004
498 1045
499 551
499 1035
499 1439
499 1512
499 1936
500 664
500 1197
500 1255
501 846
501 1102
501 1169
502 524
502 581
502 710
502 882
502 1032
502 1196
502 1650
503 1606
503 1891
503 1899
504 1134
504 1348
505 698
505 1013
505 1399
505 1443
505 1653
506 1162
506 1276
506 1792
507 1083
508 747
508 1081
508 1350
508 1535
508 1825
508 1841
509 921
510 607
510 778
510 1278
511 548
511 721
511 1507
511 1622
511 1884
512 720
512 721
512 785
512 955
512 1798
513 632
513 897
514 1716
514 1828
514 1942
515 760
516 1005
516 1142
516 1752
517 1118
517 1176
517 1931
518 617
518 717
518 1914
519 1328
519 1374
519 1623
520 547
520 1953
521 591
521 706
521 754
521 1233
521 1912
522 1321
522 1348
522 1844
523 897
523 1028
523 1889
524 1829
525 705
525 1168
525 1682
526 916
526 1214
526 1811
526 1983
527 1590
527 1817
527 1968
528 1462
529 602
529 1012
529 1331
530 1058
530 1093
530 1253
530 1258
531 914
531 961
531 1242
531 1399
531 1437
531 1664
532 1843
533 1044
533 1676
534 1083
534 1258
534 1487
534 1719
535 1501
535 1717
536 1522
536 1542
537 705
537 943
537 1328
537 1802
538 810
538 1692
538 1731
539 1062
539 1254
539 1512
539 1600
539 1644
539 1959
541 912
541 923
541 1318
541 1399
541 1482
541 1512
541 1803
542 607
542 865
542 1056
542 1250
542 1653
543 552
543 714
543 1492
544 1415
545 909
545 1049
545 1784
546 893
546 1223
546 1572
546 1662
547 646
547 1963
548 969
549 893
549 1739
549 1787
550 973
550 1287
550 1893
551 1184
551 1344
551 1440
551 1513
551 1716
552 1799
553 621
553 663
553 700
553 947
553 1216
553 1270
554 662
554 1065
554 1194
554 1300
555 685
555 1216
555 1407
556 701
556 719
556 755
557 1634
558 791
558 1193
558 1503
558 1883
559 584
559 1631
560 1651
561 671
561 840
561 1672
561 1735
561 1882
562 1972
563 1126
563 1884
564 678
564 1018
564 1150
564 1195
564 1441
564 1879
565 1655
565 1966
566 591
566 759
566 1041
566 1507
566 1599
566 1890
567 712
567 724
567 875
568 616
568 984
568 1479
569 727
569 935
569 1526
569 1560
570 1013
570 1016
570 1218
570 1471
570 1792
570 1947
571 720
571 1040
571 1834
572 775
572 938
572 1176
573 709
574 858
574 961
574 1640
574 1855
575 854
575 1231
575 1517
575 1948
576 1348
577 1190
577 1694
577 1768
577 1823
578 1214
578 1277
578 1369
578 1766
579 589
579 873
579 1591
580 791
580 982
580 1403
580 1502
581 865
581 1922
582 1007
582 1226
583 623
584 888
584 1105
584 1416
584 1552
584 1594
586 759
586 1162
586 1328
586 1625
587 696
587 965
587 1315
587 1472
587 1808
588 638
588 1745
589 671
589 1228
589 1614
592 922
592 1012
592 1416
592 1545
592 1996
593 607
593 881
593 1162
593 1879
593 1955
594 1144
594 1237
595 895
595 1906
596 733
596 816
596 1653
596 1686
596 1961
597 639
597 894
597 1754
598 937
598 1131
598 1375
598 1462
598 1960
599 883
600 610
600 1050
601 913
601 1490
602 1578
604 626
604 1086
604 1159
605 1461
606 1095
606 1620
606 1928
607 1023
608 620
608 1262
608 1266
608 1778
609 703
609 1707
609 1872
610 972
610 1542
611 1386
611 1770
612 677
612 1712
613 1502
614 1081
614 1468
614 1668
615 763
615 912
615 1999
616 1925
617 619
617 1591
617 1906
618 1521
619 855
619 1820
619 1954
620 1402
620 1980
621 684
621 1186
621 1190
622 909
622 1187
622 1477
622 1486
622 1528
624 1059
624 1331
624 1499
624 1911
625 1062
626 768
626 1631
626 1845
627 1566
627 1606
628 777
628 1579
629 855
629 1850
630 745
630 771
631 1299
631 1470
631 1792
632 1072
632 1208
632 1793
633 1079
633 1136
633 1313
634 807
634 906
634 972
634 1231
634 1862
635 1317
635 1696
635 1833
636 1182
636 1944
637 678
637 1820
637 1842
637 1896
637 1922
637 1972
639 1211
640 1110
640 1232
640 1999
641 799
641 821
641 886
641 1454
641 1630
642 703
643 922
643 1541
644 863
644 1088
645 851
645 1873
646 1238
647 703
647 727
647 1522
648 1133
648 1796
649 1504
649 1545
649 1669
649 1821
650 998
650 1230
650 1351
650 1683
651 780
651 793
651 1222
651 1791
651 1901
652 1002
653 740
653 1528
653 1765
654 1043
654 1083
654 1146
655 1119
655 1680
655 1968
656 1054
656 1199
656 1287
656 1327
656 1602
656 1902
657 881
657 1937
659 1435
660 1192
660 1354
661 1474
661 1823
661 1974
663 1348
664 1091
664 1272
664 1734
664 1746
665 684
665 875
665 1497
665 1883
666 1191
666 1389
666 1903
667 1630
667 1753
667 1776
668 1511
668 1849
669 772
669 1037
669 1124
670 855
670 1083
670 1659
670 1855
671 1003
671 1443
671 1963
672 767
673 919
673 1461
673 1664
674 1105
675 1029
675 1294
675 1316
675 1890
676 1680
676 1876
676 1924
677 1210
677 1309
677 1531
677 1610
678 1454
678 1819
679 968
679 1192
680 1319
681 932
681 1312
681 1348
681 1497
681 1532
683 1117
683 1301
683 1493
684 845
684 1003
684 1237
684 1427
685 741
685 1069
685 1365
686 900
686 914
686 1482
686 1654
687 1105
687 1366
688 1395
688 1498
689 1031
689 1340
689 1474
690 707
690 753
690 997
690 1223
690 1528
690 1662
690 1790
691 1098
691 1240
692 885
692 1030
692 1190
692 1453
693 821
693 848
693 947
693 1900
694 1082
694 1973
695 1038
695 1052
695 1065
695 1103
695 1116
695 1177
695 1785
696 1051
696 1462
696 1489
697 739
697 1175
697 1475
697 1867
698 1701
699 775
699 1012
699 1431
700 786
700 1177
700 1358
700 1406
700 1435
700 1512
700 1569
701 1315
701 1418
701 1569
702 718
702 1593
702 1866
703 1662
704 1000
704 1030
704 1532
705 1264
705 1435
705 1636
705 1846
706 1620
706 1639
708 915
708 1170
708 1843
709 783
709 1509
710 1040
710 1669
710 1671
711 1482
711 1586
711 1724
712 914
712 1712
713 1259
713 1927
714 1122
714 1161
714 1441
714 1691
714 1705
715 1184
715 1442
715 1868
716 1655
717 1456
717 1527
717 1588
718 1517
719 1215
720 898
721 731
723 944
723 1347
724 1283
724 1841
724 1966
725 1676
726 960
726 1396
726 1588
727 742
727 849
727 1748
728 1512
729 1935
732 1449
732 1634
732 1941
733 974
733 1645
733 1984
734 986
735 853
735 1106
735 1375
736 871
736 1192
736 1388
736 1607
736 1652
737 773
737 1587
737 1603
738 1051
738 1178
738 1339
739 1408
740 1478
740 1580
741 1359
742 826
742 1477
743 776
743 1739
744 1210
744 1213
744 1352
745 781
745 1164
745 1291
745 1466
745 1812
745 1897
745 1946
746 753
746 1070
746 1844
747 1369
748 1587
749 1789
750 1712
751 1262
752 972
752 1035
752 1203
752 1585
753 1576
753 1733
754 1111
754 1157
754 1357
754 1443
756 1063
756 1081
756 1382
756 1484
757 1374
757 1644
758 780
758 856
758 1061
758 1892
760 1734
760 1747
760 1858
761 1471
763 1379
763 1524
764 1378
764 1570
764 1769
764 1998
765 790
765 808
765 1687
766 856
766 1169
766 1504
766 1551
767 1673
767 1725
767 1808
768 1095
769 937
769 1650
769 1798
771 1007
771 1014
771 1137
771 1375
771 1504
772 925
772 1099
772 1259
772 1497
772 1669
773 1409
774 918
774 1337
774 1730
774 1744
775 1061
775 1246
775 1481
776 1548
776 1883
776 1886
778 927
778 1139
778 1352
778 1895
779 1052
779 1120
780 912
780 969
780 1265
780 1434
780 1452
781 813
782 1071
782 1568
783 885
783 1184
783 1402
784 1165
785 1603
785 1810
786 811
786 1032
787 1479
789 868
789 1880
790 1532
790 1613
791 1119
791 1482
791 1729
792 1147
793 853
793 1065
793 1343
794 810
794 1006
794 1588
794 1810
795 1574
796 1036
797 1067
797 1708
798 1025
798 1047
798 1527
798 1923
799 1756
800 1264
800 1294
800 1306
801 932
801 1556
802 1161
802 1335
804 1359
804 1515
804 1789
804 1950
805 1511
805 1893
807 1188
808 1950
809 1099
810 1809
810 1949
811 1119
811 1704
812 1456
812 1560
813 1268
813 1324
813 1885
814 1116
814 1215
814 1502
815 1220
815 1513
816 1579
816 1610
816 1677
816 1803
817 956
817 1392
818 1187
818 1442
818 1497
818 1942
819 1648
820 1177
820 1259
820 1924
821 1435
821 1531
822 1204
823 1183
824 1953
824 1986
825 885
825 894
825 1131
825 1403
825 1722
826 862
826 1739
826 1785
827 1934
828 1137
829 1220
829 1319
830 1179
831 1088
831 1986
832 1572
832 1723
832 1898
832 1917
833 919
833 1721
833 1826
834 1580
834 1881
836 896
836 1270
836 1437
836 1495
836 1553
836 1995
837 1385
837 1869
839 1184
839 1885
840 1556
840 1921
842 1760
843 1975
843 1999
844 917
844 1188
844 1276
845 996
845 1782
847 1695
847 1831
848 942
848 1599
848 1983
849 901
849 1560
849 1717
849 1818
852 1003
852 1225
852 1327
852 1408
852 1538
852 1708
853 1027
853 1779
853 1795
853 1984
854 1314
854 1434
854 1528
855 1247
855 1475
855 1477
855 1628
855 1704
856 1755
857 1672
858 893
859 898
859 1453
860 1464
861 1111
861 1381
861 1478
861 1755
862 1465
862 1708
863 944
863 1994
864 1007
865 1148
865 1361
865 1385
866 998
866 1452
867 1026
867 1508
867 1562
867 1746
868 915
868 1194
868 1494
868 1545
868 1798
868 1878
868 1912
870 1155
870 1165
870 1224
870 1626
871 1115
871 1439
871 1625
872 1302
873 1257
873 1275
873 1351
873 1936
874 947
874 1798
875 1534
875 1871
876 1399
876 1803
877 1467
877 1526
877 1701
877 1713
878 959
878 1282
878 1309
878 1631
878 1740
878 1947
879 916
879 1183
879 1454
879 1737
880 1175
880 1885
880 1980
881 1234
881 1491
881 1695
881 1867
882 1457
882 1614
883 1046
883 1128
883 1964
884 1379
884 1587
885 1361
886 1029
886 1545
888 1006
888 1464
888 1855
888 1903
890 1001
890 1780
890 1810
891 970
891 1090
891 1292
892 944
892 1056
892 1649
893 1028
893 1283
893 1523
893 1745
895 1238
896 989
896 1408
896 1660
896 1750
896 1870
898 1028
898 1095
898 1513
898 1942
899 1073
899 1079
899 1575
900 1895
901 1004
902 1209
902 1446
903 1088
903 1663
903 1751
903 1939
904 909
904 1035
904 1293
904 1585
904 1858
904 1963
905 1998
906 1301
906 1433
906 1663
907 1090
907 1773
907 1809
908 973
908 1167
908 1437
908 1675
908 1781
909 1048
910 1026
911 1226
911 1569
912 1095
912 1503
913 1460
914 1077
914 1299
914 1463
914 1579
914 1622
915 1126
915 1995
916 1471
916 1949
917 1455
917 1596
917 1679
918 1168
918 1959
920 941
920 1691
921 1675
922 1831
922 1942
923 1253
923 1979
924 1249
925 1014
925 1133
925 1416
925 1761
926 1987
927 962
927 1146
927 1468
928 1180
928 1439
928 1568
928 1734
929 1351
929 1574
930 952
930 1072
931 1389
931 1547
932 1040
932 1257
932 1983
933 1667
933 1669
934 1846
934 1930
935 1896
936 1782
937 947
937 1365
937 1991
938 1909
939 952
939 1459
940 1537
941 1316
941 1379
941 1766
941 1828
942 971
942 1584
943 1250
944 988
944 1060
944 1243
944 1800
944 1970
945 1835
945 1836
946 1462
946 1469
946 1499
947 954
947 1815
947 1843
948 1708
949 1064
949 1246
949 1749
950 1137
950 1434
950 1588
951 1099
951 1247
951 1364
951 1551
952 1047
952 1335
952 1551
955 1072
955 1406
956 1121
956 1686
957 1793
958 1122
958 1426
959 1027
959 1555
960 1673
960 1985
961 1644
961 1853
961 1996
962 1001
962 1185
963 1155
963 1363
963 1446
964 1102
964 1132
964 1749
965 1134
965 1380
966 1489
966 1710
966 1963
967 1374
967 1429
967 1603
967 1971
968 1268
968 1557
969 1412
971 1201
971 1360
972 1320
972 1766
972 1921
972 1939
973 1495
973 1899
974 1064
974 1111
974 1606
974 1668
975 976
975 1557
976 1500
976 1774
976 1956
977 1175
977 1200
978 1073
978 1352
978 1814
979 1392
979 1528
979 1671
980 1004
980 1025
980 1132
980 1853
980 1969
982 1222
982 1565
984 1120
984 1217
984 1529
984 1646
984 1911
985 1889
987 1229
987 1520
988 1388
988 1390
989 1094
990 1199
990 1567
990 1847
990 1862
991 1112
991 1924
992 1016
992 1141
992 1426
992 1956
993 1198
993 1399
994 1394
994 1966
995 1414
995 1463
996 1435
996 1578
997 1098
998 1364
998 1774
998 1935
998 1965
999 1222
999 1585
999 1847
999 1924
1000 1175
1001 1194
1002 1586
1002 1768
1002 1861
1005 1227
1005 1297
1005 1397
1005 1564
1006 1483
1006 1837
1007 1041
1007 1227
1008 1525
1008 1595
1009 1970
1010 1145
1010 1782
1011 1704
1011 1754
1011 1810
1012 1022
1012 1172
1012 1480
1012 1890
1013 1331
1013 1365
1013 1808
1014 1193
1016 1925
1018 1233
1018 1444
1018 1675
1018 1728
1019 1495
1019 1835
1019 1856
1019 1956
1020 1689
1020 1745
1022 1342
1022 1959
1023 1789
1024 1193
1027 1545
1028 1951
1029 1067
1029 1164
1029 1299
1029 1611
1029 1731
1030 1179
1030 1296
1031 1596
1032 1166
1032 1297
1032 1733
1033 1797
1034 1929
1035 1144
1035 1607
1035 1820
1035 1947
1036 1295
1036 1697
1037 1563
1037 1817
1038 1119
1038 1203
1038 1969
1039 1320
1039 1767
1040 1088
1041 1355
1043 1782
1044 1774
1045 1354
1045 1694
1045 1942
1046 1146
1046 1387
1046 1422
1046 1563
1047 1717
1048 1195
1051 1380
1051 1572
1051 1923
1052 1369
1052 1493
1052 1708
1052 1830
1053 1160
1055 1771
1056 1759
1057 1098
1057 1406
1057 1606
1058 1344
1060 1144
1060 1195
1060 1371
1060 1638
1062 1482
1063 1371
1063 1500
1064 1212
1064 1407
1065 1562
1066 1598
1066 1698
1067 1250
1067 1523
1067 1735
1068 1430
1068 1501
1068 1679
1069 1413
1069 1947
1070 1901
1071 1325
1071 1791
1072 1583
1072 1816
1072 1928
1073 1481
1075 1281
1075 1661
1075 1873
1076 1153
1076 1753
1076 1947
1076 1973
1077 1206
1077 1487
1077 1688
1078 1602
1080 1428
1080 1795
1081 1091
1081 1322
1081 1952
1082 1458
1082 1600
1082 1925
1083 1108
1083 1483
1083 1649
1083 1912
1084 1292
1084 1443
1084 1832
1085 1568
1085 1776
1086 1189
1086 1197
1087 1658
1088 1303
1089 1593
1089 1629
1089 1674
1089 1957
1090 1421
1090 1616
1090 1703
1093 1250
1093 1975
1094 1470
1095 1586
1095 1596
1096 1612
1097 1784
1097 1941
1098 1900
1099 1190
1101 1589
1102 1340
1102 1863
1102 1990
1103 1366
1103 1492
1104 1488
1104 1756
1104 1761
1106 1430
1106 1801
1107 1963
1107 1975
1109 1298
1111 1792
1112 1417
1112 1646
1112 1762
1113 1158
1113 1630
1114 1485
1115 1262
1115 1429
1115 1530
1115 1541
1115 1549
1115 1970
1116 1130
1116 1429
1116 1767
1117 1225
1118 1195
1118 1836
1119 1126
1119 1734
1120 1352
1120 1658
1121 1853
1121 1862
1122 1211
1123 1184
1123 1385
1123 1820
1124 1258
1124 1871
1125 1438
1125 1558
1126 1340
1126 1523
1126 1858
1126 1977
1127 1470
1127 1825
1127 1932
1128 1294
1128 1616
1129 1536
1131 1242
1131 1397
1131 1690
1131 1806
1131 1998
1132 1277
1132 1605
1133 1178
1133 1367
1134 1548
1134 1584
1135 1929
1136 1216
1138 1277
1138 1877
1139 1270
1140 1866
1141 1183
1141 1390
1143 1583
1144 1428
1144 1617
1145 1285
1146 1810
1147 1380
1147 1438
1147 1645
1147 1767
1147 1772
1148 1224
1148 1434
1149 1210
1150 1277
1151 1545
1151 1605
1152 1746
1152 1878
1152 1933
1153 1752
1155 1497
1155 1535
1155 1540
1155 1925
1156 1416
1156 1898
1157 1591
1159 1496
1160 1191
1160 1364
1160 1388
1161 1511
1162 1611
1162 1693
1162 1718
1162 1719
1163 1298
1163 1414
1164 1224
1165 1329
1165 1378
1165 1631
1166 1304
1166 1672
1167 1189
1167 1205
1167 1457
1167 1706
1168 1237
1168 1625
1169 1997
1170 1337
1170 1733
1171 1545
1171 1734
1172 1269
1172 1526
1172 1552
1173 1362
1173 1753
1173 1961
1174 1268
1174 1547
1175 1411
1175 1449
1175 1710
1175 1914
1179 1939
1181 1948
1182 1536
1182 1747
1182 1788
1183 1662
1183 1719
1183 1752
1184 1885
1185 1706
1186 1219
1186 1340
1186 1457
1186 1578
1186 1857
1189 1495
1189 1581
1189 1629
1190 1810
1190 1865
1192 1413
1192 1582
1192 1672
1192 1855
1193 1268
1193 1373
1193 1628
1194 1259
1194 1966
1195 1282
1195 1402
1195 1658
1197 1611
1197 1767
1198 1405
1199 1313
1199 1573
1200 1270
1201 1592
1201 1812
1202 1216
1202 1538
1202 1629
1203 1681
1203 1943
1203 1949
1204 1271
1204 1510
1206 1582
1206 1685
1206 1733
1206 1977
1207 1846
1207 1936
1208 1966
1209 1537
1210 1757
1210 1814
1212 1583
1212 1764
1213 1268
1213 1409
1213 1619
1214 1423
1214 1715
1214 1783
1215 1373
1215 1615
1216 1466
1216 1660
1216 1676
1216 1954
1217 1559
1218 1685
1218 1779
1218 1921
1220 1440
1222 1460
1222 1641
1223 1700
1224 1310
1224 1700
1224 1922
1225 1871
1225 1949
1226 1228
1227 1287
1227 1617
1227 1872
1227 1899
1228 1525
1229 1258
1229 1398
1230 1775
1231 1288
1231 1563
1231 1753
1231 1979
1232 1719
1232 1853
1234 1914
1235 1762
1235 1779
1235 1865
1235 1939
1236 1484
1237 1840
1237 1861
1238 1320
1238 1707
1238 1919
1240 1699
1242 1710
1243 1300
1243 1362
1244 1677
1244 1752
1245 1648
1246 1266
1246 1357
1247 1391
1247 1533
1247 1846
1247 1859
1248 1429
1248 1751
1250 1475
1250 1576
1251 1460
1251 1851
1252 1824
1254 1282
1255 1609
1256 1793
1256 1903
1257 1497
1257 1590
1257 1869
1258 1569
1259 1262
1259 1495
1259 1732
1261 1554
1262 1521
1262 1728
1264 1496
1264 1844
1265 1484
1266 1369
1266 1629
1266 1757
1267 1355
1267 1633
1267 1755
1267 1812
1268 1461
1268 1752
1269 1781
1270 1694
1271 1776
1271 1797
1271 1937
1274 1858
1274 1955
1275 1794
1277 1310
1278 1293
1278 1521
1278 1759
1280 1867
1281 1771
1281 1858
1281 1896
1281 1923
1283 1467
1284 1305
1284 1529
1284 1987
1286 1834
1286 1856
1287 1324
1287 1358
1288 1581
1289 1644
1290 1381
1290 1765
1291 1856
1292 1507
1293 1519
1293 1698
1295 1893
1295 1937
1296 1722
1296 1832
1296 1857
1296 1944
1298 1349
1298 1600
1298 1996
1301 1551
1301 1699
1302 1884
1303 1386
1303 1669
1303 1787
1305 1717
1306 1736
1306 1818
1308 1600
1308 1797
1309 1445
1309 1496
1309 1673
1310 1452
1312 1518
1312 1875
1313 1323
1313 1521
1314 1796
1316 1514
1316 1627
1317 1411
1317 1864
1318 1674
1318 1722
1318 1862
1322 1741
1323 1418
1323 1440
1323 1478
1323 1758
1323 1845
1323 1852
1323 1999
1324 1682
1324 1834
1325 1744
1326 1827
1327 1791
1329 1721
1330 1388
1331 1381
1331 1890
1333 1698
1333 1950
1334 1673
1335 1691
1336 1392
1337 1540
1338 1716
1338 1886
1339 1828
1340 1405
1340 1686
1341 1525
1342 1752
1343 1932
1343 1935
1345 1674
1345 1913
1347 1466
1347 1609
1348 1351
1348 1735
1349 1580
1351 1672
1352 1484
1353 1755
1354 1977
1355 1437
1357 1796
1358 1622
1359 1406
1360 1392
1361 1717
1361 1913
1362 1389
1362 1485
1362 1611
1362 1639
1364 1627
1364 1686
1364 1962
1365 1570
1365 1833
1365 1917
1366 1501
1366 1566
1366 1642
1367 1539
1367 1822
1368 1852
1370 1560
1371 1410
1371 1456
1371 1721
1371 1882
1373 1960
1373 1989
1375 1725
1376 1883
1377 1523
1377 1684
1377 1716
1379 1453
1379 1721
1380 1406
1382 1562
1382 1969
1384 1519
1384 1573
1386 1653
1387 1542
1387 1603
1387 1907
1388 1532
1390 1849
1393 1651
1394 1452
1394 1654
1395 1774
1397 1469
1397 1719
1398 1575
1398 1760
1399 1577
1399 1995
1401 1690
1401 1734
1403 1546
1403 1757
1403 1810
1404 1846
1404 1914
1405 1960
1406 1887
1407 1770
1408 1896
1409 1522
1409 1676
1413 1731
1413 1833
1414 1464
1414 1966
1415 1641
1416 1532
1417 1621
1418 1812
1419 1424
1421 1859
1422 1459
1424 1656
1424 1657
1424 1988
1425 1444
1426 1573
1427 1751
1427 1938
1429 1863
1430 1611
1431 1702
1432 1945
1434 1960
1435 1937
1436 1559
1436 1933
1436 1935
1439 1642
1442 1753
1442 1948
1443 1818
1443 1822
1444 1853
1445 1455
1445 1698
1446 1494
1446 1770
1446 1942
1447 1733
1448 1510
1450 1718
1451 1579
1451 1709
1451 1822
1451 1866
1451 1994
1453 1507
1454 1925
1455 1512
1455 1561
1456 1617
1456 1711
1457 1873
1457 1996
1458 1677
1458 1937
1462 1552
1463 1915
1464 1527
1465 1543
1466 1600
1467 1877
1467 1905
1467 1986
1468 1494
1468 1882
1469 1774
1472 1708
1472 1836
1474 1711
1474 1751
1474 1836
1475 1680
1476 1939
1477 1914
1478 1516
1478 1858
1480 1794
1482 1484
1482 1526
1483 1656
1486 1663
1486 1671
1486 1776
1486 1979
1488 1702
1488 1858
1489 1864
1490 1681
1492 1731
1495 1887
1495 1914
1495 1920
1496 1546
1496 1592
1496 1623
1496 1913
1498 1727
1498 1780
1499 1562
1500 1673
1502 1659
1502 1662
1502 1897
1502 1923
1504 1566
1504 1969
1505 1741
1506 1583
1508 1568
1509 1769
1511 1889
1511 1986
1512 1592
1512 1677
1512 1787
1512 1805
1513 1757
1514 1574
1514 1593
1514 1967
1516 1753
1516 1820
1518 1947
1519 1601
1521 1866
1521 1950
1523 1678
1523 1935
1524 1603
1524 1697
1525 1912
1530 1814
1531 1705
1534 1649
1535 1694
1536 1741
1536 1760
1544 1787
1545 1561
1545 1839
1547 1744
1547 1778
1548 1577
1550 1724
1550 1893
1552 1758
1554 1571
1556 1757
1556 1946
1560 1567
1562 1862
1564 1593
1564 1989
1565 1595
1565 1998
1570 1867
1570 1976
1571 1760
1571 1945
1572 1819
1575 1950
1577 1773
1577 1800
1579 1992
1581 1959
1583 1615
1584 1812
1584 1837
1584 1844
1585 1600
1587 1788
1588 1888
1589 1780
1589 1982
1589 1984
1591 1637
1591 1679
1591 1822
1593 1653
1594 1689
1595 1607
1596 1754
1598 1715
1599 1923
1599 1970
1600 1639
1600 1980
1601 1784
1601 1825
1602 1784
1602 1853
1602 1916
1605 1851
1608 1892
1609 1807
1613 1862
1614 1906
1616 1752
1617 1792
1620 1686
1620 1944
1624 1778
1626 1647
1626 1763
1627 1638
1627 1710
1633 1929
1634 1802
1637 1920
1640 1790
1641 1662
1642 1690
1642 1742
1646 1691
1649 1727
1649 1741
1650 1739
1651 1863
1652 1741
1652 1861
1656 1724
1656 1945
1659 1834
1659 1859
1661 1786
1664 1782
1667 1736
1671 1684
1671 1735
1673 1955
1674 1991
1676 1753
1677 1966
1680 1857
1681 1876
1683 1740
1686 1708
1686 1710
1687 1706
1688 1844
1692 1979
1695 1815
1697 1878
1707 1777
1708 1728
1708 1971
1709 1937
1711 1816
1712 1770
1712 1863
1713 1900
1717 1905
1718 1759
1720 1950
1721 1984
1725 1817
1734 1764
1734 1808
1739 1800
1742 1769
1745 1872
1748 1957
1749 1794
1749 1851
1752 1803
1752 1988
1754 1808
1755 1805
1761 1977
1762 1944
1763 1783
1764 1938
1766 1977
1771 1817
1771 1824
1772 1795
1772 1817
1775 1794
1775 1934
1783 1898
1786 1787
1786 1816
1788 1929
1790 1933
1794 1982
1795 1930
1796 1913
1800 1856
1803 1847
1806 1882
1811 1899
1815 1964
1817 1933
1819 1826
1820 1823
1820 1946
1824 1998
1827 1882
1829 1867
1830 1847
1831 1876
1831 1928
1832 1862
1837 1916
1845 1874
1845 1997
1870 1983
1880 1905
1912 1925
1912 1979
1915 1947
1927 1969
1943 1963
1944 1983
1976 1996
