0 16
2 3
3 4
3 19
4 5
4 20
6 22
7 8
7 23
8 9
8 24
9 10
9 25
10 11
11 12
11 27
12 13
13 14
14 15
17 18
19 20
20 21
22 23
23 39
24 25
27 43
28 44
29 30
30 46
32 48
33 49
34 35
34 50
35 36
35 51
36 52
37 53
38 39
39 40
40 41
40 56
41 42
41 57
42 43
42 58
44 45
46 62
47 63
48 49
48 64
49 65
51 52
51 67
52 53
54 70
55 56
55 71
56 57
56 72
59 60
59 75
60 61
60 76
61 62
61 77
62 63
62 78
63 79
64 65
65 66
65 81
66 82
67 68
67 83
68 69
69 85
70 86
71 72
71 87
72 88
73 74
74 90
75 91
77 78
78 79
78 94
80 81
80 96
81 82
82 98
83 84
83 99
84 85
84 100
85 86
85 101
86 102
87 88
88 89
88 104
89 90
90 91
91 92
91 107
92 93
92 108
93 109
94 110
95 111
96 112
97 98
97 113
98 99
98 114
99 115
100 101
100 116
101 102
101 117
102 103
102 118
103 104
105 121
106 122
109 125
110 111
110 126
112 128
114 115
114 130
115 116
117 133
118 119
119 135
120 121
120 136
121 122
121 137
122 123
122 138
123 124
123 139
124 125
125 141
126 142
127 143
128 129
128 144
129 145
130 146
131 132
132 133
133 134
133 149
135 136
135 151
138 139
139 140
140 141
140 156
141 142
141 157
142 143
142 158
143 159
144 145
144 160
145 146
148 164
150 151
152 153
152 168
153 154
153 169
154 155
154 170
155 156
156 157
158 174
159 175
160 161
160 176
162 163
162 178
163 164
164 165
164 180
165 166
167 168
167 183
168 169
168 184
169 170
170 171
171 172
171 187
172 188
173 174
173 189
174 175
176 192
177 193
178 179
178 194
179 180
180 181
181 182
181 197
182 183
184 185
184 200
185 201
186 187
187 188
187 203
188 189
188 204
189 190
189 205
190 191
190 206
193 194
194 195
196 197
196 212
197 198
197 213
198 214
199 215
200 201
201 202
201 217
202 203
202 218
203 219
204 205
205 206
206 207
207 223
209 210
209 225
210 211
211 212
212 213
212 228
213 214
213 229
215 231
216 217
217 218
217 233
218 234
219 220
219 235
220 221
220 236
221 237
222 223
224 225
225 226
226 227
226 242
227 228
228 229
228 244
230 246
231 232
231 247
232 233
232 248
235 236
236 237
236 252
237 253
238 239
238 254
239 255
240 241
242 243
243 244
244 245
245 246
247 248
250 251
251 252
252 253
253 254
254 255
