0 1
0 2
0 3
0 4
0 7
0 8
0 12
0 13
0 15
0 16
0 19
0 23
0 24
0 35
0 37
0 40
0 41
0 43
0 50
0 52
0 55
0 56
0 65
0 68
0 70
0 71
0 73
0 75
0 83
0 97
0 103
0 115
0 118
0 125
0 128
0 132
0 137
0 139
0 151
0 156
0 164
0 172
0 230
0 236
0 265
0 274
0 278
0 279
0 285
0 288
0 299
0 309
0 311
0 319
0 323
0 324
0 334
0 345
0 350
0 367
0 386
0 397
0 447
0 473
0 482
0 497
0 503
0 546
0 549
0 559
0 595
0 614
0 617
0 630
0 644
0 649
0 653
0 655
0 662
0 663
0 669
0 675
0 677
0 679
0 682
0 686
0 704
0 715
0 729
0 742
0 750
0 758
0 776
0 784
0 800
0 813
0 820
0 830
0 858
0 864
0 873
0 876
0 904
0 933
0 947
0 971
0 985
0 988
0 1021
0 1030
0 1052
0 1071
0 1075
0 1079
0 1080
0 1091
0 1118
0 1162
0 1163
0 1164
0 1186
0 1192
0 1196
0 1198
0 1218
0 1264
0 1270
0 1271
0 1293
0 1308
0 1364
0 1366
0 1381
0 1386
0 1391
0 1397
0 1406
0 1417
0 1424
0 1426
0 1428
0 1431
0 1439
0 1465
0 1466
0 1489
0 1496
0 1501
0 1524
0 1535
0 1539
0 1600
0 1606
0 1621
0 1632
0 1639
0 1653
0 1660
0 1694
0 1695
0 1782
0 1811
0 1885
0 1889
0 1925
0 1944
0 1950
0 1966
0 2011
0 2034
0 2041
0 2055
0 2058
0 2068
0 2077
0 2114
0 2118
0 2125
0 2129
0 2157
0 2165
0 2229
0 2237
0 2277
0 2294
0 2300
0 2331
0 2391
0 2417
0 2427
0 2433
0 2434
0 2448
0 2459
0 2482
0 2512
0 2545
0 2546
0 2547
0 2561
0 2576
0 2589
0 2593
0 2602
0 2605
0 2617
0 2644
0 2657
0 2675
0 2698
0 2712
0 2718
0 2723
0 2730
0 2735
0 2739
0 2744
0 2749
0 2760
0 2789
0 2796
0 2880
0 2883
0 2889
0 2894
0 2910
0 2927
0 2960
0 2984
0 2990
0 3002
0 3033
0 3045
0 3047
0 3052
0 3061
0 3066
0 3100
0 3115
0 3155
0 3170
0 3201
0 3228
0 3263
0 3293
0 3309
0 3324
0 3331
0 3350
0 3360
0 3387
0 3389
0 3436
0 3450
0 3493
0 3495
0 3506
0 3514
0 3541
0 3560
0 3576
0 3577
0 3616
0 3666
0 3667
0 3675
0 3698
0 3707
0 3712
0 3721
0 3743
0 3772
0 3795
0 3823
0 3859
0 3874
0 3879
0 3953
0 3968
0 3977
0 3988
0 3994
1 2
1 5
1 6
1 8
1 10
1 11
1 16
1 17
1 18
1 21
1 22
1 25
1 34
1 36
1 38
1 39
1 40
1 43
1 45
1 48
1 49
1 58
1 61
1 64
1 65
1 83
1 86
1 92
1 101
1 108
1 109
1 114
1 117
1 123
1 135
1 139
1 140
1 146
1 151
1 161
1 174
1 180
1 187
1 190
1 192
1 206
1 207
1 209
1 218
1 225
1 226
1 232
1 233
1 247
1 252
1 275
1 303
1 308
1 319
1 320
1 321
1 326
1 329
1 330
1 338
1 359
1 370
1 371
1 387
1 394
1 398
1 399
1 406
1 408
1 410
1 419
1 439
1 440
1 448
1 456
1 458
1 463
1 466
1 470
1 472
1 475
1 479
1 483
1 486
1 488
1 496
1 498
1 504
1 506
1 512
1 519
1 530
1 539
1 556
1 560
1 568
1 569
1 581
1 587
1 603
1 606
1 608
1 611
1 612
1 613
1 617
1 624
1 635
1 641
1 642
1 658
1 664
1 688
1 691
1 702
1 711
1 723
1 747
1 749
1 760
1 767
1 768
1 782
1 783
1 784
1 785
1 788
1 796
1 801
1 807
1 809
1 812
1 823
1 834
1 851
1 856
1 881
1 885
1 886
1 903
1 904
1 910
1 914
1 932
1 936
1 957
1 964
1 966
1 969
1 973
1 974
1 989
1 1009
1 1014
1 1015
1 1027
1 1028
1 1037
1 1051
1 1052
1 1061
1 1072
1 1077
1 1084
1 1090
1 1095
1 1110
1 1112
1 1120
1 1129
1 1133
1 1137
1 1169
1 1199
1 1201
1 1213
1 1218
1 1226
1 1233
1 1235
1 1244
1 1249
1 1250
1 1253
1 1281
1 1282
1 1291
1 1302
1 1314
1 1333
1 1339
1 1342
1 1346
1 1357
1 1376
1 1403
1 1416
1 1424
1 1430
1 1437
1 1440
1 1450
1 1464
1 1468
1 1485
1 1490
1 1497
1 1502
1 1503
1 1520
1 1522
1 1529
1 1538
1 1541
1 1565
1 1578
1 1585
1 1594
1 1597
1 1617
1 1635
1 1637
1 1644
1 1657
1 1662
1 1681
1 1690
1 1698
1 1712
1 1717
1 1723
1 1727
1 1728
1 1734
1 1740
1 1749
1 1767
1 1773
1 1783
1 1801
1 1827
1 1865
1 1899
1 1909
1 1921
1 1924
1 1936
1 1955
1 1962
1 1965
1 1967
1 1984
1 2003
1 2006
1 2019
1 2020
1 2021
1 2049
1 2061
1 2065
1 2073
1 2081
1 2088
1 2101
1 2106
1 2114
1 2141
1 2167
1 2174
1 2180
1 2186
1 2195
1 2198
1 2204
1 2206
1 2263
1 2266
1 2291
1 2295
1 2299
1 2308
1 2333
1 2348
1 2364
1 2366
1 2375
1 2401
1 2403
1 2405
1 2413
1 2429
1 2461
1 2479
1 2483
1 2532
1 2535
1 2543
1 2569
1 2581
1 2589
1 2592
1 2595
1 2611
1 2625
1 2655
1 2686
1 2693
1 2702
1 2714
1 2731
1 2734
1 2771
1 2807
1 2808
1 2811
1 2816
1 2851
1 2871
1 2886
1 2887
1 2891
1 2895
1 2907
1 2920
1 2972
1 2976
1 2991
1 3010
1 3024
1 3029
1 3031
1 3033
1 3035
1 3041
1 3050
1 3055
1 3077
1 3093
1 3112
1 3123
1 3124
1 3129
1 3173
1 3202
1 3205
1 3211
1 3218
1 3235
1 3253
1 3264
1 3265
1 3278
1 3290
1 3293
1 3301
1 3304
1 3321
1 3335
1 3343
1 3348
1 3394
1 3402
1 3413
1 3446
1 3456
1 3463
1 3468
1 3484
1 3502
1 3507
1 3534
1 3538
1 3553
1 3561
1 3582
1 3593
1 3596
1 3608
1 3627
1 3638
1 3640
1 3673
1 3682
1 3697
1 3759
1 3770
1 3771
1 3775
1 3801
1 3808
1 3871
1 3879
1 3891
1 3910
1 3925
1 3934
1 3940
1 3947
1 3986
1 3996
1 3997
2 3
2 24
2 27
2 36
2 41
2 53
2 67
2 80
2 95
2 104
2 142
2 150
2 154
2 155
2 187
2 203
2 205
2 229
2 231
2 285
2 292
2 302
2 352
2 467
2 480
2 496
2 521
2 641
2 685
2 687
2 700
2 728
2 807
2 808
2 849
2 867
2 928
2 957
2 1005
2 1029
2 1036
2 1087
2 1109
2 1137
2 1231
2 1236
2 1246
2 1287
2 1311
2 1352
2 1375
2 1380
2 1390
2 1411
2 1437
2 1461
2 1519
2 1546
2 1575
2 1584
2 1597
2 1611
2 1628
2 1636
2 1737
2 1786
2 1790
2 1799
2 1811
2 1869
2 1870
2 1897
2 1902
2 1971
2 2003
2 2038
2 2233
2 2474
2 2591
2 2681
2 2751
2 2773
2 2793
2 2835
2 2860
2 2913
2 3016
2 3031
2 3089
2 3180
2 3197
2 3298
2 3310
2 3372
2 3391
2 3409
2 3637
2 3661
2 3689
2 3722
2 3759
2 3808
2 3833
2 3908
2 3929
3 4
3 5
3 6
3 7
3 9
3 11
3 14
3 25
3 31
3 34
3 37
3 42
3 59
3 61
3 62
3 63
3 70
3 71
3 79
3 87
3 93
3 96
3 107
3 113
3 116
3 123
3 133
3 141
3 144
3 156
3 157
3 174
3 179
3 196
3 205
3 210
3 214
3 215
3 216
3 219
3 223
3 231
3 232
3 240
3 241
3 243
3 244
3 246
3 284
3 302
3 304
3 315
3 316
3 322
3 325
3 327
3 336
3 342
3 355
3 366
3 373
3 393
3 417
3 418
3 434
3 435
3 438
3 439
3 448
3 453
3 463
3 470
3 472
3 494
3 531
3 533
3 535
3 537
3 553
3 573
3 575
3 590
3 596
3 605
3 613
3 623
3 625
3 631
3 647
3 671
3 686
3 705
3 708
3 714
3 723
3 733
3 736
3 739
3 744
3 761
3 762
3 776
3 788
3 790
3 795
3 800
3 823
3 832
3 855
3 871
3 882
3 889
3 896
3 935
3 951
3 956
3 960
3 967
3 1007
3 1031
3 1043
3 1044
3 1046
3 1055
3 1060
3 1065
3 1081
3 1085
3 1102
3 1111
3 1129
3 1132
3 1135
3 1158
3 1170
3 1176
3 1181
3 1185
3 1190
3 1229
3 1250
3 1273
3 1275
3 1279
3 1296
3 1311
3 1335
3 1342
3 1347
3 1355
3 1356
3 1367
3 1373
3 1417
3 1420
3 1423
3 1432
3 1448
3 1454
3 1479
3 1497
3 1513
3 1538
3 1542
3 1557
3 1575
3 1581
3 1592
3 1601
3 1607
3 1620
3 1633
3 1636
3 1641
3 1644
3 1646
3 1677
3 1687
3 1709
3 1725
3 1726
3 1736
3 1738
3 1742
3 1748
3 1752
3 1755
3 1795
3 1805
3 1852
3 1855
3 1856
3 1890
3 1915
3 1920
3 1922
3 1931
3 1932
3 1955
3 1961
3 1979
3 2008
3 2023
3 2037
3 2045
3 2052
3 2075
3 2092
3 2093
3 2108
3 2130
3 2132
3 2139
3 2199
3 2217
3 2220
3 2225
3 2233
3 2265
3 2272
3 2289
3 2303
3 2317
3 2324
3 2332
3 2369
3 2382
3 2420
3 2422
3 2451
3 2469
3 2470
3 2485
3 2492
3 2528
3 2538
3 2568
3 2577
3 2632
3 2648
3 2650
3 2658
3 2665
3 2716
3 2730
3 2772
3 2775
3 2779
3 2813
3 2832
3 2842
3 2852
3 2878
3 2904
3 2938
3 2951
3 2957
3 2980
3 2981
3 2988
3 2994
3 3004
3 3010
3 3013
3 3032
3 3096
3 3102
3 3120
3 3131
3 3149
3 3165
3 3183
3 3225
3 3229
3 3258
3 3267
3 3275
3 3280
3 3345
3 3363
3 3373
3 3377
3 3384
3 3424
3 3433
3 3465
3 3475
3 3581
3 3598
3 3600
3 3644
3 3665
3 3669
3 3678
3 3686
3 3691
3 3699
3 3723
3 3734
3 3735
3 3772
3 3813
3 3820
3 3825
3 3875
3 3887
3 3927
3 3949
3 3955
3 3963
3 3985
4 19
4 60
4 96
4 170
4 181
4 222
4 286
4 290
4 316
4 421
4 449
4 475
4 542
4 822
4 831
4 952
4 995
4 1058
4 1063
4 1274
4 1352
4 1403
4 1433
4 1573
4 1712
4 1733
4 1859
4 2013
4 2074
4 2129
4 2226
4 2413
4 2420
4 2463
4 2566
4 2637
4 2644
4 2869
4 3288
4 3310
4 3778
4 3857
4 3864
5 13
5 18
5 28
5 35
5 66
5 75
5 171
5 208
5 213
5 278
5 300
5 310
5 364
5 383
5 401
5 418
5 517
5 591
5 600
5 616
5 633
5 671
5 684
5 718
5 919
5 946
5 994
5 1056
5 1095
5 1161
5 1189
5 1303
5 1348
5 1402
5 1415
5 1512
5 1514
5 1525
5 1529
5 1586
5 1618
5 1653
5 1753
5 1820
5 1895
5 1948
5 2012
5 2046
5 2056
5 2087
5 2216
5 2394
5 2397
5 2457
5 2458
5 2493
5 2542
5 2692
5 2809
5 2906
5 2993
5 3073
5 3103
5 3212
5 3415
5 3423
5 3781
5 3810
5 3854
5 3883
5 3895
6 9
6 10
6 12
6 15
6 20
6 21
6 23
6 32
6 47
6 55
6 63
6 66
6 85
6 91
6 104
6 105
6 132
6 138
6 158
6 169
6 191
6 198
6 210
6 250
6 253
6 254
6 322
6 327
6 331
6 351
6 392
6 397
6 412
6 413
6 432
6 457
6 483
6 518
6 545
6 557
6 567
6 601
6 614
6 620
6 621
6 637
6 676
6 711
6 752
6 762
6 775
6 782
6 837
6 845
6 846
6 847
6 850
6 857
6 869
6 872
6 979
6 982
6 1125
6 1126
6 1143
6 1256
6 1316
6 1318
6 1348
6 1353
6 1359
6 1415
6 1478
6 1495
6 1530
6 1590
6 1626
6 1676
6 1680
6 1715
6 1741
6 1757
6 1765
6 1804
6 1830
6 1885
6 2008
6 2028
6 2031
6 2090
6 2112
6 2147
6 2183
6 2200
6 2209
6 2236
6 2311
6 2322
6 2411
6 2443
6 2498
6 2553
6 2572
6 2592
6 2635
6 2640
6 2642
6 2688
6 2694
6 2699
6 2717
6 2736
6 2804
6 2820
6 2838
6 2848
6 2883
6 2901
6 2946
6 2962
6 2986
6 3142
6 3195
6 3204
6 3294
6 3302
6 3331
6 3395
6 3405
6 3429
6 3449
6 3464
6 3487
6 3512
6 3587
6 3607
6 3676
6 3680
6 3703
6 3708
6 3752
6 3779
6 3787
6 3789
6 3822
6 3850
6 3874
6 3877
6 3911
6 3931
6 3937
6 3976
6 3980
7 20
7 26
7 29
7 47
7 59
7 68
7 72
7 76
7 88
7 120
7 126
7 128
7 145
7 154
7 157
7 171
7 177
7 200
7 226
7 249
7 261
7 301
7 323
7 369
7 371
7 404
7 416
7 449
7 465
7 507
7 511
7 515
7 612
7 627
7 678
7 706
7 720
7 745
7 770
7 771
7 792
7 851
7 852
7 867
7 875
7 877
7 923
7 983
7 1046
7 1055
7 1070
7 1124
7 1126
7 1157
7 1190
7 1238
7 1285
7 1298
7 1321
7 1324
7 1366
7 1382
7 1397
7 1405
7 1428
7 1481
7 1483
7 1485
7 1492
7 1499
7 1552
7 1559
7 1648
7 1652
7 1699
7 1746
7 1804
7 1844
7 1874
7 1892
7 1913
7 1924
7 1969
7 1980
7 2002
7 2097
7 2194
7 2196
7 2228
7 2241
7 2281
7 2290
7 2302
7 2385
7 2392
7 2439
7 2518
7 2520
7 2524
7 2527
7 2629
7 2633
7 2654
7 2733
7 2785
7 2805
7 2857
7 2953
7 2955
7 2956
7 2970
7 3042
7 3058
7 3059
7 3064
7 3122
7 3138
7 3183
7 3247
7 3250
7 3347
7 3405
7 3484
7 3521
7 3536
7 3554
7 3582
7 3641
7 3768
7 3780
7 3823
7 3866
7 3966
9 14
9 26
9 64
9 77
9 129
9 130
9 133
9 143
9 147
9 158
9 181
9 182
9 183
9 195
9 199
9 230
9 321
9 336
9 379
9 389
9 433
9 480
9 498
9 501
9 509
9 558
9 594
9 601
9 622
9 626
9 649
9 653
9 691
9 748
9 804
9 854
9 886
9 893
9 938
9 979
9 1010
9 1012
9 1018
9 1025
9 1083
9 1127
9 1147
9 1150
9 1165
9 1334
9 1341
9 1358
9 1393
9 1419
9 1442
9 1505
9 1578
9 1670
9 1704
9 1714
9 1742
9 1750
9 1761
9 1764
9 1847
9 1850
9 1920
9 1976
9 2014
9 2056
9 2088
9 2091
9 2144
9 2151
9 2191
9 2295
9 2305
9 2313
9 2354
9 2365
9 2370
9 2373
9 2406
9 2408
9 2411
9 2482
9 2506
9 2515
9 2545
9 2602
9 2713
9 2729
9 2801
9 2870
9 2895
9 2912
9 2966
9 2979
9 3091
9 3092
9 3175
9 3176
9 3233
9 3266
9 3311
9 3317
9 3396
9 3503
9 3568
9 3574
9 3576
9 3589
9 3590
9 3622
9 3643
9 3705
9 3747
9 3801
9 3804
9 3906
10 87
10 93
10 107
10 202
10 271
10 339
10 340
10 349
10 363
10 380
10 405
10 438
10 597
10 640
10 664
10 667
10 730
10 804
10 853
10 1019
10 1085
10 1131
10 1211
10 1283
10 1425
10 1467
10 1546
10 1646
10 1650
10 1785
10 2009
10 2026
10 2051
10 2065
10 2067
10 2113
10 2286
10 2467
10 2531
10 2710
10 2802
10 2818
10 2867
10 2878
10 2963
10 3084
10 3243
10 3262
10 3286
10 3329
10 3508
10 3525
10 3569
10 3645
10 3672
10 3724
11 111
11 305
11 317
11 446
11 507
11 1134
11 1176
11 1462
11 1663
11 1716
11 1887
11 2076
11 2084
11 2249
11 2351
11 2838
11 3007
12 22
12 46
12 53
12 218
12 431
12 479
12 586
12 623
12 755
12 873
12 1051
12 1183
12 1319
12 1790
12 1883
12 1946
12 1987
12 2258
12 2280
12 2378
12 2600
12 2706
12 2748
12 2770
12 3053
12 3615
13 29
13 67
13 80
13 194
13 204
13 233
13 258
13 377
13 427
13 451
13 455
13 482
13 519
13 522
13 531
13 541
13 602
13 721
13 742
13 794
13 824
13 829
13 838
13 922
13 1154
13 1281
13 1314
13 1358
13 1384
13 1410
13 1418
13 1566
13 1569
13 1593
13 1670
13 1719
13 1823
13 1850
13 1977
13 2109
13 2121
13 2150
13 2196
13 2284
13 2305
13 2376
13 2398
13 2494
13 2500
13 2503
13 2609
13 2689
13 2748
13 3096
13 3184
13 3302
13 3305
13 3315
13 3427
13 3490
13 3751
13 3754
14 33
14 38
14 44
14 51
14 60
14 78
14 84
14 97
14 117
14 148
14 163
14 164
14 182
14 227
14 244
14 262
14 264
14 266
14 268
14 272
14 274
14 283
14 332
14 346
14 347
14 366
14 399
14 400
14 433
14 442
14 455
14 532
14 541
14 551
14 554
14 580
14 592
14 596
14 619
14 628
14 666
14 734
14 741
14 756
14 781
14 786
14 874
14 875
14 906
14 908
14 1004
14 1010
14 1101
14 1114
14 1153
14 1174
14 1178
14 1232
14 1240
14 1276
14 1277
14 1297
14 1349
14 1369
14 1400
14 1420
14 1446
14 1455
14 1474
14 1561
14 1643
14 1716
14 1749
14 1766
14 1768
14 1840
14 1841
14 1981
14 1987
14 2001
14 2016
14 2054
14 2121
14 2236
14 2257
14 2320
14 2350
14 2364
14 2381
14 2408
14 2457
14 2594
14 2631
14 2667
14 2754
14 2765
14 2785
14 2821
14 2900
14 2949
14 3024
14 3071
14 3253
14 3261
14 3325
14 3360
14 3382
14 3410
14 3417
14 3421
14 3474
14 3480
14 3588
14 3604
14 3619
14 3658
14 3811
14 3836
14 3880
14 3883
14 3998
15 131
15 134
15 213
15 228
15 246
15 293
15 313
15 349
15 443
15 462
15 544
15 571
15 634
15 948
15 976
15 990
15 1093
15 1187
15 1270
15 1396
15 1429
15 1486
15 1509
15 1549
15 1651
15 1789
15 2015
15 2066
15 2154
15 2357
15 2916
15 2984
15 3011
15 3027
15 3102
15 3158
15 3164
15 3246
15 3456
15 3528
15 3580
16 17
16 44
16 88
16 201
16 211
16 229
16 307
16 340
16 407
16 427
16 428
16 454
16 939
16 1217
16 1392
16 1654
16 1735
16 1923
16 2337
16 2486
16 2490
16 2493
16 2539
16 2541
16 2632
16 2822
16 2882
16 2893
16 3006
16 3030
16 3080
16 3114
16 3297
16 3383
16 3502
16 3728
17 2501
17 2729
17 2788
17 3740
18 245
18 265
18 305
18 396
18 513
18 839
18 855
18 966
18 1093
18 1237
18 1513
18 1709
18 1726
18 1736
18 1775
18 1791
18 1954
18 2527
18 2596
18 2961
18 3756
18 3886
19 57
19 95
19 141
19 185
19 225
19 253
19 296
19 639
19 914
19 1071
19 1203
19 1234
19 1337
19 1549
19 1560
19 1685
19 1825
19 1857
19 2036
19 2136
19 2227
19 2601
19 2645
19 2826
19 2975
19 3069
19 3285
19 3523
19 3548
19 3595
19 3650
19 3750
19 3890
19 3903
20 31
20 119
20 160
20 176
20 178
20 194
20 221
20 286
20 297
20 358
20 379
20 398
20 408
20 432
20 516
20 522
20 524
20 561
20 595
20 599
20 633
20 698
20 704
20 771
20 797
20 830
20 844
20 870
20 898
20 1003
20 1059
20 1067
20 1138
20 1219
20 1251
20 1258
20 1395
20 1416
20 1468
20 1554
20 1574
20 1689
20 1699
20 1705
20 1787
20 1905
20 1993
20 2029
20 2106
20 2128
20 2138
20 2141
20 2203
20 2301
20 2346
20 2422
20 2489
20 2544
20 2576
20 2725
20 2807
20 2812
20 2840
20 2852
20 2864
20 2936
20 2981
20 3095
20 3150
20 3193
20 3196
20 3219
20 3367
20 3579
20 3585
20 3674
20 3721
20 3805
20 3821
20 3851
20 3914
21 33
21 125
21 271
21 295
21 342
21 576
21 1304
21 1357
21 1548
21 1559
21 1988
21 2092
21 2119
21 2978
21 3171
21 3469
21 3854
22 378
22 970
22 1136
22 1364
22 1443
22 1504
22 1830
22 2107
22 2314
22 2599
22 3116
22 3294
22 3470
22 3486
22 3969
23 27
23 28
23 30
23 46
23 50
23 58
23 76
23 79
23 86
23 89
23 94
23 113
23 131
23 142
23 146
23 162
23 177
23 189
23 197
23 234
23 242
23 291
23 309
23 339
23 353
23 370
23 382
23 419
23 423
23 481
23 486
23 555
23 610
23 637
23 639
23 659
23 679
23 688
23 692
23 700
23 739
23 753
23 758
23 759
23 764
23 765
23 772
23 774
23 780
23 781
23 817
23 835
23 850
23 884
23 900
23 967
23 995
23 999
23 1076
23 1099
23 1128
23 1142
23 1177
23 1178
23 1233
23 1242
23 1300
23 1365
23 1376
23 1395
23 1423
23 1427
23 1429
23 1499
23 1507
23 1528
23 1537
23 1558
23 1574
23 1580
23 1614
23 1616
23 1619
23 1620
23 1634
23 1647
23 1693
23 1766
23 1812
23 1840
23 1855
23 1946
23 2009
23 2024
23 2059
23 2100
23 2120
23 2158
23 2160
23 2226
23 2301
23 2352
23 2367
23 2454
23 2480
23 2484
23 2499
23 2503
23 2525
23 2547
23 2594
23 2606
23 2613
23 2663
23 2687
23 2691
23 2788
23 2809
23 2816
23 2833
23 2930
23 3022
23 3045
23 3081
23 3177
23 3192
23 3234
23 3262
23 3278
23 3289
23 3406
23 3566
23 3606
23 3643
23 3680
23 3756
23 3802
23 3838
23 3885
23 3890
23 3903
24 30
24 42
24 90
24 237
24 287
24 414
24 502
24 574
24 622
24 803
24 942
24 961
24 1076
24 1100
24 1173
24 1610
24 1831
24 1844
24 2133
24 2327
24 2651
24 2815
24 3234
24 3406
24 3618
25 32
25 39
25 73
25 436
25 514
25 589
25 722
25 787
25 794
25 1035
25 1266
25 1317
25 1456
25 1512
25 1724
25 1737
25 1803
25 2025
25 2498
25 3030
25 3063
25 3065
25 3340
25 3470
25 3638
25 3769
26 188
26 777
26 2931
26 3211
27 85
27 111
27 186
27 192
27 313
27 404
27 460
27 478
27 500
27 798
27 801
27 890
27 912
27 960
27 962
27 1008
27 1020
27 1039
27 1084
27 1103
27 1295
27 1542
27 1720
27 1970
27 2122
27 2176
27 2258
27 2342
27 2383
27 2606
27 2760
27 2823
27 2833
27 2922
27 2923
27 3147
27 3165
27 3191
27 3209
27 3396
27 3519
28 82
28 122
28 257
28 262
28 292
28 374
28 888
28 953
28 956
28 975
28 1033
28 1324
28 1445
28 1962
28 1986
28 2002
28 2053
28 2242
28 2256
28 2393
28 2567
28 2678
28 2915
28 3065
28 3147
28 3206
28 3254
28 3433
28 3539
28 3784
29 1360
29 3460
30 2064
30 3075
31 681
31 913
31 1148
31 1484
31 1707
32 45
32 716
32 754
32 1159
32 1207
32 1534
32 2416
32 2897
32 3730
32 3939
33 1392
33 1867
34 78
34 2253
34 2354
35 135
35 153
35 219
35 223
35 247
35 368
35 389
35 467
35 629
35 773
35 803
35 877
35 882
35 1053
35 1061
35 1117
35 1138
35 1191
35 1258
35 1362
35 2396
35 2520
35 2621
35 2661
35 2696
35 2739
35 2745
35 2762
35 3006
35 3089
35 3167
35 3248
35 3280
35 3392
35 3562
35 3709
35 3710
35 3777
35 3889
36 48
36 54
36 106
36 122
36 124
36 166
36 173
36 184
36 199
36 220
36 235
36 259
36 264
36 314
36 332
36 344
36 362
36 363
36 369
36 374
36 436
36 460
36 491
36 492
36 509
36 523
36 540
36 709
36 712
36 786
36 817
36 898
36 907
36 945
36 988
36 1096
36 1183
36 1206
36 1275
36 1276
36 1309
36 1336
36 1444
36 1508
36 1523
36 1531
36 1550
36 1558
36 1563
36 1603
36 1645
36 1661
36 1692
36 1731
36 1807
36 1813
36 1868
36 1940
36 1970
36 2084
36 2105
36 2270
36 2304
36 2311
36 2319
36 2394
36 2414
36 2451
36 2456
36 2555
36 2612
36 2618
36 2628
36 2656
36 2784
36 2953
36 3008
36 3048
36 3212
36 3279
36 3320
36 3540
36 3640
36 3776
36 3839
36 3966
37 52
37 77
37 153
37 188
37 224
37 260
37 272
37 343
37 662
37 951
37 1313
37 1489
37 1619
37 2284
37 2287
37 2294
37 2515
37 2519
37 2676
37 2703
37 2949
37 3225
37 3259
37 3566
38 54
38 56
38 91
38 118
38 159
38 165
38 193
38 197
38 235
38 315
38 338
38 372
38 469
38 598
38 652
38 693
38 768
38 837
38 912
38 977
38 1121
38 1157
38 1320
38 1326
38 1812
38 1880
38 1996
38 1999
38 2078
38 2101
38 3332
38 3386
38 3628
38 3639
38 3676
38 3725
38 3785
39 100
39 184
39 312
39 334
39 862
39 997
39 1371
39 1473
39 1527
39 1729
39 2815
39 3124
39 3378
40 49
40 69
40 136
40 147
40 166
40 175
40 215
40 276
40 572
40 607
40 730
40 864
40 1249
40 1265
40 1389
40 1511
40 1684
40 1688
40 1739
40 1968
40 2177
40 2272
40 2335
40 2536
40 2663
40 2670
40 2704
40 2715
40 3110
40 3572
40 3829
41 81
41 168
41 227
41 241
41 495
41 777
41 909
41 989
41 1062
41 1255
41 1284
41 1527
41 1846
41 2183
41 2197
41 2218
41 2345
41 2445
41 2484
41 2530
41 2666
41 2709
41 2945
41 3105
41 3123
41 3194
41 3452
41 3538
41 3726
41 3973
42 212
42 403
42 2014
42 3206
43 72
43 137
43 356
43 577
43 770
43 1180
43 1219
43 1413
43 1938
43 2559
43 3549
43 3922
43 3952
43 3971
43 3976
44 167
44 413
44 484
44 505
44 1532
44 1825
44 2043
44 2193
45 134
45 216
45 237
45 280
45 415
45 848
45 1349
45 2511
45 2537
46 89
46 106
46 207
46 565
46 926
46 1141
46 1287
46 1762
46 1808
46 1901
46 1915
46 1938
46 1977
46 2170
46 2367
46 2504
46 2560
46 2742
46 2918
46 3068
46 3420
46 3511
47 51
47 62
47 126
47 393
47 1665
47 3924
48 100
48 228
48 361
48 437
48 490
48 884
48 955
48 1167
48 1268
48 1373
48 1758
48 2119
48 2665
48 2766
48 2942
48 3387
48 3435
48 3444
48 3632
48 3807
49 320
49 593
49 1011
49 1163
49 1185
49 1589
49 1671
49 1677
49 2434
49 2599
49 2828
49 3568
49 3764
50 74
50 98
50 165
50 395
50 428
50 512
50 543
50 658
50 831
50 861
50 1374
50 1438
50 1457
50 1469
50 1472
50 1702
50 2863
50 3256
50 3382
50 3401
50 3439
50 3550
50 3664
50 3980
51 57
51 116
51 388
51 526
51 576
51 646
51 657
51 934
51 1063
51 1151
51 1168
51 1427
51 1514
51 1708
51 2138
51 2776
51 2795
51 3044
51 3175
52 492
52 2323
52 2417
52 2440
52 2700
52 3307
52 3518
53 84
54 102
54 186
54 220
54 358
54 847
54 1104
54 1321
54 1942
54 1988
54 2070
54 2074
54 2204
54 2450
54 2667
54 3311
54 3366
54 3386
54 3398
55 609
55 1318
56 149
56 239
56 435
56 461
56 626
56 1150
56 1316
56 1478
56 1521
56 1641
56 1951
56 2163
56 2339
56 2390
56 2689
56 3497
56 3826
57 69
57 251
57 791
57 816
57 1482
57 1655
57 1781
57 1921
57 2142
57 2436
57 2792
57 2860
57 3282
57 3811
57 3841
58 82
58 92
58 510
58 665
58 684
58 2049
58 3099
59 136
59 198
59 254
59 275
59 277
59 279
59 335
59 573
59 1434
59 1526
59 1871
59 1906
59 2007
59 2407
59 2481
59 2683
59 2881
59 3673
60 94
60 143
60 779
60 891
60 1139
60 1199
60 1383
60 1441
60 1895
60 1916
60 2001
60 3087
60 3375
60 3580
60 3695
60 3788
60 3902
61 99
61 127
61 145
61 410
61 526
61 793
61 1194
61 1477
61 1523
61 1592
61 1762
61 1983
61 2021
61 2467
61 3181
61 3230
61 3500
61 3535
61 3619
61 3648
62 74
62 121
62 193
62 263
62 267
62 377
62 390
62 394
62 500
62 583
62 690
62 716
62 717
62 755
62 933
62 938
62 968
62 1008
62 1043
62 1173
62 1398
62 1400
62 1530
62 1627
62 1838
62 1851
62 1881
62 2102
62 2124
62 2152
62 2198
62 2221
62 2230
62 2252
62 2326
62 2433
62 2435
62 2639
62 2647
62 2806
62 2821
62 2841
62 2851
62 2907
62 2928
62 3256
62 3296
62 3327
62 3352
62 3556
62 3610
62 3631
62 3647
62 3764
62 3852
63 1108
63 3160
64 234
64 266
64 826
64 887
64 1028
64 1623
64 1832
64 2107
64 2423
64 2525
64 2616
64 3140
64 3260
64 3496
64 3878
64 3889
66 119
66 217
66 268
66 333
66 344
66 352
66 471
66 598
66 694
66 699
66 772
66 849
66 895
66 948
66 1131
66 1160
66 1295
66 1306
66 1460
66 1654
66 1748
66 1842
66 1963
66 1985
66 2126
66 2238
66 2669
66 2680
66 2844
66 2857
66 2909
66 3261
66 3494
66 3574
68 2112
69 112
69 120
69 167
69 178
69 356
69 431
69 508
69 517
69 557
69 710
69 719
69 757
69 920
69 974
69 987
69 1039
69 1121
69 1254
69 1426
69 1441
69 1473
69 1515
69 1589
69 1919
69 2409
69 2427
69 2603
69 2636
69 2783
69 2810
69 2976
69 3063
69 3190
69 3271
69 3289
69 3352
69 3531
69 3551
69 3561
69 3720
70 90
70 298
70 511
70 1148
70 1908
70 2093
70 3662
71 105
71 112
71 170
71 291
71 615
71 640
71 778
71 829
71 984
71 1259
71 1572
71 1869
71 1917
71 2025
71 2164
71 2329
71 2604
71 2637
71 2776
71 2798
71 2909
71 2941
71 3115
71 3706
71 3710
71 3861
71 3905
72 1369
72 1621
72 2455
73 1451
73 2399
75 217
75 361
75 499
75 986
75 1195
75 1465
75 1623
75 1810
75 1949
75 2047
75 2120
75 2213
75 2289
75 2418
75 3156
75 3870
75 3872
76 276
76 3127
77 159
77 284
77 360
77 714
77 952
77 1123
77 1201
77 1778
77 2154
77 2208
77 2215
77 2487
78 108
78 109
78 114
78 152
78 173
78 200
78 289
78 318
78 357
78 405
78 445
78 459
78 603
78 625
78 680
78 806
78 811
78 833
78 921
78 987
78 1035
78 1117
78 1149
78 1161
78 1205
78 1309
78 1434
78 1480
78 1516
78 1562
78 1564
78 1647
78 1745
78 1780
78 1846
78 1973
78 1979
78 2007
78 2032
78 2127
78 2146
78 2310
78 2361
78 2425
78 2549
78 2672
78 2752
78 2935
78 3026
78 3200
78 3221
78 3317
78 3354
78 3404
78 3532
78 3752
78 3960
79 81
79 364
79 636
79 1158
79 3462
79 3529
80 98
80 155
80 382
80 416
80 550
80 570
80 582
80 731
80 822
80 866
80 1004
80 1109
80 1402
80 1451
80 1487
80 1515
80 1608
80 1629
80 1664
80 2124
80 2229
80 2321
80 2438
80 2496
80 2497
80 2548
80 2558
80 2875
80 3339
80 3419
80 3485
80 3579
80 3671
80 3716
80 3753
80 3792
80 3871
80 3934
81 221
81 300
81 318
81 437
81 471
81 515
81 607
81 808
81 871
81 1587
81 1665
81 2011
81 2023
81 2221
81 2446
81 2586
81 3021
81 3956
83 168
83 373
83 818
83 1168
83 1372
83 1386
83 1444
83 1568
83 1972
83 2591
83 2698
83 2913
83 2961
83 3235
83 3419
83 3571
84 863
84 3926
85 202
85 243
85 766
85 899
85 941
85 1031
85 1074
85 1078
85 1123
85 1230
85 1510
85 1570
85 1577
85 1852
85 1886
85 2152
85 2182
85 3376
85 3425
85 3918
86 578
87 1332
87 1896
87 2139
87 3449
88 388
88 426
88 602
88 687
88 1205
88 1307
88 2181
88 2616
88 3131
89 103
89 520
89 558
89 713
89 729
89 856
89 1640
89 2469
89 2819
89 3552
90 149
90 222
90 245
90 255
90 256
90 282
90 365
90 391
90 425
90 477
90 481
90 488
90 564
90 604
90 629
90 740
90 796
90 844
90 879
90 1019
90 1032
90 1235
90 1257
90 1277
90 1459
90 1509
90 1534
90 1839
90 1910
90 1991
90 2206
90 2271
90 2490
90 2639
90 3340
90 3374
90 3617
90 3919
91 682
92 110
92 121
92 204
92 381
92 409
92 429
92 443
92 485
92 547
92 552
92 589
92 958
92 980
92 983
92 1182
92 1339
92 1407
92 1446
92 1614
92 2143
92 2144
92 3092
92 3627
92 3765
92 3822
92 3897
92 3902
92 3958
93 110
93 115
93 270
93 326
93 385
93 528
93 544
93 604
93 791
93 1026
93 1149
93 1191
93 1210
93 1731
93 1918
93 1926
93 1986
93 2010
93 2015
93 2153
93 2365
93 2627
93 2960
93 3458
93 3488
93 3614
93 3626
93 3818
93 3897
94 1957
95 129
95 161
95 242
95 297
95 402
95 411
95 540
95 585
95 722
95 744
95 773
95 866
95 910
95 1108
95 1215
95 1225
95 1272
95 1341
95 1393
95 1459
95 1496
95 1557
95 1594
95 1678
95 1865
95 1917
95 2178
95 2215
95 2302
95 2312
95 2509
95 2538
95 2767
95 2797
95 2834
95 2837
95 3184
95 3287
95 3351
95 3747
95 3816
95 3933
96 102
97 99
97 402
97 652
97 1005
97 1345
97 1408
97 2060
97 2157
97 2232
97 2270
97 2412
97 2471
97 2563
97 2610
97 3217
98 350
98 528
98 620
98 745
98 1011
98 1390
98 1484
98 2308
98 2392
98 3512
98 3688
98 3706
98 3936
99 101
99 162
99 240
99 527
99 692
99 919
99 1266
99 2178
99 2926
99 3448
99 3663
100 1956
101 152
101 196
101 252
101 387
101 411
101 489
101 523
101 690
101 996
101 1066
101 1078
101 1091
101 1299
101 1481
101 1613
101 1888
101 1939
101 1971
101 1976
101 3357
101 3373
101 3459
101 3701
101 3709
102 1544
102 3693
102 3873
102 3909
103 273
103 578
103 605
103 766
103 972
103 1179
103 1935
103 2404
103 2512
103 2959
103 3204
103 3349
103 3485
103 3562
103 3845
105 1435
106 288
106 579
106 635
106 638
106 680
106 698
106 724
106 810
106 1365
106 1506
106 1875
106 1899
106 1927
106 2175
106 2264
106 2359
106 2530
106 2975
106 3810
107 306
107 757
107 911
107 1188
107 1777
107 1911
107 2146
107 2959
107 3069
107 3139
107 3313
107 3454
107 3553
107 3591
107 3790
108 144
108 280
108 630
108 2829
108 3906
109 138
109 907
109 1221
109 3087
109 3884
110 423
110 1439
111 148
111 185
111 290
111 378
111 1992
111 2664
111 2782
111 3244
111 3391
112 440
112 1200
112 1760
112 2388
112 2986
112 3201
113 183
113 239
113 294
113 565
113 570
113 574
113 695
113 978
113 1717
113 1819
113 1927
113 1998
113 2705
113 2848
113 2850
113 2929
113 3079
113 3303
113 3415
113 3601
113 3800
113 3832
114 474
114 2068
115 307
115 553
115 2449
115 3036
115 3075
115 3245
115 3954
116 552
116 657
116 947
116 1268
116 1396
116 2255
116 2263
116 2982
116 3938
117 124
117 258
117 303
117 422
117 487
117 546
117 584
117 926
117 937
117 1220
117 1453
117 1640
117 1900
117 2132
117 2237
117 2431
117 3208
117 3266
118 248
118 328
118 426
118 484
118 1522
118 1900
118 2288
118 3083
119 190
119 365
119 401
119 490
119 865
119 1320
119 1739
119 1771
119 1834
119 3013
119 3163
119 3384
119 3888
120 127
120 407
120 1436
120 2695
120 2966
120 3411
120 3581
120 3616
121 2347
122 3681
124 175
124 195
124 260
124 335
124 359
124 384
124 709
124 958
124 1000
124 1088
124 1120
124 1412
124 1505
124 1510
124 1605
124 1793
124 1822
124 1903
124 2123
124 2193
124 2610
124 2764
124 2817
124 3219
124 3285
124 3646
124 3760
124 3790
124 3826
124 3864
124 3868
124 3891
125 354
125 429
125 464
125 1034
125 1598
125 1708
125 1904
125 2027
125 2222
125 2336
125 2529
125 2578
125 3696
125 3893
126 306
126 1106
126 2201
126 3942
127 256
127 406
127 1378
127 1960
127 2071
127 2142
127 2239
127 2387
127 3246
127 3504
127 3783
128 189
128 250
128 281
128 678
128 760
128 944
128 1615
128 1624
128 1697
128 2181
128 2246
128 2623
128 3231
129 130
129 797
129 891
129 1989
129 3081
129 3672
129 3771
130 277
130 417
130 572
130 890
130 1721
130 2047
130 2449
130 2521
130 2676
130 3198
130 3451
131 560
131 918
131 2425
132 551
132 718
132 862
132 1272
132 1408
132 1904
132 2278
132 2573
133 331
133 727
133 950
133 1069
133 2171
134 163
134 287
134 362
134 1097
134 1119
134 2763
134 2764
134 2779
134 3481
134 3578
135 172
135 201
135 236
135 255
135 314
135 529
135 696
135 839
135 1291
135 1381
135 1388
135 1475
135 1517
135 1916
135 1959
135 1983
135 2332
135 2377
135 2488
135 2491
135 2571
135 2587
135 2732
135 2812
135 2873
135 2943
135 2945
135 3121
135 3220
136 179
136 529
136 674
136 676
136 694
136 763
136 805
136 927
136 1001
136 1436
136 1658
136 2176
136 3231
136 3244
136 3416
136 3547
136 3799
136 3896
137 140
137 238
137 273
137 283
137 325
137 360
137 375
137 536
137 724
137 753
137 827
137 859
137 909
137 949
137 977
137 1018
137 1145
137 1167
137 1214
137 1225
137 1251
137 1454
137 1576
137 1752
137 1776
137 1968
137 2062
137 2430
137 2720
137 2737
137 2881
137 3399
137 3505
138 324
138 636
138 734
138 2806
138 3040
139 1053
139 1610
141 176
141 376
141 670
141 1026
141 1796
141 2879
141 3073
141 3714
141 3814
142 1703
142 3191
142 3539
142 3671
143 150
143 206
143 294
143 295
143 296
143 310
143 330
143 354
143 487
143 501
143 737
143 752
143 814
143 843
143 944
143 1002
143 1096
143 1197
143 1209
143 1230
143 1504
143 1568
143 1751
143 1985
143 1997
143 2058
143 2061
143 2320
143 2443
143 2534
143 2575
143 2625
143 2630
143 2744
143 3001
143 3060
143 3151
143 3303
143 3522
143 3602
143 3649
143 3717
143 3718
143 3870
144 963
144 3527
145 208
145 308
145 1047
145 1576
145 1741
145 1901
145 2355
145 2450
145 2736
145 2890
145 3047
145 3758
147 1687
148 2059
148 2338
150 203
150 660
150 1145
150 1243
150 1879
150 2235
150 2279
150 2868
150 3572
150 3898
151 390
151 461
151 726
151 2466
151 2476
151 2756
151 2910
151 3397
152 160
152 238
152 380
152 581
152 666
152 821
152 878
152 1107
152 1172
152 3961
153 591
153 1579
153 2428
154 311
154 661
154 1556
154 1784
154 1995
154 2080
154 2825
154 3062
154 3336
154 3746
155 289
155 329
155 533
155 537
155 928
155 1745
155 2492
155 3693
157 2208
157 2550
157 3537
158 451
158 820
158 1304
158 2708
158 3198
159 1045
159 1298
159 1475
159 1539
159 1818
159 2143
159 2374
159 2775
159 3088
159 3104
160 191
160 422
160 1567
160 1770
160 1794
160 2568
160 2831
160 3200
161 348
161 660
161 1328
161 2502
161 3427
161 3569
162 281
162 457
162 2784
162 3608
163 597
163 2117
163 2262
164 169
164 257
164 525
164 643
164 1330
164 1556
164 1696
164 2286
164 2402
164 2574
164 3876
165 385
165 1115
165 1362
165 1470
165 1866
165 2227
165 2675
165 3774
166 740
166 953
166 1054
166 1582
166 3242
167 1579
167 1696
168 1179
168 1608
169 211
169 337
169 518
169 534
169 564
169 571
169 693
169 792
169 876
169 897
169 1048
169 1155
169 1332
169 1570
169 1600
169 1656
169 1845
169 1858
169 2022
169 2048
169 2296
169 2459
169 2508
169 2513
169 2571
169 2940
169 3148
169 3203
169 3583
170 251
170 270
170 497
170 548
170 852
170 854
170 921
170 949
170 1070
170 1155
170 1164
170 1599
170 1898
170 1912
170 1941
170 2205
170 2265
170 2274
170 2508
170 3056
170 3174
170 3190
170 3321
170 3567
170 3584
170 3677
170 3802
170 3946
172 261
172 579
172 1115
172 1224
172 1267
172 1363
172 1461
172 1849
172 2137
172 2342
172 2475
173 214
173 444
173 685
173 712
173 1290
173 1447
173 2372
173 2445
173 3038
173 3751
174 180
174 420
174 1066
174 1136
174 1767
174 1808
174 2962
174 3019
175 355
175 554
175 695
175 1045
175 1606
175 2635
175 2839
175 3514
176 577
176 747
176 1327
176 1334
176 1379
176 1858
176 2177
176 2565
176 3097
176 3306
176 3474
176 3479
176 3844
176 3887
177 333
177 447
177 452
177 562
177 600
177 1106
177 1144
177 1571
177 1964
177 2012
177 2230
177 2521
177 3101
177 3374
177 3624
178 414
178 1754
178 3272
179 1292
179 1401
180 249
180 282
180 372
180 386
180 859
180 2211
180 3719
181 656
183 1404
183 2323
184 1132
184 2997
185 1284
185 2216
185 2611
185 3497
185 3617
186 751
186 911
186 3151
186 3460
187 409
188 269
188 430
188 539
188 667
188 896
188 2297
188 2620
190 248
190 304
190 317
190 424
190 978
190 1042
190 1092
190 1764
190 2220
190 2595
190 3350
190 3371
190 3682
190 3760
190 3766
191 209
191 328
191 450
191 547
191 717
191 865
191 986
191 1370
191 1945
191 2786
191 2899
191 2904
191 3117
191 3523
191 3736
191 3788
191 3888
192 312
192 619
192 981
192 1982
192 2601
192 3107
194 1278
195 263
195 446
195 858
195 1835
195 2925
195 3171
196 212
196 441
196 474
196 3447
196 3636
196 3773
196 3781
197 2004
198 424
198 1661
198 1893
198 2145
198 3368
198 3471
198 3820
198 3848
199 510
199 3848
200 2948
201 3258
202 922
202 1401
203 445
203 993
203 1077
203 1863
203 2567
203 2716
203 2801
203 3011
203 3134
203 3862
204 384
204 561
204 677
204 842
204 1261
204 1286
204 1950
204 3097
204 3111
204 3286
204 3353
204 3924
205 343
205 3559
206 643
206 789
206 1947
206 2646
206 2808
206 3125
206 3247
207 2111
207 2363
207 2546
209 720
209 2244
209 3444
210 532
210 645
210 1637
210 1732
210 1862
210 2374
210 3270
211 403
211 550
211 651
211 810
211 1049
211 1177
211 1278
211 1384
211 1443
211 1711
211 2036
211 2400
211 2685
211 2926
211 3189
211 3295
211 3398
211 3473
211 3834
212 642
212 799
212 1965
212 1973
212 1978
212 2024
212 2390
212 2901
212 3554
212 3590
212 3625
213 1377
213 2351
214 348
214 1170
214 1872
214 2924
215 824
215 1820
215 3703
216 715
216 1006
216 1605
216 2250
218 828
218 1143
218 1751
219 224
219 351
219 538
219 632
219 741
219 1014
219 1433
219 1701
219 1935
219 1996
219 2032
219 3168
219 3370
219 3477
219 3498
220 918
220 1088
220 1757
220 1831
220 2267
220 2303
220 3129
221 728
221 2040
221 2135
221 3457
221 3705
222 1257
222 2240
222 2593
223 2431
223 2701
224 563
224 1351
224 1488
224 2044
224 2541
224 2668
224 2840
224 3227
224 3323
225 1758
226 1694
227 489
227 3279
227 3454
228 293
228 699
228 1174
228 1657
228 1705
228 1891
228 1943
228 3207
228 3547
230 627
230 1467
230 1668
230 2850
230 3516
230 3866
231 1059
231 1089
231 2033
231 2774
231 3193
232 2350
233 672
233 702
233 841
233 1595
233 1772
233 1828
233 1837
233 2487
233 3469
234 885
234 916
234 1222
234 1343
234 1627
234 2135
235 514
235 1666
235 3021
236 654
237 1490
237 1624
238 735
238 1457
238 2389
238 2790
239 505
239 524
239 650
239 1508
239 3712
240 935
240 1216
240 2231
241 259
241 345
241 400
241 673
241 993
241 1873
241 1994
241 1998
241 2535
241 2939
241 2996
241 3109
241 3691
241 3930
244 341
244 425
244 813
244 1227
244 1418
244 1862
244 2696
244 3483
245 2159
246 917
247 267
247 301
247 357
247 469
247 927
247 934
247 1139
247 1198
247 1337
247 2379
247 2614
247 3022
247 3105
247 3135
247 3369
247 3795
247 3928
248 1718
248 3941
249 298
249 454
249 466
249 610
249 832
249 950
249 954
249 985
249 1016
249 1914
249 1969
249 2030
249 2098
249 2110
249 2313
249 2328
249 2519
249 2564
249 2579
249 2583
249 2898
249 2951
249 3104
249 3412
249 3555
249 3679
249 3726
250 2026
251 1740
251 1807
251 2285
251 3542
253 542
253 2252
255 495
255 1878
255 3322
255 3702
256 269
256 1715
257 396
257 499
257 815
258 1793
259 955
259 1263
259 1445
259 3074
259 3113
262 889
263 706
263 738
263 1860
263 1974
263 2082
263 2507
264 456
265 1159
265 2402
265 2867
267 337
267 1884
267 2156
267 3028
267 3146
268 992
268 2385
270 1037
270 1210
271 376
271 450
271 789
271 1166
271 1271
271 1327
271 1675
271 1824
271 1958
271 2315
271 2540
271 2626
271 3288
271 3291
273 1200
274 1092
275 299
275 381
275 594
275 668
275 746
275 848
275 1099
275 1105
275 1553
275 1876
275 2235
275 3459
275 3631
275 3731
275 3767
277 2560
279 421
279 473
279 1664
279 2200
282 478
282 2799
282 2836
282 3791
282 3831
284 468
284 513
284 534
284 834
284 893
284 1040
284 1086
284 1133
284 1460
284 1595
285 375
285 391
285 609
285 1399
285 1421
285 1864
285 2127
285 2706
285 2774
285 3199
285 3429
286 569
286 805
286 1772
286 2038
286 3786
286 3951
289 2297
289 2447
289 2565
289 3651
290 748
290 761
290 943
290 965
290 1097
290 1181
290 1241
290 1501
290 1540
290 1560
290 2325
290 2875
290 3109
290 3132
290 3162
290 3610
291 1202
291 1206
291 2228
291 2261
291 2419
291 2439
291 2697
291 2791
291 2911
291 2963
291 2965
291 3085
293 341
293 503
293 860
293 1518
293 2145
293 2148
293 3991
294 726
294 1241
294 2210
294 2283
297 2647
298 707
298 1609
298 2054
299 583
300 1262
300 1759
301 592
301 1223
301 1545
302 353
303 367
303 628
303 710
303 732
303 775
303 802
303 819
303 899
303 1192
303 1301
303 1642
303 2169
303 2972
303 3330
303 3564
303 3609
306 1003
307 1554
307 2480
307 2483
307 2619
307 2702
307 3220
308 756
308 2171
308 3025
308 3245
309 3995
311 1928
311 2577
311 2728
311 3199
311 3345
311 3441
311 3628
311 3654
313 751
313 2617
313 2682
313 3658
314 535
314 588
314 746
314 779
314 1060
314 1162
314 1280
314 1452
314 1959
314 3448
314 3983
316 548
316 732
316 1032
316 1255
316 1567
316 1701
316 1870
316 2057
316 2182
316 2276
316 2795
316 2973
316 2999
316 3177
316 3683
316 3904
317 412
317 1728
317 1836
317 3257
318 1301
318 1368
318 3223
318 3993
319 2353
320 648
320 1029
320 1221
320 1323
320 1872
320 3488
322 1387
322 2338
323 347
323 925
323 965
323 2310
323 3036
324 415
324 931
324 1770
324 2211
324 2832
324 2897
324 2940
324 3110
324 3254
324 3668
324 3774
325 346
326 441
326 860
327 566
327 568
327 1628
329 502
329 1833
329 2905
329 3480
330 3209
331 655
331 879
331 1345
331 1353
331 2452
331 3153
331 3156
332 1082
332 2582
333 383
334 442
334 2096
334 2123
334 2341
334 3656
335 645
336 506
336 3107
336 3594
336 3817
336 3841
338 520
338 1020
338 1169
338 1246
338 1829
338 2131
338 2556
338 2558
338 2780
338 3499
338 3740
338 3743
339 3466
339 3935
339 3979
340 1406
340 1773
340 2540
340 2798
340 3098
340 3674
340 3865
341 476
341 621
341 1044
341 1322
341 2159
341 2766
341 2968
341 3034
343 368
343 434
343 656
343 819
343 2673
343 3057
345 939
345 1340
345 2889
346 1853
346 2849
348 587
350 1147
350 3753
352 392
352 1122
352 1215
352 1367
352 1584
352 1652
352 2574
352 3232
352 3646
352 3884
353 562
353 1666
355 2251
356 1146
357 3711
358 563
358 1220
358 1274
358 1422
358 1786
358 2086
358 2678
359 1649
359 1933
359 2348
359 3221
360 1958
360 3917
361 1453
361 1879
362 459
362 743
362 1532
362 2296
362 2435
362 3048
362 3297
362 3798
363 1372
364 1331
365 1064
367 1851
367 2742
368 701
368 1013
368 1690
369 2262
369 2608
376 430
376 618
376 749
376 868
376 894
376 1114
376 1308
376 2069
376 2137
376 2401
376 2967
377 462
377 477
377 632
377 795
377 809
377 1792
377 2292
377 2811
377 2932
377 3101
377 3491
379 942
379 2259
379 2724
380 2461
382 395
382 1813
382 2383
382 2415
383 458
383 525
383 701
383 836
383 840
383 905
383 1160
383 2223
383 2572
383 2800
383 2956
383 3182
383 3385
383 3482
383 3593
383 3599
383 3735
384 538
385 586
385 736
385 827
385 1195
385 1471
385 1493
385 1511
385 1524
385 1697
385 2514
385 2557
385 2908
385 3319
385 3490
385 3692
385 3856
385 3868
386 575
386 937
386 1356
386 1702
386 2464
386 2977
386 3093
386 3493
386 3688
386 3992
387 615
387 669
387 731
387 1208
387 1368
387 1410
387 2103
387 2802
388 2752
389 420
389 3072
390 3403
391 555
391 567
391 696
391 1474
391 2039
391 2747
391 3216
391 3835
391 3843
392 915
393 588
393 1047
393 1394
393 1725
393 2463
393 2561
393 2859
393 3713
394 2464
396 1073
397 1806
398 3945
399 3666
400 1447
401 868
401 1590
401 1591
401 1774
401 1815
402 1714
404 2369
407 493
407 1265
407 2685
408 825
409 1034
409 2006
409 2234
409 2316
409 3034
409 3203
409 3356
410 1140
410 2843
411 924
411 1536
411 2307
411 3461
412 452
412 504
412 1435
412 1547
412 3527
412 3565
413 634
413 1068
413 2189
413 2291
413 2588
413 2722
413 3972
414 812
414 1617
414 2044
415 465
417 798
417 1469
418 2118
419 1363
420 468
420 508
420 675
420 1409
420 1693
420 1889
420 3218
420 3392
421 582
421 1577
421 1928
421 2987
421 3300
421 3750
422 453
422 599
423 998
423 2743
424 1615
424 2453
424 2965
424 3039
424 3043
424 3797
425 663
425 1116
425 2326
427 2282
428 606
428 650
428 790
428 917
428 971
428 1588
428 1596
428 1801
428 2035
428 2050
428 2699
428 2763
428 2874
428 3055
428 3430
428 3634
428 3855
428 3863
431 981
431 3395
432 618
432 638
432 2169
432 3132
432 3545
432 3711
433 892
433 1041
433 1784
434 464
434 2979
434 3106
435 476
436 1285
436 1328
437 999
437 1382
437 1754
437 1995
437 2340
437 2790
437 3233
439 1564
439 1719
440 1050
440 2273
440 3358
441 444
441 1466
441 1551
442 1404
442 3084
442 3495
442 3657
442 3977
443 2075
443 3999
444 835
444 1414
444 1544
444 2700
444 3300
445 668
445 973
445 1124
445 1289
445 1972
445 2041
445 2085
445 2319
445 2728
445 3196
445 3445
445 3664
445 3746
446 707
446 892
446 1769
446 2095
446 2777
446 2939
446 3168
446 3598
446 3684
446 3955
447 883
447 3489
447 3932
449 888
449 2250
449 2758
449 3492
449 3851
450 646
451 485
451 673
451 1729
451 2543
451 3900
452 769
452 931
452 946
452 1638
452 1857
452 1882
452 2115
452 2873
452 2998
452 3127
452 3215
452 3741
454 816
454 1312
454 1482
454 1849
455 545
455 590
455 1196
455 1635
457 1188
457 2471
457 3606
458 1202
460 1744
460 3344
461 2437
461 3549
462 2846
462 3717
465 705
465 737
465 765
465 857
465 887
465 932
465 996
465 1171
465 1934
465 3443
465 3729
465 3990
466 556
466 1526
466 1732
466 2768
466 2786
466 2880
467 1602
467 2039
469 543
469 580
469 836
469 945
469 990
469 1069
469 1747
469 3214
469 3269
470 491
470 516
470 566
470 1057
470 1156
470 1194
470 1350
470 1440
470 1583
470 1659
470 1795
470 1810
470 1930
470 1948
470 2057
470 2173
470 2506
470 2651
470 3455
470 3555
471 1023
471 1153
471 1787
471 3195
471 3328
472 2370
472 2523
473 549
473 654
473 1040
473 1783
473 1817
473 2243
473 2430
473 3275
474 644
474 1113
474 1822
474 1823
474 2191
474 3341
475 1098
476 2447
476 3368
477 1533
477 2080
478 631
478 1306
478 1691
478 2239
478 3032
479 998
479 1905
479 1907
479 2016
479 2343
479 2993
479 3583
481 1141
482 530
482 3649
484 681
484 1267
484 1432
486 1476
486 1818
486 1999
486 2238
486 2244
486 2548
486 2719
486 2773
486 2989
486 3176
486 3506
486 3952
487 521
487 1303
487 1730
487 2147
487 2190
488 584
488 930
488 2316
488 2410
488 2587
488 2872
489 1118
489 3307
489 3765
489 3987
490 493
490 735
490 763
490 1116
490 1254
490 1672
490 1925
490 2111
490 2636
490 3605
490 3867
491 665
491 767
491 1042
491 3551
491 3609
491 3957
492 1110
493 494
493 559
493 1691
493 3023
495 1041
495 1422
495 1531
495 3766
496 2903
497 2724
498 897
498 902
498 1926
498 3534
499 1171
500 1104
500 1172
501 821
501 2876
501 2903
502 913
502 2281
502 2827
502 3804
503 585
503 1152
504 697
504 1949
504 2122
504 2396
504 3239
506 2479
506 3263
507 1898
507 3299
508 651
508 1293
509 689
509 2162
509 2231
509 2409
509 3509
510 721
510 1492
510 1768
511 661
511 1135
511 3648
513 1007
513 3004
514 1662
514 2782
515 713
515 2081
516 1080
516 1193
516 1815
516 2029
516 2684
516 2918
517 1713
517 2134
520 611
520 1317
520 2789
520 3000
520 3898
521 527
521 1134
521 1622
521 2555
525 703
525 1001
525 1543
525 2037
525 2321
525 2466
525 3049
526 2588
527 1449
527 2400
527 2757
527 3213
528 1535
529 774
529 1425
529 2707
530 2267
530 2653
532 930
532 1102
532 1710
532 1826
533 536
533 2116
535 3113
536 2304
536 3794
540 980
540 1374
540 2099
540 2944
541 593
541 1184
541 1463
541 2666
541 3931
544 750
544 1583
544 1806
544 1886
544 1953
544 2526
545 2504
546 1240
546 1286
546 2034
546 2570
546 2627
546 2937
546 2948
546 2974
546 3068
547 1821
547 3026
547 3180
548 2161
549 1105
549 2529
552 1547
552 2885
552 3950
553 1507
553 2416
554 1012
554 1022
554 2042
554 2406
554 3584
554 3633
555 2583
556 1315
556 1325
556 1477
556 1843
556 2937
561 1227
561 1756
562 1305
562 1449
562 2915
562 3834
563 683
563 1244
563 1331
564 2947
565 703
565 846
565 1669
565 1775
565 2600
565 2670
565 3359
565 3849
566 3152
567 975
567 2328
567 3738
568 624
568 1616
568 3362
569 648
569 833
569 972
569 2148
571 2796
571 3535
572 1668
572 2005
572 3494
573 3727
574 733
574 1021
574 1065
574 1371
574 1743
574 2104
574 2212
576 608
576 1025
576 1991
576 2495
579 1794
579 2108
579 2166
579 2536
579 2657
579 2682
579 3238
580 1242
581 1279
581 1503
581 1760
581 1943
581 2051
581 2210
581 2725
581 2871
581 3435
581 3532
582 1111
582 3503
585 616
585 1868
585 2256
585 2287
585 2740
585 2781
585 3564
585 3742
587 2398
588 906
588 3438
593 1151
593 1643
593 2844
594 785
594 1561
594 2442
594 2723
594 2778
594 2987
594 3070
594 3249
594 3326
594 3359
594 3526
594 3637
596 719
598 3633
600 2098
602 2476
602 2488
602 2900
604 2275
604 2631
605 2772
606 1238
606 1361
606 2869
607 2687
607 2920
607 3166
608 1521
609 1263
609 3051
610 818
613 826
613 1491
615 3882
616 3659
617 878
617 940
617 1212
617 2113
617 2686
617 3318
617 3992
619 1843
619 2906
620 1472
621 659
621 1030
621 2257
621 2345
621 3009
621 3277
622 1655
622 2318
622 3002
624 1686
624 2787
625 672
625 1519
625 2707
626 2274
627 3909
628 697
628 2149
628 2158
628 2792
628 3476
628 3800
630 725
632 769
632 1375
632 1931
632 3513
633 1841
634 647
634 1024
634 1743
634 1937
634 3299
634 3745
635 959
635 1232
635 2242
636 754
636 3725
638 1914
638 2000
638 2202
638 2371
638 2511
638 2847
640 793
641 1027
641 1800
641 3959
642 1391
643 1273
645 1087
645 2275
645 3501
646 674
646 783
646 961
646 1130
646 1682
646 2870
647 3130
648 1322
648 2814
648 3014
648 3528
648 3741
648 3807
648 3815
649 1288
649 1735
649 3441
650 863
651 1156
651 1562
651 3451
651 3578
653 1329
653 1876
653 3985
654 1336
654 1458
654 1803
654 2184
654 2362
655 3222
656 1377
656 2248
656 2436
658 2322
658 3255
659 727
659 968
659 1671
659 1788
659 2344
659 2973
661 828
661 1101
662 2164
665 1107
667 670
667 778
667 1692
670 1462
671 1673
673 689
673 1068
673 2738
673 2843
673 2886
673 3238
673 3508
674 840
674 3273
676 2166
676 2309
678 916
678 3923
680 984
680 2462
681 683
681 725
681 1555
681 1778
681 1941
681 2352
681 2680
681 2803
681 3005
681 3550
681 3907
682 1128
682 2410
682 3689
683 1302
683 2213
684 1033
685 1785
685 2741
688 2969
689 708
689 787
689 1802
689 2453
689 2749
692 1634
692 1819
692 2271
692 3450
692 3504
693 1688
693 1907
693 2761
695 2865
695 3738
698 815
698 1140
698 1216
698 2386
698 2618
699 943
700 2277
702 2384
702 3108
703 3232
704 1228
704 1978
705 1912
706 811
706 1056
706 1299
706 2628
706 3920
707 1618
707 2110
707 2194
707 2241
707 2717
707 3824
708 780
708 806
708 1223
708 1419
708 2715
708 2858
708 2912
708 2934
709 1470
710 861
710 940
710 1835
710 3483
711 1222
711 1700
711 2864
711 3511
712 738
712 969
712 1015
712 1103
712 1245
712 1310
712 1707
712 1721
712 2964
712 3122
712 3442
713 1672
713 3813
714 743
714 881
714 970
714 1050
714 1180
714 1283
714 1673
714 1848
714 2268
714 2513
714 2633
714 2701
714 2824
714 2991
714 3012
714 3274
714 3381
714 3702
714 3933
715 3325
715 3385
716 1407
716 3138
718 1723
718 3749
721 1100
721 2969
723 1863
723 1918
723 2334
723 2395
723 2564
723 3723
727 842
727 1079
727 2719
727 3867
728 1113
729 3858
730 915
730 1058
730 1175
730 1305
730 1611
730 2330
730 2542
730 2694
730 2753
730 3252
730 3755
731 2096
732 799
732 1098
732 1204
732 1520
732 1930
732 2278
732 2837
736 962
736 1413
736 2533
736 3685
737 1826
737 2375
737 2624
737 3594
738 2126
738 2820
738 3805
740 1253
740 1385
740 1536
740 1774
741 1175
741 2500
741 3252
741 3928
745 874
745 1193
745 1880
746 870
746 2477
747 1245
747 1448
747 3803
747 3989
750 900
750 1002
750 1877
750 1897
750 2448
750 2650
750 3226
751 764
751 814
751 825
751 964
751 1006
751 1048
751 1146
751 1237
751 1525
751 1573
751 1698
751 2042
751 2502
751 2641
751 3335
751 3468
751 3600
751 3827
752 1685
752 3724
753 759
753 1572
753 1631
753 2703
753 2859
753 2999
753 3432
754 2053
754 2911
754 2914
757 883
757 1875
757 1940
757 2858
757 3003
757 3078
757 3466
759 991
759 1166
759 1260
759 1596
759 1622
759 1805
759 2580
759 2652
759 3161
759 3400
760 1340
761 1017
761 2652
762 2761
762 3251
763 2783
764 895
764 1024
764 1323
765 2163
765 2224
765 2614
765 3014
765 3530
765 3885
767 1022
767 1152
767 3875
767 3967
768 1081
768 1458
768 3659
770 1282
770 2429
770 3188
771 894
771 1204
771 1347
771 1604
772 2868
772 3126
772 3880
773 1239
773 2292
774 2681
774 2946
774 3338
775 1075
775 3389
776 1154
777 1974
777 3236
778 1765
779 3111
780 880
780 925
780 1016
780 1054
780 1239
780 1679
780 1779
780 1993
780 2585
781 802
781 3313
782 1442
783 1816
785 2336
785 2855
786 1064
786 1229
787 1017
787 1488
787 1494
787 1609
787 1828
787 2475
787 2551
787 3062
787 3226
787 3242
789 2192
790 1094
790 2109
790 2737
792 992
792 3861
795 872
795 920
795 1330
795 1533
795 2246
795 2921
795 3040
795 3136
795 3216
795 3697
795 3984
796 1658
796 3478
797 1769
797 2442
798 1247
798 1280
798 1834
798 2035
798 2641
798 2746
798 3017
799 905
799 1351
799 1645
799 1853
801 2070
801 2362
802 902
802 1252
803 997
803 3260
804 1023
804 1896
804 1953
804 2140
804 2214
804 2658
805 1650
806 853
806 1452
806 1854
806 2388
806 2397
806 2732
806 2919
806 2950
806 3402
806 3683
807 1517
807 1780
808 936
808 1217
808 1269
808 2202
808 2356
808 3060
808 3900
809 1290
809 1607
809 2824
809 3701
810 1209
810 1626
810 2363
810 2731
810 3108
812 1874
812 2187
812 3170
813 838
813 869
813 901
814 2523
814 2684
816 2282
816 2898
816 3962
818 1142
818 2473
818 3860
819 2735
820 908
820 924
820 954
820 3571
821 1756
821 3630
822 843
822 3152
822 3202
822 3446
827 880
827 903
827 1892
827 2018
828 2510
829 3058
829 3618
831 2214
831 2607
831 2804
831 2914
832 841
832 1112
832 2203
834 2722
835 2125
835 2167
835 2853
836 1411
836 1629
836 1730
836 2091
836 3214
836 3517
836 3585
838 2245
838 2787
838 3732
839 1821
839 2557
839 3407
840 845
840 976
840 1256
840 1388
840 2590
840 3969
841 3215
842 2315
842 3095
843 929
843 1456
843 1676
843 1761
843 3001
845 3803
847 901
847 1675
847 2218
847 2340
847 3843
849 1248
850 1049
850 2505
850 3438
850 3596
852 994
852 1122
852 1882
852 3815
854 2454
854 2958
855 1471
855 1516
855 1734
855 2128
855 3072
855 3185
856 2185
856 2377
857 2970
857 3187
861 2619
862 1555
862 3660
863 1450
863 1565
863 2017
863 3696
864 1957
864 1980
864 2496
864 2927
864 3094
864 3330
864 3489
864 3622
865 963
866 2649
869 991
869 1755
869 1771
869 2994
870 1214
870 1248
873 3207
873 3408
874 3164
875 1518
875 3086
877 1036
877 1593
877 3983
880 1329
880 3520
881 982
881 1296
881 1380
881 2403
881 2818
881 3051
881 3837
881 3839
882 3667
882 3827
882 3912
883 3414
884 2083
884 2140
884 2269
885 1312
885 1585
885 1678
885 1763
885 1932
885 1956
885 2055
885 2393
885 2905
885 3436
886 1094
887 1072
888 1127
888 1130
888 2306
888 3112
889 1187
889 2754
889 2797
892 2168
892 2877
893 923
893 1625
893 2537
895 1814
897 1528
898 1062
899 929
899 941
899 1319
899 1405
899 2043
899 2597
899 3334
900 1165
900 2212
900 2470
900 3020
902 1057
902 1994
902 2161
904 1548
904 3964
905 2549
905 2985
905 3657
906 1038
906 1399
906 1703
906 2005
906 2170
906 2856
906 3178
906 3915
908 1000
908 1013
908 1581
908 2713
909 2100
911 959
911 1486
911 2727
912 1385
912 1543
912 3695
912 3979
913 3028
915 1335
915 2659
916 3309
920 2186
920 2750
920 3601
920 3840
921 1226
921 1344
921 1680
921 2063
921 2441
921 2556
921 3157
922 3530
923 2268
926 2254
931 1144
931 1313
931 2232
932 1604
932 2726
932 3241
932 3960
932 3973
933 1359
933 1495
933 2845
934 1086
934 3380
935 3012
937 2151
938 1074
938 2079
939 1430
940 1252
940 1722
940 2412
940 2468
940 2524
940 2710
941 1797
941 2155
946 1464
946 2136
946 2273
946 2501
948 1799
948 3146
949 2896
949 3440
949 3443
950 3228
951 3794
952 2293
953 1409
953 2300
953 2756
953 2757
953 3017
954 3715
955 1288
955 2207
956 1412
956 3463
957 1315
961 2223
961 3668
967 2134
967 2209
967 2649
968 2399
968 3314
969 1667
969 3128
972 1264
972 2620
972 2980
972 2997
973 1455
974 1073
974 2255
974 2373
975 1797
976 1660
977 1990
977 2072
977 3083
977 3510
979 3975
980 1208
980 2460
980 3369
980 3423
980 3656
981 2929
982 1038
982 1398
982 1414
982 1759
982 3507
983 1292
987 1082
991 2189
992 1228
992 1338
992 1884
992 2060
992 2359
992 2916
992 3477
992 3916
993 1189
995 1667
995 3430
997 2266
997 2677
997 3197
999 2708
999 3044
1002 1722
1002 1724
1002 2071
1002 2261
1002 2333
1002 2424
1003 3255
1006 1361
1006 2201
1006 3577
1008 1009
1008 2020
1008 3635
1008 3837
1008 3936
1010 2539
1011 2465
1012 1613
1014 2902
1016 1763
1016 2668
1016 3035
1016 3054
1016 3137
1016 3558
1016 3604
1018 3186
1020 1203
1021 1387
1021 2264
1021 3655
1022 1259
1023 1612
1023 3066
1023 3777
1028 1552
1029 1642
1029 2642
1029 3605
1029 3748
1031 1089
1031 1633
1031 3595
1033 1083
1033 3919
1034 2827
1034 2888
1034 2944
1034 3559
1035 1945
1035 1966
1035 2495
1035 3085
1036 1067
1036 1243
1036 1550
1036 2172
1036 2522
1036 2941
1036 2989
1036 3169
1039 1776
1040 1738
1040 1873
1040 2331
1040 2509
1041 2805
1042 1545
1042 2298
1042 2863
1042 3114
1043 3809
1045 2222
1045 2432
1045 3413
1045 3911
1045 3947
1046 1750
1046 2349
1047 2094
1048 1090
1048 1343
1048 1598
1048 2770
1048 3670
1052 2672
1052 3704
1054 3319
1055 1338
1057 1498
1057 1599
1057 1802
1057 3361
1059 1289
1059 1700
1059 2251
1059 3379
1059 3974
1062 2407
1064 1893
1066 3434
1067 1394
1067 2514
1070 1947
1071 2353
1071 3540
1071 3652
1072 1727
1074 1182
1074 1866
1074 1982
1074 2662
1074 3015
1075 1344
1075 3791
1077 1333
1077 1864
1077 2064
1077 3651
1080 3447
1081 1119
1081 1184
1081 1297
1081 1346
1081 1480
1081 1506
1081 1580
1081 1587
1081 1682
1081 1809
1081 1847
1081 1877
1081 2197
1081 2418
1081 2578
1081 2831
1081 3308
1081 3544
1081 3563
1081 3570
1081 3944
1082 1683
1082 2799
1083 3575
1087 1379
1087 2452
1087 3009
1087 3370
1087 3390
1087 3939
1088 3457
1089 1683
1089 2298
1090 3964
1091 1213
1091 1247
1091 2660
1093 2243
1094 1261
1096 1212
1098 2846
1098 3959
1099 1125
1099 1300
1101 2888
1101 3272
1103 2769
1103 3090
1105 3008
1106 2288
1110 1207
1110 2330
1111 3857
1113 3730
1114 3757
1115 3117
1116 3999
1118 1483
1118 2507
1118 3020
1118 3575
1121 2656
1122 2842
1122 2862
1124 1638
1124 1936
1124 1975
1124 3071
1125 1231
1125 1720
1125 2130
1125 3268
1125 3783
1125 3991
1130 1487
1130 3049
1131 2596
1131 3139
1132 1814
1132 2532
1133 2781
1135 3043
1137 1211
1137 2073
1137 2192
1137 3629
1138 3748
1143 1695
1143 2019
1143 2082
1143 2280
1143 2950
1144 3077
1147 1262
1147 1838
1148 1842
1148 2160
1148 2372
1148 3355
1148 3620
1150 2654
1150 2755
1151 1307
1151 1602
1154 1294
1154 2276
1155 2485
1155 2575
1159 1389
1162 3241
1163 3607
1164 3053
1166 1197
1167 1832
1169 3264
1171 2661
1173 1224
1173 2079
1173 3892
1175 1234
1175 1686
1175 1990
1175 1992
1175 2090
1175 3284
1176 2341
1177 3356
1178 1964
1178 2067
1179 1370
1179 1887
1179 1944
1180 1186
1180 1269
1180 3267
1180 3453
1180 3742
1181 2172
1183 2794
1184 1236
1186 1603
1187 1713
1187 1867
1187 1929
1188 1479
1191 1747
1191 3343
1192 3119
1192 3522
1196 1326
1196 1360
1200 2559
1201 2387
1201 2554
1201 2584
1203 2829
1204 2585
1205 3222
1206 3393
1208 1791
1208 3243
1210 1816
1210 2022
1210 3270
1210 3342
1211 2224
1211 2505
1211 2517
1211 2552
1211 3662
1211 3775
1212 3492
1213 2865
1214 1651
1214 1710
1214 2030
1214 2531
1214 2659
1214 3755
1217 1355
1217 3806
1218 2884
1219 3210
1221 2562
1221 2834
1221 2992
1223 2674
1226 2835
1226 3745
1226 3787
1228 1294
1228 1706
1228 1967
1228 2063
1228 3227
1231 1571
1231 2613
1238 2855
1239 1260
1239 2919
1241 1378
1242 1566
1242 3179
1242 3341
1243 3913
1244 3344
1245 1310
1245 1354
1245 2356
1246 1656
1247 2173
1248 1908
1248 2357
1250 3416
1250 3496
1251 2188
1251 2943
1254 3647
1260 3920
1263 2245
1264 3961
1265 3351
1268 1859
1270 1746
1270 1789
1271 1325
1271 1563
1274 1963
1274 3372
1274 3541
1274 3599
1278 2116
1279 2971
1282 2971
1282 3050
1286 3847
1287 1631
1287 2709
1288 1350
1288 1569
1288 2438
1288 2590
1288 2630
1290 2711
1290 3925
1292 2013
1292 2734
1293 1829
1293 3806
1299 1612
1299 2486
1299 3557
1300 1476
1300 1659
1300 3023
1300 3094
1300 3842
1300 3907
1302 1354
1303 1706
1303 2741
1303 3713
1304 3320
1305 1911
1307 1669
1307 3418
1309 1929
1309 2133
1310 1951
1311 1711
1311 2745
1311 3037
1312 1500
1312 1777
1312 3625
1314 2473
1315 1649
1316 2017
1318 2162
1319 1383
1320 1493
1323 2248
1323 3944
1324 3333
1327 2933
1327 3426
1329 1937
1329 2894
1329 3399
1333 2077
1335 2217
1336 3524
1339 2908
1340 2185
1343 1553
1350 1551
1350 1997
1350 2893
1350 3173
1353 3773
1357 2995
1359 1463
1359 2018
1359 2103
1359 2187
1359 2368
1359 2817
1359 3103
1362 3358
1363 3908
1364 1500
1364 2638
1364 3978
1365 2690
1365 3157
1366 2299
1366 2985
1367 1890
1367 3145
1371 1809
1371 2604
1371 2982
1375 2089
1375 2712
1377 1663
1377 2174
1377 2444
1378 1421
1378 3284
1378 3956
1380 1796
1382 1782
1384 1431
1384 1888
1384 3076
1384 3954
1386 3125
1386 3295
1389 1537
1389 2930
1389 3329
1389 3591
1389 3930
1393 3259
1394 1939
1394 3431
1394 3722
1404 1494
1404 3027
1404 3829
1404 3996
1405 3230
1406 1582
1406 1952
1407 2247
1407 2378
1407 2679
1407 3314
1408 1438
1409 1798
1409 3869
1411 1871
1411 2048
1411 2968
1411 3641
1411 3938
1413 3821
1414 3886
1415 1588
1415 2334
1415 3064
1415 3282
1415 3478
1416 2845
1417 1836
1419 3542
1420 1689
1420 1733
1420 1856
1420 2607
1420 3324
1420 3339
1421 2765
1424 2010
1424 3355
1425 2455
1430 3915
1433 1848
1433 3038
1433 3042
1436 1502
1437 1894
1437 3853
1440 2697
1440 3652
1442 2094
1442 2622
1442 2954
1442 3681
1443 2180
1443 2862
1443 2921
1443 3404
1443 3739
1444 3809
1445 3213
1449 1883
1450 2234
1451 2269
1451 2360
1452 3698
1453 1681
1453 2952
1454 2967
1454 3653
1454 3690
1458 2179
1459 3281
1459 3613
1462 2892
1464 1586
1464 3589
1466 1632
1466 3312
1467 2052
1467 2069
1467 2156
1467 2747
1467 2822
1467 3763
1475 3061
1479 3749
1481 1491
1481 2935
1482 2562
1483 3397
1483 3428
1485 1679
1485 1839
1486 1933
1486 2917
1487 2426
1487 2478
1488 3076
1489 3621
1490 1961
1491 1498
1493 1837
1495 1779
1495 1861
1495 2355
1495 2376
1495 2892
1495 3080
1495 3611
1498 1975
1498 3366
1499 2115
1500 2046
1500 2095
1500 2695
1501 1704
1507 2885
1508 3531
1511 3558
1519 3052
1519 3291
1519 3371
1519 3855
1520 3169
1523 1540
1525 1591
1525 3763
1531 3091
1532 3878
1536 1541
1536 1648
1537 3375
1543 3812
1548 1639
1548 2131
1548 2522
1548 2942
1548 3133
1552 1827
1558 2552
1559 3645
1561 2219
1565 1601
1565 1674
1568 2615
1568 3333
1569 1630
1569 2293
1569 2664
1569 3276
1569 3290
1569 3707
1569 3876
1569 3914
1569 3987
1570 3729
1575 1753
1575 2379
1576 1906
1576 2415
1576 2634
1576 2839
1576 3082
1576 3088
1578 1744
1578 2608
1578 2755
1578 3194
1579 1674
1579 1860
1579 2794
1579 3817
1585 2087
1585 2768
1586 3153
1586 3719
1586 3910
1588 2207
1588 2780
1588 3455
1588 3586
1590 2414
1591 3882
1595 1984
1595 3941
1597 2988
1597 3016
1597 3312
1597 3799
1598 2000
1598 2849
1598 3431
1598 3615
1599 1625
1599 1960
1603 1630
1603 1781
1603 1792
1603 2674
1606 2104
1609 2510
1610 2882
1610 3437
1610 3573
1611 2586
1611 2623
1614 3057
1618 2324
1618 2762
1619 3434
1619 3937
1620 2528
1621 2983
1623 1684
1623 3141
1623 3363
1625 2581
1625 3529
1634 1845
1634 1903
1634 2097
1634 2691
1634 3573
1636 1910
1640 3015
1640 3758
1644 2423
1644 3993
1647 1909
1647 3653
1647 3675
1648 2624
1648 3328
1649 3442
1649 3543
1650 2339
1651 2626
1653 3394
1654 2150
1654 3082
1654 3733
1660 2290
1660 3860
1661 1800
1661 2518
1664 3737
1666 2460
1668 2168
1668 2566
1668 3526
1669 2307
1669 2472
1669 2598
1669 2750
1669 2825
1669 2902
1669 3116
1669 3346
1670 2714
1671 3025
1672 2499
1673 2279
1677 1833
1677 3334
1677 3744
1680 2978
1682 2072
1683 3560
1684 2317
1684 2964
1685 2983
1685 3978
1690 2347
1692 2346
1694 3780
1695 2188
1695 2923
1697 1817
1703 2184
1703 2847
1703 3498
1703 3639
1705 2249
1705 2477
1705 2643
1705 3796
1706 1718
1707 1894
1707 2474
1707 3154
1707 3437
1710 1881
1710 2190
1710 2629
1710 2810
1710 2957
1710 2992
1710 3678
1710 3972
1711 1934
1711 3440
1712 1913
1712 2045
1712 3796
1717 3515
1718 2721
1718 2743
1722 3229
1724 2099
1725 2791
1726 2683
1726 3963
1727 3603
1727 3967
1729 2153
1729 2955
1731 3079
1734 3624
1738 3479
1739 2753
1740 1788
1740 3859
1746 2076
1746 2533
1749 1854
1753 1919
1757 3739
1758 2465
1758 3785
1759 1861
1759 3172
1759 3835
1760 3090
1763 2062
1765 3421
1769 1798
1769 1952
1769 2205
1769 2349
1769 3142
1769 3276
1769 3462
1769 3465
1769 3525
1769 3545
1770 2086
1770 3137
1772 2634
1773 2117
1773 2441
1773 3039
1773 3172
1773 3612
1778 3471
1779 2582
1780 3118
1781 2726
1787 2924
1788 2175
1788 2615
1789 2489
1789 3003
1789 3185
1792 2974
1795 3305
1799 2693
1799 3056
1801 2033
1802 3613
1807 3323
1807 3921
1808 1891
1811 2259
1813 1824
1813 2759
1813 3592
1814 2066
1814 2954
1815 1989
1815 3250
1819 3407
1821 2977
1823 2437
1824 2952
1825 1902
1827 2343
1827 2690
1827 3163
1827 3167
1827 3686
1829 3292
1829 3505
1830 3054
1832 3120
1832 3501
1833 3611
1834 3515
1834 3814
1836 2031
1838 2553
1838 3840
1839 2554
1839 2759
1844 2004
1844 2516
1844 2899
1845 3626
1847 3365
1847 3958
1849 2050
1850 2947
1851 1878
1851 2102
1852 2078
1854 2426
1862 2312
1866 3099
1866 3942
1868 2777
1870 3858
1871 2421
1873 2360
1873 3520
1877 2247
1877 2361
1877 2830
1878 3365
1879 2366
1880 2089
1881 3046
1882 3158
1883 2721
1884 2622
1884 3237
1885 1954
1885 2648
1888 2740
1888 3304
1889 2440
1892 1923
1894 2896
1894 3975
1895 3424
1899 2368
1899 3144
1903 2318
1907 3378
1907 3543
1907 3669
1909 2432
1909 3557
1910 3623
1913 1922
1913 2468
1913 2570
1913 2879
1913 3337
1914 2727
1914 3400
1916 2563
1917 1981
1917 2517
1917 2655
1921 2497
1924 3499
1925 3298
1925 3467
1929 3732
1929 3819
1933 2671
1933 2767
1933 3417
1935 2872
1935 3037
1940 1942
1940 2028
1940 2085
1940 3208
1940 3236
1940 3362
1942 3984
1943 2195
1947 3921
1950 2646
1950 3187
1950 3517
1953 2285
1953 3205
1954 2384
1954 2395
1956 3786
1958 3544
1959 3901
1962 2472
1963 3621
1964 2325
1964 2579
1965 2856
1965 3349
1966 3997
1967 2027
1969 2462
1970 2612
1972 2382
1972 2550
1972 3869
1973 2828
1979 2371
1980 2358
1984 2605
1985 3383
1986 2240
1986 2516
1986 3737
1986 3901
1989 2083
1989 2424
1989 3364
1989 3388
1992 2165
1994 2380
2000 3281
2008 3380
2008 3922
2016 3149
2017 3989
2018 3182
2019 2344
2019 2853
2021 3403
2021 3699
2025 2219
2025 2996
2025 3074
2025 3265
2025 3445
2026 2040
2026 2826
2026 3414
2026 3899
2029 3106
2029 3521
2043 3432
2043 3935
2044 3943
2045 3929
2048 2711
2048 2823
2048 3316
2049 2199
2049 2653
2049 3135
2051 2149
2053 3257
2057 2481
2059 3946
2061 2494
2061 2938
2062 2225
2063 3789
2064 3240
2065 2179
2065 2917
2066 3644
2071 2688
2083 2105
2087 2358
2087 2404
2087 2738
2090 3409
2096 2679
2096 3844
2097 3347
2098 2405
2098 2751
2099 2891
2103 3812
2106 3422
2107 2260
2107 2386
2108 3757
2110 3828
2110 3872
2114 3287
2115 2609
2115 2830
2115 3005
2116 2861
2117 2155
2117 3995
2119 3727
2123 3248
2125 2306
2126 2491
2126 2640
2128 3000
2130 3852
2136 2254
2138 3428
2138 3679
2139 2283
2141 3797
2142 2995
2142 3161
2142 3336
2143 2819
2143 3098
2143 3128
2143 3134
2150 2478
2151 2704
2151 3588
2155 2662
2156 2705
2156 2928
2159 3632
2160 3847
2162 3315
2169 3917
2171 2391
2171 2841
2172 2335
2172 2446
2172 3007
2172 3524
2183 3957
2184 3070
2186 3046
2189 3586
2190 3552
2192 2381
2194 2329
2198 3981
2204 2458
2204 3475
2204 3500
2207 3381
2210 2890
2212 2260
2213 3863
2216 2573
2216 3361
2217 3546
2219 3932
2223 3597
2227 3614
2229 2380
2238 3337
2251 3513
2252 2253
2254 2638
2254 3654
2257 2389
2260 3178
2261 2643
2264 3067
2264 3793
2267 2534
2270 2876
2270 3223
2270 3379
2271 2874
2272 2314
2273 3121
2275 3473
2276 3041
2278 2861
2278 3778
2278 3842
2279 3546
2286 3602
2288 2669
2288 3548
2289 3029
2289 3677
2294 3086
2295 2309
2296 3660
2298 3635
2301 2456
2302 3144
2302 3663
2303 3326
2307 2428
2309 3620
2310 2733
2311 2597
2311 2645
2311 3348
2315 3761
2316 2327
2318 2814
2318 3118
2320 2813
2324 2337
2324 2746
2326 3192
2330 2990
2340 3519
2341 3154
2351 3830
2352 2421
2371 2836
2375 3148
2377 3974
2382 2884
2382 3166
2395 3694
2398 3019
2400 3769
2407 2922
2408 3346
2411 3322
2413 2603
2417 2419
2417 2444
2418 3661
2425 3642
2427 2803
2427 2998
2429 2544
2432 2526
2432 2569
2435 3761
2438 3832
2439 3670
2441 3277
2445 3715
2453 2800
2453 3831
2454 2769
2458 2673
2458 2866
2462 2671
2462 3160
2462 3687
2466 3873
2471 3181
2476 3439
2477 3367
2477 3881
2482 2584
2483 2692
2483 3268
2489 3510
2511 3174
2512 3782
2517 3518
2523 3650
2529 3894
2534 2877
2534 3687
2534 3949
2536 3411
2539 3100
2548 3224
2549 2621
2550 2551
2552 3845
2553 2580
2555 2720
2555 3377
2555 3684
2558 3487
2560 2660
2561 3188
2564 3150
2569 2598
2569 3905
2580 3685
2594 3162
2595 2793
2600 3249
2607 3420
2611 3971
2613 3570
2614 3018
2614 3179
2615 2677
2617 3472
2621 2933
2624 2925
2624 3145
2624 3210
2624 3533
2625 3410
2626 3296
2626 3655
2631 3376
2634 3318
2636 3143
2637 2718
2639 3155
2639 3332
2643 3918
2646 2758
2647 3945
2650 3476
2650 3986
2651 3141
2651 3849
2653 3782
2658 2854
2658 3630
2661 3988
2664 3850
2670 3136
2671 3388
2671 3744
2671 3768
2671 3830
2672 2771
2672 3856
2677 3623
2678 3895
2680 3537
2682 3269
2689 3629
2690 3067
2690 3130
2693 3274
2698 3240
2699 3950
2700 3819
2705 2887
2715 2931
2715 3836
2716 2778
2721 2932
2723 3776
2724 3728
2752 3159
2764 3833
2765 2854
2769 3587
2769 3953
2772 3838
2774 3597
2778 3426
2785 3734
2787 3273
2788 3464
2805 3143
2806 3140
2811 3665
2816 2936
2818 2866
2818 3481
2819 3059
2825 3970
2829 3714
2831 3982
2833 3408
2834 3731
2840 3357
2842 3316
2850 3692
2852 3865
2856 3393
2858 3119
2862 3018
2865 3422
2866 3951
2868 3301
2874 3636
2878 2934
2878 3940
2881 3793
2881 3968
2884 3078
2884 3472
2884 3634
2886 3401
2888 3700
2889 3718
2895 3784
2896 3825
2897 3353
2904 3533
2911 2958
2915 3189
2928 3354
2931 3700
2948 3877
2961 3563
2962 3704
2990 3159
3004 3965
3016 3754
3022 3736
3026 3779
3032 3251
3037 3217
3037 3846
3038 3239
3058 3364
3071 3292
3075 3390
3077 3271
3087 3690
3088 3126
3102 3133
3106 3453
3106 3904
3108 3913
3111 3283
3111 3916
3114 3862
3124 3943
3143 3846
3162 3237
3162 3509
3163 3567
3163 3642
3167 3283
3183 3418
3183 3461
3184 3186
3193 3927
3193 3990
3198 3486
3205 3306
3206 3224
3206 3516
3206 3720
3218 3767
3221 3948
3230 3733
3234 3482
3236 3556
3243 3965
3249 3458
3249 3592
3256 3342
3259 3467
3259 3491
3274 3308
3274 3327
3274 3338
3281 3452
3296 3762
3303 3536
3311 3565
3321 3926
3333 3792
3340 3716
3357 3893
3372 3970
3384 3612
3399 3412
3403 3425
3407 3948
3416 3896
3448 3923
3481 3853
3494 3816
3526 3982
3543 3708
3568 3603
3588 3798
3599 3998
3610 3770
3632 3762
3658 3828
3659 3694
3673 3899
3724 3824
3727 3818
3802 3892
3831 3912
3849 3881
3859 3981
3883 3894
3939 3962
3942 3994
