0 33
0 368
0 485
0 1085
0 1856
1 352
1 743
1 952
1 1491
1 1851
2 302
2 1150
2 1210
2 1402
2 1478
2 1916
3 144
3 1031
3 1302
4 113
4 523
4 885
5 148
5 735
5 756
5 963
5 1010
5 1837
6 106
6 494
6 675
6 746
6 1668
6 1687
6 1733
7 230
7 619
7 1382
8 440
8 597
8 1533
9 109
9 557
9 1021
10 162
10 230
11 90
11 92
11 1328
11 1333
11 1645
12 389
12 761
12 1191
12 1211
12 1233
13 1394
13 1641
13 1910
14 57
14 150
14 1178
14 1207
14 1253
14 1958
15 1091
15 1227
15 1532
15 1810
16 1066
16 1860
17 381
18 1343
18 1681
18 1849
19 569
19 938
20 366
20 1181
20 1418
21 752
21 966
21 1434
21 1608
22 567
22 1591
22 1958
23 175
23 256
23 380
23 1613
23 1685
23 1772
23 1813
23 1924
23 1955
24 442
24 493
24 1231
24 1234
24 1441
24 1478
25 71
25 197
25 775
25 1187
26 1482
26 1651
27 176
27 201
27 700
27 786
27 1709
28 1385
28 1542
29 124
29 305
29 825
29 1130
29 1520
30 1684
31 727
32 161
32 583
32 654
32 813
32 1049
32 1120
32 1703
33 390
33 1429
34 1214
34 1529
35 347
35 485
35 794
35 1097
35 1167
36 74
36 186
36 1334
36 1608
37 328
37 938
37 1261
37 1587
38 488
38 1274
39 610
39 744
39 799
39 1107
39 1412
39 1509
39 1590
40 430
40 450
40 623
40 1418
40 1504
40 1508
41 319
41 423
41 748
41 1372
41 1478
41 1593
42 1114
42 1933
43 252
43 1760
44 69
44 887
44 1037
44 1969
46 491
46 1460
47 266
47 593
47 855
47 1277
49 231
49 861
49 1246
49 1487
49 1965
50 703
50 1319
50 1898
51 85
51 245
51 285
51 512
51 1115
51 1232
51 1479
51 1480
51 1864
52 522
52 1583
53 665
53 708
53 1752
54 107
54 617
54 1270
54 1794
55 803
55 1183
55 1361
55 1493
56 625
56 1410
56 1691
56 1726
57 414
57 541
57 684
57 834
57 982
57 1012
58 221
58 320
58 554
58 976
58 1647
58 1799
58 1810
59 300
59 1240
60 288
60 1440
60 1624
60 1938
60 1973
61 684
61 870
61 1092
61 1263
61 1354
61 1757
62 1345
62 1605
62 1950
63 1125
63 1373
63 1594
64 761
64 1128
64 1181
64 1460
64 1533
65 324
65 826
67 1017
67 1178
67 1365
67 1485
68 496
68 594
68 1223
68 1264
68 1268
68 1382
68 1582
69 326
69 1222
69 1462
69 1494
69 1613
69 1766
69 1860
70 84
70 217
70 315
70 711
70 793
70 1166
71 179
71 634
71 847
71 1724
71 1942
71 1984
72 1137
72 1696
73 891
73 966
73 1495
74 752
74 914
74 1425
75 819
75 964
75 1303
76 714
76 781
76 1077
76 1104
76 1883
77 89
77 103
77 151
77 787
77 877
77 1447
77 1986
78 222
78 848
78 1503
78 1884
79 303
79 488
79 595
79 618
79 1639
80 290
80 739
80 757
80 1035
80 1476
80 1537
80 1990
81 124
81 260
81 710
81 761
81 1321
81 1470
81 1973
82 420
82 997
82 1319
83 352
83 558
83 728
83 992
83 1002
83 1250
84 392
84 1197
85 135
85 212
85 321
85 585
85 1755
86 161
86 536
86 1212
86 1491
87 171
87 464
87 1972
88 1764
89 462
89 479
89 485
89 722
89 745
89 906
89 1331
89 1615
90 101
90 210
90 597
90 681
90 718
90 773
90 1378
91 561
91 1933
92 877
92 1480
92 1596
93 374
93 1019
93 1196
93 1540
94 183
94 313
94 394
94 860
95 1553
96 579
96 634
96 919
96 1114
96 1379
97 953
97 1123
97 1134
98 1003
98 1415
100 119
100 286
101 904
101 982
101 1018
102 243
102 617
102 766
102 817
102 823
102 1163
102 1702
102 1916
102 1925
103 369
103 377
103 640
103 676
103 982
103 1182
103 1809
104 733
104 788
104 1156
104 1192
104 1753
106 364
106 519
106 1017
106 1262
106 1489
107 532
107 961
107 1807
108 224
108 359
108 519
108 774
108 1414
108 1844
109 1011
109 1147
109 1206
109 1619
109 1685
110 156
110 291
110 1747
110 1752
111 1334
111 1941
112 144
112 1174
112 1185
112 1372
112 1663
113 197
113 436
114 975
114 1074
114 1249
114 1428
115 177
115 499
116 1396
116 1496
117 640
117 1168
117 1187
117 1662
117 1967
117 1981
118 222
118 314
118 1045
118 1217
118 1800
118 1912
119 187
119 1395
119 1875
120 1896
121 526
121 607
121 905
121 1065
121 1785
122 746
122 1350
122 1510
123 826
123 1840
124 154
124 703
124 781
124 793
124 1801
125 1361
126 398
126 566
126 691
126 1724
127 196
127 797
127 1897
128 656
128 728
129 153
129 319
129 956
130 479
130 508
130 935
130 1386
131 387
131 406
132 340
132 1029
133 1003
133 1055
133 1895
134 210
134 393
134 577
134 941
134 1143
134 1285
134 1371
134 1862
135 769
135 889
135 1166
135 1210
135 1225
136 238
136 345
136 1060
136 1668
136 1991
137 656
137 835
137 1040
137 1282
137 1557
138 411
138 1209
138 1409
138 1770
139 250
139 368
139 1281
139 1506
140 167
140 1097
140 1207
140 1388
141 1007
142 1022
142 1557
142 1879
142 1907
143 647
143 1723
143 1724
144 415
144 470
144 574
144 1531
144 1572
145 731
145 983
145 1831
145 1849
145 1992
146 226
146 1012
146 1253
146 1340
147 158
147 499
147 850
147 1644
148 177
148 701
148 1462
148 1583
148 1701
148 1725
148 1757
149 164
149 335
149 572
149 1158
149 1168
149 1341
150 1815
151 570
151 618
151 1385
151 1631
151 1932
152 299
152 1441
153 534
153 1092
153 1434
153 1697
154 659
154 740
155 856
155 1739
155 1984
156 302
156 1506
157 1534
157 1656
157 1910
158 1190
158 1292
158 1311
159 223
159 308
159 560
159 1922
160 207
160 754
160 812
160 1554
160 1815
161 1543
161 1799
161 1942
161 1971
162 927
163 784
163 864
163 1731
164 340
164 454
164 724
164 768
164 1189
164 1300
164 1779
164 1845
165 290
165 336
165 426
165 1579
165 1916
166 183
166 335
166 1047
166 1191
167 1270
168 335
168 1329
169 193
169 671
169 701
169 841
169 1196
169 1410
169 1580
170 1487
171 1490
172 366
172 418
172 901
172 1734
173 580
173 1418
173 1429
173 1445
173 1590
173 1608
173 1834
175 489
176 1191
176 1918
177 277
177 463
177 576
177 1034
177 1091
177 1822
178 1971
179 224
179 861
180 187
180 1551
181 368
181 825
181 1220
181 1387
181 1903
182 1051
182 1190
182 1580
183 1182
183 1791
184 319
185 399
185 512
185 547
185 1367
185 1939
186 808
186 1631
187 1108
187 1502
187 1820
188 203
188 870
188 942
188 1813
188 1885
189 231
189 851
189 1098
189 1144
190 751
191 1725
192 664
192 1052
193 745
193 896
193 1825
194 579
194 601
194 693
194 756
194 1757
195 797
195 1607
195 1840
196 214
196 623
196 1014
196 1386
196 1980
197 920
197 1172
197 1348
197 1813
197 1874
198 1662
200 467
200 1838
200 1908
200 1984
201 314
201 1302
202 1934
202 1949
203 470
203 859
203 1215
203 1847
204 364
204 532
204 583
205 490
205 708
205 894
205 923
205 1522
206 301
206 625
206 969
207 809
207 1052
207 1200
207 1928
208 341
208 625
208 725
208 919
208 1981
209 352
209 926
209 1194
209 1605
209 1636
210 1300
210 1867
210 1894
211 533
211 1155
211 1234
211 1559
212 1638
212 1736
212 1853
212 1896
213 309
213 422
213 431
213 954
214 354
214 542
214 1584
216 292
216 1016
216 1160
216 1469
216 1551
217 1617
217 1744
219 443
219 1398
220 286
220 704
220 1133
220 1431
221 964
221 1971
222 887
222 1010
222 1075
222 1987
223 838
224 1248
225 1218
225 1646
225 1841
225 1973
226 484
226 1550
226 1576
227 547
227 657
227 951
228 1473
229 489
230 794
230 965
230 1332
230 1529
231 396
231 509
231 1404
231 1656
231 1984
232 531
232 786
232 1822
234 555
234 647
234 1520
234 1641
234 1849
235 307
235 695
235 1307
236 504
236 1136
236 1973
237 592
237 763
238 348
238 415
238 704
238 1685
238 1813
239 1412
239 1591
239 1616
240 1237
241 470
241 1240
241 1850
242 454
242 1402
243 543
243 594
243 935
243 1163
243 1744
244 268
244 800
244 1229
244 1328
245 332
245 1001
246 1234
246 1273
246 1951
247 360
247 1195
247 1866
248 917
248 1531
248 1888
249 259
250 673
250 753
250 795
250 1318
250 1574
251 528
251 685
251 1181
251 1183
251 1505
252 655
252 1872
252 1938
253 529
253 1632
254 528
254 729
254 836
254 936
254 1051
254 1522
255 699
255 762
255 1239
255 1314
255 1896
255 1901
256 1847
257 690
259 732
259 780
259 921
259 1655
259 1919
259 1991
260 667
260 865
260 985
260 1096
261 446
261 1344
261 1818
262 417
262 1217
262 1573
263 981
263 1383
263 1957
264 419
264 499
264 652
264 721
264 903
265 1109
265 1569
265 1949
266 587
266 853
266 996
266 1798
266 1877
267 300
267 914
267 1362
267 1470
267 1875
268 396
268 1188
269 516
269 1341
270 1406
271 1329
271 1437
272 901
272 1003
272 1088
272 1593
272 1662
273 446
273 546
273 762
273 1864
274 381
274 498
274 1152
274 1502
274 1945
275 1253
275 1954
276 486
276 1469
276 1531
277 551
277 818
277 1106
277 1300
277 1536
277 1746
278 889
278 1459
278 1565
279 812
279 1015
279 1260
279 1824
280 959
280 1964
281 740
281 1106
281 1993
282 780
282 1361
283 309
283 1286
284 379
284 1444
285 1988
286 415
286 1122
286 1326
286 1338
286 1600
286 1779
287 1053
287 1067
288 372
288 1058
288 1101
289 397
289 638
289 1067
289 1944
290 496
291 365
291 1049
291 1055
291 1784
292 514
292 907
292 1628
292 1817
292 1950
293 323
293 1606
294 859
294 895
294 1107
294 1489
295 412
295 577
295 802
295 870
295 1615
295 1988
296 1258
296 1497
296 1509
296 1691
297 1002
297 1210
297 1252
298 1454
299 1136
299 1206
299 1584
299 1744
300 456
300 1022
300 1390
300 1766
300 1819
301 529
301 597
301 807
301 1794
301 1952
302 1633
302 1802
303 407
303 781
303 834
303 1177
304 510
304 1054
304 1517
305 724
305 1284
305 1353
305 1840
306 428
306 645
306 975
306 987
306 1044
306 1760
307 567
307 1185
307 1369
308 506
308 565
308 1050
308 1735
309 560
309 561
309 1147
309 1691
309 1732
309 1972
310 366
310 393
310 666
310 991
310 1069
310 1128
310 1252
310 1719
311 1688
312 1073
312 1209
313 385
313 637
313 1338
313 1356
314 485
314 487
314 753
314 959
314 1034
314 1468
315 544
315 715
315 1392
315 1574
315 1686
316 741
316 990
316 1893
317 1194
317 1889
317 1999
318 671
318 844
318 1317
318 1470
318 1601
318 1755
319 1291
320 684
320 1155
320 1386
321 461
321 654
321 960
321 1316
321 1333
321 1627
321 1912
321 1966
322 323
322 544
322 868
322 1174
323 1386
323 1734
324 877
324 1526
324 1913
325 673
325 1093
326 828
326 1584
327 1012
327 1025
327 1141
327 1324
327 1545
327 1885
328 368
328 507
328 1008
328 1173
329 976
329 1370
329 1817
331 777
331 1140
331 1237
332 430
332 591
332 662
332 1127
332 1184
332 1319
332 1391
333 804
333 1074
333 1147
334 1186
334 1387
334 1561
334 1600
334 1797
335 473
335 1382
335 1419
335 1597
337 540
337 693
337 985
337 1000
338 482
339 1771
339 1942
340 1390
340 1662
340 1740
341 779
341 1580
342 679
342 1650
342 1768
343 1378
344 530
344 762
344 1123
344 1187
345 513
345 1893
346 414
346 508
346 511
346 984
346 1519
346 1524
346 1924
349 766
349 1364
349 1449
351 741
352 446
352 1152
352 1624
353 718
353 838
353 960
353 987
354 369
354 1031
354 1212
354 1820
355 1615
356 367
356 881
356 1025
356 1071
356 1852
356 1914
357 603
357 737
357 1602
358 496
358 508
358 769
358 1077
358 1218
359 555
359 658
359 1022
359 1562
359 1832
360 498
360 753
360 1614
361 459
361 676
361 754
361 853
362 937
362 1395
362 1632
362 1738
363 1117
363 1588
363 1875
365 443
365 696
365 1135
365 1324
365 1590
366 639
366 826
366 961
366 968
366 1702
366 1707
367 389
367 528
367 663
367 672
367 1231
367 1630
367 1823
367 1953
368 1496
369 809
369 1562
369 1675
369 1753
369 1832
370 760
370 1379
370 1847
371 1466
371 1807
371 1922
372 890
372 1002
372 1676
373 419
373 660
373 1657
374 800
375 425
375 1727
376 482
376 1193
376 1609
376 1880
377 797
377 941
378 407
378 564
378 603
378 1812
379 1590
380 628
380 1324
380 1824
380 1871
380 1936
381 851
381 1227
381 1314
381 1531
381 1866
381 1938
381 1951
382 785
382 959
384 455
384 489
384 545
384 831
386 735
386 1898
387 610
387 1134
388 1276
388 1549
389 623
389 789
389 1080
389 1140
389 1899
390 985
390 1364
391 570
391 687
392 1366
392 1466
392 1548
393 409
393 1147
394 549
394 661
394 1655
395 702
395 1219
395 1325
395 1353
396 1974
397 720
397 729
397 1068
397 1699
398 1622
399 668
399 831
399 1337
400 1711
400 1907
401 689
401 899
401 1473
402 467
402 483
402 1345
402 1728
403 1283
403 1584
403 1970
404 924
405 1154
405 1791
406 928
406 1751
407 534
407 1674
407 1753
408 717
408 837
408 1450
408 1625
408 1830
408 1991
409 762
409 798
409 859
409 1094
409 1371
409 1518
410 1080
410 1229
410 1274
410 1509
410 1515
410 1662
411 788
411 791
411 1168
412 698
412 1065
412 1367
412 1790
413 1062
414 1131
414 1185
414 1265
414 1624
414 1882
414 1924
415 484
415 647
415 1663
415 1861
415 1902
415 1951
416 990
416 1658
417 468
417 1915
418 517
418 521
418 592
418 905
418 1001
418 1035
419 984
419 1082
419 1163
419 1412
419 1921
420 662
420 792
420 799
420 1096
420 1239
420 1286
420 1540
420 1892
421 582
421 699
421 774
421 1589
422 1254
422 1548
423 1386
423 1559
423 1861
423 1953
424 544
424 868
424 948
425 885
425 921
425 1182
425 1630
426 477
426 1033
426 1047
426 1411
426 1549
427 1003
427 1600
427 1756
427 1913
427 1996
428 1793
429 693
429 1841
430 889
430 907
430 1141
430 1195
430 1693
431 462
431 556
431 987
431 1328
431 1330
431 1683
431 1958
432 874
433 1915
434 1026
434 1124
434 1377
435 675
435 1885
436 544
436 1535
436 1889
438 497
438 866
438 872
438 1132
438 1259
438 1298
438 1365
438 1457
440 534
440 1036
440 1071
440 1192
441 449
441 570
441 1198
441 1304
442 1102
442 1200
442 1826
443 448
443 1928
444 1124
444 1769
445 1076
445 1387
446 715
446 1084
446 1703
447 649
447 675
447 1093
447 1442
448 1769
448 1972
449 821
450 655
450 1260
450 1637
450 1800
450 1993
451 737
451 882
451 981
451 1150
451 1162
451 1354
451 1975
452 854
452 1005
452 1033
452 1037
452 1638
452 1856
453 868
453 1694
454 1565
455 467
455 1004
455 1017
455 1555
455 1684
455 1999
456 484
456 977
456 1122
456 1237
457 1272
457 1547
458 1300
458 1384
458 1725
459 1123
459 1267
459 1394
459 1679
460 882
460 1477
460 1515
460 1613
461 1282
462 730
462 737
463 578
463 597
463 1245
463 1602
463 1918
464 731
464 955
464 1333
464 1375
464 1950
465 740
465 1166
465 1282
465 1546
466 563
466 1721
466 1769
466 1783
467 939
467 1610
467 1681
468 723
468 1702
469 1113
469 1724
470 1204
470 1883
471 790
471 1004
471 1330
472 595
472 1145
472 1181
472 1340
473 540
474 1679
475 990
475 1048
475 1425
475 1887
476 622
476 1350
476 1605
477 634
477 1918
478 964
478 1261
479 1328
479 1648
480 1571
480 1572
480 1981
481 770
481 789
481 1157
481 1796
481 1934
482 490
482 964
482 1270
482 1448
483 607
483 696
483 1283
483 1536
484 540
484 1428
484 1559
485 1230
485 1310
486 852
486 933
486 938
486 1042
486 1625
486 1659
487 1786
487 1795
488 773
488 1013
488 1601
488 1620
488 1782
489 1375
489 1527
490 707
490 1239
490 1271
490 1509
490 1912
491 509
491 823
491 990
491 1763
491 1827
492 1042
492 1649
492 1792
493 1126
493 1134
494 544
494 1296
494 1588
494 1696
494 1698
494 1770
495 769
495 1579
496 569
496 938
496 986
496 1346
497 977
498 737
498 965
498 1185
498 1275
498 1393
499 1333
499 1628
500 596
500 616
500 1419
501 529
501 1223
501 1421
501 1579
501 1827
501 1835
502 1541
502 1587
502 1796
503 650
503 1408
503 1992
504 622
504 845
504 996
504 1003
504 1205
505 732
505 1067
505 1068
505 1907
506 1161
506 1985
507 960
507 1138
507 1142
507 1443
507 1445
507 1567
508 993
508 1102
509 1617
510 747
510 971
510 981
510 1043
510 1209
510 1423
511 1381
511 1708
511 1810
511 1822
512 644
512 1294
512 1377
512 1464
512 1601
513 870
513 1267
514 1198
514 1408
514 1506
514 1650
515 831
515 1391
515 1783
515 1891
516 1472
516 1667
517 1312
518 998
518 1522
519 708
519 1070
519 1100
519 1806
520 700
520 809
520 829
520 947
520 1002
520 1206
520 1586
521 919
522 1397
523 644
523 1581
523 1694
523 1718
524 1185
524 1208
525 633
525 885
525 1045
525 1425
525 1694
525 1914
526 570
526 1058
526 1091
527 657
527 790
527 939
527 1301
527 1541
528 1476
528 1752
528 1865
528 1919
529 647
529 1498
529 1820
530 1557
530 1593
531 1275
531 1960
531 1970
533 906
533 1066
533 1383
534 632
534 1045
535 609
535 860
535 1848
536 634
536 1708
537 574
537 842
538 1410
538 1539
540 856
540 1241
540 1632
541 553
541 690
541 1882
542 697
543 864
543 1737
544 598
544 1343
544 1445
544 1514
545 1854
546 612
546 708
546 971
546 1086
546 1215
546 1432
546 1839
547 774
547 874
547 922
547 938
547 1085
547 1552
547 1733
547 1814
548 956
548 966
549 1481
550 634
550 1128
550 1569
551 807
551 1545
552 1101
552 1116
552 1948
553 703
553 850
553 1291
553 1394
553 1557
554 1140
554 1261
555 1816
556 811
556 1583
557 776
557 979
557 1159
557 1239
557 1256
557 1510
557 1620
557 1674
558 1356
558 1936
558 1942
559 824
560 813
561 871
561 1149
562 571
562 1727
563 1327
563 1954
564 1083
565 896
565 902
565 1450
566 576
566 1364
566 1469
567 592
567 1032
567 1091
567 1125
567 1358
567 1510
568 1347
568 1434
568 1805
569 994
570 1844
570 1906
571 716
571 803
571 1114
571 1353
571 1623
571 1938
572 630
572 1264
573 867
575 800
575 1268
575 1451
576 949
576 970
576 1279
576 1409
576 1577
577 891
578 884
578 1566
579 1370
579 1474
579 1677
580 1522
581 1627
582 640
582 680
582 1123
582 1344
583 720
583 1494
583 1939
585 901
585 1078
585 1411
586 1961
587 1843
588 930
589 1297
589 1453
590 789
591 1333
592 900
592 1053
593 1831
594 861
594 1019
594 1470
594 1887
595 1099
595 1673
596 1068
596 1822
597 1949
598 610
598 710
598 1277
598 1431
598 1703
599 1156
599 1534
600 1546
600 1554
600 1661
601 1044
601 1269
602 819
603 656
603 684
603 870
603 1144
603 1279
603 1543
604 621
604 1395
605 1307
605 1667
606 1605
607 960
607 1020
607 1034
607 1232
608 1643
609 1192
610 1439
610 1495
611 675
611 1260
611 1419
612 1615
612 1694
612 1782
613 913
614 1132
614 1219
615 733
615 867
615 1669
616 1233
617 813
617 894
617 1125
617 1480
618 1179
618 1367
618 1528
620 684
620 1506
620 1602
621 701
621 1405
621 1845
622 1247
622 1859
622 1943
623 1552
623 1900
624 1552
626 713
626 1229
626 1303
626 1425
627 887
627 1178
627 1663
627 1961
627 1968
628 659
628 1450
628 1824
630 957
630 1923
631 701
631 836
631 890
631 1595
633 935
634 804
634 1072
634 1147
634 1226
634 1559
634 1763
634 1789
636 1690
637 1795
638 705
638 1039
638 1104
638 1922
639 723
639 1496
639 1881
640 767
640 1205
640 1465
640 1522
640 1790
641 1078
641 1673
641 1781
641 1958
642 668
642 814
642 1125
642 1287
642 1609
643 1297
644 1123
645 843
645 1414
645 1658
646 729
646 930
646 952
646 1909
647 799
647 1234
647 1608
648 805
648 1336
649 706
649 736
649 946
649 1204
649 1442
651 894
651 1497
652 1019
653 1180
653 1269
655 1100
655 1289
655 1633
655 1829
656 1297
656 1320
657 1409
657 1976
657 1983
658 669
658 796
658 1398
658 1431
659 700
659 1061
660 793
660 1136
660 1180
661 860
661 1188
661 1582
662 812
662 1477
662 1497
663 701
663 948
663 1062
663 1226
663 1345
664 1135
665 837
665 1010
665 1597
666 1242
667 840
667 1159
667 1312
668 1390
668 1837
669 1867
670 1136
670 1730
671 894
671 1381
672 1200
672 1490
673 1555
673 1984
674 1672
674 1715
674 1807
675 819
676 712
676 997
676 1018
676 1690
676 1695
677 762
677 805
677 1020
677 1268
678 1230
679 1241
679 1651
679 1977
680 1252
680 1259
680 1415
680 1497
680 1512
680 1716
681 834
682 925
682 1161
682 1242
682 1420
682 1998
683 1348
683 1517
683 1537
683 1723
683 1737
684 775
684 854
684 1063
684 1860
685 1124
685 1138
685 1766
685 1865
686 980
686 1938
687 1844
688 694
688 1262
688 1405
688 1603
689 783
689 1167
689 1218
689 1505
689 1950
690 806
690 1189
690 1373
691 1291
691 1838
691 1930
692 1000
692 1321
692 1976
693 1255
693 1411
693 1488
695 744
695 1449
695 1554
695 1712
697 826
697 1056
697 1113
697 1488
698 1828
699 875
700 896
700 1320
700 1824
701 1259
701 1794
701 1902
701 1922
703 1571
703 1607
704 1035
704 1070
704 1595
704 1955
705 820
705 946
705 1082
705 1666
706 795
706 821
706 981
707 955
707 1740
708 778
708 1074
708 1288
708 1447
708 1610
709 1428
709 1443
710 1345
710 1387
710 1487
710 1709
710 1808
711 863
711 1439
712 1006
713 1286
714 877
714 1262
714 1781
714 1950
715 1006
715 1395
716 1624
717 1495
717 1721
717 1759
718 740
719 852
719 1001
719 1929
720 1756
721 1074
721 1738
722 1375
724 1605
725 1008
725 1577
725 1900
726 1016
726 1724
726 1820
727 1342
727 1911
727 1923
728 1171
728 1453
728 1910
728 1928
729 1014
729 1158
729 1812
730 1516
730 1542
730 1652
731 1301
732 782
732 1497
732 1993
734 1150
734 1578
734 1870
734 1904
735 815
735 869
736 1352
736 1608
736 1877
737 1166
738 1478
738 1788
739 769
739 1143
740 1857
740 1879
741 1048
741 1720
741 1728
741 1899
742 1145
742 1236
742 1716
743 1923
744 997
744 1027
744 1858
745 1252
745 1334
746 1749
747 972
747 1409
748 1261
749 962
749 1395
750 979
750 1034
750 1352
751 774
751 919
751 1089
751 1396
751 1510
752 1811
753 913
753 1205
753 1652
754 887
755 1780
756 1853
756 1962
757 931
757 1134
758 913
758 1135
758 1558
758 1753
759 992
759 1111
759 1513
759 1622
759 1831
760 1374
761 1174
761 1337
762 1368
763 997
763 1410
764 1173
764 1387
764 1987
765 981
765 1347
765 1671
766 864
766 976
766 1010
767 1114
767 1299
767 1483
767 1857
768 1765
769 1152
769 1474
770 1792
770 1852
771 856
771 1235
771 1350
772 847
772 919
772 1006
772 1241
772 1504
772 1902
773 1053
773 1224
773 1698
774 1121
775 1335
775 1386
775 1387
775 1575
775 1578
775 1634
775 1813
777 1480
777 1672
777 1993
778 1261
778 1292
779 827
779 946
779 1106
779 1280
779 1349
779 1461
781 953
781 1023
781 1118
782 1497
782 1528
782 1651
783 1580
784 920
784 1178
785 1100
785 1294
786 1131
786 1959
787 901
787 1154
787 1628
788 1033
788 1309
788 1868
789 1129
789 1722
789 1848
790 1235
790 1387
790 1907
791 830
791 1298
791 1946
792 981
792 1124
792 1887
793 973
793 1789
794 1024
794 1039
794 1219
794 1508
794 1637
795 890
795 1008
795 1772
795 1985
796 1674
796 1695
796 1696
796 1716
796 1975
797 1539
798 875
798 1003
798 1561
798 1762
798 1914
799 1090
799 1119
799 1347
800 1469
801 1025
801 1892
801 1969
802 1128
803 1929
804 1478
804 1518
804 1534
804 1673
805 915
805 1047
805 1263
805 1288
805 1627
806 1342
806 1534
807 1663
807 1721
808 1004
808 1182
808 1828
809 1331
809 1976
810 1090
810 1615
811 1139
811 1820
812 1359
812 1377
812 1702
812 1899
813 1557
813 1758
814 1029
814 1305
814 1611
814 1819
815 1067
816 1352
816 1511
817 1085
817 1890
818 886
818 1054
819 1107
819 1300
819 1495
819 1582
819 1634
820 1498
821 1784
822 1212
822 1457
822 1593
822 1749
822 1896
823 918
823 1504
823 1872
824 1528
824 1807
824 1886
825 856
825 922
825 946
825 1346
825 1516
826 1661
826 1716
826 1989
827 1074
827 1982
828 843
828 1062
828 1138
828 1586
828 1624
829 841
829 976
829 1832
830 1979
831 852
831 1047
831 1840
832 1005
832 1359
832 1600
832 1960
833 1494
833 1544
835 943
835 968
835 1303
835 1540
836 1151
836 1837
837 841
837 1487
837 1840
837 1955
838 1211
838 1576
838 1642
839 1373
839 1696
840 1468
841 843
841 920
841 1030
841 1238
841 1991
842 1488
842 1984
843 1244
843 1399
843 1941
844 1207
844 1723
845 1223
845 1387
845 1583
845 1715
845 1742
845 1824
846 901
846 1161
846 1658
846 1867
847 927
847 1466
847 1625
847 1783
848 1268
848 1410
848 1507
848 1668
849 1830
850 948
850 1123
850 1689
851 1402
851 1625
852 1142
852 1916
853 1113
853 1315
853 1468
853 1663
854 873
854 907
854 1091
854 1771
855 913
855 1297
855 1505
855 1588
855 1856
855 1860
856 1777
857 1307
858 1301
858 1521
858 1770
860 1551
860 1722
860 1826
861 1166
862 1031
862 1603
864 1029
864 1508
864 1598
865 989
865 1262
866 928
867 1373
867 1753
867 1952
869 887
870 958
870 1092
871 1254
871 1550
872 1368
872 1387
872 1957
873 924
873 932
873 1455
873 1622
873 1878
874 1041
875 1063
875 1117
876 901
876 1819
876 1920
877 1269
877 1844
878 1646
878 1696
879 956
879 1045
879 1258
880 1575
881 1684
882 1101
882 1173
882 1709
882 1804
882 1812
882 1848
884 1285
885 1059
885 1528
885 1589
886 1372
886 1629
887 1286
887 1374
887 1544
888 1259
888 1325
888 1455
889 952
889 1088
890 1262
890 1416
890 1982
891 1481
891 1629
892 1053
892 1581
892 1746
892 1907
893 1763
894 1022
894 1350
894 1639
897 1758
897 1796
897 1799
898 927
898 1030
898 1214
898 1259
898 1530
899 1097
900 1223
900 1792
900 1826
901 1174
901 1493
901 1604
902 1130
902 1134
902 1586
902 1696
903 1982
905 1302
906 1565
907 913
907 1337
907 1640
907 1948
907 1957
907 1985
910 952
910 1845
911 998
911 1110
912 1633
912 1662
913 1016
913 1206
913 1547
913 1571
913 1638
913 1676
913 1916
913 1941
914 1481
914 1804
914 1971
915 1519
915 1531
916 1185
917 1060
918 1289
918 1459
918 1714
918 1730
918 1999
919 927
919 1098
919 1481
919 1709
920 952
920 985
920 1031
920 1888
921 1322
923 988
923 1975
924 1017
924 1639
924 1697
925 1546
926 954
926 1112
926 1188
927 989
928 1048
928 1242
928 1948
929 1175
929 1305
929 1804
930 1841
931 1241
932 1216
932 1662
932 1987
933 999
933 1397
933 1629
933 1659
933 1762
934 1324
935 1601
936 1117
936 1367
937 1712
940 1536
940 1816
941 1069
941 1274
941 1551
941 1562
942 1067
942 1072
942 1185
942 1881
943 1160
943 1285
943 1306
943 1708
943 1716
943 1748
943 1799
944 1199
944 1986
945 1317
945 1518
946 1799
948 1986
949 1167
949 1290
949 1944
950 983
950 1270
950 1294
950 1756
950 1845
953 1076
953 1250
953 1309
953 1638
954 1380
954 1723
954 1745
956 1022
956 1896
957 1056
957 1185
957 1703
957 1892
958 1076
958 1091
958 1205
958 1278
958 1611
958 1739
959 1020
959 1284
959 1471
959 1769
959 1949
960 1237
960 1297
960 1354
962 1324
962 1397
962 1457
963 1256
963 1257
963 1741
963 1942
964 1313
964 1952
965 1158
965 1284
965 1834
967 1980
968 1487
968 1697
968 1950
969 1293
970 1179
970 1565
971 993
971 1432
972 1434
973 1396
973 1627
974 1423
975 1407
977 1381
977 1394
977 1844
978 1010
978 1386
978 1399
978 1921
978 1934
979 1421
980 1062
980 1412
981 1893
982 1202
982 1392
982 1509
982 1893
982 1977
983 1011
983 1325
983 1370
983 1669
983 1989
984 1180
984 1562
985 1947
986 1008
986 1754
987 1358
987 1660
987 1799
988 1033
988 1417
988 1694
989 1215
989 1552
990 1205
990 1804
991 1207
991 1291
991 1423
991 1688
991 1915
991 1969
992 1071
992 1869
993 1123
993 1406
994 1751
996 1275
997 1272
997 1502
998 1165
998 1205
998 1252
998 1381
998 1613
998 1782
999 1068
999 1498
999 1649
999 1693
1000 1386
1000 1453
1000 1594
1000 1914
1001 1187
1001 1242
1004 1144
1004 1415
1004 1458
1004 1619
1004 1769
1005 1544
1005 1749
1006 1039
1006 1406
1007 1535
1008 1019
1010 1528
1010 1812
1010 1916
1011 1076
1011 1879
1012 1585
1012 1917
1013 1053
1013 1093
1013 1706
1014 1236
1014 1646
1015 1833
1015 1940
1016 1692
1016 1835
1017 1120
1017 1178
1017 1490
1017 1565
1017 1648
1018 1231
1018 1341
1018 1834
1019 1059
1019 1745
1020 1298
1020 1536
1020 1914
1021 1404
1022 1081
1022 1289
1023 1037
1023 1152
1023 1385
1023 1427
1023 1900
1024 1036
1024 1079
1024 1853
1025 1761
1026 1193
1026 1957
1027 1100
1027 1781
1028 1294
1028 1548
1028 1919
1029 1777
1031 1143
1031 1515
1031 1976
1032 1479
1033 1435
1033 1483
1033 1927
1034 1189
1034 1311
1034 1457
1035 1100
1035 1171
1037 1226
1037 1358
1038 1597
1039 1226
1039 1630
1039 1720
1040 1476
1040 1893
1041 1587
1042 1070
1042 1199
1042 1953
1043 1235
1043 1258
1043 1742
1043 1855
1044 1591
1044 1981
1045 1480
1045 1959
1046 1344
1046 1503
1048 1098
1048 1210
1048 1245
1048 1974
1049 1121
1049 1212
1049 1840
1050 1404
1051 1533
1051 1948
1052 1832
1053 1582
1054 1240
1054 1451
1054 1522
1056 1186
1056 1450
1057 1308
1057 1381
1057 1503
1057 1829
1057 1841
1057 1986
1058 1912
1059 1349
1059 1956
1060 1376
1060 1818
1061 1309
1061 1710
1061 1881
1062 1592
1062 1992
1063 1321
1064 1709
1065 1264
1065 1545
1065 1625
1066 1083
1066 1646
1066 1842
1067 1434
1067 1778
1067 1809
1069 1387
1069 1654
1070 1220
1070 1386
1070 1408
1070 1523
1070 1623
1071 1276
1071 1776
1071 1960
1072 1849
1072 1929
1073 1081
1073 1262
1073 1698
1073 1834
1074 1161
1074 1494
1074 1531
1075 1527
1075 1673
1076 1081
1076 1143
1076 1200
1076 1950
1078 1463
1079 1610
1079 1750
1080 1084
1080 1622
1080 1750
1080 1815
1082 1792
1084 1222
1085 1590
1085 1736
1086 1229
1086 1312
1086 1366
1087 1238
1087 1626
1087 1652
1091 1113
1091 1195
1091 1483
1092 1743
1092 1920
1093 1181
1093 1184
1093 1641
1095 1143
1095 1754
1096 1215
1096 1221
1096 1924
1097 1115
1097 1120
1097 1423
1097 1994
1099 1311
1099 1425
1100 1187
1101 1593
1102 1146
1102 1237
1102 1592
1103 1496
1103 1597
1103 1629
1103 1637
1104 1719
1104 1776
1105 1931
1106 1172
1106 1210
1108 1237
1108 1906
1109 1729
1110 1642
1111 1461
1111 1682
1112 1215
1112 1398
1113 1713
1115 1624
1115 1782
1115 1972
1116 1549
1116 1635
1116 1773
1116 1945
1119 1505
1119 1567
1120 1202
1120 1280
1120 1531
1122 1736
1123 1405
1123 1495
1123 1562
1123 1667
1124 1335
1125 1390
1126 1329
1126 1641
1127 1686
1128 1288
1128 1836
1129 1448
1130 1360
1130 1760
1130 1821
1131 1149
1131 1218
1131 1699
1132 1879
1133 1743
1134 1395
1134 1838
1134 1984
1135 1443
1136 1310
1136 1767
1138 1378
1139 1413
1139 1589
1139 1616
1142 1153
1142 1389
1142 1415
1142 1727
1144 1205
1144 1247
1144 1643
1144 1649
1144 1755
1146 1193
1146 1543
1147 1342
1148 1335
1148 1463
1148 1698
1149 1394
1150 1219
1150 1830
1151 1556
1151 1682
1152 1276
1152 1621
1153 1772
1154 1183
1155 1396
1156 1179
1156 1647
1156 1682
1156 1991
1157 1296
1158 1173
1158 1850
1159 1174
1159 1495
1160 1378
1161 1456
1163 1435
1163 1524
1164 1367
1164 1694
1164 1736
1165 1851
1165 1977
1166 1531
1166 1747
1167 1242
1167 1454
1168 1742
1169 1588
1170 1176
1170 1909
1171 1309
1172 1517
1173 1948
1174 1562
1174 1928
1175 1430
1176 1596
1177 1224
1177 1252
1177 1757
1178 1289
1178 1452
1179 1489
1180 1575
1180 1821
1181 1282
1182 1313
1183 1572
1183 1703
1184 1860
1185 1253
1186 1217
1186 1920
1187 1702
1187 1983
1188 1544
1188 1591
1188 1853
1189 1433
1190 1378
1190 1795
1190 1834
1192 1864
1192 1957
1192 1968
1193 1221
1193 1549
1194 1278
1194 1309
1194 1634
1194 1811
1195 1486
1195 1603
1195 1869
1196 1255
1197 1500
1198 1452
1198 1642
1199 1379
1199 1744
1200 1512
1200 1541
1201 1224
1201 1500
1202 1631
1202 1770
1202 1921
1204 1456
1204 1723
1205 1211
1205 1313
1206 1401
1207 1693
1208 1543
1209 1497
1209 1754
1210 1269
1210 1544
1211 1276
1211 1358
1211 1530
1211 1798
1211 1835
1213 1291
1213 1615
1214 1225
1214 1660
1214 1852
1214 1889
1215 1512
1216 1327
1216 1360
1217 1424
1217 1622
1218 1525
1219 1490
1219 1755
1220 1532
1220 1691
1221 1242
1223 1244
1223 1348
1223 1631
1224 1701
1226 1680
1226 1819
1227 1413
1227 1658
1227 1799
1228 1505
1229 1827
1230 1570
1230 1677
1231 1537
1232 1258
1232 1642
1232 1941
1233 1604
1233 1705
1234 1325
1234 1590
1235 1539
1235 1789
1236 1610
1236 1733
1237 1850
1237 1901
1238 1528
1238 1742
1241 1519
1241 1746
1242 1887
1243 1571
1243 1714
1244 1451
1245 1962
1246 1368
1248 1517
1248 1797
1249 1306
1250 1452
1250 1477
1250 1922
1252 1687
1252 1750
1253 1259
1253 1387
1253 1607
1255 1317
1255 1585
1256 1533
1257 1782
1258 1364
1258 1634
1258 1749
1259 1666
1259 1715
1260 1274
1260 1648
1261 1310
1262 1271
1262 1931
1263 1544
1263 1565
1263 1727
1263 1772
1264 1318
1264 1342
1264 1797
1265 1542
1268 1275
1268 1643
1268 1741
1268 1895
1269 1272
1269 1449
1272 1987
1273 1309
1273 1393
1274 1388
1274 1615
1275 1515
1275 1869
1275 1889
1276 1367
1277 1407
1280 1554
1281 1526
1281 1859
1281 1915
1282 1362
1282 1368
1282 1422
1283 1285
1283 1359
1286 1648
1287 1347
1287 1908
1288 1386
1288 1710
1288 1805
1289 1335
1289 1614
1289 1815
1289 1908
1290 1438
1290 1521
1290 1756
1290 1834
1290 1888
1290 1967
1291 1438
1291 1990
1292 1550
1292 1989
1294 1371
1294 1461
1294 1686
1295 1706
1295 1955
1298 1515
1299 1400
1300 1342
1301 1449
1301 1503
1301 1734
1302 1744
1302 1855
1302 1860
1302 1902
1303 1695
1306 1791
1308 1468
1308 1532
1308 1678
1309 1349
1309 1391
1310 1940
1310 1980
1311 1499
1311 1724
1313 1594
1314 1666
1314 1740
1314 1928
1315 1834
1317 1687
1318 1477
1318 1663
1318 1927
1319 1336
1320 1438
1320 1846
1320 1934
1321 1471
1321 1640
1321 1786
1322 1415
1323 1897
1323 1972
1324 1965
1325 1438
1325 1659
1327 1791
1328 1457
1328 1469
1328 1735
1329 1769
1330 1799
1330 1941
1331 1606
1331 1610
1331 1995
1333 1611
1333 1992
1334 1609
1334 1646
1334 1881
1335 1389
1335 1468
1335 1640
1335 1840
1336 1443
1339 1470
1339 1907
1340 1552
1341 1452
1341 1728
1344 1367
1345 1631
1346 1504
1346 1580
1348 1504
1350 1400
1350 1431
1350 1458
1350 1471
1351 1646
1351 1720
1352 1587
1352 1588
1353 1889
1354 1876
1356 1729
1356 1878
1359 1685
1359 1869
1363 1943
1364 1556
1364 1673
1367 1628
1368 1498
1368 1783
1369 1898
1370 1424
1370 1578
1371 1601
1372 1584
1373 1647
1373 1863
1374 1697
1374 1765
1374 1970
1376 1992
1377 1855
1378 1697
1378 1698
1379 1453
1381 1481
1381 1550
1382 1409
1382 1691
1385 1909
1385 1967
1387 1991
1389 1898
1390 1831
1391 1549
1391 1805
1392 1540
1394 1654
1395 1420
1396 1755
1396 1999
1397 1409
1397 1965
1399 1445
1399 1637
1399 1905
1400 1513
1401 1468
1402 1607
1402 1908
1403 1447
1403 1738
1403 1937
1403 1938
1404 1604
1405 1977
1406 1504
1409 1508
1409 1750
1410 1750
1410 1774
1410 1811
1411 1455
1411 1473
1411 1573
1412 1485
1414 1532
1414 1553
1415 1677
1415 1975
1415 1983
1417 1661
1418 1676
1418 1703
1419 1562
1419 1971
1420 1672
1422 1831
1424 1545
1424 1950
1425 1626
1426 1812
1427 1977
1429 1848
1431 1923
1432 1444
1435 1911
1436 1449
1436 1813
1437 1449
1437 1470
1437 1705
1438 1940
1440 1747
1442 1783
1442 1942
1444 1520
1444 1855
1444 1944
1445 1671
1446 1715
1450 1907
1451 1763
1451 1873
1453 1773
1454 1736
1455 1636
1456 1497
1461 1574
1461 1910
1461 1911
1462 1604
1462 1655
1463 1668
1464 1864
1465 1501
1465 1964
1466 1609
1471 1567
1471 1782
1474 1511
1474 1993
1477 1671
1478 1709
1480 1952
1481 1562
1481 1987
1484 1842
1485 1590
1485 1596
1485 1956
1485 1981
1489 1874
1492 1933
1493 1890
1494 1537
1495 1938
1496 1828
1496 1860
1497 1561
1499 1569
1499 1921
1501 1922
1502 1706
1502 1788
1502 1838
1504 1681
1506 1610
1506 1868
1506 1964
1507 1627
1507 1995
1508 1598
1508 1656
1508 1746
1510 1975
1511 1809
1512 1598
1512 1619
1512 1664
1514 1704
1515 1524
1515 1754
1516 1733
1517 1651
1518 1592
1518 1715
1519 1579
1522 1771
1522 1890
1523 1678
1526 1935
1526 1940
1527 1989
1528 1752
1530 1588
1530 1698
1531 1667
1532 1829
1532 1899
1533 1745
1533 1893
1534 1829
1534 1974
1536 1776
1538 1678
1539 1804
1540 1791
1541 1859
1545 1719
1545 1807
1546 1548
1546 1688
1547 1646
1547 1752
1548 1634
1549 1706
1549 1724
1549 1789
1549 1917
1549 1960
1551 1684
1552 1685
1552 1777
1554 1914
1555 1803
1555 1947
1557 1603
1557 1653
1557 1666
1557 1844
1558 1993
1561 1565
1562 1657
1562 1906
1565 1592
1566 1582
1566 1619
1570 1602
1570 1682
1574 1900
1575 1587
1575 1822
1581 1651
1581 1950
1582 1986
1583 1741
1584 1860
1588 1682
1591 1695
1592 1620
1592 1983
1594 1763
1594 1966
1596 1768
1599 1673
1600 1848
1601 1648
1606 1964
1607 1861
1607 1900
1611 1904
1614 1927
1616 1660
1616 1993
1618 1976
1619 1632
1619 1996
1620 1904
1620 1966
1621 1819
1622 1742
1622 1977
1623 1756
1625 1905
1626 1930
1628 1853
1629 1644
1632 1702
1633 1635
1633 1671
1634 1765
1634 1791
1636 1654
1637 1793
1638 1748
1641 1827
1645 1770
1646 1720
1653 1898
1654 1690
1654 1737
1656 1818
1657 1759
1658 1902
1658 1922
1659 1884
1661 1675
1662 1794
1662 1816
1663 1754
1663 1968
1669 1695
1670 1710
1671 1809
1671 1886
1671 1887
1676 1754
1677 1802
1677 1979
1680 1972
1684 1980
1689 1914
1691 1797
1691 1823
1692 1721
1695 1726
1696 1764
1698 1867
1700 1996
1701 1982
1703 1865
1707 1915
1715 1912
1715 1930
1719 1853
1719 1930
1720 1731
1720 1993
1723 1880
1723 1904
1729 1915
1731 1782
1731 1964
1733 1930
1736 1783
1736 1903
1739 1921
1739 1999
1740 1915
1741 1778
1743 1917
1746 1823
1747 1756
1748 1838
1750 1778
1750 1921
1758 1888
1760 1830
1760 1970
1765 1916
1765 1987
1767 1801
1768 1899
1777 1825
1777 1831
1780 1903
1787 1863
1798 1928
1799 1836
1799 1976
1800 1973
1802 1845
1803 1890
1807 1810
1807 1879
1810 1990
1819 1878
1823 1927
1824 1909
1827 1877
1835 1871
1845 1847
1845 1857
1845 1870
1850 1998
1851 1868
1856 1859
1857 1972
1861 1907
1866 1967
1878 1997
1884 1909
1890 1975
1891 1907
1894 1909
1899 1993
1921 1929
