0 127
0 317
0 479
0 780
0 986
1 88
1 281
1 298
1 834
2 177
2 185
2 253
2 378
2 470
2 750
2 758
2 824
2 872
2 902
2 947
3 92
3 157
3 342
3 442
3 497
3 551
4 31
4 124
4 293
4 421
4 586
5 155
5 654
6 44
6 192
6 359
6 759
6 818
7 787
7 836
8 178
8 322
8 713
8 775
8 892
9 57
9 93
9 272
9 834
9 901
10 188
10 216
10 395
10 413
10 490
11 88
12 220
12 931
12 939
13 197
13 209
13 280
13 414
13 909
13 931
13 979
14 339
14 553
14 555
14 925
15 338
15 350
15 506
17 232
17 521
18 230
18 233
18 348
18 377
18 381
18 432
18 433
18 484
18 786
18 941
19 71
19 95
19 127
19 151
19 375
19 517
19 600
20 321
20 612
20 870
21 56
21 135
21 367
21 383
21 472
21 644
21 978
21 996
22 386
22 676
22 869
23 570
24 121
24 174
24 233
24 695
24 914
25 147
25 223
25 311
25 552
25 615
26 319
26 714
26 852
26 899
27 115
27 284
27 647
27 667
27 972
28 47
28 63
28 130
28 163
28 954
29 475
29 521
29 729
30 327
31 657
31 800
31 956
32 33
32 771
32 833
33 291
33 779
33 790
33 963
34 339
34 872
35 340
36 144
36 452
36 650
36 734
36 935
37 113
37 648
38 226
39 340
39 926
40 100
40 790
41 80
41 234
41 429
42 46
42 410
42 629
42 679
42 686
42 744
42 797
42 879
42 974
43 129
43 645
43 747
43 925
44 83
44 432
44 480
45 185
45 231
45 315
45 569
45 673
45 947
46 51
46 917
47 197
47 239
47 281
47 327
47 654
47 951
47 956
48 158
48 256
48 651
48 740
48 755
48 959
49 63
49 78
49 497
49 923
50 571
51 211
51 435
51 855
52 110
52 276
52 505
52 599
53 239
53 268
53 559
53 829
54 68
54 414
54 543
54 613
54 958
55 170
55 359
55 556
55 772
55 831
56 113
56 352
56 410
56 435
56 704
56 856
56 976
57 189
57 266
57 548
57 721
57 779
57 844
57 968
58 167
58 605
59 125
59 218
59 302
59 561
59 843
59 879
59 880
60 174
60 230
60 262
60 560
60 642
60 657
61 122
62 142
62 417
62 538
62 682
62 771
64 273
64 340
64 638
64 741
64 791
65 228
65 295
65 708
65 978
66 87
66 311
66 360
66 420
66 802
67 170
67 324
67 352
67 929
68 338
68 479
68 641
69 127
69 330
69 845
69 996
70 100
70 860
70 861
71 243
71 314
71 877
71 927
72 210
72 424
72 912
73 351
73 363
73 743
73 762
73 865
73 881
73 985
74 184
74 448
74 486
74 629
74 922
74 923
75 205
75 453
76 168
76 418
76 627
76 672
76 889
76 947
77 89
77 100
77 392
77 532
78 735
79 202
79 542
79 677
79 731
79 953
80 304
80 377
80 476
80 768
80 805
80 927
81 394
81 400
81 505
81 576
81 707
81 756
83 95
83 156
83 503
83 525
83 548
83 867
83 919
84 124
84 443
84 615
84 722
85 403
85 427
86 628
86 873
87 345
87 450
87 461
87 625
87 849
87 872
88 767
88 835
89 154
89 220
89 326
89 351
89 921
90 655
90 674
90 760
91 565
91 773
91 889
92 215
92 356
92 365
92 408
93 215
93 225
93 300
93 715
94 137
94 857
95 584
95 769
96 421
96 708
96 728
97 660
98 153
98 254
98 449
98 852
98 930
99 511
99 738
100 188
100 203
100 675
101 422
101 613
102 323
102 679
103 415
103 553
103 936
104 422
104 432
105 325
105 804
106 491
106 718
106 920
107 240
107 272
107 436
108 614
108 872
109 397
109 553
109 601
109 628
110 198
110 275
111 467
111 723
111 970
112 215
112 329
112 413
113 873
114 142
114 287
114 373
114 881
114 904
115 162
115 515
115 610
116 236
116 290
116 624
116 751
116 754
116 910
116 992
117 279
117 463
118 157
118 217
118 246
118 395
118 722
118 844
119 271
119 687
119 973
120 131
120 134
120 187
120 275
120 301
120 340
120 679
120 896
120 903
120 909
120 940
121 485
121 589
122 447
122 728
122 911
123 652
123 673
123 681
123 820
123 834
124 571
124 604
124 706
125 154
125 646
125 689
126 149
126 475
126 695
127 410
127 450
127 742
128 332
128 347
128 633
128 847
128 938
129 418
129 526
129 626
129 692
129 709
129 760
129 766
129 931
129 996
130 143
130 382
130 695
130 714
130 724
130 841
130 900
131 249
132 815
132 852
132 863
132 912
133 155
133 346
133 817
134 703
134 812
135 890
135 943
136 267
136 312
136 343
136 501
136 542
136 697
136 765
136 788
136 827
137 337
137 825
137 856
137 904
138 214
138 221
138 241
138 268
138 565
138 876
139 414
139 455
139 508
140 152
140 545
140 549
140 741
141 189
141 258
141 267
142 497
142 534
142 677
143 674
143 706
143 768
144 507
144 523
144 564
144 592
144 750
144 771
144 890
144 936
145 225
145 748
146 344
146 452
146 471
146 568
147 257
147 428
147 555
148 172
148 255
148 324
148 722
148 965
149 327
149 427
149 478
149 536
149 708
150 271
150 278
150 520
150 759
150 896
150 916
151 371
151 828
151 855
151 877
151 948
152 512
153 984
154 233
154 278
155 498
155 621
155 958
156 427
156 550
156 562
156 977
157 213
157 482
157 549
157 667
157 703
158 383
158 802
160 845
161 230
161 624
161 640
161 672
161 757
161 898
161 911
162 426
163 311
163 454
163 591
163 645
163 664
164 520
164 602
164 920
165 167
165 539
165 741
165 929
165 971
166 661
166 683
167 344
167 349
167 453
167 805
168 517
168 584
168 878
170 551
170 702
170 758
171 222
171 293
171 370
171 440
171 748
171 758
171 882
171 929
172 431
172 441
172 524
172 585
173 516
173 752
173 755
174 843
175 525
175 636
175 644
175 783
175 943
176 261
176 914
177 738
177 757
177 861
178 190
179 287
179 580
180 699
180 715
181 306
181 357
181 704
181 811
181 845
182 274
182 331
182 394
182 496
182 558
182 776
182 905
183 860
184 274
184 457
184 584
184 694
185 251
185 311
185 633
185 824
185 943
186 278
186 413
186 571
186 717
186 854
187 223
187 268
187 575
187 791
188 623
188 647
188 839
188 845
188 872
188 907
188 981
189 253
189 473
189 822
189 851
189 885
189 950
190 385
190 610
190 789
191 251
191 447
191 562
192 753
192 780
193 345
193 367
193 486
193 606
193 665
193 877
193 981
194 197
194 312
194 644
195 388
195 408
195 508
195 534
195 861
196 240
196 473
196 797
196 871
197 394
197 656
197 799
198 259
199 914
200 216
200 237
200 648
200 680
201 359
201 368
201 371
201 472
202 217
202 321
202 691
202 891
202 895
203 265
203 948
203 959
204 432
204 549
204 802
205 226
205 670
205 892
206 530
206 562
206 629
206 931
207 376
207 393
207 435
207 457
207 881
208 209
208 279
208 529
208 629
208 948
209 304
209 417
209 437
209 523
209 575
210 327
210 718
211 557
211 845
212 509
212 851
213 250
213 441
213 593
213 789
213 882
214 229
214 255
214 419
214 645
214 882
215 429
215 460
216 340
216 363
216 365
216 919
217 350
217 528
217 908
218 296
218 398
218 643
218 812
219 510
219 598
219 686
219 713
219 793
221 229
221 358
221 381
221 437
221 480
221 615
221 963
222 333
222 800
222 940
223 549
223 583
223 626
223 672
223 738
224 238
224 428
224 439
224 710
224 951
225 540
225 852
226 247
226 622
226 814
226 866
226 932
227 408
227 528
227 545
227 815
228 248
228 759
228 788
228 956
229 501
229 849
230 330
230 550
231 315
231 424
231 677
231 931
231 981
233 619
233 738
233 833
233 978
234 680
234 711
234 782
234 825
234 880
234 922
235 397
235 772
236 590
236 788
237 280
237 725
237 875
237 960
239 300
239 687
239 715
239 730
240 606
240 733
240 748
240 837
240 945
241 316
242 507
242 509
242 918
243 511
243 605
243 716
243 768
243 913
244 650
244 812
244 985
244 999
245 277
245 639
245 809
245 888
245 996
246 472
246 537
246 776
246 858
246 919
246 920
246 932
247 262
247 353
247 449
247 459
247 501
247 591
248 341
249 300
249 394
249 787
249 888
251 341
251 605
251 655
252 277
252 294
252 706
252 971
253 563
253 629
253 670
253 731
253 766
253 977
254 548
255 365
255 794
256 778
256 806
256 912
257 704
257 838
257 848
257 873
258 506
259 278
259 395
259 542
259 801
260 410
260 540
260 708
260 830
261 895
261 898
262 307
263 700
263 992
264 612
264 675
264 702
265 697
265 735
265 741
265 934
266 322
266 409
266 514
266 558
266 707
267 311
267 494
267 562
267 673
267 689
267 737
268 308
268 412
269 340
269 580
270 541
270 568
270 777
271 280
271 964
272 313
272 992
273 484
273 641
273 818
274 490
274 573
274 743
274 952
274 967
274 975
275 388
275 984
276 365
276 413
279 749
279 831
279 919
280 497
280 743
280 799
280 931
281 461
281 879
282 493
282 531
282 538
282 750
282 904
283 702
284 419
284 421
284 569
284 681
285 352
285 424
285 768
286 400
286 566
286 730
286 755
286 772
287 668
287 841
287 847
287 921
288 466
288 908
288 960
289 382
289 399
289 865
290 484
290 541
290 886
291 522
291 531
291 566
291 766
292 995
293 399
294 671
294 852
294 957
294 969
295 486
295 624
295 917
296 319
296 709
297 453
298 396
298 481
298 657
298 822
298 911
298 998
299 317
299 775
299 836
300 302
300 365
301 757
301 903
302 353
303 569
303 597
303 620
303 929
304 365
304 383
304 685
305 424
305 491
305 681
305 701
305 760
305 790
305 810
305 839
305 884
306 316
306 782
307 382
307 635
307 736
307 812
307 988
308 511
308 619
309 599
309 623
309 796
309 940
310 332
310 451
311 406
311 607
311 784
311 870
312 398
312 692
312 835
312 932
313 355
313 579
313 622
314 320
314 374
314 426
314 849
315 458
315 499
315 710
315 786
316 367
316 384
316 627
317 439
317 696
317 867
318 382
319 462
319 662
319 702
320 997
322 771
323 863
324 559
324 854
325 333
325 747
327 678
327 799
327 840
328 607
328 711
329 395
329 477
329 715
329 831
329 838
329 889
329 951
330 359
330 448
331 934
332 450
332 482
332 483
332 730
332 849
333 348
333 416
333 533
334 408
334 439
334 627
334 819
334 999
336 353
336 880
337 368
337 399
337 771
337 898
338 426
338 763
338 850
338 863
339 655
339 935
340 467
340 649
340 931
341 604
341 728
341 836
341 999
343 826
344 415
344 562
344 615
344 701
344 761
344 856
345 981
346 511
347 348
347 440
347 725
347 842
347 909
348 484
348 811
350 395
350 409
350 456
351 610
352 573
352 633
352 995
353 532
354 502
354 788
355 544
355 558
355 987
356 635
357 417
357 443
357 516
357 721
358 519
358 676
358 807
358 929
359 525
359 802
360 557
360 575
361 445
362 545
362 564
362 789
363 460
363 777
364 425
364 503
364 747
365 410
365 477
365 728
365 949
366 474
366 619
366 837
367 414
368 559
369 403
370 427
371 658
371 750
372 505
372 673
372 815
373 438
373 833
374 760
375 873
376 607
376 755
378 477
378 531
378 981
379 612
379 696
379 729
379 795
380 814
380 999
382 450
382 496
382 505
382 679
383 490
384 503
384 554
384 664
385 401
385 550
385 608
386 480
386 639
386 773
386 864
387 653
387 753
388 811
388 835
389 530
389 974
391 547
391 665
392 531
392 734
392 737
392 821
393 838
393 899
394 641
394 699
394 936
395 442
395 487
395 639
395 852
395 946
396 452
397 532
398 581
399 474
399 526
399 797
400 475
400 660
400 812
400 993
401 683
401 923
402 451
402 572
403 689
404 494
404 615
404 787
404 963
405 490
405 683
406 567
406 814
407 843
407 936
408 431
408 576
408 608
408 916
409 608
410 451
410 495
410 839
412 469
412 504
412 869
412 939
414 509
414 562
414 944
417 829
417 925
418 495
418 671
418 734
418 874
419 542
419 891
419 894
419 999
421 537
421 616
421 747
422 556
423 748
423 876
423 977
424 661
424 689
424 779
424 949
425 883
426 502
426 599
426 861
427 438
427 861
427 943
428 434
428 649
429 959
431 569
431 633
431 660
431 822
431 913
432 940
433 624
433 737
433 765
434 744
434 886
435 567
435 637
435 751
436 581
437 835
438 727
439 464
440 576
440 782
440 898
441 586
441 952
442 748
442 749
443 474
443 517
444 506
444 923
446 828
447 498
447 648
447 659
448 591
448 652
448 663
448 978
449 502
450 669
451 566
451 690
451 692
451 726
451 988
452 496
452 837
452 839
452 991
454 646
454 657
454 911
454 950
455 562
455 575
456 643
456 811
457 633
457 661
457 803
457 959
458 527
459 630
459 655
459 971
460 763
460 947
461 709
463 524
463 875
464 912
465 486
465 649
465 687
465 839
465 891
466 515
466 612
467 919
468 513
468 576
468 899
469 683
469 966
470 522
470 563
470 655
470 667
471 543
471 707
471 768
472 488
472 571
472 971
473 545
473 556
474 774
474 971
475 614
476 577
476 705
476 966
477 699
477 931
478 770
480 691
480 769
481 669
481 941
482 536
482 654
483 655
484 692
484 793
484 921
486 576
486 653
486 678
486 693
487 495
487 614
487 953
488 491
488 525
488 724
488 864
489 507
489 662
489 855
489 947
490 532
490 908
490 911
490 994
491 556
491 600
491 909
491 919
492 968
494 739
496 774
496 913
496 918
498 682
498 985
499 641
499 757
499 987
499 989
500 683
500 894
501 606
501 720
502 530
502 540
503 598
504 695
504 960
505 624
505 778
505 872
506 711
506 773
506 991
507 553
507 936
509 720
509 815
510 551
510 563
513 582
513 669
515 800
516 598
516 687
516 900
517 530
517 670
518 548
518 687
518 919
519 616
519 675
519 780
520 597
521 621
521 919
522 889
522 926
523 576
523 612
523 886
524 543
524 617
524 759
525 543
525 618
525 839
526 531
527 547
527 548
527 568
527 602
527 641
527 657
528 555
529 941
529 958
530 593
530 731
530 760
530 931
530 961
531 797
533 751
533 825
533 968
533 973
534 616
534 777
535 853
535 856
536 880
536 894
536 921
536 986
537 551
537 879
539 921
540 688
540 844
542 807
542 837
542 888
543 889
544 553
545 746
545 971
546 562
546 943
548 704
548 902
549 589
551 935
552 553
552 647
552 668
552 722
553 978
555 604
555 723
556 804
556 929
557 562
557 681
558 649
558 694
559 618
560 600
561 657
561 696
561 778
562 664
562 887
562 949
564 601
565 695
566 954
567 759
569 651
569 878
570 579
570 965
572 712
572 829
573 683
573 973
574 658
574 770
574 803
574 948
575 585
575 602
575 673
575 880
576 841
577 593
577 626
578 761
578 857
579 704
581 655
581 784
581 831
581 915
581 920
581 975
582 753
582 839
583 696
583 716
583 777
584 907
585 975
586 866
587 909
587 925
588 811
588 949
589 869
590 803
591 946
592 904
592 999
594 946
595 603
596 617
596 792
596 889
597 856
599 829
599 882
600 689
600 838
601 776
601 816
601 829
601 953
601 973
602 655
602 681
602 890
604 917
604 938
606 667
606 716
606 970
607 983
609 687
609 738
610 666
611 834
611 894
611 896
612 643
613 773
613 897
614 616
614 680
614 851
614 951
615 830
616 891
617 733
617 805
617 969
618 734
620 624
620 910
621 730
622 698
624 714
624 969
626 683
626 742
626 789
626 814
626 855
626 919
627 799
628 774
628 799
629 834
629 958
630 866
630 906
630 923
631 718
631 941
632 779
632 954
633 785
634 774
636 652
636 833
637 740
637 762
637 818
637 854
637 856
638 845
639 645
640 699
640 850
640 906
641 896
644 764
645 747
645 972
646 811
646 959
647 872
648 769
649 650
649 696
650 777
650 987
651 835
652 817
653 952
655 865
655 892
655 930
655 981
655 998
658 706
658 938
659 724
659 742
659 827
660 723
660 859
661 678
662 990
663 756
664 751
664 867
665 943
667 991
669 865
669 957
672 861
673 832
673 931
674 766
674 845
674 953
675 803
676 699
676 927
677 696
677 812
677 876
678 681
678 719
679 703
680 946
681 915
681 923
681 929
682 694
682 776
683 744
684 885
684 941
684 975
685 838
686 804
688 972
690 916
690 945
691 707
693 717
693 788
693 861
694 904
694 910
696 699
697 727
698 762
699 802
700 950
701 777
701 789
701 956
702 905
703 840
703 852
704 876
705 749
706 722
706 745
706 844
706 920
707 772
708 999
711 742
711 803
712 993
713 795
713 914
713 956
715 785
715 854
716 900
716 937
716 943
716 964
716 973
717 917
717 970
718 722
718 751
718 783
720 754
721 734
722 808
723 807
725 940
728 922
731 901
732 745
736 844
737 906
738 771
739 869
740 857
741 925
741 928
742 909
747 848
748 912
749 826
751 875
751 968
752 779
752 840
754 985
755 993
756 813
756 959
761 771
763 832
764 935
767 903
767 909
768 896
769 910
769 938
770 912
770 972
771 875
772 805
772 965
773 810
773 970
774 820
774 905
775 989
776 935
776 941
778 961
780 847
782 818
782 933
782 940
785 922
790 906
790 912
791 943
796 830
796 913
797 879
797 964
798 911
799 844
799 944
799 958
800 902
800 927
801 995
802 935
803 840
803 848
806 837
806 986
809 891
809 994
811 816
811 866
811 880
812 879
818 852
819 900
820 937
821 993
822 834
823 845
824 896
824 932
824 952
825 839
825 950
825 973
825 981
833 916
837 844
838 840
838 894
840 927
845 848
846 944
848 905
848 942
849 890
849 940
851 987
852 977
853 891
856 872
858 878
858 911
858 948
859 993
861 954
861 958
863 964
863 986
865 888
867 878
867 891
867 998
868 946
874 966
876 890
876 996
887 941
901 918
903 921
904 923
909 977
916 932
918 981
918 987
923 945
924 966
924 968
925 958
934 977
935 966
940 967
944 981
947 978
951 981
953 962
960 986
970 971
981 986
