0 330
0 435
0 472
0 909
0 1403
0 1698
1 469
1 473
1 724
2 790
2 892
2 1851
3 753
3 1027
3 1267
3 1619
4 102
4 131
4 1434
4 1540
5 586
5 1142
5 1161
5 1360
5 1668
6 671
6 1087
6 1349
6 1558
7 408
7 528
7 579
7 897
7 1046
7 1153
7 1202
7 1870
8 721
8 1116
8 1431
9 11
9 279
9 396
9 1201
10 255
10 334
10 422
11 920
11 962
12 824
12 948
12 1211
12 1782
13 210
13 566
13 723
13 1055
13 1460
13 1565
13 1665
13 1741
14 1356
14 1898
15 464
15 815
15 1621
16 1245
17 412
17 486
17 774
17 802
17 903
17 951
17 1067
17 1106
17 1137
17 1289
17 1769
18 246
18 252
18 606
18 780
19 1079
19 1251
19 1624
20 540
20 623
20 988
20 1207
20 1733
21 553
21 651
21 724
21 875
21 966
21 1685
22 255
22 934
22 971
22 1155
22 1468
22 1603
23 1338
23 1424
24 672
25 1275
25 1277
25 1502
25 1906
26 96
26 495
26 750
26 1252
27 263
27 492
28 982
28 1100
28 1289
28 1323
28 1813
28 1924
29 823
29 1301
29 1321
29 1468
29 1803
30 365
30 466
31 357
31 1489
31 1607
32 579
32 814
32 1877
32 1900
33 167
33 698
33 1387
33 1720
34 89
34 649
34 1125
34 1563
35 225
35 397
35 401
35 452
35 509
35 649
35 703
35 956
35 1681
36 120
36 183
36 188
36 297
36 473
36 974
36 1102
36 1112
36 1774
37 294
37 713
37 1290
37 1349
38 693
38 1973
39 330
39 427
39 584
39 724
39 1375
39 1386
39 1741
40 108
40 561
40 1279
41 100
42 139
42 296
42 637
42 1086
42 1376
42 1622
43 99
43 683
43 1631
44 240
44 456
44 849
44 1668
44 1772
44 1791
45 227
46 324
46 337
46 372
47 817
47 1688
48 252
48 298
48 380
48 553
48 578
48 975
48 1265
49 221
49 347
49 880
49 884
49 1725
50 1009
50 1497
50 1821
50 1975
51 364
51 415
51 454
51 1422
51 1682
52 264
52 275
52 752
52 1040
53 439
53 1505
54 404
54 602
54 610
54 657
54 1129
55 853
55 1707
55 1712
56 1019
57 1890
58 565
58 599
58 614
58 1169
58 1625
59 208
59 884
59 971
59 1051
59 1631
60 385
60 641
60 782
60 1992
61 822
61 1356
61 1872
62 636
62 953
62 1301
63 516
63 1375
63 1769
64 729
64 1394
64 1523
64 1805
64 1824
65 212
65 1810
66 321
66 1009
66 1291
67 417
68 928
68 1723
69 158
69 1297
69 1775
69 1920
70 84
70 679
70 1365
70 1808
70 1972
71 779
71 1296
71 1642
72 239
72 351
72 605
73 109
73 422
73 857
73 921
73 941
73 1153
73 1406
73 1412
73 1436
73 1498
73 1683
73 1947
74 105
74 823
74 1698
74 1745
75 785
75 1190
75 1302
75 1710
75 1761
76 80
76 137
77 129
77 472
77 714
77 1246
77 1350
77 1902
78 141
78 432
78 564
78 599
78 896
78 1485
78 1648
79 379
79 813
79 1158
79 1288
79 1809
79 1941
80 207
80 1504
81 849
81 1166
81 1419
81 1891
82 918
82 1478
82 1686
83 1594
83 1654
84 275
84 707
84 739
84 835
84 937
84 1614
84 1844
85 290
85 515
85 644
85 672
85 675
85 1201
85 1525
85 1545
85 1623
85 1713
86 625
86 721
86 1115
87 114
87 482
87 484
87 558
87 689
87 1175
88 862
88 1425
88 1713
88 1731
89 675
89 926
89 965
89 1221
89 1658
89 1889
90 847
90 954
90 977
90 1074
90 1914
90 1924
91 180
91 755
91 1726
92 674
92 1131
92 1980
93 580
93 831
93 1000
93 1683
94 612
94 1681
95 114
95 132
95 1317
95 1865
96 1067
96 1704
97 828
97 870
98 201
98 457
98 1837
99 1063
100 963
100 1268
100 1397
100 1903
101 330
101 423
101 470
101 486
101 1470
101 1823
102 171
102 180
102 239
102 650
102 1414
103 356
103 633
103 826
103 1467
103 1789
103 1845
105 499
106 702
106 856
106 1858
107 108
107 445
108 1258
108 1662
108 1672
108 1947
109 368
109 957
109 1305
109 1704
110 145
110 381
110 698
110 978
111 197
111 494
111 1179
111 1333
111 1722
111 1956
113 838
113 970
113 1329
113 1690
113 1801
114 681
114 1295
114 1791
114 1906
115 442
115 1025
115 1044
115 1257
115 1525
115 1532
115 1644
115 1859
116 277
116 471
116 849
116 1515
117 192
117 464
117 937
117 1997
118 797
118 1084
118 1829
120 135
120 722
120 1861
120 1947
121 513
121 813
121 936
121 1062
121 1505
121 1705
122 169
122 1565
122 1663
122 1748
123 1297
124 241
124 313
124 920
124 1497
124 1537
125 157
125 541
125 615
125 1071
125 1131
125 1821
126 1335
127 172
127 186
127 916
127 1580
128 1727
129 253
130 203
130 810
130 959
130 1525
130 1691
131 181
131 463
132 395
132 715
132 806
132 825
132 999
132 1085
132 1210
132 1557
133 359
133 675
133 1021
133 1926
134 733
134 868
134 1775
135 164
135 1011
135 1601
135 1866
136 373
136 493
136 495
136 637
136 776
136 932
136 1022
136 1390
136 1623
137 964
137 1266
138 322
138 1250
138 1828
139 306
139 854
139 880
140 305
140 709
140 1023
140 1239
140 1957
141 544
141 1202
141 1578
142 250
142 1640
143 397
143 429
143 575
143 1201
143 1344
144 365
144 1936
145 236
145 667
145 855
145 924
145 1956
146 1905
146 1976
147 674
147 1078
147 1167
147 1496
147 1538
147 1681
148 1257
148 1312
149 873
149 1851
149 1910
150 152
150 339
150 389
150 999
150 1397
151 1170
152 472
152 745
152 1460
153 1568
153 1742
154 395
154 447
154 795
154 1359
154 1420
154 1895
155 166
155 225
155 1061
155 1272
155 1805
156 402
156 501
156 542
156 852
156 1077
156 1124
156 1825
157 721
157 733
157 1199
157 1251
157 1325
157 1640
157 1658
159 528
159 1110
159 1433
159 1434
159 1670
159 1777
160 1215
161 698
162 634
162 1541
162 1844
163 343
163 513
163 759
163 1407
163 1584
164 457
164 509
164 836
164 1199
164 1499
164 1794
165 183
165 679
165 1839
166 520
166 1092
166 1910
167 1563
168 413
168 571
168 1068
168 1197
168 1615
169 629
169 823
169 1052
169 1108
169 1117
169 1543
169 1559
170 308
170 571
170 1684
170 1835
171 502
171 692
171 705
171 1187
171 1815
172 381
172 1282
173 593
173 828
173 1189
173 1875
174 324
174 605
174 1217
175 989
175 1773
176 244
176 1529
177 833
177 1921
179 877
179 1875
179 1944
180 319
180 385
180 1113
181 707
181 873
181 1681
181 1948
182 754
182 862
182 1259
183 184
183 675
183 1058
183 1820
184 602
184 1185
184 1649
184 1901
185 673
185 883
185 1699
185 1939
186 530
186 924
186 1029
186 1158
186 1315
186 1389
186 1621
187 290
187 488
187 509
187 1030
187 1478
187 1748
187 1818
187 1941
188 352
188 452
188 1137
188 1891
189 465
189 680
189 708
189 810
190 255
190 610
190 1161
190 1230
190 1281
190 1652
190 1765
190 1935
191 1570
191 1605
192 426
192 728
192 1101
193 306
193 497
193 1231
193 1395
193 1609
193 1744
194 262
194 366
194 484
194 658
194 1339
194 1509
195 560
195 889
195 1695
196 1036
196 1188
196 1668
197 1606
197 1718
197 1800
197 1811
198 820
198 1549
198 1620
198 1835
198 1881
199 241
199 1336
199 1886
200 209
202 431
202 702
202 1284
203 1276
203 1615
203 1715
203 1798
204 208
204 258
204 703
204 1689
205 606
205 660
205 1667
206 420
206 567
206 685
206 729
206 965
206 1292
206 1323
206 1437
206 1714
207 1849
208 880
208 1953
209 342
209 428
209 1253
209 1427
209 1672
210 1417
210 1864
211 654
212 337
212 344
212 890
212 1176
212 1528
212 1792
213 422
213 780
213 1273
213 1724
214 595
214 1351
214 1611
215 460
215 574
215 1032
215 1038
215 1199
215 1249
215 1584
215 1601
215 1705
216 1146
216 1234
217 584
217 717
217 796
217 836
217 1158
217 1350
217 1389
217 1461
218 494
218 703
218 845
218 1248
218 1354
219 259
219 441
219 585
219 1148
220 371
220 551
220 615
220 1014
220 1211
220 1543
220 1552
220 1696
221 1194
222 701
222 1276
223 551
223 592
223 800
223 823
223 1422
223 1462
223 1632
224 652
225 661
225 1218
225 1859
226 1370
227 1006
227 1818
228 787
230 290
230 950
230 1361
230 1363
231 388
231 777
231 862
231 1561
231 1782
231 1905
232 284
232 291
232 932
232 1168
232 1889
233 409
233 1642
234 420
234 894
234 1193
235 1741
236 939
237 1277
237 1637
237 1907
238 550
238 727
238 1199
238 1421
238 1732
239 317
239 489
239 1079
239 1264
239 1947
240 1223
240 1411
240 1573
241 386
241 486
241 520
241 684
241 996
241 1213
241 1387
241 1667
242 568
242 751
242 1002
242 1077
243 312
243 1054
243 1510
243 1864
244 1736
245 280
245 476
245 1768
246 1916
247 583
247 1605
248 310
248 490
248 1115
248 1279
248 1566
248 1957
249 648
249 1481
249 1624
249 1642
249 1716
250 623
250 1704
250 1807
251 611
251 969
251 1216
251 1468
252 607
252 624
252 812
252 932
252 1355
253 275
253 1582
254 1229
255 684
255 736
255 1148
255 1164
255 1936
256 1072
256 1395
256 1616
256 1675
257 261
257 908
257 1440
257 1464
257 1781
258 648
258 793
258 898
258 1048
260 549
260 562
260 899
260 993
260 1899
261 292
261 787
261 816
261 1061
262 475
262 568
262 1015
262 1153
262 1546
263 559
263 567
263 776
263 837
263 1213
263 1748
263 1841
264 1864
265 1076
265 1453
265 1973
266 333
266 409
266 1050
267 542
267 873
267 1281
268 489
268 626
268 959
268 1787
269 393
269 597
269 1013
269 1550
270 541
271 1182
271 1679
271 1688
272 441
272 545
272 764
272 1201
272 1412
272 1647
273 442
273 1183
274 513
274 1666
274 1719
275 767
275 1333
275 1335
275 1349
275 1844
275 1854
275 1977
276 1156
276 1572
276 1989
277 1022
278 1248
278 1321
278 1431
278 1433
279 1525
280 487
280 619
280 1187
280 1204
280 1300
280 1788
280 1858
280 1917
282 603
282 1132
282 1884
282 1899
283 1210
283 1975
284 371
284 559
284 726
284 1167
285 470
285 1258
285 1413
286 423
286 1455
286 1766
287 672
288 1148
288 1241
288 1420
288 1508
288 1636
289 794
289 1184
290 602
290 1195
290 1493
291 1063
291 1217
292 346
292 753
292 942
292 1486
292 1978
293 463
293 634
293 1094
293 1106
294 517
294 1583
295 319
295 677
295 1129
296 386
296 523
296 558
296 797
296 1071
296 1239
296 1513
296 1556
297 1592
298 503
298 1152
298 1245
298 1481
298 1846
299 423
299 1151
300 703
300 1081
301 669
301 742
302 1230
303 740
303 783
303 908
303 1824
304 1030
304 1156
305 1259
305 1713
305 1739
306 557
306 641
306 1119
306 1996
307 618
307 1579
307 1694
307 1801
307 1928
308 790
308 1467
308 1562
308 1850
309 365
309 803
309 1024
309 1359
309 1439
310 453
310 931
310 1136
310 1840
312 457
312 1095
312 1364
312 1674
312 1769
314 575
315 1414
315 1558
316 565
316 1888
317 611
317 902
317 1286
318 472
318 937
318 1163
319 728
319 858
320 522
320 616
320 681
320 800
320 1178
320 1342
320 1576
321 781
322 1763
322 1861
322 1985
323 942
323 1399
323 1412
324 528
325 745
325 949
325 1237
325 1511
325 1798
325 1865
326 1563
326 1922
327 432
327 680
327 1226
328 1009
328 1235
328 1409
328 1680
329 883
329 948
329 1143
329 1198
329 1820
330 1334
330 1779
330 1932
331 759
331 1127
331 1182
332 335
333 1424
333 1605
334 355
335 366
335 523
335 544
335 721
335 1928
336 420
336 544
337 608
337 734
337 1196
337 1390
337 1656
338 611
338 751
338 1417
338 1513
338 1771
338 1805
339 374
339 1255
339 1638
340 887
341 1079
341 1081
342 1285
342 1303
342 1762
343 597
343 824
343 1177
343 1228
343 1747
344 405
344 429
344 1313
344 1792
344 1889
344 1951
345 1494
345 1694
346 1053
346 1816
346 1970
347 1253
347 1848
348 356
348 415
348 554
348 1943
349 907
349 1224
349 1773
350 749
350 1030
350 1632
351 1867
351 1902
352 1978
353 574
353 1379
353 1983
354 517
354 831
354 889
354 1066
354 1082
354 1224
354 1315
354 1679
354 1696
354 1901
354 1929
355 1349
355 1667
355 1915
356 420
356 562
356 583
356 906
356 960
356 1612
356 1785
357 452
357 493
357 569
357 877
357 1327
357 1607
357 1991
358 666
358 1255
358 1729
359 1138
359 1837
360 640
360 1398
360 1976
361 634
361 858
361 1050
361 1641
362 513
362 1429
363 725
363 961
364 1216
364 1255
364 1471
364 1961
365 630
365 891
365 1196
365 1214
365 1995
366 1533
366 1591
367 639
367 1129
367 1323
367 1428
367 1787
368 623
368 1183
368 1751
368 1796
369 452
369 1244
370 650
371 552
371 1241
371 1782
372 844
372 963
372 1172
372 1600
372 1787
373 549
373 1123
373 1543
373 1649
373 1967
374 864
374 1998
375 544
375 656
375 1726
376 870
377 559
377 904
377 1436
378 419
379 485
380 1067
380 1423
380 1713
380 1908
381 472
381 881
381 1082
381 1923
382 549
382 605
383 478
383 1417
383 1484
383 1726
383 1838
383 1973
384 781
384 847
384 1193
384 1692
385 1122
385 1144
385 1238
385 1490
385 1749
386 827
386 864
387 622
387 677
387 810
387 954
387 1478
388 459
388 706
388 809
388 1653
388 1982
389 1028
390 494
390 957
390 1210
390 1225
390 1478
390 1669
391 479
391 597
391 1208
391 1414
391 1812
391 1885
392 659
392 935
392 1474
392 1768
393 1416
394 574
394 680
395 838
395 1204
395 1256
395 1642
395 1948
396 1067
397 461
397 1148
397 1170
398 1081
398 1217
398 1724
398 1825
399 834
399 972
400 692
400 1808
401 419
401 861
402 499
402 539
402 970
402 1463
403 635
403 849
403 1547
403 1606
403 1649
403 1658
403 1933
403 1949
404 691
404 931
404 1984
405 1196
405 1508
405 1730
405 1968
406 469
406 683
406 884
406 893
406 949
406 1608
407 762
407 793
407 1303
407 1567
407 1924
408 799
408 1067
408 1820
409 453
409 1010
409 1835
409 1905
410 681
410 945
410 1622
411 1058
411 1641
411 1842
411 1922
412 671
412 1196
412 1227
412 1741
415 421
415 749
415 1039
415 1725
415 1729
415 1937
416 709
416 1034
416 1360
416 1649
416 1849
416 1984
417 532
417 620
417 1022
417 1525
417 1849
417 1884
418 1152
418 1244
419 872
419 1015
419 1043
419 1992
420 434
420 875
420 1212
420 1277
420 1981
421 1952
422 593
422 792
422 942
422 1434
422 1678
422 1840
422 1846
423 1319
423 1395
423 1429
423 1797
425 1512
425 1918
427 548
427 552
427 983
427 1923
428 503
428 1042
428 1308
429 1312
430 594
430 1426
430 1658
431 928
431 1848
432 513
432 1431
432 1775
433 573
433 1552
436 440
436 1172
436 1551
436 1597
436 1741
436 1983
437 1065
437 1086
437 1419
438 1699
438 1742
438 1777
439 871
439 1402
440 804
440 1527
440 1702
441 637
441 792
441 1184
441 1276
441 1334
442 1274
443 490
443 933
443 1085
443 1116
443 1528
443 1644
444 609
444 1750
445 1203
445 1381
447 482
447 578
447 784
447 1102
447 1987
448 576
448 1241
448 1319
448 1566
449 651
449 1259
449 1769
450 567
450 735
450 1275
450 1374
450 1446
451 1795
452 1989
453 543
453 1203
453 1551
454 856
454 895
454 1282
454 1891
455 734
455 1431
455 1748
455 1862
456 1428
457 1211
457 1637
458 1500
458 1570
459 1108
460 863
460 1793
461 1013
461 1583
462 652
462 920
462 1299
462 1824
464 890
465 1152
466 671
466 1211
466 1724
466 1829
467 783
467 861
467 1000
467 1008
467 1139
467 1950
468 733
468 949
468 1354
468 1469
468 1977
469 485
469 880
469 886
470 592
470 627
470 885
470 1390
471 472
471 795
471 1639
471 1660
471 1881
472 592
472 817
472 1176
472 1399
472 1853
472 1892
472 1940
473 482
473 683
473 879
473 1121
473 1723
474 1321
474 1602
475 587
475 640
475 763
475 1421
475 1606
475 1745
476 1455
476 1964
477 514
477 633
477 760
477 1373
477 1468
478 1573
478 1580
479 871
479 1304
479 1611
479 1862
479 1898
480 675
481 1172
481 1567
481 1584
482 903
482 1062
482 1877
483 735
483 1156
483 1174
484 1780
484 1867
485 781
485 838
485 1513
486 925
486 1674
487 1033
487 1035
487 1226
488 868
488 938
489 704
489 918
489 1892
490 631
490 729
490 1304
491 1380
492 967
492 1215
492 1558
492 1678
493 1421
493 1574
493 1879
494 824
494 1472
494 1487
494 1969
495 726
495 841
495 924
495 1136
495 1454
495 1797
496 1163
497 529
497 1014
497 1332
497 1704
498 586
498 735
498 750
498 1256
498 1674
500 1081
501 640
501 955
501 962
502 1175
502 1291
502 1624
502 1643
502 1891
503 1088
503 1362
504 1092
505 853
505 1670
506 681
506 810
506 1061
506 1074
506 1640
506 1675
506 1774
507 1848
507 1971
508 1773
509 1169
510 700
510 745
510 1015
510 1181
510 1838
510 1880
510 1937
511 647
512 899
512 972
512 1334
512 1571
513 811
513 968
513 1134
513 1153
513 1599
513 1934
514 541
514 658
514 1147
514 1675
517 582
517 906
517 1102
517 1211
517 1660
517 1920
518 1164
519 1828
520 873
520 1053
520 1142
520 1595
520 1692
520 1986
521 1767
522 902
522 1790
523 1604
523 1724
524 1300
524 1942
525 582
525 1009
525 1071
525 1532
526 1368
527 1136
527 1531
527 1871
528 1490
528 1984
529 637
529 921
529 1558
530 862
530 1028
530 1329
530 1793
531 1006
531 1241
531 1532
531 1663
531 1882
532 905
532 1050
532 1236
532 1508
532 1606
532 1692
533 556
533 824
533 945
533 1749
534 645
534 1249
534 1337
534 1643
534 1833
535 571
535 592
535 824
535 1851
536 910
537 1391
537 1476
537 1717
537 1975
538 1608
538 1757
538 1828
540 617
540 821
540 836
540 956
540 1215
540 1244
540 1496
541 750
541 883
541 904
541 1294
541 1311
541 1324
541 1374
541 1499
542 702
542 732
542 1430
543 628
543 1214
543 1492
544 938
544 1154
544 1484
545 905
545 996
545 1437
545 1928
546 627
546 951
546 964
546 1306
547 886
547 1394
547 1648
547 1650
547 1665
548 713
548 1054
548 1068
548 1134
548 1268
548 1395
548 1561
549 1117
549 1352
549 1908
550 650
550 653
550 957
550 1716
550 1885
551 680
551 741
551 1297
551 1948
551 1987
552 643
552 1621
552 1691
552 1881
553 1243
553 1279
553 1888
553 1943
555 574
556 584
556 727
556 1255
556 1819
557 732
557 981
558 1058
558 1159
558 1686
559 1092
559 1764
560 866
560 1003
561 770
562 768
562 845
562 1806
562 1897
563 1513
563 1780
564 784
564 1241
564 1560
565 1288
565 1499
565 1814
566 1957
567 1344
567 1794
568 715
569 1085
570 752
570 1412
570 1837
570 1993
571 1178
571 1705
572 806
572 1561
573 1281
573 1530
573 1828
575 967
576 881
576 1151
576 1300
577 980
577 1655
578 617
578 772
578 978
578 1292
578 1616
578 1736
578 1740
578 1920
579 1586
579 1854
580 744
580 1450
580 1476
580 1850
581 911
581 1031
582 1653
583 1436
583 1516
583 1792
583 1839
584 691
584 1944
585 1170
586 632
586 753
586 920
586 1120
586 1320
587 1071
587 1450
589 806
589 1693
589 1699
590 789
590 894
590 1314
590 1466
590 1922
590 1937
590 1995
591 1313
591 1325
591 1541
592 625
592 866
592 1454
592 1522
593 1231
593 1296
593 1588
593 1593
594 891
594 1326
594 1490
595 704
595 1559
596 602
596 1724
597 1165
597 1378
597 1691
598 608
598 633
598 735
598 1049
598 1339
598 1893
599 648
599 1442
599 1686
600 1063
600 1428
600 1604
602 735
603 1970
604 767
604 1319
605 739
605 1427
605 1580
605 1973
606 1027
606 1456
607 891
607 1929
608 735
608 1696
608 1944
609 849
609 1615
610 998
610 1127
611 1055
611 1212
612 1341
613 1296
613 1845
614 925
614 1647
615 853
615 1465
615 1573
615 1739
615 1959
616 979
617 900
617 1144
617 1435
617 1673
617 1932
618 666
618 1855
619 874
619 1791
619 1946
620 1113
621 916
622 1239
623 869
623 885
623 990
623 1738
624 803
624 864
624 1331
625 1477
625 1597
625 1922
626 1337
626 1920
627 736
627 1584
627 1860
628 729
628 1455
628 1669
629 1067
629 1405
629 1564
630 775
630 849
630 974
630 1550
631 830
631 892
631 979
631 1411
631 1601
632 720
632 793
632 1660
632 1953
633 726
633 1106
633 1639
633 1700
634 836
634 1716
634 1773
635 1306
635 1745
635 1933
637 1053
637 1595
638 708
638 720
638 1023
638 1317
638 1823
639 798
639 925
639 1324
639 1402
639 1709
639 1719
639 1788
640 807
640 1121
640 1663
640 1827
640 1837
641 738
642 896
643 965
643 1107
643 1567
643 1637
643 1806
644 1247
644 1428
644 1437
645 954
645 1006
645 1080
645 1366
645 1745
645 1962
646 958
647 833
647 1263
647 1385
647 1544
648 1840
650 900
650 1313
650 1498
650 1508
650 1674
651 832
651 1093
651 1316
652 795
652 1508
653 915
653 1868
654 1602
654 1729
655 884
655 1488
656 946
657 690
657 1057
658 688
658 1240
659 1692
660 1470
660 1567
660 1602
660 1659
661 1182
661 1614
663 957
663 1049
663 1601
664 982
665 1190
666 880
666 1122
666 1241
666 1469
667 890
667 916
667 1063
667 1090
667 1705
668 1240
668 1288
669 1852
670 1057
670 1420
670 1567
670 1763
670 1938
671 1168
672 1390
672 1834
673 748
673 1731
674 1217
675 943
675 1066
675 1847
676 1361
676 1891
677 914
677 1101
677 1260
677 1953
677 1979
678 799
678 819
678 953
678 1011
679 1433
679 1604
679 1794
680 1568
680 1573
680 1693
681 1906
682 768
682 912
683 810
683 1781
683 1829
684 1329
685 732
685 1003
685 1312
686 1356
686 1714
687 812
687 1063
687 1671
688 960
688 961
688 1560
689 1116
690 801
690 1686
691 912
691 1077
691 1100
692 983
692 1005
692 1054
692 1110
692 1161
692 1195
692 1421
692 1782
693 1176
693 1701
694 916
694 1090
694 1329
694 1833
694 1929
695 1436
696 888
696 1432
696 1549
696 1605
696 1853
697 752
697 1562
698 1821
699 861
699 1303
699 1356
700 820
700 839
700 1079
700 1299
700 1508
700 1785
701 839
701 1830
701 1916
702 1047
702 1125
702 1306
702 1797
703 1439
703 1586
704 716
704 1559
704 1865
705 1030
705 1150
705 1965
706 1265
706 1485
706 1685
707 889
707 1422
708 900
708 1189
709 915
709 1372
709 1373
709 1533
709 1586
710 1043
710 1737
710 1824
711 891
711 1644
711 1834
712 1361
712 1585
712 1730
712 1808
712 1891
713 1241
713 1410
713 1663
714 1319
714 1695
715 892
715 956
715 1032
716 816
716 875
716 952
716 1458
716 1786
717 875
718 766
718 1704
719 794
720 1631
720 1950
721 1045
722 1718
723 1955
724 1871
725 1097
725 1497
726 817
726 1053
726 1905
727 1238
727 1586
727 1862
728 982
728 1016
729 998
729 1248
729 1383
730 778
730 1285
731 812
732 1318
732 1473
734 1410
734 1556
735 751
735 759
735 962
735 1189
735 1277
735 1416
735 1770
736 1076
736 1943
737 947
737 1389
737 1618
737 1781
738 991
738 1356
738 1885
740 1026
740 1681
740 1749
741 905
741 969
741 1856
741 1969
742 1449
743 916
743 1182
743 1818
744 814
745 800
745 1068
745 1084
746 1298
746 1761
747 1618
749 868
749 1261
749 1320
749 1749
749 1865
749 1910
750 1180
750 1649
750 1970
751 1452
752 761
752 1816
753 847
753 1018
753 1269
753 1285
753 1566
754 1345
755 1103
756 975
756 1862
756 1973
757 1100
757 1229
757 1761
758 966
758 1183
758 1671
758 1788
759 1084
759 1923
760 1137
760 1686
760 1789
760 1822
761 1824
762 1260
762 1568
762 1998
763 850
763 1344
763 1395
763 1519
764 1111
764 1176
764 1443
764 1529
765 1219
766 1080
766 1319
766 1589
766 1600
766 1772
766 1816
766 1878
767 1762
768 911
769 1915
770 812
770 886
770 1164
770 1259
770 1330
771 775
771 1143
771 1448
772 1070
773 1169
773 1545
774 1008
774 1927
775 1382
775 1391
775 1838
775 1847
775 1986
776 1212
776 1892
778 1140
778 1548
779 1184
779 1617
780 934
780 1306
780 1465
781 892
781 1145
781 1326
782 1440
782 1441
782 1594
782 1912
783 1425
784 1252
784 1835
785 829
787 883
787 1811
788 1335
788 1496
788 1699
789 861
789 1700
790 1171
790 1387
791 950
791 969
791 1118
791 1887
792 1334
792 1472
792 1558
793 1036
794 1247
794 1330
794 1429
795 884
795 1106
795 1681
795 1760
795 1769
795 1994
796 1868
797 1467
797 1626
797 1722
797 1792
798 1526
799 1090
799 1846
799 1851
800 1101
800 1959
801 815
801 851
801 921
804 887
804 1578
804 1845
804 1911
805 1615
806 1070
806 1541
807 1484
808 921
808 1256
808 1404
808 1760
809 1094
809 1107
811 850
811 1545
811 1863
812 1204
812 1473
812 1884
813 815
813 870
813 1020
813 1058
813 1395
814 828
814 1237
815 1526
815 1683
817 1819
818 1015
818 1367
818 1737
819 1174
819 1371
820 1714
820 1783
822 1645
823 1596
823 1940
823 1965
824 915
825 1571
826 1222
826 1246
827 1144
827 1257
827 1346
827 1784
828 951
828 1544
829 1076
830 975
830 1181
830 1666
830 1813
830 1920
831 929
831 1375
831 1602
831 1657
832 868
832 1045
832 1269
832 1448
832 1741
832 1904
832 1968
833 1415
833 1526
834 962
834 1938
835 1074
835 1642
836 908
836 1164
837 1338
837 1376
837 1466
837 1828
838 889
838 1111
838 1544
838 1644
838 1996
839 920
839 1005
839 1206
840 1029
840 1598
841 1764
842 1137
842 1141
842 1159
842 1499
842 1706
843 1257
844 1209
844 1599
844 1820
844 1885
845 1080
845 1990
846 921
848 1254
848 1478
849 1944
850 976
850 1545
850 1742
850 1786
852 1236
853 1830
854 896
854 1351
854 1930
855 1138
855 1223
855 1390
857 1000
857 1505
857 1894
859 1030
859 1208
859 1266
860 873
860 971
860 1593
860 1749
861 932
861 967
861 1208
861 1263
861 1305
861 1426
861 1620
861 1632
862 1319
863 1144
863 1586
865 1954
867 1259
867 1569
868 923
869 1893
869 1929
870 1248
870 1470
870 1873
871 1013
871 1473
871 1999
872 1504
873 918
873 1674
873 1830
873 1834
874 1161
875 1107
875 1252
875 1298
876 947
876 1900
877 1816
878 1194
879 1152
879 1224
879 1685
881 1079
881 1273
881 1481
881 1752
882 883
882 1179
883 1091
883 1274
883 1779
883 1881
884 1005
884 1059
885 1383
885 1521
885 1974
886 1147
886 1484
886 1661
887 1000
888 1878
889 1161
889 1485
889 1678
890 1800
891 1073
891 1129
892 1179
892 1657
893 1578
893 1946
894 995
894 1361
894 1442
895 1363
896 943
897 1634
897 1703
898 959
898 1660
899 1064
899 1285
899 1936
900 1148
900 1421
900 1587
900 1958
902 1832
903 1265
903 1398
903 1912
904 1366
904 1931
905 1015
905 1601
907 1412
908 1057
908 1134
908 1328
909 1985
910 1303
910 1624
910 1766
910 1871
911 1136
912 1614
913 1295
913 1892
914 1189
914 1227
914 1450
914 1634
914 1680
915 1839
915 1997
916 1660
917 1546
918 941
918 1942
919 1571
920 1059
920 1580
920 1676
921 994
921 1325
921 1755
922 1253
923 1115
923 1291
923 1309
925 1025
925 1839
926 1839
927 979
927 1449
927 1837
929 1491
929 1790
930 1335
931 1647
932 1031
932 1398
933 1446
934 1470
934 1566
935 1055
935 1071
935 1115
935 1347
935 1352
935 1369
936 947
936 1792
937 1467
938 1027
938 1908
939 1450
940 1827
941 1247
942 1452
943 1007
943 1576
944 1258
944 1488
944 1558
945 1785
945 1897
945 1951
946 1067
946 1978
947 1473
947 1500
947 1714
947 1716
947 1765
948 1427
948 1538
948 1768
949 1098
949 1633
949 1965
950 1178
950 1309
950 1345
950 1514
951 1025
951 1146
951 1639
951 1681
952 1420
952 1694
952 1743
953 1908
954 1641
954 1776
955 1106
955 1287
955 1344
956 1478
956 1856
957 1509
957 1539
957 1618
957 1769
958 1373
958 1756
958 1988
959 1182
959 1780
961 1744
962 1341
962 1752
962 1786
963 1074
963 1086
963 1313
963 1503
963 1701
964 1371
965 1168
965 1344
966 1553
966 1878
967 994
967 1041
967 1624
968 1497
968 1592
969 1965
970 1329
970 1419
970 1814
971 1755
971 1861
972 988
972 1603
973 1070
973 1090
973 1373
974 1491
974 1665
974 1823
975 1059
975 1484
975 1743
976 1501
977 1223
978 1153
978 1397
978 1583
980 1169
981 984
981 1348
981 1592
983 1010
983 1161
983 1539
984 1153
985 1111
985 1125
985 1348
985 1550
985 1599
986 1012
987 1479
987 1776
988 1173
989 1155
989 1918
990 1367
990 1640
990 1965
991 1110
991 1524
992 1659
994 1124
994 1921
995 1372
995 1571
996 1163
996 1739
997 1236
998 1853
998 1871
999 1499
1000 1379
1001 1258
1001 1499
1001 1509
1003 1274
1003 1409
1005 1555
1005 1583
1007 1171
1007 1372
1007 1782
1008 1195
1008 1996
1009 1122
1009 1275
1009 1674
1010 1426
1011 1866
1012 1088
1012 1417
1012 1623
1013 1041
1015 1165
1015 1771
1016 1046
1016 1089
1016 1569
1017 1384
1017 1983
1018 1449
1018 1483
1018 1994
1019 1376
1019 1739
1020 1086
1020 1485
1021 1095
1021 1837
1023 1107
1023 1519
1023 1958
1024 1599
1025 1451
1025 1803
1026 1495
1027 1988
1028 1758
1029 1193
1030 1031
1030 1043
1030 1077
1030 1372
1030 1953
1032 1068
1032 1147
1033 1151
1033 1527
1034 1399
1034 1968
1035 1173
1035 1373
1035 1456
1036 1763
1036 1861
1037 1840
1038 1086
1038 1967
1038 1976
1039 1886
1040 1095
1040 1587
1040 1965
1041 1853
1042 1159
1042 1310
1042 1817
1043 1744
1044 1403
1044 1486
1045 1388
1045 1598
1045 1665
1047 1289
1047 1629
1049 1278
1050 1165
1050 1232
1051 1970
1052 1345
1052 1774
1053 1094
1053 1752
1053 1808
1053 1832
1053 1999
1054 1095
1054 1610
1055 1193
1055 1348
1055 1703
1056 1722
1057 1444
1057 1794
1058 1678
1058 1747
1058 1754
1059 1993
1060 1353
1061 1218
1061 1683
1061 1995
1062 1464
1062 1660
1063 1138
1065 1078
1065 1426
1067 1092
1067 1190
1067 1768
1068 1224
1069 1105
1070 1359
1070 1596
1071 1110
1071 1224
1071 1336
1071 1665
1072 1342
1072 1646
1072 1947
1073 1983
1074 1477
1074 1755
1075 1379
1075 1402
1075 1557
1076 1907
1078 1481
1078 1569
1078 1649
1078 1666
1078 1953
1078 1959
1081 1186
1081 1655
1081 1825
1083 1168
1083 1365
1083 1432
1083 1664
1084 1581
1084 1613
1085 1311
1085 1587
1087 1742
1088 1206
1089 1106
1089 1277
1089 1431
1090 1269
1090 1443
1091 1133
1092 1285
1092 1310
1092 1587
1094 1332
1095 1099
1097 1541
1098 1505
1099 1831
1099 1870
1100 1351
1100 1362
1100 1858
1103 1201
1103 1724
1103 1873
1106 1292
1106 1658
1108 1350
1108 1744
1109 1932
1111 1462
1111 1488
1111 1558
1111 1594
1111 1842
1111 1924
1112 1190
1112 1309
1112 1581
1112 1595
1112 1698
1113 1265
1113 1271
1113 1755
1113 1968
1114 1393
1114 1678
1115 1134
1115 1581
1115 1644
1115 1732
1117 1756
1117 1801
1118 1908
1119 1134
1119 1731
1120 1471
1120 1481
1120 1648
1121 1305
1121 1865
1121 1974
1122 1530
1123 1466
1123 1572
1124 1186
1124 1440
1124 1620
1125 1261
1125 1453
1125 1802
1126 1150
1126 1433
1126 1436
1127 1184
1127 1630
1128 1280
1129 1217
1129 1327
1129 1633
1130 1636
1131 1759
1131 1870
1132 1719
1132 1784
1133 1158
1133 1217
1133 1307
1133 1542
1133 1674
1134 1357
1134 1708
1136 1448
1137 1438
1137 1543
1137 1558
1137 1705
1137 1802
1138 1222
1138 1237
1138 1525
1138 1594
1139 1217
1139 1829
1140 1850
1141 1231
1142 1268
1142 1907
1142 1983
1143 1364
1144 1161
1144 1309
1144 1660
1144 1674
1144 1891
1146 1751
1147 1552
1147 1780
1148 1561
1149 1637
1149 1928
1150 1418
1151 1170
1151 1430
1151 1818
1152 1917
1153 1918
1154 1676
1155 1161
1155 1867
1156 1213
1156 1338
1156 1975
1157 1414
1159 1682
1161 1831
1161 1897
1162 1273
1163 1950
1164 1506
1165 1471
1165 1782
1165 1997
1167 1570
1168 1428
1168 1459
1168 1773
1169 1311
1169 1705
1170 1711
1173 1215
1174 1460
1174 1582
1174 1692
1174 1992
1176 1506
1176 1564
1179 1287
1179 1471
1180 1290
1180 1353
1181 1282
1181 1652
1182 1763
1182 1783
1184 1393
1185 1775
1186 1855
1187 1244
1187 1702
1187 1758
1187 1885
1188 1403
1188 1903
1189 1317
1189 1486
1190 1399
1190 1616
1191 1758
1191 1856
1192 1308
1192 1628
1195 1305
1195 1486
1195 1650
1196 1761
1198 1468
1198 1677
1199 1287
1199 1434
1199 1514
1199 1561
1200 1627
1201 1483
1201 1498
1201 1965
1202 1310
1203 1388
1203 1806
1204 1376
1204 1617
1206 1366
1207 1240
1207 1949
1208 1237
1208 1540
1208 1986
1209 1236
1209 1440
1210 1607
1212 1269
1212 1378
1212 1515
1213 1491
1213 1670
1213 1964
1215 1474
1215 1950
1215 1974
1216 1535
1216 1790
1216 1874
1217 1388
1217 1441
1218 1337
1218 1636
1219 1803
1219 1841
1219 1886
1219 1921
1220 1681
1221 1427
1221 1448
1222 1375
1222 1719
1223 1393
1223 1963
1225 1420
1226 1318
1226 1371
1226 1425
1226 1490
1226 1738
1226 1941
1227 1710
1229 1267
1229 1883
1230 1540
1230 1679
1231 1407
1233 1319
1233 1358
1233 1602
1233 1968
1234 1317
1235 1295
1235 1431
1235 1595
1235 1791
1236 1362
1236 1845
1237 1443
1237 1489
1238 1515
1240 1506
1240 1574
1240 1969
1242 1576
1242 1608
1243 1741
1245 1902
1249 1850
1250 1251
1250 1717
1250 1745
1252 1306
1252 1688
1254 1305
1254 1645
1254 1906
1254 1957
1255 1899
1256 1365
1256 1723
1257 1944
1258 1281
1258 1930
1259 1422
1259 1434
1259 1662
1260 1825
1261 1266
1261 1566
1262 1683
1262 1811
1263 1563
1265 1412
1265 1646
1265 1922
1266 1440
1267 1534
1267 1965
1268 1589
1269 1451
1269 1705
1270 1607
1270 1624
1270 1625
1271 1299
1271 1436
1272 1565
1272 1762
1273 1660
1274 1287
1274 1512
1274 1883
1275 1952
1276 1887
1277 1922
1278 1577
1278 1961
1279 1696
1279 1918
1279 1978
1280 1815
1281 1574
1281 1757
1281 1775
1283 1591
1285 1302
1285 1385
1285 1651
1285 1975
1286 1372
1286 1617
1286 1805
1286 1977
1289 1332
1289 1736
1290 1466
1292 1626
1292 1824
1292 1974
1295 1494
1295 1552
1296 1422
1296 1702
1297 1507
1297 1874
1298 1478
1298 1729
1300 1412
1300 1553
1300 1792
1302 1544
1302 1551
1303 1323
1303 1532
1303 1696
1303 1703
1303 1923
1305 1572
1305 1685
1306 1522
1307 1621
1307 1849
1307 1890
1308 1531
1309 1679
1309 1723
1309 1937
1310 1494
1310 1949
1313 1838
1315 1499
1316 1737
1318 1349
1318 1877
1319 1481
1319 1484
1320 1492
1321 1825
1322 1471
1322 1627
1322 1912
1323 1780
1324 1705
1325 1695
1325 1915
1326 1460
1326 1883
1327 1758
1327 1826
1328 1424
1328 1560
1329 1595
1329 1736
1329 1904
1330 1963
1331 1517
1331 1870
1333 1739
1334 1537
1334 1947
1335 1453
1336 1439
1336 1517
1337 1453
1337 1603
1338 1453
1338 1817
1339 1536
1339 1963
1340 1363
1340 1739
1340 1996
1341 1717
1342 1493
1342 1595
1343 1874
1344 1446
1344 1981
1346 1772
1346 1814
1347 1365
1347 1368
1347 1402
1347 1833
1348 1500
1349 1719
1350 1742
1350 1879
1352 1561
1353 1985
1354 1618
1355 1822
1356 1414
1357 1498
1357 1775
1357 1993
1358 1373
1358 1847
1358 1987
1359 1845
1360 1650
1360 1888
1361 1380
1361 1901
1361 1953
1362 1612
1362 1843
1364 1577
1364 1621
1365 1419
1366 1584
1366 1801
1367 1693
1367 1791
1368 1424
1369 1739
1370 1377
1370 1946
1371 1699
1372 1838
1372 1881
1373 1511
1374 1501
1375 1895
1377 1422
1377 1674
1379 1628
1379 1905
1380 1604
1381 1426
1383 1729
1383 1854
1383 1943
1384 1507
1384 1706
1384 1902
1385 1548
1386 1666
1386 1684
1387 1611
1388 1729
1390 1414
1392 1666
1392 1823
1392 1962
1393 1544
1394 1953
1395 1684
1397 1501
1397 1714
1397 1722
1397 1862
1398 1638
1398 1689
1399 1952
1401 1927
1403 1893
1405 1996
1406 1716
1406 1838
1409 1716
1410 1654
1413 1707
1413 1927
1413 1984
1415 1823
1415 1995
1416 1607
1417 1602
1418 1424
1418 1534
1418 1558
1418 1740
1421 1889
1422 1891
1423 1999
1424 1905
1424 1936
1425 1890
1427 1471
1427 1718
1427 1875
1429 1731
1429 1943
1430 1478
1430 1631
1431 1523
1431 1817
1435 1700
1435 1819
1438 1550
1439 1610
1440 1491
1440 1653
1441 1523
1441 1762
1442 1561
1442 1724
1444 1943
1447 1501
1447 1698
1447 1713
1450 1918
1451 1567
1453 1551
1453 1885
1454 1704
1455 1834
1455 1913
1456 1474
1456 1569
1456 1634
1456 1801
1457 1479
1457 1671
1459 1832
1461 1759
1462 1856
1464 1503
1465 1722
1466 1743
1466 1929
1470 1579
1472 1797
1474 1763
1475 1623
1475 1858
1477 1595
1477 1671
1478 1625
1478 1672
1479 1624
1480 1735
1480 1849
1481 1679
1481 1872
1482 1738
1484 1955
1484 1970
1485 1588
1485 1746
1485 1747
1486 1539
1487 1589
1488 1686
1489 1841
1490 1846
1490 1937
1490 1961
1491 1978
1492 1909
1493 1937
1495 1665
1495 1700
1496 1890
1498 1935
1500 1523
1500 1748
1500 1933
1501 1856
1502 1631
1504 1518
1504 1880
1505 1797
1506 1593
1506 1771
1510 1713
1510 1993
1511 1827
1511 1864
1511 1872
1512 1620
1512 1993
1513 1757
1513 1934
1520 1765
1525 1732
1526 1833
1527 1878
1528 1565
1529 1668
1529 1797
1529 1938
1530 1760
1531 1952
1532 1775
1532 1843
1532 1945
1533 1616
1534 1683
1535 1763
1536 1622
1539 1752
1539 1905
1539 1916
1542 1605
1542 1724
1544 1708
1547 1783
1547 1921
1547 1931
1548 1626
1548 1865
1548 1998
1549 1965
1550 1887
1551 1834
1552 1569
1552 1925
1553 1937
1555 1855
1556 1567
1556 1963
1557 1578
1557 1774
1561 1906
1563 1627
1564 1931
1564 1981
1566 1624
1567 1730
1567 1942
1568 1749
1569 1835
1571 1658
1576 1596
1577 1706
1578 1960
1580 1950
1581 1657
1582 1740
1582 1743
1582 1973
1584 1751
1584 1888
1585 1635
1585 1735
1586 1633
1586 1829
1588 1709
1590 1981
1592 1678
1592 1802
1594 1882
1598 1640
1598 1853
1599 1761
1602 1900
1603 1754
1604 1633
1604 1866
1604 1916
1607 1854
1608 1887
1608 1977
1611 1900
1616 1618
1617 1636
1617 1844
1621 1626
1621 1682
1621 1719
1621 1998
1623 1775
1625 1700
1626 1678
1629 1765
1630 1695
1632 1869
1633 1983
1634 1718
1634 1775
1637 1652
1639 1823
1642 1811
1643 1734
1643 1969
1645 1820
1646 1795
1647 1850
1647 1996
1648 1816
1648 1853
1648 1922
1649 1802
1649 1906
1649 1978
1652 1860
1652 1966
1653 1890
1656 1987
1657 1949
1658 1861
1661 1736
1662 1922
1663 1731
1663 1778
1664 1753
1665 1677
1666 1812
1667 1882
1668 1826
1672 1788
1673 1818
1674 1896
1687 1832
1688 1944
1690 1741
1691 1961
1694 1911
1699 1774
1699 1884
1702 1743
1702 1859
1703 1985
1705 1989
1713 1738
1714 1791
1715 1812
1716 1885
1717 1726
1718 1957
1720 1893
1721 1931
1723 1738
1725 1781
1728 1921
1730 1844
1731 1863
1738 1949
1740 1952
1744 1981
1746 1796
1746 1890
1748 1938
1748 1964
1750 1863
1756 1933
1759 1952
1759 1957
1761 1868
1764 1924
1770 1823
1770 1966
1771 1911
1775 1999
1777 1784
1779 1789
1779 1915
1783 1820
1789 1829
1793 1809
1793 1960
1796 1993
1798 1909
1803 1892
1804 1981
1807 1858
1809 1992
1812 1827
1813 1940
1814 1821
1814 1980
1815 1929
1822 1834
1822 1879
1828 1887
1829 1837
1834 1972
1838 1922
1842 1854
1845 1914
1845 1949
1851 1967
1855 1856
1855 1984
1858 1883
1858 1967
1860 1995
1861 1911
1862 1987
1869 1991
1873 1927
1881 1977
1884 1946
1887 1971
1888 1897
1888 1907
1888 1916
1894 1927
1902 1911
1902 1936
1903 1995
1915 1933
1918 1931
1921 1969
1926 1944
1930 1977
1931 1979
1953 1987
1965 1991
1983 1984
