0 302
0 469
0 1686
0 1702
1 66
1 191
1 242
1 480
1 570
1 1609
2 440
2 779
2 821
2 845
2 991
2 1104
3 1285
3 1350
4 380
4 1502
4 1877
5 105
5 695
5 737
5 1999
6 180
6 1364
6 1462
7 226
7 1170
8 220
8 556
8 1448
8 1830
9 287
9 299
9 486
9 745
9 1350
9 1589
9 1924
9 1941
10 68
10 271
10 707
10 779
10 1109
10 1388
10 1852
10 1972
11 1186
11 1257
11 1341
11 1640
11 1981
12 260
12 505
12 1963
13 141
13 342
13 424
13 1114
13 1299
14 276
14 524
14 953
14 1387
14 1404
15 264
15 1416
16 223
16 1234
17 139
17 304
17 425
17 634
17 1149
17 1227
17 1269
17 1629
17 1658
18 364
18 1080
18 1120
18 1453
18 1506
18 1584
18 1655
18 1881
19 514
19 1471
20 480
20 843
20 1244
21 1022
21 1348
21 1883
22 179
22 307
22 1398
22 1637
23 219
24 471
24 1078
25 424
25 1030
25 1262
26 1479
26 1978
27 1486
28 412
28 1057
29 79
29 698
29 860
29 1328
29 1399
29 1699
29 1973
30 657
30 947
30 1055
30 1380
30 1830
31 344
31 536
31 1130
31 1217
31 1444
31 1709
32 919
32 980
32 1982
33 364
33 632
33 674
33 1632
34 709
34 1144
34 1248
34 1469
34 1483
34 1602
34 1868
34 1948
35 566
35 580
35 1255
35 1349
36 171
36 566
36 838
36 989
37 166
37 847
37 1727
38 148
38 196
38 1228
38 1426
38 1427
38 1749
39 975
39 1109
39 1199
39 1234
39 1368
40 582
40 726
40 921
40 1019
40 1530
40 1646
42 1100
42 1187
42 1669
42 1778
43 227
43 574
43 1849
44 361
44 1120
44 1366
45 68
45 640
45 672
45 1048
46 71
46 707
46 779
46 810
47 306
47 706
47 1083
47 1130
47 1225
47 1517
48 70
48 436
48 1754
48 1966
48 1980
49 676
49 755
49 973
49 1930
50 239
50 535
50 846
50 1410
50 1693
50 1707
50 1832
51 130
51 272
51 737
51 1378
51 1527
51 1537
52 509
52 1226
52 1415
53 845
53 1006
53 1902
54 138
54 403
54 1407
54 1473
54 1647
55 500
55 1285
55 1519
56 299
56 501
56 578
56 790
56 1570
56 1844
57 286
57 1659
57 1806
58 169
58 732
58 1030
58 1800
58 1844
59 592
59 1833
60 429
60 433
60 1418
61 251
61 259
61 776
62 215
62 764
62 1024
62 1729
62 1886
63 457
63 543
63 1445
64 265
64 734
64 1367
65 1222
66 264
66 472
66 643
66 874
66 904
66 1479
66 1513
66 1796
67 121
67 191
67 364
67 694
67 1744
67 1850
67 1956
68 352
68 621
68 1061
68 1339
68 1608
68 1994
70 365
70 1009
71 200
71 625
71 1172
72 495
72 1129
72 1505
74 239
74 787
74 1062
74 1152
74 1992
75 958
75 1177
75 1288
76 308
76 738
76 1500
77 387
77 869
78 669
78 772
79 294
79 548
79 595
79 829
79 884
79 1553
79 1975
80 521
80 834
80 1045
80 1739
81 479
82 258
82 537
82 1256
83 615
83 1561
83 1581
83 1982
83 1997
84 735
84 955
85 235
85 919
85 1038
86 223
86 1894
87 469
87 1012
88 736
88 759
88 905
88 1905
89 661
89 1349
89 1836
89 1952
90 399
90 1496
90 1637
91 195
91 1550
91 1588
91 1643
92 190
92 690
92 809
93 421
94 340
94 621
94 825
94 1134
94 1172
94 1386
94 1650
95 314
95 432
95 1472
95 1538
96 203
96 326
96 733
96 951
96 996
96 1133
96 1321
96 1562
96 1890
97 548
97 967
97 1332
98 1824
99 416
99 1846
100 227
100 448
100 1088
100 1471
100 1625
101 667
102 924
102 1091
102 1416
102 1740
103 252
103 401
103 1149
103 1159
103 1298
103 1585
104 710
104 979
104 1396
104 1438
104 1567
105 1898
105 1992
105 1993
106 431
106 514
106 1212
106 1429
106 1543
106 1717
107 1156
107 1392
107 1616
107 1686
108 116
108 370
108 407
108 1526
108 1970
109 1117
109 1429
109 1559
109 1766
110 765
110 1051
110 1365
110 1772
111 238
111 625
111 1068
111 1342
112 622
112 1466
112 1583
112 1729
113 261
113 947
113 1120
113 1129
113 1227
114 764
114 1209
114 1708
115 373
115 1102
115 1234
115 1906
116 869
116 1131
116 1334
116 1447
116 1604
116 1984
117 450
117 587
117 1778
117 1854
117 1862
118 1084
119 1954
120 535
120 607
120 1416
120 1587
120 1592
121 144
121 828
121 1132
121 1402
122 1810
122 1870
123 348
123 1023
123 1090
124 207
124 591
124 1186
124 1813
125 134
125 171
125 518
125 742
125 981
125 1354
125 1383
125 1480
125 1705
125 1873
125 1893
126 609
126 613
126 971
126 1488
126 1780
127 566
127 766
127 817
127 1110
127 1301
127 1607
127 1648
127 1712
127 1947
128 1584
129 637
129 718
129 859
130 403
130 703
131 228
131 268
131 502
131 513
132 1452
133 795
133 1024
133 1082
133 1701
134 823
135 630
135 699
135 855
135 1589
136 261
136 921
137 366
137 1758
138 247
138 519
138 1096
138 1554
138 1652
138 1908
139 349
139 563
139 598
139 1185
139 1324
139 1514
139 1652
140 186
140 1808
140 1875
141 397
141 1419
141 1525
143 961
143 1805
143 1927
144 493
144 1052
144 1247
144 1344
144 1927
145 542
145 560
145 1241
145 1407
145 1471
145 1761
146 1814
147 491
147 915
147 1297
148 689
148 801
148 1038
148 1376
148 1999
149 811
149 1103
149 1643
149 1771
150 535
150 549
150 604
151 398
151 1389
151 1868
151 1915
152 350
152 1612
153 1071
153 1295
153 1367
154 258
154 339
154 1159
155 260
155 468
155 920
155 946
155 1410
155 1423
155 1836
156 828
156 1126
156 1349
156 1611
157 233
157 324
157 807
157 1211
157 1220
157 1318
157 1491
158 368
158 737
158 1263
158 1691
158 1877
159 909
159 1015
159 1708
160 651
160 1755
161 772
161 1050
161 1325
161 1580
161 1681
161 1822
162 426
162 473
162 540
162 830
162 1577
163 605
163 1062
163 1184
164 719
164 1439
165 174
165 572
165 804
165 937
165 1466
166 1020
166 1174
166 1362
166 1977
167 469
167 894
167 1547
168 937
168 1464
168 1474
169 1241
169 1338
170 1151
170 1182
171 1308
172 1196
173 748
173 977
173 1371
173 1862
174 312
174 770
174 1349
174 1450
175 338
175 644
175 1553
175 1851
176 221
176 652
176 699
176 1027
176 1210
176 1661
176 1831
177 468
177 576
177 1573
177 1601
177 1883
177 1993
178 452
178 924
178 1581
179 481
179 993
180 560
180 1172
180 1406
181 921
182 702
182 1057
182 1233
182 1338
182 1412
183 755
183 833
183 1083
184 428
184 1256
184 1648
184 1843
184 1919
185 726
185 1084
185 1445
186 448
186 1790
187 303
187 686
188 384
188 1348
188 1447
188 1712
189 239
189 587
189 964
190 193
190 421
190 762
191 383
191 653
191 1072
191 1547
191 1707
192 1206
193 479
193 836
193 889
193 1614
193 1969
194 330
194 618
194 685
194 1149
194 1367
194 1774
194 1781
195 416
195 886
196 1150
196 1253
196 1469
196 1624
197 454
197 697
197 1480
197 1795
198 595
198 624
198 1127
198 1512
198 1630
199 277
199 775
199 1458
199 1788
199 1976
200 217
200 1562
200 1583
201 1193
201 1506
201 1518
201 1538
202 569
202 1199
202 1275
202 1532
203 805
203 1600
203 1704
203 1757
204 1386
206 419
206 699
206 768
206 872
206 1068
206 1242
206 1332
206 1849
207 253
207 813
207 1222
207 1518
208 543
208 1885
209 1685
210 715
210 867
210 1084
210 1100
210 1321
210 1622
210 1922
211 409
211 653
211 789
211 1354
212 278
212 471
212 641
212 1000
212 1408
212 1521
212 1908
213 225
213 565
213 691
213 1293
213 1403
214 543
214 1094
214 1675
215 406
216 531
216 951
216 995
216 1289
216 1348
216 1377
216 1385
216 1394
216 1716
216 1829
217 499
217 533
217 1417
217 1626
217 1850
218 515
218 583
218 1717
219 363
219 443
219 447
220 847
220 893
220 1969
221 345
221 1226
221 1467
221 1805
222 746
222 1246
222 1669
223 614
223 979
223 1509
223 1837
223 1957
224 1735
224 1924
225 299
225 514
225 1066
225 1886
226 809
226 1711
226 1816
226 1864
227 450
227 762
227 1581
227 1809
228 670
228 1180
228 1368
230 1260
230 1973
231 353
231 1330
231 1944
232 870
232 906
232 1645
232 1762
233 1062
233 1302
234 653
234 907
234 1589
234 1769
235 585
235 1434
235 1648
236 319
236 555
237 567
237 682
237 796
237 876
237 986
237 1979
238 553
238 865
238 1174
238 1261
238 1322
238 1903
239 429
239 747
239 1370
240 569
240 757
240 1375
241 243
241 1175
242 1051
243 850
243 1015
243 1258
243 1573
243 1684
244 1007
244 1236
244 1995
245 251
245 300
245 351
245 1024
245 1708
245 1801
245 1916
246 657
246 839
246 1211
246 1312
246 1380
247 805
247 824
247 1461
247 1489
248 261
248 812
248 1591
249 621
249 662
249 1613
249 1752
250 724
250 1435
251 579
251 880
251 956
251 1122
252 862
252 890
252 1269
252 1921
253 276
253 386
253 501
253 815
253 1412
253 1975
254 276
254 851
254 870
254 980
254 1345
254 1855
255 849
255 1191
255 1652
255 1946
256 539
256 763
256 870
256 1561
256 1657
256 1724
256 1817
257 266
257 751
257 1186
257 1782
258 1012
259 425
259 550
259 1186
260 415
260 621
260 822
260 1101
260 1140
260 1307
260 1649
260 1834
260 1900
260 1966
261 1351
262 1489
262 1921
263 386
263 685
263 1376
263 1726
264 383
264 861
264 1376
264 1605
264 1762
264 1965
265 689
265 690
265 1424
265 1828
265 1973
266 374
266 631
266 850
266 1021
266 1542
266 1712
268 271
268 1006
268 1129
268 1315
268 1343
268 1539
269 1130
269 1609
270 1134
270 1362
270 1604
270 1822
271 698
271 1182
272 848
272 1128
273 628
273 750
273 1355
273 1399
274 456
274 571
274 1136
274 1151
275 590
275 1259
275 1627
276 1872
278 297
278 1849
279 1223
279 1319
279 1829
280 560
280 1169
280 1565
280 1764
280 1768
281 493
281 530
281 786
281 1277
281 1621
282 526
282 918
282 1958
283 491
283 1042
283 1130
283 1625
283 1689
284 443
284 577
284 899
284 1050
285 493
285 1492
285 1709
285 1861
285 1884
286 1049
286 1283
286 1425
286 1760
286 1992
287 657
287 721
287 1853
288 496
289 334
289 578
289 924
289 1236
290 459
290 633
290 1106
291 292
291 406
291 1476
291 1506
291 1838
292 841
292 870
292 1440
292 1775
292 1935
293 627
293 780
293 1031
293 1594
293 1674
294 658
294 810
294 902
294 1773
295 455
295 766
295 783
295 1617
295 1718
295 1800
296 953
296 1863
297 348
297 1591
298 380
298 435
298 515
298 737
298 932
299 679
299 1206
299 1291
299 1948
300 596
300 704
300 775
300 1370
300 1456
300 1514
300 1917
300 1951
301 1995
302 324
302 1017
303 786
303 1007
304 407
304 574
304 755
304 797
304 857
304 1155
305 371
305 442
305 458
305 750
305 941
305 1053
305 1330
306 321
306 1140
306 1540
306 1775
307 598
307 673
307 974
307 1214
307 1819
308 813
308 1537
308 1644
308 1816
309 935
310 382
310 1312
310 1590
311 992
312 660
312 668
312 973
312 1032
312 1310
312 1334
312 1637
313 1010
314 463
314 854
314 1000
314 1838
315 621
315 644
315 717
315 857
315 1797
316 1732
316 1853
317 332
317 614
317 986
317 1624
318 1458
318 1630
318 1643
319 1069
319 1094
319 1469
319 1715
320 548
320 571
320 684
320 687
320 861
320 1654
320 1991
321 637
321 1054
321 1080
322 599
322 1340
323 888
323 1167
323 1946
323 1987
324 1829
325 659
326 645
326 661
326 864
326 1172
326 1226
326 1710
326 1851
327 338
327 823
327 1063
327 1800
327 1904
328 516
328 1579
328 1711
328 1712
329 479
329 783
330 1166
330 1659
331 606
331 934
331 1227
331 1676
332 996
332 1464
333 1706
334 726
334 1105
334 1149
334 1976
335 1740
336 1232
336 1279
336 1517
336 1525
337 781
337 1670
337 1963
338 502
338 1034
338 1399
339 1160
339 1870
340 554
340 616
340 771
340 917
340 1134
340 1276
340 1643
340 1724
341 669
342 610
342 1339
342 1617
343 365
343 403
343 1636
344 629
344 1865
345 1582
346 768
346 1290
346 1540
346 1551
346 1865
347 588
347 653
347 1196
347 1254
347 1921
348 510
348 1419
348 1540
348 1732
349 439
349 847
349 1460
349 1645
349 1708
349 1997
350 705
350 965
350 1196
350 1219
350 1475
350 1746
351 1032
351 1047
351 1135
351 1432
352 813
352 1068
352 1493
352 1540
352 1999
353 1148
353 1323
353 1559
354 1843
355 895
355 1215
355 1246
356 921
356 1112
357 1272
357 1278
357 1673
357 1930
358 1196
358 1506
358 1945
358 1946
359 365
359 825
359 1485
360 532
360 1841
361 420
361 819
361 911
361 1370
361 1665
362 408
362 1305
363 1806
364 443
364 1665
364 1864
364 1915
365 391
365 802
365 1332
365 1783
365 1948
366 406
366 454
366 828
367 857
367 1011
368 665
368 992
368 1036
368 1518
368 1682
369 396
369 562
369 647
369 741
370 808
370 1734
371 412
371 1431
371 1776
372 544
372 1349
372 1525
372 1764
373 672
373 1071
373 1075
373 1192
373 1362
374 1185
374 1434
375 450
375 508
375 657
375 1222
375 1508
376 919
376 1072
376 1083
376 1609
377 499
377 1160
378 632
379 1630
379 1908
379 1922
380 841
380 1043
380 1473
380 1636
381 488
381 655
381 1173
381 1584
382 621
382 780
382 1257
382 1663
382 1820
383 401
383 618
384 1552
384 1887
385 415
385 605
385 1593
385 1965
386 932
386 1186
386 1379
386 1489
386 1875
387 1891
388 480
388 772
388 984
388 1150
388 1274
388 1812
389 779
389 875
389 941
390 659
390 795
390 1710
391 456
391 740
391 824
391 1738
391 1792
392 1099
392 1197
392 1861
393 1942
393 1981
394 1068
394 1255
395 411
395 1168
395 1181
395 1640
396 900
397 990
397 1110
397 1649
397 1804
398 710
399 1042
400 971
400 1021
400 1046
400 1115
400 1564
401 883
401 1489
401 1724
402 615
402 631
402 632
402 1073
402 1171
404 956
404 974
404 1686
405 632
405 1813
405 1849
406 454
406 1882
407 608
407 705
407 1545
408 669
408 953
408 1213
408 1839
410 812
410 1496
411 1911
411 1929
411 1976
412 1074
412 1687
412 1790
413 642
413 1216
413 1254
413 1919
413 1998
414 655
414 1030
414 1071
414 1942
415 909
415 1285
416 1067
416 1643
417 881
417 1166
417 1702
418 1006
418 1188
418 1805
419 924
419 932
419 1017
421 1041
421 1174
421 1431
422 1267
422 1716
423 883
423 1167
424 1170
424 1322
424 1333
424 1541
426 503
426 1182
426 1364
426 1797
426 1891
427 1048
427 1547
427 1953
427 1990
428 1207
428 1615
428 1860
428 1913
429 575
429 678
429 958
429 1921
430 833
430 1202
430 1348
430 1590
431 738
431 1195
431 1269
431 1531
432 759
432 1407
432 1466
432 1810
432 1936
433 1093
433 1343
434 481
434 1541
435 1061
435 1585
436 684
436 709
436 790
436 1008
436 1202
436 1273
436 1365
436 1821
437 1294
437 1854
438 1869
439 1046
439 1225
439 1538
439 1959
440 897
440 1487
441 1808
442 926
442 965
442 1031
443 500
443 1143
443 1396
444 880
444 1992
445 630
445 1616
446 778
446 946
446 1389
446 1441
446 1658
447 912
447 931
447 1361
448 1436
448 1553
449 1284
450 880
450 1078
450 1398
450 1883
451 1626
451 1734
451 1753
451 1872
452 913
452 1246
452 1683
453 519
453 1855
454 665
454 995
454 1418
455 1090
455 1307
455 1606
455 1718
455 1765
456 542
456 1226
456 1873
456 1878
457 507
457 694
457 1284
457 1739
457 1770
458 479
458 953
458 1051
458 1189
458 1298
458 1948
459 1320
459 1502
459 1807
460 706
460 967
460 1149
460 1584
460 1655
460 1868
460 1941
460 1943
460 1964
461 549
461 721
461 1120
461 1576
462 969
462 1103
463 953
463 999
463 1107
464 706
464 719
464 1306
464 1352
464 1385
464 1544
464 1571
465 1405
467 909
467 1219
467 1985
468 1000
468 1126
469 996
470 806
470 1330
470 1817
471 783
471 1667
471 1703
471 1792
472 636
472 886
472 1052
472 1286
473 1385
473 1809
474 1356
474 1851
474 1871
475 639
476 1131
476 1956
477 745
477 1997
478 1224
479 608
479 1297
479 1309
480 612
480 931
480 1374
480 1690
480 1892
480 1898
481 737
481 1725
482 1078
483 832
483 951
483 955
483 989
483 1057
483 1613
483 1915
484 1213
484 1753
485 602
485 644
485 869
485 1139
485 1782
486 1178
486 1285
486 1405
486 1598
487 597
487 1352
487 1514
487 1675
488 884
488 934
488 1064
488 1302
488 1683
488 1870
489 829
489 848
490 639
490 1382
490 1651
490 1905
491 972
492 862
492 1354
492 1487
493 527
493 1998
495 1091
495 1142
496 546
497 624
497 799
497 1027
498 573
499 510
499 1206
499 1760
500 657
501 990
502 958
502 1170
502 1293
502 1689
503 546
503 1249
503 1382
503 1661
503 1796
503 1952
504 549
504 1404
504 1728
504 1734
504 1818
504 1860
505 732
506 891
506 1005
506 1103
506 1228
507 526
507 881
508 1045
509 1109
509 1386
509 1491
509 1560
510 1404
510 1504
511 1102
511 1822
511 1857
512 611
512 1483
512 1529
513 1235
514 909
514 1227
515 582
515 1822
516 953
516 1760
517 725
517 1834
519 894
519 1331
519 1613
520 571
521 1890
522 1325
522 1560
522 1588
523 931
523 1332
523 1455
524 952
524 1099
524 1317
524 1517
524 1595
525 794
525 1067
525 1157
525 1225
525 1497
525 1695
526 545
526 1063
526 1294
526 1822
526 1851
527 616
527 1305
528 955
528 1297
530 1033
530 1638
530 1756
530 1944
530 1972
531 613
531 718
531 1351
531 1703
531 1908
532 566
532 637
532 1322
532 1384
533 1179
533 1967
534 1048
534 1354
534 1524
534 1614
534 1704
534 1996
535 602
535 1161
535 1172
535 1538
535 1558
535 1572
535 1720
535 1860
536 1156
536 1321
537 1659
537 1804
537 1926
538 1664
539 893
539 1106
539 1579
539 1925
540 563
540 1025
540 1355
540 1387
540 1586
540 1977
541 1153
541 1802
542 642
542 1530
543 947
543 1309
543 1661
544 616
544 1369
544 1544
544 1676
544 1690
544 1781
545 554
545 639
545 658
545 842
545 1336
546 613
546 1194
546 1719
547 1612
547 1867
548 1374
548 1392
548 1539
548 1810
549 654
549 727
549 966
550 952
550 983
550 1153
550 1353
551 653
551 928
551 1162
551 1216
551 1442
552 661
552 980
552 1298
552 1351
552 1882
553 920
553 1364
553 1675
554 800
554 1077
554 1687
555 628
555 932
555 954
555 1268
555 1280
555 1369
556 974
556 1898
557 785
557 837
557 1477
557 1571
557 1578
557 1813
558 994
559 575
559 1131
559 1259
559 1730
560 1062
560 1108
561 1196
562 847
562 1610
562 1924
562 1932
563 1331
563 1344
563 1856
564 661
564 1009
565 703
565 865
565 1234
565 1236
565 1665
567 612
567 1999
568 830
568 940
568 1720
569 640
569 1823
569 1940
570 793
570 991
570 1137
570 1733
571 583
571 1876
571 1914
571 1966
572 1064
573 1779
574 689
574 989
574 1280
575 904
575 1151
575 1451
577 744
577 1311
577 1436
578 1142
578 1855
578 1901
579 657
579 1057
579 1063
579 1840
580 1845
580 1905
581 747
581 1066
581 1173
581 1274
581 1945
582 864
582 1016
582 1092
582 1235
582 1603
582 1851
583 695
583 1309
584 716
584 965
584 1628
585 1140
585 1978
586 1066
586 1377
587 659
587 1634
587 1730
587 1879
588 949
588 973
589 647
589 657
589 1188
589 1620
589 1808
590 1469
591 1650
591 1723
591 1909
592 699
592 1004
593 915
593 1415
594 1082
594 1586
595 863
596 1254
597 919
597 1582
597 1699
597 1844
598 1286
598 1770
599 828
599 1107
599 1479
599 1872
600 761
600 998
600 1425
600 1574
600 1695
601 1652
601 1680
602 1600
603 880
603 1414
604 1197
604 1457
606 814
606 1205
606 1769
606 1874
607 1983
608 891
608 1015
608 1853
608 1994
609 741
609 1094
610 698
610 874
610 1967
611 842
611 843
611 1178
612 702
612 1964
613 1254
613 1500
614 1516
614 1659
615 694
615 723
615 1304
615 1908
615 1992
616 828
616 1221
616 1443
617 736
617 1717
618 1239
618 1474
619 797
619 1779
619 1997
620 718
621 674
621 1391
621 1700
622 904
622 1458
622 1595
622 1627
622 1686
623 899
623 1065
623 1414
623 1481
623 1677
623 1966
624 893
625 1882
626 1226
627 1072
627 1418
627 1769
628 1213
629 764
629 869
629 988
629 1308
630 694
631 792
631 1344
632 658
632 1431
632 1443
632 1788
633 740
633 1780
634 1173
634 1762
635 1647
635 1650
635 1694
636 641
636 739
636 1380
636 1472
636 1490
636 1926
637 777
637 998
637 1118
637 1956
638 1778
638 1839
639 1390
639 1539
639 1903
640 1226
640 1854
641 1233
641 1751
641 1831
642 1649
642 1780
643 689
643 737
643 847
643 864
643 886
645 1261
645 1427
645 1741
645 1839
646 1510
647 1202
648 1688
648 1704
648 1804
649 1028
649 1220
650 1770
652 732
652 778
652 952
652 1254
652 1882
653 720
653 771
653 908
654 840
654 860
654 1014
654 1650
655 1462
655 1491
656 1395
656 1763
656 1859
657 842
658 1590
659 738
659 1967
660 761
660 997
660 1545
660 1668
660 1883
662 1359
662 1475
662 1484
663 1038
663 1053
664 1762
664 1803
665 958
665 1867
666 772
666 967
667 1585
668 745
668 1309
668 1875
668 1890
670 687
670 1675
671 1142
671 1391
671 1490
671 1516
671 1640
672 677
672 1369
672 1591
673 707
673 911
673 1193
673 1484
673 1912
674 855
674 1228
674 1492
675 1313
676 1384
677 1639
677 1782
678 807
678 926
678 963
678 1141
678 1151
678 1154
678 1709
679 1025
679 1373
679 1416
679 1510
680 785
680 1264
680 1988
681 689
681 1018
681 1540
681 1684
682 726
682 1521
683 1104
683 1293
684 853
684 976
684 1016
684 1292
684 1622
685 1214
685 1221
685 1280
685 1637
685 1680
685 1818
686 854
686 1337
686 1864
687 1526
687 1548
687 1581
688 772
688 1396
688 1859
689 740
690 852
690 1010
690 1606
690 1783
690 1849
691 1259
691 1581
692 1179
692 1751
692 1963
693 1698
694 706
694 1433
694 1702
695 1929
695 1969
696 1958
696 1980
697 1077
697 1325
697 1349
697 1536
697 1875
698 1872
699 1578
700 1110
700 1832
701 851
701 913
701 1770
701 1912
701 1995
702 766
702 922
702 1234
702 1772
702 1884
703 1465
704 1505
704 1998
705 1698
706 715
706 810
706 1395
707 915
707 1470
708 997
708 1550
709 1137
709 1561
709 1654
710 1431
710 1666
710 1670
710 1732
710 1894
711 888
711 1833
712 1509
714 1232
714 1466
714 1948
715 810
715 1614
715 1791
715 1830
716 816
716 1568
716 1685
716 1950
717 839
717 856
717 1207
717 1210
718 927
718 1064
718 1716
718 1873
719 1043
719 1202
719 1266
719 1737
719 1971
719 1978
720 740
720 1718
720 1861
721 1383
721 1484
721 1979
722 824
722 1356
722 1357
723 749
723 785
723 1364
723 1660
723 1671
724 1586
725 1342
725 1531
726 848
726 1237
727 846
727 850
727 907
727 1261
727 1703
727 1968
728 1934
729 1608
730 1440
731 1295
731 1321
731 1370
731 1791
732 1493
732 1796
733 1597
734 1028
734 1264
734 1826
735 1490
735 1740
736 857
736 1503
736 1678
737 1877
739 1164
739 1474
740 1642
740 1966
741 827
741 1489
742 834
742 1147
742 1149
742 1285
742 1972
744 1842
744 1856
745 768
746 855
746 1646
747 935
747 1421
747 1741
748 957
748 994
748 1007
748 1119
748 1221
748 1531
749 847
749 1476
750 1020
750 1303
751 1064
751 1197
751 1625
751 1903
752 1200
752 1483
753 1326
753 1583
753 1805
754 890
754 1138
755 944
755 1015
755 1550
756 844
756 1128
756 1303
756 1634
757 1986
758 1478
758 1639
758 1723
758 1785
760 820
760 1140
760 1409
761 954
761 1540
761 1932
762 956
762 1274
762 1290
762 1378
762 1804
763 1242
763 1521
765 956
765 1061
765 1542
766 911
766 1385
766 1400
766 1705
767 948
767 1421
768 1016
769 1571
770 1185
770 1353
770 1852
771 875
771 958
771 1255
771 1854
771 1967
772 837
772 940
772 980
772 1063
772 1759
773 1419
773 1579
773 1821
773 1950
774 797
774 1243
774 1371
775 866
775 1378
776 814
776 936
776 1079
776 1227
776 1604
776 1710
777 1972
778 1042
779 1672
780 837
780 932
780 1059
780 1605
781 887
782 841
783 828
784 1147
784 1497
784 1767
784 1992
785 880
785 1374
786 842
786 1939
787 893
787 1604
788 966
788 1091
788 1734
788 1749
788 1789
789 1164
790 995
791 1194
791 1937
793 1235
793 1516
796 1037
796 1679
796 1689
797 1359
797 1459
798 1099
799 892
799 965
799 992
800 1348
800 1475
800 1616
800 1794
801 1222
801 1283
801 1370
801 1520
801 1713
801 1918
803 851
803 1750
804 1335
804 1457
804 1478
805 848
805 1272
805 1366
806 829
806 931
806 982
806 1089
806 1707
807 963
807 1592
807 1779
808 999
808 1432
808 1791
809 873
809 1264
809 1493
809 1704
809 1871
810 1001
810 1725
810 1757
811 1126
811 1327
811 1825
812 1241
812 1377
812 1564
812 1610
812 1614
812 1985
814 900
814 1019
814 1674
814 1866
815 1052
815 1079
815 1335
816 862
816 1578
816 1692
817 1192
817 1503
817 1594
817 1912
818 1364
818 1679
819 1113
819 1404
819 1508
819 1515
819 1945
820 1293
821 879
822 997
822 1345
822 1350
822 1881
823 1482
823 1552
824 895
824 1487
824 1552
825 832
825 1322
826 1215
826 1611
827 1683
827 1782
827 1887
829 1266
829 1736
830 890
832 901
832 989
832 1180
833 914
833 1447
834 997
834 1423
835 1020
835 1738
836 1098
836 1387
836 1979
836 1982
837 1174
837 1882
838 1075
838 1102
838 1218
839 1360
840 1740
841 1262
841 1925
842 1217
842 1462
842 1463
844 1343
844 1666
844 1872
845 1231
845 1275
845 1295
845 1405
845 1524
846 1282
846 1363
846 1628
847 1566
847 1732
847 1972
848 972
848 1147
848 1340
848 1719
849 1020
850 1156
851 1303
851 1705
852 855
852 998
852 1035
852 1855
853 1175
853 1604
853 1709
853 1904
854 1122
854 1569
855 1230
855 1301
856 1404
857 1197
857 1502
858 951
858 1526
858 1869
860 1178
860 1434
861 1023
861 1443
861 1863
862 905
862 1339
862 1693
862 1859
862 1899
863 1744
864 1043
864 1175
864 1468
865 886
865 1025
866 1059
866 1618
866 1684
866 1908
866 1911
867 1059
867 1218
867 1444
867 1543
868 896
868 1086
868 1780
869 1022
869 1731
869 1979
870 874
870 927
870 998
870 1129
870 1216
870 1449
870 1625
871 1188
871 1425
871 1430
871 1746
871 1931
873 1145
873 1826
875 888
875 1028
875 1849
876 1093
876 1379
876 1545
876 1997
877 1029
878 1826
879 1172
879 1791
880 1065
880 1182
880 1247
880 1384
880 1409
880 1456
881 1373
881 1415
881 1929
882 906
882 998
883 936
883 1251
883 1299
883 1328
883 1392
884 1237
884 1480
884 1539
884 1624
885 1720
885 1746
886 1231
886 1508
886 1877
886 1934
887 1044
888 939
888 1313
888 1677
889 1682
889 1686
890 1118
892 1003
892 1378
892 1758
894 973
894 1084
895 1157
896 1491
897 923
897 1564
897 1856
898 1268
898 1358
898 1732
898 1754
898 1912
899 1635
899 1710
899 1721
899 1959
900 992
900 1093
900 1642
900 1941
901 1112
901 1533
901 1781
901 1880
902 941
902 968
902 1473
902 1613
903 950
903 1643
903 1852
904 1158
904 1305
904 1356
904 1444
905 1038
905 1740
906 1627
906 1754
907 1366
907 1575
909 1241
909 1281
909 1304
909 1687
909 1951
911 1176
911 1964
912 1095
912 1375
912 1893
913 1090
913 1352
914 1762
915 1400
915 1448
915 1510
916 1460
917 1592
917 1788
918 1110
918 1240
918 1344
918 1796
919 1258
919 1319
919 1501
919 1624
920 1036
920 1136
920 1737
921 962
921 1157
921 1235
921 1504
922 1081
922 1162
922 1664
923 998
923 1454
923 1601
925 995
925 1016
925 1047
925 1094
925 1302
925 1903
926 1221
926 1273
927 941
927 1863
927 1889
929 1413
929 1476
929 1583
929 1584
929 1802
930 1088
930 1351
931 1045
931 1391
931 1421
932 1266
932 1601
933 1211
933 1470
933 1536
933 1697
933 1874
933 1887
934 1299
934 1955
935 1359
936 1240
936 1795
937 1012
937 1555
937 1873
938 1872
940 1023
941 1211
941 1541
942 1129
942 1677
943 1388
943 1862
944 1334
944 1544
944 1964
945 1158
945 1324
948 1140
948 1365
948 1535
948 1586
948 1932
949 960
949 1490
949 1542
949 1647
950 1143
950 1460
950 1472
951 1100
951 1117
951 1166
951 1669
951 1902
952 979
952 1271
952 1516
952 1968
952 1970
953 1009
953 1477
953 1981
954 1232
955 1910
956 1484
957 1064
957 1477
958 1014
958 1147
958 1935
959 1165
960 1151
960 1276
960 1440
961 1373
961 1483
962 1318
963 1754
964 1169
964 1403
964 1460
965 1374
965 1974
967 1045
967 1283
967 1494
968 1035
968 1872
969 1469
969 1537
970 1212
970 1748
971 1468
971 1535
972 1207
972 1269
972 1559
972 1644
972 1739
973 976
973 1024
974 1143
974 1151
974 1363
974 1587
975 1522
975 1580
975 1659
975 1818
975 1859
976 980
976 1595
976 1864
977 1554
978 1235
978 1422
978 1925
978 1927
979 1015
980 1142
980 1261
981 1043
981 1941
981 1992
982 1344
982 1714
983 1916
984 1131
984 1810
985 1300
985 1589
985 1691
988 1083
988 1352
988 1471
990 1850
990 1889
991 1141
991 1170
991 1618
991 1717
992 1499
992 1820
995 1169
995 1826
996 1029
996 1388
996 1430
996 1487
997 1374
997 1547
997 1642
1000 1344
1000 1366
1000 1433
1000 1925
1001 1357
1001 1930
1002 1461
1002 1660
1002 1826
1003 1767
1004 1201
1004 1282
1004 1365
1004 1455
1006 1675
1006 1781
1006 1900
1007 1988
1008 1188
1009 1286
1009 1968
1011 1207
1011 1210
1012 1896
1013 1178
1013 1307
1013 1935
1014 1088
1015 1420
1015 1963
1016 1936
1017 1663
1017 1673
1017 1720
1018 1839
1019 1553
1020 1361
1020 1488
1020 1892
1021 1516
1022 1152
1022 1936
1023 1396
1023 1879
1024 1306
1025 1391
1026 1282
1026 1773
1027 1747
1027 1936
1028 1286
1030 1638
1032 1572
1033 1305
1033 1638
1034 1372
1035 1120
1035 1561
1035 1580
1036 1112
1036 1541
1036 1767
1037 1134
1038 1606
1038 1965
1039 1087
1039 1222
1039 1259
1039 1324
1040 1936
1041 1042
1041 1684
1041 1996
1042 1132
1042 1785
1043 1056
1043 1507
1044 1992
1045 1610
1045 1712
1046 1710
1047 1101
1047 1675
1047 1745
1048 1125
1049 1121
1049 1245
1049 1395
1049 1647
1049 1995
1050 1347
1050 1684
1050 1771
1051 1567
1051 1571
1051 1617
1051 1657
1051 1761
1051 1821
1052 1325
1052 1482
1052 1524
1052 1850
1052 1961
1053 1430
1053 1608
1055 1070
1055 1112
1056 1350
1056 1602
1056 1873
1057 1259
1057 1302
1058 1216
1058 1577
1058 1752
1058 1850
1059 1623
1059 1920
1059 1928
1060 1267
1060 1557
1061 1284
1061 1402
1062 1129
1062 1453
1063 1720
1063 1949
1065 1100
1065 1758
1065 1807
1065 1861
1065 1897
1066 1494
1066 1953
1067 1746
1068 1234
1069 1561
1071 1128
1071 1300
1071 1344
1071 1969
1072 1704
1073 1515
1074 1184
1074 1256
1074 1343
1074 1406
1075 1293
1075 1297
1076 1273
1076 1395
1076 1948
1077 1995
1078 1230
1079 1652
1081 1187
1081 1415
1082 1561
1082 1975
1085 1089
1085 1677
1086 1262
1086 1304
1086 1609
1086 1664
1087 1938
1088 1686
1088 1690
1089 1110
1090 1178
1090 1964
1092 1555
1093 1243
1093 1882
1093 1901
1094 1116
1094 1149
1094 1836
1094 1872
1095 1341
1095 1775
1096 1579
1096 1615
1096 1936
1097 1551
1097 1637
1097 1928
1098 1209
1098 1919
1099 1128
1100 1294
1101 1338
1101 1734
1102 1745
1102 1865
1103 1450
1104 1420
1104 1669
1104 1796
1104 1882
1105 1851
1106 1881
1107 1378
1107 1562
1109 1279
1109 1612
1111 1200
1111 1739
1112 1405
1112 1745
1112 1881
1113 1505
1113 1719
1115 1889
1116 1584
1116 1961
1117 1260
1119 1602
1120 1675
1121 1535
1122 1773
1123 1553
1123 1905
1124 1733
1124 1993
1128 1290
1128 1485
1128 1540
1128 1831
1128 1868
1129 1794
1129 1822
1129 1895
1131 1828
1134 1895
1135 1736
1137 1492
1137 1744
1137 1831
1138 1594
1138 1845
1139 1578
1139 1948
1140 1237
1140 1434
1140 1985
1141 1173
1141 1339
1142 1871
1144 1246
1145 1874
1146 1874
1146 1886
1146 1929
1147 1160
1147 1451
1147 1459
1147 1665
1148 1445
1148 1748
1148 1983
1150 1365
1150 1677
1150 1698
1150 1860
1150 1878
1151 1438
1151 1539
1152 1572
1152 1857
1153 1525
1153 1948
1155 1988
1156 1204
1157 1517
1157 1746
1158 1252
1159 1650
1159 1825
1159 1862
1160 1787
1161 1394
1161 1761
1162 1288
1162 1537
1162 1739
1162 1777
1162 1795
1164 1243
1164 1564
1165 1429
1166 1263
1166 1638
1167 1679
1168 1448
1168 1452
1168 1617
1169 1529
1169 1570
1169 1648
1170 1290
1170 1468
1171 1619
1173 1313
1173 1362
1174 1418
1174 1561
1175 1288
1177 1409
1177 1459
1180 1243
1180 1658
1180 1737
1180 1909
1181 1254
1182 1315
1182 1718
1183 1524
1183 1865
1184 1531
1184 1819
1185 1951
1186 1558
1188 1457
1188 1640
1190 1248
1190 1944
1191 1542
1191 1692
1192 1299
1193 1436
1193 1619
1193 1782
1196 1870
1196 1874
1196 1909
1197 1307
1197 1525
1197 1700
1199 1752
1200 1505
1200 1682
1202 1705
1202 1848
1203 1243
1203 1784
1204 1270
1204 1881
1204 1988
1205 1532
1205 1807
1207 1479
1207 1971
1208 1281
1208 1477
1209 1343
1209 1405
1210 1555
1212 1454
1212 1491
1212 1525
1213 1807
1213 1983
1214 1261
1214 1549
1214 1825
1214 1910
1215 1529
1215 1961
1216 1246
1216 1459
1216 1474
1216 1673
1216 1743
1217 1802
1217 1864
1219 1506
1219 1666
1219 1771
1220 1690
1221 1249
1221 1290
1221 1661
1221 1822
1223 1380
1224 1799
1225 1519
1225 1708
1225 1799
1226 1365
1226 1540
1226 1658
1227 1302
1228 1467
1229 1576
1229 1943
1231 1304
1231 1547
1231 1980
1232 1750
1232 1797
1233 1276
1233 1278
1234 1576
1235 1436
1236 1269
1236 1640
1237 1440
1237 1477
1237 1884
1239 1293
1239 1430
1240 1987
1240 1999
1241 1928
1242 1642
1242 1686
1242 1727
1243 1290
1243 1698
1244 1879
1245 1258
1245 1621
1245 1750
1247 1936
1248 1477
1250 1905
1251 1382
1251 1482
1252 1986
1253 1944
1254 1374
1254 1529
1254 1863
1254 1954
1255 1534
1255 1845
1256 1632
1256 1667
1257 1581
1257 1936
1258 1553
1258 1608
1259 1403
1259 1655
1259 1877
1259 1996
1260 1943
1260 1959
1261 1737
1261 1897
1262 1887
1264 1804
1265 1783
1266 1341
1268 1628
1268 1987
1269 1537
1270 1653
1271 1589
1271 1699
1272 1294
1272 1631
1273 1906
1274 1904
1275 1455
1275 1947
1276 1298
1276 1499
1276 1785
1277 1341
1277 1426
1277 1825
1277 1986
1278 1750
1278 1835
1279 1423
1280 1483
1280 1532
1280 1873
1281 1774
1283 1348
1283 1911
1284 1994
1285 1398
1285 1666
1285 1699
1285 1702
1286 1310
1286 1411
1286 1658
1286 1924
1287 1303
1288 1323
1288 1546
1288 1930
1289 1628
1289 1947
1291 1453
1291 1549
1291 1862
1292 1294
1292 1849
1292 1881
1292 1911
1293 1944
1294 1527
1295 1620
1295 1964
1296 1776
1296 1789
1297 1798
1298 1798
1298 1863
1299 1568
1299 1736
1299 1951
1300 1403
1302 1593
1303 1612
1304 1357
1304 1695
1304 1777
1305 1897
1305 1911
1305 1917
1306 1437
1306 1580
1307 1980
1308 1818
1309 1457
1311 1845
1312 1650
1312 1727
1312 1869
1313 1909
1313 1935
1314 1920
1315 1414
1315 1996
1316 1547
1317 1479
1317 1566
1319 1822
1321 1526
1321 1688
1321 1916
1324 1914
1325 1609
1326 1457
1326 1561
1326 1566
1327 1531
1330 1393
1330 1784
1330 1930
1331 1518
1331 1555
1332 1590
1335 1898
1336 1775
1337 1392
1339 1351
1339 1467
1339 1678
1340 1346
1340 1860
1340 1935
1341 1401
1342 1415
1342 1421
1342 1452
1342 1567
1342 1886
1343 1999
1346 1423
1346 1483
1346 1678
1346 1827
1348 1415
1349 1514
1350 1859
1350 1870
1351 1641
1351 1904
1351 1979
1352 1804
1356 1554
1358 1628
1359 1796
1360 1912
1360 1935
1364 1583
1365 1374
1365 1785
1365 1812
1366 1373
1366 1819
1367 1518
1367 1653
1368 1466
1368 1556
1371 1612
1371 1998
1372 1383
1372 1389
1372 1999
1374 1405
1374 1765
1375 1952
1376 1549
1376 1562
1376 1605
1377 1949
1378 1406
1378 1474
1381 1492
1382 1889
1383 1518
1383 1610
1383 1724
1383 1804
1384 1515
1384 1909
1385 1573
1385 1978
1387 1672
1388 1443
1388 1652
1388 1683
1389 1479
1389 1638
1390 1833
1391 1553
1391 1664
1392 1565
1392 1883
1393 1880
1394 1460
1396 1914
1397 1618
1398 1410
1399 1452
1401 1994
1403 1649
1403 1724
1406 1475
1406 1639
1407 1712
1408 1543
1408 1578
1408 1616
1408 1813
1409 1518
1410 1803
1410 1863
1411 1458
1411 1635
1411 1919
1411 1961
1412 1700
1412 1851
1414 1816
1414 1883
1416 1491
1417 1772
1417 1901
1418 1534
1420 1594
1420 1790
1420 1838
1421 1889
1423 1972
1424 1550
1424 1742
1425 1485
1425 1651
1425 1984
1426 1826
1429 1531
1430 1618
1431 1555
1431 1997
1432 1960
1434 1751
1434 1858
1436 1606
1437 1819
1437 1992
1438 1627
1440 1518
1440 1529
1441 1770
1442 1808
1442 1938
1444 1573
1447 1547
1447 1703
1448 1830
1449 1487
1449 1902
1451 1509
1451 1966
1453 1595
1453 1817
1454 1535
1454 1609
1455 1512
1456 1675
1457 1635
1458 1470
1458 1552
1458 1595
1458 1611
1458 1740
1459 1647
1460 1630
1460 1706
1463 1884
1464 1556
1465 1711
1467 1783
1467 1945
1468 1644
1469 1558
1469 1632
1469 1728
1470 1624
1471 1585
1471 1832
1472 1962
1473 1637
1473 1986
1473 1987
1474 1945
1474 1992
1477 1773
1477 1905
1478 1638
1479 1938
1481 1676
1482 1573
1483 1719
1483 1797
1483 1928
1484 1518
1484 1730
1488 1564
1488 1637
1488 1726
1489 1600
1489 1663
1491 1722
1492 1704
1493 1658
1493 1890
1494 1784
1495 1496
1495 1619
1495 1882
1497 1534
1497 1655
1499 1657
1501 1762
1502 1795
1507 1836
1508 1889
1508 1903
1511 1812
1513 1825
1515 1694
1516 1538
1516 1799
1516 1817
1516 1991
1520 1632
1520 1760
1522 1529
1523 1551
1525 1552
1525 1969
1526 1793
1529 1862
1533 1676
1534 1567
1535 1711
1540 1560
1542 1688
1544 1612
1544 1806
1544 1935
1545 1948
1547 1589
1548 1987
1550 1605
1551 1928
1553 1839
1555 1999
1556 1735
1556 1762
1556 1941
1558 1904
1561 1984
1563 1796
1565 1567
1565 1951
1568 1829
1568 1841
1569 1655
1569 1764
1572 1682
1572 1806
1573 1591
1574 1715
1574 1954
1575 1802
1575 1833
1576 1975
1578 1974
1579 1997
1580 1874
1580 1952
1581 1704
1583 1678
1587 1764
1588 1760
1588 1878
1588 1921
1589 1713
1590 1812
1590 1827
1590 1916
1592 1622
1593 1741
1593 1885
1594 1801
1595 1614
1595 1966
1597 1767
1598 1868
1599 1804
1600 1778
1600 1919
1601 1774
1601 1910
1602 1801
1604 1669
1604 1711
1605 1830
1606 1841
1606 1967
1607 1773
1608 1697
1608 1835
1610 1965
1611 1623
1611 1980
1612 1831
1612 1836
1614 1636
1614 1638
1614 1673
1615 1977
1616 1737
1616 1760
1617 1952
1619 1712
1620 1745
1620 1751
1621 1739
1622 1866
1622 1931
1623 1885
1625 1961
1628 1661
1629 1666
1633 1963
1635 1636
1635 1792
1639 1807
1639 1972
1641 1947
1644 1862
1650 1885
1651 1967
1652 1693
1652 1740
1653 1966
1654 1789
1655 1670
1659 1663
1664 1772
1670 1998
1671 1857
1673 1942
1674 1831
1674 1891
1677 1691
1677 1853
1680 1805
1680 1835
1681 1858
1687 1867
1688 1700
1689 1857
1693 1731
1694 1965
1696 1799
1696 1883
1696 1983
1697 1845
1697 1909
1697 1983
1698 1800
1698 1836
1699 1733
1702 1900
1703 1739
1704 1919
1709 1842
1715 1882
1716 1765
1719 1950
1725 1810
1726 1926
1727 1849
1727 1952
1729 1997
1736 1816
1737 1897
1739 1826
1739 1956
1740 1920
1743 1746
1743 1787
1743 1901
1743 1971
1748 1985
1749 1869
1751 1813
1753 1928
1755 1937
1761 1806
1762 1815
1763 1838
1766 1929
1771 1869
1779 1804
1785 1943
1787 1820
1788 1935
1789 1954
1790 1821
1791 1838
1792 1821
1794 1801
1794 1959
1795 1867
1799 1842
1802 1898
1802 1962
1803 1927
1804 1977
1806 1959
1813 1826
1815 1846
1816 1854
1820 1930
1824 1831
1828 1972
1832 1884
1832 1927
1833 1911
1833 1949
1834 1971
1835 1877
1836 1888
1836 1988
1845 1961
1849 1939
1855 1907
1855 1936
1855 1957
1857 1936
1861 1923
1862 1995
1866 1885
1870 1980
1875 1937
1877 1971
1879 1899
1883 1970
1885 1908
1890 1920
1898 1954
1901 1946
1904 1935
1912 1938
1927 1938
1931 1954
1932 1987
1935 1941
1951 1954
1983 1984
1983 1993
