0 54
0 79
0 101
0 137
0 152
1 11
1 173
1 223
2 86
2 137
2 211
2 229
3 34
3 163
3 224
3 234
3 247
4 26
4 136
4 162
5 116
5 156
5 246
7 101
7 239
7 245
8 13
8 128
8 187
8 189
8 204
8 206
9 49
9 190
10 68
10 138
10 212
11 122
11 168
11 218
12 147
12 186
12 207
13 17
13 52
13 103
14 75
14 137
14 171
14 175
15 100
15 122
15 126
16 79
16 90
16 140
16 180
16 238
17 59
17 89
17 90
17 116
17 134
17 224
18 20
18 51
18 89
18 105
18 115
19 54
19 129
20 170
21 91
21 180
22 69
22 218
22 249
23 130
24 74
24 124
24 214
25 71
25 147
25 184
26 55
26 84
26 141
27 116
27 128
27 152
27 158
28 33
28 75
28 95
30 143
32 118
32 173
34 42
34 62
34 86
34 91
34 140
34 169
34 180
34 213
34 237
35 53
35 112
36 41
36 123
36 128
36 182
37 117
37 177
38 43
38 143
38 200
38 242
39 149
39 162
40 147
41 159
41 241
42 95
42 151
42 158
42 184
42 221
43 58
43 67
43 118
43 161
44 171
44 181
44 205
44 236
44 247
45 90
45 135
45 164
45 166
45 236
46 141
46 192
46 238
47 81
47 141
47 218
47 245
48 49
48 56
48 165
49 50
49 87
49 158
49 181
49 210
49 232
49 233
50 61
50 76
50 226
51 114
51 170
51 196
52 87
52 196
53 88
53 158
54 120
55 160
55 205
56 157
56 165
57 79
57 92
57 238
58 180
59 210
60 134
60 136
60 148
60 158
60 190
60 219
61 79
61 81
61 126
62 85
62 98
63 117
63 118
63 123
63 168
63 246
65 168
66 105
66 106
66 111
66 209
66 228
67 105
67 118
67 135
67 156
67 198
67 200
67 241
68 127
68 131
68 133
68 227
69 101
69 121
69 146
71 121
71 137
71 192
72 224
73 143
74 173
74 213
75 96
75 110
75 162
75 193
76 80
76 91
76 107
78 89
78 103
78 169
78 219
79 164
79 201
79 240
80 127
80 193
80 197
82 179
83 89
83 204
84 175
84 213
84 223
85 99
85 119
85 210
86 212
87 91
87 115
87 208
88 95
88 147
88 148
88 183
88 191
89 142
89 145
89 191
89 194
90 128
90 222
90 247
91 220
92 140
92 154
92 168
93 189
94 193
94 201
94 244
95 126
95 153
95 184
95 220
97 140
97 155
97 177
97 190
97 204
98 173
98 189
98 197
99 138
99 191
100 201
101 194
102 167
103 143
103 236
103 243
104 151
104 163
104 178
104 186
104 188
104 198
104 226
104 232
105 156
106 151
106 152
106 195
106 214
107 135
107 192
107 246
108 151
108 152
108 212
108 231
109 246
110 156
110 189
110 209
110 249
111 209
112 232
113 141
113 176
113 196
113 218
113 245
114 136
114 229
115 137
115 195
116 232
117 202
117 203
117 209
118 119
119 132
119 180
119 208
120 133
120 156
121 129
121 159
121 183
121 226
122 208
123 153
123 201
125 157
126 176
126 183
127 166
127 218
128 214
128 230
129 201
130 177
130 184
130 192
130 198
131 188
132 152
132 156
132 228
133 229
133 245
134 178
135 174
135 232
136 217
137 149
137 158
137 162
137 207
138 163
138 195
138 219
138 238
141 154
141 184
141 185
142 200
143 197
144 231
144 243
145 172
145 227
146 149
148 201
148 207
149 206
150 209
150 213
151 221
151 226
152 196
152 215
152 232
153 178
154 229
154 238
154 243
155 158
156 173
156 191
156 213
159 195
159 197
160 210
160 246
161 211
162 231
163 173
164 193
166 203
166 233
167 177
167 218
167 239
168 218
168 235
170 177
172 213
174 196
174 200
174 208
175 212
177 234
178 242
178 247
179 207
179 213
180 203
182 232
183 222
184 196
184 217
184 229
184 236
185 215
185 238
186 229
187 226
188 213
189 198
190 194
190 199
190 204
190 219
192 207
194 205
194 232
195 211
195 241
196 203
197 224
199 231
199 249
201 216
201 220
202 220
202 232
202 239
203 238
205 215
206 216
207 210
207 222
208 244
209 225
209 229
210 232
210 248
211 219
212 247
218 238
218 245
219 220
222 230
222 241
225 240
227 241
228 237
233 244
235 243
239 246
