0 1
0 2
0 3
0 4
0 5
0 6
0 7
0 8
0 9
0 11
0 13
0 23
0 26
0 27
0 31
0 33
0 34
0 37
0 40
0 42
0 43
0 46
0 48
0 53
0 55
0 56
0 58
0 63
0 69
0 72
0 78
0 87
0 91
0 92
0 96
0 108
0 113
0 115
0 119
0 124
0 125
0 128
0 133
0 141
0 147
0 151
0 155
0 157
0 159
0 165
0 190
0 194
0 199
0 205
0 208
0 215
0 220
0 238
0 251
0 258
0 267
0 273
0 278
0 279
0 288
0 289
0 294
0 295
0 316
0 319
0 332
0 338
0 339
0 348
0 351
0 353
0 355
0 362
0 367
0 368
0 371
0 373
0 377
0 378
0 381
0 383
0 392
0 397
0 402
0 406
0 408
0 420
0 421
0 425
0 439
0 442
0 445
0 450
0 458
0 462
0 463
0 466
0 482
0 487
1 2
1 3
1 4
1 5
1 6
1 9
1 10
1 11
1 12
1 15
1 18
1 19
1 20
1 21
1 24
1 25
1 26
1 31
1 35
1 41
1 45
1 47
1 50
1 52
1 54
1 56
1 58
1 59
1 64
1 66
1 74
1 79
1 84
1 93
1 94
1 95
1 102
1 107
1 114
1 115
1 118
1 120
1 126
1 129
1 130
1 131
1 147
1 152
1 158
1 162
1 168
1 170
1 171
1 174
1 180
1 186
1 191
1 192
1 194
1 196
1 199
1 204
1 208
1 216
1 219
1 221
1 224
1 225
1 240
1 241
1 242
1 248
1 265
1 271
1 274
1 275
1 281
1 284
1 285
1 286
1 292
1 293
1 296
1 306
1 335
1 343
1 346
1 349
1 350
1 351
1 355
1 361
1 368
1 370
1 380
1 386
1 395
1 397
1 399
1 400
1 416
1 418
1 419
1 424
1 429
1 452
1 465
1 469
1 474
1 478
1 488
2 23
2 96
2 105
2 127
2 155
2 223
2 281
2 318
2 336
2 379
2 411
2 440
2 499
3 10
3 12
3 13
3 15
3 20
3 29
3 30
3 38
3 39
3 41
3 62
3 77
3 82
3 100
3 110
3 140
3 144
3 145
3 217
3 218
3 227
3 245
3 280
3 356
3 385
3 415
3 444
3 446
3 459
4 8
4 22
4 24
4 33
4 45
4 70
4 106
4 107
4 111
4 126
4 163
4 257
4 267
4 279
4 292
4 306
4 307
4 457
4 463
4 472
4 497
5 19
5 39
5 73
5 75
5 100
5 145
5 158
5 183
5 198
5 200
5 237
5 259
5 269
5 272
5 298
5 308
5 339
5 374
5 388
5 393
5 464
5 475
6 7
6 14
6 46
6 57
6 63
6 65
6 72
6 80
6 88
6 90
6 97
6 98
6 99
6 102
6 122
6 134
6 150
6 152
6 161
6 165
6 189
6 211
6 234
6 237
6 262
6 282
6 297
6 331
6 353
6 384
6 394
6 401
6 436
6 438
6 451
6 461
6 491
6 498
7 14
7 21
7 112
7 265
7 337
7 344
7 401
7 402
7 451
8 28
8 240
8 252
8 373
8 377
9 17
9 50
9 210
9 226
9 247
9 307
9 311
9 480
9 489
10 16
10 28
10 35
10 40
10 51
10 68
10 71
10 80
10 81
10 87
10 89
10 95
10 98
10 109
10 135
10 185
10 202
10 210
10 243
10 479
10 488
10 490
11 16
11 25
11 29
11 43
11 49
11 51
11 66
11 74
11 81
11 101
11 111
11 116
11 137
11 149
11 156
11 195
11 202
11 225
11 246
11 266
11 276
11 287
11 300
11 301
11 327
11 330
11 340
11 363
11 371
11 376
11 414
11 423
11 425
11 446
12 17
12 18
12 30
12 32
12 34
12 42
12 48
12 71
12 101
12 104
12 133
12 138
12 172
12 200
12 238
12 260
12 263
12 298
12 323
12 337
12 356
12 399
12 431
13 139
13 168
13 214
13 235
13 256
13 458
14 91
14 154
14 160
14 229
14 453
14 496
15 44
15 52
15 68
15 92
15 125
15 157
15 201
15 231
15 244
15 256
15 290
15 403
16 55
16 93
16 154
16 172
16 266
16 311
16 359
16 434
17 53
17 54
17 232
17 471
18 32
18 106
18 159
18 160
18 175
18 188
18 201
18 213
18 241
18 345
18 378
18 407
19 27
19 57
19 64
19 67
19 84
19 103
19 127
19 139
19 198
19 226
19 285
19 313
19 347
19 370
19 394
19 410
19 455
19 476
19 496
21 22
21 36
21 37
21 38
21 49
21 88
21 137
21 146
21 178
21 216
21 242
21 260
21 275
21 284
21 309
21 320
21 328
21 366
21 391
21 466
21 486
22 367
23 36
23 44
23 65
23 195
23 230
23 291
23 315
23 321
23 369
23 395
23 404
24 78
24 113
24 169
24 171
24 214
24 484
24 491
25 203
25 471
26 182
26 184
26 270
26 303
26 358
26 483
27 276
28 79
28 119
28 153
28 166
28 211
28 228
28 252
28 316
28 376
28 482
28 490
29 59
29 60
29 83
29 85
29 128
29 130
29 135
29 185
29 197
29 236
29 251
29 303
29 342
29 362
29 374
29 405
29 421
29 464
29 492
31 122
32 61
32 77
32 105
32 220
32 417
32 449
33 83
33 239
33 470
37 134
37 170
37 320
38 219
38 485
40 47
40 86
40 255
40 415
41 110
41 142
41 164
41 181
41 254
41 258
41 341
42 67
42 109
42 150
42 173
42 187
42 190
42 310
42 357
42 426
42 450
43 62
43 82
43 108
43 149
43 181
43 206
43 324
43 435
43 460
45 61
45 333
45 486
46 75
46 163
46 206
46 221
46 250
46 329
46 360
46 381
46 485
47 116
47 315
48 69
48 76
48 118
48 136
48 140
48 144
48 207
48 223
48 224
48 248
48 382
48 468
49 212
49 227
49 302
49 369
51 73
51 86
51 259
51 283
51 354
51 461
52 177
53 176
54 104
54 305
58 477
59 60
59 156
59 222
59 358
59 426
59 430
60 114
60 138
60 142
60 143
60 177
60 249
60 289
61 70
61 117
62 283
62 342
62 393
63 212
64 76
64 85
64 167
64 173
64 459
65 317
65 334
66 124
66 183
69 94
69 97
69 213
69 323
69 325
69 340
70 90
70 187
70 193
70 231
70 235
70 253
70 257
70 290
70 330
70 379
70 422
70 492
70 494
71 120
71 167
71 244
71 314
72 169
73 433
74 262
74 273
74 277
74 326
75 136
75 456
77 89
77 352
78 112
78 132
79 188
79 314
79 321
79 327
79 396
80 132
80 148
81 175
83 189
83 192
83 312
84 103
84 204
84 334
84 427
86 166
86 233
89 390
90 291
91 121
91 153
91 473
92 161
92 236
93 143
93 390
93 439
94 249
94 406
95 164
95 176
95 209
95 322
95 392
96 131
96 229
97 99
97 296
98 117
98 123
98 465
99 352
104 233
104 364
105 218
105 475
106 203
106 263
106 383
107 182
107 191
107 247
107 364
107 499
108 422
109 123
110 146
110 254
110 277
110 278
110 313
110 347
110 412
111 141
111 264
111 297
111 360
111 469
115 318
115 407
116 121
116 268
117 151
117 365
119 179
119 193
119 245
119 271
119 282
119 310
119 338
120 129
122 232
122 333
124 302
124 375
129 148
129 414
130 205
130 215
130 454
132 162
132 428
133 174
133 328
135 359
136 479
137 372
137 412
139 372
141 178
141 180
143 400
143 436
144 197
144 387
146 250
146 294
146 304
147 184
147 209
147 246
147 272
147 287
147 301
147 336
147 413
147 416
147 442
149 387
150 391
150 449
152 186
152 243
153 230
153 467
155 179
155 443
159 462
160 222
160 477
162 207
162 228
162 261
162 388
164 217
164 444
172 408
172 428
172 445
173 437
174 196
174 319
174 329
180 309
180 419
183 280
183 305
185 253
185 322
186 268
186 413
191 332
191 478
193 423
194 430
195 288
196 335
196 454
198 361
199 293
201 286
202 264
202 432
203 474
203 476
204 480
205 324
209 357
212 483
213 261
213 441
215 398
217 234
217 348
219 299
227 255
229 239
234 382
235 341
238 269
238 274
238 317
238 409
239 441
242 354
242 447
243 363
244 308
244 440
244 448
244 456
245 438
247 270
247 299
247 304
247 312
247 424
255 331
255 398
259 443
262 429
263 326
265 300
265 389
265 432
267 386
272 343
272 457
272 470
274 385
276 325
276 380
276 494
280 295
282 389
282 404
286 489
291 344
292 375
293 437
294 346
294 366
294 498
304 409
304 452
310 349
310 493
312 433
321 410
322 345
323 431
328 447
328 495
335 350
335 435
337 484
339 411
341 365
343 418
350 427
350 448
352 453
357 420
359 493
363 460
368 384
369 481
382 396
387 434
388 417
390 403
391 405
409 481
413 472
419 487
420 495
429 497
434 468
435 467
442 473
445 455
