0 1
0 44
1 2
1 45
2 3
3 4
4 48
5 6
5 49
6 50
7 8
7 51
9 10
10 11
10 54
11 12
12 13
12 56
14 15
14 58
15 16
15 59
16 60
17 61
18 19
18 62
20 21
21 22
22 66
23 24
23 67
24 25
24 68
26 27
29 30
29 73
30 31
30 74
31 75
32 33
32 76
33 34
33 77
35 36
35 79
36 37
36 80
37 38
38 39
38 82
39 40
42 86
44 45
44 88
46 90
47 91
49 50
49 93
50 94
53 54
53 97
54 55
54 98
55 56
55 99
57 101
58 59
58 102
59 60
61 62
62 63
62 106
63 64
63 107
64 65
65 66
65 109
67 68
67 111
68 69
69 70
69 113
70 71
71 72
71 115
72 73
72 116
73 74
74 118
75 119
76 77
77 121
78 79
78 122
79 123
80 81
81 82
82 83
82 126
84 128
85 86
85 129
87 131
89 90
89 133
91 92
92 136
93 94
93 137
94 95
94 138
95 96
96 97
97 141
98 142
100 144
101 102
101 145
102 103
102 146
103 104
104 105
104 148
105 106
105 149
106 107
107 108
107 151
108 152
109 110
109 153
110 111
110 154
111 112
111 155
112 113
112 156
113 157
114 115
115 116
115 159
116 160
117 161
118 162
119 120
119 163
120 121
120 164
121 122
121 165
123 124
124 168
126 127
126 170
127 128
128 172
129 130
129 173
130 131
130 174
131 175
132 133
134 135
134 178
135 179
137 138
138 139
140 141
141 185
142 186
143 187
144 188
145 146
145 189
146 147
146 190
147 191
148 149
148 192
149 150
150 151
150 194
151 152
152 153
153 197
154 155
155 199
156 157
156 200
157 158
157 201
158 159
160 161
160 204
161 162
162 163
164 165
164 208
165 166
165 209
166 167
167 211
168 212
169 170
170 171
172 216
173 174
173 217
174 175
174 218
176 177
176 220
177 178
177 221
178 179
179 180
180 224
181 225
182 183
182 226
183 184
184 185
184 228
186 230
189 190
190 191
190 234
191 192
192 193
192 236
193 194
193 237
194 195
195 196
196 197
196 240
197 241
198 199
198 242
199 200
199 243
201 202
201 245
202 203
203 204
203 247
204 205
205 206
205 249
206 207
206 250
208 252
209 210
211 212
212 213
212 256
213 214
213 257
214 215
214 258
215 216
216 217
216 260
218 219
218 262
221 265
222 223
223 267
224 225
224 268
225 226
226 270
227 228
227 271
229 273
230 231
230 274
231 275
232 233
232 276
233 277
234 235
234 278
235 279
236 237
236 280
237 281
238 239
239 240
239 283
240 284
241 242
241 285
242 243
243 244
243 287
244 245
244 288
245 246
245 289
246 247
246 290
247 291
248 249
248 292
250 251
250 294
251 295
252 296
253 254
253 297
256 257
257 258
258 302
259 260
259 303
260 304
261 262
261 305
264 265
265 266
266 267
267 268
267 311
268 312
270 314
271 272
271 315
272 316
273 317
274 275
274 318
276 320
277 278
278 279
278 322
279 280
279 323
280 281
280 324
281 282
282 283
283 327
284 285
284 328
285 286
285 329
286 287
288 332
289 290
289 333
290 334
291 292
291 335
293 294
294 295
295 339
296 297
297 298
297 341
298 299
299 300
301 302
302 303
303 304
304 305
304 348
305 306
305 349
306 307
306 350
307 351
309 310
310 354
311 312
311 355
312 313
312 356
313 357
314 358
315 316
315 359
316 360
317 318
318 362
319 320
319 363
320 364
322 323
322 366
323 324
325 326
325 369
326 327
326 370
327 328
328 329
329 330
330 374
331 375
332 333
333 334
334 335
334 378
335 336
335 379
336 337
337 338
338 339
339 340
340 341
341 385
342 386
343 387
345 389
346 347
347 348
348 349
349 350
349 393
350 351
350 394
351 395
353 354
354 398
355 356
355 399
357 358
358 359
359 360
360 361
360 404
361 362
361 405
362 363
363 364
364 408
365 409
366 410
367 368
367 411
368 369
369 370
369 413
370 371
370 414
371 372
371 415
372 373
373 374
374 375
375 376
375 419
376 420
379 380
379 423
381 382
382 383
382 426
383 384
383 427
384 385
384 428
385 386
385 429
386 387
386 430
387 388
387 431
388 432
389 390
389 433
390 391
391 392
391 435
392 393
393 437
394 395
395 439
396 397
396 440
397 441
398 399
398 442
399 400
399 443
400 401
400 444
401 445
403 404
404 448
405 406
405 449
407 408
407 451
408 452
411 412
411 455
412 456
413 414
413 457
414 458
415 459
416 460
417 418
417 461
418 419
418 462
419 420
420 464
421 422
421 465
423 467
425 469
426 427
426 470
428 429
428 472
429 430
429 473
430 431
430 474
431 432
432 433
433 477
435 436
435 479
437 481
438 439
439 483
440 484
441 442
442 443
442 486
443 487
444 445
444 488
446 490
447 448
448 492
449 450
449 493
450 451
451 452
451 495
452 496
453 454
453 497
454 455
455 499
456 457
458 459
459 503
460 504
461 462
461 505
462 463
463 507
464 465
464 508
465 466
465 509
467 468
467 511
468 469
469 513
470 471
470 514
471 515
473 474
473 517
475 476
475 519
476 477
477 478
477 521
478 479
478 522
479 523
480 481
480 524
481 482
482 483
482 526
483 527
484 485
485 529
486 487
487 488
487 531
488 489
488 532
490 491
490 534
491 492
491 535
492 493
492 536
493 494
494 495
496 497
496 540
498 542
499 500
500 501
501 502
501 545
502 503
502 546
503 504
503 547
504 505
504 548
505 549
506 507
506 550
507 508
509 553
511 512
512 513
512 556
514 558
515 516
515 559
516 560
517 518
517 561
518 562
520 521
520 564
521 565
522 523
523 524
523 567
524 525
525 569
526 527
526 570
528 572
530 531
531 575
532 533
534 578
535 579
536 580
537 581
538 539
539 540
539 583
540 541
540 584
541 542
541 585
542 543
542 586
543 587
545 589
546 547
547 548
547 591
548 549
548 592
549 550
549 593
553 597
554 598
555 556
555 599
556 557
557 601
558 559
558 602
559 560
559 603
560 604
561 562
561 605
562 563
562 606
563 564
563 607
564 608
565 566
565 609
567 611
568 612
570 571
570 614
572 573
573 574
573 617
574 575
575 619
576 620
577 578
578 579
578 622
579 580
582 583
582 626
583 584
584 628
585 629
586 630
587 588
589 590
589 633
590 591
590 634
591 635
592 593
592 636
593 594
593 637
594 595
594 638
595 596
595 639
596 597
596 640
597 641
599 643
601 602
602 603
602 646
603 604
603 647
604 605
605 606
606 607
607 651
610 611
611 612
612 613
612 656
613 614
613 657
614 658
617 618
618 662
619 620
620 664
621 622
622 623
622 666
623 624
623 667
625 669
626 627
627 628
630 631
630 674
631 632
632 633
633 634
633 677
634 635
634 678
635 636
636 637
636 680
638 639
638 682
639 640
640 641
640 684
641 642
641 685
642 643
642 686
643 687
644 645
644 688
645 646
645 689
646 690
647 648
647 691
648 692
649 650
650 651
650 694
651 695
652 653
652 696
654 655
654 698
655 656
655 699
656 700
658 702
659 703
660 704
661 662
661 705
663 664
664 665
665 666
665 709
666 710
667 668
667 711
668 669
668 712
669 713
670 671
670 714
671 715
672 716
673 674
673 717
675 676
675 719
676 677
677 721
678 679
679 680
681 682
681 725
682 726
683 684
684 728
685 729
686 687
687 731
688 689
688 732
690 691
690 734
691 692
692 693
692 736
693 694
693 737
694 695
694 738
695 696
695 739
696 697
696 740
697 698
698 699
698 742
699 700
700 701
701 745
702 746
705 706
705 749
706 707
706 750
707 708
709 710
709 753
710 711
710 754
711 712
711 755
713 714
713 757
714 715
714 758
715 759
716 760
717 761
718 719
718 762
720 721
720 764
721 722
722 723
722 766
723 724
723 767
724 725
724 768
725 726
726 727
726 770
727 728
727 771
728 772
730 774
731 775
732 776
733 777
734 735
735 736
735 779
736 737
736 780
737 738
737 781
738 782
739 740
739 783
740 741
740 784
743 744
743 787
744 788
745 746
745 789
746 747
746 790
748 792
749 793
750 751
752 753
754 755
754 798
755 756
755 799
757 758
758 802
759 803
761 805
762 806
763 764
763 807
764 765
765 766
766 767
766 810
767 768
768 769
768 812
769 770
769 813
770 771
770 814
771 772
773 774
773 817
774 818
775 776
775 819
776 777
776 820
777 821
778 779
778 822
779 780
780 824
781 782
781 825
783 784
783 827
785 786
786 787
787 788
788 789
788 832
789 790
789 833
790 834
792 793
794 795
794 838
795 839
796 797
796 840
797 798
797 841
798 799
798 842
799 800
799 843
800 801
800 844
801 845
802 803
802 846
804 805
804 848
805 849
806 850
807 808
807 851
808 809
808 852
809 810
809 853
811 812
812 856
813 857
814 815
814 858
815 859
817 861
818 819
819 820
820 821
820 864
821 822
822 823
822 866
823 824
824 825
824 868
826 827
827 871
828 872
829 830
830 831
831 832
831 875
832 833
832 876
833 877
834 835
834 878
835 879
836 837
836 880
837 838
837 881
838 839
841 842
842 843
843 887
844 845
845 889
846 890
848 849
849 850
850 851
850 894
851 852
851 895
852 853
852 896
853 854
853 897
855 856
857 858
857 901
858 859
858 902
859 860
860 861
860 904
861 862
861 905
862 863
862 906
864 908
865 866
865 909
866 867
866 910
867 868
867 911
868 869
868 912
870 871
872 916
873 874
873 917
874 918
875 876
877 878
878 879
878 922
881 882
882 926
884 928
886 887
886 930
887 888
888 932
889 890
889 933
890 891
890 934
891 892
892 936
893 894
893 937
894 938
895 896
897 941
898 942
900 901
900 944
902 903
903 947
904 905
905 906
905 949
907 951
908 909
909 910
909 953
910 954
912 956
914 915
915 916
915 959
917 918
917 961
918 919
918 962
919 963
920 921
920 964
921 922
921 965
922 923
923 967
924 925
924 968
925 926
925 969
928 929
930 931
930 974
931 932
931 975
932 933
933 934
933 977
934 935
934 978
936 937
936 980
937 938
938 939
938 982
939 940
939 983
940 941
940 984
941 942
941 985
942 943
942 986
944 945
944 988
945 946
945 989
946 990
947 948
948 949
949 993
950 951
951 952
951 995
952 953
952 996
953 954
953 997
954 955
954 998
955 956
955 999
957 1001
959 1003
960 961
961 1005
962 1006
963 964
965 966
966 1010
967 1011
969 970
969 1013
970 1014
971 1015
972 1016
974 975
975 976
975 1019
976 977
976 1020
977 978
977 1021
978 979
978 1022
979 1023
980 1024
981 1025
983 984
984 985
984 1028
985 986
985 1029
986 1030
987 1031
988 1032
989 990
990 991
991 992
992 993
992 1036
993 994
993 1037
994 1038
995 996
995 1039
996 1040
997 998
997 1041
998 999
998 1042
999 1000
1000 1044
1001 1045
1002 1046
1003 1047
1004 1005
1004 1048
1007 1008
1009 1010
1009 1053
1010 1054
1012 1013
1012 1056
1013 1014
1014 1015
1014 1058
1015 1016
1017 1018
1017 1061
1018 1019
1018 1062
1019 1063
1020 1021
1023 1067
1024 1025
1024 1068
1025 1026
1025 1069
1026 1070
1027 1028
1029 1073
1030 1074
1032 1033
1032 1076
1033 1034
1034 1078
1035 1036
1035 1079
1036 1037
1036 1080
1037 1038
1037 1081
1038 1039
1039 1083
1041 1042
1041 1085
1044 1045
1044 1088
1047 1048
1047 1091
1048 1049
1048 1092
1049 1093
1050 1051
1050 1094
1051 1052
1052 1096
1053 1097
1054 1055
1056 1057
1056 1100
1057 1058
1057 1101
1058 1059
1058 1102
1059 1060
1059 1103
1060 1061
1063 1064
1063 1107
1064 1065
1064 1108
1065 1066
1065 1109
1068 1069
1069 1113
1070 1071
1072 1073
1072 1116
1073 1074
1073 1117
1076 1077
1076 1120
1077 1078
1078 1122
1079 1123
1080 1124
1082 1126
1083 1084
1084 1085
1084 1128
1085 1129
1086 1087
1087 1088
1087 1131
1088 1132
1089 1090
1089 1133
1090 1134
1091 1135
1092 1136
1093 1094
1095 1096
1095 1139
1096 1140
1097 1098
1098 1142
1099 1143
1100 1144
1101 1102
1101 1145
1102 1103
1102 1146
1103 1147
1104 1105
1105 1149
1107 1108
1107 1151
1108 1109
1108 1152
1109 1110
1109 1153
1110 1154
1111 1112
1113 1114
1113 1157
1114 1158
1115 1116
1116 1117
1117 1118
1117 1161
1118 1119
1118 1162
1119 1120
1120 1164
1121 1122
1122 1123
1123 1124
1123 1167
1124 1125
1124 1168
1127 1128
1128 1129
1129 1130
1132 1133
1133 1134
1134 1178
1136 1180
1137 1181
1138 1139
1138 1182
1139 1140
1140 1184
1141 1185
1142 1143
1142 1186
1143 1187
1144 1145
1145 1146
1146 1147
1147 1148
1147 1191
1148 1149
1148 1192
1149 1150
1149 1193
1152 1196
1153 1197
1154 1198
1155 1156
1155 1199
1157 1201
1158 1159
1158 1202
1159 1203
1160 1161
1160 1204
1161 1162
1161 1205
1162 1163
1162 1206
1163 1164
1163 1207
1164 1165
1164 1208
1165 1166
1166 1210
1167 1211
1169 1170
1170 1171
1170 1214
1171 1215
1172 1173
1172 1216
1173 1174
1173 1217
1174 1175
1175 1176
1176 1177
1177 1178
1178 1179
1178 1222
1179 1180
1179 1223
1180 1224
1181 1182
1181 1225
1182 1183
1182 1226
1183 1227
1184 1185
1184 1228
1185 1186
1185 1229
1186 1187
1186 1230
1188 1189
1188 1232
1189 1190
1189 1233
1191 1235
1192 1193
1192 1236
1193 1194
1194 1195
1195 1196
1195 1239
1196 1197
1197 1241
1198 1199
1198 1242
1199 1200
1199 1243
1201 1245
1202 1203
1202 1246
1203 1247
1205 1249
1206 1250
1207 1251
1208 1209
1210 1211
1210 1254
1211 1212
1211 1255
1212 1213
1212 1256
1214 1215
1215 1216
1215 1259
1216 1217
1217 1218
1217 1261
1218 1219
1218 1262
1219 1220
1219 1263
1221 1222
1222 1266
1223 1267
1224 1225
1225 1226
1225 1269
1226 1227
1226 1270
1227 1228
1227 1271
1228 1229
1228 1272
1229 1273
1230 1231
1232 1276
1233 1277
1234 1235
1234 1278
1235 1236
1235 1279
1237 1238
1237 1281
1239 1283
1240 1241
1240 1284
1241 1242
1243 1244
1246 1290
1247 1248
1247 1291
1248 1249
1249 1293
1250 1251
1250 1294
1251 1295
1252 1296
1253 1254
1255 1256
1255 1299
1256 1257
1257 1258
1258 1302
1260 1304
1261 1305
1262 1306
1263 1264
1263 1307
1266 1310
1268 1312
1269 1270
1269 1313
1270 1271
1271 1272
1272 1273
1272 1316
1274 1275
1275 1319
1276 1277
1277 1278
1278 1279
1279 1323
1280 1281
1280 1324
1281 1282
1282 1326
1283 1284
1283 1327
1284 1285
1284 1328
1285 1286
1285 1329
1286 1330
1287 1288
1287 1331
1288 1332
1289 1333
1290 1291
1290 1334
1291 1292
1291 1335
1292 1293
1292 1336
1293 1294
1293 1337
1294 1295
1294 1338
1295 1296
1295 1339
1296 1297
1296 1340
1298 1299
1298 1342
1300 1301
1300 1344
1301 1302
1302 1346
1303 1347
1304 1305
1305 1306
1305 1349
1307 1308
1307 1351
1308 1309
1308 1352
1309 1310
1309 1353
1311 1312
1311 1355
1312 1313
1312 1356
1313 1357
1314 1315
1315 1316
1315 1359
1317 1318
1318 1362
1319 1363
1320 1321
1320 1364
1321 1365
1322 1366
1324 1368
1325 1326
1325 1369
1326 1327
1326 1370
1327 1371
1328 1329
1328 1372
1329 1330
1331 1332
1331 1375
1332 1333
1333 1334
1333 1377
1338 1339
1338 1382
1339 1383
1340 1341
1340 1384
1341 1342
1342 1386
1343 1344
1344 1345
1345 1346
1345 1389
1346 1390
1347 1348
1347 1391
1348 1392
1349 1350
1350 1351
1350 1394
1351 1352
1352 1353
1352 1396
1353 1354
1353 1397
1354 1355
1354 1398
1355 1399
1356 1357
1356 1400
1357 1401
1358 1359
1358 1402
1359 1360
1360 1361
1360 1404
1361 1405
1362 1363
1362 1406
1363 1407
1364 1365
1364 1408
1365 1366
1365 1409
1366 1367
1367 1368
1367 1411
1368 1412
1372 1373
1373 1417
1374 1375
1376 1377
1378 1379
1380 1381
1381 1382
1381 1425
1382 1383
1383 1427
1384 1385
1384 1428
1385 1386
1385 1429
1386 1387
1386 1430
1387 1431
1388 1432
1389 1390
1390 1434
1391 1435
1392 1393
1392 1436
1393 1394
1395 1396
1395 1439
1396 1397
1396 1440
1397 1441
1398 1399
1399 1443
1400 1444
1401 1445
1404 1405
1405 1406
1405 1449
1406 1407
1406 1450
1407 1451
1409 1410
1409 1453
1410 1411
1411 1455
1412 1413
1412 1456
1415 1416
1415 1459
1416 1460
1417 1418
1417 1461
1418 1419
1418 1462
1419 1420
1420 1421
1421 1422
1421 1465
1422 1466
1423 1467
1424 1425
1424 1468
1425 1469
1426 1427
1427 1428
1427 1471
1428 1429
1428 1472
1430 1431
1433 1434
1433 1477
1434 1435
1434 1478
1435 1436
1435 1479
1436 1480
1437 1438
1438 1439
1440 1441
1441 1442
1441 1485
1442 1443
1443 1444
1444 1445
1445 1489
1446 1447
1446 1490
1447 1448
1447 1491
1448 1449
1448 1492
1449 1450
1450 1451
1450 1494
1451 1495
1455 1456
1455 1499
1456 1457
1456 1500
1457 1458
1457 1501
1458 1459
1458 1502
1459 1460
1459 1503
1460 1461
1460 1504
1463 1464
1463 1507
1464 1508
1465 1509
1467 1511
1468 1469
1469 1513
1470 1471
1471 1515
1472 1473
1473 1517
1474 1475
1475 1476
1475 1519
1476 1477
1477 1478
1477 1521
1478 1479
1479 1523
1480 1481
1481 1525
1482 1483
1482 1526
1484 1485
1484 1528
1485 1486
1487 1531
1488 1489
1488 1532
1489 1533
1491 1492
1492 1493
1492 1536
1493 1494
1493 1537
1494 1538
1496 1540
1497 1541
1498 1542
1499 1500
1499 1543
1500 1544
1502 1503
1504 1548
1505 1549
1506 1550
1507 1551
1508 1509
1509 1510
1509 1553
1510 1511
1511 1512
1511 1555
1512 1513
1512 1556
1513 1514
1513 1557
1514 1515
1514 1558
1515 1516
1515 1559
1517 1518
1517 1561
1518 1519
1518 1562
1519 1520
1520 1564
1521 1522
1522 1566
1525 1569
1526 1527
1527 1571
1528 1529
1529 1530
1529 1573
1530 1531
1530 1574
1531 1532
1531 1575
1532 1533
1533 1534
1533 1577
1534 1535
1534 1578
1535 1536
1535 1579
1536 1537
1537 1581
1538 1539
1538 1582
1539 1583
1540 1584
1541 1542
1542 1543
1542 1586
1543 1544
1543 1587
1544 1545
1544 1588
1545 1546
1546 1547
1546 1590
1547 1548
1547 1591
1548 1592
1550 1551
1550 1594
1551 1552
1551 1595
1553 1597
1554 1598
1555 1556
1556 1557
1556 1600
1557 1558
1557 1601
1559 1560
1560 1604
1561 1605
1562 1563
1562 1606
1563 1564
1564 1565
1565 1566
1566 1567
1567 1568
1567 1611
1568 1569
1569 1613
1570 1571
1570 1614
1572 1573
1572 1616
1573 1574
1574 1575
1574 1618
1575 1619
1577 1578
1578 1622
1579 1623
1580 1624
1582 1583
1583 1627
1584 1628
1585 1586
1585 1629
1586 1587
1586 1630
1588 1589
1588 1632
1589 1633
1590 1634
1591 1635
1592 1593
1592 1636
1593 1637
1594 1595
1594 1638
1595 1596
1596 1640
1598 1642
1600 1601
1600 1644
1601 1645
1602 1603
1602 1646
1603 1604
1604 1605
1604 1648
1605 1606
1605 1649
1606 1650
1607 1651
1608 1609
1608 1652
1609 1653
1610 1654
1611 1612
1613 1657
1614 1658
1616 1617
1618 1619
1619 1663
1622 1623
1623 1667
1624 1668
1625 1669
1627 1671
1628 1629
1628 1672
1629 1630
1629 1673
1630 1674
1631 1675
1632 1633
1632 1676
1633 1634
1633 1677
1634 1635
1635 1679
1636 1680
1637 1681
1638 1682
1639 1640
1640 1641
1640 1684
1641 1642
1642 1643
1643 1687
1644 1688
1646 1647
1646 1690
1647 1648
1648 1692
1649 1693
1650 1651
1650 1694
1651 1652
1651 1695
1652 1653
1652 1696
1653 1697
1654 1655
1654 1698
1655 1656
1655 1699
1656 1657
1656 1700
1657 1658
1659 1660
1659 1703
1660 1661
1661 1662
1661 1705
1663 1664
1665 1666
1667 1668
1668 1669
1668 1712
1669 1670
1673 1674
1673 1717
1674 1675
1674 1718
1675 1719
1676 1677
1677 1678
1678 1679
1678 1722
1680 1681
1680 1724
1681 1682
1681 1725
1682 1726
1683 1684
1683 1727
1684 1685
1685 1686
1686 1730
1687 1688
1687 1731
1689 1733
1690 1691
1690 1734
1691 1692
1691 1735
1692 1693
1692 1736
1693 1694
1693 1737
1695 1739
1696 1740
1697 1698
1697 1741
1698 1699
1699 1700
1701 1702
1701 1745
1702 1703
1703 1747
1705 1706
1705 1749
1707 1708
1708 1709
1709 1710
1710 1754
1711 1755
1712 1756
1713 1757
1714 1715
1714 1758
1715 1759
1716 1760
1717 1718
1717 1761
1718 1762
1720 1721
1720 1764
1721 1765
1722 1766
1723 1767
1724 1725
1726 1727
1726 1770
1727 1728
1727 1771
1728 1772
1729 1730
1729 1773
1730 1731
1731 1775
1732 1733
1732 1776
1733 1734
1734 1735
1734 1778
1735 1736
1736 1737
1737 1738
1738 1782
1739 1740
1739 1783
1740 1741
1741 1742
1741 1785
1742 1786
1743 1744
1743 1787
1744 1745
1744 1788
1745 1746
1745 1789
1746 1747
1747 1791
1748 1792
1749 1793
1750 1751
1751 1752
1752 1753
1752 1796
1753 1754
1753 1797
1754 1755
1756 1800
1757 1758
1760 1761
1760 1804
1761 1762
1762 1763
1763 1764
1763 1807
1764 1808
1765 1766
1765 1809
1766 1767
1766 1810
1767 1768
1770 1814
1771 1772
1772 1773
1772 1816
1776 1820
1779 1780
1779 1823
1780 1781
1781 1825
1782 1783
1783 1784
1783 1827
1784 1785
1785 1786
1786 1830
1787 1831
1788 1789
1788 1832
1789 1790
1790 1834
1791 1835
1792 1793
1792 1836
1794 1838
1795 1796
1796 1797
1796 1840
1797 1798
1798 1799
1798 1842
1799 1800
1801 1802
1802 1803
1805 1806
1805 1849
1806 1850
1807 1808
1807 1851
1808 1809
1809 1810
1809 1853
1810 1854
1811 1812
1811 1855
1812 1813
1813 1814
1815 1816
1815 1859
1816 1817
1816 1860
1818 1819
1819 1820
1819 1863
1821 1865
1822 1866
1823 1867
1824 1825
1824 1868
1825 1869
1827 1828
1827 1871
1828 1829
1828 1872
1829 1830
1830 1874
1831 1832
1831 1875
1832 1876
1833 1834
1834 1878
1835 1879
1836 1837
1836 1880
1837 1881
1838 1839
1839 1883
1840 1841
1841 1842
1841 1885
1842 1886
1843 1887
1844 1845
1844 1888
1845 1846
1845 1889
1847 1891
1848 1892
1849 1850
1850 1851
1851 1852
1851 1895
1852 1896
1854 1855
1854 1898
1855 1856
1855 1899
1856 1857
1857 1901
1858 1859
1859 1860
1860 1861
1861 1862
1861 1905
1862 1863
1862 1906
1864 1865
1864 1908
1865 1866
1865 1909
1866 1910
1867 1868
1867 1911
1868 1869
1868 1912
1869 1870
1869 1913
1870 1871
1870 1914
1871 1915
1872 1873
1873 1917
1874 1875
1874 1918
1875 1919
1876 1877
1876 1920
1877 1878
1878 1879
1878 1922
1879 1880
1880 1881
1881 1882
1884 1885
1884 1928
1885 1886
1886 1887
1886 1930
1888 1932
1889 1890
1890 1891
1890 1934
1891 1935
1892 1893
1894 1895
1895 1896
1897 1898
1898 1899
1899 1900
1900 1901
1904 1905
1905 1906
1908 1909
1911 1912
1914 1915
1915 1916
1916 1917
1917 1918
1919 1920
1920 1921
1922 1923
1926 1927
1927 1928
1929 1930
1931 1932
1932 1933
1933 1934
