0 106
0 945
0 1491
0 1493
0 1699
0 1771
1 344
1 695
1 1505
1 1742
2 297
2 545
2 1091
2 1185
2 1483
3 1858
4 1093
4 1675
5 421
5 1193
5 1888
6 152
6 1407
6 1421
7 357
7 1099
7 1277
7 1715
7 1962
8 147
8 1613
9 384
9 1715
9 1717
9 1834
10 1726
10 1874
10 1993
11 276
11 769
11 772
12 128
12 250
12 357
12 454
12 537
12 1394
13 109
13 234
13 425
13 613
13 737
13 866
13 1071
13 1246
14 811
14 1113
14 1306
15 231
15 375
15 651
15 720
15 1018
15 1510
15 1813
15 1975
16 268
17 351
17 1427
17 1651
18 216
18 222
18 1400
18 1478
19 113
19 381
19 1038
20 36
21 188
21 1404
21 1917
22 526
23 1751
24 80
24 1675
25 192
25 392
26 371
26 512
26 548
26 1129
26 1623
27 163
27 244
27 489
27 515
27 692
27 1169
28 866
28 1093
29 488
29 1508
31 464
31 1553
32 312
32 404
32 1353
32 1873
33 764
33 1030
33 1037
33 1148
33 1249
33 1626
34 1216
34 1684
34 1968
35 147
35 655
35 952
36 375
36 1194
36 1285
36 1396
36 1464
37 216
37 652
37 1873
38 173
38 287
38 527
38 1027
39 448
39 734
39 1399
40 361
40 1118
40 1549
40 1617
41 492
41 859
41 1386
41 1505
41 1602
41 1878
42 121
42 546
42 548
42 985
43 92
43 777
43 1490
44 1166
44 1489
44 1699
45 762
45 1054
45 1436
45 1518
46 753
47 178
47 1257
48 206
48 678
48 701
48 728
48 982
48 1006
48 1023
48 1824
49 113
49 574
49 844
49 885
49 1391
50 345
50 578
50 586
50 933
50 1944
51 686
51 985
51 1141
52 771
52 1088
52 1224
52 1565
53 310
53 339
53 723
53 1027
53 1159
53 1591
53 1598
54 449
54 631
54 1040
54 1370
54 1469
54 1986
55 71
55 332
55 1148
55 1236
55 1258
56 225
56 296
56 1087
56 1478
57 68
57 78
57 1592
58 413
58 1569
59 1222
59 1809
60 1333
60 1454
60 1669
60 1850
61 810
62 860
62 973
62 1352
62 1489
62 1700
63 653
63 857
63 1836
63 1894
64 478
64 769
64 858
64 1795
65 642
65 1094
66 428
66 747
66 869
66 1222
66 1438
66 1574
66 1806
67 1180
67 1436
68 1909
69 770
70 226
70 434
70 454
70 525
70 953
71 227
71 346
71 662
71 1655
72 298
72 846
72 1036
72 1171
72 1361
72 1372
73 178
73 557
73 1348
73 1384
73 1421
75 1623
75 1710
76 853
76 1038
76 1268
76 1431
76 1859
77 113
77 391
77 610
77 694
77 922
77 1070
77 1763
78 109
78 739
78 1165
78 1183
78 1832
79 249
79 514
79 918
79 1132
79 1155
79 1906
80 681
80 732
80 926
80 952
80 1258
80 1370
81 621
81 1782
81 1801
81 1841
82 1657
83 286
83 1240
83 1928
84 480
84 769
84 1320
84 1322
85 407
85 498
85 645
85 947
85 1026
86 880
87 689
87 1075
87 1199
88 148
88 458
88 893
88 1180
88 1437
89 1542
89 1639
89 1812
89 1917
90 618
90 715
90 1232
91 1067
91 1568
91 1578
91 1733
91 1755
92 949
92 1128
92 1632
93 160
93 195
93 351
93 486
93 590
93 776
93 1315
94 1137
94 1250
94 1620
94 1750
95 831
95 1522
95 1658
96 812
96 1474
96 1680
96 1748
97 298
97 714
97 743
97 1002
97 1283
97 1353
97 1487
97 1730
98 807
98 1315
98 1345
98 1604
99 973
99 1895
101 949
101 1211
101 1581
102 137
102 813
102 1326
102 1708
102 1828
103 539
103 957
103 1078
103 1505
104 553
104 1545
105 627
106 257
106 619
106 883
107 132
107 187
107 1110
107 1332
107 1422
108 499
108 530
108 1531
109 132
109 932
109 1102
110 379
110 772
110 1117
110 1877
111 433
111 729
111 963
111 1188
111 1216
111 1225
111 1255
111 1492
111 1591
112 335
112 449
112 493
112 802
112 1397
112 1916
113 1287
113 1604
114 896
114 1104
114 1866
115 424
115 755
115 1028
116 537
116 888
116 1310
117 139
117 274
117 1265
117 1269
118 318
118 727
118 873
118 1003
118 1253
118 1445
119 167
119 400
119 711
120 598
120 1405
121 260
121 966
121 1311
121 1568
121 1880
121 1978
121 1997
122 425
122 679
122 875
122 1042
122 1335
122 1344
122 1589
122 1657
122 1756
123 167
123 227
123 365
123 1694
124 607
124 656
124 825
124 961
124 1674
124 1884
125 573
125 1045
125 1304
125 1654
125 1678
125 1805
125 1924
126 380
126 1421
126 1428
127 314
127 612
127 798
127 1827
128 1329
128 1389
128 1592
130 201
130 639
130 892
130 1632
130 1815
131 903
131 1104
131 1188
131 1320
131 1456
131 1764
132 159
132 711
132 1041
132 1233
133 371
133 1397
133 1664
134 591
134 1181
134 1261
134 1730
134 1821
135 178
136 289
136 869
136 1677
137 1478
138 192
138 1103
139 223
139 234
139 1298
139 1375
139 1591
139 1630
139 1724
140 305
140 866
140 966
141 257
141 1397
141 1861
141 1868
142 698
142 786
142 1151
143 362
143 461
143 519
143 1038
143 1179
143 1247
143 1548
143 1969
144 539
144 1006
144 1614
144 1758
145 319
145 608
145 718
145 1205
145 1759
146 625
146 1734
146 1942
148 768
148 928
149 189
149 838
149 1089
149 1177
149 1715
149 1831
150 1728
151 289
151 1212
151 1772
152 1354
152 1361
152 1723
153 282
153 815
153 1044
153 1974
154 503
154 875
154 993
155 355
155 1244
155 1399
155 1435
155 1751
156 252
156 369
156 538
156 1204
156 1281
156 1465
156 1476
156 1591
157 332
157 520
157 821
157 1000
157 1514
158 464
158 717
158 1232
158 1264
158 1447
158 1542
159 255
159 368
160 644
160 981
160 1094
161 903
161 1832
161 1851
162 594
162 904
162 1024
162 1249
162 1285
162 1859
163 597
163 782
163 848
163 1753
163 1759
163 1892
163 1947
164 171
164 1046
164 1576
164 1835
165 211
165 1671
165 1683
165 1724
166 674
166 1383
166 1507
166 1989
167 338
167 353
167 633
167 741
167 1025
167 1101
167 1343
167 1548
168 218
168 410
168 1464
169 1490
169 1849
170 447
170 886
170 1413
170 1478
170 1536
170 1582
170 1658
170 1954
171 570
171 723
171 1404
171 1621
172 245
172 276
172 476
172 1616
173 432
173 506
173 1302
173 1572
173 1952
174 511
174 973
174 1228
174 1580
175 554
175 861
175 867
175 874
175 1961
176 470
176 1302
177 419
177 558
177 574
177 1538
177 1619
178 455
178 1026
178 1494
178 1781
179 722
179 964
180 804
180 1460
180 1791
181 1134
181 1284
182 1342
182 1833
182 1892
182 1999
183 590
183 689
183 1218
185 555
185 835
185 1469
185 1620
185 1935
186 1775
186 1924
187 197
187 217
187 272
187 781
187 1247
187 1904
188 720
188 884
188 989
188 1047
188 1963
189 194
189 868
189 1497
189 1808
190 372
190 482
190 1296
191 317
191 413
191 779
191 1087
192 314
192 738
192 854
192 1175
193 1686
193 1725
194 479
194 1029
194 1491
195 1084
195 1091
195 1386
196 514
196 736
197 1387
198 212
199 620
199 638
199 1112
199 1775
200 364
200 657
200 1147
200 1616
200 1716
200 1721
201 266
201 1511
201 1817
201 1852
202 271
202 1734
203 279
203 344
203 1297
204 966
204 1034
204 1238
204 1605
204 1648
205 1216
205 1670
205 1790
205 1930
206 366
206 1424
206 1781
207 1125
207 1368
207 1411
208 719
208 1466
209 668
209 1588
210 635
210 832
211 218
211 307
211 1110
211 1426
212 658
212 908
213 396
213 625
214 467
214 783
214 1085
214 1978
215 452
215 567
215 929
215 1529
216 591
216 1543
217 581
217 763
217 1633
217 1741
217 1763
218 257
218 668
218 776
218 1074
218 1572
219 544
219 1118
219 1262
219 1416
220 979
221 590
221 1497
221 1917
222 909
222 1462
222 1619
223 229
223 1305
224 383
224 531
224 609
224 922
224 1066
224 1563
225 276
225 337
225 462
225 1816
226 1541
226 1863
227 635
227 1451
227 1736
228 445
228 747
228 1012
229 1469
229 1556
230 549
230 723
230 808
230 837
230 1351
230 1762
231 367
231 994
231 1038
231 1474
231 1776
231 1957
232 1392
232 1717
233 627
233 662
233 1065
233 1567
233 1664
234 406
234 1045
234 1062
234 1912
235 987
235 1774
235 1923
235 1927
236 269
236 525
236 550
236 1108
236 1228
236 1350
236 1384
237 435
237 1117
237 1420
238 334
238 441
238 1398
238 1403
238 1939
239 374
239 535
239 652
239 1820
240 1578
240 1860
241 319
241 742
241 796
241 1348
241 1866
241 1871
242 540
242 1041
242 1177
242 1707
242 1854
242 1907
243 1122
243 1170
243 1771
243 1985
244 918
244 1673
244 1715
245 1052
246 405
246 584
246 1706
246 1793
247 702
248 648
248 734
248 1179
248 1215
248 1827
249 325
249 592
249 1324
249 1477
249 1585
250 531
250 814
250 918
251 1207
251 1870
252 511
252 514
252 805
252 848
252 984
252 1677
252 1897
253 382
253 620
253 917
253 1133
253 1158
253 1449
254 947
254 1019
254 1655
255 447
255 696
255 1082
255 1693
255 1790
256 521
256 1278
256 1434
256 1613
256 1692
257 933
257 1081
257 1430
257 1533
257 1917
258 321
258 805
259 449
260 1142
261 571
261 1585
262 616
262 649
262 1890
263 432
263 567
263 804
263 1502
263 1604
263 1908
264 635
264 1266
264 1315
264 1373
265 1212
266 408
266 508
266 1900
267 1391
268 302
268 452
268 460
269 597
269 938
269 1707
269 1934
270 721
270 997
270 1085
271 400
271 1009
271 1271
271 1656
271 1855
272 507
272 582
272 706
272 824
272 1018
272 1127
272 1560
273 771
274 775
274 1317
274 1608
274 1638
274 1959
275 1160
275 1562
276 624
277 1339
278 1128
279 545
279 978
279 1614
280 586
280 804
280 911
280 1706
281 1325
282 356
284 804
284 1005
284 1210
284 1863
284 1930
285 519
285 1038
285 1353
285 1600
285 1684
286 302
286 908
286 947
286 988
286 997
286 1300
287 1003
288 436
288 980
288 1072
288 1488
288 1543
289 803
289 1737
289 1811
289 1902
290 1492
291 795
291 1182
291 1569
292 805
292 972
292 1109
292 1607
293 668
293 1280
293 1337
293 1953
294 645
294 1279
294 1630
295 668
295 1819
296 444
296 576
296 1031
297 1319
297 1515
297 1698
297 1799
298 357
298 502
298 838
298 933
298 1391
300 1006
300 1825
300 1874
301 341
301 1555
301 1957
302 436
302 621
302 831
302 1082
302 1187
302 1770
302 1807
303 327
303 547
303 856
303 1119
304 779
304 1722
306 359
306 421
306 600
306 661
306 1451
306 1624
307 470
307 507
307 744
307 1794
308 1788
309 367
309 1282
309 1759
310 545
310 577
310 932
310 1927
311 357
311 571
311 1027
311 1349
312 578
312 636
312 1901
313 730
313 1002
313 1447
314 450
314 678
314 1940
315 588
315 622
316 1107
316 1434
316 1716
317 521
317 1136
317 1435
317 1722
318 869
318 1519
319 1025
319 1094
319 1229
319 1268
319 1764
320 331
320 865
320 937
320 1479
321 784
321 907
321 1963
322 347
322 525
322 784
322 815
322 826
322 1897
323 455
323 1182
323 1199
323 1511
323 1973
324 405
324 808
324 1012
324 1852
325 1645
326 822
326 1405
326 1657
326 1888
326 1896
327 487
327 945
327 1157
327 1399
327 1666
328 343
328 932
328 1101
328 1620
328 1689
329 552
329 588
329 962
329 988
329 1032
330 645
330 975
330 1148
330 1302
330 1706
330 1812
330 1841
331 1600
331 1827
332 575
332 1145
332 1428
332 1738
332 1910
334 1439
334 1894
335 894
335 1419
335 1445
335 1554
335 1989
336 467
336 569
336 1736
337 1094
337 1190
337 1533
337 1792
337 1956
338 564
338 1059
338 1241
339 384
339 562
340 430
340 548
340 621
340 780
340 1325
340 1376
340 1406
340 1633
340 1958
341 717
341 1384
341 1422
341 1544
342 1304
342 1629
343 830
343 1355
343 1470
344 1298
344 1338
344 1876
345 551
345 1405
345 1442
345 1575
346 865
346 1092
346 1206
346 1319
346 1333
346 1439
347 428
347 1017
347 1758
348 710
348 837
348 961
348 994
348 1657
348 1709
349 1573
350 389
350 1362
350 1743
351 1143
351 1928
352 661
352 1347
352 1849
352 1886
353 384
354 1203
354 1211
354 1289
354 1290
354 1743
355 860
355 1056
356 994
356 1147
356 1308
357 731
357 931
357 1295
358 859
358 1275
358 1761
359 650
359 1179
359 1521
359 1587
359 1684
360 1561
360 1933
361 757
361 1324
361 1422
362 1029
362 1223
362 1402
362 1613
362 1932
363 558
363 1333
364 1273
364 1795
364 1985
365 417
365 526
365 1703
365 1890
365 1932
366 524
367 725
367 780
367 843
367 1375
367 1908
368 1079
369 669
369 1080
369 1892
369 1973
369 1982
370 1149
370 1359
370 1796
370 1825
370 1867
370 1906
371 940
371 1288
371 1305
371 1630
372 1493
372 1727
373 472
373 676
373 755
373 1178
374 521
374 1422
374 1787
375 1271
375 1406
375 1927
376 1013
376 1619
377 983
377 1338
378 840
378 1038
378 1392
379 706
379 713
379 907
379 1421
379 1835
380 797
380 1045
380 1072
380 1148
380 1545
381 1167
381 1462
382 1634
383 955
383 1852
383 1915
384 678
385 437
385 545
385 770
385 1462
385 1971
386 510
386 918
386 1126
386 1955
387 799
388 476
388 691
388 868
388 1265
388 1421
388 1808
388 1902
389 469
389 959
389 1967
390 770
390 952
390 1488
390 1980
391 475
392 827
392 1211
392 1302
392 1476
392 1482
392 1707
392 1961
393 728
393 1142
393 1144
393 1367
393 1446
393 1487
394 726
394 873
394 1051
395 1242
395 1404
395 1765
396 447
396 587
396 1171
396 1268
396 1714
397 1138
397 1719
397 1737
398 839
398 981
398 1962
399 415
399 978
399 1520
400 500
400 557
400 947
401 1080
401 1258
401 1385
401 1756
401 1816
401 1860
402 563
402 724
402 1638
402 1678
403 431
403 692
403 1731
403 1874
403 1886
404 521
404 795
404 1376
404 1385
404 1804
404 1880
404 1881
405 543
405 893
405 1531
406 789
406 1210
406 1262
406 1917
407 568
407 1297
407 1655
407 1902
408 442
408 715
408 853
408 923
408 1488
408 1601
409 803
409 924
409 1372
411 750
411 1136
413 953
413 1460
413 1580
414 470
414 1974
415 435
416 531
417 869
417 1004
418 861
418 1697
419 788
419 841
419 922
419 1263
419 1829
419 1873
419 1908
419 1919
419 1923
420 805
420 1501
420 1579
420 1603
421 1415
421 1544
422 1769
423 617
423 700
423 951
423 1077
423 1565
423 1641
423 1666
424 600
424 795
425 841
425 1180
425 1200
425 1769
426 1201
426 1967
427 1456
427 1548
428 721
428 894
428 1490
428 1505
429 1953
430 659
430 1207
430 1398
431 520
431 580
431 1037
431 1600
431 1930
432 1611
432 1774
433 689
433 998
433 1833
433 1846
434 566
434 1258
436 1403
437 483
437 533
437 720
437 1371
438 471
438 1036
438 1851
439 470
439 1397
439 1596
439 1918
440 1175
440 1774
441 538
441 568
441 599
442 1209
442 1606
442 1619
442 1702
442 1921
443 738
443 853
443 1597
444 670
444 698
444 913
444 1452
445 1229
445 1418
446 944
446 1084
446 1731
447 576
447 873
447 1448
448 560
448 673
448 1209
448 1265
448 1527
448 1764
448 1923
449 934
449 1059
450 534
450 939
450 1294
450 1379
450 1416
452 827
452 1955
454 913
454 982
454 1406
454 1452
454 1909
456 489
456 690
456 1110
456 1853
457 703
457 1180
459 1025
460 1149
461 922
461 1076
462 1118
463 497
463 887
464 1144
464 1424
464 1741
465 674
465 1874
465 1891
467 1068
467 1257
467 1793
469 1887
470 974
470 986
470 1148
470 1377
470 1484
470 1830
471 604
471 890
471 1050
471 1344
471 1874
471 1941
472 852
472 912
472 1573
472 1717
473 1054
473 1455
473 1689
474 991
474 1649
475 1098
475 1174
475 1503
476 1682
477 565
477 806
477 1177
477 1253
477 1682
478 928
478 1090
479 687
479 895
480 532
480 759
480 1871
481 656
481 997
481 1223
481 1332
481 1853
482 1487
483 801
483 1583
483 1740
483 1897
484 1068
484 1523
484 1774
484 1874
485 578
485 661
485 755
485 764
485 927
485 1244
486 788
486 1186
486 1244
487 902
487 1576
488 648
488 750
488 844
489 1029
489 1042
489 1414
489 1820
491 753
491 924
491 1220
491 1387
491 1409
491 1486
491 1824
491 1908
492 856
492 1531
492 1566
492 1622
492 1733
493 923
493 1097
493 1581
493 1915
494 1017
494 1561
495 583
495 608
495 1775
496 1282
496 1737
497 582
497 877
497 1649
497 1651
498 1130
498 1391
498 1754
499 1258
499 1796
499 1937
500 578
500 654
500 886
500 1070
501 1445
502 1343
503 909
503 1039
503 1335
503 1737
504 634
504 758
504 952
505 643
505 674
505 784
505 1055
505 1287
505 1520
505 1795
506 578
506 1193
506 1781
507 583
507 996
507 1006
507 1763
507 1884
508 559
508 582
508 870
508 1575
509 691
509 1129
509 1778
509 1979
510 678
510 1369
510 1484
510 1649
510 1787
511 744
511 1481
512 631
512 718
512 727
512 1019
512 1115
512 1712
513 533
513 713
513 1390
513 1636
513 1812
514 573
514 814
514 1470
514 1766
516 1309
516 1349
516 1432
516 1680
517 552
517 1786
517 1794
517 1934
519 846
519 1088
519 1457
519 1967
520 863
520 1824
521 1500
522 1373
522 1846
523 808
524 1666
524 1980
525 676
525 697
525 1213
525 1771
526 1094
526 1317
526 1407
526 1981
527 701
527 1539
528 793
528 1054
528 1091
528 1472
528 1620
530 675
530 1780
531 1210
531 1365
531 1524
532 585
532 976
532 1700
532 1754
533 1066
533 1620
533 1695
533 1943
534 544
534 1958
535 862
535 1236
535 1257
535 1657
535 1761
535 1785
535 1854
536 688
536 1244
536 1461
536 1638
536 1887
537 896
537 1825
538 692
538 725
538 1190
538 1882
539 1899
540 878
540 1055
540 1321
540 1374
540 1848
541 1289
542 641
542 1278
542 1681
543 1354
544 1492
545 606
545 826
545 1460
546 762
546 1672
546 1949
547 620
547 870
547 1097
547 1466
548 882
548 1719
549 1314
549 1331
550 1244
550 1788
550 1857
551 583
552 819
552 1337
552 1525
553 661
553 1212
553 1344
553 1937
554 966
554 1374
555 718
555 1238
555 1310
555 1368
555 1748
555 1771
556 1469
556 1706
556 1959
557 1128
558 944
558 1188
558 1345
558 1384
558 1822
558 1970
559 1560
560 648
560 939
560 1428
560 1445
561 755
562 825
562 1330
562 1482
564 1257
564 1317
564 1828
565 945
565 1558
566 1075
566 1240
566 1446
566 1463
566 1934
566 1999
567 773
567 899
567 957
567 1344
568 1043
568 1080
568 1112
568 1313
568 1894
569 863
569 955
569 1377
569 1827
569 1906
570 1105
570 1421
570 1634
572 1054
573 905
573 1126
573 1484
573 1629
573 1874
574 1778
574 1896
575 691
575 1735
576 622
576 1227
577 794
577 963
577 1593
578 1469
578 1843
579 996
579 1221
579 1269
579 1485
580 1492
580 1594
580 1826
581 844
582 1160
582 1194
582 1606
582 1707
582 1740
582 1752
582 1794
583 787
583 849
583 1219
584 1395
585 759
585 1311
585 1581
585 1611
585 1762
585 1908
586 1218
586 1318
586 1659
586 1740
587 1905
587 1955
588 750
588 1593
589 606
589 857
589 1758
589 1914
590 1222
590 1502
590 1800
591 817
591 986
591 1077
592 1490
592 1643
593 917
593 1660
594 790
594 1015
595 873
595 1405
595 1796
596 1591
597 1011
597 1063
597 1291
597 1658
597 1925
598 1105
598 1984
599 714
599 730
599 1210
599 1462
599 1525
600 1447
601 698
601 1054
601 1553
601 1666
602 635
602 966
602 1396
602 1826
603 633
603 963
603 1297
604 1194
604 1278
605 1332
605 1588
605 1652
605 1881
606 918
606 964
606 1119
606 1295
606 1579
606 1700
606 1748
606 1877
606 1926
607 1232
607 1502
607 1934
607 1990
608 1828
609 1389
609 1564
609 1810
610 1087
610 1628
610 1899
611 631
611 640
611 838
611 956
611 1632
612 1048
613 1799
614 885
614 1356
614 1683
614 1785
615 788
615 1352
615 1764
615 1918
616 787
616 967
616 1461
616 1631
616 1684
616 1976
617 1683
618 982
618 1444
618 1529
619 719
619 1206
619 1330
619 1534
619 1702
619 1814
620 949
620 1251
620 1697
621 1583
622 1001
622 1455
622 1695
623 871
623 1115
624 687
624 1048
625 1235
625 1603
625 1786
626 984
626 1039
626 1040
626 1135
626 1915
627 1278
627 1559
627 1615
628 1490
628 1957
629 1170
630 1042
630 1356
630 1908
631 787
631 1071
631 1690
632 782
632 1027
632 1114
633 1122
633 1139
633 1432
633 1779
634 804
634 1268
634 1811
635 952
635 1808
636 1234
636 1371
636 1938
637 640
637 711
637 1035
637 1588
637 1976
638 1290
638 1657
638 1694
639 705
639 1278
639 1354
639 1758
640 1228
640 1466
641 1413
642 823
642 971
642 974
642 996
642 1051
642 1267
642 1892
643 1122
643 1344
643 1434
644 1029
644 1362
645 1463
645 1683
645 1722
645 1748
646 799
646 1532
646 1641
646 1902
647 721
647 1142
647 1162
647 1719
648 760
648 1012
648 1345
648 1502
649 1038
649 1043
649 1310
650 690
651 1196
651 1289
651 1761
652 849
652 902
652 1811
654 887
654 1083
654 1249
654 1625
654 1696
655 1935
655 1940
656 872
656 1026
656 1434
657 795
657 810
657 813
657 952
657 974
657 1251
657 1380
658 767
658 1034
658 1276
659 1605
659 1871
659 1941
660 1406
660 1524
661 770
661 1824
661 1851
662 736
662 796
662 908
663 822
663 971
663 1699
663 1757
664 956
664 971
664 1141
664 1434
664 1689
665 756
665 1079
665 1106
665 1239
667 1274
668 1287
668 1859
669 989
669 1758
670 1223
670 1310
670 1880
671 1871
672 686
672 937
672 1425
673 1061
675 1686
675 1716
676 844
676 1392
677 881
677 1057
677 1496
677 1607
678 699
678 1773
679 1107
679 1222
679 1668
679 1971
680 1101
680 1246
680 1411
681 813
681 1348
683 1229
684 854
684 902
684 1138
684 1363
684 1435
684 1665
685 687
685 729
685 1622
686 886
686 899
686 1010
687 1015
687 1061
687 1588
687 1629
687 1715
688 1242
688 1288
688 1604
689 844
689 1048
689 1552
689 1750
690 1965
691 1149
691 1760
691 1880
693 1209
693 1959
694 821
694 1436
695 1838
695 1859
696 1514
696 1689
697 761
697 1227
698 1109
699 781
699 1730
700 1025
700 1034
701 704
702 1189
702 1499
703 1184
704 783
704 1115
704 1198
704 1206
704 1369
705 745
706 1483
707 1046
708 1358
708 1432
709 1791
709 1801
710 1109
710 1326
710 1375
710 1452
710 1781
711 1384
711 1857
711 1961
712 1245
712 1357
712 1498
712 1640
713 1285
713 1498
714 1314
715 1420
715 1507
715 1602
715 1777
716 822
718 1587
719 1517
719 1817
720 1275
721 1010
721 1068
721 1143
721 1512
722 1458
723 834
723 1728
723 1894
724 766
724 1451
725 1342
726 1023
726 1385
726 1910
727 1537
727 1667
727 1876
727 1896
728 1804
728 1834
729 735
729 771
729 772
730 1426
730 1541
731 797
731 1976
732 865
732 1080
732 1273
732 1405
733 852
733 1440
734 1192
734 1560
734 1778
734 1786
735 1326
735 1517
735 1958
736 1637
736 1731
737 862
737 1446
738 1537
738 1744
739 1226
739 1327
740 745
740 1183
740 1851
741 1365
741 1371
741 1537
743 1317
743 1432
743 1836
744 1002
744 1356
744 1373
744 1558
745 936
745 1595
745 1697
745 1864
746 812
746 882
746 1309
747 1305
748 1352
748 1604
748 1671
748 1843
748 1877
748 1976
749 952
749 1093
749 1600
749 1907
749 1950
750 878
750 1093
750 1522
750 1710
750 1926
751 768
751 798
751 1371
751 1697
751 1770
751 1961
752 1020
752 1659
753 1235
753 1596
753 1694
753 1760
754 1086
754 1127
754 1221
754 1603
754 1955
756 1348
757 959
757 963
757 992
757 1001
757 1201
758 1582
758 1986
759 1080
759 1743
759 1752
759 1822
759 1871
760 1097
760 1576
760 1744
760 1766
761 1357
762 950
762 1200
762 1516
762 1710
763 1031
763 1150
763 1172
763 1473
764 1491
765 1631
765 1735
766 808
766 1037
766 1802
766 1971
767 928
767 950
767 1622
767 1831
768 1254
768 1462
769 889
769 1166
769 1241
769 1796
770 1840
770 1956
771 1849
772 1028
772 1106
772 1648
773 900
773 949
773 1016
774 950
774 1205
775 802
775 937
775 1203
775 1462
775 1572
775 1693
776 1368
776 1421
777 794
777 811
777 1159
777 1269
778 878
778 1975
779 1114
779 1157
779 1292
779 1333
779 1375
779 1595
781 1097
781 1100
781 1241
781 1311
781 1626
782 1373
782 1532
783 1484
783 1687
783 1748
784 1367
784 1380
784 1391
784 1498
784 1548
785 1272
785 1407
785 1414
786 1167
786 1210
786 1401
787 818
787 925
787 990
787 1609
787 1728
788 1475
788 1744
788 1777
788 1924
789 1550
789 1851
790 956
791 1306
791 1890
791 1947
792 1317
792 1982
793 809
793 1639
794 949
794 1361
794 1771
795 1022
795 1057
795 1646
796 1295
796 1449
796 1650
797 1170
797 1275
797 1720
797 1992
798 907
798 1084
799 1933
801 829
801 948
801 972
801 1758
801 1823
801 1958
802 1905
804 1698
805 1196
805 1215
805 1607
805 1797
806 1591
806 1688
807 1803
809 981
809 1049
809 1380
809 1540
810 1213
810 1345
810 1397
811 1986
812 970
812 1269
813 1295
813 1857
814 1200
814 1412
816 823
816 1152
816 1284
816 1693
817 1058
817 1088
817 1912
818 1255
818 1726
818 1892
818 1956
819 1348
820 1200
820 1698
821 879
821 981
821 1588
822 843
822 949
822 1243
822 1388
822 1546
822 1581
822 1658
822 1677
822 1798
823 1283
824 1483
824 1557
824 1705
825 1449
826 1015
826 1072
826 1191
826 1523
826 1698
826 1953
827 1162
827 1371
827 1659
828 998
828 1824
829 1717
830 929
830 1183
832 1434
833 1001
833 1189
834 1822
834 1830
835 1025
837 976
838 850
838 1242
838 1285
838 1300
838 1920
839 1092
839 1735
839 1791
840 1428
841 1737
844 1817
844 1848
845 949
845 1093
845 1145
846 1113
846 1472
846 1677
846 1954
847 1166
848 986
848 1396
848 1410
848 1471
848 1769
848 1796
849 1293
849 1756
850 1631
851 1251
851 1980
852 1299
852 1829
852 1887
853 1156
853 1749
853 1752
854 1446
854 1772
855 1445
855 1523
855 1644
856 1124
857 1590
857 1723
859 1226
859 1688
860 1948
861 1050
861 1328
861 1693
862 1449
862 1642
863 1681
863 1768
863 1885
864 872
864 1040
865 1122
865 1603
865 1826
866 1088
866 1380
866 1556
866 1824
867 1056
868 1159
868 1835
868 1867
869 1583
869 1649
869 1663
870 1038
870 1643
871 1193
871 1587
872 1672
872 1830
873 1051
873 1361
873 1373
873 1785
875 1048
875 1332
876 1027
876 1130
876 1310
876 1483
876 1599
876 1656
877 1817
878 1139
878 1331
878 1702
878 1726
879 961
879 968
879 1393
880 932
880 990
880 1016
880 1362
882 1526
884 1594
885 1065
885 1169
885 1323
886 1571
886 1631
886 1718
886 1733
886 1953
887 1235
887 1492
887 1680
888 1219
888 1544
888 1841
889 1248
889 1271
889 1476
889 1496
890 925
890 1089
890 1956
891 1193
891 1443
892 1111
892 1413
892 1422
892 1752
893 1288
893 1383
893 1796
893 1826
894 946
895 1663
895 1788
895 1952
896 1099
896 1193
896 1740
897 1223
897 1788
897 1995
898 1027
898 1821
899 1295
900 921
900 1650
900 1764
901 997
901 1482
901 1788
901 1885
903 1125
903 1165
903 1287
903 1926
904 1604
905 1091
905 1616
905 1864
906 1448
907 1216
907 1706
907 1770
908 1655
908 1871
909 1045
909 1112
909 1661
909 1710
909 1882
909 1911
910 1653
911 926
911 1881
912 1726
913 1415
913 1593
914 1089
914 1232
915 1041
915 1559
916 1085
916 1227
917 1620
917 1738
919 1052
919 1579
919 1756
919 1875
920 1841
920 1857
921 1375
921 1713
921 1966
923 1666
925 1049
925 1165
925 1377
926 1396
927 947
927 1460
927 1983
928 1031
928 1100
928 1594
928 1649
929 1510
929 1692
929 1994
930 1557
930 1623
930 1873
931 992
931 1015
932 1121
932 1195
932 1986
933 961
933 994
933 1533
933 1589
933 1946
933 1956
934 1947
935 1367
935 1853
936 1070
936 1320
936 1505
936 1677
937 1072
937 1818
937 1827
938 1948
939 1007
939 1053
939 1603
939 1900
940 966
940 1412
940 1542
940 1800
941 1159
942 1425
943 1166
943 1424
943 1927
944 1068
944 1105
944 1636
944 1842
944 1981
945 1345
945 1598
946 1983
947 1220
947 1271
947 1965
948 1872
949 1312
949 1368
949 1884
950 1809
951 1201
951 1520
952 1126
954 1396
954 1669
955 1367
957 983
957 1424
957 1452
958 1608
959 1225
959 1600
959 1972
961 1165
961 1357
962 1295
962 1724
962 1760
963 1257
963 1460
963 1869
963 1979
964 1397
965 1888
965 1961
966 1136
967 1458
967 1480
967 1540
968 1742
968 1993
969 1905
969 1917
970 1050
970 1344
970 1877
970 1989
971 1150
971 1362
971 1460
971 1918
972 1399
972 1635
972 1752
973 1698
973 1765
974 1183
974 1863
975 1047
976 1162
976 1656
976 1986
977 1139
977 1158
977 1201
977 1450
977 1638
978 1234
979 1520
979 1744
982 1363
982 1959
983 1383
983 1665
985 1138
985 1441
985 1816
985 1850
985 1851
986 1774
986 1805
988 1214
988 1387
988 1417
989 1231
989 1243
990 1637
990 1819
991 1021
991 1316
991 1323
991 1495
991 1703
991 1888
992 1984
993 1648
994 1438
994 1798
994 1923
995 1064
995 1446
995 1524
995 1754
997 1133
997 1323
997 1721
998 1061
998 1200
998 1581
998 1655
998 1895
999 1225
1001 1687
1001 1833
1002 1149
1002 1179
1002 1302
1002 1393
1002 1408
1002 1724
1003 1175
1003 1460
1004 1540
1004 1628
1004 1724
1004 1851
1004 1905
1004 1957
1005 1214
1005 1435
1005 1594
1006 1128
1006 1181
1006 1268
1006 1472
1006 1607
1007 1169
1007 1645
1008 1237
1009 1047
1009 1178
1010 1158
1010 1939
1011 1131
1011 1469
1011 1520
1011 1598
1011 1904
1012 1421
1012 1611
1013 1130
1013 1700
1014 1325
1015 1106
1015 1642
1016 1310
1016 1326
1016 1395
1017 1247
1017 1724
1018 1308
1018 1586
1018 1609
1019 1613
1020 1470
1020 1981
1021 1791
1022 1265
1022 1450
1022 1616
1022 1828
1023 1502
1023 1951
1024 1503
1024 1667
1024 1682
1025 1979
1026 1381
1027 1133
1028 1081
1029 1390
1030 1110
1031 1185
1031 1245
1031 1287
1031 1912
1031 1930
1032 1726
1033 1843
1035 1390
1036 1553
1036 1673
1037 1601
1038 1109
1038 1230
1040 1414
1040 1650
1041 1893
1042 1468
1042 1519
1042 1560
1042 1935
1043 1271
1043 1475
1043 1719
1043 1946
1044 1137
1044 1587
1044 1931
1045 1689
1045 1709
1046 1242
1046 1788
1047 1489
1049 1277
1049 1335
1049 1597
1050 1072
1050 1097
1050 1974
1051 1103
1051 1253
1051 1350
1051 1845
1052 1077
1052 1109
1052 1312
1052 1858
1053 1149
1054 1075
1054 1099
1055 1894
1056 1064
1056 1335
1057 1475
1058 1948
1063 1906
1064 1236
1064 1326
1064 1638
1064 1767
1065 1322
1065 1707
1065 1716
1065 1786
1065 1808
1066 1167
1066 1404
1067 1369
1068 1152
1068 1208
1068 1325
1068 1551
1068 1786
1069 1336
1069 1805
1071 1127
1071 1156
1071 1515
1071 1778
1072 1536
1072 1683
1074 1125
1074 1385
1076 1413
1076 1827
1076 1829
1076 1857
1076 1889
1077 1520
1078 1082
1079 1210
1079 1780
1081 1481
1081 1648
1081 1740
1081 1785
1081 1897
1082 1233
1082 1604
1083 1691
1083 1951
1084 1904
1085 1180
1087 1096
1087 1897
1088 1118
1089 1947
1090 1592
1093 1776
1094 1260
1094 1350
1094 1833
1094 1928
1095 1248
1096 1196
1096 1999
1097 1196
1097 1897
1098 1297
1098 1369
1099 1690
1099 1830
1099 1945
1101 1795
1102 1513
1102 1701
1102 1929
1103 1272
1103 1472
1104 1110
1104 1867
1104 1905
1105 1391
1105 1566
1105 1919
1107 1378
1107 1509
1108 1322
1108 1642
1108 1777
1109 1166
1109 1390
1109 1416
1109 1457
1109 1458
1109 1493
1109 1809
1109 1875
1109 1993
1110 1701
1111 1543
1111 1979
1112 1473
1112 1525
1113 1311
1113 1936
1114 1281
1115 1151
1115 1815
1118 1194
1118 1801
1119 1639
1120 1167
1121 1166
1121 1180
1121 1424
1121 1829
1121 1906
1122 1564
1123 1659
1123 1976
1124 1262
1125 1505
1126 1231
1126 1451
1126 1739
1127 1264
1127 1446
1127 1565
1127 1988
1129 1252
1130 1207
1130 1754
1130 1790
1130 1977
1131 1924
1132 1421
1133 1181
1133 1745
1134 1856
1135 1467
1135 1544
1135 1922
1136 1417
1136 1449
1136 1533
1136 1795
1136 1822
1137 1432
1137 1691
1137 1723
1137 1735
1137 1918
1138 1884
1139 1170
1139 1580
1142 1496
1142 1550
1142 1841
1142 1971
1143 1729
1143 1945
1144 1339
1145 1726
1145 1811
1146 1288
1146 1562
1147 1164
1147 1204
1147 1869
1148 1375
1148 1841
1149 1863
1151 1444
1151 1447
1152 1878
1153 1157
1153 1669
1153 1879
1155 1649
1155 1946
1156 1506
1160 1986
1161 1548
1161 1859
1162 1716
1163 1288
1164 1452
1164 1550
1165 1381
1165 1411
1165 1921
1166 1186
1166 1881
1167 1426
1167 1647
1167 1670
1167 1676
1167 1824
1168 1187
1168 1689
1169 1833
1170 1208
1170 1793
1171 1598
1171 1676
1172 1210
1172 1364
1172 1458
1172 1568
1172 1936
1173 1240
1173 1776
1173 1858
1173 1900
1174 1557
1175 1259
1177 1445
1178 1295
1178 1886
1179 1265
1180 1292
1180 1545
1181 1249
1181 1537
1181 1989
1183 1272
1183 1279
1183 1288
1183 1332
1183 1429
1184 1947
1185 1749
1187 1316
1188 1797
1188 1914
1188 1926
1189 1283
1189 1315
1189 1349
1189 1859
1190 1375
1190 1647
1191 1293
1191 1818
1192 1292
1192 1914
1194 1535
1196 1532
1196 1935
1198 1424
1198 1534
1200 1612
1200 1938
1201 1726
1202 1207
1203 1774
1205 1478
1206 1712
1207 1452
1207 1474
1209 1267
1210 1304
1212 1344
1212 1674
1212 1954
1213 1393
1213 1514
1214 1833
1214 1844
1214 1959
1215 1651
1216 1504
1217 1340
1218 1686
1218 1741
1219 1255
1219 1299
1219 1519
1220 1623
1221 1278
1221 1375
1221 1462
1222 1372
1223 1399
1223 1535
1224 1335
1224 1855
1226 1237
1226 1558
1226 1880
1226 1895
1227 1257
1228 1258
1228 1280
1228 1597
1228 1665
1229 1259
1229 1607
1230 1970
1232 1386
1234 1242
1237 1386
1237 1938
1238 1421
1238 1515
1238 1916
1238 1945
1240 1708
1241 1490
1241 1647
1242 1337
1242 1728
1242 1755
1242 1993
1243 1330
1245 1271
1245 1388
1245 1475
1247 1264
1247 1800
1247 1801
1248 1367
1248 1532
1248 1803
1249 1410
1250 1259
1250 1274
1250 1475
1250 1623
1250 1650
1251 1315
1252 1952
1253 1276
1254 1649
1254 1826
1254 1853
1255 1393
1255 1717
1255 1729
1255 1797
1256 1616
1256 1753
1256 1764
1256 1788
1256 1884
1257 1486
1257 1609
1257 1647
1257 1734
1257 1739
1258 1646
1259 1394
1260 1780
1260 1910
1261 1493
1262 1595
1263 1331
1264 1479
1264 1619
1264 1779
1264 1789
1265 1598
1265 1741
1266 1732
1266 1987
1267 1900
1268 1418
1268 1711
1269 1310
1269 1660
1269 1828
1270 1919
1271 1316
1271 1545
1271 1826
1271 1940
1272 1617
1273 1455
1273 1459
1274 1879
1275 1533
1275 1601
1275 1938
1276 1366
1278 1529
1278 1905
1281 1895
1282 1380
1282 1600
1283 1338
1285 1374
1285 1649
1286 1302
1287 1712
1288 1402
1289 1487
1289 1682
1289 1895
1289 1919
1290 1739
1291 1601
1291 1988
1292 1318
1292 1595
1292 1897
1293 1646
1294 1678
1296 1457
1297 1922
1299 1365
1300 1450
1300 1833
1301 1590
1301 1736
1303 1648
1304 1305
1304 1582
1304 1600
1304 1755
1305 1580
1305 1732
1306 1763
1306 1873
1307 1995
1308 1928
1309 1402
1309 1842
1312 1799
1313 1942
1314 1990
1315 1614
1315 1659
1315 1761
1315 1862
1315 1945
1316 1934
1317 1999
1319 1947
1320 1420
1320 1831
1321 1613
1323 1570
1325 1512
1325 1642
1325 1904
1326 1637
1327 1392
1327 1422
1327 1960
1328 1491
1330 1568
1330 1963
1332 1665
1332 1768
1333 1565
1335 1525
1335 1528
1335 1560
1336 1834
1337 1389
1338 1354
1338 1449
1339 1568
1339 1754
1341 1446
1341 1506
1341 1523
1341 1524
1342 1576
1344 1644
1344 1987
1345 1685
1346 1631
1346 1639
1347 1483
1348 1471
1348 1867
1348 1898
1350 1465
1350 1512
1350 1581
1354 1597
1354 1726
1355 1401
1355 1789
1356 1430
1357 1445
1357 1550
1358 1757
1358 1874
1358 1910
1360 1427
1360 1465
1360 1706
1360 1826
1360 1872
1361 1390
1362 1400
1362 1485
1362 1691
1363 1666
1366 1766
1367 1386
1368 1499
1368 1554
1370 1504
1370 1520
1370 1543
1370 1562
1370 1670
1372 1709
1372 1746
1373 1823
1374 1696
1374 1758
1375 1937
1376 1424
1376 1789
1376 1836
1376 1908
1377 1604
1377 1610
1380 1570
1380 1759
1380 1921
1382 1638
1382 1822
1384 1631
1384 1768
1384 1881
1386 1389
1386 1729
1386 1803
1386 1986
1387 1665
1388 1603
1389 1988
1391 1828
1392 1397
1392 1479
1392 1901
1393 1985
1396 1660
1397 1543
1398 1399
1398 1501
1399 1430
1399 1523
1399 1715
1400 1557
1400 1576
1400 1672
1400 1918
1401 1618
1403 1686
1404 1835
1404 1997
1405 1682
1406 1580
1408 1754
1409 1534
1409 1590
1409 1609
1410 1830
1411 1817
1412 1709
1413 1519
1413 1644
1414 1840
1415 1579
1415 1609
1415 1751
1415 1754
1416 1423
1416 1735
1417 1422
1417 1492
1417 1596
1417 1977
1418 1600
1419 1810
1420 1526
1421 1577
1422 1647
1423 1705
1423 1848
1427 1824
1428 1463
1428 1640
1428 1881
1429 1908
1431 1806
1431 1910
1431 1949
1432 1622
1432 1755
1433 1647
1433 1897
1433 1968
1434 1826
1435 1460
1435 1840
1436 1696
1436 1768
1440 1526
1441 1561
1441 1899
1442 1830
1442 1928
1445 1809
1446 1612
1446 1907
1448 1959
1449 1585
1450 1615
1450 1691
1450 1965
1451 1470
1451 1664
1453 1983
1455 1680
1455 1971
1457 1502
1457 1966
1458 1820
1459 1704
1460 1602
1461 1612
1461 1708
1461 1876
1462 1470
1462 1495
1462 1655
1463 1564
1465 1466
1468 1862
1468 1930
1470 1853
1470 1957
1471 1488
1472 1617
1472 1797
1472 1941
1473 1758
1474 1725
1474 1908
1475 1486
1475 1488
1475 1769
1475 1799
1475 1949
1477 1852
1478 1830
1479 1973
1480 1545
1480 1610
1480 1665
1482 1919
1482 1956
1486 1973
1491 1619
1491 1717
1491 1868
1492 1976
1497 1507
1497 1519
1497 1926
1498 1765
1498 1871
1499 1785
1499 1863
1499 1918
1501 1671
1502 1566
1504 1982
1506 1900
1508 1855
1510 1711
1512 1745
1513 1878
1514 1798
1515 1971
1515 1987
1516 1742
1517 1803
1517 1861
1518 1890
1519 1817
1519 1880
1520 1522
1520 1526
1522 1975
1523 1765
1523 1840
1524 1829
1526 1709
1526 1866
1527 1900
1528 1791
1529 1765
1529 1939
1533 1557
1533 1990
1534 1570
1534 1663
1534 1772
1535 1805
1538 1972
1539 1546
1539 1900
1539 1969
1539 1973
1541 1646
1541 1793
1543 1652
1543 1819
1543 1843
1544 1690
1545 1897
1548 1651
1549 1623
1550 1680
1552 1907
1554 1658
1554 1871
1555 1661
1555 1905
1556 1722
1556 1802
1556 1987
1557 1574
1559 1655
1559 1848
1559 1991
1560 1936
1563 1644
1563 1687
1565 1958
1566 1953
1567 1706
1568 1856
1570 1915
1570 1940
1570 1956
1571 1754
1571 1779
1572 1628
1573 1703
1574 1888
1575 1953
1576 1855
1577 1716
1578 1675
1579 1737
1581 1683
1582 1848
1582 1982
1585 1959
1586 1734
1589 1871
1591 1697
1592 1623
1593 1622
1599 1714
1599 1809
1599 1893
1600 1710
1600 1755
1601 1876
1602 1651
1606 1801
1611 1677
1611 1842
1614 1718
1616 1974
1618 1694
1618 1808
1618 1889
1619 1760
1619 1809
1622 1696
1630 1644
1632 1643
1633 1731
1633 1809
1635 1696
1636 1868
1638 1790
1638 1866
1640 1683
1640 1808
1640 1866
1642 1903
1645 1681
1645 1963
1649 1937
1650 1711
1651 1798
1653 1832
1654 1869
1654 1876
1655 1928
1657 1873
1659 1689
1659 1884
1663 1699
1664 1925
1665 1691
1666 1841
1667 1819
1668 1734
1668 1789
1668 1952
1669 1726
1669 1853
1669 1938
1671 1809
1672 1745
1675 1869
1676 1794
1677 1902
1679 1792
1680 1907
1683 1931
1684 1819
1686 1742
1686 1984
1687 1996
1689 1727
1689 1921
1690 1812
1692 1996
1693 1781
1694 1824
1694 1830
1694 1883
1697 1898
1699 1717
1699 1776
1699 1921
1699 1945
1705 1822
1706 1804
1708 1774
1713 1858
1717 1776
1717 1888
1717 1938
1718 1892
1719 1803
1720 1808
1722 1961
1726 1800
1729 1845
1730 1807
1731 1801
1735 1745
1735 1942
1736 1811
1737 1744
1739 1780
1741 1868
1742 1976
1743 1922
1748 1795
1750 1899
1750 1931
1753 1988
1756 1904
1759 1894
1760 1931
1762 1935
1768 1909
1769 1868
1769 1901
1772 1787
1775 1936
1785 1878
1785 1886
1788 1918
1792 1830
1792 1875
1795 1936
1798 1947
1798 1986
1804 1850
1805 1878
1805 1894
1807 1898
1809 1974
1809 1980
1818 1982
1819 1844
1820 1895
1826 1856
1826 1886
1830 1907
1833 1850
1835 1986
1842 1983
1850 1923
1854 1951
1858 1982
1860 1885
1861 1947
1863 1940
1868 1917
1869 1971
1871 1947
1876 1982
1878 1932
1880 1946
1883 1957
1886 1901
1890 1898
1900 1928
1911 1965
1916 1919
1916 1977
1918 1983
1922 1940
1927 1987
1942 1998
1949 1956
1959 1972
1974 1980
