0 194
0 461
1 50
1 211
1 311
1 354
1 359
1 366
1 462
2 20
2 152
2 280
2 311
2 318
3 31
3 188
3 339
3 347
3 376
3 481
4 61
4 170
4 336
4 457
4 479
5 64
5 146
6 11
6 49
6 150
6 326
6 385
7 14
7 51
7 70
7 268
7 452
8 62
8 84
10 59
10 236
11 16
11 115
11 338
11 485
12 17
12 74
12 308
12 312
12 341
12 493
13 65
13 130
13 170
13 187
14 366
14 437
15 56
15 63
15 68
15 106
15 116
15 240
15 252
15 415
15 436
16 56
16 151
16 161
16 259
16 451
18 38
19 36
19 149
19 229
19 387
19 397
19 465
20 99
20 255
20 342
21 67
21 248
21 364
21 461
21 472
22 179
23 83
23 205
23 322
23 385
24 301
24 352
24 363
25 323
25 353
25 403
26 54
26 160
26 457
27 415
28 98
28 381
28 382
29 141
29 230
29 381
29 445
29 490
30 40
30 296
30 447
30 480
30 491
31 100
31 179
31 180
31 369
31 394
31 400
32 133
32 169
32 204
32 224
32 260
32 373
33 163
33 213
33 246
33 324
33 367
34 245
34 485
35 62
35 94
35 192
35 301
35 369
35 380
35 421
36 57
36 495
37 135
37 178
37 328
37 347
38 101
38 231
38 422
39 43
39 404
39 485
39 494
40 132
41 122
41 416
42 106
42 317
42 455
43 448
44 211
44 323
45 180
45 215
45 366
47 79
47 148
47 369
47 470
48 425
48 499
49 180
49 192
49 232
49 400
51 120
51 194
51 492
52 114
52 176
52 476
53 168
53 207
53 340
53 388
54 230
54 232
54 394
55 486
56 122
56 323
56 424
57 63
57 200
57 212
57 228
57 297
57 437
59 72
59 225
59 262
59 308
59 360
59 381
59 478
60 175
60 209
60 245
60 320
60 467
61 63
61 212
61 378
62 140
62 166
62 177
62 269
63 227
63 233
63 258
65 101
65 167
65 277
65 323
65 424
66 102
66 273
66 311
67 145
67 235
67 285
67 327
68 79
68 165
68 187
68 295
68 340
68 390
68 428
69 264
69 289
70 187
70 211
71 106
71 179
71 221
71 273
71 337
71 486
72 114
72 398
72 490
73 226
73 243
73 355
74 350
74 431
74 443
74 484
76 163
76 179
76 183
76 201
76 206
76 326
76 417
76 437
76 460
77 124
77 130
77 160
77 201
77 297
77 372
77 475
78 163
78 235
79 96
79 271
79 309
80 231
80 488
81 168
81 413
82 138
82 178
82 271
82 304
82 376
82 394
83 95
83 156
83 164
83 184
83 282
83 493
84 219
84 396
84 422
85 335
85 360
85 416
86 387
87 123
87 246
87 440
88 107
88 174
88 181
88 190
88 198
88 336
88 354
89 170
89 407
89 413
89 463
90 138
90 238
91 125
91 177
91 363
92 413
92 479
93 99
93 135
94 109
94 386
95 105
95 123
95 247
96 157
96 323
96 401
96 473
97 349
97 369
97 384
98 329
98 387
98 423
99 264
99 350
99 402
100 153
100 178
100 256
100 494
102 297
102 334
102 485
103 180
104 182
104 223
104 288
104 396
105 158
105 465
106 121
106 125
106 144
106 416
107 354
107 366
108 162
108 299
109 115
109 150
110 121
110 274
110 431
111 219
111 255
111 363
112 229
112 281
112 297
112 300
112 319
112 367
112 408
112 411
113 169
113 205
113 230
113 404
113 489
114 124
114 223
114 353
114 462
115 153
115 178
115 481
116 194
116 212
116 260
116 272
116 287
116 489
117 163
117 182
117 242
117 257
117 266
118 176
118 228
118 246
119 161
119 194
119 357
119 400
119 403
120 177
120 283
120 476
121 147
121 299
121 447
122 160
122 321
122 483
123 298
125 263
125 445
126 215
126 361
126 395
127 224
127 326
127 438
128 262
128 473
129 136
129 201
129 465
129 490
130 185
131 140
131 299
132 291
132 399
132 475
133 178
133 185
133 223
133 234
133 354
133 415
134 137
135 197
135 286
135 453
136 162
136 163
136 169
137 302
137 369
138 152
138 460
139 220
139 298
139 360
139 384
139 451
140 208
141 152
141 168
141 207
142 229
142 299
142 418
143 296
143 304
143 319
143 440
144 173
144 189
144 409
145 450
145 466
146 161
146 223
146 394
146 409
146 481
147 226
147 345
147 462
148 184
148 272
148 273
148 300
148 308
148 316
148 391
150 188
150 218
150 283
150 352
150 398
151 255
151 345
151 384
151 478
152 204
152 235
152 357
152 364
152 458
153 348
153 485
154 481
155 440
156 168
156 353
157 210
157 217
157 272
157 395
158 357
159 220
159 406
159 481
160 320
160 416
161 194
161 396
162 234
162 368
163 290
163 405
163 444
164 168
164 381
165 347
165 412
165 417
166 178
166 448
166 462
168 192
168 298
168 326
168 404
168 422
169 237
169 316
169 324
169 437
169 474
170 371
170 418
170 420
171 358
171 453
172 310
172 314
172 365
173 248
174 294
175 239
175 286
175 303
176 374
177 319
178 235
178 272
178 396
180 193
180 489
181 225
181 248
181 295
182 297
183 231
183 357
183 376
184 230
184 264
184 348
184 400
184 446
184 489
185 234
185 251
185 337
185 347
186 279
186 430
187 298
187 327
187 383
188 388
189 258
189 283
189 366
190 424
190 439
192 255
192 477
193 229
193 288
193 334
193 376
194 270
194 284
194 351
194 355
194 418
195 257
195 258
195 316
195 409
195 458
197 219
198 471
199 354
199 426
200 230
200 403
201 248
201 404
202 227
202 372
202 416
203 303
204 439
205 439
206 339
206 348
206 445
207 208
207 265
208 266
208 464
209 213
210 242
210 473
211 295
211 296
211 349
212 213
212 243
212 333
213 400
214 438
214 450
216 290
216 403
216 428
216 445
217 300
217 429
218 360
218 483
219 369
219 494
220 230
220 268
220 334
220 349
220 415
221 344
221 458
221 499
222 438
223 304
223 365
224 410
225 239
225 273
225 380
226 274
226 287
227 386
227 465
227 478
228 412
228 422
229 248
229 363
230 274
230 380
230 456
230 465
231 443
232 310
233 280
233 298
233 457
233 482
234 283
234 416
235 341
235 426
235 448
235 462
236 367
236 456
236 484
237 291
237 342
238 367
240 391
242 299
242 354
244 302
244 318
244 434
245 246
245 275
245 398
245 411
245 438
246 324
246 462
247 459
248 360
248 404
249 327
249 493
251 271
251 314
251 329
251 430
252 485
253 368
253 421
254 427
255 280
255 282
255 306
255 480
255 498
256 259
256 285
256 365
257 317
257 435
258 345
259 269
259 284
259 291
259 317
259 417
259 448
260 286
260 354
260 362
260 384
260 413
261 336
261 360
261 376
261 380
261 419
261 471
262 397
262 424
262 460
264 437
265 378
265 420
267 303
267 331
267 431
268 284
268 286
268 312
268 425
268 438
268 486
269 388
269 418
270 295
270 492
271 361
271 380
273 472
274 470
275 400
275 475
276 278
276 312
276 477
277 361
277 401
277 423
277 471
278 320
279 412
279 423
280 335
282 445
282 490
282 496
283 335
284 422
284 489
285 400
285 443
287 347
287 394
287 431
287 486
288 380
288 433
289 357
289 440
289 464
289 496
290 297
290 382
291 357
291 395
291 433
293 484
294 426
295 301
295 310
297 387
297 410
297 414
297 422
297 485
298 429
298 485
299 304
299 306
299 459
299 490
300 444
300 487
301 380
301 453
302 346
302 396
302 411
303 383
305 363
305 452
306 356
306 497
307 329
307 337
307 402
308 312
308 412
309 439
310 440
310 461
311 402
311 412
311 438
312 489
314 408
314 414
315 390
315 455
316 331
316 396
317 471
318 425
318 436
319 325
319 333
320 325
320 383
322 329
324 377
324 479
325 383
326 349
327 375
327 406
328 419
328 435
329 408
331 332
333 431
333 443
333 450
334 442
335 450
336 358
336 439
338 485
340 377
340 462
341 394
341 442
341 466
342 350
342 462
343 418
344 464
345 370
345 490
347 349
347 362
348 359
349 470
349 471
350 381
350 445
351 440
352 383
352 469
354 496
355 439
355 471
356 416
361 373
362 419
362 425
362 448
363 457
364 388
366 424
366 466
367 392
367 404
367 411
369 466
370 387
371 386
371 447
371 457
371 471
375 422
375 428
375 494
376 451
378 487
380 475
380 496
381 390
382 424
383 418
383 453
385 404
385 487
386 439
387 456
387 470
388 441
389 453
393 459
393 469
394 473
395 417
396 496
397 465
397 473
398 432
401 454
401 466
403 407
403 497
404 481
409 432
409 454
410 428
410 460
413 462
415 492
417 434
417 437
420 449
422 475
423 499
424 457
426 456
426 471
427 470
428 467
433 440
433 457
433 492
434 498
437 461
439 499
441 486
441 488
449 462
451 457
454 489
456 490
459 498
468 480
476 489
