0 44
1 2
2 3
2 46
3 47
4 5
5 49
6 7
7 8
7 51
8 9
8 52
9 10
10 54
11 12
11 55
12 56
13 57
14 15
15 16
18 62
19 20
20 21
20 64
21 65
23 24
24 25
24 68
25 69
26 27
27 28
27 71
28 29
28 72
29 30
29 73
30 31
30 74
31 32
31 75
32 33
32 76
33 34
33 77
34 78
37 38
37 81
41 42
42 43
42 86
43 87
44 88
46 90
47 48
47 91
48 49
50 51
50 94
51 95
52 53
52 96
53 54
54 55
57 58
57 101
58 102
59 103
60 61
61 62
61 105
62 63
62 106
63 107
64 108
65 109
66 67
67 68
67 111
68 69
70 71
71 115
72 73
72 116
73 74
73 117
74 118
75 119
76 77
78 79
78 122
79 123
80 81
80 124
82 83
82 126
83 84
84 85
84 128
85 86
86 87
87 131
88 89
89 90
89 133
90 134
91 135
92 136
93 94
93 137
94 95
94 138
95 96
95 139
96 97
96 140
97 98
97 141
98 99
99 143
100 101
100 144
101 145
102 103
103 104
103 147
104 105
104 148
105 106
105 149
106 107
106 150
107 151
108 152
110 111
110 154
111 112
112 113
112 156
113 114
114 115
114 158
116 117
116 160
117 161
118 162
119 120
120 121
124 125
124 168
125 169
126 127
126 170
127 171
128 129
128 172
129 173
130 131
130 174
133 134
134 135
134 178
135 136
135 179
136 137
136 180
138 139
138 182
139 140
140 141
142 186
144 145
144 188
145 189
146 147
147 148
148 149
148 192
149 150
152 153
153 154
153 197
154 155
155 156
156 157
157 158
157 201
158 159
158 202
159 203
160 204
161 205
163 164
163 207
164 165
164 208
165 166
165 209
166 167
166 210
167 168
168 169
169 170
169 213
170 171
170 214
171 172
171 215
172 216
173 174
173 217
175 219
176 220
177 178
177 221
178 179
178 222
179 180
179 223
180 224
181 182
182 226
184 185
184 228
185 186
186 230
189 190
189 233
190 191
191 235
192 193
192 236
193 194
193 237
194 238
195 239
196 197
197 198
197 241
198 242
199 200
201 245
202 246
203 204
203 247
204 248
205 206
205 249
208 209
209 210
209 253
211 255
212 213
213 214
213 257
216 260
217 261
218 219
218 262
219 263
220 264
221 222
222 223
222 266
223 267
224 225
225 226
226 227
227 228
228 229
228 272
229 230
230 231
230 274
231 275
232 233
233 234
233 277
234 278
235 236
236 237
237 238
238 239
238 282
239 240
239 283
240 241
240 284
241 285
243 244
243 287
244 288
245 246
245 289
246 247
246 290
247 248
248 249
248 292
249 293
251 295
252 296
253 254
253 297
254 255
254 298
256 257
256 300
257 301
259 303
260 304
262 306
263 307
264 265
264 308
265 309
266 267
268 269
268 312
269 270
269 313
270 271
270 314
271 272
271 315
273 274
274 275
274 318
276 277
277 278
278 279
280 281
280 324
281 325
283 327
285 286
285 329
286 287
286 330
287 288
288 289
289 290
291 335
292 293
292 336
293 294
293 337
294 295
294 338
295 296
296 340
297 298
298 299
298 342
299 343
300 301
300 344
301 302
303 304
304 305
305 306
306 307
306 350
308 352
309 310
310 311
310 354
311 312
311 355
312 313
312 356
313 314
313 357
314 315
314 358
315 316
315 359
316 360
317 318
317 361
318 319
318 362
319 363
320 321
320 364
321 365
323 324
323 367
324 325
324 368
325 326
325 369
326 370
327 328
327 371
328 329
328 372
329 373
330 374
331 332
331 375
332 333
333 334
333 377
334 378
335 336
336 337
337 338
338 339
339 340
340 384
343 344
344 388
345 346
346 347
347 348
348 349
348 392
349 350
350 351
350 394
352 353
352 396
353 354
353 397
354 355
354 398
355 356
355 399
356 400
357 401
358 359
359 360
363 407
364 408
365 409
366 367
366 410
367 368
367 411
369 370
369 413
370 414
371 372
371 415
372 416
373 374
378 379
378 422
379 423
381 382
383 427
384 385
385 386
387 388
387 431
388 389
388 432
390 391
390 434
391 435
392 393
392 436
393 437
396 397
396 440
398 399
399 400
399 443
400 401
400 444
401 445
402 403
403 404
403 447
404 405
405 406
405 449
406 450
408 409
408 452
409 410
410 411
410 454
411 455
412 456
413 414
414 415
415 416
415 459
416 417
417 418
418 419
419 420
420 421
422 466
423 424
423 467
424 468
425 426
426 427
427 428
427 471
428 429
428 472
429 473
430 431
431 432
431 475
433 434
433 477
434 435
435 436
436 480
437 481
438 482
439 483
440 484
441 442
441 485
443 444
445 489
446 490
447 448
448 449
448 492
449 450
450 494
451 452
451 495
452 453
453 454
453 497
454 455
454 498
455 456
456 457
456 500
457 458
457 501
458 502
459 460
460 461
461 462
461 505
462 506
463 464
463 507
465 466
465 509
466 467
466 510
467 468
467 511
468 469
468 512
469 470
469 513
471 515
472 473
472 516
473 474
473 517
474 518
476 477
477 478
478 479
479 480
480 524
481 482
482 483
483 527
484 485
485 529
486 487
486 530
487 488
487 531
488 489
488 532
489 490
489 533
490 491
491 535
492 493
492 536
493 494
493 537
495 496
495 539
496 540
497 498
497 541
498 499
500 501
500 544
501 502
501 545
502 503
502 546
503 504
503 547
504 505
505 506
506 550
507 551
508 509
509 510
509 553
510 511
510 554
511 555
512 513
512 556
514 515
514 558
515 516
516 517
516 560
519 520
520 564
521 565
522 566
524 525
526 527
527 571
529 573
530 531
530 574
531 532
531 575
532 576
533 577
535 536
536 580
537 538
539 540
540 541
540 584
541 542
542 543
542 586
543 544
543 587
544 545
544 588
545 546
545 589
546 547
546 590
547 591
548 549
548 592
549 550
549 593
550 551
550 594
552 596
555 556
555 599
558 559
559 603
560 561
561 605
562 606
563 564
564 565
564 608
565 609
567 568
568 569
569 570
570 571
571 615
573 617
574 575
575 619
576 577
577 578
577 621
578 579
578 622
579 580
579 623
580 624
581 582
581 625
582 583
582 626
583 584
583 627
584 628
585 629
586 587
586 630
587 588
587 631
588 589
590 591
591 592
592 636
593 637
594 595
595 639
596 597
596 640
597 598
598 599
598 642
600 601
600 644
601 645
602 603
603 647
604 648
606 607
606 650
607 608
607 651
608 652
609 610
610 654
611 612
611 655
612 613
612 656
614 615
614 658
616 617
616 660
617 661
619 620
619 663
621 622
621 665
622 623
622 666
623 624
624 625
626 627
626 670
627 628
628 672
629 673
630 674
632 633
633 634
635 679
636 637
636 680
637 681
638 639
638 682
639 640
639 683
640 641
640 684
641 685
642 643
643 644
644 645
645 646
645 689
646 647
646 690
647 648
647 691
648 649
648 692
650 651
651 695
652 653
652 696
653 654
653 697
654 655
654 698
655 656
655 699
656 657
656 700
657 658
657 701
658 659
659 703
660 661
660 704
661 662
661 705
662 663
662 706
664 665
664 708
666 710
667 668
668 669
668 712
669 670
670 671
671 672
672 673
672 716
673 674
673 717
674 675
675 676
675 719
676 720
677 721
678 679
679 680
680 681
681 682
682 683
682 726
683 684
683 727
684 685
684 728
685 686
686 687
686 730
687 731
689 733
690 734
691 692
692 693
692 736
693 694
694 695
694 738
695 696
696 697
696 740
697 698
697 741
699 700
700 701
700 744
701 702
704 705
704 748
705 706
705 749
706 707
706 750
707 708
708 709
708 752
709 710
709 753
710 754
711 712
711 755
712 756
715 716
715 759
717 761
718 762
719 720
719 763
720 764
721 722
722 766
723 724
723 767
724 725
725 769
726 727
726 770
727 728
727 771
728 729
729 730
729 773
730 731
731 775
732 776
733 734
733 777
734 735
735 736
735 779
736 737
736 780
738 739
739 740
739 783
740 741
741 742
743 744
744 788
745 746
746 747
746 790
748 749
749 793
750 751
750 794
751 752
751 795
752 753
752 796
754 755
755 756
755 799
756 757
756 800
757 758
757 801
758 802
759 803
760 761
761 805
762 763
762 806
763 764
764 808
765 766
765 809
767 768
768 812
769 770
769 813
770 814
771 772
771 815
772 773
772 816
773 774
776 777
776 820
777 778
778 822
779 780
780 781
782 826
784 785
785 829
786 830
788 789
788 832
789 833
790 791
791 835
792 793
792 836
793 837
794 795
794 838
796 797
796 840
798 799
798 842
799 800
799 843
800 801
801 845
802 803
802 846
803 804
803 847
804 805
804 848
806 850
807 851
808 809
808 852
809 810
809 853
810 811
811 855
812 856
813 857
814 858
816 817
817 818
817 861
818 819
819 820
819 863
820 821
821 865
822 823
823 824
823 867
825 869
826 870
827 828
828 829
828 872
829 873
831 875
832 833
832 876
833 877
834 835
834 878
836 837
837 838
839 883
840 841
841 885
842 843
842 886
844 845
844 888
846 890
847 848
848 849
848 892
849 850
849 893
850 894
851 852
852 896
853 897
854 898
855 856
855 899
856 900
857 858
857 901
858 902
859 860
860 904
861 862
862 863
862 906
863 864
865 866
865 909
866 867
866 910
867 911
868 869
870 914
871 872
872 873
872 916
873 874
873 917
875 876
875 919
877 878
877 921
879 923
880 881
881 882
883 884
883 927
884 885
885 929
886 887
888 932
890 891
891 935
892 893
893 894
894 895
894 938
895 896
896 940
897 898
897 941
898 899
898 942
899 900
899 943
900 901
900 944
901 945
902 903
903 904
903 947
904 905
905 906
905 949
906 950
907 908
908 909
908 952
909 910
909 953
910 954
911 912
911 955
913 957
914 915
914 958
915 916
916 960
917 918
918 919
919 920
919 963
920 921
920 964
921 922
922 923
922 966
923 967
924 968
925 926
925 969
926 927
927 971
928 929
928 972
929 930
929 973
930 931
931 975
932 976
933 977
934 978
935 936
935 979
936 937
937 938
937 981
938 939
938 982
939 983
940 941
940 984
943 944
944 945
944 988
945 946
945 989
946 947
946 990
947 948
948 992
949 950
949 993
950 951
951 995
952 996
953 954
953 997
954 955
954 998
955 956
955 999
956 957
956 1000
959 960
961 1005
962 963
962 1006
963 964
963 1007
964 965
964 1008
965 1009
966 967
966 1010
968 1012
969 970
969 1013
970 971
973 974
974 975
974 1018
975 976
975 1019
976 977
976 1020
977 1021
978 979
980 1024
981 982
982 983
983 984
984 985
984 1028
985 986
986 987
987 1031
988 1032
989 1033
991 992
991 1035
992 993
992 1036
993 994
993 1037
994 1038
995 996
996 1040
997 998
998 999
998 1042
1000 1001
1000 1044
1001 1002
1002 1003
1002 1046
1003 1004
1004 1005
1005 1006
1005 1049
1006 1050
1007 1051
1008 1009
1009 1010
1010 1054
1012 1056
1013 1014
1013 1057
1015 1016
1015 1059
1016 1017
1017 1018
1017 1061
1018 1062
1019 1020
1019 1063
1020 1064
1021 1022
1022 1023
1022 1066
1023 1024
1023 1067
1025 1069
1026 1027
1027 1028
1027 1071
1028 1029
1030 1031
1030 1074
1031 1032
1031 1075
1032 1033
1032 1076
1033 1034
1033 1077
1034 1078
1035 1036
1036 1037
1036 1080
1037 1038
1038 1039
1039 1083
1040 1041
1041 1042
1041 1085
1042 1043
1043 1044
1044 1045
1044 1088
1045 1046
1046 1047
1047 1048
1047 1091
1048 1049
1048 1092
1051 1052
1051 1095
1052 1053
1053 1054
1053 1097
1055 1099
1056 1100
1057 1101
1058 1102
1059 1103
1060 1104
1061 1062
1062 1063
1062 1106
1063 1107
1064 1065
1064 1108
1065 1109
1066 1067
1066 1110
1067 1068
1067 1111
1068 1069
1068 1112
1069 1070
1069 1113
1070 1071
1070 1114
1071 1072
1073 1074
1073 1117
1074 1118
1076 1077
1076 1120
1077 1121
1078 1079
1078 1122
1079 1123
1080 1081
1083 1084
1083 1127
1084 1085
1085 1086
1086 1087
1086 1130
1089 1133
1090 1091
1090 1134
1091 1092
1091 1135
1092 1136
1093 1094
1093 1137
1094 1095
1094 1138
1095 1096
1095 1139
1096 1140
1097 1098
1097 1141
1098 1099
1100 1101
1101 1102
1102 1103
1102 1146
1103 1104
1103 1147
1104 1148
1105 1106
1105 1149
1106 1107
1106 1150
1107 1151
1108 1109
1109 1153
1111 1112
1112 1156
1113 1114
1113 1157
1114 1115
1115 1116
1116 1160
1117 1118
1118 1162
1119 1120
1119 1163
1120 1121
1121 1165
1122 1123
1122 1166
1123 1124
1124 1125
1126 1127
1126 1170
1127 1171
1128 1129
1131 1132
1132 1133
1132 1176
1133 1134
1134 1178
1135 1136
1136 1137
1137 1181
1138 1139
1139 1140
1142 1186
1143 1187
1144 1188
1145 1146
1145 1189
1146 1190
1147 1148
1148 1192
1149 1150
1151 1195
1152 1153
1152 1196
1153 1154
1153 1197
1154 1155
1154 1198
1155 1156
1155 1199
1156 1200
1157 1158
1159 1160
1160 1161
1160 1204
1161 1162
1162 1163
1163 1164
1163 1207
1164 1165
1164 1208
1166 1210
1167 1168
1168 1169
1168 1212
1169 1213
1170 1171
1171 1215
1172 1173
1172 1216
1173 1174
1174 1175
1174 1218
1175 1176
1175 1219
1176 1220
1177 1221
1178 1179
1179 1180
1179 1223
1180 1181
1180 1224
1181 1182
1181 1225
1182 1183
1182 1226
1183 1184
1184 1228
1185 1186
1185 1229
1186 1187
1186 1230
1188 1189
1189 1190
1189 1233
1190 1234
1191 1192
1193 1194
1193 1237
1194 1238
1195 1196
1195 1239
1196 1197
1196 1240
1197 1241
1198 1199
1199 1243
1200 1244
1201 1202
1201 1245
1202 1203
1202 1246
1203 1247
1205 1206
1205 1249
1206 1207
1206 1250
1207 1251
1208 1209
1209 1253
1210 1211
1210 1254
1212 1256
1213 1214
1214 1215
1214 1258
1216 1217
1216 1260
1217 1261
1218 1219
1218 1262
1219 1263
1220 1264
1221 1265
1222 1223
1222 1266
1223 1224
1223 1267
1224 1225
1225 1269
1226 1227
1226 1270
1228 1272
1229 1230
1230 1274
1231 1275
1232 1233
1232 1276
1233 1277
1234 1235
1234 1278
1235 1236
1235 1279
1236 1280
1237 1281
1238 1239
1238 1282
1239 1283
1240 1241
1240 1284
1242 1286
1243 1244
1243 1287
1244 1245
1244 1288
1245 1246
1245 1289
1248 1292
1250 1251
1250 1294
1251 1252
1252 1253
1256 1300
1257 1258
1258 1259
1259 1260
1260 1261
1260 1304
1261 1262
1261 1305
1262 1306
1264 1265
1264 1308
1265 1309
1266 1310
1268 1269
1269 1313
1270 1314
1271 1272
1272 1273
1273 1274
1273 1317
1274 1275
1275 1319
1276 1277
1276 1320
1277 1278
1277 1321
1278 1279
1279 1280
1279 1323
1280 1324
1281 1325
1282 1283
1282 1326
1283 1284
1283 1327
1284 1285
1285 1286
1286 1287
1286 1330
1287 1288
1288 1289
1289 1290
1289 1333
1290 1291
1293 1337
1294 1295
1294 1338
1295 1296
1295 1339
1296 1297
1296 1340
1297 1298
1298 1342
1299 1300
1300 1344
1301 1345
1303 1347
1304 1348
1305 1306
1306 1350
1307 1351
1308 1352
1309 1353
1310 1311
1311 1312
1312 1313
1312 1356
1313 1314
1313 1357
1314 1315
1315 1316
1315 1359
1317 1318
1317 1361
1318 1362
1319 1363
1320 1321
1320 1364
1321 1322
1322 1323
1323 1324
1323 1367
1325 1326
1326 1327
1327 1328
1327 1371
1328 1372
1329 1330
1329 1373
1330 1374
1332 1333
1333 1377
1334 1335
1334 1378
1335 1336
1335 1379
1336 1337
1337 1338
1337 1381
1338 1339
1338 1382
1340 1341
1340 1384
1341 1342
1342 1343
1343 1344
1344 1345
1344 1388
1345 1346
1345 1389
1347 1348
1348 1392
1349 1393
1350 1351
1351 1352
1351 1395
1352 1353
1352 1396
1353 1397
1355 1356
1355 1399
1356 1400
1357 1358
1357 1401
1358 1402
1359 1360
1360 1404
1361 1362
1361 1405
1363 1407
1364 1408
1365 1366
1365 1409
1366 1410
1367 1411
1369 1370
1369 1413
1370 1371
1370 1414
1371 1372
1371 1415
1372 1373
1373 1374
1373 1417
1374 1418
1375 1376
1376 1377
1377 1378
1379 1423
1380 1381
1381 1382
1382 1383
1383 1427
1384 1385
1385 1386
1385 1429
1386 1387
1386 1430
1387 1431
1389 1433
1390 1391
1391 1435
1392 1393
1393 1437
1394 1395
1394 1438
1395 1396
1396 1397
1398 1399
1398 1442
1399 1400
1399 1443
1400 1401
1400 1444
1401 1402
1401 1445
1403 1404
1403 1447
1404 1405
1404 1448
1405 1406
1405 1449
1406 1407
1406 1450
1407 1451
1408 1409
1408 1452
1410 1411
1410 1454
1411 1412
1411 1455
1412 1456
1414 1415
1414 1458
1415 1416
1415 1459
1416 1417
1416 1460
1417 1461
1418 1419
1419 1420
1419 1463
1420 1421
1420 1464
1421 1422
1421 1465
1422 1423
1422 1466
1423 1424
1423 1467
1424 1468
1425 1469
1428 1429
1428 1472
1430 1474
1431 1475
1433 1434
1433 1477
1435 1436
1435 1479
1436 1437
1437 1438
1437 1481
1438 1439
1438 1482
1439 1440
1440 1441
1440 1484
1441 1442
1442 1443
1442 1486
1443 1444
1443 1487
1444 1488
1446 1447
1447 1491
1448 1449
1448 1492
1449 1450
1449 1493
1450 1451
1452 1496
1453 1454
1453 1497
1454 1455
1454 1498
1456 1457
1456 1500
1457 1501
1458 1502
1459 1460
1459 1503
1460 1461
1460 1504
1462 1463
1463 1464
1463 1507
1465 1509
1466 1510
1468 1469
1468 1512
1469 1470
1471 1472
1471 1515
1473 1474
1473 1517
1474 1475
1475 1476
1475 1519
1476 1477
1477 1478
1478 1479
1478 1522
1479 1480
1479 1523
1480 1524
1481 1525
1482 1483
1482 1526
1483 1484
1483 1527
1484 1528
1486 1530
1487 1488
1487 1531
1489 1490
1489 1533
1490 1491
1491 1492
1491 1535
1492 1493
1494 1495
1494 1538
1495 1539
1496 1540
1497 1498
1497 1541
1498 1499
1499 1500
1501 1502
1501 1545
1502 1503
1502 1546
1503 1504
1503 1547
1507 1508
1508 1509
1509 1510
1510 1511
1510 1554
1511 1555
1512 1513
1512 1556
1513 1514
1513 1557
1514 1515
1514 1558
1515 1516
1515 1559
1516 1517
1517 1518
1517 1561
1518 1519
1518 1562
1519 1520
1519 1563
1520 1521
1521 1565
1522 1523
1522 1566
1523 1524
1523 1567
1524 1568
1526 1527
1526 1570
1527 1528
1528 1529
1530 1531
1530 1574
1531 1575
1532 1533
1532 1576
1533 1534
1534 1535
1534 1578
1535 1536
1537 1538
1537 1581
1541 1542
1542 1543
1542 1586
1543 1587
1544 1588
1546 1547
1546 1590
1547 1591
1548 1592
1549 1550
1549 1593
1552 1553
1553 1597
1554 1598
1556 1600
1559 1560
1560 1561
1560 1604
1561 1605
1562 1563
1562 1606
1563 1564
1564 1565
1564 1608
1565 1566
1566 1567
1566 1610
1567 1568
1567 1611
1568 1612
1569 1613
1570 1571
1570 1614
1572 1573
1574 1618
1575 1576
1575 1619
1577 1578
1578 1579
1578 1622
1579 1580
1579 1623
1580 1581
1581 1582
1581 1625
1582 1583
1582 1626
1584 1628
1585 1586
1588 1632
1589 1633
1590 1591
1590 1634
1592 1593
1592 1636
1593 1637
1594 1638
1595 1596
1595 1639
1596 1597
1597 1598
1597 1641
1599 1643
1601 1602
1601 1645
1602 1603
1605 1606
1605 1649
1606 1607
1607 1651
1609 1610
1610 1611
1611 1612
1611 1655
1612 1613
1612 1656
1613 1614
1613 1657
1615 1616
1615 1659
1616 1617
1616 1660
1617 1618
1617 1661
1619 1620
1619 1663
1620 1621
1620 1664
1621 1622
1623 1624
1624 1625
1624 1668
1625 1626
1625 1669
1628 1629
1628 1672
1630 1674
1631 1632
1632 1676
1633 1634
1633 1677
1634 1635
1634 1678
1635 1679
1636 1637
1637 1681
1638 1639
1639 1683
1640 1641
1641 1642
1641 1685
1643 1687
1645 1689
1646 1690
1647 1648
1648 1649
1648 1692
1649 1650
1649 1693
1650 1651
1651 1652
1651 1695
1652 1653
1653 1654
1654 1698
1655 1656
1655 1699
1656 1657
1657 1658
1658 1659
1658 1702
1659 1660
1659 1703
1660 1661
1661 1705
1662 1706
1663 1664
1664 1708
1665 1666
1666 1667
1667 1711
1668 1669
1668 1712
1669 1713
1670 1714
1671 1715
1672 1716
1674 1675
1674 1718
1675 1719
1676 1677
1676 1720
1677 1678
1678 1679
1679 1680
1680 1681
1681 1682
1681 1725
1683 1684
1683 1727
1686 1687
1686 1730
1687 1688
1687 1731
1688 1689
1688 1732
1689 1733
1690 1691
1690 1734
1691 1692
1692 1736
1693 1694
1693 1737
1694 1695
1694 1738
1695 1739
1696 1697
1697 1698
1697 1741
1698 1699
1700 1701
1701 1702
1701 1745
1703 1704
1703 1747
1704 1748
1705 1706
1705 1749
1706 1707
1706 1750
1707 1708
1707 1751
1708 1752
1709 1710
1709 1753
1711 1712
1712 1713
1712 1756
1713 1757
1714 1758
1716 1717
1717 1718
1717 1761
1718 1762
1719 1720
1720 1721
1720 1764
1721 1765
1722 1723
1724 1725
1725 1726
1726 1727
1726 1770
1727 1728
1727 1771
1728 1772
1729 1773
1730 1731
1731 1732
1732 1776
1733 1734
1734 1735
1734 1778
1735 1779
1736 1737
1737 1781
1738 1739
1738 1782
1740 1784
1741 1742
1742 1743
1742 1786
1743 1744
1744 1745
1744 1788
1745 1746
1745 1789
1746 1747
1746 1790
1747 1791
1748 1792
1749 1750
1749 1793
1752 1796
1753 1754
1754 1755
1755 1756
1755 1799
1756 1800
1757 1801
1758 1802
1759 1803
1760 1761
1760 1804
1761 1762
1761 1805
1762 1763
1765 1766
1765 1809
1766 1767
1768 1769
1768 1812
1769 1770
1770 1814
1771 1815
1772 1773
1773 1774
1773 1817
1774 1775
1774 1818
1775 1819
1776 1777
1777 1778
1777 1821
1778 1779
1779 1823
1780 1824
1781 1825
1782 1826
1784 1828
1786 1787
1787 1788
1788 1832
1789 1790
1792 1793
1793 1794
1793 1837
1794 1795
1794 1838
1795 1839
1796 1797
1796 1840
1797 1798
1797 1841
1798 1799
1798 1842
1799 1843
1800 1801
1800 1844
1801 1802
1801 1845
1802 1803
1804 1805
1804 1848
1805 1849
1806 1807
1807 1851
1808 1809
1810 1811
1810 1854
1812 1813
1812 1856
1813 1857
1814 1815
1814 1858
1815 1816
1816 1860
1817 1818
1817 1861
1818 1819
1819 1820
1819 1863
1820 1821
1820 1864
1822 1823
1824 1868
1825 1869
1826 1870
1827 1828
1827 1871
1832 1833
1833 1834
1834 1835
1836 1837
1837 1881
1838 1839
1840 1884
1842 1886
1843 1844
1844 1845
1844 1888
1846 1847
1846 1890
1847 1891
1848 1892
1849 1850
1849 1893
1850 1851
1850 1894
1851 1852
1851 1895
1852 1853
1852 1896
1853 1854
1854 1898
1855 1899
1856 1857
1856 1900
1857 1901
1858 1859
1858 1902
1859 1860
1860 1904
1862 1863
1863 1864
1863 1907
1865 1909
1867 1911
1868 1869
1868 1912
1869 1913
1870 1871
1872 1916
1873 1917
1874 1918
1875 1876
1875 1919
1877 1878
1877 1921
1878 1922
1879 1880
1880 1924
1882 1883
1884 1928
1885 1929
1887 1888
1887 1931
1888 1932
1889 1890
1889 1933
1890 1891
1890 1934
1892 1893
1893 1894
1895 1896
1896 1897
1898 1899
1902 1903
1903 1904
1904 1905
1905 1906
1907 1908
1908 1909
1909 1910
1910 1911
1911 1912
1912 1913
1913 1914
1915 1916
1916 1917
1918 1919
1919 1920
1921 1922
1925 1926
1926 1927
1928 1929
1930 1931
1931 1932
1932 1933
