0 39
0 63
0 156
0 163
0 185
0 220
1 20
1 94
1 237
2 65
2 92
3 14
3 58
3 96
3 227
4 52
5 133
5 192
5 204
6 51
6 227
7 76
7 81
7 225
8 35
8 46
8 50
8 155
8 248
10 98
10 112
10 182
11 52
11 53
11 55
12 54
13 142
13 168
13 194
13 205
14 27
14 100
14 152
15 95
15 96
15 150
15 166
15 194
16 81
16 191
16 232
16 246
16 247
17 201
18 21
18 44
18 168
18 234
19 20
19 99
19 103
20 160
20 189
20 223
21 60
21 76
21 152
21 206
21 237
22 223
22 234
23 38
23 204
23 209
24 123
24 150
24 205
24 246
25 110
25 203
26 59
26 220
27 132
27 227
28 149
28 189
28 192
28 196
29 71
29 90
29 187
29 234
30 78
31 154
31 213
32 104
32 212
33 198
33 205
34 40
34 113
34 165
35 75
35 82
35 125
35 134
35 145
35 167
35 183
35 195
35 207
35 224
37 89
37 175
38 124
38 193
38 215
38 231
39 105
39 133
39 186
39 189
39 212
39 245
40 156
40 185
40 232
41 47
42 62
42 150
42 169
42 200
42 211
42 233
42 239
43 65
43 124
43 147
43 184
43 189
43 222
44 78
44 179
45 133
46 221
46 224
46 233
47 169
47 184
47 186
47 219
47 223
47 237
48 75
48 117
48 120
48 165
48 191
48 227
49 138
49 143
49 146
49 197
49 233
49 239
50 98
51 105
51 159
52 119
52 181
52 232
53 113
53 126
53 175
54 93
54 112
54 157
55 172
55 193
55 228
56 122
56 140
56 158
56 234
57 197
58 103
58 150
58 183
58 218
59 67
59 85
59 93
59 235
60 84
60 165
60 202
60 239
63 138
63 189
63 204
64 240
65 72
65 239
66 67
66 76
67 85
68 182
69 144
69 169
70 147
70 242
70 243
71 82
71 93
71 123
72 138
72 197
72 200
72 238
73 207
74 94
74 157
74 169
74 174
74 218
75 89
75 247
76 106
76 132
76 170
76 173
77 87
77 173
78 135
78 190
79 113
79 201
79 234
80 177
80 179
80 186
80 191
80 245
81 122
81 174
81 237
82 84
82 216
83 85
83 194
84 107
84 120
84 192
84 197
84 215
84 221
85 109
85 195
85 249
86 117
87 240
88 92
88 108
88 160
88 175
89 213
90 220
90 230
91 124
91 148
91 229
93 97
93 143
93 154
93 156
93 164
93 240
94 97
94 108
94 172
94 214
94 248
95 167
96 159
96 182
96 211
97 115
97 135
97 145
97 152
97 187
97 204
97 213
98 198
99 111
100 102
100 127
100 238
101 122
102 115
102 127
102 225
102 239
103 205
104 108
105 241
106 206
107 178
107 231
108 129
108 147
110 220
111 130
111 174
111 215
111 226
112 116
112 150
113 143
113 153
113 162
113 220
114 115
114 181
115 175
116 158
116 174
117 163
117 205
117 239
118 184
119 137
119 202
120 146
120 156
122 169
122 199
123 127
123 166
123 215
125 130
126 140
126 176
126 220
127 154
127 190
128 148
128 236
129 151
129 203
129 221
129 231
132 147
133 165
133 168
133 237
134 159
134 220
134 228
134 249
135 207
136 165
136 183
136 195
136 245
137 196
137 247
139 160
139 188
139 236
140 157
140 175
141 243
141 244
142 180
142 181
142 239
143 161
144 169
144 235
145 173
145 211
145 245
146 166
146 244
147 162
147 216
147 238
148 213
149 160
149 202
149 225
150 159
152 162
153 195
154 240
154 241
155 168
155 228
155 246
156 230
156 246
159 189
160 173
160 186
162 204
164 244
165 213
166 204
169 246
170 198
170 207
171 213
171 228
173 233
174 221
175 228
176 177
176 219
178 224
179 183
183 235
184 212
186 213
186 215
187 190
187 197
191 209
191 219
192 213
192 241
193 215
195 229
195 240
196 207
196 226
196 247
197 209
197 213
198 219
198 242
199 213
199 224
202 204
202 214
203 214
205 207
205 222
205 224
210 242
214 222
215 239
226 239
236 243
