0 80
0 109
0 127
0 163
0 237
1 56
1 92
1 228
1 229
2 54
3 41
3 130
3 153
3 214
4 20
4 72
4 77
4 189
4 219
5 68
5 211
6 71
6 95
6 117
6 159
6 176
6 210
6 214
7 12
7 148
7 173
7 178
7 248
8 176
8 233
9 30
9 41
9 69
9 74
9 163
9 165
9 191
9 225
10 73
10 92
10 205
10 236
10 243
11 57
11 128
11 180
12 138
12 156
13 47
13 151
14 61
14 107
14 118
14 182
14 185
14 210
15 33
15 118
15 217
16 100
16 150
16 180
16 216
17 69
17 141
17 146
17 163
18 52
18 88
19 56
19 108
19 187
20 168
20 241
21 66
21 95
21 98
21 231
21 232
22 29
22 34
22 132
22 194
22 217
23 189
23 227
24 105
24 121
24 167
24 179
24 204
24 212
24 232
25 60
25 112
25 180
25 244
26 85
26 118
27 145
28 212
29 82
29 105
29 169
29 219
30 92
30 100
30 158
30 167
30 180
30 210
30 247
31 63
31 118
31 133
32 88
32 222
32 236
33 38
33 135
33 173
34 153
34 178
35 46
35 49
35 65
35 74
35 175
35 191
36 55
36 86
36 129
36 160
36 165
36 173
37 113
37 142
37 177
37 198
37 229
38 74
38 110
38 148
38 172
38 249
39 108
39 243
41 109
41 217
41 242
42 53
42 61
42 149
42 188
43 44
43 241
44 64
44 237
45 81
45 115
45 232
46 88
46 99
46 132
46 147
46 214
47 99
47 115
47 239
48 66
48 146
48 162
48 227
48 241
48 247
49 83
49 231
50 178
50 242
51 205
51 224
52 58
52 62
52 65
52 70
52 144
52 153
52 230
52 244
53 119
53 232
54 73
54 120
54 197
54 229
54 246
55 90
55 200
56 76
56 176
56 179
56 191
56 230
57 186
57 246
58 102
58 106
58 167
59 72
60 189
61 75
61 123
61 127
61 155
62 108
62 146
63 93
64 106
65 79
65 92
65 168
66 114
66 171
67 165
67 227
68 147
68 188
68 237
68 247
69 107
69 152
69 234
70 94
70 178
70 208
71 183
72 117
73 78
73 131
73 180
75 183
75 194
76 97
76 225
76 227
76 236
77 123
77 197
78 117
78 181
79 107
79 132
79 236
80 153
80 201
80 217
80 243
80 245
81 155
82 171
82 174
82 210
83 86
83 135
83 211
83 242
84 214
84 217
85 144
85 189
86 187
86 232
87 112
87 123
87 142
87 234
88 122
88 144
88 178
88 210
89 137
89 177
90 156
90 216
90 225
90 232
91 126
92 99
93 143
93 209
94 158
94 187
95 209
95 211
97 173
97 246
98 148
98 197
99 166
99 226
99 232
100 220
101 118
101 137
101 194
101 243
102 216
103 173
103 218
103 227
104 182
104 223
104 236
106 128
106 246
107 158
107 174
107 183
108 123
108 141
109 203
110 229
110 236
111 146
111 215
111 218
111 237
112 191
113 145
113 204
114 169
115 133
116 205
117 119
117 133
117 220
117 244
119 173
119 174
119 221
119 232
119 234
120 172
120 198
121 135
121 139
121 153
121 172
121 184
121 198
122 230
124 237
125 127
125 244
126 171
126 233
127 209
128 154
129 149
129 218
131 145
131 201
131 213
132 165
134 138
134 192
135 205
135 221
136 181
136 182
137 160
137 228
137 248
138 201
139 171
140 186
140 193
140 222
140 234
141 186
142 175
142 198
142 204
143 162
143 164
143 207
145 204
146 147
146 148
146 180
146 197
147 197
147 210
148 150
149 229
149 242
150 205
150 228
150 239
151 180
151 186
151 236
152 158
152 176
152 225
153 186
154 207
155 180
158 166
161 223
161 240
163 190
163 216
164 226
165 168
165 245
167 218
169 214
170 222
171 231
171 247
172 217
172 244
174 195
176 193
176 218
177 216
179 238
180 197
181 213
181 225
181 241
183 193
185 230
185 247
187 239
187 244
188 216
188 244
189 193
195 223
196 202
198 226
200 245
201 210
203 228
204 210
206 210
208 220
209 229
209 239
210 235
212 238
213 215
216 235
217 218
219 240
220 227
220 240
221 231
222 240
223 244
227 242
228 244
229 233
236 244
243 246
245 248
