0 1
0 2
0 3
0 5
0 6
0 8
0 9
0 10
0 11
0 12
0 14
0 18
0 21
0 23
0 25
0 31
0 32
0 37
0 41
0 49
0 52
0 53
0 55
0 57
0 60
0 63
0 67
0 68
0 69
0 70
0 79
0 89
0 95
0 97
0 98
0 100
0 101
0 103
0 110
0 112
0 122
0 132
0 133
0 140
0 148
0 150
0 151
0 154
0 161
0 163
0 174
0 177
0 178
0 181
0 185
0 190
0 193
0 198
0 201
0 213
0 215
0 219
0 221
0 226
0 230
0 238
0 246
0 250
0 252
0 262
0 271
0 274
0 275
0 280
0 298
0 303
0 304
0 309
0 319
0 326
0 336
0 339
0 341
0 343
0 344
0 345
0 352
0 353
0 354
0 364
0 366
0 367
0 379
0 384
0 386
0 388
0 399
0 413
0 420
0 427
0 428
0 446
0 448
0 453
0 456
0 460
0 464
0 467
0 468
0 480
0 501
0 519
0 530
0 545
0 551
0 560
0 566
0 575
0 576
0 589
0 593
0 601
0 605
0 614
0 616
0 629
0 634
0 651
0 652
0 660
0 661
0 663
0 674
0 675
0 683
0 691
0 701
0 703
0 720
0 728
0 739
0 740
0 758
0 773
0 778
0 791
0 796
0 803
0 807
0 822
0 850
0 866
0 882
0 896
0 911
0 923
0 926
0 942
0 951
0 980
0 981
0 989
0 1001
0 1009
0 1011
0 1013
0 1030
0 1037
0 1050
0 1068
0 1072
0 1080
0 1097
0 1103
0 1116
0 1124
0 1134
0 1138
0 1152
0 1156
0 1158
0 1199
0 1200
0 1208
0 1210
0 1213
0 1218
0 1242
0 1246
0 1257
0 1269
0 1273
0 1281
0 1286
0 1295
0 1296
0 1297
0 1313
0 1316
0 1331
0 1338
0 1361
0 1369
0 1370
0 1409
0 1424
0 1441
0 1448
0 1454
0 1469
0 1478
0 1500
0 1507
0 1515
0 1525
0 1528
0 1534
0 1547
0 1548
0 1570
0 1575
0 1579
0 1595
0 1640
0 1645
0 1658
0 1672
0 1703
0 1713
0 1743
0 1745
0 1749
0 1767
0 1772
0 1781
0 1789
0 1791
0 1799
0 1802
0 1813
0 1829
0 1846
0 1878
0 1903
0 1906
0 1912
0 1951
0 1953
0 1956
0 1961
0 1970
0 2002
0 2004
0 2020
0 2022
0 2038
0 2048
0 2054
0 2104
0 2118
0 2123
0 2127
0 2149
0 2150
0 2164
0 2189
0 2232
0 2248
0 2281
0 2298
0 2303
0 2313
0 2322
0 2342
0 2345
0 2349
0 2363
0 2391
0 2394
0 2413
0 2419
0 2423
0 2432
0 2438
0 2451
0 2467
0 2516
0 2540
0 2542
0 2553
0 2559
0 2572
0 2588
0 2591
0 2607
0 2610
0 2620
0 2623
0 2654
0 2692
0 2701
0 2719
0 2796
0 2822
0 2838
0 2842
0 2848
0 2855
0 2857
0 2872
0 2896
0 2902
0 2905
0 2911
0 2917
0 2963
0 2980
0 2990
0 2998
0 3002
0 3026
0 3032
0 3051
0 3113
0 3122
0 3124
0 3129
0 3131
0 3132
0 3141
0 3152
0 3166
0 3172
0 3173
0 3179
0 3183
0 3186
0 3203
0 3254
0 3262
0 3279
0 3314
0 3340
0 3345
0 3348
0 3362
0 3364
0 3366
0 3399
0 3403
0 3411
0 3424
0 3443
0 3466
0 3546
0 3551
0 3571
0 3606
0 3612
0 3633
0 3651
0 3670
0 3701
0 3702
0 3720
0 3748
0 3772
0 3796
0 3828
0 3838
0 3843
0 3915
0 3934
0 3937
0 3945
0 3954
0 3989
1 2
1 3
1 4
1 7
1 9
1 10
1 11
1 19
1 26
1 27
1 28
1 29
1 36
1 39
1 48
1 50
1 55
1 59
1 61
1 62
1 69
1 70
1 73
1 81
1 82
1 90
1 92
1 98
1 100
1 102
1 108
1 112
1 116
1 117
1 119
1 130
1 131
1 134
1 139
1 140
1 142
1 143
1 152
1 155
1 162
1 171
1 174
1 176
1 177
1 184
1 185
1 191
1 194
1 203
1 204
1 212
1 214
1 219
1 224
1 225
1 226
1 231
1 233
1 244
1 245
1 247
1 253
1 265
1 266
1 276
1 278
1 285
1 298
1 302
1 303
1 304
1 308
1 309
1 313
1 322
1 327
1 329
1 338
1 347
1 357
1 359
1 365
1 370
1 374
1 378
1 381
1 383
1 407
1 414
1 422
1 430
1 440
1 448
1 451
1 460
1 461
1 464
1 472
1 473
1 478
1 480
1 483
1 491
1 492
1 495
1 503
1 509
1 513
1 523
1 527
1 533
1 539
1 541
1 542
1 544
1 548
1 553
1 567
1 574
1 599
1 600
1 618
1 625
1 638
1 640
1 642
1 655
1 664
1 673
1 680
1 686
1 694
1 699
1 705
1 715
1 720
1 725
1 733
1 741
1 743
1 762
1 768
1 770
1 786
1 789
1 810
1 837
1 843
1 846
1 847
1 851
1 860
1 877
1 883
1 894
1 905
1 909
1 912
1 935
1 948
1 949
1 975
1 976
1 984
1 986
1 991
1 997
1 1002
1 1003
1 1007
1 1021
1 1043
1 1053
1 1101
1 1107
1 1135
1 1140
1 1144
1 1167
1 1180
1 1188
1 1208
1 1217
1 1226
1 1230
1 1233
1 1251
1 1260
1 1267
1 1269
1 1274
1 1277
1 1282
1 1284
1 1315
1 1322
1 1333
1 1345
1 1346
1 1362
1 1364
1 1373
1 1375
1 1380
1 1388
1 1392
1 1395
1 1407
1 1420
1 1425
1 1430
1 1431
1 1437
1 1469
1 1485
1 1498
1 1510
1 1512
1 1525
1 1551
1 1561
1 1562
1 1573
1 1585
1 1620
1 1624
1 1629
1 1630
1 1647
1 1650
1 1668
1 1670
1 1673
1 1682
1 1687
1 1692
1 1703
1 1709
1 1724
1 1736
1 1778
1 1788
1 1791
1 1805
1 1806
1 1811
1 1812
1 1816
1 1843
1 1848
1 1859
1 1884
1 1910
1 1914
1 1934
1 1940
1 1941
1 1952
1 1967
1 1973
1 1992
1 1995
1 1998
1 2012
1 2021
1 2027
1 2032
1 2042
1 2064
1 2069
1 2094
1 2119
1 2120
1 2131
1 2139
1 2144
1 2150
1 2159
1 2173
1 2177
1 2217
1 2238
1 2241
1 2271
1 2288
1 2289
1 2291
1 2308
1 2339
1 2343
1 2346
1 2358
1 2380
1 2389
1 2402
1 2410
1 2435
1 2440
1 2442
1 2449
1 2459
1 2472
1 2483
1 2497
1 2547
1 2574
1 2582
1 2595
1 2601
1 2612
1 2621
1 2626
1 2629
1 2631
1 2633
1 2645
1 2654
1 2667
1 2680
1 2683
1 2692
1 2710
1 2711
1 2717
1 2731
1 2738
1 2741
1 2765
1 2768
1 2772
1 2776
1 2778
1 2805
1 2830
1 2833
1 2835
1 2843
1 2859
1 2875
1 2910
1 2911
1 2945
1 2960
1 2975
1 2985
1 2992
1 2998
1 3005
1 3020
1 3023
1 3035
1 3037
1 3041
1 3063
1 3065
1 3069
1 3083
1 3098
1 3102
1 3103
1 3106
1 3108
1 3124
1 3134
1 3136
1 3138
1 3161
1 3208
1 3219
1 3223
1 3231
1 3239
1 3259
1 3276
1 3293
1 3296
1 3297
1 3303
1 3311
1 3332
1 3333
1 3339
1 3347
1 3363
1 3366
1 3372
1 3378
1 3385
1 3401
1 3406
1 3407
1 3408
1 3414
1 3447
1 3462
1 3482
1 3484
1 3487
1 3509
1 3523
1 3524
1 3540
1 3557
1 3573
1 3584
1 3601
1 3608
1 3612
1 3622
1 3639
1 3641
1 3642
1 3647
1 3652
1 3667
1 3671
1 3690
1 3694
1 3695
1 3698
1 3701
1 3706
1 3711
1 3716
1 3719
1 3740
1 3761
1 3771
1 3775
1 3778
1 3789
1 3795
1 3799
1 3807
1 3847
1 3848
1 3850
1 3908
1 3951
1 3959
1 3972
1 3984
2 4
2 13
2 19
2 23
2 24
2 38
2 41
2 47
2 51
2 75
2 87
2 88
2 90
2 109
2 118
2 129
2 132
2 149
2 162
2 222
2 251
2 290
2 334
2 361
2 362
2 377
2 390
2 417
2 520
2 532
2 546
2 549
2 583
2 591
2 666
2 677
2 723
2 751
2 774
2 788
2 813
2 827
2 831
2 970
2 991
2 992
2 1030
2 1099
2 1155
2 1156
2 1261
2 1279
2 1329
2 1342
2 1355
2 1408
2 1479
2 1515
2 1533
2 1563
2 1570
2 1684
2 1700
2 1715
2 1728
2 1730
2 1762
2 1784
2 1825
2 1977
2 2049
2 2071
2 2081
2 2229
2 2241
2 2278
2 2380
2 2562
2 2583
2 2714
2 2798
2 2863
2 3025
2 3052
2 3140
2 3261
2 3311
2 3331
2 3402
2 3438
2 3440
2 3531
2 3539
2 3580
2 3710
2 3734
2 3735
2 3872
2 3878
2 3882
2 3939
3 6
3 57
3 72
3 77
3 87
3 128
3 152
3 182
3 189
3 195
3 200
3 208
3 217
3 237
3 317
3 338
3 344
3 373
3 381
3 397
3 400
3 453
3 463
3 542
3 584
3 610
3 635
3 638
3 692
3 741
3 749
3 750
3 762
3 800
3 915
3 961
3 987
3 1056
3 1069
3 1086
3 1170
3 1221
3 1240
3 1245
3 1298
3 1333
3 1349
3 1371
3 1387
3 1389
3 1411
3 1442
3 1481
3 1494
3 1531
3 1539
3 1587
3 1591
3 1613
3 1674
3 1702
3 1753
3 1796
3 1885
3 1902
3 1948
3 1989
3 2018
3 2073
3 2125
3 2141
3 2190
3 2235
3 2335
3 2340
3 2502
3 2568
3 2577
3 2647
3 2651
3 2775
3 2834
3 2892
3 2952
3 3061
3 3101
3 3197
3 3200
3 3227
3 3317
3 3376
3 3449
3 3469
3 3497
3 3502
3 3538
3 3796
3 3851
3 3958
3 3984
3 3988
4 5
4 8
4 17
4 18
4 20
4 25
4 27
4 31
4 34
4 35
4 40
4 44
4 48
4 66
4 85
4 91
4 118
4 120
4 121
4 126
4 127
4 133
4 139
4 155
4 165
4 166
4 170
4 182
4 183
4 203
4 205
4 212
4 232
4 239
4 240
4 249
4 269
4 271
4 297
4 326
4 357
4 369
4 373
4 375
4 390
4 394
4 399
4 402
4 409
4 433
4 445
4 452
4 497
4 498
4 508
4 512
4 517
4 528
4 573
4 579
4 591
4 640
4 648
4 652
4 694
4 704
4 710
4 738
4 769
4 816
4 819
4 825
4 826
4 833
4 962
4 973
4 1023
4 1041
4 1061
4 1067
4 1081
4 1085
4 1099
4 1102
4 1130
4 1176
4 1221
4 1228
4 1244
4 1260
4 1263
4 1300
4 1322
4 1337
4 1352
4 1361
4 1369
4 1374
4 1383
4 1416
4 1424
4 1426
4 1428
4 1457
4 1470
4 1646
4 1677
4 1737
4 1779
4 1795
4 1816
4 1820
4 1824
4 1874
4 1882
4 1886
4 1894
4 1898
4 1923
4 1980
4 1987
4 2039
4 2072
4 2077
4 2081
4 2113
4 2114
4 2152
4 2167
4 2174
4 2188
4 2194
4 2195
4 2217
4 2272
4 2275
4 2292
4 2314
4 2330
4 2359
4 2367
4 2371
4 2412
4 2415
4 2430
4 2456
4 2473
4 2475
4 2537
4 2557
4 2604
4 2624
4 2627
4 2640
4 2647
4 2655
4 2699
4 2718
4 2761
4 2762
4 2803
4 2807
4 2837
4 2838
4 2852
4 2855
4 2891
4 2929
4 2954
4 2983
4 2993
4 3011
4 3039
4 3044
4 3049
4 3229
4 3285
4 3294
4 3326
4 3386
4 3401
4 3426
4 3432
4 3443
4 3450
4 3492
4 3516
4 3521
4 3534
4 3578
4 3583
4 3671
4 3712
4 3744
4 3756
4 3818
4 3845
4 3865
4 3867
4 3889
4 3897
4 3924
4 3928
4 3999
5 22
5 34
5 43
5 54
5 83
5 84
5 97
5 116
5 127
5 136
5 150
5 198
5 201
5 216
5 217
5 218
5 299
5 323
5 342
5 356
5 371
5 394
5 415
5 438
5 443
5 449
5 512
5 669
5 759
5 779
5 793
5 873
5 890
5 899
5 901
5 907
5 989
5 1003
5 1019
5 1086
5 1098
5 1183
5 1202
5 1204
5 1216
5 1252
5 1301
5 1377
5 1509
5 1514
5 1617
5 1642
5 1663
5 1677
5 1705
5 1760
5 1844
5 1876
5 1897
5 1982
5 2086
5 2104
5 2224
5 2267
5 2305
5 2328
5 2356
5 2848
5 3055
5 3084
5 3149
5 3282
5 3301
5 3323
5 3347
5 3480
5 3598
5 3668
5 3684
5 3730
5 3877
5 3969
6 7
6 12
6 20
6 21
6 26
6 29
6 30
6 37
6 43
6 47
6 56
6 64
6 66
6 71
6 81
6 94
6 101
6 106
6 110
6 113
6 114
6 137
6 157
6 167
6 171
6 175
6 179
6 188
6 190
6 207
6 215
6 216
6 229
6 265
6 274
6 282
6 299
6 300
6 358
6 389
6 398
6 401
6 406
6 407
6 418
6 446
6 458
6 477
6 478
6 488
6 495
6 499
6 548
6 570
6 577
6 613
6 617
6 622
6 626
6 629
6 630
6 636
6 675
6 692
6 710
6 721
6 722
6 729
6 735
6 747
6 754
6 765
6 794
6 795
6 809
6 811
6 817
6 862
6 872
6 878
6 1019
6 1055
6 1088
6 1094
6 1122
6 1137
6 1141
6 1164
6 1186
6 1188
6 1195
6 1199
6 1215
6 1266
6 1292
6 1320
6 1321
6 1328
6 1353
6 1360
6 1397
6 1408
6 1459
6 1464
6 1490
6 1506
6 1573
6 1619
6 1633
6 1655
6 1721
6 1745
6 1754
6 1756
6 1775
6 1792
6 1804
6 1840
6 1846
6 1848
6 1857
6 1895
6 1902
6 1908
6 1944
6 1949
6 1958
6 1990
6 1991
6 2005
6 2030
6 2099
6 2109
6 2117
6 2151
6 2164
6 2165
6 2204
6 2250
6 2278
6 2279
6 2296
6 2299
6 2341
6 2353
6 2357
6 2407
6 2416
6 2421
6 2456
6 2484
6 2501
6 2530
6 2532
6 2539
6 2551
6 2558
6 2589
6 2597
6 2606
6 2624
6 2650
6 2671
6 2678
6 2694
6 2708
6 2733
6 2754
6 2808
6 2809
6 2825
6 2890
6 2902
6 2930
6 2933
6 2949
6 2954
6 3012
6 3013
6 3022
6 3046
6 3062
6 3070
6 3096
6 3119
6 3143
6 3157
6 3168
6 3187
6 3188
6 3192
6 3231
6 3234
6 3254
6 3325
6 3338
6 3341
6 3343
6 3374
6 3391
6 3419
6 3445
6 3476
6 3480
6 3481
6 3495
6 3521
6 3547
6 3548
6 3552
6 3562
6 3575
6 3654
6 3655
6 3677
6 3702
6 3721
6 3731
6 3755
6 3780
6 3787
6 3801
6 3822
6 3835
6 3857
6 3862
6 3980
7 16
7 148
7 249
7 323
7 368
7 401
7 404
7 491
7 500
7 515
7 653
7 681
7 687
7 770
7 970
7 980
7 990
7 1095
7 1174
7 1211
7 1401
7 1442
7 1463
7 1468
7 1473
7 1605
7 1625
7 1660
7 1668
7 1714
7 1866
7 2097
7 2116
7 2181
7 2208
7 2293
7 2418
7 2420
7 2425
7 2548
7 2602
7 2644
7 2770
7 2869
7 2960
7 3224
7 3460
7 3542
7 3549
7 3555
7 3583
7 3906
7 3932
8 14
8 28
8 38
8 39
8 46
8 50
8 51
8 54
8 156
8 173
8 179
8 193
8 224
8 248
8 256
8 261
8 277
8 296
8 365
8 378
8 441
8 445
8 470
8 562
8 614
8 802
8 886
8 902
8 926
8 960
8 968
8 1011
8 1028
8 1037
8 1052
8 1063
8 1071
8 1130
8 1142
8 1145
8 1168
8 1182
8 1410
8 1443
8 1444
8 1455
8 1465
8 1660
8 1661
8 1666
8 1735
8 1837
8 1862
8 1871
8 1904
8 2071
8 2142
8 2215
8 2262
8 2385
8 2457
8 2461
8 2707
8 2718
8 2800
8 2801
8 2854
8 2913
8 2936
8 2941
8 3055
8 3073
8 3272
8 3286
8 3367
8 3400
8 3451
8 3498
8 3516
8 3519
8 3535
8 3624
8 3774
8 3882
8 3973
9 13
9 24
9 89
9 165
9 247
9 267
9 292
9 345
9 418
9 455
9 487
9 511
9 518
9 606
9 785
9 825
9 925
9 965
9 1127
9 1133
9 1159
9 1160
9 1399
9 1440
9 1569
9 1603
9 1611
9 1833
9 1970
9 2136
9 2228
9 2455
9 2542
9 2581
9 2596
9 2639
9 2754
9 2790
9 2951
9 3065
9 3477
9 3710
9 3712
9 3761
9 3789
10 15
10 22
10 45
10 60
10 61
10 77
10 86
10 141
10 160
10 206
10 278
10 364
10 391
10 414
10 489
10 510
10 585
10 587
10 621
10 656
10 746
10 752
10 758
10 787
10 804
10 852
10 859
10 900
10 995
10 1062
10 1064
10 1112
10 1147
10 1163
10 1171
10 1247
10 1262
10 1274
10 1368
10 1482
10 1545
10 1665
10 1667
10 1721
10 1726
10 1760
10 1783
10 1881
10 1942
10 2020
10 2037
10 2065
10 2078
10 2130
10 2136
10 2216
10 2242
10 2309
10 2338
10 2373
10 2544
10 2565
10 2634
10 2722
10 2723
10 2744
10 2784
10 2791
10 2802
10 2982
10 3015
10 3028
10 3139
10 3379
10 3567
10 3579
10 3737
10 3768
10 3900
11 16
11 33
11 72
11 83
11 114
11 130
11 135
11 195
11 295
11 421
11 484
11 514
11 531
11 590
11 603
11 643
11 704
11 737
11 746
11 757
11 776
11 849
11 873
11 958
11 1059
11 1113
11 1131
11 1218
11 1259
11 1292
11 1335
11 1480
11 1640
11 1648
11 1670
11 1693
11 1700
11 1718
11 1746
11 1758
11 1762
11 1820
11 1941
11 2076
11 2096
11 2110
11 2124
11 2152
11 2293
11 2311
11 2335
11 2341
11 2369
11 2492
11 2534
11 2724
11 2756
11 2758
11 2949
11 2989
11 3038
11 3273
11 3344
11 3465
11 3670
11 3727
11 3893
11 3953
11 3996
12 102
12 124
12 141
12 153
12 180
12 233
12 318
12 447
12 522
12 631
12 641
12 844
12 914
12 938
12 1084
12 1113
12 1186
12 1288
12 1304
12 1578
12 1623
12 1644
12 1883
12 2043
12 2055
12 2373
12 2381
12 2463
12 2564
12 2767
12 2862
12 2972
12 2981
12 3019
12 3088
12 3182
12 3266
12 3287
12 3508
12 3659
12 3691
12 3815
12 3870
12 3956
13 17
13 74
13 76
13 115
13 160
13 163
13 196
13 273
13 555
13 582
13 598
13 756
13 764
13 812
13 830
13 909
13 985
13 1235
13 1270
13 1350
13 1365
13 1565
13 1575
13 1740
13 1887
13 2014
13 2285
13 2350
13 2458
13 2462
13 2772
13 2773
13 2797
13 2900
13 2964
13 3020
13 3092
13 3179
13 3263
13 3537
13 3636
13 3717
13 3817
14 15
14 35
14 125
14 147
14 168
14 222
14 238
14 242
14 258
14 263
14 354
14 376
14 618
14 669
14 680
14 750
14 752
14 766
14 792
14 797
14 910
14 979
14 1038
14 1083
14 1248
14 1347
14 1449
14 1532
14 1744
14 1815
14 1843
14 1888
14 2015
14 2067
14 2319
14 2535
14 2595
14 2791
14 2966
14 3113
14 3185
14 3412
14 3574
14 3759
14 3911
15 42
15 181
15 191
15 199
15 235
15 250
15 502
15 507
15 666
15 790
15 817
15 848
15 892
15 1035
15 1105
15 1178
15 1327
15 1362
15 1367
15 1381
15 1687
15 1696
15 1801
15 1924
15 1964
15 2253
15 2418
15 2431
15 2612
15 2768
15 2773
15 2842
15 2974
15 3206
15 3649
15 3679
15 3716
15 3731
15 3814
16 40
16 46
16 138
16 202
16 243
16 257
16 269
16 440
16 442
16 486
16 518
16 530
16 586
16 744
16 936
16 957
16 968
16 1111
16 1244
16 1290
16 1382
16 1458
16 1624
16 1878
16 1968
16 2403
16 2504
16 2616
16 2729
16 3057
16 3243
16 3396
16 3493
16 3637
16 3914
17 105
17 209
17 256
17 334
17 383
17 395
17 408
17 612
17 755
17 791
17 879
17 1173
17 1632
17 1690
17 1727
17 1825
17 2155
17 2301
17 2346
17 2714
17 3419
17 3859
17 3872
18 45
18 145
18 261
18 328
18 336
18 380
18 398
18 412
18 443
18 569
18 737
18 861
18 891
18 927
18 1104
18 1169
18 1386
18 1438
18 1461
18 1613
18 1808
18 1863
18 1913
18 2047
18 2290
18 2302
18 2308
18 2407
18 2560
18 2914
18 3050
18 3154
18 3214
18 3533
18 3595
18 3916
18 3964
19 91
19 260
19 330
19 490
19 516
19 617
19 736
19 774
19 1070
19 1410
19 1598
19 1782
19 1932
19 1961
19 2299
19 2423
19 2869
19 3287
19 3432
20 80
20 151
20 360
20 503
20 824
20 950
20 981
20 1078
20 1165
20 1229
20 1516
20 1917
20 2036
20 2193
20 2276
20 2320
20 2476
20 2526
20 3291
20 3375
20 3512
20 3632
20 3662
20 3830
21 986
21 1150
21 2238
21 3397
22 63
22 380
22 521
22 776
22 869
22 898
22 915
22 967
22 1205
22 1220
22 1236
22 1589
22 1705
22 1821
22 2487
22 3434
22 3452
23 259
23 272
23 333
23 834
23 872
23 2134
23 2975
23 3355
24 311
24 1067
24 1327
24 2393
25 33
25 36
25 44
25 52
25 53
25 68
25 73
25 82
25 93
25 134
25 157
25 173
25 186
25 253
25 283
25 284
25 285
25 286
25 305
25 358
25 377
25 411
25 426
25 430
25 447
25 465
25 487
25 504
25 506
25 513
25 543
25 556
25 562
25 589
25 597
25 685
25 711
25 841
25 843
25 852
25 865
25 881
25 1024
25 1139
25 1144
25 1185
25 1201
25 1234
25 1242
25 1262
25 1374
25 1396
25 1402
25 1403
25 1506
25 1596
25 1617
25 1889
25 1913
25 1918
25 1927
25 1933
25 1964
25 1973
25 2002
25 2013
25 2014
25 2028
25 2098
25 2107
25 2211
25 2275
25 2347
25 2370
25 2421
25 2441
25 2448
25 2465
25 2492
25 2598
25 2617
25 2657
25 2701
25 2825
25 2843
25 2899
25 2903
25 2904
25 3094
25 3146
25 3149
25 3200
25 3284
25 3442
25 3455
25 3468
25 3541
25 3556
25 3615
25 3660
25 3697
25 3700
25 3765
25 3811
25 3927
25 3956
25 3997
26 748
26 2264
27 88
27 126
27 574
27 797
27 1161
27 1797
27 1950
27 2015
27 2208
27 2292
27 2746
27 2878
27 3558
27 3686
27 3875
27 3898
27 3946
28 30
28 105
28 180
28 197
28 227
28 228
28 267
28 275
28 360
28 363
28 449
28 485
28 517
28 615
28 619
28 784
28 835
28 978
28 1046
28 1100
28 1110
28 1114
28 1120
28 1128
28 1135
28 1157
28 1335
28 1375
28 1540
28 1581
28 1634
28 1636
28 1644
28 1741
28 1803
28 1873
28 1943
28 1979
28 2008
28 2031
28 2032
28 2048
28 2127
28 2371
28 2680
28 2995
28 3048
28 3217
28 3383
28 3388
28 3453
28 3506
28 3892
28 3896
29 62
29 80
29 104
29 107
29 108
29 137
29 146
29 147
29 159
29 313
29 372
29 376
29 395
29 416
29 423
29 444
29 466
29 515
29 555
29 565
29 602
29 645
29 662
29 700
29 707
29 718
29 724
29 742
29 771
29 783
29 833
29 888
29 916
29 930
29 962
29 976
29 977
29 1015
29 1018
29 1079
29 1102
29 1198
29 1212
29 1222
29 1330
29 1339
29 1405
29 1435
29 1476
29 1543
29 1568
29 1665
29 1676
29 1714
29 1746
29 1906
29 1953
29 2023
29 2102
29 2161
29 2250
29 2279
29 2372
29 2381
29 2405
29 2450
29 2469
29 2549
29 2550
29 2604
29 2611
29 2660
29 2664
29 2678
29 2697
29 2756
29 2788
29 2808
29 2874
29 2940
29 2968
29 2982
29 3169
29 3226
29 3237
29 3290
29 3299
29 3459
29 3503
29 3576
29 3713
29 3744
29 3874
30 32
30 65
30 75
30 239
30 551
30 557
30 709
30 765
30 845
30 1058
30 1148
30 1181
30 1394
30 1685
30 1841
30 1911
30 2147
30 2499
30 2596
30 2896
30 3047
30 3082
30 3361
30 3519
31 42
31 351
31 857
31 1254
31 1925
31 2041
31 2276
31 3242
32 1523
33 58
33 268
33 293
33 302
33 459
33 628
33 651
33 836
33 1351
33 1417
33 1467
33 1513
33 1615
33 2050
33 2517
33 2673
33 3335
33 3369
33 3382
33 3547
33 3746
33 3770
33 3941
34 67
34 85
34 111
34 121
34 144
34 227
34 346
34 474
34 561
34 728
34 755
34 819
34 821
34 959
34 985
34 1016
34 1054
34 1206
34 1224
34 1267
34 1282
34 1334
34 1394
34 1413
34 1414
34 1537
34 1710
34 1805
34 1832
34 1839
34 1922
34 2045
34 2121
34 2125
34 2310
34 2360
34 2392
34 2631
34 2642
34 2646
34 2672
34 2713
34 2803
34 2927
34 2970
34 3144
34 3315
34 3677
35 74
35 86
35 168
35 290
35 308
35 356
35 481
35 489
35 498
35 568
35 644
35 712
35 777
35 882
35 949
35 1004
35 1129
35 1380
35 1572
35 1659
35 1709
35 1812
35 2024
35 2107
35 2267
35 2745
35 2829
35 2906
35 3076
35 3197
35 3319
35 3353
35 3417
35 3473
35 3486
35 3609
35 3618
35 3697
35 3806
36 254
36 319
36 468
36 615
36 649
36 658
36 904
36 1033
36 1148
36 1239
36 1257
36 1484
36 1592
36 1676
36 2580
36 2871
36 3418
36 3941
37 76
37 918
37 943
38 56
38 93
38 94
38 96
38 119
38 149
38 223
38 225
38 241
38 268
38 280
38 287
38 327
38 331
38 393
38 403
38 405
38 423
38 427
38 429
38 437
38 466
38 494
38 531
38 544
38 571
38 607
38 647
38 654
38 657
38 727
38 730
38 913
38 942
38 964
38 972
38 1033
38 1057
38 1118
38 1165
38 1196
38 1263
38 1314
38 1353
38 1391
38 1445
38 1449
38 1452
38 1468
38 1481
38 1628
38 1657
38 1783
38 1786
38 1796
38 1921
38 1998
38 2016
38 2056
38 2105
38 2168
38 2183
38 2204
38 2219
38 2242
38 2297
38 2469
38 2507
38 2518
38 2668
38 2711
38 2727
38 2775
38 2879
38 2900
38 2903
38 2978
38 2984
38 3014
38 3256
38 3300
38 3306
38 3356
38 3393
38 3542
38 3557
38 3666
38 3691
38 3707
38 3810
38 3891
38 3957
41 708
42 432
42 3302
43 178
43 210
43 740
43 931
43 1265
43 1655
43 1736
43 1738
43 1996
43 2297
43 2652
43 2879
43 2888
43 3158
43 3321
43 3600
43 3918
44 281
44 425
44 953
44 978
44 1340
44 1371
44 2046
44 2967
44 3249
44 3705
46 49
46 176
46 700
46 719
46 995
46 1518
46 1614
46 1698
46 1850
46 2465
46 2554
46 2661
46 2795
46 3171
46 3343
46 3367
46 3407
46 3423
46 3824
47 58
47 187
47 289
47 441
47 671
47 689
47 1060
47 1609
47 2688
47 2840
47 3133
47 3167
47 3204
47 3546
48 391
48 969
48 1036
48 1365
48 1873
48 3560
50 311
50 753
50 1209
50 1480
50 2653
51 103
51 106
51 136
51 639
51 653
51 905
51 921
51 937
51 1087
51 1118
51 1194
51 1487
51 1565
51 1711
51 1794
51 1857
51 2021
51 2063
51 2176
51 2283
51 2480
51 2636
51 2753
51 2924
51 3110
51 3251
51 3653
52 99
52 259
52 547
52 626
52 717
52 887
52 952
52 988
52 1509
52 1678
52 1864
52 2261
52 2659
53 64
53 107
53 482
53 731
53 954
53 1299
53 1419
53 1607
53 1743
53 1896
53 2182
53 2360
53 3097
53 3281
53 3699
54 347
54 385
54 641
54 883
54 1088
54 1189
54 1343
54 1530
54 1537
54 2274
54 2470
54 2490
54 3313
54 3351
54 3870
55 95
55 170
55 434
55 569
55 660
55 668
55 747
55 828
55 863
55 1192
55 1223
55 1283
55 1939
55 2187
55 2203
55 2495
55 2521
55 2730
55 2797
55 2948
55 3151
55 3222
55 3288
55 3291
55 3340
55 3514
56 71
56 78
56 104
56 123
56 566
56 821
56 1470
56 2327
56 2460
56 2821
56 2923
57 65
57 84
57 288
57 320
57 330
57 501
57 526
57 540
57 763
57 801
57 865
57 893
57 913
57 963
57 967
57 1096
57 1189
57 1197
57 1249
57 1340
57 1530
57 1605
57 1651
57 1696
57 1729
57 1769
57 1793
57 1827
57 1834
57 1911
57 1985
57 2027
57 2043
57 2080
57 2123
57 2151
57 2176
57 2201
57 2317
57 2513
57 2827
57 3086
57 3193
57 3268
57 3301
57 3368
57 3417
57 3429
57 3478
57 3491
57 3559
57 3577
57 3644
57 3646
57 3674
57 3693
57 3696
57 3836
58 59
58 113
58 129
58 370
58 623
58 685
58 1345
58 1577
58 1629
58 2986
58 3798
58 3829
58 3930
59 436
59 471
59 924
59 1074
59 1121
59 1359
59 1591
59 1971
59 2399
59 2482
59 2765
59 2904
59 3235
59 3309
59 3792
59 3952
59 3961
60 79
60 3218
60 3820
60 3905
61 142
61 146
61 297
61 633
61 935
61 1080
61 2590
61 2601
61 2828
61 2891
61 3383
61 3775
62 1785
63 780
63 1193
63 2889
63 2980
63 3472
64 244
64 593
64 2078
64 3617
64 3721
68 164
68 204
68 404
68 457
68 708
68 827
68 854
68 856
68 908
68 957
68 1237
68 1318
68 2030
68 2489
68 2574
68 2663
68 2675
68 2816
68 2826
68 2859
68 3091
68 3159
68 3247
68 3279
68 3406
68 3444
68 3461
68 3658
68 3998
69 192
69 1006
69 1012
69 1969
69 2931
69 2941
69 2974
69 3036
70 117
70 124
70 128
70 183
70 206
70 218
70 287
70 293
70 301
70 392
70 396
70 540
70 597
70 619
70 632
70 732
70 781
70 1326
70 1495
70 1722
70 2022
70 2041
70 2086
70 2181
70 2230
70 2582
70 2646
70 2721
70 2751
70 2841
70 2958
70 3232
70 3402
70 3450
70 3457
70 3602
70 3660
70 3680
70 3732
70 3920
70 3968
70 3981
71 109
71 125
71 211
71 332
71 382
71 519
71 870
71 874
71 998
71 1356
71 1538
71 1635
71 1809
71 1963
71 2221
71 2273
71 2447
71 2535
71 2555
71 2794
71 2799
71 2830
71 3127
71 3178
71 3420
71 3486
72 92
72 167
72 312
72 324
72 331
72 346
72 351
72 368
72 428
72 429
72 451
72 567
72 718
72 829
72 868
72 885
72 1021
72 1131
72 1324
72 1485
72 1526
72 1673
72 1706
72 1722
72 1838
72 1896
72 2083
72 2206
72 2358
72 2379
72 2436
72 2468
72 2548
72 2755
72 2840
72 2997
72 3075
72 3089
72 3092
72 3163
72 3168
72 3177
72 3258
72 3570
72 3960
73 1630
73 1680
73 1712
73 2540
73 2739
73 2822
73 3215
73 3733
73 3738
73 3753
73 3787
74 96
74 120
74 187
74 205
74 286
74 289
74 317
74 416
74 458
74 473
74 507
74 594
74 706
74 711
74 722
74 732
74 769
74 818
74 834
74 871
74 1004
74 1050
74 1184
74 1285
74 1386
74 1550
74 1828
74 1934
74 1977
74 2193
74 2211
74 2226
74 2246
74 2295
74 2333
74 2361
74 2382
74 2515
74 2694
74 2837
74 2934
74 2991
74 3004
74 3181
74 3494
74 3764
74 3800
74 3805
75 442
75 676
75 713
75 844
75 1976
75 2132
75 3016
75 3425
76 78
76 169
76 230
76 431
76 1600
76 1806
76 1915
76 2143
76 2917
76 3252
76 3269
76 3270
76 3276
77 362
77 885
77 2682
77 3530
78 111
78 138
78 881
78 1945
78 3410
78 3963
79 329
79 340
79 1024
79 1125
79 1166
79 1505
79 1707
79 1814
79 2325
79 2963
79 3181
80 223
80 328
80 382
80 658
80 853
80 875
80 879
80 887
80 1212
80 1566
80 1572
80 2010
80 2786
80 2939
80 2987
80 3040
80 3269
80 3529
80 3737
81 2213
81 3043
81 3456
82 228
82 502
82 524
82 535
82 748
82 798
82 971
82 1025
82 1026
82 1034
82 1117
82 1127
82 1349
82 1378
82 1648
82 1937
82 2144
82 2212
82 2270
82 2543
82 2599
82 2880
82 3567
83 521
83 1304
83 1579
84 295
84 457
84 535
84 539
84 2225
84 2317
84 3985
85 131
85 154
85 479
85 650
85 719
85 725
85 857
85 934
85 939
85 1280
85 1508
85 1596
85 1895
85 2284
85 2420
85 2672
85 3018
85 3371
85 3553
86 231
86 790
86 1918
86 3901
87 164
87 359
87 671
87 1126
87 1213
87 1501
87 2117
87 3239
88 864
88 1819
88 2792
88 3030
88 3589
89 123
89 135
89 172
89 291
89 292
89 352
89 455
89 467
89 506
89 508
89 533
89 583
89 642
89 684
89 687
89 744
89 773
89 788
89 897
89 908
89 961
89 1084
89 1146
89 1222
89 1266
89 1348
89 1453
89 1477
89 1492
89 1497
89 1504
89 1638
89 1815
89 1826
89 1891
89 1924
89 1943
89 2031
89 2092
89 2099
89 2140
89 2171
89 2379
89 2450
89 2685
89 2703
89 2715
89 2777
89 2829
89 2860
89 2955
89 3005
89 3082
89 3105
89 3134
89 3411
89 3431
89 3745
89 3750
89 3888
89 3896
90 688
90 1603
90 2239
90 3257
90 3574
91 232
91 684
91 735
91 798
91 1433
91 1451
91 1832
91 2968
91 3024
91 3628
92 3525
92 3773
93 3071
93 3844
94 99
94 115
94 158
94 243
94 251
94 258
94 276
94 291
94 538
94 586
94 799
94 922
94 1045
94 1441
94 1554
94 1581
94 1637
94 1748
94 1920
94 2097
94 2162
94 2790
94 3067
94 3245
94 3540
94 3992
95 194
95 235
95 236
95 263
95 405
95 435
95 496
95 754
95 831
95 1167
95 1534
95 1582
95 1585
95 2184
95 2256
95 2496
95 2684
95 3108
95 3657
96 307
96 556
96 809
96 3463
96 3568
97 1978
97 2062
97 3314
97 3630
98 213
98 220
98 337
98 497
98 537
98 943
98 990
98 1209
98 1358
98 1397
98 1540
98 1768
98 1803
98 1939
98 1948
98 1978
98 2052
98 2094
98 2287
98 2466
98 2570
98 2587
98 2938
98 3323
98 3549
98 3585
98 3659
99 294
99 409
99 2175
99 3692
100 3257
101 122
101 186
101 252
101 348
101 397
101 424
101 462
101 529
101 536
101 919
101 920
101 1195
101 1243
101 1249
101 1382
101 1400
101 1486
101 1571
101 1675
101 1717
101 1770
101 2576
101 2771
101 2782
101 3089
101 3379
101 3944
102 558
102 1076
102 1128
102 1804
102 2702
104 240
104 1781
104 2182
105 143
105 166
105 630
105 1473
105 1548
105 1649
105 1661
105 2008
105 2045
105 2392
105 3349
105 3604
105 3751
105 3885
106 322
106 702
106 1385
106 2057
106 2263
106 2409
106 3099
106 3669
108 835
108 2142
110 871
110 1328
110 2215
110 3112
111 145
111 234
111 241
111 264
111 281
111 288
111 469
111 479
111 514
111 604
111 1400
111 2085
111 2116
111 2122
111 3751
112 197
112 236
112 272
112 283
112 343
112 475
112 632
112 714
112 1015
112 1418
112 1549
112 1759
112 1776
112 1972
112 1976
112 2175
112 2325
112 2383
112 2415
112 2657
112 3244
112 3293
112 3346
112 3494
112 3609
112 3735
112 3932
112 3935
112 3997
113 527
113 2505
113 2573
114 161
114 862
114 1308
114 1651
114 1769
114 1771
114 2207
114 2921
114 3118
114 3404
114 3629
114 3725
114 3743
114 3868
114 3875
114 3876
115 1742
116 158
116 2569
117 1920
117 3210
118 175
118 199
118 306
118 1002
118 2006
118 2258
118 2761
118 3081
119 808
119 1075
119 2135
119 2428
119 3832
119 3921
121 639
121 947
121 1158
121 1264
121 1519
121 2228
121 2359
121 2724
121 3505
121 3511
121 3543
121 3916
122 349
122 434
122 590
122 1089
122 1190
122 1802
122 2618
122 2814
122 3601
122 3740
122 3812
123 245
123 547
123 3267
123 3513
123 3832
124 529
124 838
124 1590
124 1836
124 1849
124 2207
124 2442
124 2599
124 3017
124 3690
124 3824
126 1007
126 2795
126 2962
126 3535
126 3931
127 153
127 189
127 456
127 726
127 761
127 1027
127 1056
127 1597
127 1773
127 2331
127 2401
127 2479
127 2915
127 3120
127 3316
128 375
128 698
128 1117
128 1562
128 2413
128 3437
130 1258
130 1338
130 1827
130 2018
130 2231
130 2655
130 2706
130 2721
130 2726
130 3324
131 202
131 410
131 435
131 894
131 1364
131 1574
131 1868
131 2214
131 2227
131 2490
131 2583
131 2793
131 2924
131 3745
131 3797
131 3853
132 855
132 966
132 1205
132 1287
132 1462
132 1890
132 1965
132 2345
132 2365
132 2622
132 2626
132 3133
132 3277
132 3536
132 3783
133 159
133 172
133 1096
133 1155
133 1395
133 1750
133 2584
135 279
135 1106
136 246
136 355
136 469
136 726
136 736
136 903
136 939
136 1226
136 1510
136 1642
136 1729
136 1907
136 2001
136 2004
136 2491
136 2585
136 2976
136 3038
136 3253
136 3434
137 339
137 420
137 523
137 734
137 937
137 988
137 2019
137 3148
137 3420
138 260
138 481
138 678
138 1049
138 1256
138 1837
138 2038
138 2158
138 2549
138 3061
138 3087
138 3484
138 3626
139 144
139 156
139 577
139 805
139 922
139 1554
139 1664
139 1679
139 2660
139 2686
139 2734
139 2789
139 3304
139 3903
140 612
140 2330
140 3440
140 3719
141 255
141 337
141 408
141 413
141 492
141 878
141 1103
141 1146
141 1776
141 1894
141 2060
141 2068
141 2173
141 2180
141 2218
141 2575
141 2618
141 2637
141 2638
141 2751
141 2777
141 2853
141 2862
141 3026
141 3338
141 3572
141 3968
142 300
142 2627
142 3439
142 3924
143 294
143 312
143 605
143 698
143 806
143 1054
143 1161
143 1549
143 1755
143 2836
143 2894
143 3935
144 363
144 884
144 1311
144 1604
144 2512
144 3192
145 169
145 310
145 525
145 581
145 877
145 1077
145 1094
145 1140
145 1151
145 1288
145 1425
145 1456
145 1840
145 2145
145 2781
145 3011
145 3723
146 192
146 505
146 705
146 777
146 1354
147 570
147 572
147 787
147 1305
147 2683
147 3764
148 944
148 1022
148 1175
148 1290
148 1744
148 2530
148 2706
148 2792
148 3483
149 196
149 210
149 1243
149 1314
149 1759
149 1954
149 2245
149 3220
149 3298
149 3962
150 234
150 393
150 444
150 557
150 646
150 1324
150 1546
150 1716
150 1872
150 2377
150 2402
150 2471
150 2700
150 2814
150 3016
150 3272
150 3779
151 211
151 262
151 282
151 315
151 385
151 411
151 450
151 520
151 565
151 681
151 707
151 955
151 1568
151 1672
151 1856
151 1858
151 1861
151 1994
151 2236
151 2398
151 2850
151 3002
151 3085
151 3111
151 3310
151 3327
151 3509
151 3781
151 3943
152 784
153 526
153 1040
153 1092
153 1271
153 1363
153 1606
153 1828
153 2944
153 3560
154 634
154 1347
154 2327
155 2936
156 560
156 1236
156 1366
156 1517
156 2662
156 2665
156 2676
156 2839
157 333
157 869
157 907
157 1502
157 2082
157 2329
157 2747
158 2437
160 476
160 1436
160 1491
160 1618
160 2288
160 3081
161 257
161 279
161 341
161 672
161 727
161 1112
161 1163
161 1330
161 1551
161 2017
161 2287
161 2532
161 3214
161 3490
161 3723
162 1566
162 3517
162 3757
163 188
163 759
163 829
163 1041
163 2591
163 2628
163 3045
164 3018
164 3056
164 3911
165 2060
166 184
166 493
166 936
166 977
166 1295
166 2186
166 3890
167 672
167 2494
167 2675
168 284
168 837
168 1005
168 1942
168 2636
168 3409
169 426
169 721
169 1307
169 3160
170 374
170 779
170 1125
170 1268
170 1535
170 2053
170 2147
170 2444
170 2671
170 3178
171 314
171 2835
172 511
172 794
172 880
172 1178
172 1681
172 2735
172 2759
172 2769
172 3854
173 2531
174 214
174 242
174 349
174 438
174 472
174 801
174 1079
174 1326
174 1464
174 1707
174 3079
174 3322
174 3922
175 200
175 348
175 550
175 677
175 929
175 956
175 1042
175 1070
175 1169
175 1415
175 1567
175 2070
175 2133
175 2329
175 2659
175 2870
175 3307
175 3678
176 220
176 264
176 432
176 439
176 462
176 516
176 525
176 785
176 1068
176 1193
176 1217
176 1341
176 1404
176 1436
176 1599
176 1819
176 1834
176 2138
176 2172
176 2244
176 2483
176 2666
176 3126
176 3135
176 3150
176 3159
176 3465
176 3767
177 318
177 575
177 1087
177 1316
177 1717
177 2498
177 2893
177 3242
178 209
178 221
178 433
178 436
178 490
178 876
178 911
178 1271
178 1826
178 1893
178 1969
178 2876
178 3705
178 3925
179 229
179 266
179 315
179 332
179 400
179 624
179 772
179 800
179 840
179 895
179 920
179 928
179 954
179 955
179 1035
179 1039
179 1278
179 1348
179 1574
179 1641
179 1649
179 1662
179 1674
179 1853
179 2007
179 2179
179 2219
179 2283
179 2448
179 2698
179 2735
179 2989
179 3060
180 549
180 1159
180 1172
180 1323
180 1754
180 3029
180 3861
181 676
181 1090
181 1653
181 1817
181 2170
181 2578
181 2728
181 3261
181 3302
182 207
183 1865
184 237
184 1955
185 1141
185 1622
185 2930
185 3295
186 403
186 717
186 1072
186 1207
186 2075
186 3270
186 3663
188 628
188 2485
189 1197
189 1557
189 1956
189 2524
189 3711
190 1415
190 3878
191 208
191 371
191 379
191 485
191 1666
191 2044
191 2052
191 3316
194 254
194 419
194 585
194 3216
194 3248
194 3834
196 764
196 1029
196 2729
196 2940
197 270
197 335
197 421
197 561
197 1023
197 1076
197 1466
197 1493
197 1774
197 1818
197 1822
197 2009
197 2047
197 2062
197 2433
197 2824
197 3205
197 3243
197 3292
197 3752
197 3809
198 1981
199 335
199 543
199 1728
199 1747
199 2529
199 3374
200 522
200 1204
200 1994
200 2296
200 2760
200 2764
200 2823
201 1157
201 1520
201 2531
201 3355
202 273
202 959
202 1601
202 2319
202 2708
202 3556
203 670
204 465
204 1259
204 1342
204 1543
204 1765
204 1992
204 2428
204 3207
204 3398
204 3435
205 321
205 392
205 534
205 621
205 637
205 697
205 745
205 807
205 868
205 888
205 895
205 1433
205 1756
205 1789
205 1884
205 2269
205 2396
205 2667
205 3008
205 3083
206 623
206 782
206 1429
206 2133
206 2451
206 3913
206 3923
209 325
209 406
209 459
209 528
209 536
209 1637
209 2000
209 2163
209 2227
209 2255
209 2750
209 2817
209 2857
209 3007
209 3656
210 696
211 248
211 321
211 679
211 993
211 1049
211 1180
211 1184
211 1482
211 1559
211 2522
211 2621
211 3137
211 3342
211 3638
212 958
212 1287
214 320
215 1039
215 3312
216 2926
218 475
218 1265
218 1658
218 1737
218 3472
219 270
219 310
219 2112
219 2434
219 2851
220 314
220 1623
220 1691
220 2084
220 2167
220 2588
221 1533
222 386
222 419
222 811
222 1927
222 3886
223 1664
223 2622
224 384
224 818
224 1028
224 1727
224 2623
224 2632
224 3707
224 3792
225 1684
225 1752
225 2691
226 836
226 891
226 992
226 1162
226 1725
226 2489
226 2561
226 2931
226 3739
226 3905
226 3980
228 454
228 1418
228 3365
228 3747
229 903
229 1808
229 2102
229 3339
230 633
230 1368
230 1393
230 2605
230 2762
230 2774
230 2938
230 3021
230 3229
231 389
231 1044
231 3732
232 307
232 541
232 554
232 595
232 763
232 822
232 890
232 904
232 1042
232 1091
232 1253
232 1610
232 1723
232 1854
232 1954
232 2070
232 2114
232 2401
232 2545
232 2679
232 2783
232 2971
232 3289
232 3448
232 3495
232 3715
232 3742
232 3852
232 3860
233 509
233 604
233 947
233 1336
233 1563
233 2157
233 2252
233 2732
234 316
234 1043
234 1048
234 1139
234 1173
234 1373
234 1877
234 1993
234 2096
234 2154
234 2470
234 3032
234 3095
234 3183
234 3428
234 3597
234 3748
237 948
237 1422
237 1444
238 693
238 2412
238 2912
238 3170
238 3282
239 1307
239 1428
239 3299
240 1830
242 1996
243 255
243 2132
243 2553
243 3221
243 3274
243 3505
248 572
248 600
248 901
248 1305
248 1434
248 1823
248 2198
249 2674
249 2867
250 1261
250 2111
250 2780
250 3631
251 452
251 609
251 1520
251 1708
251 1950
251 2445
251 2853
251 3222
251 3369
251 3709
251 3976
253 861
253 1302
253 3599
253 3613
254 578
254 1757
254 1947
254 2519
254 3354
255 815
255 1247
255 1536
256 2972
257 2555
258 537
258 734
258 760
258 839
258 953
258 1174
258 1203
258 1245
258 1286
258 1628
258 1704
258 2883
258 3315
258 3470
258 3559
258 3582
258 3909
259 1627
259 1865
259 2294
259 3587
260 1232
260 2203
260 2257
260 2521
260 3568
261 2044
263 545
263 579
263 714
263 912
263 1320
263 2425
263 2676
263 3917
264 616
264 757
264 771
264 793
264 1051
264 1124
264 1187
264 2049
264 2156
264 2263
264 2271
264 3068
264 3104
264 3353
264 3657
264 3682
264 3804
265 3821
266 1357
267 366
268 2650
269 2590
270 277
270 723
270 1283
271 3392
272 305
272 387
272 410
272 415
272 488
272 607
272 622
272 663
272 667
272 850
272 1224
272 1438
272 1627
272 1710
272 1876
272 2005
272 2198
272 2370
272 2377
272 2707
272 3372
272 3597
272 3793
272 3937
273 564
273 636
273 1381
273 1459
273 2365
273 2656
273 3051
273 3120
274 984
274 2873
274 2892
274 3384
275 611
275 739
275 1045
277 367
277 387
277 1580
277 1656
278 1031
278 3515
279 792
279 1272
279 1312
279 1502
279 1578
279 3621
280 296
280 361
280 494
280 664
280 823
280 826
280 927
280 929
280 1105
280 1137
280 1542
280 1612
280 1635
280 1646
280 1766
280 2121
280 2146
280 2422
280 2778
280 2868
280 3006
280 3063
280 3068
280 3235
280 3395
280 3478
281 372
281 924
281 1496
281 1936
281 3708
282 842
283 463
283 1594
283 1810
284 538
284 625
284 686
284 701
284 1109
284 1142
284 1239
284 1657
284 1887
284 2919
284 3831
285 2013
287 1008
287 1831
287 2865
287 3363
288 775
288 987
288 1472
288 1529
288 1582
288 1966
288 2699
288 2886
289 2739
289 2920
289 3421
291 355
291 823
291 1016
291 1066
291 1858
291 2395
291 3070
292 424
292 584
292 635
292 659
292 2174
292 2956
292 3947
293 412
293 631
293 974
293 1553
294 1811
294 3043
294 3849
294 3927
295 306
295 388
295 559
295 610
295 659
295 768
295 808
295 925
295 1300
295 1315
295 1416
295 1577
295 1595
295 2985
295 3281
295 3394
295 3545
295 3703
295 3912
296 350
296 940
296 1431
296 2511
296 2915
296 3594
296 3618
297 2916
298 1207
298 2886
298 3487
299 301
299 581
299 587
299 715
299 2101
299 2331
299 3045
299 3588
299 3605
300 499
300 1010
300 1145
300 2556
302 324
302 353
302 1194
302 2478
302 2984
303 596
303 706
303 1377
303 1561
303 1610
303 1922
303 2054
304 1136
304 1412
304 1527
304 2156
304 2749
304 3154
304 3706
305 340
305 3326
306 2277
308 1020
308 1281
308 1319
308 1775
308 3589
308 3844
309 783
309 2165
309 2844
309 3594
310 999
310 1860
310 3415
311 422
311 1241
311 3213
311 3638
311 3825
312 2681
313 482
313 1847
313 2268
313 2282
314 316
314 325
314 648
314 1997
314 3444
315 702
316 1055
316 1097
316 1344
316 1484
316 2260
316 2398
316 2712
316 2964
316 3375
316 3674
316 3855
316 3950
317 3805
319 1860
320 454
320 1643
320 3919
321 510
321 564
321 1389
321 1601
321 3157
321 3468
321 3531
322 1238
323 613
323 1454
324 679
324 898
324 2336
325 2280
325 2807
326 550
326 2643
326 2670
326 3023
326 3029
326 3606
326 3664
326 3906
327 749
327 921
328 342
328 417
328 946
329 571
329 923
330 2199
331 350
331 876
332 3176
333 733
333 1120
333 1460
333 1774
333 1839
333 3616
334 425
334 532
334 534
334 576
334 598
334 753
334 842
334 846
334 884
334 960
334 1029
334 1047
334 1057
334 1060
334 1682
334 1983
334 1990
334 2213
334 2763
334 2823
334 3190
334 3631
334 3991
335 1355
335 1421
335 1593
335 2372
335 2471
335 2804
335 3295
335 3780
335 3862
336 972
336 1059
336 2033
336 2834
336 3217
336 3728
337 841
338 2538
338 3488
338 3854
339 1419
339 1532
339 2011
339 2592
339 2992
339 3212
340 450
340 1280
340 1420
340 2148
340 2313
340 2522
340 3233
340 3629
340 3819
340 3843
341 477
341 486
341 496
341 627
341 661
341 795
341 893
341 982
341 1036
341 1154
341 1183
341 1430
341 1450
341 1497
341 1539
341 1678
341 1749
341 1797
341 1965
341 2058
341 2093
341 2206
341 2349
341 2498
341 2806
341 3190
341 3322
341 3373
341 3619
341 3808
342 493
342 778
342 1095
342 1967
342 2674
342 2736
343 1093
343 1633
344 906
344 1000
344 1114
344 1216
344 1341
344 1584
344 1614
344 2080
344 2533
344 2534
344 2994
344 3328
346 1879
347 3162
348 431
348 847
348 1688
348 1772
348 1910
348 2230
348 2354
348 2368
348 2845
348 3015
348 3215
348 3364
349 2406
349 2673
349 3076
350 2933
350 3107
350 3464
351 952
351 1652
351 3165
351 3354
351 3879
352 1153
353 1150
353 2338
353 2543
353 2849
353 3071
353 3218
353 3358
355 1077
355 1452
355 3394
355 3807
356 568
356 674
356 690
356 824
356 1393
356 1747
356 2609
356 2663
356 2865
356 3093
356 3141
356 3591
357 812
357 1022
357 1538
357 2061
357 3817
358 1240
358 2511
358 2961
358 2999
358 3818
361 1078
361 3060
362 1367
362 3303
362 3978
363 974
365 1936
366 369
366 439
366 484
366 830
366 875
366 971
366 1390
366 2394
366 3090
366 3645
369 745
369 816
369 889
369 1061
369 1075
369 1115
369 1132
369 1311
369 1318
369 1522
369 1567
369 1755
369 1767
369 1899
369 2462
369 2509
369 2893
369 3342
369 3398
369 3504
369 3860
371 606
371 693
371 3982
372 396
372 662
372 688
372 1892
372 1930
372 2061
372 2265
372 3350
372 3389
373 863
373 2504
373 2688
373 2927
373 3186
373 3914
374 932
374 3351
376 500
376 880
376 3884
377 781
377 810
377 1877
377 2860
378 3112
378 3265
379 1046
381 1299
381 1384
381 3079
381 3290
381 3573
382 563
382 897
382 1107
382 2769
382 2999
383 2269
384 1465
384 1472
384 1592
384 3075
384 3578
384 3763
384 3888
385 1842
385 2231
387 3627
388 476
388 691
388 3543
388 3829
389 402
389 760
389 2353
389 3569
389 3720
390 950
390 1555
390 2084
390 2445
390 2500
391 1020
391 1228
392 870
392 1012
392 1058
392 3965
393 678
395 553
395 644
395 712
395 751
395 1385
395 1440
395 1564
395 1683
395 1870
395 1912
395 2064
395 2191
395 2311
395 2332
395 2342
395 2455
395 2506
395 2508
395 2952
395 2986
395 3625
395 3767
395 3783
395 3880
395 3909
396 1065
396 2294
396 2424
397 690
397 1544
397 1836
397 2023
399 1276
399 1999
399 3936
400 1739
401 1521
401 2240
401 2417
401 2500
401 2514
401 2907
401 3619
402 2366
403 1312
403 1647
403 2937
404 1255
404 1968
406 461
406 1634
406 1900
406 2632
406 3640
407 624
408 3377
409 896
409 1919
409 2806
409 3974
410 649
410 969
413 437
413 470
413 1064
413 1427
413 1671
413 2024
413 2092
413 2502
413 2666
413 2757
413 2779
413 2880
413 3376
414 552
414 1089
415 552
415 820
415 1853
415 2085
415 2340
415 2454
415 2517
415 2990
415 3003
415 3031
416 646
416 1401
416 2153
416 3965
417 655
417 1294
417 1407
417 1490
417 1897
417 3230
417 3283
417 3532
418 554
418 932
419 1719
419 2653
420 471
422 695
422 1306
422 2233
422 2264
423 559
423 2977
424 505
424 601
424 1486
424 1541
424 1569
426 592
426 851
426 3596
427 983
427 2154
428 474
428 906
428 3602
428 3892
428 3955
429 805
430 2382
433 563
433 1151
433 1471
433 3044
433 3458
434 796
435 997
435 1275
435 1308
435 1447
435 1606
435 1770
435 1852
435 2034
435 2383
435 2614
435 3123
435 3883
436 3138
437 2730
438 524
438 696
438 716
438 789
438 832
438 840
438 951
438 1006
438 1010
438 1476
438 1587
438 1695
438 1763
438 1909
438 1982
438 2406
438 2881
438 3122
438 3137
438 3317
439 2689
439 3729
441 592
441 645
441 994
441 1214
441 1845
441 2731
441 2884
442 1073
442 2589
444 2375
445 558
445 594
445 608
445 667
445 867
445 902
445 941
445 973
445 1202
445 1383
445 1546
445 1914
445 2131
445 2220
445 2399
445 2908
445 3264
445 3392
446 2821
446 3324
446 3859
447 1225
447 3662
448 578
448 1423
448 2202
448 2474
448 2501
448 2687
448 3093
448 3180
449 713
450 2124
450 2988
450 3689
451 2095
451 2668
451 3289
452 1406
452 1524
452 2298
452 2732
452 3078
452 3655
453 546
453 742
453 914
453 1185
453 1504
453 2453
454 620
454 1168
454 1594
454 1608
454 2488
454 3128
454 3244
454 3532
454 3938
455 1492
456 580
456 1558
456 1926
457 709
458 1359
458 1552
458 2400
459 627
459 1346
459 1632
459 2220
459 2386
459 2579
462 665
462 1297
462 2391
463 930
463 1110
463 1306
463 1503
463 2429
463 3012
463 3196
463 3337
463 3511
464 766
465 670
465 767
465 780
465 1090
465 1132
465 1403
465 2395
465 3643
466 3528
466 3625
466 3971
467 1536
467 2321
467 2364
468 1053
468 1126
468 1248
468 2948
469 975
470 3996
471 2740
473 682
473 900
473 1527
473 3587
474 931
474 1032
474 1303
474 1669
474 2307
474 2526
474 2801
474 3066
474 3756
474 3938
475 2352
477 483
477 1301
477 1528
477 3821
477 3949
478 1671
478 2468
479 689
479 860
479 1354
479 1390
479 2089
479 2223
479 2443
479 2586
479 2616
479 3201
479 3236
479 3396
479 3879
481 620
481 729
481 849
481 1237
481 2079
481 2743
482 1471
482 1576
482 3048
482 3416
482 3969
483 1356
483 1859
483 3722
484 1025
484 1254
484 1334
484 1379
484 2282
486 647
486 1517
486 1602
486 2265
486 2533
486 3021
486 3518
486 3797
487 1923
488 595
488 1336
488 1376
488 1463
488 2541
488 2740
488 2824
488 2841
488 3174
489 2788
489 2861
490 1081
490 1111
490 1149
490 3729
491 504
494 2284
495 2705
496 1108
496 1215
496 2318
496 2447
497 2166
498 1083
498 1500
498 1609
498 2430
498 2716
498 2973
498 3036
499 1258
499 1379
499 3022
499 3887
500 3164
504 1409
504 1599
505 668
505 1641
505 2785
505 2901
505 3212
505 3433
505 3637
505 3682
505 3760
505 3929
507 588
507 1773
507 2222
507 2845
508 966
508 1268
508 1461
508 1593
508 1937
509 3813
511 1931
512 2996
514 602
515 2605
515 3371
515 3973
516 982
516 1807
516 1901
516 2200
518 697
519 855
519 1175
519 3397
519 3522
520 1153
520 1496
520 2344
520 2348
521 761
521 965
521 1203
521 1323
521 1384
521 1387
521 1404
521 2090
521 2578
521 3953
521 3993
522 3119
522 3527
523 996
523 2486
524 3111
525 916
525 963
526 1809
526 1885
527 603
527 695
527 1974
527 3867
528 1487
528 2649
529 573
529 1489
530 1255
533 858
533 1862
533 1905
533 2629
533 3104
533 3109
534 608
534 1291
534 1766
534 3146
534 3970
535 933
535 1488
535 1899
535 3793
537 596
537 772
537 775
537 1000
537 1009
537 1704
537 1785
537 2307
537 2875
538 609
538 1654
538 1698
538 1861
538 1974
539 2126
542 1279
542 1731
542 1875
542 1904
542 2251
542 2697
542 3471
542 3611
542 3614
542 3695
543 3566
544 874
545 1231
545 1443
545 3978
546 611
546 1631
548 682
548 864
548 1414
548 2652
548 3188
548 3319
548 3881
548 3936
549 599
549 1437
549 3318
551 2909
552 3228
552 3422
553 756
555 3643
555 3918
556 1392
558 917
558 938
558 1082
558 1179
558 1343
558 1358
558 1446
558 1638
558 2223
558 2798
558 3820
559 1831
559 2055
559 2570
559 3893
560 832
560 1893
561 699
561 1138
561 1518
562 1331
562 2818
563 1256
563 2321
565 1786
565 1851
565 3331
566 2819
567 673
567 1134
567 1378
567 1844
567 2481
567 2983
568 1583
568 3333
568 3812
568 3880
569 2705
569 3013
574 588
574 1699
574 2035
574 2088
574 2354
574 2691
574 3144
575 650
575 743
575 1104
575 1869
575 3424
577 1129
577 1589
577 1874
577 1984
577 2185
577 2597
577 2935
577 3688
578 580
578 1121
578 1462
578 3173
578 3211
579 1556
579 1680
580 2197
580 3121
581 582
581 1038
581 3634
582 1235
583 2844
584 2351
585 1241
585 1966
587 665
587 867
587 2467
588 2787
588 3167
589 1192
589 1426
590 944
591 2493
591 3115
592 1325
592 2951
592 3387
592 3650
592 3908
593 964
593 2690
593 2863
593 3286
594 2446
595 716
595 1014
595 1376
595 1406
595 1466
595 1715
595 1883
595 2690
595 2811
595 3581
596 1122
596 1558
597 654
597 683
597 1085
597 2163
597 2443
597 2477
597 2709
597 2943
597 3865
598 637
598 2337
598 2607
598 2923
598 3041
599 853
599 1177
600 1763
600 3992
601 1867
602 941
602 1051
602 1231
602 1451
602 1524
602 1622
602 1720
602 1891
602 1898
602 1958
602 1975
602 2385
602 2429
602 2446
602 2508
602 2955
602 3416
602 3423
602 3593
602 3972
602 3995
603 3739
604 1866
604 1945
608 1170
608 1697
608 2552
608 3101
608 3766
609 656
609 1794
609 2138
609 2277
609 2987
609 3827
610 1656
611 657
614 3458
615 1166
615 2252
617 786
617 1298
617 2161
617 2205
617 3590
622 2404
622 2427
623 730
623 1082
623 1619
623 1784
623 2514
624 3325
625 838
625 1588
625 1683
625 1800
625 3590
625 3672
626 3365
627 2344
627 2411
627 3304
628 1526
628 1662
628 2079
628 3554
629 2389
629 3642
630 703
630 828
630 1001
630 1143
630 1478
630 2248
630 2334
630 2918
633 643
633 738
633 3869
634 2259
635 1232
635 1807
635 2364
636 724
636 1047
636 1176
636 1427
636 1949
636 2128
638 1133
638 1289
638 1541
638 1988
638 2484
638 2905
638 3826
641 1448
641 3403
642 1868
642 2993
642 3676
645 799
645 1667
645 2922
645 2966
646 866
646 1032
646 2847
646 3350
647 1726
647 2285
648 999
648 1699
648 1960
648 3736
650 1211
651 1027
652 1764
653 820
653 3073
653 3599
654 1928
654 3600
655 2323
656 1302
656 1439
656 1761
656 2524
656 3278
657 3679
658 2026
659 3856
660 1073
660 1350
660 3946
661 3668
663 928
663 983
663 1172
663 1580
663 1688
663 2012
663 2704
663 2709
663 2719
663 2847
663 2977
664 910
664 3156
667 1439
669 2539
671 2804
671 3421
672 3983
673 1871
673 2254
673 2304
673 2444
674 3902
675 1916
676 994
677 813
677 1583
677 2906
677 3704
678 1999
683 1986
683 2077
685 3708
686 806
687 1252
687 1475
687 2129
688 1119
688 2486
688 3837
689 1119
690 1013
691 731
691 802
691 1253
691 1881
691 3510
694 940
694 1187
694 1273
694 1366
695 1600
695 3080
695 3847
696 1724
696 1790
696 3329
697 815
697 856
697 1325
697 1498
697 1519
697 2254
697 2478
697 2995
697 3220
697 3238
697 3962
698 1234
698 2928
699 2209
700 1611
700 2558
701 1888
704 3799
709 1946
710 3390
712 1069
713 858
713 933
713 1008
713 1149
713 1264
713 2033
713 3445
713 3846
713 3857
714 839
714 1768
716 1181
716 1344
716 1352
716 2260
716 2580
716 2932
719 2475
721 3526
722 2336
722 2695
722 3241
722 3552
723 2009
725 1227
725 1608
725 1991
726 845
727 3689
728 767
728 1005
730 1391
732 2565
732 3053
732 3431
733 889
733 1219
733 1398
733 2669
733 3491
734 1250
734 2253
735 918
735 1718
735 1833
735 2635
735 3191
735 3561
736 1731
738 899
738 1512
738 3849
739 979
740 3840
741 804
742 917
742 3410
744 1123
745 3087
746 3361
747 814
747 2037
747 2166
747 2854
747 3446
748 1152
748 1160
748 1626
748 1679
748 2089
748 2973
749 1191
753 854
753 1018
753 1220
753 1542
753 1616
753 1734
753 1777
753 1935
753 2113
753 2146
753 2519
753 2871
753 3591
758 1586
759 1650
759 2547
759 2733
760 782
760 3413
761 1450
764 1319
764 2205
764 3000
764 3437
765 814
765 1434
765 1625
765 2051
765 3330
767 859
767 1014
767 2162
769 945
769 1017
769 2036
769 2040
769 2195
769 2625
769 2665
769 2885
769 2887
769 3059
770 2178
771 1474
771 2040
771 2649
773 803
773 1981
773 3451
773 3582
774 2573
777 1017
777 1238
777 1309
777 1329
777 2129
777 2243
777 2390
777 2726
777 2779
777 3273
778 1227
778 1875
778 2885
778 3251
778 3404
778 3607
779 1753
784 1066
784 1467
784 2965
784 3430
785 1363
786 1421
787 946
787 2087
787 2093
789 2747
791 1026
791 1162
791 1398
791 1499
791 3562
792 1429
793 1116
793 2528
794 1092
794 1154
794 1513
794 1553
794 2143
794 2939
795 848
795 2426
795 2613
795 2752
795 3709
796 1198
801 892
801 1933
801 2746
801 3377
801 3839
803 3202
804 2001
804 2422
804 2978
804 3360
804 3925
805 2635
806 3749
807 1571
807 1618
807 2585
807 3522
808 1210
808 1332
808 1474
808 1813
808 2909
808 3100
808 3158
809 3490
810 1109
810 3452
812 1200
813 1855
813 3152
816 1764
816 2409
816 2503
817 3237
817 3430
820 1270
820 1930
822 3461
827 3191
828 1098
829 2066
829 3405
831 1065
831 1074
831 1639
831 2120
831 3359
831 3603
831 3954
832 1225
832 2067
832 2160
832 3362
832 3727
832 3871
833 1739
833 3155
834 1143
834 2087
835 1962
839 1886
839 2454
840 886
840 919
840 2384
843 1822
843 1929
843 3537
843 3666
844 998
844 3714
844 3837
845 2427
845 3209
846 1164
846 1417
846 1621
846 2491
846 3042
846 3129
846 3196
846 3464
846 3790
848 2698
848 3514
849 1457
849 1780
849 2039
849 2728
849 2831
851 1458
851 1814
851 2496
851 3627
851 3898
852 1196
852 3028
852 3541
853 1494
853 2630
854 2866
855 945
855 1370
855 1643
855 1892
855 3684
861 1136
862 1034
862 1093
862 2224
862 2466
862 3001
866 1730
866 3479
867 3341
868 1645
869 1233
869 2026
871 934
871 1182
871 1285
871 2115
872 956
872 1062
872 1995
872 3803
875 1251
875 1296
875 1372
875 2179
875 3405
876 3090
876 3390
876 3943
878 1535
878 1788
878 3585
878 3813
882 1597
883 1493
883 2197
883 2477
884 3650
885 1432
885 2256
885 2839
885 3713
886 1101
886 1787
886 2122
886 3054
886 3790
889 1223
890 1412
891 2029
891 2128
891 2171
891 2897
891 3846
893 3182
894 3802
895 1925
895 2259
897 1447
899 2011
899 2799
902 2696
906 2720
906 3384
906 3785
906 3945
908 1402
908 1411
909 3064
909 3743
911 1052
911 2100
911 3765
912 2889
912 3584
912 3613
915 2209
917 1780
917 3564
918 3310
919 2191
921 2403
923 1701
923 2236
923 2925
924 1351
924 1560
926 1564
926 1841
927 3195
928 1870
928 3059
928 3176
928 3381
928 3678
928 3987
929 1332
932 3441
933 1445
933 3592
936 1621
936 3348
938 3056
941 1313
942 996
942 1201
942 1713
942 1963
942 2111
943 1031
944 1177
944 2877
945 2876
945 3527
946 2337
946 2642
946 3001
946 3080
947 993
947 1229
947 1701
947 1711
949 2258
949 2304
950 1044
950 1091
950 1545
950 1639
950 3050
952 1276
952 3654
953 3180
955 1048
956 1508
956 2053
956 2291
956 3240
959 3246
962 1310
962 1399
962 1654
962 2348
964 3265
966 1501
969 1693
969 1740
969 1997
969 2897
972 3435
973 3030
973 3211
973 3782
975 1317
975 2196
975 2593
975 3280
976 1516
976 1741
976 2677
976 3357
978 3210
981 2575
984 2251
984 2734
984 3035
986 2222
986 3418
987 1214
987 3150
988 1778
989 1889
989 2434
990 2318
991 1511
992 2168
992 2702
993 3409
995 2153
995 2870
996 1689
996 2069
996 2552
997 1108
997 1115
998 1931
998 2405
998 2503
998 2685
998 3147
998 3449
998 3816
1000 2088
1001 1702
1001 1771
1002 3596
1003 3267
1004 1106
1004 3620
1004 3838
1005 2240
1005 2996
1006 2898
1006 3219
1009 3833
1010 1706
1010 2505
1010 3259
1011 2074
1014 1063
1015 2633
1015 3998
1016 2243
1018 3031
1019 1626
1020 1147
1020 1588
1020 2529
1020 3027
1021 2170
1021 3576
1021 3769
1021 3891
1022 2641
1031 3507
1033 1798
1036 1560
1037 1171
1037 1733
1037 1880
1037 2494
1037 3979
1038 1040
1038 2057
1038 2828
1038 3977
1040 2272
1040 3685
1040 3809
1042 3725
1045 3408
1046 2815
1047 2686
1047 3497
1050 1983
1053 2748
1054 1455
1054 1675
1054 1847
1054 3665
1055 3448
1056 1191
1056 1720
1056 2525
1056 3066
1056 3976
1057 2300
1057 2387
1057 3736
1058 1123
1058 2376
1058 2890
1058 3117
1061 1100
1061 1909
1061 2603
1061 3981
1063 2232
1064 2177
1064 3128
1064 3145
1065 1694
1065 3422
1066 2100
1066 2322
1067 3230
1068 1071
1068 1388
1068 1921
1072 1289
1072 1557
1072 1689
1072 1734
1072 2025
1072 2628
1072 3227
1072 3263
1074 1830
1074 2310
1074 2343
1074 2419
1074 3095
1074 3529
1075 1321
1075 2289
1075 2324
1075 2485
1076 1932
1076 3285
1078 3271
1079 3652
1080 3123
1083 2767
1085 1179
1085 1915
1085 2082
1085 2602
1085 3565
1086 2286
1090 1309
1090 2812
1093 1303
1093 3292
1093 3920
1094 2883
1094 2950
1094 3069
1099 3866
1100 1250
1100 1631
1100 1792
1100 2771
1100 2914
1101 1531
1101 3297
1104 1206
1104 1521
1104 3950
1105 1499
1105 2119
1105 3433
1106 3198
1107 1190
1107 2727
1108 1317
1108 1732
1108 1757
1108 1989
1108 2141
1108 2497
1108 2611
1108 3955
1108 3967
1110 1357
1110 2404
1111 1284
1111 2587
1112 2063
1113 1423
1113 2556
1113 3255
1115 1829
1115 3006
1118 1869
1118 3607
1118 3769
1119 1396
1119 3673
1121 1475
1121 3309
1121 3794
1123 2942
1123 3234
1124 2758
1127 2487
1129 2872
1129 2878
1130 3085
1130 3203
1131 1310
1132 1507
1134 1685
1134 2315
1134 3538
1134 3987
1136 3895
1140 2700
1142 1556
1142 1908
1142 2212
1142 2246
1142 2681
1142 3074
1142 3919
1144 2664
1148 1489
1149 1293
1149 1405
1150 1432
1150 3010
1150 3635
1151 3822
1153 3741
1156 2108
1156 2323
1158 2155
1158 2568
1158 2881
1158 2962
1158 3548
1159 3140
1159 3786
1160 3266
1160 3466
1162 2183
1162 2509
1162 3492
1163 2737
1164 1615
1164 1620
1164 3004
1164 3454
1164 3507
1165 2137
1166 3699
1169 2169
1170 1872
1173 1219
1173 1372
1173 2214
1173 2436
1173 3283
1173 3459
1173 3810
1174 2774
1175 1456
1175 1864
1175 2126
1175 2414
1175 3415
1176 2753
1176 2819
1176 3098
1177 1916
1177 2046
1177 3198
1177 3934
1178 1503
1178 3488
1179 1795
1182 1294
1184 2108
1184 2414
1184 2898
1184 2957
1184 3915
1187 1669
1187 1799
1188 1246
1189 2139
1189 2159
1190 2895
1191 2130
1192 3110
1195 2417
1202 2617
1202 2849
1204 3153
1205 2160
1205 2742
1205 2851
1207 1810
1207 2820
1207 2895
1207 3236
1207 3734
1210 2273
1210 2741
1211 1659
1212 1477
1212 2426
1212 3256
1215 2010
1215 2388
1215 3280
1217 2362
1218 2042
1218 2378
1218 2557
1218 3683
1219 3648
1219 3990
1220 1692
1221 1230
1221 2784
1225 2452
1225 2603
1226 2076
1226 2856
1227 2639
1227 3770
1228 1559
1228 2355
1228 2919
1232 1278
1237 1275
1238 2826
1239 2312
1241 2947
1242 1272
1242 1959
1242 3724
1244 3663
1245 1962
1247 3381
1247 3779
1251 1750
1252 1337
1252 2234
1252 2525
1252 3184
1252 3545
1253 2510
1255 1277
1255 1723
1255 2050
1255 2058
1255 2188
1256 1291
1256 1293
1256 1514
1256 1818
1256 1971
1256 2103
1256 3477
1260 1339
1262 1952
1263 2518
1263 2947
1264 1636
1267 2315
1269 3842
1270 1584
1270 1849
1270 2934
1271 1413
1271 2000
1271 3617
1271 3785
1272 2482
1272 2641
1272 3321
1272 3758
1273 1488
1273 2918
1274 3118
1275 2776
1276 2226
1277 3633
1278 1652
1278 2577
1278 3380
1279 1742
1279 3024
1280 3117
1280 3868
1281 3145
1281 3553
1286 1790
1286 2025
1286 2357
1287 2656
1287 2757
1288 2967
1292 2028
1294 2600
1296 2244
1296 2270
1297 2158
1298 1544
1299 3298
1300 2101
1301 2858
1301 3170
1302 1495
1302 2545
1302 3823
1305 1529
1306 2180
1309 3352
1310 1801
1312 1483
1315 2374
1315 2913
1316 3114
1316 3148
1317 2286
1319 2566
1319 2620
1319 3966
1321 2693
1321 3603
1323 1735
1325 1738
1325 3184
1327 1360
1327 3871
1328 2326
1328 3047
1328 3427
1329 3861
1329 3907
1330 3277
1333 3856
1334 2935
1334 3305
1334 3429
1335 2571
1336 3835
1337 2186
1337 3608
1338 3359
1338 3804
1339 1903
1340 1453
1340 2367
1341 1612
1341 2196
1341 3673
1343 1979
1345 1686
1345 1928
1348 2679
1348 3077
1349 1959
1351 1491
1351 1590
1351 1817
1351 2362
1351 3675
1351 3929
1352 1552
1353 3951
1356 1598
1361 2397
1362 1779
1363 3648
1364 3651
1364 3692
1365 1435
1365 1483
1365 1824
1365 1855
1365 2572
1366 1422
1366 1446
1366 1708
1366 1879
1366 2435
1366 3335
1366 3636
1367 2016
1369 2651
1370 1947
1373 1793
1373 2059
1373 2472
1373 2563
1373 2887
1373 3209
1373 3808
1376 2696
1377 1691
1377 1712
1377 2073
1377 2481
1377 3139
1378 2907
1379 3795
1380 2066
1380 2300
1381 3205
1381 3248
1383 2537
1383 2820
1383 3501
1384 1547
1384 3460
1384 3462
1387 3503
1388 3206
1392 2007
1394 2528
1394 2715
1394 3536
1397 2314
1398 3391
1398 3833
1398 3903
1402 2112
1405 1479
1405 3382
1408 1616
1409 1522
1409 1986
1410 1555
1410 2613
1411 1850
1411 1867
1413 3894
1414 2410
1414 2953
1414 3240
1414 3246
1414 3845
1415 1505
1415 2873
1415 2957
1416 1944
1416 2366
1416 2544
1416 2921
1417 1460
1418 1550
1418 1681
1418 1694
1418 2789
1424 3174
1425 2006
1425 2237
1425 2610
1430 3238
1431 1972
1433 2190
1433 2249
1433 2332
1433 2479
1433 2615
1433 2846
1434 2140
1438 2324
1438 3831
1442 3841
1445 1523
1445 3360
1450 3228
1451 2813
1452 2261
1452 2546
1452 2684
1453 1798
1453 2480
1453 2670
1453 2979
1454 1890
1454 2192
1454 2194
1456 1511
1456 3356
1458 2384
1461 2334
1461 3271
1461 3669
1463 3571
1467 1761
1467 3399
1468 1751
1468 1955
1468 2074
1468 2184
1468 3258
1470 1835
1470 1905
1470 2369
1470 3163
1470 3393
1474 3757
1476 1653
1476 3161
1477 2600
1477 3226
1479 2594
1479 3569
1479 3718
1486 1604
1486 2648
1486 2712
1486 2713
1486 3336
1486 3566
1486 3944
1487 2363
1487 2979
1487 3329
1487 3499
1487 3563
1487 3766
1488 2257
1488 3526
1489 2439
1489 3869
1491 1602
1491 1901
1492 1985
1494 2527
1494 3550
1497 1576
1497 2619
1497 2760
1498 1854
1498 1926
1498 3839
1502 2424
1504 3544
1506 1586
1506 1800
1506 2199
1506 3046
1506 3162
1507 3628
1507 3753
1508 1988
1509 3275
1509 3794
1510 1758
1510 2103
1512 2145
1513 3469
1515 1607
1515 1842
1515 2608
1518 1725
1520 1716
1520 1938
1520 3777
1521 1935
1523 3528
1525 1957
1525 3103
1526 2056
1527 3806
1529 3387
1530 2233
1534 2316
1534 3264
1535 1856
1535 2523
1536 2266
1536 2802
1538 3881
1542 2460
1542 3062
1550 2237
1552 3558
1555 1733
1555 2867
1555 3983
1560 3253
1560 3778
1561 3344
1562 1951
1562 3939
1564 3136
1564 3842
1566 1960
1566 2495
1566 2810
1567 1882
1567 3436
1567 3942
1568 2326
1570 2661
1573 2946
1574 2493
1580 3000
1581 2815
1582 3620
1582 3714
1583 3802
1592 2280
1592 2598
1593 3502
1593 3533
1596 2432
1596 3910
1599 2969
1600 2029
1600 3102
1602 2488
1602 3250
1604 2247
1604 2645
1604 3774
1606 2794
1606 3550
1607 1975
1608 2068
1610 3125
1610 3948
1612 2017
1613 1782
1613 3454
1613 3681
1615 1987
1615 2608
1615 2619
1615 3072
1619 3470
1621 3811
1622 2562
1623 2019
1628 3754
1633 1663
1633 1748
1633 2303
1633 2634
1635 2115
1635 2723
1635 3373
1636 2192
1639 2459
1640 1686
1641 2752
1643 1695
1644 2118
1644 2352
1644 2581
1644 3940
1645 2110
1646 2720
1647 1838
1648 1980
1650 1845
1650 3827
1651 3726
1653 3456
1654 1752
1655 2411
1655 3704
1658 1697
1659 1851
1661 3747
1665 2189
1674 3189
1675 1787
1675 1863
1675 2786
1675 2932
1675 3053
1675 3099
1676 2255
1676 2516
1676 3645
1677 1690
1677 2355
1677 2563
1677 2805
1679 1719
1679 3611
1685 3334
1688 1732
1688 3513
1688 3823
1690 2290
1690 3426
1693 2200
1693 2693
1694 1919
1694 2901
1694 3885
1694 3975
1698 2638
1706 3042
1708 2235
1708 3014
1710 3106
1710 3368
1712 2178
1714 2813
1714 3816
1714 3836
1716 2375
1716 3634
1717 1880
1717 2710
1719 2527
1719 3658
1722 1852
1722 3185
1724 1777
1724 2473
1725 2003
1725 2396
1725 2579
1727 2106
1730 2374
1730 2958
1732 3007
1735 2438
1736 1765
1736 2090
1736 2187
1740 3072
1741 3649
1742 2737
1742 2832
1742 3592
1747 2536
1747 3132
1747 3255
1747 3330
1747 3738
1747 3963
1748 1751
1752 1938
1752 2305
1752 3904
1753 1907
1753 3949
1754 2072
1754 2351
1758 2393
1758 2882
1758 3755
1760 2149
1760 3278
1760 3686
1761 1835
1761 2302
1761 2559
1761 3970
1762 3485
1769 3717
1774 3788
1775 2748
1777 2347
1778 2625
1778 2852
1779 1823
1779 2051
1779 2266
1779 3687
1781 3169
1782 2134
1782 2546
1782 3346
1785 2306
1785 3467
1785 3952
1786 2065
1786 2476
1787 1940
1787 2185
1787 2437
1787 2550
1787 3156
1787 3791
1790 2817
1792 3312
1795 2320
1795 2567
1796 3493
1797 2969
1798 2770
1798 2994
1798 3187
1800 3977
1801 3202
1801 3260
1805 3288
1805 3615
1806 2328
1806 2970
1806 3130
1806 3332
1809 1821
1809 2506
1809 3771
1809 3921
1810 2075
1811 3034
1812 3370
1813 2538
1814 2439
1817 3077
1822 3759
1827 2095
1834 3121
1835 2281
1835 3762
1835 3930
1836 2034
1836 3733
1837 1900
1837 1929
1837 2400
1837 3474
1838 3058
1840 3942
1842 2703
1842 3208
1842 3694
1842 3752
1844 1993
1844 2083
1844 2239
1844 2316
1847 3985
1848 2059
1848 3189
1855 2929
1860 3438
1861 2576
1862 1957
1862 3446
1866 2225
1871 2464
1871 2640
1871 2961
1873 3352
1873 3389
1873 3453
1876 2816
1877 3750
1877 3772
1879 3563
1882 2234
1883 3166
1884 2003
1885 2976
1886 3427
1888 3388
1889 3370
1890 2695
1890 2736
1892 2512
1897 3109
1898 3175
1898 3308
1900 1917
1900 2858
1900 2928
1901 2725
1901 2811
1903 2566
1907 2218
1907 3130
1908 2135
1908 2749
1908 3245
1908 3471
1908 3958
1909 3855
1911 2592
1913 3586
1914 3049
1915 3512
1921 2172
1921 2216
1921 2249
1921 3300
1922 2515
1923 2744
1923 3088
1927 2098
1928 1946
1928 2306
1929 2245
1929 3496
1930 2725
1930 2945
1930 3294
1930 3979
1937 2796
1937 3907
1939 2035
1940 2780
1940 3474
1941 2333
1941 2882
1942 3899
1944 2457
1947 3194
1948 3741
1948 3959
1949 2766
1949 3033
1956 2388
1956 2861
1956 3260
1959 2339
1961 2397
1961 2793
1962 2387
1963 2295
1966 3307
1968 2520
1968 3116
1972 2091
1972 2571
1973 1984
1973 3096
1973 3572
1973 3581
1974 2368
1974 2564
1974 2658
1974 2704
1974 3033
1977 3160
1977 3967
1979 3142
1980 2408
1982 3644
1986 3904
1987 2350
1987 3510
1987 3758
1991 2091
1991 2846
1991 2868
1991 2965
1991 3653
1993 3895
1996 3165
1998 3887
2009 2926
2011 3125
2011 3604
2011 3863
2012 3473
2022 2157
2022 2783
2025 2105
2026 2148
2026 2210
2026 2474
2026 2946
2027 2959
2028 2386
2032 2953
2033 3357
2037 2301
2037 3151
2042 2378
2047 2109
2047 3873
2061 2759
2063 2201
2063 3127
2066 2950
2066 3009
2066 3467
2067 2507
2067 3225
2068 2441
2068 2453
2068 3116
2070 2376
2070 2743
2074 2312
2074 2554
2074 3385
2074 3622
2077 2458
2082 3155
2087 3195
2088 3632
2095 2766
2096 2221
2097 2106
2100 2309
2100 3058
2100 3964
2102 2262
2110 2833
2114 2561
2115 3864
2117 3661
2122 3126
2129 2461
2130 2202
2133 2137
2133 2755
2133 3570
2136 2644
2136 3688
2140 2169
2140 2268
2141 3874
2142 2866
2151 2586
2151 3715
2153 2229
2153 2513
2154 3890
2155 2856
2155 2988
2156 2541
2156 3588
2156 3639
2159 2997
2161 2981
2162 2210
2170 3034
2177 3328
2183 2247
2183 2274
2186 2594
2190 3665
2195 3395
2197 2356
2198 3693
2201 3520
2202 3439
2207 2361
2211 2836
2213 2689
2215 3687
2217 2717
2223 3971
2229 3605
2231 2416
2232 3883
2234 2682
2235 2560
2236 2499
2236 3054
2237 2716
2237 3224
2237 3814
2239 2593
2240 3142
2243 3841
2245 3337
2248 2464
2249 3400
2252 2910
2254 3834
2258 3754
2270 3781
2271 3027
2272 3913
2276 3828
2291 3933
2295 3380
2301 2408
2303 2431
2303 2687
2305 2614
2305 2831
2306 3232
2306 3616
2316 3252
2323 2452
2324 3897
2332 3894
2333 3877
2338 2440
2338 2818
2340 2912
2352 3593
2352 3873
2353 3009
2356 2662
2356 3504
2359 2877
2359 3064
2360 2390
2363 2785
2367 3724
2372 3683
2375 2449
2383 2523
2385 2609
2387 2510
2391 2630
2394 3414
2398 3441
2398 3610
2398 3786
2409 2520
2410 2658
2410 3086
2412 2567
2417 2738
2417 3327
2417 3762
2419 2551
2420 3966
2423 2648
2424 2433
2426 2722
2426 3498
2427 2864
2429 3575
2431 2942
2431 3204
2433 3201
2441 2463
2444 2643
2446 3199
2454 3171
2462 3960
2467 2536
2471 3598
2473 2800
2476 3483
2485 3177
2489 2637
2490 2569
2493 3840
2497 3207
2507 3624
2507 3763
2513 3990
2516 3499
2517 3447
2517 3848
2519 3017
2519 3579
2521 3544
2529 3782
2536 2742
2536 3614
2539 2764
2539 2812
2539 3982
2542 2944
2543 2584
2551 2781
2551 3685
2552 3358
2553 2916
2559 2677
2559 3091
2559 3115
2560 2750
2561 3305
2562 2850
2565 3039
2565 3851
2566 3718
2568 3308
2569 3153
2571 2606
2571 3975
2572 3475
2573 3863
2577 3698
2583 2669
2585 3479
2586 2615
2588 2920
2596 3994
2599 2899
2613 3565
2616 3114
2618 3610
2619 2810
2628 2908
2639 3496
2644 3825
2645 3784
2646 3164
2649 2956
2649 3986
2650 3378
2651 3561
2656 3784
2659 2787
2660 3722
2666 3476
2672 2864
2676 3475
2677 2943
2677 3097
2677 3826
2677 3989
2680 2763
2684 3621
2684 3926
2687 3646
2690 3518
2695 3057
2695 3730
2695 3749
2700 3457
2711 3482
2715 3175
2717 2782
2717 3777
2721 2922
2721 3074
2726 3010
2726 3037
2726 3455
2726 3900
2728 3819
2729 3193
2735 2745
2735 3040
2740 3084
2748 3143
2748 3803
2751 3194
2759 3523
2760 3626
2763 3147
2763 3268
2765 3003
2765 3489
2766 3517
2767 3412
2771 3928
2775 3995
2779 2809
2782 2827
2783 3501
2786 2925
2786 3564
2786 3773
2792 3901
2797 2971
2798 3940
2800 2832
2806 2888
2808 3534
2813 2959
2817 2884
2817 3728
2820 3008
2824 3386
2825 2937
2825 3019
2825 3296
2827 3428
2827 3554
2835 3105
2835 3788
2841 3506
2845 3067
2848 3515
2852 3485
2867 2894
2868 3078
2870 3884
2871 3284
2872 2874
2872 3700
2875 3233
2884 3216
2886 3520
2886 3994
2901 3768
2906 3798
2909 3100
2910 2991
2911 3241
2916 3858
2919 3094
2919 3886
2925 3539
2934 3675
2934 3776
2938 3630
2941 3249
2941 3931
2947 3986
2949 3320
2959 3508
2962 3025
2964 3052
2964 3742
2965 3223
2965 3661
2967 3530
2971 3933
2975 3172
2979 3413
2983 3858
2986 3275
2992 3221
3000 3107
3000 3334
3019 3993
3020 3791
3022 3349
3026 3922
3036 3776
3037 3988
3039 3703
3041 3866
3056 3681
3059 3320
3066 3696
3083 3746
3088 3551
3093 3131
3094 3623
3097 3524
3109 3676
3113 3577
3117 3247
3118 3425
3120 3135
3126 3436
3139 3225
3149 3262
3149 3500
3156 3199
3156 3213
3156 3313
3166 3463
3168 3306
3168 3580
3170 3672
3172 3555
3177 3318
3179 3889
3180 3923
3182 3586
3183 3635
3185 3250
3200 3274
3200 3336
3254 3815
3272 3345
3278 3623
3285 3864
3291 3801
3291 3917
3304 3647
3304 3899
3328 3876
3332 3525
3338 3489
3342 3680
3350 3500
3353 3800
3367 3442
3381 3656
3382 3912
3390 3850
3415 3999
3422 3481
3436 3760
3458 3595
3461 3957
3474 3641
3481 3640
3516 3667
3543 3910
3595 3664
3602 3926
3638 3902
3716 3726
3725 3961
3740 3830
3743 3853
3823 3852
3861 3947
3886 3948
3909 3974
3953 3991
