0 85
0 100
0 106
0 178
0 186
0 218
0 245
1 43
1 181
1 188
2 44
2 66
2 137
2 233
2 248
3 6
3 42
3 78
3 144
3 208
4 29
4 104
4 135
4 150
4 166
4 216
5 20
5 74
5 91
5 104
5 141
5 171
5 214
5 225
6 54
6 90
6 126
6 184
6 216
6 229
7 60
7 219
7 223
8 12
8 66
8 95
9 68
9 92
9 115
9 144
9 197
10 84
10 128
10 139
11 75
12 82
12 94
13 42
14 49
14 125
14 217
15 26
15 28
15 63
15 98
15 188
16 81
16 171
17 33
17 88
17 137
17 163
17 164
17 209
17 233
18 29
18 96
18 119
18 129
18 151
18 239
19 25
19 79
19 100
19 172
19 211
19 221
19 238
20 30
20 36
20 42
20 50
20 86
20 171
21 138
21 146
21 150
21 191
22 26
22 69
22 76
22 161
22 208
22 211
23 36
23 91
23 108
23 111
23 135
23 152
24 43
24 49
24 123
24 210
25 95
25 111
25 135
25 174
25 184
25 187
26 95
26 132
26 138
26 156
27 117
27 201
27 216
27 244
28 194
29 42
29 94
29 147
29 149
29 156
29 237
30 132
30 139
31 49
31 111
31 142
33 212
34 150
34 228
35 239
36 42
36 58
36 136
36 202
36 222
36 248
37 69
37 137
37 196
38 100
38 186
38 191
39 56
39 57
39 151
41 85
41 111
41 125
41 154
41 177
41 186
41 202
42 83
42 192
43 55
43 222
44 120
44 130
44 211
44 214
44 229
45 113
45 215
45 235
46 54
46 56
46 70
46 100
46 144
47 176
47 202
48 92
48 184
50 121
51 151
51 214
51 219
52 72
52 116
52 155
52 193
52 200
52 237
54 154
54 169
54 228
55 58
56 203
56 237
57 65
57 101
57 108
57 139
57 142
57 152
57 167
57 243
58 210
58 241
59 65
59 104
59 232
60 83
60 148
60 201
61 82
61 131
61 202
61 231
62 142
62 152
62 174
62 227
63 92
63 150
63 168
63 248
64 69
64 146
64 167
64 206
65 175
65 196
66 87
66 102
66 107
66 128
66 204
67 105
67 169
68 149
69 101
69 243
69 244
70 100
70 170
71 135
71 170
71 188
72 113
72 157
72 180
72 221
73 190
74 158
75 167
75 207
76 126
76 140
76 166
76 222
77 112
77 178
77 194
77 229
78 98
78 115
78 217
78 222
78 237
79 107
80 107
80 171
80 177
80 220
81 182
81 245
82 185
82 218
82 221
83 92
85 110
85 139
85 146
86 179
86 246
88 213
88 218
88 229
89 123
89 131
89 179
90 105
90 108
90 147
90 190
90 211
90 219
90 242
91 205
92 100
92 205
93 143
93 226
94 134
94 198
94 204
95 151
96 169
96 176
96 211
96 239
96 246
97 238
98 157
98 190
100 120
100 124
101 134
101 231
102 115
102 232
102 244
104 198
105 118
105 211
106 135
106 136
107 173
107 177
107 179
108 187
109 125
109 219
109 225
109 228
110 119
110 153
110 169
110 190
110 203
111 194
111 207
113 127
113 158
113 236
114 233
115 157
115 179
115 193
115 240
116 182
118 186
118 205
119 237
120 138
120 148
121 196
122 148
122 174
122 195
122 242
123 160
124 140
124 164
124 211
126 149
126 218
127 154
128 206
129 152
129 212
129 240
130 207
131 134
131 241
131 249
133 204
133 210
133 214
133 218
134 168
135 225
136 152
136 187
136 214
137 170
138 197
139 230
139 234
140 166
141 160
143 224
143 246
144 239
145 233
146 147
146 152
147 152
147 158
147 173
147 219
148 215
148 240
150 158
151 212
152 224
152 239
153 198
153 219
154 175
154 196
154 243
155 160
155 178
155 237
156 211
157 228
159 202
161 218
162 182
162 183
163 231
164 179
165 192
165 219
165 222
166 223
167 224
169 199
169 233
169 240
170 172
170 240
172 244
173 183
173 195
175 229
176 207
177 210
179 190
179 213
179 226
182 202
183 188
183 244
185 192
185 233
186 188
189 192
189 204
195 206
196 210
196 212
196 216
197 217
198 199
198 244
199 247
200 212
200 238
201 238
202 220
202 242
203 240
204 242
205 239
205 240
205 242
206 220
206 228
208 215
208 246
209 216
214 219
214 238
221 233
224 227
225 236
229 231
236 238
