0 1
0 2
0 3
0 4
0 5
0 7
0 9
0 10
0 17
0 25
0 27
0 29
0 31
0 34
0 50
0 52
0 55
0 56
0 64
0 76
0 77
0 91
0 100
0 105
0 128
0 145
0 149
0 170
0 181
0 198
0 204
0 221
0 223
0 226
0 236
0 238
0 241
0 245
1 2
1 3
1 4
1 6
1 9
1 10
1 11
1 12
1 13
1 14
1 15
1 16
1 19
1 22
1 24
1 26
1 28
1 31
1 32
1 34
1 36
1 37
1 38
1 39
1 40
1 41
1 45
1 48
1 49
1 50
1 51
1 58
1 59
1 60
1 63
1 69
1 70
1 72
1 73
1 74
1 75
1 79
1 85
1 86
1 94
1 97
1 98
1 99
1 103
1 106
1 108
1 110
1 114
1 116
1 121
1 123
1 138
1 142
1 143
1 146
1 148
1 152
1 154
1 156
1 159
1 160
1 162
1 170
1 172
1 173
1 174
1 178
1 187
1 190
1 191
1 199
1 211
1 219
1 220
1 236
1 237
1 246
1 247
1 249
2 6
2 11
2 23
2 28
2 39
2 42
2 43
2 55
2 58
2 79
2 84
2 87
2 88
2 93
2 98
2 104
2 131
2 137
2 149
2 163
2 169
2 176
2 184
2 186
2 194
2 201
2 210
2 216
2 227
2 232
2 243
3 7
3 8
3 12
3 16
3 21
3 33
3 36
3 37
3 44
3 53
3 57
3 59
3 61
3 86
3 102
3 104
3 109
3 140
3 144
3 150
3 154
3 159
3 164
3 168
3 181
3 197
3 226
3 232
4 5
4 8
4 14
4 15
4 18
4 19
4 20
4 27
4 30
4 41
4 44
4 48
4 51
4 54
4 56
4 61
4 63
4 68
4 73
4 80
4 83
4 84
4 87
4 92
4 93
4 96
4 100
4 101
4 107
4 109
4 114
4 115
4 116
4 119
4 122
4 135
4 140
4 145
4 146
4 169
4 183
4 184
4 186
4 192
4 196
4 209
4 217
4 219
4 225
4 230
4 239
4 243
4 245
5 17
5 134
5 138
6 72
6 76
6 120
6 158
6 161
6 168
6 175
6 183
6 190
6 214
6 240
7 22
7 23
7 24
7 30
7 96
7 111
7 133
7 182
7 203
7 206
7 218
8 78
9 62
10 13
10 89
10 122
10 125
10 144
11 18
11 33
11 35
11 67
11 130
11 155
11 206
11 211
11 214
12 35
12 166
13 20
13 21
13 45
13 52
13 53
13 69
13 77
13 118
13 129
13 136
13 137
13 193
13 207
13 212
13 222
13 224
13 248
14 47
14 180
15 26
15 49
15 75
15 85
15 111
15 113
15 213
15 221
15 233
16 207
16 216
17 65
17 66
17 81
17 108
17 126
18 38
18 42
18 47
18 54
18 82
18 88
18 92
18 95
18 182
18 230
19 67
19 71
19 82
19 125
19 248
20 171
20 179
21 25
21 29
21 40
21 46
21 62
21 80
21 99
21 107
21 123
21 134
21 147
21 212
21 239
22 161
22 194
24 32
24 117
24 131
24 135
25 46
27 97
27 118
27 174
27 185
28 127
28 188
29 196
30 66
30 176
30 202
30 244
31 127
31 177
31 240
32 155
33 65
33 89
33 112
33 124
33 151
33 166
34 113
34 120
34 121
34 195
34 213
35 43
35 64
35 193
35 201
36 156
39 91
40 167
41 205
41 237
43 83
43 101
43 244
45 60
45 94
45 128
46 158
47 57
47 139
47 229
47 234
50 119
50 141
50 195
50 208
51 141
53 70
53 220
55 191
59 202
60 142
65 81
65 105
65 165
65 177
65 185
65 209
66 68
66 103
66 117
66 179
66 231
67 130
68 71
68 74
68 112
68 203
68 225
68 229
69 95
72 110
72 148
72 153
72 172
74 78
77 150
77 167
78 152
78 228
80 133
81 90
81 126
81 164
81 180
81 208
86 241
88 162
88 200
89 90
90 231
90 249
94 106
94 136
94 147
94 160
97 132
99 102
103 124
103 173
108 139
108 175
108 217
112 242
113 143
114 115
118 151
119 132
120 178
121 129
126 234
126 247
127 171
129 189
129 200
129 227
129 235
130 205
133 153
133 157
133 163
135 189
141 157
141 188
143 204
147 210
150 235
151 228
152 165
154 198
157 233
168 218
173 215
173 238
174 222
177 192
183 187
183 215
191 246
192 197
192 199
199 224
212 223
239 242
