0 123
0 155
0 169
0 179
0 204
1 21
1 37
1 48
2 125
2 161
2 187
2 215
2 224
3 91
3 103
3 117
5 23
5 44
5 125
5 139
5 167
5 201
6 76
6 130
6 190
7 11
7 30
7 181
7 228
8 12
8 232
9 41
9 50
9 61
9 62
9 94
9 150
9 159
10 21
10 23
10 39
10 52
10 84
10 99
10 150
10 160
11 44
11 56
11 85
11 148
11 177
12 23
12 74
12 178
13 35
13 101
13 165
13 200
13 234
13 248
14 20
14 75
14 83
14 93
14 122
14 174
14 200
15 157
15 232
16 65
16 193
17 40
17 43
17 93
17 120
17 186
17 248
18 58
18 166
19 74
19 202
19 229
20 50
20 53
20 167
20 242
21 133
21 135
21 143
21 181
21 244
22 62
22 81
22 108
22 122
23 141
23 149
23 152
23 164
24 126
24 218
25 65
25 75
25 118
25 142
26 40
27 122
27 172
28 39
28 47
28 121
28 166
28 183
28 221
28 243
29 141
29 201
29 209
29 211
29 243
30 63
30 127
30 143
30 208
31 52
31 63
31 66
31 140
31 179
31 231
32 201
33 37
33 56
33 103
34 92
34 96
34 117
34 168
35 50
35 124
35 144
35 183
35 240
36 57
36 83
36 186
36 238
37 50
37 107
37 162
38 94
38 200
39 78
39 178
40 103
40 146
40 147
40 173
40 174
41 56
41 61
41 130
41 176
41 180
41 194
42 43
42 97
42 166
43 68
43 76
43 181
43 202
44 79
44 97
44 108
44 120
44 242
45 211
45 217
45 230
45 248
46 64
47 117
47 136
47 175
47 236
48 223
48 233
49 57
49 118
49 119
49 160
49 186
49 210
50 156
50 193
50 243
51 53
51 116
51 176
51 220
52 138
52 152
52 223
52 227
52 230
53 98
53 151
53 177
53 183
53 187
54 69
54 102
55 128
55 178
55 183
55 212
55 225
56 100
56 172
56 217
57 101
57 158
58 72
58 108
58 241
59 73
59 75
59 85
59 104
59 134
59 152
60 100
60 135
60 209
61 98
61 100
62 63
62 170
62 190
62 224
63 158
63 223
64 166
64 241
66 123
66 247
67 104
67 111
67 138
67 178
67 202
68 121
68 206
69 227
70 117
70 144
70 184
71 106
72 118
72 212
73 145
73 162
73 236
74 120
74 224
74 239
75 82
75 111
75 203
75 235
75 241
76 87
76 189
76 198
76 206
77 81
77 97
77 138
79 89
79 114
79 143
79 240
80 92
80 157
80 170
81 91
81 110
81 116
82 114
83 141
83 217
84 127
84 140
84 142
84 242
85 237
86 96
87 233
88 90
88 157
88 245
89 220
89 248
91 123
91 135
91 170
92 111
92 177
92 200
92 229
93 172
93 218
93 237
94 126
94 138
94 214
94 229
96 109
96 156
96 169
96 227
97 108
97 201
97 248
98 176
98 195
99 128
99 243
100 123
100 145
100 146
100 149
100 168
100 180
100 181
100 214
100 247
102 203
102 227
102 249
103 144
103 185
103 244
103 246
104 163
104 165
104 195
105 141
106 123
106 127
106 178
107 157
107 230
108 115
108 166
108 169
109 120
109 169
110 206
111 163
111 225
112 159
113 216
113 224
114 150
114 190
114 242
115 197
115 202
116 170
116 208
116 249
117 140
117 143
117 148
117 232
117 242
118 228
119 226
119 242
120 196
120 221
121 135
121 159
121 234
122 127
122 149
124 231
124 233
125 185
125 212
125 236
127 130
127 202
128 172
129 197
131 181
131 220
132 178
132 184
135 144
135 187
135 190
135 232
136 157
136 180
136 196
136 241
137 158
138 141
138 224
138 228
139 171
139 249
140 211
141 153
141 186
142 175
142 220
142 240
143 214
144 206
145 162
146 229
146 232
147 166
147 226
148 179
149 188
150 153
150 217
150 223
150 239
152 193
153 178
153 202
156 200
157 204
158 200
159 179
159 209
162 186
162 213
162 239
162 248
163 233
164 210
166 219
167 205
168 204
168 220
168 228
169 207
170 186
170 244
172 244
173 217
174 220
174 223
175 220
175 230
179 227
180 236
183 188
185 224
187 227
188 207
188 235
189 225
190 230
194 236
195 199
197 237
200 201
200 244
201 235
203 241
204 221
204 222
204 248
205 206
206 226
207 236
207 248
209 234
212 214
212 222
220 233
220 245
220 249
221 244
223 228
224 246
239 248
242 246
