0 6
0 8
0 13
0 17
0 20
0 51
0 99
0 111
0 115
1 29
1 36
1 60
1 84
1 104
2 17
2 21
2 68
2 76
3 88
4 66
4 98
4 103
4 104
5 52
5 104
6 35
6 114
7 58
7 104
8 22
8 73
8 109
9 80
9 90
10 22
10 92
10 122
11 46
11 69
11 72
11 120
12 26
13 41
14 58
14 78
15 101
16 68
16 121
17 56
17 85
17 97
17 103
18 24
18 78
18 97
19 43
19 56
20 58
20 60
20 81
20 115
21 46
21 83
21 120
22 23
22 63
22 124
23 45
23 50
23 122
24 103
24 111
24 119
25 61
26 78
26 108
26 114
27 85
28 32
28 63
28 90
29 73
29 109
30 52
31 33
31 37
32 86
32 122
33 91
33 99
34 88
34 113
34 114
34 116
35 43
35 69
35 89
35 115
36 43
36 45
36 60
36 82
36 86
37 52
37 63
39 78
39 96
40 46
40 124
41 42
41 52
41 68
41 84
41 85
41 105
41 110
42 46
42 67
42 99
42 110
43 55
43 80
43 89
43 124
44 71
44 74
45 66
45 72
46 52
46 57
46 61
46 74
46 120
47 79
47 100
47 102
47 104
47 112
47 115
48 63
48 89
49 61
49 123
52 61
53 121
54 73
54 94
55 61
56 106
57 72
57 90
57 108
58 94
58 123
60 62
60 83
60 94
63 73
63 79
63 87
63 122
64 66
64 68
65 66
65 69
66 120
68 77
68 122
71 79
71 99
71 102
72 79
73 74
75 85
76 111
77 91
77 92
77 95
77 121
79 81
79 100
80 104
81 101
82 96
82 107
82 111
83 99
83 101
83 107
84 105
86 91
86 107
86 112
87 99
88 89
88 115
88 123
89 92
90 96
90 107
91 100
91 119
92 101
93 94
95 106
95 115
96 101
96 116
96 117
98 111
99 109
99 115
99 116
101 124
102 112
102 119
106 110
107 118
110 115
113 124
114 120
115 118
116 118
118 124
