0 1
0 2
0 3
0 4
0 5
0 6
0 7
0 9
0 10
0 11
0 12
0 13
0 17
0 18
0 19
0 22
0 24
0 28
0 33
0 34
0 35
0 37
0 38
0 42
0 43
0 46
0 47
0 60
0 61
0 62
0 63
0 67
0 71
0 77
0 82
0 89
0 90
0 92
0 96
0 97
0 98
0 101
0 103
0 105
0 108
0 114
0 115
0 118
1 2
1 7
1 8
1 11
1 14
1 15
1 19
1 21
1 23
1 33
1 35
1 39
1 40
1 44
1 47
1 48
1 49
1 53
1 57
1 58
1 63
1 65
1 66
1 87
1 88
1 109
1 110
1 118
1 119
2 3
2 4
2 5
2 13
2 15
2 26
2 31
2 34
2 36
2 38
2 43
2 55
2 57
2 58
2 64
2 70
2 93
2 104
2 105
2 114
2 121
2 122
3 6
3 22
3 27
3 37
3 51
3 70
3 77
3 78
3 82
3 86
3 111
5 39
5 46
5 50
5 54
5 84
5 94
5 103
5 104
5 113
6 8
6 9
6 14
7 10
7 31
8 29
8 56
8 85
8 95
10 107
10 112
11 12
11 18
11 26
11 29
11 32
11 40
11 52
11 68
11 94
12 27
12 108
13 16
13 20
13 23
13 74
13 75
13 81
13 88
13 123
14 76
15 16
15 17
15 21
15 25
15 30
15 36
15 41
15 44
15 67
16 45
16 59
16 68
16 71
16 75
16 85
16 93
16 120
17 25
17 45
17 102
18 89
19 20
19 91
20 30
21 24
21 49
21 66
21 83
22 79
24 79
24 84
25 115
26 28
26 80
26 99
26 116
27 59
28 72
29 32
29 42
29 60
29 73
29 96
29 100
29 102
29 106
29 117
29 120
31 56
32 41
32 116
38 51
38 61
38 62
38 73
38 109
40 78
41 86
41 107
41 119
41 122
41 124
42 48
42 50
44 55
44 65
44 81
45 52
45 72
46 101
47 74
47 91
48 92
48 110
50 53
50 54
50 69
50 112
53 69
55 64
55 90
59 76
59 97
64 83
64 99
66 87
68 95
69 80
69 106
70 98
72 124
78 117
82 121
87 100
94 123
97 111
109 113
