0 34
0 89
1 4
1 8
1 29
1 53
1 85
1 89
2 13
2 38
2 66
2 94
2 95
2 97
3 42
3 46
3 53
3 57
3 70
3 71
3 90
4 37
4 69
5 71
5 79
5 97
6 14
6 87
7 59
7 102
8 45
8 82
8 83
8 98
8 103
9 17
9 88
10 53
10 77
10 118
11 51
11 81
12 19
12 49
12 72
12 98
13 98
13 112
14 20
14 29
14 91
14 96
14 110
14 112
15 38
15 81
16 39
16 78
16 92
16 105
17 53
17 54
17 59
17 74
17 87
17 100
17 120
18 30
18 70
18 77
18 104
19 28
19 53
19 87
19 95
19 109
19 124
20 65
20 70
20 85
20 87
20 96
20 99
21 30
21 50
21 92
22 37
22 65
22 121
23 37
23 80
23 84
24 30
24 66
24 89
25 99
26 35
26 83
26 96
27 85
27 94
28 47
28 49
28 81
28 114
29 42
29 93
30 43
30 91
30 110
30 124
31 87
31 89
31 120
32 51
32 60
32 68
32 97
33 84
34 102
37 102
37 104
38 49
38 59
38 69
38 82
38 95
38 96
38 98
38 112
39 50
39 79
39 102
40 58
40 121
41 77
41 80
41 95
42 103
43 85
43 93
44 58
44 60
44 66
44 77
44 104
45 67
45 94
45 98
46 54
46 113
47 77
48 58
48 78
48 96
49 63
50 102
51 70
52 69
52 84
52 102
53 63
53 71
53 77
54 97
54 119
55 58
55 110
56 72
57 72
58 88
58 106
59 82
59 83
60 104
62 88
62 94
63 76
64 82
64 112
64 121
65 117
66 124
67 124
69 96
69 104
71 111
72 76
72 118
73 111
74 99
75 109
76 87
77 89
78 82
78 93
78 107
78 121
79 83
79 100
80 86
80 100
81 124
84 97
85 114
86 94
86 97
86 102
88 98
90 111
90 121
91 114
92 119
92 120
93 103
94 107
95 117
98 100
98 123
99 124
102 110
103 114
104 111
105 118
106 113
107 110
107 114
108 121
110 122
111 116
111 124
115 123
115 124
120 121
123 124
