0 12
1 2
1 13
2 14
3 4
3 15
4 16
6 18
7 8
7 19
8 20
9 21
10 22
11 23
12 13
13 25
14 26
15 16
16 28
17 29
18 19
19 20
20 21
20 32
21 22
22 23
22 34
23 35
24 25
25 26
25 37
26 27
26 38
27 28
27 39
28 29
28 40
29 41
30 31
30 42
32 44
34 35
34 46
35 47
36 48
37 38
38 39
38 50
39 40
39 51
40 52
41 42
41 53
42 43
43 44
43 55
44 45
44 56
45 57
46 47
46 58
48 49
49 50
49 61
52 64
53 54
53 65
54 55
55 67
56 57
56 68
57 58
58 70
59 71
60 61
60 72
61 62
61 73
62 74
63 64
64 65
65 66
66 67
66 78
67 68
67 79
68 80
69 70
69 81
70 71
70 82
71 83
73 74
73 85
76 88
77 89
78 79
78 90
79 80
79 91
80 81
80 92
81 82
81 93
82 94
83 95
87 99
88 89
89 90
90 91
90 102
91 92
92 93
92 104
93 105
94 95
94 106
95 107
96 97
96 108
97 98
97 109
99 100
99 111
100 101
101 102
101 113
102 103
102 114
103 104
103 115
107 119
108 120
109 110
110 111
112 113
113 125
114 115
114 126
115 116
116 128
117 118
117 129
120 132
121 122
121 133
124 125
125 126
126 127
126 138
128 129
128 140
129 130
129 141
133 134
136 137
138 139
139 140
142 143
