0 62
0 390
0 401
0 644
0 930
1 7
1 148
1 244
1 328
1 329
1 535
1 656
2 208
2 728
2 878
2 916
2 993
3 229
3 967
4 186
4 188
4 272
4 422
5 34
5 142
5 367
5 574
5 687
5 736
5 808
6 603
6 692
6 908
7 154
7 296
7 456
7 623
8 54
8 79
8 646
9 20
9 49
9 493
9 667
10 17
10 343
10 723
11 75
11 201
11 361
11 430
11 471
11 722
11 871
11 930
12 52
12 525
12 880
13 412
13 490
13 604
13 808
13 882
14 825
15 252
15 359
15 527
15 558
15 591
15 964
15 974
15 990
16 796
17 139
17 330
17 379
17 694
17 830
17 862
18 558
18 560
18 806
18 966
19 50
19 131
19 147
19 372
19 691
19 730
19 854
19 895
19 945
20 191
20 354
21 428
21 450
21 721
21 848
21 867
22 722
22 801
23 598
23 805
24 386
24 598
24 731
25 171
25 186
25 610
25 865
25 940
26 334
26 552
27 591
28 100
28 349
28 640
28 669
28 830
29 62
29 123
29 269
29 300
29 911
30 309
30 794
30 888
30 942
31 608
31 619
31 680
31 880
32 319
32 984
33 273
33 363
33 489
33 526
33 774
34 232
34 262
34 438
34 630
35 170
35 387
35 452
35 538
35 553
35 631
36 349
36 500
37 75
37 98
37 102
37 117
37 344
37 787
37 871
38 68
38 204
38 349
38 657
38 818
39 136
39 283
39 327
39 361
39 534
39 586
39 800
39 979
40 729
40 843
40 985
41 79
41 161
41 374
41 391
41 767
42 289
42 323
42 604
42 665
42 893
42 911
43 373
43 450
43 451
43 613
43 662
43 744
43 888
44 256
44 401
44 449
44 721
44 821
45 968
45 982
46 397
46 553
46 645
46 681
46 800
46 875
47 73
47 238
47 321
47 707
47 941
48 936
49 77
49 110
49 209
49 543
49 701
50 490
50 842
51 491
51 572
51 802
51 983
52 471
52 578
52 926
53 334
53 366
54 256
54 323
54 604
54 648
54 936
55 515
55 529
55 601
55 783
55 897
55 962
56 219
56 455
56 516
56 979
56 991
57 206
57 880
58 782
59 111
59 304
59 732
59 784
60 299
60 439
60 536
60 672
60 679
60 776
60 943
61 352
61 514
61 839
61 856
62 406
62 604
63 391
63 576
63 611
63 714
64 135
65 144
65 200
65 251
65 671
65 815
65 933
66 696
66 768
66 790
67 365
67 671
68 261
68 285
68 338
68 406
68 725
68 736
68 955
69 110
69 210
69 223
69 364
69 398
69 459
70 95
70 275
70 339
70 435
70 471
70 514
70 801
71 161
71 573
71 923
72 305
72 997
73 431
73 562
73 610
73 830
73 970
74 155
74 228
74 575
74 602
74 657
74 729
74 811
75 366
75 675
75 916
77 213
77 482
77 592
77 621
78 133
78 398
78 560
78 588
78 670
78 727
78 763
78 906
79 259
80 242
81 221
81 286
81 328
81 365
81 439
81 497
81 560
81 669
81 947
82 217
82 246
82 395
83 128
83 339
83 478
83 721
84 135
84 196
84 644
84 982
85 376
85 770
85 873
85 881
85 992
86 113
86 308
86 701
86 865
87 556
87 629
87 636
87 754
88 113
88 491
89 564
89 855
90 206
90 509
91 321
91 513
91 549
91 618
91 701
91 837
92 403
92 405
92 534
92 541
93 482
93 574
93 764
94 204
94 510
94 547
94 836
94 882
95 466
95 543
95 750
95 944
96 157
96 256
96 267
96 806
96 867
97 341
97 378
97 548
98 148
98 238
98 512
98 621
98 982
99 319
99 636
99 646
100 156
100 654
100 705
100 908
100 998
101 320
101 541
101 831
102 651
102 876
103 265
103 279
103 562
103 942
104 152
104 196
104 289
104 374
104 481
104 490
104 638
105 217
105 725
105 749
106 135
106 598
106 739
106 994
107 448
107 613
107 708
107 735
107 736
107 788
108 460
108 628
108 880
109 581
109 746
110 123
110 435
110 519
110 644
111 769
111 801
112 164
112 298
112 856
113 182
113 410
114 151
114 453
114 842
114 866
115 154
116 291
116 363
116 446
116 872
116 973
117 305
117 649
118 508
118 582
118 587
118 731
119 160
119 210
119 227
119 246
119 277
119 860
120 177
120 551
120 730
120 828
121 443
121 842
121 986
122 216
122 217
122 355
122 686
122 746
123 482
124 222
124 244
124 302
124 472
124 859
125 324
125 371
125 402
125 410
125 708
125 778
126 506
127 504
127 722
127 812
128 313
128 424
129 145
129 311
129 364
129 691
131 138
132 251
132 270
132 401
132 472
132 621
132 949
133 650
133 984
134 233
134 290
135 415
135 749
136 429
136 502
136 827
136 933
136 944
137 147
137 295
137 374
137 477
138 248
138 319
138 590
138 603
138 742
138 785
139 373
139 492
139 821
139 989
140 149
140 873
141 577
141 917
142 305
142 890
142 966
143 414
143 474
143 505
143 675
143 873
144 681
145 317
145 524
145 937
146 829
146 885
147 195
147 246
147 345
147 420
147 426
147 495
147 622
147 642
149 382
149 471
149 559
149 719
149 855
150 154
150 666
150 759
150 953
151 218
151 344
151 366
151 595
151 611
151 649
151 727
152 652
152 774
153 514
153 564
153 588
153 676
153 989
154 748
154 947
154 988
155 390
155 509
155 794
156 209
156 294
156 566
156 579
156 747
156 931
157 338
157 766
157 828
157 996
158 737
158 738
159 434
159 519
159 682
159 993
160 167
160 425
160 764
160 868
161 250
161 554
161 698
161 851
162 167
162 936
163 213
163 249
163 347
163 563
163 898
164 278
164 601
164 969
165 523
165 837
166 479
166 700
166 895
167 346
167 363
167 638
168 187
168 547
168 772
169 374
169 721
169 880
169 915
170 401
170 435
170 595
170 798
171 444
171 767
171 931
172 258
172 400
172 603
172 871
172 879
172 981
173 224
173 350
173 382
173 426
173 835
173 958
174 300
174 658
174 993
175 737
176 269
176 311
176 369
176 725
177 208
177 536
177 624
178 364
178 685
178 686
178 793
178 940
179 190
179 939
180 191
180 380
180 411
180 501
181 378
181 617
181 667
181 866
182 345
182 515
183 313
183 457
183 610
183 692
184 232
184 724
185 839
186 342
186 416
186 638
186 995
187 541
187 831
187 894
187 974
188 437
188 532
189 497
189 595
190 208
190 326
190 471
190 773
190 871
190 999
191 271
191 316
191 580
191 710
192 538
192 592
192 717
192 760
192 806
192 842
193 205
193 222
193 414
193 533
193 621
194 267
194 519
194 520
194 706
194 746
194 943
194 977
195 309
195 310
195 441
196 270
197 438
197 454
197 811
198 250
198 311
198 566
198 923
199 446
199 915
200 419
200 434
200 527
200 730
201 338
201 355
201 545
201 563
202 325
202 492
202 626
203 516
203 711
204 947
205 255
205 955
206 327
206 653
206 865
206 900
207 235
207 768
208 441
208 528
208 639
208 810
208 877
208 887
209 629
209 697
209 903
210 249
210 329
210 385
211 590
212 659
212 937
213 461
213 975
214 677
215 428
215 563
215 707
215 915
216 370
216 490
216 505
216 658
216 668
216 825
217 284
217 479
217 803
218 348
219 412
219 678
219 686
219 810
219 965
220 248
220 331
220 482
220 526
220 772
220 782
221 418
221 639
222 563
223 257
223 425
223 444
223 553
223 610
223 625
223 723
223 727
224 319
224 387
224 414
224 464
224 477
224 923
225 428
225 575
225 847
226 372
226 735
227 239
227 379
227 735
228 741
228 764
228 969
229 275
229 337
229 506
229 541
229 595
229 872
230 374
230 771
231 410
231 438
231 740
231 909
232 566
233 586
233 768
233 924
234 272
234 650
235 560
236 680
236 974
237 462
237 500
237 737
238 322
238 380
238 407
238 721
238 743
239 576
240 246
240 368
240 461
241 692
242 388
242 439
242 572
242 865
243 401
243 859
244 423
244 531
244 707
244 837
244 876
245 510
245 599
245 944
245 979
246 738
246 753
246 796
246 884
246 913
247 378
248 569
248 913
248 960
249 521
249 876
250 463
250 836
250 869
250 953
251 305
251 405
251 430
251 473
251 565
251 576
252 513
252 557
252 627
252 811
253 573
253 621
253 832
254 468
254 492
254 533
254 732
254 908
255 294
255 530
255 563
255 771
256 494
256 502
256 530
256 950
257 296
257 372
257 568
257 736
257 796
257 806
257 950
258 342
258 663
258 673
259 830
259 902
260 647
261 315
261 550
261 942
262 711
262 933
262 952
263 405
263 562
263 921
263 926
263 950
265 593
265 678
265 781
265 901
266 594
266 779
267 410
267 752
267 791
267 807
268 344
268 432
268 502
268 912
269 584
269 788
270 506
270 874
270 964
271 343
271 650
273 319
273 767
273 930
274 452
274 636
274 648
274 820
275 820
276 513
276 975
277 338
277 540
277 655
278 331
278 680
278 996
279 338
279 594
280 447
280 635
280 998
281 832
281 858
281 875
281 900
282 697
282 753
283 332
283 464
283 721
283 907
284 698
284 805
285 450
285 548
286 460
286 935
287 683
287 739
288 366
288 705
288 730
288 963
289 368
289 597
289 807
290 375
291 550
291 844
291 899
291 928
291 996
293 304
293 473
293 565
293 657
294 721
294 880
294 891
295 354
295 584
295 921
296 346
296 415
297 536
297 673
297 687
297 726
297 840
297 897
298 988
299 357
299 658
299 708
299 797
299 951
300 678
300 757
300 915
300 928
301 335
301 372
301 460
301 608
301 771
301 803
302 567
303 389
303 496
303 503
303 550
303 592
303 631
303 946
304 411
304 412
305 393
305 495
305 575
305 588
305 624
305 629
306 543
306 838
306 886
307 551
307 925
308 742
308 931
309 455
310 320
310 353
311 957
312 386
312 504
312 652
312 743
312 750
313 344
313 379
313 777
314 401
314 611
314 714
314 903
314 929
315 437
315 661
316 597
316 921
317 678
317 743
317 851
318 367
318 432
318 467
318 535
318 650
318 765
318 897
318 961
319 698
320 799
320 834
320 860
320 915
321 462
321 507
321 739
321 882
322 456
322 639
323 564
323 606
323 762
323 829
323 889
323 995
324 661
325 415
326 415
326 438
326 799
326 805
327 473
328 536
329 989
330 577
331 340
331 657
331 784
331 903
331 906
332 727
333 490
333 697
333 767
333 872
333 890
333 927
334 760
337 473
337 997
338 770
338 959
339 378
339 789
340 493
340 570
340 761
341 386
341 430
341 604
341 697
343 385
343 413
343 585
343 841
344 444
344 653
345 434
345 505
345 520
345 548
346 482
346 784
346 956
347 430
347 535
347 557
347 567
347 826
348 528
348 611
349 489
349 757
350 492
350 535
350 691
351 432
352 537
353 917
354 409
354 445
354 503
355 422
355 474
356 517
356 592
356 674
356 738
357 931
357 933
357 954
358 450
358 755
359 506
359 517
359 525
359 654
360 655
360 722
360 778
360 807
360 873
361 641
361 847
362 634
363 504
363 521
363 544
363 664
365 872
366 442
366 524
366 758
366 900
369 617
369 844
369 901
370 499
371 644
371 898
372 585
374 650
374 756
374 988
375 889
376 968
377 871
377 893
378 559
378 696
378 972
379 797
380 607
380 745
380 949
380 980
381 534
381 708
381 720
382 477
382 743
382 816
383 685
383 747
383 891
384 648
384 836
384 973
385 772
386 548
386 660
386 737
387 429
387 794
387 894
388 419
388 499
388 502
388 727
388 890
389 466
389 619
389 669
389 859
389 912
389 928
389 954
390 391
390 559
390 625
392 417
392 441
392 742
393 575
393 754
394 663
394 791
395 624
395 796
395 867
396 695
396 787
396 941
397 445
397 634
397 865
397 984
398 501
398 585
398 630
398 657
399 694
400 771
401 567
401 589
401 893
402 798
402 806
402 890
404 825
405 552
405 709
405 888
406 415
406 692
406 821
407 435
407 695
407 701
407 946
408 435
408 582
408 874
409 420
409 590
409 666
409 793
410 648
411 847
411 906
412 600
412 847
412 902
413 607
414 445
414 798
414 882
414 935
415 544
415 545
415 633
415 797
415 824
417 505
417 511
417 748
418 649
418 811
418 826
419 714
420 754
421 444
421 895
422 715
422 935
423 500
423 648
423 723
424 521
427 458
427 620
428 598
428 636
428 769
428 811
428 925
429 606
429 672
430 769
431 718
432 666
432 770
432 812
432 982
433 610
433 994
434 478
434 711
434 948
436 547
437 778
438 599
438 842
438 857
439 488
439 490
440 909
441 661
442 795
443 476
443 574
443 665
443 783
443 784
443 836
444 643
444 718
444 902
444 986
445 543
445 687
445 702
445 819
447 481
447 511
447 589
447 612
451 523
451 662
451 666
451 960
452 674
452 934
453 702
454 698
455 613
455 963
456 533
456 681
457 624
457 814
458 654
459 894
461 705
461 725
462 504
462 779
462 939
463 483
463 599
463 830
464 798
464 866
464 871
464 982
465 643
465 684
465 837
466 699
466 835
466 986
468 714
468 737
468 796
468 909
468 924
469 710
469 894
471 571
471 607
471 716
471 795
472 721
472 749
472 960
473 658
474 581
474 629
474 864
474 894
476 491
477 660
478 481
478 574
478 583
478 588
478 641
481 752
482 749
483 506
483 940
483 978
484 759
484 776
484 959
484 986
485 583
485 612
486 536
486 564
486 569
487 831
487 938
488 932
489 754
489 968
491 682
491 820
491 950
492 994
492 996
493 545
493 686
493 750
493 983
496 675
497 607
497 696
497 867
497 966
498 540
499 809
500 811
500 837
500 957
500 965
501 959
502 682
502 805
503 541
503 634
503 837
504 573
505 546
506 528
506 608
507 680
507 752
507 800
508 636
508 790
508 820
509 560
509 698
509 719
509 741
509 968
510 675
510 837
511 528
511 959
511 982
512 568
512 675
512 731
514 631
514 633
514 804
514 978
515 520
515 642
515 937
515 939
515 953
516 815
516 961
516 994
517 660
517 922
518 629
519 766
519 777
520 660
521 843
523 741
523 777
524 532
524 985
525 540
525 709
525 718
526 907
527 633
527 858
529 543
531 763
531 843
532 659
532 720
532 756
532 817
534 611
534 655
535 584
535 599
535 665
536 787
537 604
537 729
537 924
538 849
539 688
539 849
539 858
539 949
539 973
540 577
540 832
541 853
542 751
542 879
542 953
543 640
543 671
543 718
543 981
543 997
545 675
545 776
545 800
546 584
546 744
546 799
546 971
548 860
549 720
550 761
551 633
552 822
554 580
554 763
555 871
556 744
557 893
557 969
558 964
559 824
560 677
560 744
560 912
561 675
561 746
561 788
561 818
562 572
562 832
564 659
564 662
564 755
564 850
565 775
565 903
567 707
568 858
569 677
569 998
570 808
570 869
570 936
570 942
571 650
571 820
572 648
573 738
573 744
573 982
574 633
574 927
575 718
575 836
575 923
575 932
576 657
577 763
578 848
578 944
580 719
580 929
581 712
581 744
581 773
581 780
581 893
582 774
582 786
582 833
582 994
583 613
583 627
583 651
583 790
583 911
584 709
584 844
586 966
587 637
588 599
588 636
588 984
589 670
589 796
589 951
591 808
591 813
591 814
592 711
592 863
592 958
593 680
593 900
594 788
594 854
594 892
596 634
597 868
599 665
601 627
601 942
602 690
603 973
604 613
604 881
607 619
607 713
607 982
608 712
609 700
609 907
611 925
612 794
612 851
612 885
614 895
615 921
616 694
616 714
616 798
616 911
617 660
618 759
618 887
619 732
619 866
621 688
621 758
621 927
622 930
623 740
625 817
626 710
626 868
628 778
629 935
630 685
630 693
630 727
631 659
631 824
632 726
634 661
634 920
634 989
635 841
635 958
636 673
637 650
639 654
639 681
639 690
639 882
639 923
639 994
640 726
640 745
640 756
642 716
642 800
642 987
642 990
645 985
646 713
646 827
646 900
647 685
647 737
647 981
648 755
648 992
649 872
650 849
650 891
651 688
651 790
651 898
653 957
654 819
654 972
655 947
655 980
658 728
658 943
659 952
661 778
661 840
661 854
661 986
662 726
662 821
662 916
663 780
663 873
665 865
665 962
666 991
667 784
667 837
667 862
668 772
668 798
668 800
668 910
668 918
669 762
670 994
671 925
672 698
672 974
673 731
674 828
675 948
676 865
677 718
677 983
678 814
678 817
679 709
681 824
681 951
683 685
684 688
684 772
685 815
687 988
688 789
688 850
689 841
689 965
690 750
690 870
690 997
692 701
692 949
693 800
694 701
697 863
697 885
697 951
699 819
699 861
700 899
700 960
701 750
701 948
703 974
704 951
705 977
706 968
708 711
708 747
708 898
708 932
709 844
709 979
710 855
711 733
711 779
712 796
712 853
712 918
718 834
718 960
719 769
723 930
724 786
728 738
728 935
728 950
729 880
729 970
730 814
730 858
731 945
733 774
734 933
736 820
736 832
738 801
740 958
741 745
741 854
742 775
743 771
743 783
743 946
744 828
744 958
745 880
745 900
746 768
746 928
747 764
747 797
748 750
748 912
748 936
749 969
749 976
750 920
750 961
750 975
752 765
752 805
754 996
755 936
758 787
758 893
759 892
760 772
760 790
760 904
765 903
766 874
767 881
769 929
770 943
771 825
771 980
772 957
775 884
776 908
780 859
781 950
781 999
782 907
784 884
784 926
787 911
787 921
787 955
788 885
788 917
788 954
788 999
789 967
790 967
792 799
792 971
793 973
796 947
796 975
797 810
799 880
800 872
800 904
800 907
801 851
801 910
805 952
807 837
807 909
808 871
808 980
809 958
810 871
811 850
812 825
812 892
813 900
814 830
814 972
815 851
816 886
818 890
820 918
820 964
821 926
821 986
822 892
823 926
824 865
824 901
826 876
826 880
826 921
829 879
830 848
831 961
833 902
833 944
835 870
836 877
838 865
838 871
838 937
839 869
840 946
840 973
841 985
842 850
842 974
844 961
848 857
849 907
850 945
851 883
856 875
861 901
863 951
864 877
868 981
869 949
872 934
876 924
879 886
879 902
879 940
884 927
885 934
886 907
887 980
889 941
891 895
902 933
906 960
912 921
915 940
917 950
921 968
928 985
932 965
932 971
937 965
943 951
951 953
960 966
963 967
964 997
967 976
970 985
973 974
975 992
978 994
982 990
