0 44
1 2
1 45
2 3
3 4
3 47
4 5
4 48
5 6
5 49
6 7
6 50
7 8
7 51
8 9
9 10
10 54
11 12
12 56
13 14
13 57
14 58
15 16
16 17
16 60
17 61
18 19
19 20
20 21
20 64
21 22
21 65
23 24
26 27
26 70
27 28
27 71
28 29
29 30
30 31
30 74
31 32
32 33
32 76
37 38
37 81
39 40
40 84
41 42
41 85
42 86
43 87
44 88
45 46
45 89
46 90
47 48
47 91
50 94
51 95
52 53
53 54
54 98
55 99
56 57
56 100
57 58
57 101
58 59
58 102
59 60
59 103
60 61
60 104
61 62
62 63
63 64
63 107
64 65
64 108
65 66
65 109
66 110
67 111
68 69
69 70
69 113
70 71
71 72
72 73
74 75
74 118
75 76
75 119
77 78
77 121
78 79
78 122
79 123
80 81
81 125
82 83
83 127
84 85
85 129
86 130
87 131
88 89
88 132
89 90
89 133
90 91
91 135
93 94
94 95
94 138
95 139
97 98
98 99
98 142
100 101
100 144
101 102
101 145
102 146
103 104
103 147
104 105
105 106
107 108
107 151
108 109
108 152
109 110
109 153
110 111
111 112
112 113
113 114
114 115
115 159
117 161
118 119
120 121
120 164
121 122
121 165
122 166
123 167
125 169
126 170
127 171
128 172
129 130
129 173
130 131
131 175
132 176
133 134
133 177
134 135
135 136
136 137
136 180
137 138
138 182
139 140
140 184
141 142
142 186
144 145
144 188
145 146
146 147
146 190
147 191
148 149
148 192
149 150
150 151
150 194
151 152
151 195
152 196
153 154
154 155
154 198
155 156
155 199
156 157
157 158
158 202
159 203
160 204
162 163
163 164
164 165
165 209
166 210
167 168
167 211
168 169
168 212
170 171
170 214
172 173
172 216
174 175
175 219
176 220
177 178
178 179
178 222
181 225
182 183
182 226
183 184
184 228
185 186
185 229
186 230
187 188
187 231
188 189
188 232
189 190
189 233
190 191
190 234
191 235
192 236
193 194
193 237
194 195
195 196
195 239
196 197
196 240
197 198
198 199
199 200
199 243
200 201
201 202
202 203
202 246
203 204
203 247
204 205
204 248
205 206
206 250
207 208
207 251
208 209
208 252
209 253
210 211
211 255
212 213
212 256
213 214
213 257
214 215
215 216
215 259
216 217
216 260
218 219
219 263
220 264
221 222
222 223
223 267
224 225
224 268
225 226
225 269
226 270
227 228
227 271
228 229
228 272
229 230
229 273
230 231
231 232
232 276
233 234
234 235
234 278
236 237
236 280
237 281
239 240
240 241
240 284
241 242
241 285
242 243
242 286
243 244
243 287
244 245
245 246
245 289
246 247
246 290
247 248
247 291
248 249
248 292
250 251
252 253
252 296
253 297
256 300
257 258
257 301
258 259
260 304
261 262
262 263
262 306
263 307
264 308
265 266
266 310
267 311
268 269
270 271
270 314
271 272
272 273
273 274
273 317
274 275
275 276
275 319
276 320
277 278
277 321
278 279
278 322
279 323
280 324
281 282
282 326
283 284
283 327
285 286
285 329
286 287
288 289
289 290
289 333
290 291
291 335
292 293
294 295
296 297
296 340
299 300
299 343
300 301
301 345
302 303
302 346
303 304
303 347
304 348
305 306
305 349
307 351
308 352
310 311
311 312
312 313
312 356
313 314
313 357
315 359
316 360
317 318
317 361
318 319
318 362
319 363
320 364
322 323
323 324
324 325
324 368
325 369
326 327
326 370
327 371
328 329
328 372
330 331
330 374
331 332
331 375
332 333
332 376
333 377
334 378
335 336
336 380
337 381
338 339
339 340
339 383
340 384
341 342
341 385
342 343
343 344
344 345
345 346
346 390
347 348
348 392
349 393
350 351
351 395
352 353
353 354
354 355
354 398
355 356
355 399
356 400
357 358
358 402
360 361
361 362
361 405
362 406
364 365
364 408
365 366
366 367
366 410
367 411
368 369
368 412
369 370
369 413
370 371
372 416
374 375
374 418
375 419
376 420
377 378
377 421
378 379
378 422
379 423
380 381
381 382
381 425
382 383
382 426
383 427
385 386
386 430
387 388
387 431
388 389
389 433
390 391
390 434
391 392
391 435
392 393
392 436
393 394
394 395
400 444
402 403
403 404
405 406
405 449
406 450
410 454
411 455
412 413
412 456
413 414
413 457
414 415
414 458
415 416
415 459
416 460
417 418
418 419
418 462
419 420
419 463
421 465
422 423
422 466
423 467
426 470
427 428
427 471
428 429
428 472
430 474
431 432
431 475
432 433
432 476
435 436
435 479
436 480
438 439
438 482
439 483
440 441
440 484
441 442
442 443
443 444
444 488
445 446
445 489
446 447
446 490
448 449
449 493
451 452
451 495
452 453
453 497
454 455
454 498
455 499
456 500
457 458
457 501
458 502
459 503
460 461
460 504
461 505
462 506
463 464
464 465
464 508
465 466
465 509
466 467
467 468
467 511
471 472
471 515
472 516
473 474
473 517
474 475
475 476
475 519
476 477
477 478
477 521
478 479
478 522
479 523
480 481
482 483
483 527
484 485
484 528
486 487
487 531
488 489
488 532
489 533
490 534
492 493
492 536
493 494
494 538
495 496
495 539
496 540
497 498
498 499
498 542
499 543
500 501
501 502
503 504
503 547
504 505
505 506
505 549
506 550
507 551
508 509
508 552
509 510
509 553
512 513
513 514
513 557
515 516
515 559
516 560
517 518
517 561
519 520
519 563
520 521
520 564
521 522
522 523
522 566
523 567
524 525
524 568
526 570
530 531
530 574
531 532
531 575
532 533
532 576
533 577
535 536
536 537
536 580
537 538
537 581
538 539
539 540
540 584
541 585
542 543
542 586
543 587
544 545
544 588
546 590
548 549
548 592
549 550
549 593
550 551
550 594
552 553
552 596
553 554
553 597
554 555
555 556
557 558
558 559
559 560
560 561
560 604
561 562
562 563
562 606
563 564
564 565
565 566
565 609
566 610
569 570
570 571
570 614
572 573
572 616
573 574
574 575
574 618
575 576
575 619
576 577
577 578
577 621
578 579
580 581
581 582
582 583
583 584
584 628
586 587
587 631
588 589
588 632
589 633
590 591
590 634
591 635
592 593
593 594
593 637
594 595
594 638
597 641
598 642
599 643
600 644
601 602
601 645
602 603
602 646
603 604
603 647
604 605
605 606
605 649
606 607
606 650
609 610
609 653
610 611
610 654
611 612
613 614
613 657
614 658
615 659
616 660
617 661
618 619
619 620
620 621
620 664
621 622
622 623
622 666
623 624
624 625
625 626
626 627
626 670
627 671
628 629
629 673
630 631
631 632
631 675
632 676
634 678
635 636
635 679
636 637
637 638
639 640
639 683
641 642
641 685
642 643
642 686
643 687
644 645
645 689
646 647
646 690
647 691
648 649
648 692
650 651
651 695
652 653
653 697
654 655
655 656
655 699
656 700
657 658
658 659
659 703
660 704
662 663
662 706
663 707
664 665
664 708
665 709
666 667
666 710
667 668
667 711
669 670
669 713
670 671
671 715
672 716
673 674
673 717
675 676
676 720
678 679
678 722
679 723
680 681
680 724
681 682
681 725
682 726
683 684
684 685
685 729
686 687
686 730
687 731
688 689
690 734
691 692
692 693
694 695
695 696
697 698
697 741
699 700
699 743
702 703
702 746
703 747
704 705
704 748
706 707
707 708
707 751
708 709
709 753
710 711
710 754
713 714
714 715
714 758
715 759
716 760
717 718
717 761
719 720
720 764
721 722
721 765
723 724
723 767
724 725
725 726
725 769
726 727
726 770
727 728
727 771
728 729
729 730
729 773
730 731
731 732
731 775
732 776
733 777
734 735
734 778
735 736
736 780
738 739
739 783
740 784
741 742
742 743
743 744
743 787
744 788
745 746
745 789
746 747
747 791
748 749
748 792
749 750
749 793
750 751
750 794
751 752
751 795
753 754
754 798
755 756
755 799
756 757
756 800
757 758
758 802
759 803
760 804
762 763
762 806
764 765
764 808
765 766
766 810
767 811
768 812
769 770
770 814
771 772
772 773
774 818
775 819
776 820
777 778
778 779
778 822
779 780
779 823
780 781
781 782
781 825
782 783
783 784
784 785
785 786
786 787
787 788
787 831
788 789
790 791
792 793
792 836
794 838
795 796
796 840
797 841
798 842
799 800
800 801
801 802
801 845
802 846
804 805
805 806
805 849
806 807
807 808
807 851
808 852
809 853
810 811
811 812
811 855
812 856
813 814
813 857
814 815
816 860
817 818
818 862
819 820
821 822
821 865
822 823
822 866
823 867
824 868
825 826
826 827
827 828
827 871
828 829
828 872
829 873
831 875
832 833
832 876
833 834
834 878
835 879
836 837
836 880
837 881
838 882
839 840
839 883
840 884
842 886
843 844
843 887
844 845
844 888
845 889
846 890
847 848
847 891
848 849
851 852
852 896
853 897
854 855
854 898
855 856
855 899
856 900
857 901
858 859
858 902
859 903
860 904
861 862
862 863
863 864
864 908
867 868
867 911
868 869
869 870
870 871
872 916
873 874
873 917
874 918
875 876
875 919
876 877
876 920
877 878
878 879
878 922
879 923
880 881
881 882
881 925
882 883
883 884
884 928
885 886
886 887
886 930
887 888
888 889
888 932
889 890
889 933
890 934
891 935
892 893
892 936
893 894
893 937
894 938
895 896
896 897
897 898
897 941
898 899
898 942
899 943
900 901
900 944
901 902
901 945
902 903
902 946
903 947
904 948
906 950
907 908
907 951
908 909
909 953
910 911
910 954
911 912
911 955
912 913
912 956
913 914
914 915
914 958
915 916
915 959
916 917
917 961
918 919
918 962
919 920
919 963
921 922
922 923
922 966
924 968
925 969
926 927
927 971
928 929
928 972
929 930
929 973
930 931
930 974
931 932
932 933
932 976
933 934
935 936
936 980
938 939
938 982
939 940
939 983
940 941
941 985
942 943
944 945
944 988
946 947
946 990
947 948
948 949
949 950
949 993
951 995
952 953
952 996
953 954
954 998
955 956
956 957
957 958
957 1001
958 959
959 960
959 1003
960 961
960 1004
961 962
962 1006
963 964
963 1007
964 1008
965 1009
966 1010
968 1012
971 972
971 1015
972 973
972 1016
973 974
974 1018
975 976
975 1019
976 977
976 1020
977 978
977 1021
978 979
979 980
979 1023
980 1024
982 1026
984 985
984 1028
985 986
986 987
986 1030
987 988
987 1031
988 989
988 1032
989 1033
990 991
990 1034
991 1035
992 993
992 1036
993 994
993 1037
994 995
994 1038
995 1039
997 998
997 1041
998 1042
999 1000
999 1043
1000 1044
1001 1002
1002 1046
1003 1047
1007 1051
1008 1052
1009 1010
1010 1011
1011 1055
1013 1057
1014 1015
1014 1058
1015 1016
1015 1059
1017 1061
1018 1019
1019 1020
1019 1063
1020 1021
1020 1064
1021 1022
1021 1065
1022 1023
1022 1066
1024 1025
1024 1068
1025 1026
1025 1069
1026 1027
1027 1028
1028 1029
1028 1072
1029 1073
1030 1074
1032 1033
1033 1077
1034 1035
1035 1036
1035 1079
1036 1080
1037 1038
1037 1081
1038 1039
1038 1082
1039 1040
1040 1041
1041 1042
1041 1085
1042 1086
1043 1087
1044 1088
1045 1089
1046 1047
1046 1090
1047 1048
1048 1092
1049 1093
1051 1095
1052 1053
1052 1096
1054 1098
1056 1057
1056 1100
1057 1101
1058 1059
1058 1102
1059 1060
1060 1061
1060 1104
1061 1062
1062 1063
1062 1106
1063 1064
1064 1065
1065 1066
1066 1067
1066 1110
1067 1068
1067 1111
1068 1069
1068 1112
1069 1070
1069 1113
1070 1114
1071 1115
1072 1073
1072 1116
1073 1074
1074 1075
1076 1120
1078 1079
1079 1080
1080 1081
1080 1124
1081 1082
1082 1083
1083 1127
1084 1085
1084 1128
1085 1086
1086 1087
1086 1130
1087 1088
1087 1131
1088 1132
1089 1090
1090 1091
1090 1134
1091 1092
1091 1135
1092 1093
1092 1136
1094 1138
1095 1096
1095 1139
1096 1097
1097 1098
1097 1141
1098 1099
1098 1142
1099 1143
1100 1101
1101 1145
1102 1103
1102 1146
1103 1147
1104 1105
1104 1148
1107 1108
1107 1151
1110 1111
1110 1154
1111 1112
1112 1113
1113 1114
1113 1157
1114 1115
1114 1158
1116 1117
1116 1160
1117 1161
1118 1119
1118 1162
1119 1120
1119 1163
1120 1121
1120 1164
1121 1122
1122 1123
1125 1126
1125 1169
1126 1127
1126 1170
1128 1129
1129 1130
1129 1173
1130 1174
1131 1132
1132 1133
1132 1176
1133 1134
1133 1177
1134 1135
1134 1178
1135 1179
1136 1137
1136 1180
1137 1181
1138 1139
1138 1182
1139 1140
1139 1183
1140 1141
1144 1188
1146 1147
1146 1190
1147 1148
1148 1149
1148 1192
1149 1150
1149 1193
1150 1151
1150 1194
1151 1152
1151 1195
1152 1196
1153 1154
1154 1198
1155 1199
1156 1157
1157 1158
1158 1202
1159 1160
1160 1161
1160 1204
1162 1163
1163 1207
1164 1165
1164 1208
1165 1166
1165 1209
1166 1167
1167 1168
1167 1211
1168 1169
1168 1212
1169 1213
1170 1171
1170 1214
1171 1172
1173 1174
1173 1217
1174 1175
1175 1176
1177 1178
1177 1221
1178 1222
1180 1224
1181 1182
1181 1225
1182 1183
1182 1226
1183 1227
1184 1185
1185 1186
1185 1229
1188 1189
1188 1232
1189 1190
1189 1233
1190 1191
1191 1192
1192 1236
1193 1237
1194 1238
1195 1239
1198 1242
1199 1200
1200 1201
1200 1244
1201 1245
1202 1203
1202 1246
1203 1247
1204 1205
1204 1248
1205 1206
1205 1249
1206 1207
1207 1251
1209 1210
1210 1211
1210 1254
1211 1255
1212 1256
1214 1258
1215 1216
1215 1259
1216 1260
1217 1261
1219 1220
1219 1263
1220 1221
1220 1264
1221 1265
1222 1223
1222 1266
1224 1225
1225 1226
1225 1269
1226 1227
1227 1228
1227 1271
1228 1229
1229 1273
1230 1231
1232 1233
1232 1276
1233 1277
1235 1279
1236 1280
1237 1281
1238 1239
1238 1282
1239 1283
1240 1241
1241 1242
1242 1243
1243 1287
1244 1288
1245 1289
1247 1248
1248 1249
1248 1292
1249 1293
1251 1252
1251 1295
1252 1253
1253 1254
1253 1297
1256 1300
1257 1301
1258 1302
1259 1303
1261 1262
1262 1263
1262 1306
1263 1264
1264 1308
1265 1266
1265 1309
1266 1267
1266 1310
1267 1268
1269 1313
1270 1271
1270 1314
1272 1273
1272 1316
1273 1274
1273 1317
1274 1318
1276 1277
1276 1320
1277 1278
1278 1322
1279 1280
1280 1281
1280 1324
1281 1282
1283 1327
1284 1285
1285 1286
1286 1287
1286 1330
1287 1288
1287 1331
1290 1291
1290 1334
1292 1293
1293 1294
1293 1337
1294 1295
1295 1339
1296 1297
1296 1340
1297 1341
1298 1299
1299 1300
1299 1343
1300 1344
1302 1303
1303 1347
1305 1306
1305 1349
1306 1350
1308 1309
1309 1310
1309 1353
1310 1311
1311 1355
1312 1313
1314 1315
1314 1358
1315 1316
1315 1359
1316 1317
1316 1360
1317 1361
1318 1362
1319 1363
1320 1364
1321 1322
1322 1323
1322 1366
1323 1324
1323 1367
1324 1325
1324 1368
1325 1326
1325 1369
1326 1327
1326 1370
1327 1328
1329 1373
1330 1374
1331 1332
1331 1375
1332 1333
1334 1335
1334 1378
1335 1336
1336 1380
1337 1381
1338 1339
1339 1383
1340 1341
1340 1384
1341 1385
1342 1343
1343 1344
1343 1387
1344 1345
1346 1347
1347 1391
1348 1392
1349 1350
1349 1393
1350 1394
1351 1352
1351 1395
1352 1353
1352 1396
1353 1397
1354 1355
1354 1398
1355 1399
1356 1357
1357 1358
1357 1401
1358 1359
1358 1402
1360 1361
1361 1362
1364 1365
1365 1409
1366 1367
1366 1410
1367 1368
1368 1369
1370 1371
1370 1414
1372 1373
1373 1374
1373 1417
1374 1375
1375 1376
1376 1377
1377 1378
1377 1421
1378 1422
1380 1424
1381 1425
1384 1385
1384 1428
1385 1386
1386 1387
1387 1388
1387 1431
1388 1389
1389 1390
1389 1433
1390 1391
1391 1392
1392 1393
1393 1394
1393 1437
1394 1438
1395 1396
1395 1439
1397 1441
1398 1399
1398 1442
1400 1401
1400 1444
1401 1445
1402 1403
1403 1447
1404 1448
1405 1406
1405 1449
1406 1450
1407 1451
1408 1409
1408 1452
1409 1410
1410 1411
1410 1454
1411 1412
1411 1455
1412 1456
1413 1457
1414 1415
1414 1458
1415 1416
1415 1459
1416 1460
1418 1419
1419 1463
1420 1421
1420 1464
1421 1422
1421 1465
1424 1425
1424 1468
1425 1469
1426 1470
1427 1428
1427 1471
1428 1472
1429 1430
1430 1431
1430 1474
1431 1475
1432 1433
1432 1476
1433 1434
1433 1477
1434 1435
1435 1479
1436 1437
1436 1480
1437 1438
1438 1482
1439 1483
1440 1484
1441 1442
1441 1485
1442 1486
1443 1444
1444 1445
1444 1488
1445 1446
1445 1489
1446 1447
1446 1490
1448 1492
1449 1493
1450 1494
1452 1496
1454 1455
1454 1498
1455 1456
1457 1501
1458 1459
1458 1502
1459 1460
1459 1503
1460 1504
1461 1462
1462 1506
1463 1507
1465 1466
1466 1467
1466 1510
1467 1468
1467 1511
1468 1512
1469 1470
1469 1513
1470 1514
1471 1472
1471 1515
1473 1474
1474 1475
1474 1518
1475 1519
1477 1478
1478 1522
1479 1523
1480 1481
1480 1524
1481 1525
1482 1526
1483 1527
1484 1485
1485 1529
1488 1489
1489 1490
1489 1533
1490 1534
1491 1492
1491 1535
1492 1493
1492 1536
1495 1539
1497 1498
1497 1541
1498 1542
1499 1500
1499 1543
1500 1544
1501 1545
1502 1503
1502 1546
1503 1504
1505 1506
1507 1508
1508 1509
1509 1510
1509 1553
1510 1511
1510 1554
1511 1512
1511 1555
1512 1513
1512 1556
1513 1557
1514 1558
1515 1516
1516 1517
1516 1560
1517 1518
1517 1561
1518 1519
1518 1562
1519 1520
1519 1563
1520 1564
1521 1565
1522 1566
1523 1524
1524 1525
1525 1526
1525 1569
1526 1527
1527 1528
1528 1529
1528 1572
1529 1573
1530 1531
1530 1574
1531 1575
1532 1533
1532 1576
1533 1534
1533 1577
1534 1578
1535 1536
1535 1579
1536 1537
1536 1580
1538 1539
1543 1544
1543 1587
1545 1546
1545 1589
1546 1547
1547 1548
1547 1591
1548 1549
1548 1592
1549 1550
1550 1551
1551 1552
1552 1596
1553 1554
1554 1598
1555 1556
1555 1599
1556 1557
1556 1600
1557 1558
1557 1601
1560 1561
1560 1604
1561 1562
1562 1606
1563 1607
1564 1565
1564 1608
1565 1566
1565 1609
1567 1568
1567 1611
1568 1569
1569 1570
1569 1613
1570 1571
1571 1615
1572 1573
1574 1618
1575 1619
1576 1577
1576 1620
1577 1621
1578 1622
1579 1580
1580 1624
1581 1582
1581 1625
1582 1626
1584 1585
1585 1586
1586 1587
1586 1630
1587 1631
1588 1589
1589 1633
1591 1592
1592 1593
1592 1636
1594 1638
1595 1596
1596 1597
1597 1598
1597 1641
1599 1643
1600 1644
1602 1603
1602 1646
1603 1604
1603 1647
1604 1605
1604 1648
1605 1606
1606 1607
1606 1650
1607 1608
1607 1651
1609 1610
1610 1654
1611 1612
1611 1655
1612 1656
1613 1614
1614 1615
1614 1658
1615 1616
1616 1617
1616 1660
1618 1619
1618 1662
1620 1664
1621 1665
1622 1623
1622 1666
1624 1625
1624 1668
1625 1669
1626 1627
1626 1670
1628 1629
1628 1672
1629 1630
1629 1673
1630 1631
1631 1675
1632 1633
1632 1676
1633 1677
1634 1678
1635 1679
1636 1637
1636 1680
1637 1638
1637 1681
1638 1639
1638 1682
1639 1683
1640 1641
1641 1642
1643 1644
1643 1687
1644 1645
1645 1646
1645 1689
1646 1647
1646 1690
1647 1648
1647 1691
1648 1649
1649 1693
1650 1651
1650 1694
1651 1652
1651 1695
1652 1653
1652 1696
1653 1697
1654 1655
1654 1698
1655 1656
1655 1699
1656 1700
1659 1703
1660 1704
1661 1662
1661 1705
1662 1663
1662 1706
1663 1664
1663 1707
1664 1708
1665 1709
1666 1667
1666 1710
1667 1668
1667 1711
1668 1669
1669 1670
1670 1714
1674 1675
1675 1719
1676 1720
1677 1721
1678 1722
1679 1680
1680 1681
1680 1724
1681 1682
1681 1725
1682 1726
1683 1684
1684 1685
1684 1728
1685 1686
1685 1729
1686 1730
1687 1688
1687 1731
1689 1690
1690 1691
1690 1734
1691 1692
1691 1735
1692 1736
1693 1694
1693 1737
1694 1695
1694 1738
1695 1696
1696 1697
1696 1740
1697 1741
1698 1699
1698 1742
1700 1701
1700 1744
1701 1702
1702 1746
1704 1705
1706 1707
1706 1750
1708 1752
1709 1710
1710 1711
1711 1712
1711 1755
1712 1713
1712 1756
1713 1714
1713 1757
1714 1715
1715 1759
1716 1760
1717 1718
1717 1761
1718 1719
1718 1762
1719 1720
1720 1764
1721 1722
1721 1765
1722 1723
1722 1766
1723 1767
1724 1725
1724 1768
1725 1726
1725 1769
1726 1727
1726 1770
1727 1728
1727 1771
1729 1773
1731 1775
1732 1733
1732 1776
1733 1734
1734 1778
1735 1736
1735 1779
1737 1781
1742 1743
1742 1786
1743 1744
1743 1787
1745 1746
1745 1789
1746 1747
1746 1790
1747 1748
1747 1791
1748 1749
1750 1751
1751 1752
1751 1795
1752 1796
1753 1754
1753 1797
1754 1755
1754 1798
1755 1756
1756 1757
1756 1800
1757 1801
1758 1802
1759 1803
1760 1761
1760 1804
1761 1762
1761 1805
1763 1764
1763 1807
1764 1765
1765 1766
1766 1810
1767 1768
1767 1811
1768 1769
1768 1812
1769 1813
1771 1772
1771 1815
1772 1773
1772 1816
1773 1774
1773 1817
1774 1775
1775 1776
1775 1819
1776 1777
1776 1820
1778 1779
1778 1822
1779 1780
1779 1823
1780 1781
1781 1782
1781 1825
1782 1783
1782 1826
1783 1784
1783 1827
1784 1828
1785 1786
1785 1829
1787 1788
1788 1789
1789 1790
1790 1791
1790 1834
1791 1792
1791 1835
1792 1793
1795 1796
1795 1839
1796 1797
1796 1840
1798 1799
1798 1842
1799 1843
1800 1801
1800 1844
1801 1845
1804 1805
1806 1807
1807 1851
1808 1809
1808 1852
1809 1810
1809 1853
1811 1812
1811 1855
1812 1813
1813 1814
1814 1815
1815 1816
1815 1859
1816 1817
1816 1860
1817 1818
1817 1861
1819 1820
1819 1863
1821 1865
1823 1824
1823 1867
1824 1825
1824 1868
1825 1826
1826 1827
1827 1828
1827 1871
1828 1829
1828 1872
1829 1830
1829 1873
1830 1874
1831 1832
1831 1875
1833 1877
1834 1835
1835 1836
1835 1879
1836 1837
1836 1880
1837 1838
1838 1839
1838 1882
1840 1841
1841 1885
1842 1843
1842 1886
1843 1844
1843 1887
1844 1845
1844 1888
1846 1847
1846 1890
1847 1891
1848 1849
1848 1892
1849 1893
1850 1851
1851 1852
1852 1853
1852 1896
1853 1854
1853 1897
1854 1855
1854 1898
1856 1857
1856 1900
1857 1901
1858 1859
1858 1902
1859 1860
1859 1903
1860 1904
1861 1905
1862 1863
1862 1906
1863 1864
1863 1907
1864 1865
1864 1908
1865 1866
1866 1910
1868 1869
1868 1912
1869 1870
1870 1871
1870 1914
1871 1915
1872 1873
1874 1875
1874 1918
1875 1919
1876 1920
1877 1878
1878 1922
1880 1881
1880 1924
1881 1882
1883 1884
1883 1927
1884 1928
1885 1886
1886 1887
1887 1888
1889 1890
1891 1935
1893 1894
1894 1895
1899 1900
1900 1901
1901 1902
1902 1903
1904 1905
1906 1907
1909 1910
1912 1913
1914 1915
1915 1916
1918 1919
1919 1920
1923 1924
1924 1925
1926 1927
1927 1928
1930 1931
1933 1934
