0 150
0 160
0 278
0 281
1 157
1 195
1 302
1 392
2 19
2 21
2 35
2 108
2 196
2 362
2 425
2 427
3 109
3 331
4 236
4 238
4 427
5 39
5 411
5 488
6 12
6 24
6 80
6 187
7 16
7 18
7 65
7 76
7 405
8 54
8 136
8 346
8 427
9 73
9 76
9 127
9 172
9 286
9 348
10 239
10 279
10 472
10 482
11 51
11 59
11 172
12 34
12 62
12 93
12 96
13 380
13 422
13 472
14 65
15 134
15 220
15 452
16 97
16 165
17 210
17 415
19 20
19 296
19 357
19 477
20 70
20 496
21 247
21 334
21 363
21 493
22 446
22 481
22 495
22 497
23 190
23 419
24 119
24 430
24 474
25 71
25 158
25 173
25 297
25 372
25 483
27 182
27 204
27 215
28 161
28 314
28 391
28 459
28 484
29 88
29 312
30 105
30 155
30 204
31 68
31 131
31 135
31 257
31 485
32 135
32 216
32 298
33 146
33 196
33 342
33 400
34 54
34 80
35 61
35 77
35 172
35 327
35 431
36 123
36 186
36 243
36 331
36 334
36 369
36 376
36 385
36 391
37 251
37 267
38 172
38 228
38 445
39 114
39 196
39 212
39 358
39 374
40 49
40 108
40 364
40 459
40 478
41 74
42 68
42 112
42 114
42 231
42 248
42 331
42 340
43 379
43 405
44 168
44 244
45 71
45 85
45 193
45 222
45 257
45 283
46 116
46 173
46 300
46 468
47 263
47 489
48 218
49 420
50 54
50 81
50 200
50 207
50 294
50 317
50 478
53 203
53 271
53 297
53 353
53 429
53 478
54 278
55 132
55 201
55 225
55 380
55 389
55 402
55 479
56 342
57 88
57 174
57 190
57 242
57 489
58 173
58 448
59 60
59 167
59 207
59 339
59 493
60 66
60 279
61 108
61 145
61 193
61 220
61 258
61 270
61 288
61 452
61 462
62 225
62 303
62 457
63 109
63 272
63 275
63 420
63 456
63 469
64 440
65 183
65 215
65 216
65 259
65 355
66 296
66 342
66 382
67 187
68 338
68 411
68 414
69 172
69 181
69 225
69 256
69 315
69 410
70 99
70 302
70 391
70 397
70 404
71 146
71 449
72 77
73 182
73 302
74 113
74 322
74 385
74 498
75 130
75 210
75 367
75 428
75 482
76 224
76 245
76 246
76 458
77 118
77 159
77 416
78 256
78 272
78 440
79 172
79 352
79 398
80 147
80 163
80 167
80 361
80 385
80 419
81 258
81 456
82 108
82 191
82 404
82 425
82 482
82 499
83 178
83 300
83 467
84 96
84 154
84 376
85 352
85 418
85 420
86 193
86 195
86 349
87 157
87 293
87 490
88 165
88 275
88 338
89 307
90 188
91 95
91 376
91 413
92 269
92 303
92 357
92 434
93 199
93 271
93 350
94 256
94 433
95 125
95 139
95 320
96 289
96 391
97 240
97 256
98 106
98 389
99 168
99 355
100 165
100 227
100 252
100 311
100 315
100 357
100 367
100 482
100 492
101 146
101 171
101 487
102 141
102 242
102 285
103 147
103 195
103 427
103 472
103 499
104 380
104 432
104 496
105 308
105 437
105 497
106 297
106 364
107 335
107 468
108 279
108 405
108 460
109 259
109 418
109 432
110 189
110 224
110 373
111 165
111 177
112 398
113 152
113 229
113 271
113 284
113 290
114 436
115 476
116 167
116 276
116 470
117 234
118 172
119 180
119 293
119 302
119 404
119 428
119 446
120 136
120 235
120 385
120 393
121 190
121 234
121 378
122 126
122 218
122 275
122 369
122 444
123 198
123 209
124 418
125 244
125 404
125 494
126 213
126 343
126 475
127 281
127 305
128 208
128 374
128 409
129 450
130 386
131 248
131 389
131 420
131 492
132 202
132 242
132 265
133 169
133 343
134 387
134 397
135 398
135 457
136 244
137 315
137 330
137 463
138 154
138 497
139 141
139 326
139 451
139 499
140 218
140 344
140 377
141 306
142 263
142 278
142 383
143 339
143 497
144 439
144 442
145 150
146 379
146 427
146 431
146 433
146 449
146 485
147 234
147 343
147 497
148 308
149 197
150 161
150 162
150 211
150 369
151 207
151 270
151 281
152 200
152 272
152 396
152 417
153 348
153 460
153 469
154 227
154 231
154 264
154 343
154 498
155 324
155 434
156 233
156 268
156 458
157 463
157 474
158 307
158 315
159 203
160 418
160 435
161 332
161 381
161 424
162 214
162 232
162 430
163 173
164 237
164 283
164 452
165 277
165 337
165 411
166 279
166 302
166 306
166 316
166 344
166 417
168 321
168 421
169 419
169 434
170 214
170 300
170 427
171 183
171 192
171 284
171 304
171 314
172 179
172 184
172 498
174 192
174 246
174 301
174 412
175 247
175 293
175 463
176 381
177 238
177 254
178 360
179 458
180 255
180 313
180 391
180 407
180 459
181 281
181 393
181 428
181 457
182 214
182 497
183 488
184 298
184 358
185 389
186 202
186 302
186 489
187 223
187 275
187 469
188 192
188 220
188 223
188 355
189 329
190 239
190 391
191 212
191 232
191 278
191 467
191 483
192 264
192 334
192 448
192 481
193 351
193 452
194 343
195 212
195 228
195 231
195 479
196 206
196 304
196 310
196 433
197 395
197 479
198 273
198 379
198 387
198 432
198 466
199 489
200 220
200 263
200 414
201 221
202 203
202 262
202 441
202 488
202 494
203 256
203 385
203 387
203 458
204 397
204 461
205 264
205 284
205 342
206 234
206 359
208 255
208 321
209 236
209 249
210 223
211 450
212 230
212 448
213 371
214 255
214 335
214 361
215 389
216 249
216 318
216 368
217 398
218 330
218 430
218 472
218 487
219 327
219 357
219 371
220 268
221 253
221 281
221 405
221 494
222 316
223 448
224 232
224 250
224 362
225 393
225 422
225 483
226 497
227 324
227 488
228 242
228 299
229 310
229 330
229 463
230 276
231 275
231 447
232 259
232 292
232 298
232 319
232 325
233 243
233 289
233 367
233 379
234 260
234 298
234 416
235 404
235 418
235 432
235 438
236 249
236 292
236 348
237 295
239 253
239 363
239 389
240 428
241 428
242 255
242 282
242 497
244 313
244 383
245 327
245 392
246 340
246 342
246 404
248 482
249 390
249 423
251 399
251 484
252 277
252 339
252 388
253 420
254 325
254 476
255 271
256 285
257 343
258 346
258 432
259 372
259 415
261 452
262 398
262 401
262 434
263 411
265 297
268 289
268 298
268 312
268 481
269 293
269 328
270 397
271 440
272 411
272 453
273 366
273 406
274 291
274 366
274 371
274 449
274 471
275 291
275 377
276 327
276 339
276 496
277 436
277 449
278 309
278 392
278 462
279 330
279 351
280 301
280 402
281 393
281 413
282 311
282 469
284 307
284 347
284 398
284 408
284 443
285 295
285 343
286 296
286 380
286 462
287 315
287 317
287 338
288 350
288 414
289 302
289 428
290 491
291 360
291 367
291 459
292 474
293 357
295 467
296 381
297 473
299 300
299 396
299 431
301 333
301 395
301 461
302 350
302 421
303 457
303 492
305 379
306 330
306 460
307 351
307 457
307 482
308 347
308 355
308 439
308 454
309 382
309 481
311 446
312 366
313 368
313 385
313 418
313 477
316 353
317 330
318 324
318 416
318 458
318 486
319 432
320 406
321 453
322 326
322 460
322 497
323 347
323 416
324 444
324 469
324 495
325 425
328 346
328 403
329 399
330 456
331 363
331 365
333 379
333 383
334 380
334 434
334 436
336 375
336 397
336 428
336 451
336 452
336 485
338 407
340 491
341 434
342 438
342 457
342 484
343 349
343 383
343 433
345 413
345 433
345 493
346 485
347 407
350 392
350 397
350 405
351 392
351 471
352 469
353 414
353 476
354 496
356 446
356 484
357 432
358 433
358 490
359 412
361 477
362 495
363 432
363 476
364 482
365 441
366 411
366 471
366 485
370 488
373 461
374 422
377 428
378 467
380 408
380 442
380 492
382 499
383 474
384 483
385 459
386 442
386 452
387 461
389 440
389 448
389 473
391 416
392 410
393 424
395 448
396 471
397 474
398 421
400 435
400 492
404 454
404 466
406 446
406 475
407 420
407 438
409 481
410 472
412 472
413 436
413 484
413 485
415 438
415 465
415 479
415 495
417 446
421 466
423 432
424 460
425 498
428 467
429 498
430 467
430 473
433 463
439 475
442 451
445 492
450 492
460 463
463 472
467 475
473 496
483 486
