0 338
0 829
0 1299
0 1628
0 1690
1 1567
2 960
2 1234
2 1304
2 1457
2 1970
3 125
3 222
3 429
3 1247
3 1559
3 1590
3 1637
3 1905
4 91
4 1306
5 349
5 731
5 1150
5 1364
5 1470
5 1663
6 283
6 1132
6 1746
8 477
8 626
8 1221
8 1655
9 397
9 725
9 783
9 1041
9 1300
9 1343
9 1847
10 1144
10 1482
10 1614
11 385
11 866
11 1664
11 1669
11 1739
11 1884
11 1898
11 1939
12 46
12 147
12 1660
12 1904
13 623
13 949
13 994
13 1273
14 170
14 554
14 770
14 1671
14 1834
15 464
15 521
15 1439
15 1703
16 682
17 259
17 1290
17 1339
18 530
18 649
18 1447
18 1662
18 1720
18 1788
18 1832
19 246
19 658
19 1875
20 24
20 37
20 302
20 400
20 621
20 813
20 994
22 88
22 485
22 1710
22 1995
23 200
23 450
23 1282
24 411
24 1143
24 1558
24 1814
24 1884
25 539
25 1497
25 1552
26 385
26 453
26 820
26 1240
27 894
28 1139
28 1241
29 541
29 1026
29 1445
30 503
30 1445
31 385
31 903
31 1720
32 749
32 953
33 278
33 452
33 478
33 966
33 1510
34 1583
35 646
35 1891
36 261
36 1282
36 1424
36 1529
36 1611
37 169
37 1399
37 1704
38 316
38 1214
39 45
39 169
39 871
39 1948
39 1968
40 235
40 442
40 622
40 1299
41 412
41 651
41 1368
41 1373
42 100
42 386
42 983
42 1064
42 1466
42 1492
42 1816
43 405
43 560
43 1166
43 1659
44 253
44 988
44 1012
44 1271
44 1298
44 1681
44 1810
45 602
45 1755
46 364
46 393
46 843
46 1309
46 1753
47 370
47 617
47 903
47 1142
47 1479
47 1549
47 1777
48 142
48 423
48 1710
49 758
49 1094
49 1313
49 1827
49 1983
50 588
50 589
50 710
50 1333
50 1621
50 1763
50 1878
51 316
51 1086
51 1260
51 1767
52 222
52 368
52 1284
53 124
53 393
53 1016
53 1522
54 1050
54 1191
54 1832
54 1918
55 192
55 546
55 1489
55 1519
55 1560
55 1854
56 107
56 599
56 941
56 1214
57 79
57 114
57 149
57 677
57 948
58 62
58 1032
58 1678
59 347
59 1895
59 1936
60 102
60 765
60 1048
60 1331
60 1354
60 1490
60 1527
60 1633
61 688
61 1452
61 1746
62 219
62 535
62 708
63 357
63 698
63 867
63 1052
63 1079
63 1783
63 1791
64 201
64 458
64 539
64 1006
64 1206
64 1322
65 458
65 463
65 550
65 753
65 1285
66 521
66 1185
66 1223
66 1302
66 1450
66 1675
67 143
67 884
67 1523
67 1610
67 1827
68 587
68 876
68 918
68 969
68 982
68 1075
68 1304
69 1048
69 1376
69 1643
69 1732
69 1850
70 109
70 141
70 168
70 676
70 1586
70 1685
71 79
71 363
71 849
71 972
71 1707
72 1005
72 1816
73 252
73 284
73 398
73 489
73 1370
73 1846
74 81
74 265
74 688
74 977
74 1490
75 113
75 134
75 1218
75 1466
75 1816
76 953
76 1899
76 1983
77 172
77 720
77 733
77 962
77 1758
77 1796
78 118
78 255
78 1209
78 1459
78 1599
79 139
79 327
79 996
79 1354
80 996
80 1048
80 1712
80 1734
80 1985
81 834
81 1301
81 1364
81 1507
81 1676
81 1680
81 1705
82 746
82 1124
83 163
83 390
83 751
83 775
83 1136
83 1280
83 1454
83 1554
84 494
84 700
84 1302
84 1471
85 92
85 780
86 949
86 1367
86 1383
87 227
87 1123
87 1533
87 1906
87 1929
87 1969
88 401
88 567
88 620
88 735
88 796
88 826
88 843
88 858
88 1418
89 755
89 759
89 1835
90 763
90 1026
91 629
91 1101
91 1471
91 1697
92 977
92 1201
93 104
93 478
93 557
93 1105
93 1431
93 1770
94 259
94 485
94 603
94 1386
94 1661
95 508
95 798
95 1562
95 1649
95 1661
96 500
96 701
96 1349
96 1812
97 1499
97 1568
98 513
98 1022
98 1113
98 1934
99 658
99 1060
99 1072
99 1095
99 1560
99 1736
100 348
100 512
100 603
100 1047
101 169
101 769
101 830
102 457
102 1886
103 185
103 274
103 898
103 1458
103 1632
104 611
104 1058
104 1463
104 1499
105 1438
106 801
106 920
106 994
107 1369
107 1536
108 313
108 1179
108 1205
109 256
109 1342
109 1958
109 1960
110 1833
110 1872
111 303
111 646
111 968
111 1463
112 1650
112 1705
112 1846
113 557
113 900
113 1474
113 1657
113 1936
114 968
114 1150
114 1410
115 391
115 1294
115 1485
115 1677
115 1784
115 1807
116 163
116 290
116 663
116 981
116 984
116 1208
117 1736
117 1881
117 1933
118 1457
119 127
119 927
119 1128
119 1367
119 1556
119 1676
119 1679
119 1720
120 391
120 705
120 1547
120 1994
121 984
121 1421
122 387
122 518
122 535
122 943
123 837
123 1349
123 1514
123 1546
124 411
124 767
124 785
124 1434
124 1480
125 1107
125 1593
126 191
126 410
126 534
126 536
126 916
126 1405
126 1567
127 522
127 1308
127 1347
127 1557
127 1774
128 524
128 1024
128 1750
129 778
129 1603
130 186
130 267
130 958
130 1092
130 1168
130 1304
130 1837
130 1962
130 1972
131 935
131 1733
131 1748
131 1784
132 1350
132 1923
133 458
133 934
133 1968
134 220
134 279
134 827
134 1355
135 1181
135 1521
136 406
136 514
136 627
137 810
137 1004
137 1066
137 1361
138 593
138 1278
139 556
139 815
140 458
140 1090
140 1615
141 305
141 679
141 1493
142 235
142 1597
143 262
143 695
143 790
143 1442
143 1790
143 1814
143 1959
144 528
144 1214
144 1361
144 1741
145 492
145 518
145 1824
146 390
146 566
146 940
146 1310
146 1625
146 1686
146 1794
146 1890
146 1938
147 373
147 1796
148 241
148 541
148 1091
148 1365
148 1415
149 422
149 494
149 843
150 913
150 1243
150 1842
151 360
151 828
151 1456
151 1469
152 756
152 1030
152 1364
152 1490
152 1719
152 1982
153 1892
154 165
154 716
154 1566
155 169
155 724
155 814
155 1349
156 608
156 1516
156 1541
156 1648
157 306
157 435
157 446
157 795
157 1728
158 1155
158 1271
158 1521
158 1524
159 1964
160 191
160 1189
160 1220
160 1444
160 1553
160 1824
161 343
161 364
161 493
161 1530
161 1650
161 1670
161 1801
162 1012
162 1268
162 1290
163 1499
165 176
165 300
165 317
165 1176
165 1855
166 402
166 478
166 604
166 1049
166 1765
166 1777
166 1923
167 1357
168 539
168 1014
169 381
169 1144
170 1128
170 1130
171 416
171 456
171 848
171 1162
171 1360
172 889
172 1007
172 1263
173 1423
173 1476
174 226
174 307
174 418
174 1178
174 1208
174 1778
175 436
175 629
175 648
175 802
175 1220
175 1479
175 1594
175 1910
176 537
176 1683
177 418
177 846
177 895
177 1182
177 1225
177 1851
177 1944
178 380
178 682
178 885
178 1058
178 1451
178 1760
178 1903
179 371
179 413
179 590
179 683
179 1704
180 887
180 1576
180 1913
181 280
181 454
181 1145
181 1837
181 1850
182 872
183 578
183 887
183 1045
184 284
184 959
184 975
184 1608
184 1744
185 724
185 728
185 1110
185 1324
186 825
186 1157
186 1369
186 1563
186 1717
186 1932
187 1519
188 757
188 784
189 419
189 772
189 794
189 850
189 1267
189 1412
190 435
190 1461
191 1235
192 526
192 1269
192 1522
193 295
193 868
193 1098
193 1590
194 361
194 1564
194 1690
194 1731
195 381
195 507
195 845
195 889
195 1455
195 1901
196 339
196 1138
196 1714
196 1730
197 661
197 1755
198 601
198 825
199 214
199 1448
199 1547
200 577
200 1207
200 1752
200 1797
200 1817
200 1906
201 443
201 531
201 682
202 1451
202 1468
202 1931
203 303
203 420
203 534
203 806
203 1228
204 951
204 1015
205 635
205 815
205 1976
206 389
206 517
206 1596
206 1598
206 1750
206 1795
207 606
207 1491
207 1520
207 1752
207 1872
207 1913
208 995
208 1173
208 1184
208 1440
209 256
209 443
209 633
209 1085
209 1424
209 1798
210 939
210 1137
210 1169
210 1365
210 1886
211 324
211 490
212 341
213 493
213 639
214 575
214 1105
214 1751
215 439
215 1118
215 1249
216 247
216 1078
216 1113
217 925
217 1216
218 792
218 797
218 911
218 1349
218 1639
219 351
219 1211
219 1336
219 1908
220 1909
220 1962
221 505
221 1638
222 857
222 966
222 1546
223 629
223 1040
223 1662
223 1718
224 226
224 459
224 1100
224 1371
224 1596
224 1742
225 792
225 1184
226 619
226 1012
226 1171
226 1428
226 1842
226 1909
227 394
227 417
227 462
227 1965
228 1676
228 1797
229 667
229 964
230 873
230 985
230 1062
230 1102
230 1557
230 1562
230 1590
230 1942
231 241
231 593
232 382
232 524
232 1650
232 1753
232 1879
232 1927
233 876
233 1658
234 1180
234 1500
234 1625
235 578
235 1091
235 1493
235 1786
236 739
236 816
236 986
237 1547
237 1940
238 1480
239 382
239 1944
240 355
240 515
240 797
240 1396
240 1501
240 1761
240 1808
241 468
241 1458
241 1648
242 726
242 1309
242 1625
242 1842
243 653
243 1219
243 1462
243 1467
243 1726
244 673
244 1431
244 1729
245 937
245 1047
245 1235
245 1677
245 1762
245 1916
246 865
246 866
246 1461
246 1530
247 280
247 720
247 1336
247 1496
247 1897
249 538
249 647
249 1507
249 1560
249 1773
250 331
250 435
250 694
250 738
250 999
250 1047
250 1729
250 1875
251 589
251 930
251 1244
251 1253
251 1331
252 298
252 873
252 921
252 1074
252 1226
252 1614
253 593
253 1436
254 666
254 1783
255 322
255 523
255 699
255 1613
255 1814
256 577
256 777
256 1108
256 1593
256 1896
257 858
257 1486
258 1163
258 1507
259 1695
260 1136
260 1736
260 1913
261 1720
261 1943
262 329
262 1053
262 1733
263 822
263 975
263 1550
264 652
264 926
264 1662
265 481
265 513
265 702
266 1979
267 430
267 543
267 544
267 1560
268 1020
268 1937
269 293
269 1221
269 1479
269 1695
269 1831
270 327
270 438
270 1644
271 514
271 1244
271 1245
272 460
272 634
272 1221
272 1480
272 1508
273 832
273 848
273 994
273 1049
273 1895
274 285
274 547
274 856
274 1177
274 1399
274 1812
274 1866
275 983
276 443
276 585
276 1137
276 1247
276 1415
277 351
277 619
277 750
277 1079
278 332
278 865
278 1157
278 1164
279 340
279 751
279 1190
279 1801
280 1199
280 1229
280 1541
280 1680
281 758
281 846
282 385
282 624
282 843
282 1455
282 1784
282 1968
283 1098
283 1122
283 1264
283 1555
283 1894
284 598
284 1168
284 1796
284 1812
285 866
285 1213
285 1563
285 1807
286 531
286 575
287 658
287 1128
287 1526
287 1824
287 1988
288 410
288 819
288 882
288 1029
288 1120
288 1215
289 456
289 1162
289 1723
289 1965
290 1340
290 1744
290 1861
290 1962
291 325
291 472
291 1145
291 1417
291 1715
291 1845
292 616
292 659
293 319
293 821
293 827
293 923
293 1000
293 1290
293 1411
293 1510
294 475
294 861
294 1033
294 1262
294 1759
294 1962
295 591
295 977
295 1725
296 351
296 409
296 724
296 1089
296 1568
296 1779
297 1111
298 917
298 1521
299 446
299 525
299 649
299 728
299 1311
300 365
300 727
300 789
300 822
300 829
300 974
300 1880
301 608
301 1360
301 1908
302 702
302 1375
302 1655
303 579
303 1335
303 1452
303 1691
304 305
304 776
304 1657
304 1945
304 1975
305 319
305 939
306 456
306 836
306 1449
306 1457
306 1792
307 733
307 1268
307 1293
307 1320
308 861
308 1002
308 1892
309 865
309 1119
309 1421
310 1126
310 1230
311 742
311 1137
311 1882
312 1048
312 1190
312 1572
312 1889
313 1493
313 1791
314 584
314 814
314 1513
314 1770
314 1823
315 468
315 1612
315 1812
316 449
316 878
316 1245
316 1960
317 559
317 1986
318 666
318 1335
319 782
319 785
319 902
319 1206
319 1357
319 1627
319 1884
320 915
320 1225
320 1827
321 329
321 1519
321 1781
322 863
322 972
322 1349
322 1469
322 1490
322 1542
323 383
323 802
323 1494
323 1517
324 892
324 1412
325 710
326 938
326 952
326 1084
326 1827
327 475
327 816
327 1219
327 1656
327 1825
327 1975
328 442
328 551
328 700
328 858
330 729
330 1234
331 752
331 1374
331 1561
331 1813
332 867
332 896
333 491
333 550
333 1508
333 1629
333 1760
334 606
334 1712
335 1337
335 1457
336 402
336 1114
336 1176
336 1461
337 891
337 1497
337 1587
337 1833
338 957
339 449
339 462
339 873
339 1435
339 1625
340 595
340 1515
340 1748
342 637
342 1918
342 1946
343 1160
344 1122
345 427
345 516
345 629
345 1119
345 1296
345 1626
346 459
346 512
346 804
347 912
347 992
348 824
348 1359
348 1440
348 1542
349 1496
349 1613
350 891
350 1411
350 1459
350 1467
350 1491
350 1722
351 568
351 638
351 1154
351 1155
351 1272
351 1683
351 1812
352 1704
353 422
353 1108
353 1651
354 880
354 1069
354 1871
355 419
355 431
355 881
355 1936
356 572
356 1453
356 1963
357 1208
358 380
358 384
358 1109
358 1618
359 377
359 1349
359 1701
359 1912
359 1963
360 461
360 1114
360 1277
360 1494
361 755
361 1283
361 1471
362 1001
362 1104
363 596
363 872
363 971
363 1465
363 1799
363 1818
364 460
364 538
364 585
365 740
365 1211
366 825
367 407
367 739
367 938
367 1716
368 685
369 959
369 1010
369 1011
369 1405
369 1872
370 773
370 876
370 1947
371 1073
371 1144
371 1153
372 465
372 542
372 617
372 924
373 994
373 996
373 1442
373 1994
374 649
374 983
374 1298
374 1428
374 1449
374 1917
375 597
375 867
375 1177
375 1652
376 561
376 1468
376 1519
376 1660
377 766
377 1462
377 1727
378 409
378 699
378 708
378 1033
379 436
379 529
379 1098
379 1769
380 1675
380 1897
381 624
381 1162
381 1403
381 1861
382 763
382 934
382 984
382 1781
383 934
383 1306
383 1631
384 806
384 1133
384 1399
384 1514
384 1617
385 968
385 1790
386 547
386 1904
387 1555
387 1742
387 1751
388 954
388 1301
389 1047
390 905
390 983
390 1484
391 1513
392 457
392 603
393 1790
394 490
394 549
394 715
394 1250
395 615
395 1161
395 1704
395 1920
396 927
396 1277
396 1651
397 409
397 1520
397 1691
398 523
398 738
398 1572
398 1687
398 1888
399 1325
399 1345
399 1578
399 1648
400 824
400 991
400 1555
401 615
401 993
401 1895
402 698
402 1327
402 1508
402 1659
403 695
403 704
403 718
403 854
403 873
403 1713
403 1734
404 673
404 787
404 1097
404 1458
404 1591
405 954
405 1195
406 784
406 829
406 912
406 934
406 1577
406 1588
406 1761
407 724
407 1884
408 438
408 615
408 675
408 679
408 716
409 1243
409 1528
411 1024
411 1047
411 1526
411 1796
411 1906
412 470
412 1026
412 1147
412 1226
412 1237
412 1455
413 1284
414 1057
414 1633
414 1922
415 698
415 1004
415 1261
415 1478
416 847
416 1857
417 506
417 528
417 1055
417 1294
417 1419
417 1510
417 1736
417 1956
418 1104
418 1294
418 1340
418 1508
419 1622
420 554
420 1329
421 1285
421 1691
423 578
423 772
423 842
423 1676
424 610
424 841
424 1112
424 1387
424 1437
424 1817
425 1287
425 1862
426 1608
427 1057
427 1344
427 1904
427 1992
428 786
428 1097
428 1155
428 1296
428 1542
428 1669
429 904
429 1419
429 1977
430 457
430 1136
430 1408
430 1501
430 1706
431 715
431 761
431 926
431 1530
432 458
432 746
432 1150
432 1682
433 1545
434 537
434 595
434 777
434 1424
434 1901
435 551
435 1169
435 1225
436 1248
437 640
437 1163
437 1590
438 1548
439 648
439 813
439 1461
439 1901
440 919
440 1877
440 1912
441 444
441 466
441 782
441 805
441 1780
441 1853
441 1893
441 1914
442 670
442 1849
443 583
444 1307
444 1329
445 859
445 1502
445 1943
446 762
446 797
446 1029
446 1776
446 1973
447 603
447 627
447 723
447 1382
448 684
448 690
448 1050
448 1712
449 474
449 499
449 1072
449 1446
449 1459
449 1737
450 886
450 1293
451 628
451 970
452 851
452 1714
453 594
453 850
453 1053
453 1354
453 1785
454 1689
454 1721
455 558
455 1668
456 1099
456 1377
456 1546
456 1900
457 525
457 887
457 895
457 1408
457 1783
458 1104
458 1571
459 535
459 761
459 1190
459 1636
460 665
460 1039
460 1745
461 496
461 1759
461 1917
461 1971
462 565
462 1348
462 1621
462 1748
462 1843
463 1242
464 718
464 1421
464 1916
465 554
465 673
465 1260
466 934
467 486
467 617
467 623
467 1385
468 1439
469 1200
469 1336
470 596
470 1084
470 1097
470 1157
470 1349
470 1914
471 628
471 894
471 1195
471 1210
471 1313
472 700
472 847
472 1085
472 1750
473 1071
473 1732
474 524
474 1072
474 1449
475 575
475 1565
475 1691
475 1994
476 1771
477 1396
477 1617
478 690
478 740
478 789
478 1344
478 1786
478 1908
479 1101
479 1751
480 644
480 1330
480 1836
480 1969
481 532
481 595
481 855
481 946
481 1020
481 1890
482 486
482 862
482 1343
483 707
483 1828
484 606
484 1012
484 1875
485 960
485 1214
485 1414
485 1952
486 539
486 928
487 831
487 1418
487 1898
487 1993
488 689
488 912
488 934
488 1313
488 1492
489 953
489 1020
489 1611
490 823
490 1043
490 1606
490 1607
491 1294
491 1377
491 1679
492 876
492 907
492 1015
492 1232
492 1350
492 1421
493 730
493 1141
493 1578
494 943
494 1872
495 662
495 987
495 1354
495 1371
495 1415
495 1485
495 1656
495 1884
496 1704
496 1942
497 1287
497 1802
498 971
498 1762
499 847
499 1249
499 1285
499 1742
500 782
500 1208
500 1353
500 1518
500 1932
501 1057
501 1087
501 1818
501 1819
501 1872
502 1082
503 1210
503 1225
503 1972
504 998
504 1105
505 1200
505 1662
506 930
507 542
507 1808
508 825
508 922
508 1733
510 1842
511 1333
511 1409
512 1142
512 1246
512 1287
512 1299
512 1722
512 1896
513 568
513 802
514 899
515 1246
515 1885
516 650
516 1530
516 1961
517 1540
518 1116
518 1431
519 894
519 900
519 1984
520 653
520 802
520 901
520 1253
520 1307
520 1873
521 788
521 892
521 1015
521 1465
522 550
522 642
522 732
522 1236
522 1257
523 1273
523 1297
524 663
524 1309
524 1992
525 1535
525 1541
526 746
526 1625
527 530
527 1618
527 1675
528 1871
528 1927
529 997
529 1338
529 1932
531 886
531 1965
532 676
532 1895
532 1963
534 1279
534 1365
535 1187
535 1312
536 1110
538 1574
539 718
539 965
539 1244
539 1831
539 1859
540 862
540 1405
541 726
541 1454
541 1776
541 1923
542 1008
543 1824
545 706
545 825
545 997
546 644
546 767
546 1041
546 1410
546 1479
547 1438
547 1949
548 1448
548 1554
548 1613
549 1229
550 673
550 750
550 1345
550 1388
550 1506
551 737
551 924
551 1236
551 1976
552 1692
553 1039
555 935
555 1054
556 726
556 952
556 1067
556 1266
556 1796
557 825
557 1306
557 1379
557 1511
557 1945
558 623
558 624
558 1401
559 626
559 1138
559 1720
560 750
560 1567
561 663
561 869
561 1223
561 1711
562 1297
562 1435
563 767
565 918
565 946
565 1549
565 1555
565 1599
566 760
566 1343
566 1419
566 1995
567 877
567 981
567 1451
567 1916
568 700
568 1007
568 1181
568 1369
568 1964
569 918
570 1620
571 1533
572 1003
572 1388
572 1835
573 1073
574 1526
574 1548
574 1652
574 1950
575 899
575 1508
575 1581
575 1765
576 646
576 830
576 1169
576 1701
576 1735
577 589
577 862
577 1097
577 1151
577 1206
577 1805
577 1848
577 1943
578 799
578 960
578 971
578 1089
578 1157
579 1232
580 1065
580 1128
580 1165
580 1825
581 1243
581 1309
581 1812
582 1629
582 1696
582 1871
583 731
583 1255
584 1035
584 1246
585 707
585 1611
587 726
587 886
587 1569
587 1669
588 1267
588 1859
589 1264
589 1280
589 1580
590 990
590 1029
590 1488
592 1070
592 1619
592 1814
593 717
593 1155
593 1791
594 714
594 740
594 1189
594 1351
594 1836
595 1217
595 1302
595 1892
595 1928
596 704
596 711
596 873
597 861
597 1584
597 1940
598 972
598 1627
599 761
599 1227
599 1395
599 1467
599 1653
600 1080
600 1519
601 1398
601 1429
602 666
602 679
602 850
603 1428
603 1944
604 643
604 667
604 1046
604 1060
604 1127
605 780
605 821
605 953
605 1114
605 1336
606 1796
607 733
607 908
607 1300
607 1385
608 984
608 1984
609 1641
609 1851
610 821
610 862
610 1199
610 1474
610 1702
611 1647
611 1905
612 797
612 1202
612 1715
613 733
613 841
613 1277
613 1854
614 1351
614 1956
615 1706
615 1955
616 1279
617 1215
617 1612
618 968
618 1303
619 716
619 1642
619 1899
620 622
620 701
620 1684
621 662
621 1658
622 1649
623 739
623 765
623 1939
624 789
624 1027
624 1334
624 1477
625 631
626 1127
627 1189
627 1349
627 1656
628 824
628 1370
630 1064
630 1253
630 1403
630 1435
630 1479
631 1079
631 1364
631 1578
631 1901
632 962
632 1143
632 1420
633 1277
633 1323
633 1725
634 1209
634 1679
634 1867
634 1962
635 643
635 1017
635 1998
636 827
637 1064
637 1978
638 1402
639 780
640 651
640 687
640 778
640 1895
641 1858
642 719
642 976
642 1415
642 1658
643 1547
644 1326
644 1476
645 1272
645 1496
645 1760
647 694
647 989
647 1019
647 1739
647 1826
648 1114
648 1213
648 1573
649 938
649 1066
649 1995
650 998
650 1114
650 1209
650 1407
650 1414
651 663
651 937
651 1474
651 1596
652 827
652 965
652 978
652 1911
654 734
654 1659
654 1849
654 1898
655 772
655 1477
656 1066
656 1786
657 691
657 773
657 1782
658 1420
659 773
659 1537
659 1995
660 724
660 1887
661 1756
662 1178
662 1549
662 1708
662 1855
663 1203
663 1294
663 1772
664 1043
664 1214
665 1256
665 1549
665 1842
666 916
666 1210
667 1430
667 1667
668 876
668 1390
668 1437
668 1767
668 1845
668 1925
669 670
669 901
669 1402
670 1712
671 931
671 1159
671 1205
671 1319
671 1865
672 914
672 1718
673 1015
673 1033
674 733
675 905
675 973
675 1108
676 770
676 809
676 1531
676 1976
677 911
678 1792
679 872
679 1357
679 1399
679 1921
680 1624
680 1746
681 773
681 1203
681 1284
682 994
682 1306
683 783
683 943
683 1150
683 1492
683 1622
684 814
684 884
684 1180
684 1205
684 1714
685 709
685 1366
685 1508
685 1643
685 1684
685 1948
686 1566
687 1337
687 1544
687 1918
688 734
688 1055
688 1227
688 1335
689 1697
689 1920
689 1932
690 755
690 1424
690 1697
690 1993
691 1382
692 846
692 1845
693 808
694 962
695 1392
695 1646
695 1834
695 1904
695 1907
696 902
696 1910
698 1241
698 1907
699 1381
699 1642
700 950
701 1145
701 1372
701 1892
702 704
702 1344
702 1876
703 756
703 823
704 1113
705 850
705 1154
705 1322
705 1715
705 1864
706 770
706 1328
706 1556
707 881
707 1156
707 1595
707 1636
708 1075
708 1533
708 1626
708 1775
708 1863
709 982
709 1146
709 1684
709 1848
710 994
710 1110
710 1201
710 1777
710 1988
711 1179
711 1305
712 1041
712 1711
712 1714
713 791
713 1161
713 1456
713 1789
713 1807
714 1114
714 1231
714 1288
715 1851
716 746
716 755
716 785
716 1193
716 1998
718 869
718 1000
719 721
719 1563
719 1694
719 1717
719 1788
720 1040
720 1936
722 869
722 998
722 1594
723 1043
724 1111
725 805
725 1335
725 1499
726 891
726 992
726 1086
726 1156
726 1495
727 1669
728 1293
728 1366
728 1696
728 1738
728 1816
730 1110
730 1198
731 1729
732 1710
733 815
734 956
734 1583
735 771
735 1227
735 1396
735 1938
736 1744
737 1061
737 1664
738 1069
738 1486
739 978
739 1692
740 1830
740 1857
741 1420
741 1594
742 1642
743 1229
743 1393
743 1718
743 1809
745 1598
746 883
746 1447
747 909
747 992
747 1187
748 1360
749 1476
750 1056
750 1276
750 1553
751 1008
752 1743
752 1786
752 1996
753 794
753 1364
753 1402
754 949
754 1768
755 1798
756 1269
757 1599
758 930
758 959
758 1359
758 1651
759 1167
759 1368
759 1828
759 1977
760 996
760 1417
760 1811
760 1939
761 835
761 933
761 1079
761 1805
762 981
762 1067
763 947
763 1724
764 885
764 924
764 1425
765 1568
765 1878
766 1351
766 1370
766 1710
767 984
767 1259
767 1865
767 1912
768 1390
768 1833
769 890
769 1259
769 1330
769 1355
769 1766
770 828
770 835
770 1030
770 1205
771 940
771 1027
771 1082
771 1574
772 1780
773 874
773 894
773 1435
773 1625
773 1647
774 790
774 1052
775 1222
775 1252
775 1567
776 1498
776 1613
776 1614
777 1145
777 1293
777 1744
777 1940
778 903
778 1079
778 1327
778 1877
779 1182
779 1478
779 1605
779 1681
780 1036
780 1122
780 1694
781 1528
782 1660
782 1821
783 1613
783 1731
784 924
785 1328
785 1468
785 1506
785 1554
785 1931
786 860
786 1060
786 1310
786 1341
786 1350
786 1824
787 972
787 1134
788 1006
788 1244
789 879
789 954
789 1754
790 810
790 1003
790 1186
790 1415
791 1547
791 1933
792 1495
792 1526
793 938
793 1372
793 1614
794 1780
795 998
795 1100
795 1107
795 1945
796 1017
796 1402
796 1645
797 816
797 1277
797 1315
797 1525
797 1775
797 1856
799 914
799 1409
799 1472
800 915
800 1689
801 956
802 1220
803 1561
804 871
804 973
804 1419
804 1773
805 1253
805 1771
806 1236
806 1800
806 1820
808 1047
809 1203
809 1351
810 920
810 1362
810 1659
811 838
811 1306
812 955
812 1953
813 1019
813 1081
813 1229
815 1925
816 878
816 1065
816 1272
817 1056
817 1084
817 1387
817 1503
817 1812
817 1825
818 1199
818 1492
818 1531
819 824
819 1046
819 1659
820 1477
820 1528
820 1559
821 1214
821 1722
822 1183
822 1335
823 938
823 1362
823 1582
824 1219
825 1360
826 1261
828 1512
828 1693
829 1119
829 1424
829 1692
829 1737
830 1327
830 1385
830 1490
830 1927
831 1915
832 1837
833 1087
833 1359
835 868
835 1089
835 1374
835 1919
836 1928
837 1509
837 1891
838 1728
840 1230
840 1760
841 1133
841 1247
841 1527
841 1593
841 1729
841 1790
842 1877
842 1998
844 1226
845 1663
845 1929
846 1665
847 1043
847 1319
848 946
848 964
848 1932
849 1554
849 1932
850 1144
851 1208
852 913
852 1105
852 1317
853 1213
853 1524
854 1141
854 1146
854 1762
855 1351
855 1843
856 1569
856 1693
856 1957
857 1014
857 1075
857 1658
857 1802
857 1811
858 1037
859 909
859 1156
859 1218
860 1515
860 1877
861 1841
862 926
862 1968
863 1886
864 1080
864 1097
864 1272
865 951
865 956
865 1825
866 1090
867 990
868 1315
869 1136
869 1604
869 1798
870 1937
870 1953
871 1134
871 1214
871 1886
872 979
872 1485
873 1090
873 1700
873 1768
874 1154
874 1532
874 1943
875 1004
875 1152
875 1197
875 1242
875 1332
875 1706
875 1933
876 1796
876 1805
878 1602
880 908
881 1415
882 906
883 999
883 1362
884 1176
885 1883
886 1004
886 1119
886 1579
886 1952
887 968
887 1251
887 1882
888 1074
888 1232
888 1649
888 1915
890 1427
890 1442
890 1472
891 1950
892 1133
892 1741
893 1051
895 1146
895 1770
896 1384
897 1207
898 1203
898 1348
898 1363
898 1497
898 1912
899 1464
899 1951
900 1060
900 1779
900 1785
901 1026
901 1493
901 1582
901 1606
902 1495
902 1822
903 1258
903 1360
903 1978
904 1293
905 1392
905 1646
905 1826
906 1706
907 1098
908 1034
909 1130
909 1213
909 1649
910 1548
911 1239
911 1534
911 1662
912 1187
913 1986
914 984
914 1479
914 1679
915 953
915 1284
915 1335
916 1668
917 1125
917 1266
917 1955
918 1210
919 995
919 1312
919 1497
919 1679
920 985
920 1174
920 1997
921 1608
922 1026
922 1366
923 1037
924 1502
924 1802
925 1276
925 1391
925 1533
925 1665
925 1710
925 1767
928 1891
929 1013
929 1819
929 1868
930 1804
930 1839
931 1031
931 1273
931 1751
931 1981
932 1405
932 1779
933 1336
933 1383
933 1465
934 1760
936 1187
937 1676
938 1225
938 1773
939 1481
939 1663
939 1768
939 1840
939 1907
940 961
940 1150
940 1588
941 1144
941 1178
941 1321
941 1394
941 1664
941 1668
943 1348
943 1732
943 1766
943 1902
944 1089
944 1439
945 1114
945 1414
945 1722
947 1018
947 1271
948 1512
948 1633
949 1105
949 1683
950 1218
950 1324
951 1234
951 1278
951 1320
951 1861
953 1039
953 1092
953 1822
953 1834
953 1895
954 1306
954 1312
954 1492
954 1629
956 1165
956 1887
957 999
957 1160
957 1921
958 1625
959 1474
959 1548
959 1704
960 1624
960 1733
960 1867
961 989
961 1661
962 1065
962 1245
963 1512
965 1124
966 971
966 1276
967 1584
967 1612
967 1698
968 1226
968 1760
969 1039
969 1362
971 1329
971 1586
972 1461
972 1501
972 1972
973 1083
973 1734
973 1820
974 1022
974 1109
974 1299
974 1394
974 1631
975 1378
975 1396
975 1402
975 1688
975 1765
975 1872
976 1162
976 1745
977 1674
980 1017
980 1278
980 1459
980 1808
981 1293
981 1424
983 995
983 1083
983 1281
983 1887
984 1351
984 1523
985 1309
986 1266
986 1329
987 1169
987 1226
987 1393
987 1454
988 1241
990 1401
990 1500
990 1852
991 1439
991 1898
992 1180
992 1455
992 1927
992 1949
993 1682
994 1061
994 1464
994 1802
995 1118
995 1158
995 1171
995 1271
995 1317
995 1927
996 1707
996 1745
996 1792
997 1447
997 1713
999 1728
1001 1198
1001 1342
1001 1918
1002 1050
1002 1102
1002 1130
1002 1649
1002 1860
1003 1400
1003 1590
1003 1672
1004 1567
1004 1673
1004 1737
1005 1438
1006 1416
1006 1634
1007 1177
1008 1172
1008 1199
1008 1593
1008 1683
1010 1131
1010 1250
1010 1333
1011 1016
1012 1293
1013 1672
1013 1692
1014 1715
1014 1994
1015 1621
1015 1676
1016 1564
1017 1182
1017 1463
1018 1800
1018 1970
1019 1195
1019 1912
1020 1402
1020 1506
1021 1548
1021 1641
1022 1024
1022 1633
1023 1049
1024 1261
1024 1552
1024 1733
1025 1432
1025 1926
1026 1533
1026 1965
1027 1250
1027 1398
1028 1204
1028 1205
1028 1620
1029 1154
1029 1562
1029 1626
1030 1653
1031 1571
1032 1553
1032 1853
1033 1168
1033 1664
1034 1327
1035 1646
1036 1699
1037 1285
1037 1621
1037 1668
1037 1874
1038 1419
1039 1704
1040 1395
1040 1566
1042 1087
1042 1559
1042 1572
1043 1667
1044 1616
1044 1677
1044 1881
1045 1489
1046 1181
1047 1937
1048 1421
1050 1085
1050 1278
1050 1286
1050 1906
1051 1700
1052 1159
1052 1616
1052 1618
1052 1717
1052 1888
1053 1109
1053 1757
1055 1692
1056 1060
1056 1667
1056 1885
1056 1950
1056 1953
1058 1200
1058 1854
1059 1118
1059 1223
1059 1297
1059 1448
1061 1526
1061 1570
1061 1678
1063 1284
1063 1346
1063 1352
1063 1441
1063 1944
1064 1999
1065 1189
1066 1079
1066 1330
1068 1250
1069 1874
1072 1188
1073 1348
1073 1525
1074 1201
1074 1696
1074 1874
1074 1961
1077 1154
1077 1589
1077 1605
1078 1310
1078 1556
1078 1636
1079 1190
1080 1676
1081 1648
1082 1300
1082 1773
1082 1961
1083 1213
1083 1921
1084 1175
1085 1908
1086 1342
1086 1546
1087 1642
1087 1888
1090 1234
1091 1454
1091 1730
1091 1864
1092 1176
1092 1910
1092 1955
1093 1202
1094 1571
1094 1787
1094 1946
1095 1943
1096 1347
1097 1522
1098 1253
1098 1343
1098 1367
1098 1840
1098 1927
1098 1960
1099 1334
1099 1390
1099 1510
1099 1564
1099 1632
1099 1915
1100 1311
1100 1435
1100 1927
1102 1249
1102 1282
1102 1663
1104 1887
1104 1932
1105 1188
1105 1259
1106 1116
1106 1321
1106 1750
1106 1847
1107 1415
1107 1625
1107 1820
1108 1193
1108 1316
1109 1341
1109 1391
1109 1530
1109 1669
1109 1743
1109 1962
1110 1469
1112 1676
1113 1983
1114 1373
1114 1735
1114 1830
1114 1918
1114 1961
1115 1339
1117 1179
1118 1709
1118 1716
1118 1916
1118 1971
1119 1249
1120 1483
1120 1954
1121 1144
1123 1238
1123 1360
1123 1582
1123 1624
1124 1156
1126 1146
1127 1345
1127 1537
1127 1698
1129 1914
1132 1211
1132 1430
1132 1665
1134 1459
1134 1492
1134 1786
1135 1624
1135 1910
1135 1975
1136 1443
1137 1189
1138 1209
1138 1508
1138 1706
1138 1789
1139 1144
1141 1311
1142 1443
1142 1712
1143 1779
1143 1998
1144 1765
1144 1826
1144 1880
1144 1946
1146 1767
1147 1873
1148 1478
1149 1425
1149 1509
1149 1741
1150 1649
1151 1537
1151 1784
1152 1189
1152 1476
1152 1738
1153 1470
1154 1599
1154 1708
1155 1719
1155 1826
1155 1841
1155 1935
1156 1224
1156 1260
1157 1516
1158 1725
1159 1261
1160 1274
1161 1477
1161 1743
1161 1948
1162 1342
1162 1966
1163 1312
1163 1381
1163 1616
1163 1660
1164 1196
1164 1361
1165 1167
1165 1411
1165 1791
1166 1382
1166 1983
1167 1792
1167 1820
1169 1178
1169 1262
1169 1537
1169 1798
1169 1927
1170 1350
1170 1716
1171 1825
1172 1289
1172 1514
1174 1291
1175 1179
1175 1458
1175 1586
1175 1650
1176 1287
1176 1477
1177 1789
1178 1322
1180 1430
1181 1393
1181 1529
1181 1620
1182 1273
1182 1380
1184 1560
1184 1950
1185 1469
1185 1630
1185 1826
1186 1396
1186 1737
1187 1476
1187 1841
1188 1523
1190 1698
1191 1444
1191 1457
1191 1956
1192 1406
1192 1668
1193 1488
1193 1766
1193 1932
1194 1406
1195 1394
1195 1561
1196 1990
1197 1209
1197 1332
1197 1575
1197 1942
1199 1342
1199 1962
1201 1276
1201 1522
1201 1952
1202 1217
1202 1261
1202 1732
1202 1844
1202 1952
1203 1454
1204 1301
1204 1680
1204 1957
1205 1516
1206 1405
1206 1474
1207 1377
1209 1936
1210 1417
1210 1767
1211 1572
1213 1343
1214 1302
1215 1363
1215 1811
1216 1354
1216 1965
1217 1332
1218 1687
1219 1399
1220 1509
1220 1618
1221 1290
1221 1631
1222 1347
1222 1954
1223 1423
1223 1608
1223 1651
1226 1780
1228 1237
1228 1526
1228 1622
1230 1270
1230 1800
1231 1846
1232 1638
1233 1730
1234 1309
1234 1567
1235 1242
1235 1524
1235 1541
1235 1814
1236 1410
1236 1445
1236 1818
1236 1882
1237 1340
1238 1333
1238 1899
1238 1924
1238 1943
1239 1328
1241 1454
1242 1871
1243 1756
1243 1798
1244 1306
1245 1610
1245 1824
1246 1287
1246 1590
1247 1361
1247 1910
1247 1925
1249 1647
1249 1863
1250 1908
1251 1277
1251 1380
1251 1863
1251 1887
1251 1995
1252 1264
1253 1377
1253 1451
1253 1654
1253 1712
1253 1866
1254 1802
1255 1483
1255 1618
1255 1830
1255 1965
1256 1494
1257 1526
1259 1683
1260 1410
1260 1808
1260 1953
1261 1271
1261 1736
1262 1446
1262 1980
1263 1704
1263 1966
1264 1518
1264 1741
1264 1759
1265 1490
1265 1560
1265 1808
1265 1828
1265 1937
1266 1793
1266 1911
1267 1450
1268 1278
1270 1498
1270 1962
1271 1457
1272 1599
1272 1991
1274 1662
1274 1676
1274 1700
1275 1584
1275 1677
1276 1592
1276 1669
1276 1831
1277 1431
1277 1871
1278 1678
1279 1425
1279 1910
1280 1688
1281 1320
1282 1740
1282 1945
1283 1706
1284 1411
1286 1591
1286 1666
1287 1527
1288 1291
1288 1599
1289 1577
1290 1551
1290 1988
1291 1876
1292 1599
1293 1797
1294 1406
1294 1788
1295 1336
1295 1772
1295 1879
1296 1427
1296 1848
1296 1859
1297 1401
1297 1434
1298 1893
1298 1895
1300 1477
1301 1532
1301 1574
1301 1779
1301 1899
1302 1320
1302 1331
1302 1357
1303 1546
1303 1820
1303 1961
1303 1978
1304 1440
1304 1644
1306 1488
1306 1568
1306 1678
1307 1514
1308 1954
1309 1866
1309 1912
1310 1466
1310 1831
1310 1834
1310 1871
1311 1470
1314 1715
1315 1374
1318 1344
1318 1617
1319 1450
1319 1996
1320 1949
1321 1806
1323 1547
1323 1868
1326 1957
1327 1458
1327 1789
1328 1854
1328 1911
1331 1769
1332 1780
1332 1825
1333 1584
1333 1710
1333 1839
1333 1861
1335 1431
1335 1800
1336 1962
1337 1568
1339 1401
1339 1914
1340 1412
1341 1604
1341 1888
1342 1453
1346 1680
1349 1570
1349 1697
1349 1758
1349 1807
1350 1415
1351 1727
1353 1464
1354 1864
1354 1867
1355 1794
1355 1944
1356 1743
1357 1663
1359 1905
1360 1540
1360 1577
1360 1889
1362 1696
1362 1841
1363 1649
1365 1934
1365 1944
1367 1757
1368 1556
1369 1410
1369 1810
1370 1520
1371 1434
1372 1683
1373 1618
1374 1430
1374 1767
1376 1389
1376 1497
1377 1786
1378 1766
1378 1791
1379 1420
1380 1500
1381 1584
1381 1746
1382 1482
1384 1504
1384 1613
1384 1735
1384 1913
1385 1718
1386 1735
1387 1779
1388 1829
1389 1926
1390 1961
1393 1599
1393 1708
1394 1425
1395 1437
1395 1442
1395 1738
1395 1958
1396 1928
1396 1995
1397 1647
1397 1686
1397 1978
1398 1565
1398 1738
1398 1915
1399 1500
1399 1798
1400 1470
1400 1534
1400 1923
1401 1672
1403 1493
1403 1964
1404 1640
1404 1743
1405 1476
1405 1494
1405 1770
1406 1713
1407 1903
1408 1472
1408 1990
1409 1870
1410 1576
1411 1522
1411 1687
1411 1868
1411 1975
1414 1511
1414 1638
1415 1504
1416 1713
1417 1598
1421 1586
1422 1426
1422 1452
1422 1719
1423 1456
1423 1973
1424 1710
1425 1827
1425 1831
1427 1744
1427 1792
1427 1933
1429 1827
1430 1652
1430 1729
1431 1539
1431 1965
1432 1736
1432 1802
1433 1647
1433 1750
1434 1839
1434 1871
1434 1903
1434 1921
1435 1824
1437 1545
1437 1708
1437 1847
1437 1861
1437 1961
1440 1472
1440 1556
1440 1558
1443 1493
1443 1792
1443 1980
1444 1993
1445 1667
1445 1709
1447 1930
1449 1818
1451 1984
1455 1547
1457 1473
1457 1792
1458 1678
1459 1897
1462 1478
1462 1709
1463 1670
1463 1874
1465 1528
1465 1790
1467 1923
1469 1896
1470 1510
1470 1779
1471 1646
1471 1734
1474 1878
1475 1739
1476 1588
1476 1652
1477 1565
1477 1826
1480 1814
1481 1570
1483 1747
1485 1608
1486 1579
1487 1555
1489 1595
1489 1867
1490 1740
1490 1746
1492 1735
1493 1766
1494 1668
1495 1750
1496 1677
1498 1558
1498 1834
1498 1873
1498 1891
1499 1970
1500 1676
1500 1923
1501 1634
1501 1866
1502 1703
1504 1534
1504 1569
1504 1740
1504 1891
1505 1779
1505 1951
1508 1924
1509 1523
1509 1709
1511 1742
1511 1929
1511 1964
1512 1776
1513 1615
1513 1665
1514 1672
1516 1823
1517 1630
1519 1746
1520 1942
1521 1595
1521 1703
1523 1753
1524 1712
1526 1646
1526 1657
1527 1753
1528 1572
1530 1610
1530 1752
1533 1592
1534 1942
1541 1892
1542 1802
1542 1968
1543 1565
1543 1625
1543 1829
1544 1565
1545 1552
1545 1926
1548 1607
1548 1980
1549 1620
1550 1874
1551 1645
1551 1719
1553 1914
1553 1983
1554 1566
1554 1923
1555 1743
1555 1833
1556 1588
1556 1905
1558 1561
1562 1705
1562 1961
1563 1844
1565 1741
1567 1622
1567 1962
1569 1791
1571 1792
1573 1670
1574 1808
1581 1714
1581 1975
1590 1773
1591 1887
1591 1895
1593 1715
1594 1759
1594 1819
1596 1933
1597 1664
1597 1681
1598 1717
1599 1736
1600 1825
1604 1843
1605 1792
1607 1942
1607 1979
1608 1908
1609 1681
1609 1804
1610 1743
1610 1863
1611 1635
1611 1636
1613 1824
1613 1852
1613 1934
1614 1860
1616 1702
1616 1831
1618 1894
1619 1946
1621 1775
1623 1800
1623 1812
1624 1881
1624 1975
1626 1758
1627 1708
1628 1875
1629 1958
1633 1634
1633 1678
1633 1937
1634 1722
1635 1784
1640 1940
1641 1692
1641 1851
1641 1978
1642 1778
1643 1718
1646 1657
1648 1831
1648 1864
1648 1882
1652 1813
1652 1933
1657 1878
1660 1751
1660 1903
1662 1696
1663 1826
1664 1768
1665 1677
1666 1970
1667 1768
1667 1871
1668 1727
1669 1827
1669 1964
1670 1985
1672 1787
1675 1680
1675 1938
1676 1763
1676 1921
1682 1873
1682 1945
1684 1965
1686 1938
1687 1967
1688 1824
1689 1708
1690 1793
1690 1926
1691 1851
1692 1695
1694 1941
1694 1948
1696 1726
1697 1956
1704 1729
1709 1811
1711 1803
1711 1924
1711 1989
1712 1914
1714 1764
1714 1972
1715 1771
1716 1770
1718 1780
1718 1796
1718 1852
1719 1759
1722 1856
1724 1923
1724 1928
1728 1777
1729 1783
1730 1938
1731 1825
1731 1858
1732 1798
1732 1947
1735 1923
1735 1981
1736 1977
1743 1829
1743 1884
1744 1868
1744 1913
1745 1876
1746 1945
1748 1809
1751 1966
1753 1972
1754 1983
1756 1851
1757 1933
1761 1767
1761 1771
1761 1795
1763 1860
1766 1790
1770 1783
1770 1916
1774 1966
1778 1824
1780 1971
1782 1837
1783 1795
1785 1923
1789 1982
1790 1957
1791 1911
1793 1921
1795 1915
1798 1918
1799 1872
1800 1913
1801 1860
1801 1924
1802 1857
1804 1858
1804 1919
1809 1842
1812 1984
1816 1889
1823 1929
1825 1995
1828 1882
1833 1839
1848 1873
1848 1880
1851 1890
1857 1866
1860 1959
1864 1936
1871 1905
1875 1931
1880 1886
1892 1917
1893 1958
1895 1923
1896 1901
1904 1911
1904 1913
1908 1920
1922 1974
1929 1947
1931 1981
1931 1997
1933 1998
1934 1999
1935 1979
1936 1991
1937 1953
1945 1951
1947 1963
1954 1994
1954 1996
