0 29
0 125
0 189
1 186
1 235
1 247
2 106
2 174
2 238
3 28
3 30
3 34
3 242
4 57
4 68
4 93
4 148
4 167
5 18
5 27
5 78
5 201
6 148
6 173
6 185
6 205
6 249
7 27
7 46
7 67
7 199
7 205
8 12
8 117
8 205
9 77
9 120
9 198
10 31
10 128
10 135
10 172
10 175
10 249
11 17
11 35
11 131
12 90
12 133
13 80
13 94
13 106
13 154
13 191
13 213
14 24
14 128
14 160
14 178
14 242
15 98
15 146
15 223
16 73
16 77
16 86
16 107
16 159
16 168
17 103
17 115
17 184
17 238
17 240
18 30
18 153
19 94
19 188
19 228
19 230
20 30
20 53
20 139
20 164
20 225
21 168
21 178
21 232
22 229
22 248
23 49
23 103
23 160
23 230
24 133
24 145
25 77
25 84
25 91
25 115
25 248
26 47
26 62
26 74
26 179
26 198
26 208
27 61
27 188
28 39
28 51
28 111
28 114
28 122
28 163
28 170
28 193
28 213
29 72
29 118
29 194
30 95
30 128
30 168
30 214
30 215
31 35
31 45
31 84
31 111
31 113
31 163
32 72
32 90
32 105
32 136
32 218
33 102
33 195
33 206
34 104
35 37
35 83
35 88
35 105
35 112
35 144
35 240
36 47
36 120
36 125
36 143
36 203
36 237
37 240
38 161
38 205
39 61
39 114
39 137
40 49
40 108
40 120
40 135
41 84
41 90
41 216
42 82
42 136
42 197
43 71
43 82
43 170
43 188
43 236
44 119
44 135
44 156
44 184
44 219
45 76
45 109
45 117
45 202
45 223
46 50
46 85
46 132
47 117
48 136
48 213
48 247
49 68
50 51
50 163
50 213
50 220
50 222
50 223
50 228
50 234
51 244
52 54
52 197
52 224
53 61
53 84
54 126
54 144
55 72
55 217
56 228
57 119
57 152
58 183
58 233
59 152
59 153
59 229
59 230
60 66
60 87
60 193
61 65
61 107
62 86
62 113
62 162
62 207
63 92
63 185
64 100
64 110
64 163
64 183
65 115
65 171
66 91
66 159
66 177
67 116
67 148
68 154
69 185
69 219
69 221
70 150
70 219
71 92
72 90
72 112
72 114
72 202
73 211
73 221
74 77
74 79
74 190
75 239
76 117
76 125
76 148
76 236
77 90
77 96
77 106
77 123
77 232
78 225
79 134
79 238
81 115
81 135
81 140
81 178
82 153
82 167
82 243
82 248
83 136
83 206
84 102
84 194
85 142
85 194
86 140
86 151
86 209
86 213
87 114
87 119
87 136
87 190
87 219
87 224
87 234
87 238
89 93
89 96
89 138
89 181
89 184
90 119
90 160
90 161
90 186
90 206
91 150
91 192
91 218
92 192
92 202
92 204
93 142
93 243
94 192
94 214
95 116
95 125
95 158
95 172
95 206
95 217
95 224
95 242
96 123
96 166
96 184
96 198
97 183
97 210
97 222
98 138
98 157
98 242
99 152
99 176
100 115
100 169
100 184
100 199
100 204
100 206
100 210
100 218
100 219
101 192
101 199
102 108
102 165
102 196
102 236
103 157
103 158
103 162
104 202
105 109
105 174
106 135
106 169
106 244
107 191
107 216
108 170
109 113
109 162
110 183
110 191
111 131
111 172
114 169
116 141
116 183
116 187
116 201
116 220
116 223
118 156
118 212
119 142
119 230
119 232
120 205
121 215
121 233
123 148
123 161
123 178
124 237
125 185
126 128
126 221
127 185
127 243
127 249
128 202
129 142
129 190
129 246
131 182
131 185
132 205
132 229
133 161
133 188
135 144
135 191
135 198
137 164
137 189
137 208
138 179
138 180
138 190
138 234
139 193
140 203
141 154
141 220
143 145
143 151
143 244
143 247
144 244
145 239
146 166
147 186
148 171
148 188
148 210
149 186
152 226
153 208
155 174
155 219
157 211
157 221
157 230
158 168
158 170
158 211
159 171
159 210
159 243
160 197
161 175
161 192
161 205
161 209
162 201
163 194
163 227
164 176
164 201
165 171
166 190
166 204
167 181
167 203
169 210
169 229
171 223
172 230
172 245
174 180
174 191
174 228
174 245
175 245
176 188
176 191
176 213
176 224
176 229
179 241
180 192
180 203
180 243
181 182
181 187
181 200
185 186
185 238
185 242
187 215
188 193
189 190
189 194
189 236
190 249
191 215
193 209
193 244
194 201
195 222
196 233
197 199
197 236
199 231
200 242
201 217
203 234
204 206
205 222
206 224
209 227
209 241
210 231
211 231
211 233
212 245
213 243
215 242
216 249
217 229
217 247
218 220
218 248
219 221
219 229
226 239
228 240
