0 385
0 1306
0 1639
1 711
1 3347
2 230
2 656
2 1383
2 1812
2 1946
2 2028
2 2699
2 3184
3 99
3 556
3 1360
3 1736
3 2254
3 2912
4 2844
4 3065
5 1514
5 1747
5 2511
5 2953
5 3899
6 1257
6 2082
6 2432
6 2894
7 595
7 1002
7 1327
7 2016
7 2783
7 2910
8 2867
9 1912
9 2320
10 30
10 619
10 1411
10 1444
10 3645
10 3830
11 2960
11 3539
12 493
12 507
12 2898
12 3498
13 278
13 1024
13 2117
13 3207
14 2192
14 3774
15 1468
15 1619
15 2976
16 1485
16 2333
16 3156
16 3393
17 272
17 1414
17 2057
17 2394
18 655
18 2212
18 2282
18 2380
18 3355
19 378
19 408
19 2168
20 1640
20 2635
20 3420
20 3694
20 3754
21 889
21 1305
21 1677
21 2140
21 3800
22 293
22 2122
23 268
23 544
23 2485
23 2837
23 2877
24 234
24 516
24 583
24 2383
24 3117
24 3702
25 1020
25 1794
26 559
27 2495
27 3343
28 680
28 1564
28 2197
28 2850
29 2602
29 3064
29 3355
29 3815
30 1750
30 1779
30 3695
31 226
31 414
31 1579
32 732
32 1951
32 2444
32 2497
32 2588
33 385
33 390
33 541
33 1540
33 3169
33 3533
33 3856
34 143
34 1295
34 1771
34 2204
34 3537
34 3679
35 2144
35 3229
35 3622
36 223
36 992
36 2527
36 3092
36 3185
36 3482
37 1942
37 2644
37 2926
37 3020
37 3544
37 3865
38 1716
38 1998
38 2581
38 3514
39 839
39 872
39 3484
40 1421
40 2633
40 3212
40 3308
41 2719
42 1945
42 2517
43 1673
43 3069
44 799
44 1629
44 1703
44 3527
44 3960
45 907
45 1202
46 2235
46 2668
46 3049
46 3644
47 311
47 1978
47 2154
47 2498
47 3305
48 454
48 2031
48 2224
49 3744
49 3784
50 1621
50 2194
51 941
51 2842
51 3348
52 815
52 980
52 1381
52 1546
52 2582
52 3227
52 3775
53 267
53 420
53 508
53 682
54 3516
54 3944
55 3007
56 1164
56 1213
56 3632
56 3650
56 3861
57 1272
57 2275
58 492
58 2212
58 3123
59 1806
59 2515
60 1096
60 1690
61 3828
62 647
62 2591
62 3059
63 350
63 695
63 1142
63 3630
64 797
64 1537
64 2106
64 2434
64 2575
65 2271
65 2344
65 3516
66 919
66 1813
66 3556
67 944
67 1070
67 1641
67 1931
67 2459
68 1226
68 3077
69 629
69 1839
69 1906
69 2306
69 3173
69 3631
70 1139
70 1307
70 1754
70 1849
70 3050
71 462
71 1735
71 3111
72 1239
72 1719
72 1823
73 2732
73 3580
74 757
74 1186
74 2814
74 2921
74 3251
75 968
75 1383
75 1551
75 2203
75 2730
75 3514
75 3917
76 107
76 178
76 892
76 3571
76 3698
77 820
77 1758
77 3198
77 3756
78 476
78 617
78 665
78 1092
78 2131
78 2229
78 2869
78 2943
79 201
79 1475
80 1629
80 2598
80 3333
81 799
81 986
81 3503
81 3665
81 3956
82 182
82 1227
82 1437
82 2682
82 3137
82 3524
83 3050
83 3930
84 215
84 774
84 1192
84 1423
85 556
85 710
85 2423
85 2979
85 3525
85 3749
86 469
86 945
86 2192
86 2655
87 696
87 1385
87 2670
87 3729
88 373
88 491
88 1054
88 1112
88 1521
88 2182
88 2863
88 2965
88 3245
89 1408
89 1668
89 1924
89 2014
89 2676
89 2796
90 568
90 762
90 1965
90 2898
91 628
91 1699
91 1829
91 2072
91 2144
91 2211
91 3814
92 2426
92 2599
92 2960
93 451
93 2346
94 816
94 1099
94 1482
94 1903
94 2404
94 2597
95 511
95 1996
95 2088
95 2266
95 2479
95 2629
95 3269
96 108
96 902
96 1114
96 2807
96 3556
96 3647
97 1267
97 2075
97 3146
97 3964
98 135
98 1399
98 1560
98 1839
98 2323
98 2639
98 3032
99 653
99 1309
99 1626
99 2921
100 360
100 2196
100 2286
100 3521
101 444
101 1673
101 1722
101 2080
101 2416
102 348
102 523
102 1530
102 1570
102 1753
103 494
103 1422
103 2145
103 2396
104 2203
105 214
105 397
105 3006
105 3156
105 3456
105 3944
106 160
106 1094
106 2546
106 2622
106 3763
106 3765
107 934
107 1961
107 2659
107 2797
107 3937
108 3168
108 3425
109 971
109 1312
110 890
110 1268
110 1761
110 2964
110 3379
111 925
111 1889
111 2160
111 2883
112 2416
112 3269
113 273
113 581
113 1163
113 1425
114 2274
114 3405
115 778
115 2386
116 143
117 1255
117 1269
117 2370
117 2677
118 1582
118 2283
119 530
119 2061
119 3027
119 3170
120 147
120 289
120 822
120 2904
120 3092
120 3917
121 306
121 475
121 566
121 637
121 1850
121 2301
122 2358
123 1406
123 1534
123 1714
123 2236
123 2672
123 2936
124 379
124 861
124 1088
124 2117
124 3993
125 981
125 1867
125 1895
125 2688
125 3755
126 810
126 2071
126 2892
127 433
127 729
127 1110
127 1766
127 3863
129 3409
129 3611
130 396
130 2601
130 2789
130 3721
131 139
131 1350
131 2904
131 2954
131 3895
132 3342
134 1404
134 3370
134 3606
135 258
135 294
135 3026
135 3049
135 3152
136 245
136 389
136 646
136 901
136 1081
136 1340
136 1375
136 1768
136 2460
137 2302
138 749
139 149
139 1091
139 1228
139 2566
139 3112
139 3122
139 3824
140 1181
141 2570
141 3227
142 193
142 3049
142 3537
142 3777
142 3999
143 482
143 1076
143 2208
143 2260
144 1390
145 2905
145 3697
145 3736
146 1844
146 2712
146 3656
147 1851
147 3120
147 3971
148 1999
148 2873
148 3344
148 3349
148 3467
148 3716
148 3822
149 241
149 261
149 533
149 840
149 1476
149 3934
150 744
150 1696
150 2113
150 2423
150 3613
151 640
151 1479
151 1504
151 1629
151 2980
151 3011
151 3065
151 3271
152 2139
152 2416
153 314
153 557
154 385
154 768
154 2355
154 3573
155 2492
156 1129
156 1549
156 1685
156 3516
157 187
157 792
157 1408
157 2040
157 3342
158 1425
158 2756
158 3392
159 1164
159 1252
159 2680
159 2910
159 3537
159 3551
159 3733
160 1337
160 3827
161 395
161 446
161 760
161 1126
161 3834
162 1094
162 2324
162 3531
163 1108
163 1698
163 3335
164 1289
164 1740
165 343
165 962
165 1835
165 2761
166 708
166 1055
166 2894
167 425
167 991
167 1053
167 1677
167 3405
168 868
168 2230
168 2798
168 3205
169 386
170 387
170 950
170 1223
170 1828
170 2971
170 3171
171 1256
171 3219
172 580
172 858
172 1863
172 3051
172 3322
173 1687
173 2487
173 3492
173 3708
173 3980
174 494
174 1235
174 2594
174 2881
175 1250
175 2441
175 3717
176 946
176 2196
176 2516
176 3541
177 546
177 860
177 877
177 1511
177 3916
178 1785
178 2524
178 3325
178 3495
179 549
179 1782
179 1961
179 1969
179 2262
179 2377
179 2545
180 902
180 1753
180 3091
180 3447
181 1534
181 1959
181 3083
181 3516
181 3760
183 550
183 840
183 954
183 1618
183 2297
184 707
184 860
184 1104
184 1916
184 2692
184 3162
184 3521
184 3526
185 465
185 1203
185 1615
185 1976
185 2164
186 2935
187 594
187 730
189 414
189 662
189 1914
189 3606
189 3886
190 751
190 2527
191 617
191 1721
191 2838
191 3524
192 737
192 1469
192 1610
192 2141
192 2984
192 3736
193 348
193 2039
193 3154
193 3894
195 524
195 990
195 1407
195 1643
195 2906
195 3255
195 3400
196 1321
196 1435
196 1729
196 3308
197 2725
198 890
198 1596
198 1698
198 1810
199 333
199 550
199 737
199 2005
199 3541
200 3836
201 532
201 1102
201 1566
201 1950
201 1972
201 3927
202 1688
202 1931
202 2888
202 3953
203 573
203 1132
203 1505
203 3081
204 2255
204 3230
204 3520
205 214
206 842
206 1923
206 3144
207 3421
208 3721
209 917
209 1098
209 1143
209 1553
209 2494
209 2980
210 942
210 1174
210 2541
210 2604
211 618
211 1246
211 1261
211 1563
211 1703
211 2094
211 2902
211 3949
212 2240
213 1479
213 2068
213 2467
214 687
214 2501
214 2509
214 3205
215 3693
216 538
216 764
216 1984
216 2260
216 2938
216 3024
217 1883
217 2882
217 3519
217 3787
218 347
218 397
218 1607
218 1925
218 3126
219 2169
220 1555
220 2010
220 2564
220 2969
220 3642
221 1126
221 1704
221 2352
221 3325
221 3476
221 3502
221 3745
222 2434
223 1405
223 2520
223 2919
223 3280
224 1435
224 1576
224 2724
224 3177
224 3609
225 477
225 2818
226 2157
226 2270
227 496
227 925
227 1386
227 2874
227 3289
228 287
228 1463
228 2229
228 3789
229 419
229 600
229 1132
229 1463
229 2498
229 2806
229 3590
230 659
230 2144
231 281
231 454
231 1206
231 1334
231 2106
232 524
232 1341
232 1832
232 2364
232 2948
232 3747
233 1177
233 1679
233 2379
233 2569
234 1555
234 1802
234 2428
234 3549
234 3713
235 1170
235 1336
235 1922
235 2990
235 3051
235 3575
235 3849
236 1345
236 1747
236 2494
236 3142
236 3690
236 3797
237 2246
237 2446
237 2784
237 2948
237 3773
239 256
239 2293
239 2786
240 1073
240 1231
241 1477
241 1593
241 2927
241 3195
241 3537
242 1467
242 2017
242 2053
242 3003
242 3089
243 931
243 1384
243 1490
243 2713
243 2780
244 1434
244 1745
244 1976
244 3109
245 378
245 1129
245 1238
245 1672
245 3705
246 646
246 1866
246 3751
246 3874
247 333
247 2477
247 2545
248 517
248 863
248 1737
248 3218
248 3395
249 365
249 589
249 616
249 994
249 1587
249 2570
250 2332
250 2739
251 3560
251 3676
252 2409
252 2600
252 3039
253 440
253 925
253 1123
253 1416
253 1957
253 2494
253 2658
253 3004
254 1772
254 2077
254 3112
254 3239
254 3801
255 318
255 2513
255 2587
255 2659
255 3147
255 3306
255 3707
255 3783
256 1768
256 2178
256 2811
256 3834
257 642
257 931
257 1189
258 524
258 1781
258 3209
258 3615
258 3806
259 599
259 701
259 2934
259 3239
260 1056
260 2060
260 2447
260 3201
260 3913
261 680
261 749
261 3510
262 1391
262 1630
262 2559
262 3242
263 3038
264 3229
265 535
265 935
265 1187
265 1231
265 1572
265 2703
265 3613
265 3906
266 307
266 2643
266 2681
267 3468
268 398
268 965
268 2454
268 2510
268 3011
268 3307
269 891
269 1987
269 2191
269 2374
269 2546
269 3715
270 3309
270 3911
271 341
271 1403
272 508
272 801
272 3445
273 299
273 482
273 663
273 1168
273 2675
273 3124
273 3863
274 710
274 762
274 1044
274 1077
274 1145
274 2707
274 3277
275 2037
275 2180
276 1337
276 2215
277 868
277 2013
278 846
278 1643
278 2161
278 2857
278 2892
279 925
279 943
279 1156
279 3046
280 696
280 1960
280 2326
280 2598
280 3486
280 3737
281 1505
281 1793
281 1871
281 2098
281 2763
282 933
282 1898
282 2233
282 2523
283 992
283 1053
283 2700
283 2753
283 2930
283 3833
284 2094
284 2134
284 2986
284 3049
284 3061
285 667
285 808
285 1283
285 2550
285 2582
285 3616
285 3640
286 537
286 1780
286 2515
286 2869
287 2780
287 3205
287 3460
287 3649
288 449
288 1316
288 3627
288 3728
288 3876
289 391
289 427
289 829
289 840
289 1001
289 1119
289 1631
289 1823
289 1928
289 2131
289 2334
289 3239
290 377
290 539
290 2099
290 3858
291 493
291 2031
291 2743
291 3067
291 3984
292 827
292 1243
292 2280
293 1209
293 2573
293 3377
293 3430
293 3718
293 3816
294 1129
294 2293
294 2367
295 1872
295 3027
296 588
296 592
296 3537
297 711
297 787
297 3132
297 3409
298 389
298 1006
298 2287
298 2302
298 3782
298 3910
299 392
299 3735
300 2616
300 2663
300 3705
301 409
301 725
301 2497
301 3399
301 3697
301 3963
302 1537
302 2088
302 2171
303 634
303 1056
303 1687
303 3992
304 910
304 2218
304 3528
305 324
305 452
305 486
305 1926
305 3466
306 511
306 2832
307 1681
307 2987
307 3452
307 3895
308 602
308 767
308 1125
308 2905
309 357
309 1366
309 3053
310 609
310 3273
310 3457
310 3950
311 3523
312 936
312 1519
312 3683
313 1501
313 3212
314 986
314 1675
314 2246
314 2478
315 689
315 844
315 1109
315 1941
315 2331
315 2470
316 1467
316 2159
316 3118
317 2432
318 1063
318 3615
318 3888
319 660
319 1385
319 2026
320 2409
320 3559
321 387
321 894
321 1007
321 2922
322 761
322 2911
323 3817
323 3834
324 1115
324 1591
324 3783
325 406
325 822
325 2220
325 3342
325 3520
326 1519
326 2846
326 3570
327 1522
327 1644
327 2592
327 3152
327 3694
327 3732
328 430
328 483
328 494
328 2017
328 3150
328 3746
329 843
329 1075
329 1593
329 1923
330 553
330 701
330 1130
330 2044
330 2822
330 2892
331 944
331 1266
331 1522
331 3835
332 1849
332 2787
332 3528
333 1339
333 1655
333 1989
333 2092
333 3503
333 3667
334 3347
335 1620
335 2941
335 3182
335 3490
335 3733
336 1307
336 1559
336 2400
336 2679
336 3150
337 416
337 963
337 1594
337 2469
337 2793
337 3242
337 3311
337 3892
338 428
338 2368
338 2556
338 2713
338 2968
339 2457
339 3141
339 3985
340 354
340 1130
340 2511
340 2658
340 3288
341 3888
342 1825
342 2049
342 3222
343 457
343 1523
343 1993
343 2906
343 3099
344 1744
344 3751
345 1061
345 2895
346 1395
346 3363
346 3460
347 694
347 1926
347 3490
347 3764
348 973
348 1022
348 1487
348 1624
348 1930
348 2845
349 2410
350 1640
350 2183
351 1062
351 1415
351 2542
351 2648
351 2766
351 3519
351 3877
352 1100
352 1341
352 2430
352 3039
352 3261
352 3280
352 3584
353 817
353 1857
353 1902
354 371
354 1382
354 2980
354 3412
355 898
355 3661
356 467
356 752
356 1821
356 2155
356 2533
357 574
357 818
357 3524
358 888
358 972
358 1459
358 2411
358 3681
359 3460
360 1223
360 1833
360 3343
360 3667
361 1801
361 2325
362 1359
362 1732
363 2341
363 3283
364 2950
364 3079
364 3303
365 2019
365 2119
365 3547
366 665
366 1346
366 1872
366 2880
367 1265
367 2351
367 2850
368 726
368 836
368 1226
368 2995
368 3063
368 3547
368 3662
369 688
369 3321
370 3727
370 3805
371 711
371 1943
371 2150
371 2670
371 2830
372 479
372 2346
372 3972
373 966
373 2273
373 3310
374 583
374 2592
375 461
375 1108
375 1913
376 1179
376 1328
376 1963
378 392
378 1535
378 3022
378 3360
379 851
379 1427
379 3632
380 1046
380 2180
380 2475
380 3877
381 725
381 1794
381 2375
381 2733
381 3766
382 3400
383 3561
384 1668
385 592
385 2142
385 2362
385 2500
385 3013
385 3117
385 3358
386 872
386 1975
386 2752
386 3223
386 3742
387 619
387 1118
387 3340
388 2939
389 769
389 2217
390 1160
390 1485
390 1518
390 2319
390 3547
391 1037
392 711
392 3704
393 2084
393 2415
393 3986
393 3996
394 879
394 1769
394 2437
394 3377
394 3463
395 1305
395 1495
395 3406
395 3726
396 461
396 770
396 1985
396 2120
396 3225
396 3463
397 1557
397 1970
397 3901
398 1464
398 2547
398 2612
398 2699
399 1733
399 3016
400 561
400 2222
400 2311
400 2427
400 2566
401 2344
401 3961
402 721
402 1201
402 2694
402 2975
402 3387
403 413
403 997
403 1450
403 1805
403 2215
403 3796
404 2277
404 2515
405 3201
405 3435
405 3474
405 3817
406 632
406 1816
407 1003
407 1093
407 3842
408 1769
409 730
409 3736
410 2957
410 3098
410 3689
411 478
411 2350
411 3327
412 423
412 478
412 820
412 940
412 1677
412 3758
412 3901
413 913
413 1029
413 1079
413 1727
413 1738
414 2431
414 3075
414 3238
414 3538
415 591
415 860
415 2146
415 3796
415 3831
416 869
416 1855
416 3072
416 3287
417 1285
417 1469
418 3794
419 1252
419 2806
419 2986
420 2477
420 2529
420 2987
420 3669
421 2642
422 491
423 703
423 2472
423 3500
424 1247
424 1269
424 1419
424 1449
424 2378
424 2964
425 2410
425 3145
426 990
426 3500
426 3670
427 3246
428 622
428 711
428 1156
428 1478
428 3424
429 1262
429 1766
429 1799
429 1886
429 3048
430 950
430 1202
430 2715
430 3253
430 3367
430 3652
431 1545
431 2479
431 2865
432 772
432 1703
432 1715
432 2768
433 964
433 1534
433 1629
433 3996
434 1299
435 2907
436 2018
436 2823
436 3252
436 3696
437 1376
437 3284
438 501
438 3815
439 1215
439 1867
439 2294
439 2518
440 3053
441 1409
441 2220
441 2755
441 3846
442 1259
442 1678
442 3613
443 744
443 1186
443 2017
444 1923
444 2258
444 2419
444 2557
444 3158
444 3938
445 1752
445 2101
445 3613
445 3792
445 3832
446 1794
446 2341
446 3530
446 3538
446 3561
447 908
447 1411
447 1671
447 1881
447 1928
447 3693
448 2356
448 2747
448 2873
448 3423
448 3894
449 788
449 2107
450 679
450 3521
450 3823
451 723
451 2680
451 3024
452 3569
453 1239
453 2045
453 3030
454 1531
454 1754
454 1869
454 2722
454 3646
455 2966
456 1622
456 3139
456 3809
457 1216
457 1710
457 2496
457 2980
459 656
459 921
459 3070
460 1200
460 1769
460 3008
460 3866
462 468
462 2305
463 845
463 1584
463 2381
463 2574
463 3048
463 3117
463 3764
463 3911
464 3894
466 1848
466 1889
466 3732
467 1535
467 1994
467 2267
467 3619
468 672
468 1093
468 2567
468 3761
469 2976
469 3516
470 485
470 2091
470 2859
470 3235
471 1289
471 2142
471 3105
471 3181
471 3625
472 477
472 727
472 2099
472 2365
472 3293
473 1115
473 1369
473 2542
474 3046
475 972
475 1456
475 3379
476 1857
476 2722
476 3058
476 3865
477 1235
477 1333
477 1602
477 2126
477 2748
478 2317
479 1619
479 3618
480 815
480 1591
480 1683
480 1702
480 3267
480 3612
481 1081
481 1257
481 2419
481 2453
481 2666
481 3670
481 3817
481 3996
482 1857
482 2325
482 2559
483 643
483 644
483 731
483 1923
483 2035
483 3025
483 3409
484 2904
484 2978
485 1294
485 1381
485 3876
486 1506
486 2226
486 2357
486 3910
487 958
487 3303
488 3439
489 1109
489 1389
489 3502
490 975
490 1539
490 2542
490 3609
491 501
491 653
492 848
492 1379
492 1493
493 2476
493 3323
493 3801
494 2386
495 2034
495 2221
495 2625
495 2814
496 2875
498 1200
498 2138
499 1164
500 1094
500 1226
500 1399
500 1509
500 1873
500 1902
500 3210
501 1116
501 1199
501 1838
501 2190
501 3603
502 2350
502 3065
503 571
503 1926
503 3715
505 1496
505 2328
506 1227
506 2322
507 698
507 903
507 1059
507 1583
508 1505
508 1805
508 2058
508 3332
508 3618
509 646
509 659
509 932
509 1617
509 2009
509 3141
510 690
510 949
511 863
511 1168
511 2790
511 3839
512 570
512 591
512 1011
512 1522
512 3750
513 1826
513 2864
513 3434
513 3714
514 817
514 3921
515 847
515 1619
515 2834
516 1402
516 1986
516 2718
518 1636
518 2784
518 3843
519 704
519 708
519 1857
519 3447
520 3190
520 3450
521 1177
521 1564
521 3284
522 526
522 1877
522 3099
522 3994
523 3844
524 1036
524 1854
524 2771
524 3979
525 1877
525 2218
526 1104
526 2993
526 3206
527 780
527 2158
527 2265
527 3161
527 3565
528 2374
528 3570
529 774
529 785
529 1288
529 1977
529 2585
529 2957
529 3279
530 1888
530 2020
530 2173
530 2333
530 3712
531 1725
531 2630
531 3023
532 2607
532 3551
533 1100
533 3013
533 3438
534 820
534 1935
534 2035
535 581
535 628
535 2702
535 3027
535 3910
536 817
536 1596
536 3988
537 668
537 1857
537 2249
537 3123
537 3566
537 3890
537 3957
538 2863
539 936
540 1652
540 2039
540 3635
541 708
541 1099
541 2124
541 2219
541 3056
541 3371
541 3656
541 3823
542 1917
542 2345
542 2882
542 3149
543 872
543 2722
544 705
544 862
544 994
544 1112
544 2650
544 2954
545 1242
545 1647
545 2076
546 1101
546 2705
547 1454
547 2243
547 2409
547 3302
547 3695
548 588
548 658
548 1918
548 1971
548 2441
549 880
549 1181
549 2051
549 2084
549 2222
549 3792
550 1339
550 1520
550 1835
550 1936
550 2683
550 3790
551 1277
551 1712
551 2684
551 3238
551 3700
552 1241
552 1985
552 2410
552 3915
553 1822
553 3818
554 1148
554 1496
554 2128
554 3462
555 1671
555 1830
555 1995
555 2693
555 3261
556 1252
556 1471
556 1912
556 2330
557 1013
558 1145
558 1905
558 3129
559 983
559 1416
559 1699
559 1716
559 1957
559 3728
560 592
560 1298
560 3017
560 3206
560 3813
560 3892
561 988
561 3625
562 1167
562 2867
562 3753
562 3953
563 2774
563 3709
564 1667
564 1734
564 1983
564 2591
564 2859
565 1287
566 853
567 1364
567 2240
567 2395
567 3106
567 3872
568 1715
568 2622
568 3031
569 1629
569 1780
569 2810
569 3334
570 2312
570 2341
570 3002
570 3784
571 1245
571 1668
571 2330
571 2950
571 3009
572 1127
572 2494
572 3809
572 3923
573 1621
573 2185
574 946
574 2391
574 2775
574 3006
574 3488
575 750
575 1703
576 1221
576 1363
576 3561
577 781
577 1009
577 1996
577 3038
577 3564
577 3809
578 1442
578 1939
578 3117
578 3890
579 906
579 2654
579 2926
580 1082
580 1621
580 1935
580 2310
581 736
581 2372
582 1927
582 2794
582 3081
583 777
583 3081
584 1744
584 3088
585 729
585 3260
586 3835
587 839
587 1813
587 2487
587 2624
587 2625
587 2663
587 2682
587 3371
587 3605
587 3876
588 1477
588 1910
588 2597
589 1856
589 1944
589 3489
590 837
590 885
590 1939
590 2281
590 2716
590 2749
591 706
591 1986
592 671
592 1005
592 1054
592 2991
592 3032
593 849
593 1566
593 2719
593 2762
593 3022
593 3267
593 3748
594 2971
595 1894
595 1943
595 2286
595 3753
596 930
596 1032
596 1207
596 2527
596 3100
596 3205
596 3717
596 3780
597 1342
597 1642
597 2840
598 2096
598 2563
599 863
599 1100
599 2514
599 3934
600 1072
600 1170
601 1140
601 1201
601 2597
601 2886
601 3275
601 3654
602 807
602 1604
603 1020
603 1787
604 1143
604 1964
604 2834
604 2839
604 3516
604 3715
604 3884
605 3007
605 3576
606 1733
607 1310
607 3210
608 1336
608 1849
608 2046
609 1146
609 1180
609 1807
609 3965
610 755
610 1740
610 3776
611 716
611 2008
611 2553
612 1606
612 1671
612 2259
612 3816
612 3991
613 727
613 1324
613 3994
614 2434
614 2894
614 3733
614 3763
615 1233
615 2079
615 2449
615 2461
615 3571
617 1308
617 1600
617 1735
617 2948
618 2947
618 3842
618 3848
619 1105
619 1940
619 2040
619 2960
619 3482
621 1508
621 3374
622 2413
623 1365
623 1537
623 1866
623 2598
623 3290
623 3468
623 3732
624 755
624 788
624 2641
625 2627
626 988
626 2898
626 3293
627 1784
627 2009
627 3186
627 3651
627 3810
628 957
628 1220
628 1921
628 2131
628 2608
629 3132
630 968
630 1362
630 1846
630 2097
630 2923
630 3115
630 3677
632 1433
632 3525
633 1229
633 1348
633 1972
633 2335
634 1079
634 1088
634 2102
635 1010
635 2227
636 722
636 1199
636 1443
636 2285
636 3393
636 3416
637 2268
637 3240
638 1466
638 2552
638 3585
638 3684
639 945
639 3760
640 1430
640 3694
641 1059
641 1357
641 2192
641 3059
641 3496
641 3818
642 907
642 1362
642 2761
642 3339
643 819
643 2075
643 2424
644 2172
644 3996
645 1204
645 1523
645 1777
645 2591
646 773
646 839
646 3960
647 2740
647 2845
647 3083
647 3122
647 3779
648 1984
648 2020
648 2259
648 3051
648 3120
649 1747
649 1863
649 2461
649 2585
649 3054
650 1886
650 2437
651 879
651 2788
652 1575
652 2460
652 2537
652 2743
652 2748
652 3683
652 3939
653 2263
654 1302
654 3740
655 1131
655 2506
655 2823
655 2929
656 1794
656 2331
656 3420
657 1585
657 2047
658 2612
658 2846
658 3983
659 764
659 1461
659 2189
659 3017
659 3072
659 3495
660 1121
660 2651
660 3681
661 1354
661 1403
662 670
662 1118
662 2038
663 683
663 2784
664 1142
664 3198
665 1724
665 2002
665 2203
665 2641
665 3307
666 762
666 964
666 1733
666 2057
666 3340
667 1261
667 2427
667 2663
668 1297
668 3226
668 3639
669 2102
669 3507
670 1126
670 1595
671 2221
671 2644
671 2907
671 3317
672 2189
673 791
673 1053
673 2416
673 3065
673 3412
673 3854
674 1559
674 2364
675 2336
676 718
676 996
676 2493
676 3691
676 3873
677 1023
677 1134
678 988
678 1280
678 1807
678 2946
678 3008
678 3909
679 726
679 1301
679 2680
679 2928
679 3811
680 3936
681 2412
682 1164
682 1233
682 1270
682 3318
683 952
683 1305
683 1571
684 1173
684 1222
684 1381
684 2178
684 2690
684 3840
685 1151
685 1631
685 1799
685 2939
685 3812
686 884
686 1841
687 2011
687 2134
687 2696
687 3183
689 2164
689 3177
690 1164
690 2338
690 2655
690 3298
691 827
691 1263
691 2057
691 2428
691 3499
692 1283
692 3771
693 824
693 1697
693 1789
693 3490
693 3774
694 1230
694 1995
694 2661
694 2900
694 3041
695 1815
695 2320
695 3534
696 1857
696 2727
697 800
697 2488
698 1357
698 1371
698 1870
698 3194
698 3498
698 3675
698 3921
699 826
699 1117
699 3902
700 2845
701 2252
701 2428
701 2539
701 2980
701 3637
701 3743
701 3755
702 1145
702 1411
702 1842
702 3226
703 3750
704 865
704 1717
705 2121
705 2509
705 2851
705 3420
706 3824
708 735
708 992
708 1660
708 2135
709 1101
709 2203
709 2603
709 2976
709 3899
710 874
710 1939
710 3386
710 3510
710 3642
710 3798
711 2228
711 2581
711 2582
711 3136
712 2651
713 893
713 1781
713 2098
714 3068
714 3750
714 3943
715 1057
715 1555
715 1787
716 978
716 1284
716 1290
716 1665
716 2373
717 2545
717 2591
717 2787
717 2837
718 758
718 800
718 940
718 1354
718 1983
718 3179
719 1085
719 1341
720 763
720 1296
720 1549
720 2148
720 2290
720 2722
720 2998
720 3277
720 3476
721 1926
721 2636
721 2929
722 799
722 1829
722 3050
722 3305
722 3876
723 1144
723 1289
723 2495
723 3021
723 3833
724 987
724 1372
724 3609
725 1181
725 3403
726 1066
726 3350
728 999
728 1042
728 2777
728 3520
730 754
730 1392
730 3351
731 1510
731 2819
731 3225
731 3424
731 3803
732 812
732 2824
732 2887
733 1192
734 1174
734 3157
735 3182
735 3393
735 3946
735 3947
736 894
736 1930
736 2921
737 1957
737 2380
738 1551
738 2612
738 3443
739 1718
739 1770
739 1902
739 2799
739 3005
740 2707
741 2146
741 2697
742 1678
742 2654
742 2824
742 2914
742 3325
742 3603
743 841
743 2548
743 2746
743 3124
744 1832
744 2009
744 2419
744 3997
745 1320
745 2530
745 3175
746 1372
746 1533
746 3393
746 3671
747 795
747 3319
747 3486
748 895
748 2936
748 3527
749 870
749 1160
749 1447
749 1522
749 2475
750 2338
750 2570
751 1407
751 2699
752 1358
752 2280
752 3123
752 3440
753 1147
753 2022
753 2683
753 2868
753 3551
754 3925
755 1998
755 3290
755 3399
756 801
756 819
756 2067
756 2380
756 2711
757 1740
757 2157
757 2421
757 3493
758 1054
758 2063
758 3063
758 3291
759 989
759 1154
759 1529
759 2596
760 3175
761 1746
762 3949
763 1006
763 2273
764 936
764 2523
764 3412
765 3029
765 3482
766 2711
766 3914
767 2253
767 3496
768 1985
768 2615
768 2744
769 1809
769 1850
769 1866
769 2963
769 3387
770 2619
770 2726
770 3145
770 3407
770 3831
771 1052
771 2523
771 3121
771 3232
772 945
772 1703
772 2193
772 2644
773 2258
773 2385
773 3575
774 1015
774 1097
774 1203
774 3092
775 2618
775 2632
775 2902
776 988
776 1571
776 1608
776 2076
776 2939
776 3791
777 1737
777 1878
777 3549
778 901
778 1304
778 2921
779 3201
780 1569
781 2205
781 2659
781 2971
782 880
782 1055
783 1318
783 1433
783 1841
784 1326
784 1761
784 2308
784 3864
785 2144
785 2201
785 3164
786 2310
786 2558
786 3555
787 2256
787 2663
787 3157
787 3500
787 3715
787 3733
788 1074
788 1874
788 1892
788 2596
788 2710
788 3182
788 3409
788 3558
789 975
789 1994
789 2067
789 2100
790 825
790 3999
791 1877
791 2164
791 3280
792 3263
793 1841
793 2450
793 3583
794 2801
794 2990
794 3675
795 1616
796 3148
797 3488
798 903
798 1237
798 1619
798 1644
798 2111
799 2351
799 2913
799 2999
799 3015
799 3541
799 3693
800 1433
800 1570
800 2412
800 3108
800 3168
800 3180
800 3465
801 1771
801 2519
801 2818
801 3454
802 1606
802 3114
803 816
803 1897
804 862
804 3675
805 1578
805 3084
806 1118
806 2499
808 1348
808 1922
808 2192
808 3371
809 875
809 1502
809 3038
809 3915
810 2212
810 3456
811 981
811 1961
811 3550
812 1040
812 1847
812 1928
813 2618
813 2735
813 2779
813 3036
813 3117
814 1163
814 2060
814 2869
814 3575
814 3896
815 1164
815 1305
815 3038
815 3065
816 3561
817 1277
817 2864
818 2120
818 2364
818 2490
819 881
819 899
819 965
819 3058
819 3065
819 3720
820 1154
820 1515
820 3073
822 1413
822 3188
823 2832
824 1282
824 1538
824 1977
825 1341
825 1487
825 2580
825 3894
826 3702
827 2249
827 3673
827 3806
828 3214
828 3309
829 1307
829 1539
829 1926
829 3156
829 3257
829 3298
830 2229
831 2351
832 1089
833 1012
833 1906
833 2793
834 914
834 991
834 2149
834 2379
834 2498
835 993
835 1079
835 2724
835 2740
835 3618
836 930
836 1003
836 1269
836 1767
837 1601
837 2384
837 3217
838 1382
838 1639
838 2063
838 2104
838 2867
838 3903
839 917
839 1317
839 2218
839 2541
839 2714
840 2753
840 3430
841 899
841 3046
841 3476
841 3565
842 2966
842 3453
843 978
843 2013
843 2317
843 3008
844 2107
844 2330
844 3924
845 1634
845 3439
845 3647
845 3784
845 3871
846 1518
847 1639
847 2391
847 3741
847 3944
848 1815
848 3804
849 1009
849 2559
849 3214
850 1032
850 1196
850 3255
851 962
851 1161
851 1902
852 868
852 2461
852 3013
852 3580
853 1317
853 1398
853 2876
854 1060
854 1321
854 2349
854 2556
854 3328
854 3443
856 902
856 1474
856 1785
856 2666
856 3774
857 1370
857 1823
857 2804
857 3578
858 1730
858 3474
858 3636
859 1843
859 2811
860 2354
860 3800
860 3891
861 1142
861 1327
861 3784
862 1754
862 2467
862 2843
862 3689
863 3356
863 3982
864 1317
864 2822
864 3731
865 892
865 1261
865 1367
865 2084
865 2329
865 3217
865 3397
866 874
866 1152
866 1564
867 1841
867 2647
867 3518
868 995
868 2240
868 2472
868 2690
868 2974
868 3508
868 3981
869 1698
869 2037
869 2225
869 2493
869 3101
870 2788
870 3033
871 1162
871 2117
871 3867
873 2622
874 1922
874 2201
875 1483
875 1496
875 2797
875 3801
876 2998
877 1529
877 3954
878 1700
879 999
879 1544
879 2100
879 2523
879 3685
880 1046
880 2301
880 2867
880 3020
880 3703
881 1704
881 2166
881 2753
882 1832
882 3747
883 2547
883 3302
883 3932
884 1326
884 2249
884 3258
885 1097
885 1360
885 1427
885 1724
885 1996
885 2185
885 3835
886 1014
886 1520
886 2200
886 2284
886 2571
886 3356
886 3990
888 2069
889 1203
890 1316
890 1448
890 2112
890 2862
891 1081
891 2569
891 2898
891 3647
891 3994
892 1566
892 2048
893 1511
893 2102
893 2323
893 2421
893 2472
893 2783
893 2853
893 3665
894 1109
894 1448
894 1615
894 3560
894 3905
894 3925
895 1276
895 2245
895 2571
895 2966
895 3318
896 2216
896 2316
897 968
897 2705
897 3222
897 3405
898 3322
898 3658
899 1036
899 2463
900 2224
900 2304
900 3526
900 3912
901 1072
901 1136
901 1169
901 1386
901 3574
901 3670
902 3837
903 1700
903 1776
903 2083
903 2526
903 2888
903 3541
903 3663
904 1295
904 2524
905 2062
905 3039
905 3181
906 2819
906 3795
907 1490
907 1879
907 2539
907 3963
908 2737
909 1544
909 2259
909 2698
909 3139
909 3390
909 3636
910 976
910 1058
910 1247
910 2516
910 2530
911 1178
911 1992
911 2668
911 3528
912 3740
912 3969
912 3972
913 1871
913 2269
914 1160
914 1705
914 3480
915 2215
915 2636
915 3155
915 3992
916 1014
916 1210
916 1902
916 2658
917 1193
917 2412
917 2865
917 3398
917 3680
919 1013
919 1993
919 3473
919 3817
920 2706
920 2993
920 3285
921 929
921 2892
922 1035
922 1436
922 1929
922 2749
922 2944
922 3876
923 2452
923 2724
923 3833
924 1030
925 3443
925 3692
926 1144
926 2365
926 2876
926 3918
927 1409
927 3546
928 1987
928 2191
928 2583
928 2672
929 1847
929 2031
929 2270
929 3979
930 1048
930 1346
930 1472
931 2004
931 2152
932 3622
932 3735
933 2954
933 3074
934 2820
935 3173
936 1622
936 2229
936 2782
936 3651
936 3714
936 3748
937 1813
937 2743
937 3253
938 3336
938 3764
939 1677
939 2556
940 1244
940 2532
940 3009
940 3555
940 3764
941 1962
941 2011
941 2165
941 2495
941 2695
941 3744
942 1066
942 1678
942 3039
942 3244
943 1278
943 2762
943 3691
943 3725
943 3901
944 1227
944 1784
944 3716
945 1486
946 1572
946 2598
947 1769
947 2345
947 2871
947 3140
947 3576
947 3829
947 3873
948 1233
948 2936
949 1021
949 1836
949 2025
949 2471
950 2906
950 3896
951 1263
951 3079
952 2111
952 2661
952 3658
953 1316
953 1540
953 2099
953 2399
953 3511
953 3571
954 1255
954 1495
955 1406
955 1565
955 2433
955 2486
955 2892
955 3369
955 3408
955 3605
956 1858
956 2391
956 3180
957 2582
957 3756
958 1955
958 2049
958 2294
959 1055
959 1063
959 2953
959 3709
959 3858
960 2538
960 3043
960 3445
960 3522
961 1170
961 1179
961 1184
961 1525
961 1635
961 2927
962 1010
962 1103
962 1808
962 2275
962 3088
962 3322
962 3346
962 3792
963 3152
964 2482
964 2847
964 3027
964 3616
965 2262
965 3677
965 3697
966 1558
966 2925
966 3113
968 1570
968 1909
968 3595
969 1516
969 2444
969 2545
969 2750
969 3139
970 1403
970 2115
970 2617
971 1015
971 1636
971 1736
971 1935
971 1961
971 2037
971 2600
972 2281
972 2951
972 3280
972 3679
972 3700
973 1766
973 1806
973 3748
974 1043
974 1057
974 1739
974 2408
974 3087
975 1235
975 1923
975 2585
976 2531
977 1217
977 1443
977 1939
977 3667
978 1631
978 2397
978 2745
978 2759
978 3405
978 3777
979 1025
980 2772
980 3495
981 3207
982 2628
983 1221
983 1557
983 3319
984 1797
984 3866
985 3709
986 2143
986 2180
986 2298
986 3140
986 3543
986 3552
987 3675
988 2363
989 2578
989 3976
990 1734
990 2056
990 2439
990 2961
990 3397
990 3437
991 1805
991 2050
991 2104
991 2275
991 3352
991 3357
992 2227
992 2551
992 3968
993 2373
993 2519
993 2734
993 2790
994 1328
994 1337
995 3064
995 3072
995 3182
995 3949
996 1848
996 2055
996 2844
997 1862
997 2418
998 2562
998 3154
999 1778
999 2920
999 3332
1000 1086
1000 1444
1000 1573
1000 3024
1000 3061
1001 1550
1001 2596
1002 1987
1003 2214
1003 2914
1004 2201
1004 2562
1004 2597
1004 3360
1004 3581
1005 3264
1006 1227
1006 1927
1006 2266
1006 2615
1006 2952
1006 3133
1006 3760
1007 1834
1007 2771
1007 3291
1008 1751
1008 3308
1009 3062
1010 1921
1010 2045
1010 2946
1011 1884
1011 2934
1011 3212
1011 3722
1012 1288
1012 1553
1012 1649
1012 2320
1012 3079
1013 1353
1013 1763
1013 1960
1013 1977
1013 2384
1013 3348
1014 3037
1015 1070
1015 3453
1015 3961
1016 1239
1016 1570
1016 1950
1016 3669
1016 3680
1017 2448
1017 2523
1017 2591
1017 2606
1017 2778
1017 3986
1018 1195
1018 1284
1018 3438
1019 1153
1019 1711
1019 3478
1020 1695
1020 2028
1020 2065
1020 2104
1020 2739
1020 3571
1021 1642
1021 1922
1021 2948
1023 1214
1023 2169
1023 2654
1023 3161
1023 3235
1024 1452
1024 2744
1024 3914
1026 1197
1027 2086
1027 2327
1027 3334
1027 3936
1028 1494
1028 1779
1030 1500
1031 1233
1031 1446
1031 2344
1031 2614
1031 3018
1031 3223
1031 3245
1032 2793
1032 3258
1032 3864
1033 2983
1034 2082
1034 2822
1034 3752
1035 1464
1035 2684
1035 3199
1035 3471
1035 3614
1036 1441
1037 1138
1037 2120
1037 3420
1037 3486
1038 2127
1038 2309
1038 2552
1039 3411
1039 3489
1040 1769
1040 2696
1041 1369
1041 2338
1041 3922
1042 1924
1043 2676
1043 2957
1043 3173
1043 3412
1044 2071
1044 3229
1045 1553
1045 1848
1045 2186
1045 2383
1046 2038
1047 1221
1047 1627
1047 3486
1048 1408
1048 1450
1048 1461
1048 2350
1048 2891
1048 3594
1049 1317
1050 1253
1050 2130
1050 3569
1051 2906
1051 3133
1051 3755
1051 3956
1052 2596
1053 2268
1054 2418
1055 2092
1056 1448
1056 2515
1056 3388
1057 2567
1057 2588
1057 2890
1058 2016
1058 2638
1059 2187
1059 2260
1060 2386
1060 2762
1060 3446
1060 3949
1061 1708
1061 1737
1062 1548
1062 1852
1063 2527
1064 2754
1064 2921
1064 3102
1066 3983
1067 1229
1068 2282
1068 2705
1069 3131
1069 3912
1070 1543
1070 1639
1070 2274
1070 2795
1070 3202
1070 3641
1071 1270
1071 1428
1071 2066
1071 2165
1071 3426
1072 1997
1072 3176
1072 3565
1073 1506
1073 1508
1073 1678
1073 2395
1074 2231
1074 3099
1075 2331
1075 2546
1076 2121
1076 2858
1076 3123
1076 3821
1077 1311
1077 1355
1078 1167
1078 1340
1078 1871
1078 2860
1079 3506
1080 1850
1080 3283
1081 1643
1081 2402
1082 2256
1082 2774
1082 2970
1082 3249
1083 1278
1083 2836
1084 2927
1084 3623
1084 3641
1084 3849
1085 1472
1085 2069
1086 1701
1086 2918
1087 2057
1087 2077
1087 2529
1088 2058
1089 1296
1089 2135
1090 1191
1090 1432
1090 2481
1090 3424
1090 3846
1091 2769
1091 3038
1092 3890
1093 1231
1093 2109
1093 2953
1093 3040
1093 3960
1094 2270
1094 2530
1094 2658
1094 3270
1095 1519
1095 2083
1095 2264
1096 1575
1096 1936
1097 1149
1100 2254
1100 2333
1100 3641
1101 1271
1101 3517
1102 1702
1102 2427
1102 3028
1104 1466
1104 1477
1104 3468
1105 2863
1105 3800
1106 2345
1107 1740
1107 3789
1107 3887
1108 1303
1108 3010
1108 3885
1109 2044
1109 2904
1110 1992
1110 2817
1110 2948
1110 3422
1110 3782
1111 2759
1111 2891
1112 1971
1112 3089
1112 3110
1112 3540
1113 1811
1113 3993
1114 3369
1115 1180
1115 1392
1115 2105
1116 2834
1116 3366
1117 1295
1117 1307
1117 1326
1117 2250
1117 3198
1117 3704
1118 1696
1118 2880
1119 1555
1119 1559
1119 1607
1120 2283
1120 2525
1120 3728
1121 1213
1121 1788
1121 3313
1121 3879
1122 1447
1122 1950
1122 2085
1122 2663
1123 2694
1124 1474
1124 1496
1124 3743
1125 2772
1126 2451
1126 3371
1127 2532
1127 2555
1128 3830
1129 1347
1129 1612
1129 2254
1129 2340
1129 2543
1131 1909
1131 1980
1131 3063
1132 2629
1133 2149
1133 2292
1133 3012
1133 3511
1134 1396
1134 1841
1134 2608
1134 3269
1135 3079
1135 3656
1136 2468
1136 2659
1136 3129
1137 1373
1137 1808
1137 2660
1137 3006
1137 3245
1139 1360
1139 3492
1139 3798
1140 1337
1140 2098
1140 2406
1140 3006
1140 3613
1141 1392
1141 1422
1141 2732
1141 3053
1142 1745
1142 2763
1143 3861
1144 1318
1144 2022
1144 2764
1145 1247
1145 1973
1145 2961
1145 3095
1146 1515
1146 2663
1147 2718
1147 3428
1148 2330
1149 1234
1149 2204
1149 2260
1149 2351
1149 2488
1149 2587
1149 2688
1149 2766
1149 2773
1150 1548
1150 2609
1151 1818
1151 2775
1151 2961
1151 3160
1152 2099
1152 2162
1154 1943
1154 3235
1154 3688
1155 1884
1156 1215
1156 1441
1156 1567
1156 1692
1156 1850
1156 1919
1156 2180
1156 3976
1157 1180
1157 1909
1157 2311
1157 3486
1158 1947
1158 2081
1158 3845
1159 3134
1160 1175
1160 2178
1160 2358
1161 1874
1161 2147
1162 1831
1162 2386
1162 3595
1163 3046
1164 1212
1164 1523
1164 2903
1165 1306
1165 1554
1166 1711
1166 3188
1166 3633
1167 1499
1167 3326
1167 3862
1168 1596
1168 1995
1168 2888
1168 2933
1168 3717
1169 1897
1169 3201
1169 3661
1170 2587
1170 3117
1170 3723
1171 1597
1171 2082
1171 2646
1172 1528
1172 2314
1173 1178
1173 1712
1173 3815
1174 2777
1174 2850
1174 3015
1175 1687
1175 2559
1175 2628
1176 1572
1176 3333
1176 3521
1176 3605
1176 3686
1176 3688
1178 1454
1178 1658
1178 1825
1178 3180
1180 3204
1181 1456
1181 2409
1181 3645
1181 3723
1182 2393
1183 1413
1183 1459
1183 1592
1183 2816
1183 3122
1183 3717
1184 1475
1184 1687
1185 1456
1185 2674
1186 2002
1186 2298
1186 3025
1186 3143
1186 3622
1186 3992
1187 1283
1187 1940
1187 2683
1187 3232
1187 3585
1188 1802
1188 3083
1188 3440
1189 1405
1189 2614
1189 2872
1189 3275
1189 3578
1190 2871
1190 3277
1191 2058
1191 2154
1191 3268
1191 3580
1191 3588
1191 3933
1193 1529
1193 2654
1193 3090
1194 1310
1194 1996
1194 2004
1194 2639
1194 3280
1194 3546
1195 1532
1195 2626
1195 2749
1195 3539
1195 3682
1196 1410
1196 2311
1196 3892
1197 2853
1197 2924
1197 3288
1197 3538
1197 3973
1198 1606
1198 2039
1198 2836
1199 1380
1199 2754
1199 3236
1199 3760
1199 3873
1200 1403
1200 1563
1201 1501
1202 1421
1202 2333
1202 3315
1203 2751
1204 1237
1204 1317
1204 1428
1204 3107
1204 3373
1204 3807
1205 2738
1205 2986
1205 3054
1205 3126
1206 1602
1206 2515
1206 2595
1206 2857
1207 1818
1207 2784
1207 3682
1210 2005
1210 2212
1210 3464
1210 3905
1211 1317
1211 1740
1211 2019
1211 2129
1211 2868
1211 3001
1212 3422
1213 2162
1213 3363
1213 3416
1214 2117
1214 3786
1214 3881
1215 2062
1215 3399
1215 3989
1216 1764
1216 1914
1216 2393
1216 2756
1216 2851
1216 3903
1216 3974
1217 1532
1217 3241
1218 1274
1218 2331
1218 3305
1219 1997
1219 2370
1220 2508
1220 2858
1221 2292
1222 2594
1222 3709
1223 1954
1224 2220
1225 2355
1225 2500
1225 2652
1227 2449
1228 2008
1228 2349
1229 1433
1229 2345
1229 2409
1229 3788
1230 1355
1230 1735
1230 1780
1230 2689
1230 3474
1232 3184
1233 1252
1233 2457
1233 2947
1234 3668
1235 1618
1235 2125
1235 2159
1235 3103
1235 3643
1236 1284
1236 2521
1236 3738
1237 1449
1237 1610
1237 1982
1237 2059
1237 2677
1237 2699
1237 2740
1237 3880
1238 1423
1238 2835
1238 3282
1238 3784
1238 3964
1239 2139
1239 3201
1240 1567
1241 1444
1241 3775
1242 2240
1242 2330
1242 2478
1243 1799
1243 2599
1243 3013
1243 3149
1244 2980
1244 3821
1245 1306
1245 1653
1246 1305
1246 1927
1246 2552
1247 1650
1247 3621
1248 3085
1248 3091
1249 2963
1250 1696
1250 1895
1251 1650
1251 2084
1252 1695
1252 1712
1252 3193
1253 1751
1253 1856
1253 2420
1253 2620
1253 2832
1253 3502
1256 2879
1256 3251
1256 3353
1257 1349
1257 1777
1257 1859
1257 2252
1257 2716
1257 3114
1257 3414
1258 2379
1259 2591
1260 2457
1260 2680
1260 3385
1260 3823
1263 1584
1264 3038
1265 1303
1265 3849
1266 3772
1266 3851
1267 1844
1267 3138
1267 3400
1269 3068
1269 3390
1269 3419
1270 1743
1270 2320
1271 1302
1271 2838
1271 3793
1272 2268
1272 2480
1273 2238
1273 3595
1274 1641
1274 2533
1274 2767
1274 3138
1274 3575
1275 1689
1275 3743
1275 3995
1276 1920
1276 2291
1277 3796
1278 3418
1279 1945
1279 3889
1280 1589
1281 2706
1281 2719
1281 3077
1282 1405
1282 1963
1282 2315
1282 2762
1282 2945
1283 2977
1283 3614
1284 2551
1284 2677
1284 2861
1284 3356
1284 3740
1285 1628
1285 2242
1286 1755
1286 3780
1287 3522
1287 3742
1288 1675
1288 1891
1288 2763
1288 2974
1288 3320
1288 3555
1289 1725
1290 2612
1290 3423
1290 3542
1291 1869
1291 1875
1291 2262
1291 3997
1292 1408
1292 2156
1292 2728
1293 1389
1293 1455
1293 2132
1293 2175
1293 2916
1293 3641
1294 3267
1295 1521
1295 1635
1295 1713
1295 3151
1295 3478
1296 2283
1296 2838
1296 3048
1297 1341
1297 2465
1297 2489
1297 2638
1297 2825
1297 2973
1297 3836
1297 3939
1298 2073
1298 3022
1299 1452
1299 2260
1299 2575
1299 3072
1299 3132
1300 2388
1300 2426
1301 1982
1301 3282
1302 2237
1303 2551
1303 3430
1304 1984
1304 2662
1304 2771
1305 2032
1305 2697
1306 2060
1306 2463
1306 2895
1306 3412
1307 2308
1307 2792
1307 3041
1307 3458
1307 3510
1308 2226
1308 3934
1309 2071
1309 2329
1309 2880
1310 1668
1310 3111
1310 3921
1311 2071
1311 2092
1311 2745
1312 2172
1312 2312
1312 3140
1313 1328
1313 2331
1313 2372
1313 3570
1314 2652
1314 3906
1315 1352
1315 1462
1315 2559
1315 2627
1315 2914
1315 3323
1315 3658
1316 1981
1317 1942
1317 2035
1317 3105
1318 2387
1318 3975
1319 1848
1319 2332
1320 1584
1320 2069
1320 2539
1320 2567
1320 2916
1320 3368
1320 3754
1321 2682
1322 2195
1322 3976
1323 2924
1323 3063
1324 2222
1324 3575
1325 3311
1325 3571
1325 3800
1326 1613
1327 2801
1327 3087
1328 1791
1328 2709
1329 1928
1329 2998
1329 3511
1331 1547
1331 2447
1331 3945
1331 3998
1332 1450
1332 1989
1332 2133
1332 3376
1333 3363
1335 1497
1335 1823
1335 2238
1335 2521
1335 3204
1335 3346
1336 2385
1336 3093
1336 3921
1337 1758
1338 1817
1338 1894
1338 2373
1338 2636
1338 2640
1338 3311
1339 2481
1339 3042
1339 3457
1340 1532
1340 1956
1340 3207
1340 3684
1341 2576
1341 3125
1342 1697
1342 3715
1345 2685
1345 3677
1345 3761
1346 2718
1346 2938
1346 3157
1346 3224
1346 3774
1347 2590
1347 2887
1347 2913
1347 3167
1347 3187
1348 3601
1349 2158
1349 2339
1349 2788
1350 2390
1350 3459
1351 2091
1351 3029
1352 1848
1352 3085
1352 3307
1352 3546
1353 1612
1353 2334
1353 2722
1353 3611
1353 3858
1354 3852
1355 2990
1355 3546
1355 3898
1356 1579
1356 3097
1356 3309
1357 1473
1358 2610
1358 2845
1358 2853
1358 2934
1358 2975
1358 3064
1358 3534
1359 1815
1359 2865
1360 1374
1360 1475
1360 2612
1361 3044
1362 3111
1362 3148
1362 3471
1362 3723
1363 2517
1364 1645
1364 2538
1364 3124
1365 2297
1366 1563
1366 2333
1366 2895
1366 3672
1367 2028
1368 2242
1368 2523
1368 2929
1368 3085
1368 3148
1368 3366
1369 1893
1369 2190
1369 3487
1371 2506
1371 2558
1371 2606
1372 1796
1372 2487
1372 3768
1373 2231
1373 2777
1374 2986
1374 3436
1375 1506
1376 1840
1376 2670
1377 2169
1377 2501
1378 1855
1378 2319
1378 3756
1379 3350
1379 3465
1380 2414
1380 2793
1381 1523
1381 1540
1381 2739
1381 3145
1382 1932
1382 2553
1382 3037
1382 3074
1382 3303
1383 2625
1383 2836
1383 2947
1384 2800
1384 3534
1384 3768
1384 3877
1385 2567
1385 2702
1386 2670
1386 3495
1387 2242
1387 3165
1388 2135
1388 2953
1390 1574
1390 1735
1390 2064
1390 2977
1391 1538
1391 2902
1391 3318
1391 3406
1392 2708
1392 3045
1393 1875
1393 2362
1393 3122
1393 3375
1393 3700
1394 1578
1394 2308
1394 2445
1394 3230
1395 3360
1395 3422
1395 3630
1396 2769
1397 3605
1398 1508
1398 2932
1398 3108
1398 3206
1399 2754
1399 3309
1400 2123
1400 3542
1401 1582
1401 2689
1401 3050
1402 1470
1402 3306
1402 3584
1404 3753
1405 2918
1405 3144
1405 3521
1406 1683
1406 2296
1406 3044
1406 3062
1406 3231
1406 3692
1407 1442
1407 2301
1407 2480
1407 2526
1407 3586
1408 1521
1408 1678
1408 2111
1408 2603
1408 3381
1409 2226
1409 2268
1409 2352
1409 2806
1411 2904
1411 3326
1413 3507
1414 1911
1414 3062
1414 3527
1416 2309
1416 3157
1417 1501
1417 1852
1417 3213
1418 1774
1418 1775
1418 2380
1418 3210
1418 3255
1418 3392
1420 1422
1420 1644
1420 3514
1420 3961
1421 2786
1421 3171
1421 3594
1422 1521
1422 1892
1422 2245
1422 3858
1423 1910
1423 3199
1423 3416
1424 2165
1424 2964
1425 1633
1425 2825
1426 2553
1426 2983
1429 1664
1429 1953
1429 2794
1429 3291
1430 2231
1431 1480
1431 1656
1431 2204
1431 3541
1432 1489
1432 1664
1432 2520
1432 3310
1432 3819
1433 3663
1434 2439
1434 2539
1434 2828
1434 3784
1435 1790
1436 1629
1436 3293
1436 3631
1436 3946
1437 1819
1437 2830
1437 2841
1438 2381
1438 3499
1439 2116
1439 3867
1440 1441
1441 2272
1441 2868
1441 3137
1441 3470
1442 2370
1442 2543
1442 2888
1442 3280
1442 3773
1443 2468
1443 2551
1444 2396
1444 3101
1444 3965
1445 1720
1445 3006
1445 3247
1446 1801
1447 1856
1447 2032
1447 2170
1448 1613
1448 2665
1449 1682
1449 2034
1450 2005
1450 2101
1450 3325
1450 3397
1451 2552
1451 3000
1451 3088
1451 3323
1452 1665
1452 3890
1452 3912
1453 2101
1454 2690
1455 3255
1455 3621
1455 3701
1456 2653
1457 2729
1457 3220
1457 3615
1458 1971
1458 2006
1458 2716
1458 2871
1459 1919
1459 2999
1461 1535
1461 1882
1461 1928
1461 2978
1461 3325
1462 2307
1463 1638
1463 2473
1463 3079
1463 3212
1464 2790
1464 3733
1465 1804
1465 1923
1465 2303
1465 3175
1465 3620
1466 2370
1466 2773
1467 1519
1467 1790
1467 1839
1467 2405
1467 3895
1468 1964
1468 1974
1468 3991
1469 2888
1469 3458
1469 3498
1469 3549
1469 3902
1470 1526
1470 3930
1471 3117
1471 3188
1471 3393
1471 3887
1472 1653
1472 2493
1473 1917
1473 2009
1473 3138
1473 3575
1473 3731
1474 2731
1475 2905
1476 1741
1476 2067
1476 2247
1476 3763
1476 3782
1477 2763
1477 3084
1477 3395
1477 3615
1478 1563
1478 3496
1478 3857
1479 1958
1479 2871
1479 3579
1479 3580
1480 2598
1481 1858
1481 2165
1481 2460
1481 3919
1481 3989
1482 2250
1482 3116
1482 3623
1482 3746
1483 1980
1484 3378
1485 1520
1485 2444
1485 2971
1485 2987
1485 3732
1485 3835
1485 3931
1486 1872
1486 3913
1487 2087
1487 2267
1487 2610
1488 1724
1488 3823
1489 2988
1490 2166
1491 1743
1491 1940
1491 2981
1492 2525
1492 2600
1492 2634
1492 3692
1493 2153
1493 3470
1493 3670
1493 3903
1494 2011
1494 2222
1494 2273
1494 2679
1495 2023
1495 2051
1495 2249
1495 2996
1495 3630
1495 3734
1495 3862
1496 3526
1497 2531
1497 2897
1497 3574
1498 2437
1498 3615
1498 3725
1499 2193
1499 2381
1499 2860
1499 3479
1500 1965
1500 2592
1500 3425
1501 1756
1501 1873
1501 1951
1501 3142
1503 1573
1503 2559
1503 2716
1504 2715
1505 2351
1506 2445
1506 3311
1506 3862
1509 2832
1509 3158
1510 1860
1510 3078
1511 1959
1511 2023
1511 3845
1511 3951
1512 2942
1513 2546
1513 2885
1513 2929
1513 3285
1513 3526
1514 2053
1514 3669
1514 3749
1515 2379
1515 3183
1515 3292
1516 2499
1516 3461
1517 2755
1518 3106
1518 3660
1518 3772
1519 3210
1519 3957
1520 2573
1520 3432
1520 3891
1521 1877
1521 3208
1521 3324
1522 1814
1522 2616
1522 2757
1522 2961
1522 3032
1522 3091
1523 2744
1523 2942
1524 2030
1524 2344
1525 1561
1525 3672
1526 1600
1526 1712
1526 2583
1526 2884
1528 2833
1528 2888
1528 2999
1528 3779
1529 3354
1529 3986
1530 3339
1531 1545
1531 1954
1531 2132
1531 2733
1531 2761
1532 1919
1532 2874
1532 3962
1533 1664
1533 1702
1533 2830
1533 3085
1533 3458
1534 2920
1534 3146
1535 2068
1536 1599
1536 1792
1536 2283
1536 3305
1536 3660
1536 3751
1537 2427
1537 3866
1538 3331
1538 3739
1538 3740
1539 2194
1539 3015
1539 3954
1540 3268
1541 1556
1541 2132
1541 2178
1541 3912
1542 1710
1543 1712
1543 1814
1543 2618
1543 2945
1543 3785
1546 1764
1546 1807
1546 2895
1546 3063
1547 2164
1548 1692
1549 1588
1549 2194
1549 2828
1549 2840
1549 3331
1550 2631
1550 3353
1550 3602
1551 1788
1551 2292
1551 2750
1551 2864
1552 3209
1553 2230
1553 2980
1553 3207
1553 3396
1553 3437
1554 1591
1554 2096
1554 2630
1554 3470
1554 3680
1554 3760
1555 2131
1555 3132
1555 3366
1556 3417
1556 3986
1557 2600
1558 1907
1558 2660
1558 3553
1558 3680
1558 3688
1558 3896
1559 2417
1559 2510
1559 3898
1560 1686
1561 2278
1561 2884
1561 2889
1561 3740
1563 1833
1563 1836
1563 2449
1563 2605
1563 2684
1563 3082
1563 3305
1564 2412
1564 2442
1564 3342
1564 3598
1564 3962
1565 2446
1565 3390
1565 3555
1566 2486
1566 3252
1568 3639
1568 3694
1569 2386
1569 2675
1570 2121
1570 3214
1570 3278
1570 3508
1571 1690
1571 3541
1571 3564
1571 3668
1572 3602
1572 3832
1573 3896
1574 2656
1575 3034
1575 3249
1575 3684
1576 3563
1577 2556
1577 2896
1577 3145
1577 3375
1578 2642
1579 1624
1579 1834
1579 2639
1579 3673
1579 3793
1580 1692
1580 3163
1580 3283
1580 3472
1580 3761
1580 3931
1581 2566
1581 3558
1581 3777
1582 2166
1583 2430
1584 1941
1584 2651
1584 2842
1584 2866
1584 2953
1584 3228
1584 3987
1585 3146
1586 2794
1586 3049
1587 2558
1587 2803
1587 3642
1588 1694
1588 3833
1589 3240
1589 3713
1589 3911
1589 3916
1590 3228
1590 3758
1590 3893
1591 1794
1591 1825
1591 2559
1592 2057
1592 2432
1593 2048
1593 2691
1593 3129
1593 3736
1594 1672
1594 3490
1595 1853
1595 2750
1595 2857
1595 2961
1595 3087
1596 2158
1596 2280
1596 3052
1597 2049
1597 2186
1597 3774
1598 1990
1598 2236
1598 2372
1598 3030
1599 2081
1599 3667
1600 1962
1600 1973
1600 1977
1600 2270
1600 3159
1600 3705
1600 3972
1601 2495
1601 2806
1602 1861
1602 2404
1602 3587
1603 2179
1603 3484
1603 3802
1604 2356
1604 2777
1604 3907
1605 2504
1605 3678
1606 2772
1606 2854
1607 2307
1608 1796
1608 2624
1609 2159
1610 1968
1610 2199
1610 2377
1610 3391
1611 1787
1611 2044
1611 2066
1611 2616
1611 3032
1612 2388
1613 3245
1613 3353
1614 2270
1614 2699
1614 2713
1615 2566
1616 2052
1616 2252
1616 2420
1616 2987
1618 1860
1618 3212
1618 3397
1619 2010
1619 3630
1619 3687
1620 1646
1620 2469
1620 2719
1621 1692
1621 2676
1621 2689
1621 3648
1622 3238
1623 1954
1623 1979
1623 2682
1623 3341
1625 2832
1625 2909
1626 2900
1626 3053
1627 1797
1627 2761
1627 3096
1627 3416
1627 3552
1629 2888
1629 3867
1630 2075
1630 2735
1631 2864
1631 3265
1631 3518
1631 3742
1632 2007
1632 3875
1634 2068
1634 2223
1634 2940
1634 3179
1634 3384
1634 3534
1634 3908
1635 2684
1635 3277
1636 3485
1637 2389
1637 3801
1639 1780
1639 2945
1639 3512
1640 2282
1641 1810
1641 2517
1641 2831
1642 1945
1642 2408
1643 1930
1643 2073
1643 2087
1644 3012
1645 2159
1645 3792
1646 1905
1646 3141
1647 2173
1647 2836
1648 3710
1649 2033
1649 2155
1649 2350
1649 3487
1649 3586
1650 1673
1650 1774
1650 2810
1650 2977
1651 2570
1651 3215
1652 2466
1652 2908
1652 3626
1653 2558
1653 3693
1654 2010
1654 2596
1655 2692
1656 2192
1656 3616
1657 1731
1657 2524
1658 1816
1658 3937
1659 2957
1660 2557
1661 2204
1661 2679
1661 3565
1661 3583
1661 3885
1662 3107
1662 3113
1662 3469
1663 2504
1664 2001
1664 2714
1665 3164
1665 3499
1665 3816
1666 3793
1666 3871
1667 2384
1667 2997
1668 2077
1668 2212
1668 3961
1668 3970
1668 3984
1669 2192
1669 3596
1670 1887
1670 2498
1670 3262
1670 3452
1671 2365
1672 3492
1672 3842
1673 1750
1673 2393
1673 3321
1673 3862
1674 2949
1675 2903
1676 2162
1676 2967
1676 3360
1676 3539
1677 1976
1678 2485
1678 2993
1678 3320
1679 2966
1679 3510
1679 3511
1680 2106
1680 3761
1681 3402
1681 3812
1682 2205
1683 1873
1685 3056
1686 3782
1686 3959
1687 2073
1688 2483
1688 3696
1689 2544
1689 2559
1689 3534
1689 3844
1689 3890
1690 3578
1691 1905
1691 2319
1691 2372
1691 2412
1691 3253
1691 3292
1692 2175
1692 2916
1693 2683
1693 3464
1693 3665
1694 3021
1694 3186
1694 3823
1695 3102
1695 3702
1696 2203
1696 2996
1697 2509
1697 2527
1698 3502
1699 2051
1699 2118
1700 2276
1700 3296
1701 1941
1701 2892
1701 3092
1701 3286
1701 3843
1702 2089
1703 2128
1703 3399
1704 2917
1705 2722
1705 3353
1705 3439
1705 3687
1706 3193
1706 3475
1707 3535
1708 1768
1708 2926
1709 2827
1710 3128
1710 3888
1712 2233
1712 3490
1713 2808
1713 3112
1713 3167
1713 3949
1714 2484
1714 3436
1715 2497
1715 2991
1716 2131
1716 2159
1716 2554
1716 2894
1717 2717
1717 3078
1717 3439
1718 3595
1719 2512
1719 3688
1720 2048
1720 3266
1721 2428
1721 3592
1722 2527
1722 2674
1722 3312
1723 2496
1723 3144
1723 3634
1723 3876
1723 3936
1723 3957
1724 2403
1724 2709
1726 2297
1726 3845
1727 2594
1727 2623
1727 3473
1727 3956
1728 2701
1728 3678
1729 2166
1729 2219
1729 2605
1729 3232
1730 1814
1730 1972
1730 2033
1730 2082
1730 3058
1730 3088
1730 3417
1731 1732
1731 2222
1732 2173
1733 3739
1733 3822
1734 2023
1734 3340
1734 3506
1734 3585
1735 2843
1735 3127
1736 3565
1737 1809
1737 2310
1737 3110
1737 3237
1739 1803
1739 1816
1739 3250
1739 3679
1739 3861
1740 2732
1740 2737
1740 2884
1741 1759
1741 1885
1741 2285
1741 2752
1743 1945
1743 2189
1745 1914
1746 2482
1746 3792
1747 2310
1747 2732
1748 1879
1748 2719
1748 2826
1748 3274
1748 3427
1748 3497
1748 3687
1748 3755
1748 3781
1750 2090
1750 2149
1751 3213
1752 2028
1753 2453
1753 2717
1753 2740
1755 1789
1755 3124
1755 3676
1755 3797
1755 3965
1756 2716
1756 3575
1757 3758
1758 2350
1758 3063
1758 3646
1760 1885
1761 2464
1761 3573
1761 3859
1762 2546
1762 3533
1762 3856
1763 3125
1763 3495
1764 3392
1765 2001
1765 2941
1765 3970
1766 3535
1767 1872
1767 3546
1767 3792
1768 2177
1768 3021
1768 3355
1768 3633
1768 3997
1769 2064
1769 3337
1769 3742
1770 3180
1771 2494
1771 3800
1771 3848
1772 2634
1773 2784
1773 2991
1774 2161
1774 3926
1775 2423
1775 3441
1776 2290
1776 2547
1777 2426
1777 3106
1777 3595
1777 3682
1777 3977
1778 2528
1778 3954
1779 3412
1780 1936
1782 2674
1782 3585
1782 3981
1783 1910
1783 1930
1784 1966
1784 3667
1785 3618
1785 3751
1786 2826
1788 1828
1790 3274
1791 2205
1791 3452
1792 3004
1794 2141
1794 2354
1795 1962
1796 2207
1796 2567
1796 2796
1796 3960
1797 1906
1797 3046
1797 3905
1798 2979
1798 3736
1800 2278
1801 1900
1801 2651
1802 2065
1802 2874
1802 2903
1802 3656
1803 2390
1803 2449
1803 2927
1804 1868
1804 2140
1804 2383
1804 3383
1805 2586
1805 3301
1806 2430
1806 2944
1806 3507
1807 2166
1807 2344
1807 3332
1808 1883
1808 1998
1808 2598
1808 2735
1808 3481
1809 2725
1809 3293
1810 1957
1810 2098
1811 3680
1812 3177
1812 3290
1812 3487
1813 2019
1813 3197
1813 3264
1814 2031
1814 2425
1814 3328
1815 2338
1815 3116
1815 3895
1816 3362
1818 3473
1820 2069
1820 3771
1821 3107
1821 3172
1821 3211
1822 3158
1822 3505
1823 1999
1823 2650
1824 2100
1824 2669
1824 3215
1824 3277
1824 3771
1825 2002
1825 2314
1826 3655
1827 2310
1828 2419
1829 2075
1829 2169
1829 2523
1829 2895
1829 3611
1830 1843
1830 2038
1830 2568
1831 3534
1831 3832
1832 2719
1832 3729
1833 1907
1834 1976
1834 2318
1834 2581
1834 3010
1834 3258
1834 3963
1835 2325
1835 2700
1838 2982
1840 1878
1841 3541
1841 3588
1842 2768
1843 2665
1844 2479
1844 2983
1845 1874
1845 1958
1845 2463
1846 2366
1846 2867
1846 3174
1847 2312
1847 2653
1848 2038
1849 1869
1849 3080
1850 1987
1850 2623
1850 2985
1851 2017
1852 2042
1852 2671
1852 3423
1852 3526
1853 1883
1853 2685
1855 3131
1855 3354
1855 3561
1855 3827
1856 1926
1856 1975
1856 3502
1857 3279
1857 3320
1857 3914
1857 3932
1858 2124
1858 3054
1859 3679
1859 3810
1860 3172
1861 3883
1862 2366
1862 2409
1862 3195
1864 3707
1865 3352
1865 3439
1865 3701
1866 3323
1868 2894
1869 2442
1870 2203
1870 2609
1871 2833
1872 2175
1872 3446
1873 2152
1873 2367
1873 2669
1873 3040
1874 3968
1875 2917
1875 3075
1875 3533
1875 3801
1876 2431
1876 3667
1876 3999
1877 3283
1878 2076
1878 3802
1879 2095
1879 2466
1879 3023
1879 3288
1880 1929
1880 2051
1880 3496
1880 3749
1881 2062
1882 2347
1882 2791
1882 2999
1882 3715
1885 2398
1885 2660
1885 2689
1885 2780
1885 3097
1886 2421
1886 2626
1886 3068
1887 2573
1887 3503
1888 2010
1888 2452
1888 2781
1888 3746
1889 2029
1889 3372
1890 2484
1890 2761
1890 3335
1891 1986
1891 2172
1891 2451
1891 3034
1891 3127
1892 2281
1892 3476
1893 3642
1895 2035
1895 2698
1895 2959
1896 2140
1896 2291
1896 3181
1896 3449
1897 3140
1897 3819
1897 3869
1898 2699
1898 3450
1899 2412
1899 2576
1899 3139
1899 3903
1900 2055
1900 2883
1901 3698
1901 3723
1902 2986
1902 3745
1903 1928
1903 2262
1903 2763
1903 2924
1903 3588
1905 2492
1906 3495
1906 3659
1907 2190
1907 2233
1907 2717
1907 2988
1907 3919
1907 3991
1908 3849
1909 2465
1909 3625
1909 3682
1910 2075
1910 2158
1910 2655
1910 3025
1910 3866
1911 1922
1911 3149
1911 3756
1914 2318
1914 2338
1914 3465
1915 1997
1915 2050
1915 3022
1915 3330
1915 3674
1915 3685
1915 3964
1916 2292
1916 2601
1916 3632
1917 2402
1917 3844
1918 2005
1919 2339
1920 2213
1920 2557
1920 2635
1920 3063
1921 2220
1921 2573
1922 2235
1922 2887
1922 3175
1923 2687
1923 3152
1925 2119
1927 3514
1927 3529
1929 3008
1930 2115
1930 2125
1930 2160
1930 2523
1930 2540
1931 3205
1931 3853
1932 3559
1932 3678
1932 3686
1933 2230
1933 3545
1934 2939
1934 3333
1934 3572
1934 3747
1935 3317
1936 1938
1936 2681
1936 3302
1937 2008
1937 2147
1937 2611
1937 3130
1937 3214
1937 3698
1939 2015
1939 2066
1939 3257
1939 3591
1940 1991
1940 2174
1940 2954
1940 3373
1941 2062
1942 2404
1942 3756
1943 2338
1944 2027
1944 2592
1944 3271
1944 3979
1945 2326
1945 2978
1946 2138
1946 2498
1947 2658
1947 3752
1948 2191
1948 3424
1948 3814
1949 3146
1950 2800
1950 3102
1951 2410
1951 3885
1952 2668
1953 2000
1953 2321
1953 3526
1954 3531
1955 2401
1955 2403
1955 2652
1955 3056
1956 2029
1956 2251
1956 2661
1956 3742
1957 2941
1957 3066
1957 3541
1958 2932
1958 3063
1960 3063
1960 3865
1961 2806
1961 3398
1962 2795
1963 2327
1963 3230
1964 3952
1965 2306
1965 3798
1966 2240
1966 2460
1966 2625
1966 3825
1967 2306
1967 2384
1967 3646
1967 3922
1968 3767
1969 3966
1970 2166
1970 3390
1971 3533
1973 2818
1973 3624
1974 2092
1974 3591
1974 3631
1975 2307
1975 2645
1976 2619
1976 3176
1976 3883
1977 2182
1977 2188
1978 2024
1978 2825
1979 3701
1980 3049
1980 3219
1980 3432
1981 2711
1981 2820
1981 3069
1981 3750
1981 3879
1981 3915
1982 2286
1983 2698
1983 2753
1984 2065
1984 3329
1985 2205
1985 2388
1985 2476
1985 3795
1986 3932
1987 2803
1989 3615
1989 3693
1990 2733
1990 3012
1991 2676
1991 3090
1991 3403
1991 3710
1993 2356
1993 3334
1994 2573
1995 2469
1995 3543
1995 3990
1996 2427
1996 2625
1996 3964
1997 2568
1997 3293
1997 3416
1997 3941
1998 2550
1998 3689
1999 2051
1999 2287
1999 3910
2001 3641
2002 2366
2002 2486
2002 2872
2002 3033
2002 3636
2003 2792
2003 3300
2003 3507
2003 3510
2004 2492
2005 2086
2005 2518
2005 2692
2005 3844
2006 3175
2006 3848
2007 3563
2007 3916
2008 3155
2010 2016
2010 2499
2011 3663
2012 2416
2013 3190
2014 2906
2015 2274
2015 2415
2015 3289
2015 3798
2017 2639
2017 2846
2017 3333
2017 3366
2017 3614
2018 2603
2018 3770
2019 2286
2019 2797
2020 3204
2021 2483
2021 3109
2022 2432
2022 3551
2023 2076
2023 2980
2023 3575
2024 3424
2024 3677
2024 3782
2025 2032
2025 2104
2025 2173
2025 2808
2025 3075
2025 3211
2026 3565
2026 3923
2027 2759
2027 3143
2027 3946
2028 2035
2028 3094
2029 2497
2029 2520
2029 2810
2030 2673
2030 3604
2031 2606
2031 2648
2031 2696
2031 2891
2031 3720
2033 2521
2033 3842
2034 2817
2034 3021
2034 3180
2035 2260
2035 2613
2036 2556
2036 2944
2036 3364
2037 2060
2037 2286
2037 2294
2037 2586
2037 2637
2037 3715
2038 3583
2039 2344
2039 2933
2039 3399
2041 2772
2042 2229
2042 3408
2043 2232
2043 3024
2043 3748
2044 2804
2044 3649
2045 2299
2046 2511
2046 3086
2046 3255
2046 3400
2047 2074
2047 3238
2048 3280
2049 3091
2050 2512
2050 2563
2050 3225
2050 3391
2054 2125
2054 2881
2055 3808
2056 2237
2056 2463
2056 2655
2056 3387
2057 3959
2059 2856
2060 2219
2060 2414
2062 2213
2062 3811
2064 2555
2065 3290
2066 3759
2067 3318
2067 3876
2068 3552
2068 3689
2069 2449
2069 2639
2069 3636
2070 3436
2070 3534
2071 3494
2072 3478
2072 3492
2073 2301
2073 2450
2073 2714
2074 2985
2074 3684
2075 2210
2075 2676
2077 2237
2077 2847
2078 2581
2078 3471
2078 3690
2078 3755
2078 3864
2079 2538
2079 3708
2081 2106
2081 3005
2081 3789
2081 3888
2082 2185
2082 3266
2082 3356
2084 2827
2084 2842
2084 3335
2084 3966
2085 3147
2086 2240
2086 2879
2087 2716
2087 3540
2087 3720
2088 3435
2089 2767
2089 3555
2089 3698
2090 2443
2090 3742
2090 3946
2091 2212
2093 2277
2093 2767
2095 3074
2095 3631
2096 2354
2099 3396
2100 2756
2100 3429
2100 3915
2101 2189
2101 3643
2102 2199
2102 2546
2102 3114
2103 2260
2103 2646
2104 3637
2105 2747
2105 3695
2106 3214
2108 2135
2108 3077
2109 2968
2109 3190
2109 3705
2109 3808
2110 2506
2110 2922
2111 2571
2111 2904
2112 2151
2112 2284
2112 2316
2112 2502
2112 3115
2113 2581
2115 2221
2115 3787
2116 2697
2116 3072
2117 2264
2117 3200
2119 2467
2120 2499
2120 3516
2120 3571
2121 2220
2121 2882
2121 3471
2122 3153
2122 3607
2123 2982
2123 3461
2124 3008
2125 2669
2126 2647
2127 2222
2127 2269
2127 2491
2128 2335
2128 3491
2129 2975
2129 3508
2130 3006
2131 2809
2134 2924
2135 2497
2135 2502
2136 2266
2137 3514
2137 3826
2138 2187
2138 3464
2139 2207
2139 2757
2139 3293
2139 3790
2139 3796
2141 3123
2141 3566
2141 3840
2142 2737
2142 3025
2142 3458
2143 2740
2144 3205
2144 3544
2144 3942
2145 2724
2145 3150
2145 3994
2146 3857
2147 2241
2147 2926
2147 3794
2149 2313
2149 2365
2149 2507
2149 2949
2149 3270
2149 3682
2151 2195
2151 2842
2151 2848
2151 3406
2152 3112
2154 3470
2155 2332
2155 2783
2155 3286
2156 2575
2156 3188
2156 3706
2157 2675
2157 3976
2158 2231
2159 2256
2159 3679
2160 2572
2160 3050
2161 2459
2161 2602
2161 2629
2161 3357
2161 3398
2162 2289
2162 2466
2162 3811
2164 3433
2164 3900
2165 2854
2165 3725
2167 2438
2167 2445
2167 3065
2167 3976
2168 2461
2169 2467
2169 2620
2169 3869
2170 2344
2170 2476
2170 3305
2170 3794
2170 3818
2171 2918
2171 3443
2172 2184
2172 3569
2173 3177
2173 3546
2174 2746
2174 3250
2174 3326
2175 2733
2175 3805
2175 3881
2176 2457
2176 2493
2177 2692
2177 3234
2178 3832
2179 3372
2179 3898
2180 3325
2180 3346
2182 3050
2182 3289
2183 2361
2183 3505
2184 2667
2185 3556
2186 3272
2187 2827
2187 3709
2188 2314
2188 2483
2188 3795
2189 2659
2189 2797
2190 3184
2191 2717
2191 3338
2192 2520
2192 2927
2192 3146
2193 2212
2193 3555
2196 2770
2196 3185
2196 3943
2197 2321
2197 3395
2197 3453
2197 3597
2198 2297
2199 3306
2200 2760
2202 2382
2202 3052
2202 3985
2203 2921
2204 3088
2204 3157
2204 3647
2204 3840
2206 2547
2206 2823
2207 3338
2207 3770
2208 3381
2208 3404
2209 2638
2209 3170
2209 3183
2209 3256
2210 3883
2211 2327
2211 3616
2212 3097
2214 3815
2215 2337
2215 2565
2215 2709
2217 3374
2218 2964
2219 3588
2220 2267
2220 3912
2221 2944
2222 2767
2222 3285
2222 3669
2222 3899
2223 3649
2223 3790
2223 3841
2224 3031
2224 3541
2224 3563
2224 3792
2225 3203
2227 2998
2228 2876
2228 3113
2228 3444
2230 3317
2230 3676
2231 3064
2232 2449
2233 2605
2234 2969
2234 3634
2235 3206
2236 3391
2236 3766
2237 2287
2237 2430
2238 3010
2239 3527
2240 3939
2241 3354
2241 3375
2242 2474
2242 2813
2242 3018
2243 2289
2243 2755
2243 3275
2243 3722
2246 3191
2246 3641
2247 2469
2247 2530
2247 3090
2247 3400
2247 3943
2249 2401
2249 3847
2250 2343
2252 3609
2252 3990
2254 2887
2255 3485
2256 2514
2256 2523
2258 3171
2258 3854
2261 2856
2262 2739
2262 2744
2262 3397
2263 2662
2263 2840
2264 2458
2264 3299
2265 2758
2266 2553
2266 3063
2266 3426
2267 3870
2268 3840
2269 3835
2270 3034
2271 3015
2271 3120
2271 3707
2273 2750
2273 3920
2274 3702
2274 3881
2275 2805
2276 2939
2277 2380
2277 3919
2278 3362
2278 3363
2279 2881
2279 3166
2279 3278
2281 3101
2282 2293
2282 2974
2282 3277
2283 2436
2283 2505
2283 3396
2284 2902
2284 3375
2285 3032
2285 3449
2285 3804
2286 2847
2286 3578
2287 2512
2287 3258
2288 3937
2289 3299
2292 3084
2292 3295
2293 3033
2293 3157
2294 2686
2296 3004
2297 3483
2297 3707
2299 3249
2300 2514
2300 3575
2301 2520
2301 3585
2302 2514
2302 2550
2303 3540
2306 3294
2307 2546
2307 3753
2308 2406
2309 2680
2309 2809
2309 3851
2311 2607
2311 3240
2313 3869
2314 3572
2316 3593
2316 3889
2317 2884
2317 3180
2318 3101
2318 3163
2319 3211
2320 2841
2320 3039
2320 3652
2320 3682
2321 3138
2322 2325
2322 2576
2323 3933
2324 2394
2325 3759
2326 2732
2327 2536
2328 2738
2329 2433
2329 3503
2329 3799
2330 2935
2330 3447
2330 3569
2331 2930
2333 3011
2333 3971
2334 3776
2334 3884
2335 3894
2336 2560
2336 2756
2337 2976
2337 3167
2337 3296
2337 3657
2337 3819
2338 2387
2338 2954
2338 3888
2339 2374
2339 2918
2340 2346
2340 2481
2340 2914
2340 3336
2342 3266
2344 2859
2344 2885
2344 3254
2346 2492
2346 2619
2346 2623
2346 3386
2347 2880
2347 3370
2348 3025
2348 3059
2348 3576
2348 3623
2348 3666
2351 3561
2351 3849
2352 2361
2352 3000
2352 3012
2353 2936
2353 3010
2353 3053
2353 3858
2354 2506
2355 3370
2356 3821
2357 2792
2358 2541
2358 3014
2358 3708
2360 3227
2361 3429
2362 3961
2363 2663
2363 2682
2364 3457
2364 3728
2365 2806
2367 3569
2367 3773
2368 2387
2368 2559
2368 3571
2371 2696
2371 3590
2372 2481
2372 2562
2372 3286
2373 3142
2374 3052
2375 3506
2376 2450
2376 2777
2376 3762
2377 2958
2377 3604
2378 3214
2378 3549
2379 3911
2380 3251
2381 3051
2382 2489
2382 3264
2382 3278
2384 3412
2384 3692
2385 2432
2385 3427
2386 2873
2386 3259
2387 3745
2387 3864
2388 2768
2388 2776
2388 3025
2388 3811
2389 3503
2391 2650
2391 2846
2391 3003
2391 3063
2392 2434
2392 2528
2392 2574
2393 2712
2394 3050
2395 2588
2395 3228
2396 3578
2397 2555
2397 2783
2397 3012
2398 2581
2398 2585
2398 3815
2399 2851
2399 3124
2399 3248
2402 2888
2402 3793
2403 3012
2404 2898
2405 2503
2405 2578
2405 3047
2405 3218
2405 3526
2405 3773
2406 3055
2406 3806
2407 2603
2409 2572
2409 3649
2410 2504
2410 3000
2410 3415
2410 3514
2410 3909
2411 3511
2411 3812
2412 2496
2412 2511
2412 2696
2412 2760
2412 3563
2413 3516
2414 2791
2414 3013
2414 3097
2415 2901
2415 3242
2415 3327
2416 2621
2418 3068
2418 3738
2419 3586
2419 3639
2420 2514
2420 3279
2422 2677
2422 2971
2422 3282
2422 3551
2424 3783
2425 3455
2427 2514
2427 3629
2429 2675
2430 2489
2433 3000
2433 3297
2434 3604
2434 3885
2435 3553
2436 3009
2437 2717
2439 2561
2439 2899
2439 3710
2441 2629
2441 2654
2441 3753
2442 2893
2442 3610
2442 3678
2443 3028
2444 2786
2447 2583
2447 3803
2448 2492
2450 3201
2450 3220
2451 3017
2453 3090
2453 3340
2453 3542
2453 3565
2453 3816
2455 3075
2455 3877
2457 2757
2458 3758
2459 2743
2460 2707
2460 2912
2461 3381
2461 3600
2461 3816
2462 2557
2462 2593
2464 3446
2465 2905
2467 2733
2467 3109
2467 3359
2468 3137
2468 3569
2469 3034
2470 2762
2470 2912
2470 3366
2471 2571
2471 2771
2471 2952
2471 3521
2472 3641
2472 3780
2473 2762
2474 2839
2475 3008
2475 3321
2477 2982
2477 3353
2479 3802
2480 2517
2480 2619
2480 3203
2480 3555
2480 3853
2481 2492
2481 3149
2482 3017
2482 3476
2483 2545
2484 3638
2485 2583
2485 2685
2485 3260
2485 3452
2487 2499
2487 3236
2487 3615
2489 3195
2490 2783
2490 2791
2490 3387
2490 3572
2490 3998
2491 3917
2492 2815
2494 2562
2495 2921
2495 3676
2495 3758
2496 2680
2496 3185
2497 2621
2498 2875
2498 3745
2499 3603
2500 2777
2501 3545
2501 3628
2501 3734
2502 2997
2502 3332
2504 3919
2505 2917
2507 3048
2507 3137
2507 3308
2507 3468
2508 2667
2508 3702
2508 3856
2509 3248
2509 3659
2509 3729
2510 3490
2511 2666
2511 3137
2511 3524
2511 3766
2512 2975
2512 3967
2513 2945
2513 3532
2513 3849
2514 2788
2514 3563
2515 2882
2515 2916
2516 2936
2517 3134
2517 3205
2517 3504
2517 3643
2517 3705
2517 3935
2518 3745
2519 3809
2521 3016
2521 3088
2522 3285
2522 3407
2523 2756
2524 2948
2524 2978
2524 3989
2526 2600
2526 3175
2529 3181
2529 3905
2529 3933
2531 3627
2532 3118
2532 3448
2533 2633
2533 3593
2533 3784
2536 2636
2536 3175
2537 2983
2538 3318
2538 3337
2538 3425
2538 3687
2539 2618
2539 3788
2542 3076
2544 2715
2544 3083
2545 3459
2546 3557
2547 2585
2547 3052
2547 3999
2548 3301
2551 3124
2552 2686
2552 3642
2554 2577
2554 3942
2555 2723
2555 3936
2557 3994
2561 2717
2561 2728
2561 3480
2561 3788
2562 2860
2562 3311
2562 3689
2563 3458
2564 3273
2564 3594
2565 3728
2566 2629
2566 3151
2566 3575
2566 3876
2567 3375
2568 3037
2568 3091
2568 3359
2568 3973
2569 3274
2569 3828
2569 3951
2570 3024
2570 3741
2571 2962
2573 3362
2575 3275
2576 3123
2576 3370
2577 2826
2578 3365
2578 3842
2580 3494
2580 3625
2581 2932
2582 3510
2583 2726
2583 3156
2583 3247
2583 3306
2585 2965
2587 3370
2588 3501
2590 2741
2591 3237
2591 3736
2593 2620
2593 3908
2594 3503
2594 3728
2595 2775
2595 3259
2597 2878
2598 2674
2598 3535
2598 3776
2599 3304
2599 3881
2600 2931
2601 2790
2602 3437
2602 3916
2603 2717
2603 2903
2605 3807
2606 3002
2606 3162
2606 3757
2607 3027
2607 3125
2608 3857
2609 3843
2610 2631
2610 3445
2610 3771
2610 3960
2611 3431
2611 3753
2612 3608
2613 2651
2613 3275
2614 2615
2614 2950
2615 3054
2615 3082
2615 3371
2615 3865
2616 3241
2616 3361
2617 2640
2617 3609
2617 3618
2618 3452
2619 3038
2619 3317
2619 3514
2620 3417
2621 3994
2622 3558
2623 3467
2624 3153
2626 3526
2628 3851
2628 3986
2629 2672
2630 3167
2630 3683
2630 3938
2631 3087
2631 3922
2632 2806
2632 2964
2633 2702
2633 3577
2633 3616
2634 3432
2634 3478
2635 3042
2635 3442
2636 3151
2637 2751
2637 2977
2638 3286
2639 3911
2640 2986
2642 2876
2642 2960
2642 3098
2642 3353
2643 2808
2643 3448
2644 3582
2646 2662
2646 3037
2649 3143
2649 3397
2650 3431
2650 3675
2651 3714
2652 2946
2652 3603
2653 3930
2654 3806
2656 2842
2656 3967
2657 2964
2657 3037
2657 3159
2658 3277
2661 2733
2661 3142
2661 3841
2663 3083
2664 3280
2666 2876
2666 2954
2667 3029
2667 3089
2670 3489
2670 3598
2671 2886
2672 2756
2672 3153
2672 3185
2673 3315
2674 3398
2674 3401
2675 3301
2676 2762
2676 3483
2678 3539
2679 2928
2681 2741
2681 3634
2682 3450
2683 3255
2683 3417
2684 2766
2685 3730
2686 2949
2688 3240
2688 3266
2689 3293
2690 3715
2691 3156
2692 3245
2692 3260
2694 3699
2695 3272
2695 3766
2697 3626
2697 3862
2698 3159
2700 3064
2700 3208
2700 3995
2701 3250
2701 3363
2702 2825
2703 2868
2703 2882
2703 3066
2703 3143
2703 3468
2704 2829
2704 3010
2704 3489
2705 3493
2705 3933
2706 2862
2706 2986
2706 3245
2706 3611
2709 3279
2710 2756
2711 2804
2712 2715
2713 3597
2715 2825
2715 3497
2715 3830
2716 2943
2716 3399
2717 2900
2717 2902
2717 3556
2718 3357
2719 3569
2720 2954
2720 3412
2722 3087
2723 3348
2723 3668
2723 3971
2725 3369
2725 3737
2728 3620
2729 2839
2729 3561
2729 3731
2729 3850
2730 3032
2730 3958
2731 2826
2731 3590
2733 2756
2734 3060
2734 3399
2734 3799
2736 2920
2737 3411
2738 3946
2739 3201
2739 3232
2742 3225
2745 3568
2748 3306
2748 3319
2749 3365
2749 3507
2750 3367
2751 3089
2751 3291
2751 3312
2751 3788
2752 2846
2752 3162
2752 3602
2757 3155
2757 3233
2759 3017
2762 2826
2763 2827
2765 2838
2765 3809
2766 3056
2768 3168
2768 3248
2769 3566
2770 3462
2771 3690
2771 3814
2772 2779
2772 2855
2772 3255
2772 3411
2772 3441
2772 3471
2772 3827
2773 2847
2774 3144
2775 3581
2776 3675
2778 3721
2779 3497
2780 3602
2781 2960
2781 3967
2782 3337
2784 3130
2785 3182
2785 3723
2785 3891
2786 2921
2787 3232
2787 3924
2788 3383
2789 2957
2789 3133
2789 3361
2789 3609
2790 2843
2790 2956
2790 3908
2791 3002
2791 3273
2792 3896
2793 3019
2793 3416
2794 3208
2794 3870
2794 3976
2795 3611
2796 3320
2796 3747
2797 3140
2802 2832
2803 3081
2803 3445
2803 3501
2804 3351
2806 3329
2806 3954
2807 2855
2807 3069
2807 3880
2809 3646
2810 3776
2811 3742
2811 3864
2812 2918
2813 3361
2813 3517
2814 3163
2814 3655
2815 3207
2816 2980
2816 3345
2816 3857
2817 3019
2818 3039
2818 3336
2819 3688
2820 3351
2820 3524
2820 3974
2821 3171
2822 2901
2823 3496
2824 3548
2824 3561
2825 2841
2825 2846
2826 3615
2827 3435
2828 2857
2828 3461
2829 2848
2829 3608
2830 3019
2831 3208
2831 3333
2831 3524
2832 3460
2834 3369
2834 3823
2835 3281
2835 3984
2836 3090
2837 2891
2839 3329
2841 2961
2841 3235
2843 3225
2843 3718
2844 2892
2844 3117
2844 3488
2844 3976
2845 2892
2845 3863
2846 2882
2846 2997
2846 3944
2847 3058
2847 3233
2847 3926
2848 3066
2852 3651
2853 3484
2853 3928
2856 2943
2856 3396
2857 2944
2857 3453
2857 3548
2857 3723
2857 3961
2858 3481
2858 3797
2859 2959
2860 2900
2861 3230
2866 3280
2867 3468
2867 3832
2869 3884
2872 3145
2872 3452
2873 3130
2873 3352
2875 3977
2876 3934
2876 3992
2878 3317
2878 3990
2880 3248
2881 3160
2882 3098
2882 3845
2883 3377
2883 3807
2884 3604
2884 3710
2884 3906
2885 3392
2886 3548
2886 3796
2888 3800
2889 3470
2889 3715
2890 3342
2893 2907
2893 3381
2894 3613
2895 3631
2897 2910
2898 3328
2899 3833
2900 3557
2900 3757
2902 3115
2903 3028
2903 3442
2905 3105
2905 3816
2905 3839
2907 2908
2907 3787
2909 2921
2909 3869
2913 3185
2914 3217
2915 3631
2916 3576
2916 3703
2920 3366
2921 3725
2925 3385
2926 3443
2927 3275
2928 3084
2929 3423
2929 3839
2930 3553
2931 3543
2932 3000
2932 3704
2933 3092
2934 3023
2935 3689
2936 3063
2936 3289
2936 3967
2937 3169
2938 3622
2940 3033
2940 3088
2940 3650
2941 3301
2942 3243
2943 3327
2944 3394
2944 3412
2944 3741
2945 3680
2945 3995
2946 3118
2946 3568
2947 3190
2947 3381
2948 3324
2948 3506
2948 3911
2951 3618
2952 3101
2952 3350
2954 3847
2955 3119
2956 3890
2956 3906
2959 3814
2960 3183
2960 3899
2962 3219
2963 3060
2964 3745
2965 3602
2966 3538
2967 3347
2969 3714
2969 3824
2973 3545
2973 3776
2973 3904
2974 3972
2976 3146
2976 3932
2977 3326
2979 3153
2979 3750
2980 3470
2980 3528
2982 3229
2982 3580
2982 3615
2982 3811
2982 3910
2983 3418
2985 3250
2987 3061
2990 3996
2992 3132
2993 3152
2993 3558
2993 3932
2994 3956
2996 3047
2996 3074
2997 3451
2999 3345
2999 3518
3000 3115
3000 3541
3001 3436
3002 3665
3002 3957
3004 3038
3004 3657
3005 3535
3005 3870
3006 3725
3007 3236
3008 3631
3012 3301
3013 3239
3013 3294
3014 3320
3016 3203
3016 3477
3016 3725
3017 3719
3018 3261
3018 3279
3018 3964
3019 3951
3022 3332
3022 3347
3023 3299
3023 3453
3023 3929
3024 3891
3025 3191
3025 3400
3025 3867
3027 3158
3027 3911
3028 3220
3030 3047
3030 3822
3031 3495
3031 3704
3033 3829
3034 3874
3035 3205
3035 3233
3038 3300
3040 3245
3042 3336
3042 3409
3044 3147
3044 3529
3046 3610
3047 3445
3047 3686
3047 3848
3048 3167
3048 3888
3050 3334
3055 3109
3056 3941
3058 3130
3059 3538
3060 3495
3061 3666
3063 3303
3063 3373
3069 3409
3069 3763
3070 3360
3070 3397
3070 3738
3071 3115
3072 3442
3072 3917
3073 3527
3073 3665
3073 3674
3073 3760
3074 3193
3075 3324
3076 3483
3078 3188
3078 3561
3081 3674
3085 3470
3086 3343
3086 3819
3087 3198
3088 3571
3088 3713
3088 3912
3090 3982
3091 3412
3093 3186
3094 3702
3096 3525
3097 3123
3098 3565
3098 3831
3098 3881
3100 3666
3102 3387
3102 3413
3103 3718
3103 3772
3103 3860
3104 3114
3106 3668
3106 3782
3106 3985
3107 3254
3109 3951
3110 3501
3110 3565
3112 3378
3114 3223
3114 3368
3118 3721
3121 3152
3121 3542
3123 3242
3123 3968
3124 3407
3130 3842
3131 3483
3131 3618
3132 3972
3134 3381
3134 3648
3135 3223
3135 3373
3137 3386
3137 3594
3138 3264
3138 3369
3139 3282
3140 3659
3141 3842
3151 3485
3152 3953
3152 3982
3158 3899
3161 3969
3162 3913
3165 3963
3168 3975
3169 3391
3169 3944
3173 3207
3175 3589
3175 3597
3175 3973
3176 3288
3177 3230
3177 3510
3179 3398
3181 3347
3181 3446
3182 3778
3182 3821
3183 3847
3183 3940
3184 3451
3184 3666
3186 3315
3187 3272
3187 3941
3188 3307
3188 3410
3188 3918
3192 3449
3194 3385
3194 3530
3196 3251
3196 3432
3196 3642
3198 3227
3198 3925
3200 3627
3204 3365
3205 3882
3207 3246
3207 3656
3208 3385
3208 3460
3211 3849
3211 3956
3214 3311
3214 3336
3214 3998
3216 3892
3217 3731
3218 3696
3219 3339
3221 3370
3222 3500
3222 3603
3222 3654
3222 3987
3223 3796
3224 3749
3227 3600
3227 3935
3228 3623
3230 3875
3231 3603
3231 3886
3231 3987
3231 3994
3233 3367
3233 3627
3234 3537
3234 3805
3235 3566
3235 3849
3235 3888
3236 3750
3239 3804
3239 3885
3240 3747
3244 3651
3245 3500
3247 3608
3248 3249
3249 3406
3249 3430
3249 3435
3250 3402
3250 3447
3250 3500
3251 3306
3256 3851
3258 3636
3258 3657
3260 3427
3261 3523
3262 3942
3265 3436
3266 3994
3267 3353
3270 3526
3272 3350
3272 3749
3273 3829
3274 3561
3276 3863
3276 3881
3279 3424
3279 3808
3282 3398
3282 3671
3283 3295
3284 3719
3286 3420
3288 3466
3291 3810
3291 3906
3292 3804
3295 3871
3297 3332
3297 3439
3298 3429
3299 3509
3300 3430
3300 3489
3300 3499
3300 3611
3302 3834
3304 3425
3306 3993
3307 3481
3307 3653
3309 3921
3310 3834
3311 3361
3311 3897
3312 3349
3314 3793
3316 3798
3317 3366
3317 3891
3318 3834
3322 3436
3324 3778
3326 3469
3329 3494
3333 3791
3334 3546
3334 3817
3335 3337
3340 3646
3340 3993
3342 3956
3348 3692
3356 3730
3357 3996
3363 3556
3369 3470
3370 3701
3374 3648
3377 3665
3377 3858
3377 3929
3379 3713
3379 3993
3380 3477
3380 3523
3381 3414
3381 3905
3382 3394
3382 3516
3383 3470
3385 3762
3386 3716
3388 3546
3388 3919
3395 3761
3396 3915
3397 3525
3397 3947
3400 3419
3400 3853
3401 3433
3401 3552
3401 3811
3403 3884
3404 3830
3406 3918
3409 3478
3410 3703
3414 3470
3414 3879
3415 3779
3416 3843
3417 3575
3418 3434
3422 3489
3427 3825
3427 3873
3431 3809
3433 3436
3437 3889
3439 3625
3439 3958
3440 3892
3441 3464
3445 3975
3447 3542
3450 3656
3453 3754
3457 3840
3458 3750
3458 3868
3460 3793
3465 3685
3465 3848
3466 3849
3469 3804
3473 3908
3476 3568
3476 3713
3477 3987
3480 3703
3480 3974
3484 3823
3486 3675
3486 3788
3490 3732
3493 3549
3494 3509
3497 3981
3499 3650
3506 3587
3507 3547
3508 3612
3511 3766
3511 3930
3515 3585
3517 3689
3518 3861
3520 3781
3524 3975
3525 3760
3527 3747
3530 3612
3532 3565
3533 3631
3535 3856
3537 3584
3537 3798
3537 3936
3539 3572
3541 3546
3544 3872
3547 3921
3548 3607
3553 3705
3555 3753
3555 3908
3557 3812
3562 3891
3569 3777
3572 3969
3577 3614
3577 3634
3577 3769
3578 3608
3578 3944
3580 3702
3582 3588
3583 3910
3585 3710
3585 3980
3586 3646
3591 3916
3595 3755
3597 3801
3599 3773
3604 3900
3606 3935
3606 3963
3609 3855
3610 3657
3611 3671
3616 3847
3618 3792
3619 3642
3625 3704
3634 3681
3634 3702
3636 3940
3638 3938
3644 3841
3644 3932
3645 3780
3650 3862
3657 3708
3667 3938
3670 3976
3673 3748
3673 3817
3687 3929
3689 3720
3694 3721
3703 3903
3706 3748
3713 3940
3718 3759
3720 3974
3727 3989
3745 3975
3746 3938
3749 3817
3751 3909
3755 3782
3756 3826
3757 3870
3762 3817
3764 3831
3766 3814
3766 3917
3768 3805
3773 3854
3783 3784
3783 3796
3784 3820
3786 3986
3790 3858
3796 3867
3807 3991
3812 3962
3814 3935
3814 3996
3818 3862
3829 3832
3831 3962
3836 3863
3839 3938
3841 3962
3849 3916
3851 3860
3857 3905
3905 3922
3905 3945
3911 3930
3913 3931
3926 3991
3929 3988
3959 3964
3978 3983
3989 3990
