0 1247
0 1575
0 2531
0 3469
1 97
1 180
1 829
1 923
1 1720
1 2259
1 2553
2 234
2 292
2 3578
3 401
3 792
4 778
4 1884
4 2298
4 2700
4 3030
4 3110
5 119
5 2192
6 408
7 1287
7 1336
7 1948
7 3143
7 3178
7 3384
8 233
8 612
8 1477
8 3227
9 1550
9 3747
10 675
10 748
10 1367
10 1481
10 1886
10 3025
11 113
11 327
11 916
11 1884
11 2303
11 2394
11 2601
11 2723
12 2300
12 2522
12 3695
13 1153
13 2008
13 2661
13 3900
14 1007
14 2628
14 2700
14 3431
15 219
15 2911
15 3248
16 282
16 706
16 796
17 120
17 932
17 1050
17 2027
17 2269
18 323
18 1496
18 2551
18 2851
18 3054
18 3363
19 171
20 985
21 299
21 1050
21 1175
21 1236
21 2990
21 3925
22 186
22 1541
22 1924
22 2528
23 515
23 1901
23 2648
24 210
24 2062
24 3032
25 1255
25 1483
25 1715
25 1763
25 2462
25 2649
26 874
26 1123
27 1486
27 1573
27 2645
27 3057
28 184
28 785
28 1030
28 1307
28 2348
28 3166
28 3565
29 339
29 607
29 798
29 1291
29 3532
29 3671
29 3952
30 695
30 1955
30 2671
30 2810
30 3580
31 1061
31 1069
31 2262
31 2785
31 2807
31 3038
32 2891
32 3058
32 3378
32 3778
33 860
33 1109
33 1296
33 1351
33 2414
33 2549
33 2873
33 3196
34 1322
34 2667
34 3326
34 3497
35 673
35 1636
35 2244
35 2749
35 3241
35 3963
36 1188
36 1517
36 1956
36 2836
36 3086
37 561
37 572
37 1983
37 2460
37 2927
37 3732
38 573
38 1587
38 2134
38 2301
38 3943
39 1278
39 1788
39 2083
39 2252
39 2516
39 2645
39 3322
40 539
40 3495
41 591
41 1138
42 569
42 1274
42 1375
42 2230
43 59
43 604
43 663
43 718
43 912
43 3082
43 3691
44 1128
44 1371
44 2094
45 418
45 2433
45 3342
45 3507
46 198
46 1174
47 210
47 840
47 1711
47 3678
48 462
48 1904
49 303
49 1096
49 1556
49 2261
49 3042
49 3198
50 1207
50 2081
51 570
51 1271
51 1798
51 2605
52 451
52 900
52 1302
52 1410
52 2416
52 2844
52 3908
53 398
53 852
53 1279
53 2037
53 2133
54 1056
54 2111
54 3372
54 3423
55 299
55 1750
55 2790
55 3925
56 520
56 1352
56 1363
56 3042
57 3298
58 1087
58 1657
58 2717
58 3428
58 3872
59 391
59 452
59 2277
59 3396
60 448
60 1087
60 3930
61 3303
61 3435
61 3442
62 680
62 2020
62 3605
62 3624
62 3656
63 210
63 814
63 2141
63 3164
63 3850
64 199
64 1437
64 3393
64 3682
64 3751
64 3949
65 1321
65 1379
66 876
66 1283
66 1604
66 1972
66 2370
66 2597
67 889
68 495
68 802
68 1474
68 3011
68 3705
68 3720
69 218
69 759
69 1495
69 2770
70 242
70 547
70 1085
70 1545
70 1927
70 2938
70 3826
71 473
71 515
71 2141
71 3352
72 798
72 1481
72 1866
72 2293
72 3505
73 891
73 2256
73 2479
73 3268
73 3637
74 1044
74 1675
74 1693
74 2075
74 2458
74 2491
74 3912
75 615
75 2093
75 2149
75 3384
76 991
76 2114
76 2361
76 2680
77 1664
77 3020
77 3080
78 407
78 659
78 1459
78 1521
78 1933
78 2956
79 669
79 1585
79 1615
79 1902
80 217
80 399
80 430
80 526
80 1100
80 2726
80 3971
81 332
81 2539
81 2680
81 2806
81 3427
81 3709
82 806
82 1264
82 2356
83 1219
83 1951
83 2574
83 3583
84 1121
84 1553
84 1773
84 2666
85 143
85 531
85 682
85 1161
85 2587
85 2832
85 3270
86 211
86 820
86 2809
86 3379
87 2321
87 3061
87 3227
88 2103
89 899
89 1499
89 1696
89 3991
90 318
90 2063
90 2183
90 3071
90 3669
90 3876
90 3891
91 940
91 1299
91 2343
91 2654
91 3248
91 3571
92 772
92 1382
92 2576
92 3553
93 145
93 266
93 814
93 2747
93 2775
93 3541
94 469
94 1359
94 1500
94 1803
94 2589
94 2928
94 3140
94 3751
94 3872
95 466
95 3477
95 3629
96 267
96 3075
96 3611
96 3909
97 315
97 782
97 1274
97 1456
97 1636
97 2940
97 3342
98 476
98 3087
99 754
99 1684
99 1887
99 2154
99 2275
99 2384
100 1262
100 1583
100 2491
100 2896
101 2217
101 3388
102 473
102 1950
102 2213
102 2301
103 617
103 1850
103 2112
103 3149
104 318
104 330
104 2955
105 3585
106 587
106 2037
106 2267
106 2744
106 3913
107 1032
107 3110
107 3881
108 274
108 1262
108 3749
109 826
109 1114
109 2880
109 3683
109 3799
110 426
110 633
110 2636
111 341
111 805
111 1902
111 2790
112 1297
112 1443
112 2867
113 812
113 1151
113 1363
114 331
114 554
114 3433
115 969
115 1012
115 1794
115 2167
115 3031
115 3252
116 505
116 2594
116 2626
116 3260
117 877
117 976
117 2789
117 3131
117 3854
118 1215
118 2048
119 865
120 1276
120 1521
120 2335
120 2772
120 3788
120 3799
121 136
121 1576
121 3296
121 3992
122 1710
122 2007
122 2088
122 2871
122 3511
122 3892
123 1529
123 2070
124 925
124 962
124 2409
124 2667
124 3014
124 3577
124 3782
125 483
125 1627
125 2698
126 420
126 1290
126 3913
127 876
127 1418
127 3719
127 3873
129 681
129 1314
130 311
130 1054
130 2187
130 2675
131 197
131 468
131 601
131 2171
131 3372
132 1045
132 1627
132 2080
133 3306
134 3325
134 3632
135 700
135 838
135 883
135 1774
136 1552
136 1844
136 2285
136 2711
136 3120
137 328
137 737
137 2761
137 3055
137 3841
138 1816
138 2970
138 3116
139 159
139 1125
139 2136
139 3997
140 1177
140 1507
140 1555
140 2504
140 2550
140 3866
141 601
141 1132
141 2782
141 3754
141 3878
142 461
142 1740
142 1856
142 2187
142 3478
142 3761
143 2223
143 2537
144 200
144 2805
144 3142
145 2810
145 2985
145 3468
146 832
146 955
146 1461
146 2255
146 2715
146 3165
147 252
147 665
147 2130
147 3357
148 1382
148 1897
148 3096
149 1081
149 1277
149 2657
149 2994
149 3960
150 190
150 338
150 1279
150 2266
150 2346
151 1038
151 1074
151 1844
151 2696
151 2863
152 609
152 635
152 2673
153 3088
154 1112
154 2051
154 3417
155 2744
155 3097
156 3150
156 3663
156 3729
156 3949
157 331
158 621
158 1037
158 1863
158 2257
158 2581
158 3087
159 923
160 288
160 2224
160 3107
160 3583
161 334
161 603
161 1567
161 1809
161 2016
161 2432
162 1720
162 1956
162 2636
162 2856
163 1058
163 2694
163 3183
164 201
164 745
164 1533
164 1962
164 2361
165 554
165 876
165 1025
165 2430
165 2999
166 644
166 1378
166 3133
166 3536
166 3822
168 413
168 1205
168 2478
168 2486
168 3202
169 819
169 1149
169 1163
169 1438
169 2797
170 521
170 722
170 911
170 973
170 1371
170 1400
170 2648
170 3262
170 3551
170 3625
171 1154
171 3078
171 3394
171 3592
172 766
172 1738
172 3147
172 3654
173 1008
173 2329
174 2937
174 3284
175 1375
175 1847
175 1852
175 3692
176 244
176 578
176 925
176 1727
176 2021
176 3908
177 340
177 675
177 3869
177 3914
178 546
178 609
178 1621
178 1799
178 1812
178 2407
179 182
179 1093
179 3179
180 403
180 595
180 1620
180 2270
180 2464
181 1072
181 3988
182 1519
182 1843
182 2084
182 2297
182 3451
183 248
183 1816
183 2210
183 3277
183 3980
184 3185
185 495
185 1489
185 3358
186 1652
186 2692
186 3893
187 399
187 803
187 1443
187 1634
187 2438
187 2684
187 3961
187 3972
188 2321
189 295
189 2584
189 2963
190 877
190 1588
190 2184
190 2314
190 3926
191 592
191 1044
191 2143
192 336
193 3569
193 3905
194 601
194 863
194 2210
194 3343
195 1007
195 2231
195 2352
195 2849
195 3240
195 3349
195 3610
196 1762
196 2057
196 3834
197 1431
198 523
198 1026
198 1208
198 1342
198 2914
198 3195
198 3264
199 954
199 2220
199 2388
199 2456
200 3473
201 454
201 649
201 930
201 2397
201 3185
202 1831
202 2012
203 1738
203 2997
203 3437
204 2048
204 2506
204 2957
205 236
205 1831
205 2207
205 3155
205 3551
206 476
206 1813
206 1996
206 3050
207 1489
207 2412
207 2446
207 3340
207 3873
208 241
208 3010
209 1799
210 825
210 859
210 1951
210 2106
210 3925
211 2966
211 3917
212 375
212 1075
212 2229
212 3972
213 2382
213 3458
214 1708
214 2636
214 2999
214 3526
214 3722
215 841
215 1056
215 1399
215 2528
215 3359
215 3375
215 3535
216 974
216 2219
216 2337
216 2594
216 3026
217 1234
217 1683
218 1016
218 1594
218 1858
218 1999
218 3502
219 1008
219 1147
219 1309
219 2729
219 3289
220 272
220 1143
220 1352
220 1454
220 1490
220 2894
220 3162
221 2676
221 2962
222 974
222 1778
223 1641
223 1747
223 2519
223 3025
224 1339
224 2951
224 3379
224 3399
224 3431
224 3882
225 981
225 1164
225 1467
225 3196
226 2287
226 2506
226 2745
226 3023
227 249
227 595
227 1649
227 3011
228 816
228 1681
228 1828
228 2196
228 3368
228 3968
229 598
229 2741
229 3281
230 392
230 866
230 1650
231 2225
231 3168
232 687
232 1339
232 1941
232 3322
233 1213
233 2537
233 2949
234 3867
234 3915
235 473
235 578
235 1062
235 3251
236 1491
236 1932
236 2698
236 3274
238 3253
238 3677
239 2266
239 3177
239 3444
239 3919
240 1286
240 1422
240 1721
241 629
241 1279
241 2461
241 3031
241 3357
241 3476
242 1168
242 1821
242 2022
242 2841
243 1284
243 3123
243 3334
243 3523
244 494
244 3075
245 540
245 776
245 2511
245 3396
245 3814
245 3943
246 385
246 445
246 2391
247 286
247 1550
247 1711
247 2182
247 2765
247 3066
248 408
248 1974
248 1980
248 2607
248 2762
250 722
250 1296
250 1677
250 3001
251 547
251 1339
252 499
252 521
252 763
252 842
252 1878
252 3438
252 3530
253 2030
253 2452
253 2787
253 3482
253 3518
253 3911
254 1490
254 2309
254 3017
254 3558
255 1111
255 1122
255 1850
255 2912
255 2935
255 2961
255 3083
256 297
256 1859
256 2218
256 2826
256 2870
256 3483
257 467
257 1327
257 1849
257 1889
257 2492
257 2769
257 2986
258 331
258 444
258 1214
258 1704
258 2093
258 2453
258 3308
259 703
259 1850
259 1895
260 789
260 1038
260 1826
260 3560
261 540
261 1715
261 3655
262 1103
262 1660
262 2513
263 667
263 890
263 1787
263 3086
263 3562
264 1184
264 3549
265 2343
265 2530
265 3090
265 3681
265 3767
266 983
267 2562
268 538
269 1362
270 339
270 1294
270 3251
270 3663
270 3814
271 348
271 987
272 295
272 2517
272 2587
272 3691
273 635
273 950
273 1061
273 1474
273 1949
273 2121
273 2584
273 3194
274 276
274 571
274 773
274 894
274 1879
274 3849
275 3018
275 3584
276 1607
276 2074
277 417
277 834
277 1773
277 2756
277 3772
278 3344
279 691
279 1143
279 3763
280 954
281 991
281 1020
281 2852
281 3097
281 3228
281 3672
282 452
282 3401
283 601
283 1412
284 848
284 1451
284 2480
284 3981
285 855
285 1018
285 1196
285 2762
285 3227
285 3696
286 645
286 1311
286 3656
287 3343
288 1342
288 2161
288 2170
288 2381
288 2522
288 2663
288 2962
288 3939
289 429
289 491
289 1807
290 1364
290 1483
290 2051
290 2791
290 3024
290 3277
290 3303
291 948
291 1754
291 2435
291 2974
291 3043
291 3167
292 582
292 1450
292 2994
292 3573
292 3897
293 804
293 2175
293 2237
293 2937
293 2940
294 877
294 1195
294 2746
294 3364
295 487
295 1018
295 1053
295 1605
295 2144
295 3020
295 3420
295 3595
295 3917
296 2301
296 3346
297 708
297 2354
297 2836
297 3229
297 3829
298 2679
298 2897
298 3398
299 1873
299 3658
300 2365
300 2392
301 520
302 758
302 2258
302 2841
303 1876
303 1904
303 2713
303 3020
303 3107
304 1321
304 1493
304 2482
305 2699
305 3382
305 3931
306 1319
306 3577
307 614
307 1564
307 1731
307 1740
307 2475
307 3941
308 552
308 1086
308 2818
308 3406
308 3475
309 1078
309 1609
309 2412
309 3717
310 734
310 1754
311 853
311 1389
311 1933
311 1973
311 1977
311 2062
311 2102
311 2608
311 2726
311 3895
312 1493
312 1980
312 3674
313 592
313 2082
313 3378
314 814
314 2686
315 371
315 400
315 1112
315 1256
315 2820
316 976
316 1963
316 2863
316 2950
317 3406
317 3508
318 1837
318 3269
319 909
319 2037
319 3449
319 3482
320 626
320 1703
320 1994
320 2417
320 3287
320 3360
320 3695
321 412
321 416
321 697
321 1180
321 1597
321 3750
322 971
322 1643
322 2139
323 390
323 2545
323 2960
323 3265
323 3581
324 679
324 2164
324 2681
324 2699
325 739
325 740
326 486
326 883
326 1411
327 537
327 1272
327 2863
327 3435
327 3835
328 589
328 1857
328 1951
328 3682
328 3764
329 1792
329 2771
330 1189
330 2299
330 2322
330 2924
331 1210
331 1515
331 2343
331 3817
332 1133
332 1353
332 2979
332 3275
333 1925
333 2427
333 2593
333 2790
333 2980
333 3841
334 467
334 556
334 601
334 1159
334 1167
334 1682
334 3261
335 2918
335 3232
335 3941
336 429
336 1700
336 3125
336 3266
337 2916
337 3887
338 1387
338 2788
338 2863
338 2920
339 1378
339 2832
339 3758
340 1024
340 2147
340 2633
340 2879
340 2936
341 395
341 620
341 702
341 893
341 1678
341 1791
341 3541
341 3845
342 590
342 2538
342 3312
343 471
343 885
343 1259
343 1686
343 2382
343 3792
344 1467
344 2756
345 1246
345 1428
345 2128
345 3020
345 3446
345 3932
346 1089
346 1692
346 1736
346 2357
346 2753
346 3318
346 3766
347 1353
347 1868
347 3701
348 842
348 1086
348 1393
348 1801
349 808
349 1111
350 913
351 819
351 1818
352 2465
352 2824
353 2855
353 3151
353 3525
353 3978
354 1660
354 2648
354 2796
355 1339
355 1471
355 2344
355 2414
355 2775
355 3754
356 1741
356 2192
356 3035
356 3605
357 1987
357 2585
357 2846
358 2816
358 3342
359 2727
359 2837
360 640
360 1158
360 1416
361 2208
361 2599
361 2806
362 2180
362 2937
362 3420
363 1614
363 1966
363 3157
364 645
364 1146
364 1634
364 2556
364 2705
364 3078
365 1725
365 3578
366 780
366 1098
366 1148
366 1194
366 1679
366 2774
366 3352
367 499
367 2981
368 1009
368 1831
368 1857
368 2633
369 661
369 2074
369 2227
369 2554
369 3773
369 3930
370 2724
370 3088
370 3096
370 3660
370 3972
371 1268
371 2365
371 2379
372 2466
372 3233
373 1121
373 2799
373 3496
373 3730
374 3267
374 3610
375 626
375 1675
375 3914
376 578
376 1044
376 1466
376 1801
376 1864
377 651
377 1017
377 1697
377 2301
377 2595
377 2741
377 3842
378 2003
378 2954
378 3837
379 1634
379 2155
379 2241
381 755
381 3221
381 3671
382 1075
382 2644
382 3369
382 3657
383 753
383 1759
383 2683
384 2645
385 420
385 2346
385 2365
386 1337
386 2143
386 3196
387 854
387 1611
387 1916
387 2553
387 2731
389 771
389 1351
389 3560
390 2170
390 2976
390 2993
392 946
392 2008
392 2247
392 2299
392 3870
393 810
393 1836
394 545
394 651
394 983
394 3165
395 1123
395 3047
395 3157
395 3829
396 510
396 3945
397 1809
397 1853
397 3069
397 3344
397 3375
397 3926
397 3985
398 609
398 1852
398 3910
399 2445
399 2649
400 1394
400 2880
400 3821
401 563
401 1439
401 1878
402 466
402 864
402 2374
402 3633
402 3720
402 3782
403 471
403 585
403 2073
403 2096
403 2975
404 845
404 994
404 1978
404 2842
405 578
406 1244
406 1391
406 1536
406 1788
406 1851
406 3979
407 993
407 3167
407 3325
408 616
408 974
408 1019
408 2078
408 2450
408 3643
408 3814
409 984
409 3726
410 1326
410 1539
410 3714
410 3731
411 781
411 2162
412 484
412 650
412 1417
412 3866
412 3960
413 452
413 2980
414 902
414 1955
414 2023
414 2241
414 2339
414 3489
414 3638
415 1176
415 3286
415 3627
415 3992
416 1630
416 2542
416 3765
417 922
417 1361
417 1627
417 2602
418 1093
418 2749
419 2975
419 3197
419 3685
419 3949
419 3975
420 1497
420 2207
420 3096
420 3299
421 2186
421 2626
421 3424
421 3703
423 1034
423 2169
423 2344
423 2860
423 3482
423 3829
424 1109
424 1701
425 793
425 937
425 1408
425 2660
426 493
426 1195
426 1755
426 1808
426 3061
426 3517
426 3887
427 658
427 3495
428 934
428 1434
428 1890
428 1970
428 2333
429 3092
430 1775
430 2426
430 2517
430 2708
430 2943
431 1121
431 1446
431 2580
431 3018
431 3639
431 3896
432 1476
432 1903
432 2153
432 2980
433 2386
433 2586
434 722
434 1538
434 2269
434 2418
434 2452
434 3448
435 1243
435 2647
435 3278
435 3662
436 2022
436 2124
436 3103
436 3283
436 3598
437 2361
437 2429
438 3553
439 673
439 1244
439 1647
439 2544
439 3244
439 3415
439 3571
439 3615
440 940
440 2296
440 3006
440 3976
441 1768
441 2919
441 3384
441 3660
441 3822
442 1502
443 597
443 659
443 1103
443 1810
443 2650
444 1192
444 2342
444 2542
444 2948
444 3698
444 3802
444 3921
445 1026
445 2033
445 2312
445 3252
445 3486
446 731
446 2053
446 2969
447 1362
447 1523
447 3714
448 1246
448 2086
448 2140
448 2314
448 3520
448 3595
449 1330
449 3289
449 3307
449 3422
450 1103
450 2948
450 3930
451 632
451 991
451 1341
451 2611
451 2672
451 2966
451 3631
452 1417
452 1457
452 2188
452 2423
452 2439
452 2571
452 3782
453 862
453 3579
453 3954
454 2599
455 2374
455 3093
455 3334
456 1468
456 2230
457 3637
457 3753
458 2056
459 937
459 2184
460 689
460 1757
460 3942
461 955
461 3258
461 3563
461 3680
462 656
462 1517
462 1554
462 2251
463 1686
463 3201
464 566
464 1013
464 2941
465 619
465 1119
465 1238
465 2601
465 3108
466 714
466 2126
466 3173
466 3354
467 2459
467 2790
467 3084
467 3545
467 3594
468 568
468 1264
468 1577
468 1802
468 3110
468 3482
468 3910
471 2235
471 2684
472 1460
472 2647
473 2373
473 2456
473 2740
474 1374
474 1427
474 1687
474 2985
475 517
475 798
475 1074
475 1432
475 2162
475 3190
475 3843
476 1372
476 3299
477 1420
477 1958
477 2338
478 482
478 631
478 2605
478 3285
479 2065
479 2576
479 3256
479 3301
480 1707
481 557
481 880
481 1100
481 2385
481 2436
482 2222
483 1768
483 1854
483 3678
484 2380
484 3558
485 831
485 1792
485 2197
485 3831
486 1206
486 3459
487 2659
488 1229
488 1756
488 3762
489 771
489 1063
489 1198
489 1535
489 1939
489 2661
489 3415
489 3437
489 3946
490 544
490 1416
491 731
491 3970
492 967
492 1823
492 1931
492 2109
492 2827
493 699
493 3790
494 3016
495 3294
496 1151
496 1328
496 1929
496 2745
496 3492
497 825
498 1558
499 592
499 817
499 1333
499 3717
501 958
501 983
501 2168
502 1111
502 1186
502 2677
502 3451
503 1659
503 2902
503 3301
503 3391
504 825
504 1132
504 1729
505 676
505 722
505 1014
505 1439
505 2812
505 3049
506 2471
506 2511
506 2647
506 3393
506 3432
507 2136
507 3046
507 3578
508 927
508 1565
508 1567
508 1630
508 2553
508 3725
509 565
509 641
509 843
509 1445
509 2961
510 3362
511 924
511 989
511 3644
512 2470
512 2690
512 3063
512 3890
513 2285
513 2313
513 2601
513 3274
514 549
514 842
514 2127
514 3903
515 2740
515 3333
515 3839
516 2113
516 2653
516 3226
517 2586
517 2723
517 2976
518 1165
518 1492
518 2135
518 2159
518 2557
518 3538
519 943
519 1136
519 1569
519 2222
519 2698
520 933
520 1553
520 1823
520 3985
521 1645
521 2497
521 2743
521 3162
522 1507
522 2038
523 2642
523 3346
524 1475
524 2246
524 2641
524 3001
524 3255
525 816
525 870
525 1016
525 2155
526 836
526 1634
526 2849
526 3963
527 1102
527 1766
527 2095
527 3574
527 3677
527 3815
529 950
529 2925
529 3494
529 3623
529 3912
530 700
530 743
530 2000
530 3851
531 1517
531 3526
531 3879
532 1332
532 1977
532 3055
532 3547
532 3587
532 3636
532 3795
533 1494
533 1644
533 2219
533 3957
533 3983
533 3995
534 562
534 745
534 1355
535 1580
535 2184
535 2267
535 3808
536 1710
536 2439
536 2921
536 3663
537 1089
537 1529
537 2509
537 2733
537 2936
537 3009
538 2709
538 3623
538 3798
539 611
539 1068
539 3502
539 3737
539 3894
540 1390
540 1992
540 3140
540 3506
541 1452
541 2350
541 2422
541 3788
541 3807
542 2258
542 3412
542 3734
543 979
543 3978
544 551
544 2154
544 3241
546 1096
546 2066
546 2713
547 2708
547 3150
547 3639
547 3797
548 1349
548 1717
548 1910
548 2007
548 3894
549 1039
549 1059
549 1614
549 2415
550 896
550 2304
550 2400
550 2685
550 3037
550 3578
551 904
551 972
551 1128
551 2398
551 2903
552 1254
552 1968
552 2391
552 3334
553 710
553 1130
553 2515
553 2542
553 3008
554 2987
554 3602
554 3609
555 857
555 1309
555 3511
557 2396
557 2537
557 2757
558 1509
558 1771
558 2758
558 3318
559 984
559 1808
559 2339
559 2464
559 3109
560 1116
560 1862
560 3100
560 3747
561 577
561 1301
561 1490
562 1582
562 3392
563 1592
563 1636
564 928
564 2040
564 3981
565 955
565 3007
565 3085
566 622
566 2219
566 3009
566 3851
567 1344
567 2005
567 2426
567 3335
567 3466
568 3489
569 1424
569 2605
570 1303
570 1393
570 1962
570 2657
570 3046
570 3670
571 1010
571 1416
571 2674
571 2814
571 3143
572 689
572 1528
572 1932
572 2086
572 2222
572 3300
573 1103
573 1942
573 1946
573 3544
573 3874
574 2318
575 2053
575 2283
576 1423
577 711
577 1076
577 1321
577 1380
577 1478
577 2100
577 2452
577 3317
578 1616
578 2411
578 2908
578 3171
579 2031
579 2085
579 3019
580 1121
580 1366
580 3836
581 2593
581 3190
581 3931
582 1755
582 2278
582 2802
582 2903
583 613
583 674
583 1008
583 2260
584 1664
585 1057
585 1253
585 1417
585 1998
585 2593
585 3927
586 3538
587 598
587 1518
587 2251
587 2439
587 2779
587 3114
587 3301
588 1166
588 3264
589 1377
589 1743
589 3450
589 3934
590 2838
590 3283
590 3538
590 3715
591 983
591 1786
591 2127
591 3172
591 3915
592 1773
592 2343
592 2654
592 3528
593 729
593 2207
593 2325
593 3911
594 2013
594 2478
594 3989
595 1205
596 2587
597 1494
597 2120
597 3955
598 1705
598 1834
598 2393
598 2466
599 1996
599 2358
599 3038
599 3914
600 2963
600 3254
601 1288
601 3483
601 3729
602 1432
602 3079
602 3196
602 3513
603 651
603 975
603 1719
603 3516
604 1841
604 3132
604 3717
604 3764
604 3945
605 1605
605 1800
605 2930
606 849
606 1133
606 2015
607 3708
607 3910
608 3248
608 3491
609 2996
610 937
610 1507
610 3092
611 932
611 1326
611 2658
611 2950
611 3443
611 3980
612 1932
612 1986
612 2433
612 3057
612 3622
613 2010
613 2213
613 3369
614 1889
614 2449
614 2909
614 2925
614 3262
615 1227
616 2037
616 2418
616 2651
616 3870
617 1379
617 1845
617 2500
617 3266
618 2858
619 852
619 1239
619 1984
619 2262
619 3404
620 788
620 1409
620 2246
620 2611
621 1882
621 2584
621 3233
621 3576
622 626
622 684
622 1257
622 2361
622 2697
623 1994
623 2500
624 985
624 1131
624 2573
625 710
625 795
625 1046
625 1853
625 2384
625 3784
626 2413
627 2286
627 2763
628 1751
628 2555
629 1435
629 3806
630 1710
630 2695
630 2815
630 3410
630 3496
631 1942
631 2984
632 876
632 1637
632 2053
632 2070
632 3133
632 3648
633 1672
634 1633
634 1889
634 2667
634 2841
635 1205
635 2497
636 2393
636 3630
636 3673
637 956
638 761
638 1041
639 1322
639 3017
639 3539
640 1863
640 1893
640 2196
640 3441
641 1330
641 1865
641 2420
641 2508
642 2147
642 2922
642 3246
642 3276
643 2114
644 1005
644 1722
644 2418
644 2788
644 3591
645 1078
645 1342
645 1894
645 2164
646 1371
646 2431
646 3238
647 1301
647 1863
647 3952
648 1319
648 1736
648 3161
648 3303
648 3543
648 3788
649 813
649 892
649 2795
650 2001
650 2970
650 3002
650 3821
651 1561
651 1822
651 3928
652 2376
653 687
653 2316
653 2758
653 3782
654 1304
654 1453
654 2296
654 2909
654 2923
654 3252
655 1073
655 1632
655 3040
656 3747
656 3967
657 3030
657 3389
657 3629
658 847
658 3210
658 3322
659 1996
660 930
660 2413
660 2640
661 1285
661 1308
661 3195
662 889
662 1739
662 1909
662 1976
662 2425
662 2505
663 1225
664 732
664 1243
664 2930
664 3269
664 3348
665 2525
665 2858
665 3653
666 1906
667 2651
668 1359
668 1984
669 1053
670 2663
671 1406
671 2684
671 3983
672 1042
672 1071
672 1241
672 1286
672 1961
672 2474
672 2723
672 3914
673 3540
674 2974
675 2407
675 2474
676 698
676 954
676 970
676 2827
676 3656
676 3914
677 924
677 1241
677 1782
677 2307
677 3755
678 1336
678 1657
678 1945
678 2337
678 2664
680 1014
680 1046
681 1790
681 2130
681 2483
681 3048
682 2784
682 3078
682 3259
683 1505
683 2439
683 3956
684 1028
684 1783
684 1912
685 2493
685 2525
685 2750
685 3749
686 1796
686 2184
686 3634
687 2295
687 3111
687 3161
688 943
688 1339
688 1908
689 733
689 2005
690 3613
691 1242
691 2161
692 970
692 1290
692 1692
692 2641
693 3484
694 1278
694 1292
695 1117
695 1239
695 1948
695 2111
695 2139
695 3105
695 3923
696 1169
696 1326
696 1628
696 1837
696 1891
696 1906
696 2929
696 3286
697 1961
697 2047
697 2685
698 1749
699 833
699 3947
700 2379
700 3439
701 1405
701 2566
701 2686
701 2986
702 1223
702 1240
702 2831
702 2880
702 3558
703 793
703 2253
705 834
705 1276
705 2577
705 3589
706 831
706 1815
706 3519
706 3545
707 3438
707 3764
708 1810
708 2022
708 2293
708 2345
708 2452
708 2768
708 3865
709 1364
709 3813
710 858
710 898
710 1053
710 2951
710 3418
711 1207
711 1579
711 2544
712 3026
712 3043
712 3354
713 1685
713 1922
713 2281
713 2413
713 2549
713 3911
715 1584
715 1901
715 2559
716 2025
716 2299
716 3220
716 3346
717 1822
718 1760
718 3170
718 3642
720 1273
720 1455
720 1636
720 1718
720 2045
721 859
721 2725
722 1771
722 1920
722 2385
722 2386
722 2470
722 3219
723 858
723 1342
723 1807
724 733
724 2478
724 2822
725 954
725 3429
725 3479
726 1959
726 2278
726 3159
726 3829
727 762
727 1284
728 1430
728 1838
728 3858
729 933
729 1789
729 2236
729 2441
729 2778
730 1822
730 2661
730 3862
730 3965
731 3049
732 1217
732 1240
732 1429
732 3245
733 1147
733 2300
733 2834
733 3451
734 2011
734 2229
734 2845
734 3314
735 2089
735 2317
736 948
736 2742
736 2798
736 3262
736 3547
737 1530
737 2079
738 1152
738 1675
738 2260
738 2281
738 2466
738 3106
738 3274
738 3790
739 831
739 1515
739 1996
739 2303
740 1544
740 1571
741 992
741 3288
742 1873
742 2319
742 3748
743 1415
743 1534
743 1828
744 1278
744 3821
745 1200
745 1436
745 2078
745 2372
745 2775
745 2812
745 3289
746 855
746 895
746 1686
746 2121
746 2861
746 3160
746 3209
746 3346
747 3314
748 972
748 1329
748 2385
748 2658
748 2806
749 1588
749 1843
749 1961
749 2160
750 1102
750 2679
750 2742
750 3977
751 1900
751 3663
751 3744
752 1778
752 1874
752 2364
752 2681
753 1390
753 3111
753 3957
754 1595
754 2497
754 3003
755 765
755 1177
755 1376
755 2504
755 3400
755 3875
756 1679
756 2579
756 2700
757 3898
758 834
758 2690
758 3063
758 3427
758 3606
758 3958
760 2123
760 2203
760 3404
761 976
761 2235
761 3087
761 3371
761 3426
762 2194
762 2364
762 3747
762 3908
763 1888
763 2122
763 2388
763 2551
764 2885
765 903
765 1092
765 1240
765 1727
765 2244
765 3544
765 3676
766 1536
766 2611
766 3897
767 2109
767 3003
767 3363
768 2123
768 3562
769 2767
769 2811
769 3480
770 2077
770 2930
770 2938
770 3583
771 1827
771 1944
772 1893
773 2174
773 3804
774 1778
774 1821
774 3080
775 846
775 951
775 1203
775 2622
776 1021
776 1051
776 1462
776 3085
776 3591
776 3924
777 898
777 1477
777 1743
777 2973
778 1467
778 1822
778 1886
778 2150
778 2328
778 3728
779 1172
779 1597
780 1267
780 1682
780 2167
781 1283
781 1641
781 1833
781 1835
781 2068
781 2253
781 3497
781 3635
782 2015
783 1029
783 2013
783 2770
783 3031
783 3529
783 3829
784 1058
784 3320
785 2950
785 3210
785 3519
786 1045
786 2279
786 3465
786 3670
787 3673
788 904
788 1310
788 2968
788 3388
789 888
789 1307
789 2394
789 2851
791 1528
791 2028
791 2800
792 1107
792 2709
793 848
793 1532
793 1835
793 2096
793 2543
793 2555
793 2779
793 2909
794 906
794 3294
794 3601
794 3835
795 916
795 1502
795 1758
795 2013
796 1919
796 2026
796 2346
796 2912
796 3611
797 1409
797 2175
797 3428
798 1017
798 1303
798 1472
798 2147
798 2870
798 3439
799 1313
799 1333
799 1339
799 1491
799 1808
800 1693
800 1728
801 2604
801 3425
802 2301
802 3284
803 2690
803 2748
803 3757
804 2092
804 3887
805 1595
805 2093
805 3687
805 3966
806 1411
806 3139
806 3436
806 3756
807 1746
807 1918
807 3459
808 1249
808 1571
808 2645
808 3362
808 3700
808 3814
809 2570
810 1392
810 1594
810 2900
810 3225
810 3371
811 2890
812 2592
812 2924
812 3229
813 1188
813 1743
813 3032
813 3398
814 1678
814 1926
814 2467
814 3387
814 3818
814 3914
815 1009
815 1384
815 2277
815 2591
815 2665
815 2678
815 3735
816 3297
817 2442
817 2552
817 3319
817 3420
818 972
818 1346
818 1981
818 3424
818 3478
819 1745
819 1752
819 2410
819 2628
819 2725
819 2968
819 3389
819 3904
820 1421
820 2692
820 3200
820 3541
820 3701
821 861
821 1230
821 2359
821 2490
821 3896
822 1169
822 2296
822 3177
822 3184
822 3888
823 1881
823 3033
823 3090
823 3127
825 1105
825 3569
826 1969
826 2631
826 2659
826 3190
827 1585
827 2636
827 3663
828 1483
828 2966
828 3129
829 843
829 3004
829 3158
829 3382
829 3434
829 3584
830 3754
830 3981
831 1659
831 1696
831 1700
831 2646
831 3874
833 2570
834 2098
834 3332
835 3406
836 3296
836 3680
837 1000
837 3085
837 3725
838 2930
838 3444
839 1674
839 2287
839 2414
839 2694
839 2965
839 3313
839 3423
840 1432
840 2299
840 3902
841 946
841 3354
842 1379
842 2357
842 2442
842 3013
842 3730
843 1835
843 2792
843 3096
843 3173
843 3754
844 1264
844 2673
844 3689
845 2716
845 3303
845 3463
845 3851
846 925
846 2109
846 2154
846 2900
847 2561
847 3434
847 3699
847 3962
848 1666
848 2106
848 3030
848 3941
849 2296
849 3201
849 3332
849 3777
850 1253
850 3977
851 2287
851 2430
851 3512
852 1441
852 1972
853 1867
853 2583
854 1061
854 1769
854 2215
855 1444
855 2020
855 3899
856 932
856 3147
856 3489
856 3569
856 3582
857 1142
857 2335
857 2431
858 1256
858 1745
858 2372
859 1240
859 2644
859 3563
859 3926
860 1231
860 2661
860 2856
860 3182
860 3458
860 3564
861 1431
861 2093
861 2548
861 2932
861 3048
861 3602
861 3843
862 1522
862 1660
862 3503
862 3714
863 1050
864 1453
864 2752
864 3408
864 3983
865 1758
865 2107
865 2232
865 3642
866 1137
866 1896
866 3557
866 3699
866 3779
867 1735
867 1948
867 2390
867 2602
867 2694
867 3905
868 987
868 3318
868 3371
868 3600
868 3787
868 3982
869 1311
869 3683
870 2473
870 3179
870 3443
871 1159
871 2745
871 3441
871 3616
872 2984
872 3021
873 3003
874 2475
874 2892
875 1233
875 3587
875 3982
876 2348
876 2988
876 3240
876 3481
876 3740
880 1168
880 2056
881 1293
881 2675
881 2773
881 2928
882 3492
883 2798
883 3692
884 3052
884 3631
885 1411
885 2412
885 3134
885 3853
886 1774
886 1880
886 2452
886 3728
888 2163
888 3126
888 3733
889 2072
890 2769
891 3858
892 3153
892 3376
892 3841
892 3888
892 3893
893 1362
893 1657
893 3218
893 3994
895 1889
895 2341
895 3149
895 3644
896 3022
897 1058
898 972
898 2197
898 2759
898 3243
898 3389
899 2093
899 2216
899 2383
899 2729
899 2838
899 3197
899 3919
899 3996
900 1546
900 2641
900 3040
900 3710
902 1969
902 2164
902 2944
902 3048
903 3567
904 3103
905 1394
905 2851
905 2879
906 1251
907 1107
907 1433
907 2038
907 3035
907 3341
907 3796
908 1112
908 2212
908 2805
909 1130
909 1426
909 1824
909 2478
909 3794
910 3017
911 961
911 1018
911 1577
911 2641
911 2912
911 2950
911 3164
912 1236
912 2408
912 2761
913 947
913 1669
913 2096
913 2744
914 2636
915 1054
915 1675
915 3119
915 3135
915 3410
916 1468
916 2087
916 2302
916 3799
917 1769
917 2615
918 2633
918 3166
918 3946
918 3961
919 1856
919 2794
919 2893
919 2929
919 3159
919 3196
919 3861
920 2392
920 3925
921 2493
921 2754
922 1261
922 1641
922 1961
922 2295
922 2357
922 2449
922 2974
923 1834
924 1146
924 1401
924 1627
924 2080
924 2287
924 3006
924 3055
924 3845
925 1109
925 1219
925 2226
926 2351
927 3438
928 1968
928 2380
928 2802
928 2900
928 3003
928 3286
929 2868
929 3024
931 2440
931 2692
932 1730
932 2407
933 2985
934 2339
934 2542
935 2719
935 3049
936 1401
936 1754
936 1819
936 2849
936 3058
936 3411
936 3730
937 2471
937 3093
938 1866
938 3149
940 1585
941 2307
941 3717
941 3751
942 1046
942 2250
942 2356
942 2411
942 2423
943 1316
943 1695
943 2535
943 3421
944 2748
944 2906
944 3250
945 1121
945 3511
946 2813
947 1243
947 3337
948 2890
949 2435
949 2923
949 3376
950 1453
950 2532
950 3492
950 3970
951 2499
951 2911
951 3015
951 3726
952 3694
953 969
953 1156
953 1356
953 3373
955 1225
955 1519
955 1677
955 3463
955 3475
955 3785
956 2350
957 1276
957 1631
957 2045
957 3123
957 3830
958 1612
958 2590
958 2940
958 3009
959 1402
959 1562
960 1346
960 1511
960 2263
961 1153
961 1250
961 1400
961 1432
961 2501
961 2525
961 2576
962 2623
963 2261
963 3406
963 3440
964 1330
964 1852
964 2114
964 2394
964 3491
964 3787
965 1658
965 1687
966 1325
966 1719
967 3103
968 2373
968 3608
969 1840
969 2429
969 2723
969 2811
969 3879
970 3167
970 3303
970 3761
971 2179
971 3212
972 1734
972 1917
972 2354
973 1016
973 2779
974 3543
974 3716
974 3848
975 1058
975 2049
975 3397
976 3146
976 3776
977 2234
977 3055
978 2384
979 1039
979 1420
979 2469
980 2006
980 2360
980 2627
981 1265
981 2019
981 2350
981 2574
981 3808
982 3505
982 3978
983 2965
983 3440
984 1290
984 1319
984 1864
984 3202
984 3398
985 3565
986 1665
986 3673
987 1831
987 2066
987 2656
987 3333
988 1483
988 3578
989 1741
989 3045
990 2528
991 1286
991 1368
991 3195
992 2875
992 3315
993 2031
993 3704
994 2059
994 2411
994 2694
995 2210
995 2662
995 3676
995 3918
997 1071
997 1243
997 2750
998 1175
998 1419
998 1856
998 3542
999 1145
999 2385
999 2542
999 2668
1000 1076
1001 2606
1001 2995
1001 3104
1001 3130
1001 3844
1002 1569
1002 1624
1002 2269
1002 3802
1003 1377
1003 1492
1003 1718
1003 2058
1003 3359
1003 3392
1004 2416
1004 2652
1004 2760
1004 3201
1005 2789
1005 2819
1005 3220
1006 2722
1006 2760
1006 2802
1007 1111
1007 1643
1007 2531
1008 1473
1008 2028
1008 2082
1009 1334
1009 1372
1009 1690
1009 2211
1009 2715
1009 2736
1009 3469
1009 3475
1009 3903
1010 1268
1010 1813
1010 2128
1010 2135
1010 3532
1011 2206
1011 2530
1011 2887
1011 3143
1012 1709
1012 3608
1013 1687
1013 2246
1013 2510
1014 1638
1014 1965
1014 2049
1015 1380
1015 1456
1015 2905
1016 2215
1017 1216
1017 1408
1017 1702
1018 1032
1018 1114
1018 3578
1018 3713
1019 1918
1019 1999
1019 2660
1020 2741
1022 1687
1022 1987
1022 3922
1022 3949
1023 1080
1023 1522
1023 2123
1023 2538
1024 1231
1024 1889
1024 1996
1024 3450
1024 3510
1024 3656
1024 3811
1024 3868
1025 1831
1025 2677
1025 3775
1025 3799
1026 1673
1026 1956
1027 1125
1027 1896
1027 3114
1027 3204
1028 1925
1029 2723
1029 3071
1029 3715
1030 1659
1030 3794
1030 3955
1031 1391
1031 2617
1031 3061
1031 3426
1031 3844
1031 3998
1032 1210
1032 1840
1033 1400
1033 2230
1033 3145
1034 1053
1034 1103
1034 1375
1034 1765
1034 2510
1034 2567
1034 3200
1035 2380
1036 2510
1036 3389
1036 3711
1036 3775
1037 1225
1037 1271
1037 1723
1037 1890
1037 2615
1037 2624
1038 2514
1038 2962
1038 3271
1040 1333
1040 1431
1040 1611
1040 1866
1040 2220
1040 2559
1040 3233
1040 3909
1041 1223
1041 1426
1041 2300
1041 3442
1041 3860
1042 1277
1042 2346
1042 3582
1043 2205
1043 3169
1044 1228
1044 2861
1044 3066
1044 3381
1045 1195
1045 1813
1045 2055
1045 2534
1045 3420
1046 2942
1046 3681
1047 1895
1047 2557
1047 2675
1048 1176
1048 1896
1048 2501
1048 2777
1048 3617
1049 1176
1049 1796
1050 1775
1050 2225
1050 3553
1051 1234
1051 1709
1051 2965
1052 3019
1052 3037
1052 3118
1052 3433
1052 3492
1052 3968
1053 1106
1053 3915
1054 2250
1054 2277
1054 3616
1055 1479
1055 2503
1055 3002
1055 3509
1055 3954
1056 3409
1056 3527
1056 3640
1057 1091
1058 1578
1059 2245
1059 3363
1059 3655
1059 3831
1060 1758
1060 2122
1060 2263
1060 2488
1061 2322
1061 2342
1061 3119
1061 3190
1062 1664
1063 1858
1063 2422
1063 2483
1063 3348
1063 3402
1063 3587
1063 3785
1063 3925
1064 2328
1064 3188
1065 3475
1065 3536
1066 2391
1066 2419
1066 3181
1066 3552
1066 3827
1067 1972
1067 2570
1067 3461
1067 3566
1068 1613
1068 2413
1068 2960
1068 3747
1068 3756
1068 3935
1069 1644
1069 2062
1069 2108
1069 3679
1069 3693
1070 1592
1070 1954
1070 2129
1070 2306
1070 3820
1071 1140
1071 3104
1072 2240
1072 2953
1072 3676
1073 1132
1073 2147
1073 2320
1074 1528
1074 1652
1074 2384
1074 3146
1074 3211
1075 2728
1076 1172
1076 2119
1076 2133
1077 1947
1078 1278
1078 2529
1078 3599
1079 1254
1079 1938
1079 2284
1079 3578
1080 1114
1080 1785
1080 1923
1080 2351
1081 1460
1081 1962
1082 1759
1082 2070
1083 2248
1084 1154
1084 3915
1085 1661
1086 1948
1086 2329
1086 2394
1087 2666
1087 2856
1087 3918
1088 1296
1088 1943
1088 2841
1089 3086
1089 3573
1089 3951
1090 1552
1090 2347
1090 3412
1090 3588
1091 3104
1092 1922
1092 2680
1093 1349
1094 2545
1094 3093
1095 2071
1095 3527
1095 3756
1096 2936
1097 2003
1098 1101
1098 1869
1098 2061
1098 2165
1098 2237
1098 2259
1098 2641
1098 2860
1098 3416
1098 3511
1099 1337
1099 3719
1100 1970
1100 2446
1100 3641
1101 2623
1101 3089
1102 1494
1102 1726
1102 2160
1103 2501
1103 3191
1103 3240
1103 3653
1104 2451
1104 3153
1104 3475
1105 2315
1105 3483
1105 3997
1108 1202
1108 1768
1108 2442
1108 3004
1108 3140
1108 3418
1109 1224
1109 2435
1109 3906
1110 1337
1111 1139
1111 1243
1111 2938
1111 3258
1111 3516
1111 3559
1112 1961
1112 2949
1113 2733
1113 3507
1113 3806
1114 1294
1114 2140
1114 2717
1114 3031
1115 3493
1116 3912
1117 2134
1117 3314
1118 1746
1118 2147
1119 3430
1119 3600
1119 3851
1120 2780
1120 3481
1121 1128
1121 1796
1121 2257
1121 3522
1122 2217
1122 2727
1122 3318
1123 1346
1123 2171
1123 2595
1123 2750
1123 3437
1124 2198
1124 2457
1124 2530
1124 3155
1124 3606
1125 1330
1125 1604
1125 2990
1125 3523
1126 1238
1126 1340
1127 2734
1127 3308
1128 1284
1128 1503
1128 2094
1128 3418
1128 3495
1129 1693
1129 2316
1129 3957
1130 1528
1131 2728
1131 3843
1132 1265
1132 1372
1132 1860
1133 3043
1133 3218
1133 3263
1134 1524
1134 3795
1135 1964
1135 3165
1136 1227
1136 2859
1136 3443
1136 3661
1137 1257
1137 1874
1137 2065
1137 3271
1137 3735
1138 1266
1138 1783
1138 2601
1138 3127
1138 3251
1138 3612
1139 1970
1139 2096
1139 2663
1139 2704
1139 2709
1139 3068
1140 2630
1140 3034
1141 1170
1141 2637
1141 3074
1141 3864
1142 2998
1142 3262
1142 3445
1143 1278
1143 2105
1143 2336
1143 2548
1143 3359
1144 1391
1145 2583
1145 3136
1145 3461
1145 3482
1146 2542
1146 3123
1147 2355
1147 2437
1148 1727
1148 2324
1148 2427
1148 3322
1148 3393
1149 2984
1150 3910
1152 1289
1152 1445
1152 2241
1152 3899
1153 1235
1154 2765
1155 1846
1155 2023
1155 2223
1155 2841
1157 3171
1159 1174
1159 1275
1159 1478
1159 2977
1160 1550
1160 2510
1160 2958
1160 3395
1160 3611
1161 1460
1161 2750
1162 1601
1162 1838
1162 2354
1163 2253
1165 1729
1165 1741
1165 1768
1165 2300
1165 2718
1165 3080
1165 3734
1166 1580
1166 1701
1166 2230
1166 2315
1166 2817
1167 1424
1167 2489
1167 2919
1168 1237
1169 2986
1171 1441
1171 1904
1171 3751
1171 3763
1172 3653
1172 3941
1173 2252
1173 3659
1174 1411
1174 1421
1174 1710
1174 1974
1174 3074
1174 3876
1175 2064
1176 1337
1176 2361
1176 2998
1177 1431
1177 1461
1177 2065
1177 3224
1178 1189
1178 1215
1178 1217
1178 3760
1179 3998
1180 1710
1180 2886
1181 1921
1181 1950
1181 2519
1181 3106
1182 1855
1182 2804
1182 2901
1182 3028
1183 1954
1183 2570
1183 2891
1184 1451
1185 3041
1186 3013
1186 3214
1186 3400
1187 2297
1188 2079
1188 2530
1188 3275
1188 3812
1189 1288
1189 1452
1189 2296
1191 1566
1191 1934
1191 3480
1192 3363
1192 3973
1194 2242
1194 3854
1195 3311
1195 3808
1196 2418
1196 3291
1196 3993
1197 1582
1197 1957
1197 2268
1197 3479
1198 1323
1198 3604
1200 2787
1200 3424
1200 3905
1201 1701
1201 2294
1201 2305
1201 2532
1201 3430
1202 1326
1202 1483
1202 2311
1202 2794
1203 1477
1204 2108
1204 2318
1204 2621
1204 2778
1205 1982
1206 1748
1206 3237
1207 3367
1208 1374
1208 1494
1208 2166
1208 2231
1208 2322
1208 3614
1209 1329
1209 3687
1210 3669
1211 1570
1212 1919
1212 1924
1212 2412
1213 3474
1214 2883
1215 1838
1215 2563
1215 2735
1215 3201
1216 1446
1216 3037
1216 3262
1217 2545
1218 2111
1218 2625
1219 1608
1219 2478
1219 3625
1220 1827
1220 2782
1220 3511
1221 2319
1221 2806
1221 3229
1221 3262
1221 3328
1221 3334
1221 3873
1222 2177
1222 2415
1223 2368
1223 2584
1223 3585
1224 1228
1224 2086
1224 2409
1225 2335
1225 2375
1226 3112
1226 3377
1226 3633
1227 1705
1227 1710
1227 2014
1227 3698
1228 3284
1228 3738
1229 1403
1229 1943
1230 2340
1230 3297
1230 3312
1230 3730
1231 2406
1232 1959
1232 2071
1233 1895
1234 1510
1235 2645
1235 3591
1236 1274
1236 2401
1236 2791
1236 3769
1236 3993
1237 1684
1237 1998
1237 2081
1237 2271
1237 2338
1237 2762
1237 3175
1237 3370
1237 3400
1238 1760
1238 2240
1238 2768
1238 3002
1238 3886
1239 2147
1239 2481
1239 3044
1239 3460
1239 3499
1239 3649
1239 3764
1240 1892
1240 1903
1240 3124
1241 2056
1241 2112
1242 1343
1242 1498
1242 3132
1242 3182
1243 2272
1244 1562
1244 2194
1244 2643
1244 3946
1245 1460
1245 1909
1245 2568
1246 1322
1246 1703
1246 3343
1247 1302
1247 1733
1248 3091
1249 1459
1249 2816
1249 2985
1250 1999
1250 2010
1250 2467
1250 3725
1251 1289
1251 1669
1251 1783
1252 1632
1252 3109
1253 1957
1253 2102
1253 2983
1254 1511
1254 1719
1254 2030
1254 2638
1254 3217
1255 3105
1256 2530
1256 3682
1257 1701
1257 2557
1257 2637
1257 3012
1257 3715
1258 2811
1258 3709
1259 2401
1259 2542
1259 2714
1259 3625
1260 1617
1260 3004
1260 3022
1260 3102
1260 3327
1260 3337
1261 2293
1261 2856
1262 1558
1262 1739
1263 2297
1264 1449
1264 1501
1264 2525
1265 1348
1265 2536
1265 3472
1265 3649
1265 3899
1266 1710
1266 1890
1266 2088
1266 3004
1267 3295
1267 3703
1267 3935
1268 1832
1269 2181
1269 2555
1270 1628
1270 2598
1270 3178
1270 3890
1271 2270
1272 2368
1272 2977
1273 1662
1274 2876
1274 3590
1275 1753
1276 2534
1276 2982
1276 3449
1276 3481
1277 1546
1277 1702
1277 2925
1279 2123
1279 2266
1279 3611
1280 1817
1280 3459
1280 3751
1280 3779
1281 1306
1281 2727
1281 2934
1281 3495
1281 3966
1282 1809
1282 2606
1282 2908
1282 3844
1283 1749
1283 2296
1283 2816
1283 3652
1283 3802
1284 1597
1284 3454
1284 3805
1285 2491
1285 3586
1285 3696
1286 2476
1286 2901
1287 1896
1287 2632
1287 2846
1288 2855
1288 3539
1289 2312
1289 2732
1290 1789
1290 2986
1290 3303
1291 1337
1291 2796
1292 3255
1293 1315
1293 2276
1295 3285
1296 2090
1296 3076
1297 1340
1297 2217
1297 2773
1297 2926
1298 2277
1298 2709
1299 3515
1300 1668
1300 1966
1301 1791
1302 2378
1302 3412
1302 3892
1303 2916
1304 2712
1304 3785
1305 2025
1305 2075
1305 3545
1305 3972
1306 3538
1307 3226
1307 3612
1307 3673
1308 1786
1308 1914
1308 2124
1308 2230
1308 2473
1308 2929
1308 2965
1308 3730
1309 1529
1309 1927
1309 2494
1309 3433
1310 2163
1311 1749
1311 2642
1311 2763
1311 3271
1312 2087
1312 3623
1313 3863
1314 1886
1314 2369
1314 3946
1315 3083
1315 3189
1318 3502
1319 3530
1319 3922
1320 1744
1320 3400
1321 1709
1321 2617
1321 3561
1322 2730
1322 3947
1322 3963
1323 1740
1323 2033
1323 2606
1324 2475
1324 3566
1325 1402
1325 2089
1326 1341
1326 1725
1327 2070
1327 2967
1327 3002
1328 3315
1330 3117
1330 3514
1330 3594
1330 3634
1332 2210
1333 3794
1334 2131
1334 2357
1335 2063
1335 2852
1335 3928
1336 2207
1336 3553
1337 2618
1337 3945
1338 2541
1338 2724
1338 3720
1339 3759
1340 1391
1340 2144
1340 2151
1341 3311
1342 2389
1342 2630
1342 2918
1343 2550
1343 3956
1344 2379
1344 3529
1344 3867
1345 2010
1345 2353
1345 3531
1346 3523
1346 3949
1347 1803
1348 1579
1348 2390
1348 3201
1348 3653
1348 3685
1349 3744
1350 2963
1351 1868
1351 2360
1352 1818
1352 3230
1353 3462
1353 3553
1354 3369
1354 3517
1355 1762
1355 2277
1355 2688
1355 3915
1356 1518
1356 1637
1356 2389
1356 3779
1358 1995
1358 2961
1358 3708
1359 1573
1359 2418
1359 2542
1359 2780
1359 3252
1360 1962
1360 1988
1360 3646
1362 1940
1364 2725
1365 3064
1365 3861
1367 1674
1367 1896
1367 1967
1367 2289
1367 2463
1368 2278
1368 2428
1368 2763
1368 3150
1368 3622
1369 2586
1370 1673
1370 2191
1370 2992
1370 3003
1371 1973
1371 3198
1372 3525
1373 1873
1373 3789
1374 2277
1374 2990
1375 2056
1375 2718
1375 3783
1376 2856
1377 1418
1378 1431
1379 1919
1379 2572
1381 1917
1381 2166
1381 2249
1381 2437
1382 1492
1382 2050
1382 3595
1383 1711
1383 1890
1383 3138
1383 3433
1384 1667
1384 1902
1385 1798
1385 2316
1385 2367
1386 1515
1386 2189
1386 2483
1386 2532
1386 3641
1387 2628
1388 1774
1388 3889
1389 2488
1389 2781
1389 3004
1390 2195
1390 2606
1390 3165
1391 1736
1391 1787
1391 2014
1392 1475
1392 2370
1394 3086
1395 1455
1395 3138
1397 1626
1397 1952
1398 2289
1398 3840
1399 2066
1399 2452
1399 2530
1399 3152
1399 3923
1400 2392
1400 2542
1400 2955
1401 3819
1402 2599
1403 3881
1403 3884
1403 3885
1404 1935
1404 1941
1404 2286
1404 3037
1404 3893
1405 1619
1405 1689
1405 2230
1405 2322
1405 2556
1405 2662
1405 3337
1405 3757
1406 3410
1407 3460
1407 3605
1408 1739
1408 3423
1408 3810
1409 1663
1410 2074
1410 2948
1410 3121
1410 3164
1410 3251
1410 3426
1411 1450
1411 1623
1411 1925
1411 2101
1411 2262
1411 3401
1411 3892
1412 1616
1412 2433
1412 2843
1412 3482
1413 2255
1413 2522
1413 3472
1413 3919
1414 1635
1414 1673
1414 3231
1415 2028
1415 3171
1416 2064
1417 2444
1417 2770
1418 3294
1418 3731
1419 1600
1419 3153
1421 2121
1421 3847
1422 1498
1422 1977
1422 2363
1422 2649
1423 2353
1423 2889
1424 2027
1424 2187
1424 2751
1425 2780
1426 2909
1426 3232
1426 3746
1427 1474
1427 2757
1428 1842
1428 2037
1428 2913
1429 2391
1429 3787
1431 3133
1432 2651
1432 3392
1433 1454
1433 2500
1433 2610
1434 3610
1435 1694
1435 1978
1435 3558
1435 3823
1435 3893
1436 3406
1436 3711
1437 1683
1438 1928
1438 2331
1438 3165
1439 3238
1439 3452
1440 1859
1440 2086
1440 2516
1440 3756
1441 2125
1442 3324
1443 1661
1443 2292
1444 2018
1444 3899
1445 1649
1445 1885
1445 2740
1445 3130
1445 3436
1446 1695
1446 1698
1446 2209
1446 2352
1446 2779
1446 3536
1446 3948
1447 1647
1447 2915
1447 3434
1448 2223
1449 3498
1450 1500
1450 1602
1450 3016
1450 3705
1451 2134
1451 3551
1452 2174
1452 2368
1453 2986
1454 2090
1454 2995
1454 3202
1454 3696
1455 2637
1457 2171
1457 3398
1458 1866
1459 2426
1459 2466
1459 3164
1460 2070
1460 3690
1461 2060
1461 3138
1461 3286
1462 1603
1462 1780
1462 1846
1462 2264
1462 3244
1462 3361
1462 3544
1463 1477
1463 2805
1463 3529
1463 3555
1463 3668
1463 3706
1464 2689
1465 2071
1466 2576
1467 3961
1468 2084
1468 3836
1469 1950
1469 2600
1469 3008
1469 3024
1469 3311
1471 1664
1471 1812
1471 3541
1471 3840
1472 1799
1472 3005
1472 3069
1472 3129
1472 3449
1474 2024
1475 2703
1476 2410
1478 1497
1478 2876
1478 3510
1479 1608
1479 2237
1479 2687
1479 3219
1479 3941
1480 2470
1481 3305
1482 2490
1482 2627
1483 2614
1483 2675
1483 2920
1483 3356
1483 3463
1484 1640
1484 2629
1484 2810
1485 3697
1486 1511
1486 1572
1486 1951
1487 2750
1488 1923
1488 2096
1488 3205
1488 3517
1489 1542
1489 2092
1489 2891
1489 3732
1490 2201
1490 3770
1491 1496
1491 2476
1491 2571
1491 2952
1492 1553
1492 1629
1492 3221
1492 3863
1493 2867
1493 3780
1494 1540
1494 1911
1494 2021
1494 2836
1495 2724
1495 2890
1496 1498
1496 2866
1496 3940
1497 2704
1497 3605
1497 3763
1498 1582
1498 2658
1499 1621
1499 1864
1499 3099
1499 3932
1500 1716
1500 1924
1500 2393
1500 3248
1500 3674
1501 1839
1501 2797
1501 3487
1501 3958
1502 3464
1503 1885
1503 2044
1503 2367
1503 3784
1504 2470
1504 3490
1505 2397
1505 2480
1505 3325
1506 2072
1506 3572
1506 3968
1507 2308
1508 2565
1508 3233
1509 2212
1509 2541
1511 2811
1511 2913
1511 3069
1511 3301
1511 3531
1511 3990
1512 2521
1512 3353
1513 1763
1513 2334
1513 3297
1514 2803
1515 1800
1515 3664
1516 2856
1516 3418
1517 1985
1517 2420
1517 3378
1518 3734
1519 2176
1519 2869
1519 3464
1520 2627
1520 2880
1520 3297
1520 3354
1521 2127
1521 2948
1521 3646
1523 2198
1523 2489
1523 2774
1523 3291
1524 2228
1525 1924
1525 2392
1525 2700
1525 3273
1527 2389
1527 3710
1528 1604
1528 2418
1528 2666
1529 2138
1529 2776
1529 3721
1530 2005
1530 2133
1530 3548
1531 1992
1531 2308
1533 1569
1533 2002
1533 2824
1534 3258
1534 3478
1535 3457
1535 3820
1536 2132
1536 2185
1536 3143
1537 3196
1538 1714
1538 2369
1539 1633
1539 1655
1539 2742
1539 3152
1539 3367
1539 3428
1539 3436
1540 3659
1541 1639
1541 2577
1541 3344
1542 3109
1542 3646
1543 3201
1544 2139
1544 2273
1544 3601
1545 1622
1545 2627
1545 2854
1546 1718
1546 2863
1546 2873
1546 2977
1546 3064
1547 2116
1547 2482
1547 3502
1547 3531
1548 2331
1548 3284
1549 1977
1549 3121
1551 1652
1551 2655
1551 3142
1552 2129
1552 2652
1552 3442
1552 3471
1552 3676
1552 3802
1553 3065
1553 3558
1554 3818
1555 2233
1555 2956
1556 3099
1557 2860
1557 3035
1557 3819
1558 2589
1558 3368
1559 1941
1559 3199
1559 3387
1559 3836
1560 1572
1560 3327
1561 1604
1561 3191
1562 3872
1563 2016
1563 3956
1564 3668
1565 2189
1565 2468
1565 3592
1565 3595
1567 1705
1567 3856
1568 1841
1568 1963
1568 2217
1568 2234
1568 3514
1569 2277
1569 2547
1569 3123
1570 2570
1570 3077
1571 1927
1571 1946
1571 3912
1572 1694
1572 2949
1573 3447
1575 2306
1575 3199
1576 1936
1576 3708
1578 2302
1578 2866
1578 2909
1580 3386
1580 3693
1580 3824
1581 1736
1581 2922
1581 3388
1582 3963
1583 3460
1584 2175
1584 2346
1585 1897
1585 2432
1585 2954
1586 1865
1586 2625
1586 3109
1586 3133
1586 3646
1587 1645
1587 1921
1587 3278
1588 2534
1589 1595
1589 2636
1590 2523
1590 2928
1591 3361
1592 1871
1594 1606
1594 2361
1594 3082
1594 3377
1595 3042
1596 3368
1596 3786
1596 3847
1597 2463
1597 3815
1598 2114
1598 2436
1598 2719
1598 2782
1598 3844
1599 1712
1599 1926
1599 2267
1599 2310
1599 3224
1600 1792
1600 3465
1600 3868
1601 2981
1601 3776
1602 3699
1602 3861
1603 1769
1603 2533
1603 3495
1604 2005
1604 3140
1604 3757
1606 1646
1606 1746
1606 2062
1606 2124
1606 2884
1607 3725
1608 1620
1608 3213
1609 1610
1609 2583
1609 2778
1610 1780
1610 3263
1611 1891
1611 2052
1611 2273
1611 2321
1612 2787
1613 2449
1613 3335
1613 3857
1614 1737
1615 3158
1616 3147
1617 1814
1617 3115
1618 2854
1618 2860
1618 3021
1619 2228
1619 3049
1619 3172
1620 2067
1621 3532
1622 2789
1622 2851
1623 2641
1623 2979
1624 2138
1624 2890
1625 1712
1625 2393
1625 3467
1625 3753
1625 3988
1626 2857
1626 3105
1626 3113
1626 3941
1627 1987
1627 2044
1627 3627
1627 3808
1628 2258
1628 2270
1628 2689
1628 3789
1629 2223
1629 2577
1629 2968
1630 2224
1630 2546
1630 3851
1631 2026
1633 2054
1634 2669
1634 2874
1635 2775
1635 3784
1636 2733
1636 3018
1636 3789
1637 3593
1637 3927
1639 1993
1639 2134
1639 2291
1639 2452
1639 3332
1640 2940
1640 3723
1641 2634
1641 2683
1641 2819
1642 1931
1642 2940
1642 3254
1642 3451
1642 3482
1643 2246
1643 3342
1644 2917
1644 3658
1645 2205
1645 2586
1645 2956
1646 3106
1646 3763
1646 3916
1647 1789
1647 2940
1647 3709
1648 2549
1648 2748
1649 1845
1649 1863
1649 1934
1650 1969
1651 2159
1652 2625
1654 1715
1654 2435
1654 3619
1655 2202
1655 3738
1655 3878
1655 3930
1656 2102
1656 3442
1656 3588
1656 3665
1657 2067
1657 2879
1658 1909
1658 2637
1658 3757
1659 1706
1659 2397
1659 3132
1660 1843
1660 1965
1660 2309
1660 2534
1660 2548
1661 2805
1661 3990
1663 2627
1663 3097
1663 3471
1664 1857
1664 3180
1664 3406
1665 2413
1665 2512
1665 2986
1666 2417
1666 2779
1666 3843
1667 3797
1668 2656
1668 3067
1669 1794
1669 1860
1670 2816
1670 3552
1671 1824
1671 1954
1672 3029
1672 3121
1673 2026
1673 2723
1673 3329
1673 3480
1673 3812
1674 2517
1674 2815
1674 3084
1674 3634
1674 3962
1675 2672
1676 1786
1676 2300
1677 2320
1677 2321
1677 3774
1680 2209
1680 2917
1681 2075
1681 2367
1681 2641
1682 2965
1684 1797
1684 1880
1684 2269
1684 3050
1685 1700
1685 2480
1685 3331
1686 1961
1686 2015
1686 2672
1686 3408
1687 3786
1689 3776
1690 2007
1690 3598
1691 2659
1692 2459
1693 2988
1694 2685
1695 2195
1695 2294
1695 2616
1695 2898
1696 3076
1697 2005
1697 3413
1698 2007
1698 3583
1699 3172
1700 2210
1700 2460
1700 3729
1701 2543
1701 2710
1701 3391
1701 3854
1702 2802
1702 3035
1702 3548
1703 2316
1703 3379
1703 3631
1704 2186
1704 3025
1705 3048
1706 2490
1706 2766
1706 2891
1706 3351
1707 1836
1707 2623
1707 2647
1707 2996
1707 3179
1707 3318
1707 3590
1707 3859
1708 2700
1708 3292
1708 3520
1709 2283
1710 1894
1710 2363
1710 3245
1710 3634
1711 1786
1711 1963
1711 3516
1711 3831
1712 3417
1713 3290
1713 3854
1714 3142
1714 3228
1715 2640
1716 3685
1717 3836
1718 1793
1718 2272
1718 2614
1718 3436
1718 3950
1719 2682
1720 3718
1721 2945
1722 2032
1722 2363
1724 2073
1724 2501
1724 2553
1724 3675
1725 1870
1725 2619
1725 3731
1725 3732
1725 3932
1726 3270
1726 3726
1727 2218
1728 2638
1728 2667
1728 2742
1728 2914
1728 3321
1730 2124
1730 2430
1730 3420
1731 2503
1731 2964
1732 3407
1732 3508
1733 1768
1733 2128
1733 2227
1733 2392
1733 2579
1733 2932
1733 2965
1734 2542
1734 2980
1734 3432
1735 2201
1735 3067
1735 3104
1735 3330
1735 3448
1735 3607
1736 2063
1736 2940
1736 3351
1737 2592
1737 3066
1737 3787
1738 1763
1738 2822
1739 2676
1740 2052
1740 2737
1741 2372
1741 2591
1741 2627
1741 3825
1742 1945
1742 3224
1743 2733
1743 3425
1744 2141
1744 3875
1745 2888
1745 3041
1747 2211
1747 2545
1748 2893
1748 3033
1748 3594
1749 2871
1749 3186
1749 3587
1750 2488
1750 2760
1750 3076
1750 3287
1751 2926
1753 3152
1753 3950
1754 1869
1754 2968
1754 3874
1755 2674
1755 3625
1756 2122
1756 2548
1756 2940
1756 3053
1756 3470
1757 3200
1758 3154
1758 3475
1759 3915
1760 2269
1761 2273
1762 2672
1763 3902
1764 2268
1764 3018
1764 3329
1764 3401
1765 1803
1765 2001
1765 2152
1765 3178
1766 1881
1767 2120
1768 2433
1768 3314
1769 1971
1769 2972
1769 3168
1770 2199
1770 2289
1770 2475
1770 2766
1771 2537
1771 2873
1771 3305
1772 1997
1773 3673
1774 1818
1774 2459
1774 2952
1774 3174
1775 3015
1775 3795
1776 2101
1778 2024
1780 2406
1780 3264
1781 1995
1781 3922
1782 2656
1783 2840
1784 2089
1784 3126
1784 3277
1784 3676
1784 3820
1785 2274
1785 3792
1786 2080
1787 1841
1787 2395
1787 3119
1787 3639
1788 2426
1788 3027
1789 3281
1790 3141
1791 2690
1791 3140
1791 3353
1791 3600
1792 1876
1792 2064
1792 3997
1793 2118
1793 3186
1793 3190
1793 3588
1793 3594
1793 3613
1795 2339
1795 3019
1795 3599
1796 2576
1796 2617
1796 3523
1797 2147
1797 3406
1798 1926
1798 2509
1798 2890
1798 3451
1799 2513
1799 2526
1800 3771
1801 2276
1801 2867
1802 2879
1802 2913
1802 3642
1803 2056
1804 1972
1804 3652
1806 2091
1808 1855
1808 1976
1808 3855
1809 1956
1809 2461
1809 2524
1809 2932
1809 3017
1809 3923
1810 3884
1812 1942
1812 2559
1813 3372
1813 3459
1813 3574
1814 2359
1814 3352
1814 3905
1816 3102
1817 3670
1818 3859
1820 2246
1820 2297
1820 2335
1821 2997
1821 3365
1822 3057
1822 3798
1823 2926
1824 2442
1824 2838
1824 3352
1825 1998
1825 2307
1825 2521
1825 3261
1825 3701
1826 2613
1826 2868
1826 3638
1827 2111
1827 2297
1827 2857
1828 1941
1828 2597
1828 2692
1828 3402
1828 3781
1829 3678
1830 2575
1830 2853
1831 2509
1831 2606
1831 3598
1832 1993
1832 2164
1832 2677
1833 1987
1833 3598
1834 3594
1834 3814
1834 3872
1838 3379
1839 2634
1840 2857
1840 3403
1841 1860
1841 2140
1841 2913
1841 3125
1841 3769
1843 3207
1843 3726
1843 3990
1845 2540
1846 3205
1846 3284
1846 3667
1846 3945
1848 1988
1848 3187
1848 3493
1848 3630
1849 3966
1850 1856
1850 3001
1850 3657
1851 1859
1851 2490
1851 3006
1851 3455
1852 3134
1852 3762
1852 3901
1853 3232
1853 3839
1854 1923
1854 3078
1854 3166
1855 2058
1855 2631
1855 2636
1855 2825
1855 3137
1856 2514
1858 2550
1858 3109
1859 1970
1859 2700
1859 3397
1860 2514
1860 2727
1861 2256
1862 2130
1863 3353
1864 2302
1864 2775
1864 3208
1864 3216
1866 3613
1868 3290
1868 3962
1869 2278
1869 2897
1870 2488
1870 3035
1870 3246
1870 3657
1871 2119
1871 2488
1871 2856
1872 2089
1872 2092
1872 2707
1873 2188
1873 2194
1875 2265
1876 2035
1876 3984
1877 2479
1877 2628
1877 3221
1878 2590
1878 2781
1878 3032
1878 3938
1880 2174
1880 2297
1881 2416
1881 2510
1881 2987
1881 3640
1882 2669
1885 3485
1885 3720
1886 3523
1886 3642
1887 2588
1887 2625
1887 3354
1889 3236
1889 3455
1891 2186
1891 2777
1891 2798
1891 3689
1891 3752
1891 3823
1892 2642
1892 2976
1893 3954
1894 2491
1897 1911
1897 3562
1898 3292
1898 3489
1900 2128
1900 3820
1901 2925
1902 2656
1902 2735
1903 2693
1904 3021
1904 3142
1905 2484
1905 3858
1906 3420
1906 3902
1907 2502
1907 3412
1907 3601
1908 2128
1908 3984
1909 3009
1909 3169
1910 2157
1910 2457
1910 3401
1911 3044
1911 3590
1913 3020
1913 3492
1913 3544
1914 2204
1914 3336
1915 2271
1915 2349
1915 2388
1915 3282
1916 2239
1916 2250
1916 2715
1916 3994
1917 3239
1917 3244
1917 3374
1918 2953
1919 2578
1920 2145
1921 2094
1921 2338
1921 2794
1921 3760
1922 2021
1922 2995
1922 3018
1922 3433
1923 3017
1923 3858
1924 2573
1924 3078
1924 3842
1925 2646
1925 2798
1925 3188
1926 3920
1927 2899
1927 3050
1927 3772
1928 2707
1928 3914
1929 2609
1930 3411
1930 3898
1931 3051
1932 2146
1932 2817
1932 2931
1932 3006
1933 2598
1935 2238
1935 3678
1937 1944
1938 3345
1940 2196
1940 2991
1940 3323
1941 2116
1941 3094
1942 2845
1943 1968
1943 2047
1943 2843
1943 2954
1944 2071
1946 2207
1946 2443
1947 3274
1947 3388
1948 2498
1948 2854
1949 2917
1950 2209
1950 3595
1950 3606
1950 3689
1950 3865
1951 2513
1951 3385
1952 2428
1952 2539
1952 3078
1953 2193
1953 3958
1954 2125
1954 3504
1955 2249
1955 3592
1956 3311
1957 3425
1960 3074
1961 2275
1961 3674
1961 3862
1962 2077
1962 2535
1962 3697
1962 3894
1963 2217
1963 2349
1963 3417
1963 3734
1964 3012
1964 3485
1965 2311
1965 3745
1966 2164
1966 2205
1967 2516
1967 3392
1967 3497
1967 3554
1968 2541
1968 3521
1968 3930
1969 3620
1971 2039
1971 3755
1973 2101
1973 2639
1973 2883
1974 2367
1975 2272
1975 2373
1975 3405
1976 3328
1976 3746
1976 3867
1977 3852
1978 2662
1979 2056
1979 3579
1979 3836
1981 1986
1981 2685
1981 3180
1981 3719
1982 2348
1982 2546
1983 2078
1983 2541
1983 3048
1983 3590
1984 2294
1984 3028
1984 3242
1985 2147
1985 2249
1985 3336
1986 2719
1987 2399
1987 2902
1988 3142
1989 2860
1989 3617
1990 2925
1992 2282
1993 2879
1993 3227
1994 2216
1994 2231
1994 2278
1997 3870
1998 3785
1999 2926
1999 3360
2001 2374
2001 2632
2002 3747
2003 2150
2003 2701
2003 3667
2003 3845
2005 3762
2005 3778
2006 3130
2007 2356
2007 2868
2007 3179
2008 2298
2008 2836
2008 3571
2009 3279
2009 3366
2011 3623
2011 3782
2012 2273
2012 2640
2012 3128
2012 3943
2013 2601
2013 2618
2013 2801
2013 3717
2014 2870
2014 3283
2016 2547
2017 2027
2017 2729
2017 3308
2017 3884
2019 2987
2019 3600
2020 2185
2020 3334
2021 2797
2022 2254
2023 3527
2023 3881
2024 3165
2024 3532
2024 3613
2024 3972
2025 2194
2025 2213
2025 2314
2028 2957
2029 2234
2030 3313
2031 2233
2031 3909
2032 2790
2032 3539
2033 2907
2033 3912
2034 2143
2035 2132
2035 2228
2035 2400
2035 3077
2035 3348
2036 2076
2036 2193
2036 2995
2038 3499
2039 2179
2039 2269
2039 2410
2039 3523
2040 3138
2041 2424
2041 3108
2042 2763
2042 2797
2043 2298
2044 2335
2045 2205
2045 2416
2045 3301
2046 2312
2046 2747
2046 3789
2047 2904
2047 3629
2047 3702
2047 3704
2048 2225
2048 2548
2048 2620
2048 2671
2048 2863
2048 2916
2048 3365
2049 2868
2049 3912
2050 3174
2053 2470
2053 2683
2053 2932
2053 3118
2053 3504
2053 3972
2055 3455
2056 2254
2056 2437
2056 3920
2057 3126
2057 3881
2058 2223
2058 2742
2058 3216
2058 3754
2059 3805
2060 2721
2061 3846
2061 3918
2062 3236
2062 3385
2062 3703
2063 2973
2063 3067
2064 2203
2064 2946
2064 3186
2065 3961
2066 2358
2066 2388
2067 2374
2067 2624
2067 3877
2068 2071
2068 3179
2068 3315
2069 3731
2070 3175
2070 3609
2071 2831
2071 2901
2071 3448
2072 3856
2074 3072
2076 2811
2077 2295
2077 3926
2079 2276
2079 2285
2079 2529
2079 3194
2080 2089
2080 2891
2080 3043
2081 2967
2082 2895
2083 2204
2083 2216
2083 2275
2084 2848
2084 3209
2084 3636
2086 2642
2086 2906
2086 3119
2087 2312
2087 2355
2087 2780
2088 3195
2088 3921
2088 3998
2089 3558
2090 3467
2090 3522
2091 2463
2091 2725
2091 3038
2091 3763
2092 2278
2092 3315
2092 3345
2093 2299
2093 2737
2093 3223
2093 3693
2093 3785
2094 2928
2094 3667
2094 3842
2095 2187
2095 2479
2097 2160
2098 2267
2098 2655
2098 2937
2098 3453
2099 3769
2100 2575
2100 2800
2100 3933
2101 2169
2101 3616
2101 3717
2101 3947
2102 2382
2102 2538
2102 3496
2102 3582
2103 3347
2104 2931
2105 2436
2105 3012
2105 3376
2105 3552
2106 2186
2107 2593
2108 2157
2108 2325
2108 3106
2108 3352
2109 2478
2109 3276
2110 2331
2111 2777
2111 3162
2112 2989
2112 3927
2113 2847
2113 3336
2114 2533
2114 3261
2115 2264
2115 2810
2116 2781
2116 2946
2116 3088
2116 3815
2117 2494
2117 3399
2118 2753
2119 2230
2119 2654
2119 3537
2120 2282
2121 3713
2122 2205
2122 2728
2122 3508
2122 3853
2123 3236
2124 2772
2125 2550
2125 3759
2126 2295
2126 2721
2126 3951
2128 2460
2128 3562
2129 2969
2129 3219
2130 2987
2130 3898
2131 2362
2132 3409
2133 2434
2133 3510
2133 3514
2134 2850
2134 2932
2135 2195
2136 3287
2136 3753
2137 2969
2138 2850
2138 3652
2139 2709
2140 2941
2140 3755
2142 2782
2142 3348
2143 2965
2143 3061
2143 3275
2144 2193
2144 3067
2144 3574
2145 3807
2147 2791
2147 3383
2147 3756
2148 2319
2148 2917
2148 3153
2149 2469
2151 2423
2151 3225
2151 3598
2152 3237
2152 3306
2154 2929
2155 2342
2155 2990
2155 3344
2155 3440
2156 2933
2156 3024
2157 2638
2157 3960
2158 3621
2158 3900
2159 3033
2159 3944
2160 2178
2160 2781
2160 3151
2160 3281
2161 3131
2161 3682
2162 2525
2162 3198
2164 2991
2165 2532
2165 3075
2165 3158
2165 3575
2165 3583
2165 3709
2166 2342
2166 3015
2166 3482
2167 2283
2167 2291
2167 3891
2168 2236
2168 2258
2168 3692
2169 2604
2169 2777
2169 3808
2169 3881
2169 3935
2170 2887
2170 3690
2172 2392
2172 2409
2172 2529
2172 3128
2172 3398
2173 2960
2174 3031
2174 3316
2174 3504
2174 3948
2177 2258
2177 2997
2179 3352
2181 2954
2182 2191
2182 3217
2183 2847
2183 3454
2184 3435
2185 2598
2185 3175
2186 2477
2190 2737
2191 2298
2191 2411
2191 2963
2191 3423
2192 2529
2192 2601
2195 3282
2195 3361
2196 2368
2197 2313
2197 3109
2198 2489
2198 3410
2199 2766
2201 2507
2202 2334
2202 3349
2202 3678
2203 2513
2203 3485
2203 3602
2204 2407
2204 2651
2204 2816
2204 3682
2206 2309
2206 2543
2208 2291
2208 3094
2209 3970
2210 2516
2210 3550
2210 3660
2211 2514
2211 2812
2211 3086
2211 3385
2212 2363
2213 3693
2214 2372
2214 3319
2214 3599
2215 3050
2215 3528
2216 2772
2216 2932
2216 3234
2217 2645
2218 2312
2219 2794
2221 3675
2221 3956
2222 3107
2222 3827
2222 3947
2223 3079
2224 2353
2224 3435
2224 3711
2224 3864
2225 3398
2225 3668
2226 2525
2226 2634
2226 2801
2226 2837
2226 3067
2226 3305
2227 2417
2227 3098
2228 3447
2228 3618
2229 2276
2229 2626
2229 3096
2229 3168
2229 3177
2229 3457
2230 2271
2230 2699
2230 3806
2231 2909
2231 3037
2231 3847
2232 3724
2233 3209
2233 3573
2234 2558
2234 3323
2235 3799
2236 2553
2236 2743
2236 3775
2238 3810
2239 2451
2239 2606
2240 2937
2242 2636
2242 2907
2242 3439
2244 2739
2245 3651
2247 2468
2247 3205
2247 3286
2248 2723
2250 2565
2250 3620
2251 3218
2251 3238
2253 2297
2253 2872
2253 3774
2254 2291
2255 3848
2256 2490
2256 3093
2256 3459
2258 3066
2258 3802
2259 3745
2262 3303
2262 3430
2262 3850
2263 2538
2263 3023
2266 2410
2266 3583
2267 3126
2268 3022
2268 3442
2269 2424
2269 2820
2271 2580
2271 2951
2273 2470
2273 3091
2273 3822
2273 3823
2275 3268
2275 3414
2276 3661
2278 3998
2279 2290
2279 2778
2279 3179
2279 3203
2280 2482
2280 3085
2281 2593
2281 3244
2282 2543
2282 3662
2283 2790
2285 3061
2285 3097
2285 3602
2285 3924
2286 3124
2286 3634
2288 2649
2288 3795
2290 2551
2290 3098
2291 2322
2291 3181
2291 3517
2291 3819
2292 2485
2292 2685
2293 2880
2293 3940
2294 2609
2294 3324
2294 3452
2295 3463
2296 2466
2296 3040
2296 3436
2297 2790
2298 3009
2298 3950
2299 2707
2299 3082
2299 3635
2300 2570
2302 2363
2304 3218
2305 2560
2305 2651
2305 3805
2307 3744
2307 3792
2308 3043
2309 2810
2310 2383
2310 3323
2310 3480
2311 2393
2311 3599
2313 3168
2313 3668
2315 2395
2316 3669
2316 3805
2317 3132
2317 3804
2318 2907
2320 2772
2320 2987
2320 3028
2320 3512
2320 3680
2322 3225
2323 3481
2323 3679
2323 3832
2323 3833
2324 2548
2325 2638
2325 2780
2325 3971
2326 2997
2326 3158
2326 3900
2327 2377
2327 3127
2327 3401
2329 3342
2329 3955
2330 2450
2330 3033
2330 3100
2330 3389
2332 2419
2332 3159
2332 3757
2332 3960
2333 2850
2333 3326
2335 2545
2335 3718
2337 3023
2338 2967
2339 2621
2339 2649
2340 2715
2340 3259
2340 3505
2340 3765
2341 3783
2342 2440
2342 3560
2342 3979
2344 3571
2345 2371
2345 2426
2345 2432
2345 2561
2347 3039
2347 3363
2348 2945
2349 3180
2350 3698
2351 3046
2352 3216
2353 3407
2354 2954
2354 3040
2354 3090
2357 2959
2357 3319
2357 3580
2360 3010
2360 3564
2361 2599
2361 2779
2361 3196
2362 3186
2363 2396
2364 2538
2364 3256
2364 3278
2364 3406
2364 3595
2365 2414
2365 3233
2366 2882
2366 3058
2366 3161
2366 3476
2368 2906
2368 3109
2369 3483
2369 3924
2370 3356
2370 3549
2370 3574
2370 3885
2371 3653
2373 3794
2374 3704
2376 2715
2376 2958
2377 2658
2379 2773
2379 3579
2380 2418
2380 2470
2380 2773
2380 2971
2380 3518
2380 3586
2382 3116
2383 3408
2384 2729
2385 2884
2385 3081
2386 2519
2386 3208
2386 3364
2386 3598
2387 2899
2387 3369
2388 2418
2388 3994
2389 2415
2389 2916
2389 2958
2389 3223
2391 3630
2392 3349
2393 2998
2394 2636
2394 3705
2397 3482
2398 3195
2400 2912
2400 2989
2400 3180
2400 3573
2401 3268
2401 3306
2402 3263
2403 2544
2404 2713
2404 3688
2405 2621
2405 2743
2405 3093
2405 3351
2405 3747
2407 3114
2407 3742
2408 3972
2409 3064
2409 3761
2410 2457
2410 2982
2412 2781
2412 3107
2412 3188
2412 3870
2412 3898
2413 3937
2415 2695
2416 3459
2418 2828
2418 3582
2418 3681
2421 3036
2421 3288
2421 3364
2421 3460
2423 2438
2423 2525
2425 2736
2425 3530
2425 3986
2426 2563
2428 3632
2429 2788
2429 3030
2429 3577
2431 2567
2431 2891
2431 3151
2431 3920
2432 2444
2432 2869
2433 2524
2434 2498
2435 2762
2435 2944
2435 3572
2437 3859
2438 3750
2439 2943
2439 3448
2439 3983
2440 2642
2441 2830
2441 2884
2441 3398
2442 2543
2442 3020
2442 3747
2443 2765
2444 3466
2445 3288
2447 3795
2448 2665
2448 3744
2449 3195
2449 3458
2449 3531
2450 3444
2451 2605
2451 3936
2452 2516
2452 3693
2453 3489
2455 3052
2456 2737
2457 2639
2457 3445
2457 3639
2458 3474
2458 3758
2459 2520
2459 3506
2460 3229
2462 3607
2463 3697
2464 3744
2464 3792
2466 2628
2466 2884
2466 3167
2467 2523
2467 3075
2467 3544
2468 2844
2468 3779
2469 2721
2469 2844
2469 3916
2470 3094
2470 3240
2470 3378
2472 2805
2472 3716
2473 2769
2473 3517
2473 3589
2474 2590
2476 2772
2476 2808
2477 2496
2477 2503
2477 3791
2478 2558
2479 3523
2480 3719
2482 2834
2482 2986
2483 2490
2483 3277
2483 3476
2483 3496
2483 3972
2484 2693
2484 3984
2486 3666
2489 3064
2489 3608
2490 3031
2490 3200
2490 3377
2490 3615
2491 2865
2491 3433
2492 3247
2492 3475
2493 3709
2496 3672
2497 2726
2497 3484
2497 3582
2498 2750
2498 3579
2498 3592
2498 3786
2498 3890
2499 3323
2500 2745
2500 3006
2500 3849
2501 3397
2501 3876
2502 2884
2502 3597
2502 3895
2504 2778
2504 2890
2504 3732
2505 2519
2505 2891
2506 3014
2507 2614
2508 3447
2508 3640
2510 3253
2512 3599
2513 2579
2514 2808
2514 3131
2514 3163
2514 3505
2516 2597
2516 2763
2518 3256
2518 3309
2519 3306
2521 3636
2522 3934
2524 3261
2524 3867
2525 3122
2526 2583
2526 3030
2526 3176
2529 2789
2529 3773
2530 3408
2533 2759
2533 3055
2534 2991
2535 2633
2535 2748
2537 3764
2539 2917
2540 2547
2541 2655
2541 3214
2541 3362
2544 3908
2546 2580
2546 3974
2547 2633
2547 2766
2547 2860
2547 3303
2548 3972
2549 3423
2549 3455
2550 3852
2551 2780
2551 2873
2551 3258
2551 3753
2552 3035
2552 3262
2552 3338
2552 3755
2554 3147
2556 2854
2556 3091
2556 3462
2557 2659
2557 3122
2557 3169
2557 3505
2557 3971
2559 3278
2560 3157
2560 3460
2560 3938
2562 3124
2563 2957
2563 3340
2563 3341
2563 3893
2566 3088
2567 3093
2567 3378
2567 3380
2567 3569
2568 3748
2568 3760
2569 2960
2569 3453
2569 3639
2569 3792
2570 3882
2571 2648
2571 3385
2571 3744
2573 2639
2574 3091
2574 3180
2574 3236
2575 2933
2575 2992
2575 3049
2575 3685
2576 2796
2577 3184
2578 3522
2578 3698
2579 3542
2582 3719
2583 2835
2584 3038
2585 2754
2585 2798
2587 3139
2587 3792
2589 3295
2590 3389
2591 2697
2592 2838
2592 3059
2592 3217
2593 2766
2594 3555
2594 3946
2599 3163
2599 3426
2600 3014
2601 3376
2602 3184
2602 3299
2603 3359
2604 2706
2604 3003
2604 3546
2605 3312
2606 2949
2606 2952
2606 3823
2607 2712
2608 3166
2608 3372
2609 2618
2609 3101
2609 3807
2611 3273
2612 3173
2613 2923
2614 2708
2614 3023
2614 3570
2614 3943
2615 3034
2616 3068
2617 3130
2617 3818
2617 3833
2618 3024
2618 3043
2618 3794
2619 3010
2619 3510
2620 3025
2620 3157
2620 3579
2620 3948
2621 3724
2622 3349
2622 3892
2622 3908
2623 2844
2623 3622
2624 3247
2625 3396
2626 3323
2627 2767
2627 2799
2627 3471
2628 2806
2629 2784
2630 3209
2631 3133
2631 3836
2632 2849
2632 3003
2633 3387
2636 3315
2636 3451
2636 3712
2637 3743
2637 3847
2637 3892
2639 2938
2640 2726
2640 2811
2640 3590
2641 3086
2641 3301
2643 3477
2644 2655
2644 2805
2644 3994
2645 3240
2646 3065
2647 2719
2647 3020
2647 3176
2648 3246
2649 2839
2649 3238
2650 3514
2652 3735
2653 3485
2653 3576
2654 3046
2654 3788
2656 2814
2656 3021
2656 3773
2657 3408
2658 2993
2662 3486
2665 2834
2665 3240
2665 3384
2667 3274
2668 3802
2668 3886
2669 3154
2669 3201
2669 3689
2669 3797
2669 3879
2670 2767
2670 3337
2670 3697
2673 3360
2674 3030
2675 2780
2676 3130
2677 2799
2678 2996
2678 3781
2679 2748
2679 3296
2680 2712
2680 2970
2680 3530
2680 3693
2683 3209
2683 3564
2684 2750
2684 3797
2685 3508
2686 2736
2687 3260
2688 2818
2689 2755
2689 3285
2690 3816
2691 3228
2692 2727
2692 3131
2693 3728
2695 3509
2696 2964
2696 3375
2698 3613
2698 3717
2700 3025
2700 3746
2701 2871
2703 3249
2703 3390
2703 3660
2704 2897
2704 2968
2704 3666
2705 3792
2705 3989
2706 2787
2708 2810
2708 3969
2709 3811
2709 3870
2709 3877
2710 3211
2711 2812
2711 2933
2711 3692
2711 3749
2712 3265
2713 2934
2713 3741
2714 3628
2715 2818
2716 3215
2716 3415
2718 2991
2718 3132
2719 3209
2720 3172
2720 3775
2721 3537
2722 3490
2723 2839
2724 3924
2725 3223
2725 3421
2726 3043
2726 3244
2727 3094
2728 3401
2729 3026
2730 3814
2731 2893
2732 2839
2733 3736
2735 3708
2737 3656
2737 3841
2739 3902
2739 3967
2741 3183
2742 3246
2743 3482
2743 3535
2744 2910
2744 3317
2746 3816
2747 2754
2747 2914
2748 3193
2749 2826
2749 3587
2751 2771
2751 3865
2752 2788
2753 3954
2754 3213
2755 3170
2756 3273
2756 3998
2757 2793
2757 3028
2757 3192
2760 2901
2760 3485
2761 3474
2761 3482
2762 3478
2763 2768
2764 2809
2764 3244
2764 3955
2765 2839
2765 3816
2766 2856
2766 3189
2768 2795
2768 3090
2768 3602
2768 3635
2770 3261
2770 3504
2773 3612
2773 3742
2774 2920
2774 3131
2775 3828
2775 3845
2776 3725
2776 3867
2777 3479
2778 3002
2778 3471
2779 3615
2780 3723
2780 3885
2780 3974
2782 3406
2783 3478
2784 3079
2785 2809
2785 3388
2785 3420
2785 3757
2785 3768
2786 3322
2787 2949
2787 3205
2789 2806
2789 2867
2792 3196
2792 3502
2793 3571
2794 3948
2795 2982
2795 3426
2797 3560
2799 2958
2799 3988
2800 3185
2800 3673
2801 2913
2801 3831
2802 2865
2802 3611
2802 3971
2803 3668
2805 3223
2806 3070
2806 3513
2806 3686
2807 3690
2808 2853
2808 3581
2808 3691
2810 3034
2810 3992
2811 3786
2812 2969
2812 3575
2813 3003
2814 3060
2815 3689
2816 3042
2816 3416
2816 3825
2817 2897
2818 3033
2818 3229
2818 3407
2818 3935
2819 2852
2820 3065
2820 3604
2821 3068
2821 3196
2821 3505
2823 3571
2823 3949
2824 3879
2826 2892
2826 3662
2826 3710
2827 2940
2827 3151
2828 3409
2829 3736
2831 3031
2831 3386
2834 3207
2834 3548
2836 2946
2836 3287
2836 3798
2837 3543
2838 3108
2841 3494
2841 3850
2842 3459
2843 2985
2844 3049
2844 3819
2849 3709
2851 3079
2853 3042
2854 3897
2855 2925
2855 3281
2856 3313
2857 3627
2858 3987
2859 3060
2859 3709
2863 3129
2864 3518
2864 3529
2865 3952
2867 3460
2867 3477
2869 2960
2869 3297
2871 3277
2871 3570
2872 3915
2874 3058
2874 3060
2876 3810
2876 3995
2878 3277
2878 3484
2878 3549
2879 3214
2880 3002
2880 3038
2881 3343
2883 3487
2884 3434
2885 3751
2886 3383
2886 3434
2886 3544
2887 3737
2889 3627
2890 3470
2890 3698
2891 3358
2891 3734
2893 3156
2894 3673
2896 3370
2898 3752
2899 3464
2900 3549
2901 3354
2902 3100
2903 3350
2905 3548
2906 3063
2906 3335
2906 3879
2907 3535
2907 3762
2907 3933
2911 3024
2911 3603
2912 3631
2912 3793
2913 3286
2913 3583
2913 3891
2914 3056
2914 3875
2914 3973
2915 3483
2915 3836
2916 3613
2918 3285
2918 3407
2919 2920
2919 3791
2919 3819
2920 3533
2921 3167
2921 3579
2922 2978
2924 3020
2925 3221
2927 3541
2928 2931
2928 3166
2928 3368
2928 3849
2929 3731
2929 3986
2931 2940
2932 3437
2933 3484
2934 3367
2934 3877
2937 3162
2937 3275
2938 3681
2939 2983
2940 3649
2941 3161
2943 2992
2943 3499
2943 3967
2944 3540
2944 3755
2945 3394
2945 3485
2945 3639
2946 3412
2948 3341
2948 3932
2949 3179
2949 3444
2950 3102
2950 3934
2950 3995
2952 3826
2954 3482
2955 3830
2956 3654
2957 2982
2958 3230
2959 3477
2962 3434
2963 3550
2967 3327
2967 3687
2968 3736
2968 3743
2971 3130
2972 2991
2973 3025
2974 2988
2977 3218
2978 3262
2978 3576
2979 3924
2980 3129
2980 3612
2980 3850
2981 3013
2981 3569
2983 3965
2984 3333
2984 3394
2984 3631
2985 3861
2987 3354
2988 3761
2988 3795
2989 3593
2991 3112
2993 3310
2995 3919
2995 3951
2996 3100
2998 3482
2998 3797
2998 3998
3001 3969
3002 3168
3002 3286
3003 3857
3004 3531
3005 3340
3005 3529
3005 3865
3006 3525
3007 3493
3008 3400
3009 3129
3009 3542
3010 3633
3011 3193
3012 3676
3013 3395
3014 3415
3015 3580
3015 3668
3016 3478
3017 3660
3020 3107
3020 3318
3020 3499
3021 3381
3021 3476
3023 3434
3023 3484
3024 3333
3025 3224
3025 3269
3026 3709
3027 3650
3028 3862
3030 3813
3032 3394
3032 3539
3033 3495
3033 3646
3034 3302
3034 3437
3034 3575
3036 3090
3036 3188
3045 3077
3045 3244
3045 3743
3047 3303
3047 3656
3048 3192
3048 3286
3049 3719
3050 3162
3050 3298
3051 3115
3052 3099
3052 3727
3053 3590
3054 3080
3054 3516
3056 3635
3057 3479
3059 3834
3061 3434
3062 3850
3064 3823
3066 3211
3066 3670
3066 3777
3066 3826
3067 3310
3067 3814
3068 3529
3068 3754
3068 3818
3068 3912
3069 3294
3069 3414
3070 3123
3070 3564
3071 3569
3074 3374
3076 3205
3077 3208
3077 3321
3078 3257
3078 3290
3080 3550
3081 3811
3082 3220
3083 3099
3083 3170
3084 3194
3086 3216
3088 3579
3088 3730
3091 3286
3092 3296
3092 3643
3094 3181
3095 3380
3097 3562
3097 3609
3098 3765
3099 3235
3100 3718
3101 3220
3102 3660
3102 3854
3103 3437
3103 3933
3104 3597
3104 3652
3110 3297
3111 3117
3113 3288
3114 3173
3115 3588
3116 3657
3120 3253
3121 3375
3124 3226
3124 3303
3125 3774
3127 3164
3130 3756
3131 3928
3132 3399
3132 3528
3136 3411
3136 3451
3138 3977
3140 3826
3142 3282
3142 3913
3143 3353
3144 3458
3145 3297
3146 3723
3146 3852
3147 3950
3148 3769
3149 3519
3155 3315
3155 3649
3155 3983
3155 3989
3158 3504
3158 3700
3158 3767
3158 3789
3158 3866
3160 3611
3161 3315
3161 3688
3163 3483
3164 3789
3167 3407
3167 3562
3170 3462
3170 3495
3170 3608
3170 3748
3170 3956
3171 3329
3171 3944
3171 3956
3172 3572
3172 3974
3174 3263
3174 3395
3176 3946
3177 3736
3178 3794
3180 3400
3181 3925
3182 3299
3182 3510
3183 3570
3184 3400
3185 3398
3185 3800
3186 3251
3186 3272
3187 3352
3188 3420
3188 3588
3192 3574
3193 3959
3194 3875
3196 3954
3199 3566
3199 3798
3200 3381
3200 3575
3201 3478
3201 3815
3203 3615
3203 3681
3205 3669
3207 3928
3208 3276
3208 3439
3208 3747
3209 3273
3211 3314
3211 3864
3213 3312
3213 3585
3214 3630
3214 3674
3214 3684
3216 3516
3219 3521
3220 3812
3220 3951
3223 3858
3224 3673
3229 3338
3229 3600
3230 3600
3230 3780
3231 3405
3239 3640
3239 3699
3239 3733
3239 3784
3242 3331
3242 3984
3243 3559
3243 3585
3244 3423
3246 3343
3249 3800
3251 3370
3252 3861
3253 3594
3256 3412
3257 3809
3258 3451
3259 3405
3262 3935
3263 3620
3263 3975
3265 3835
3267 3781
3268 3513
3271 3274
3271 3558
3273 3952
3275 3850
3276 3312
3276 3740
3277 3616
3277 3680
3277 3772
3278 3787
3280 3391
3280 3843
3286 3340
3286 3718
3289 3417
3290 3609
3290 3760
3292 3833
3292 3925
3293 3331
3295 3734
3295 3874
3296 3979
3297 3341
3297 3683
3298 3421
3299 3625
3299 3785
3304 3332
3306 3676
3309 3527
3311 3788
3312 3679
3312 3711
3312 3801
3313 3344
3314 3565
3314 3596
3317 3728
3321 3682
3322 3824
3324 3621
3328 3550
3328 3977
3330 3953
3331 3615
3334 3799
3334 3856
3337 3942
3338 3353
3338 3651
3338 3983
3345 3835
3347 3596
3348 3447
3348 3740
3349 3652
3349 3673
3351 3596
3351 3874
3353 3527
3353 3654
3353 3963
3357 3396
3357 3984
3358 3644
3361 3984
3364 3862
3365 3512
3365 3965
3367 3490
3367 3492
3367 3761
3372 3523
3373 3375
3375 3989
3376 3498
3378 3990
3380 3537
3381 3977
3383 3788
3388 3604
3390 3564
3394 3831
3394 3857
3396 3678
3397 3840
3398 3737
3399 3604
3399 3868
3401 3731
3401 3956
3404 3530
3404 3977
3407 3849
3409 3697
3409 3816
3410 3613
3414 3679
3415 3602
3415 3728
3415 3895
3418 3646
3419 3697
3419 3762
3420 3454
3426 3488
3427 3750
3429 3821
3432 3527
3432 3926
3433 3530
3433 3707
3436 3986
3437 3692
3438 3788
3443 3800
3444 3891
3448 3620
3450 3806
3455 3977
3458 3912
3459 3642
3460 3751
3461 3531
3464 3832
3465 3714
3468 3902
3469 3940
3470 3516
3470 3553
3477 3751
3478 3741
3478 3788
3478 3857
3487 3791
3493 3656
3495 3833
3496 3688
3497 3626
3498 3605
3498 3661
3501 3584
3503 3827
3503 3984
3504 3820
3505 3819
3506 3543
3508 3795
3510 3561
3511 3569
3511 3664
3513 3591
3514 3921
3527 3905
3528 3975
3529 3864
3533 3911
3538 3937
3541 3608
3541 3925
3542 3884
3543 3567
3544 3690
3546 3701
3547 3959
3549 3641
3555 3954
3556 3728
3557 3801
3559 3720
3560 3670
3560 3947
3565 3735
3565 3984
3567 3648
3567 3749
3571 3891
3573 3951
3574 3921
3576 3796
3579 3831
3584 3700
3584 3782
3589 3909
3591 3957
3593 3779
3594 3807
3597 3925
3598 3771
3602 3879
3603 3702
3603 3926
3605 3804
3606 3612
3608 3975
3612 3804
3614 3773
3620 3755
3624 3916
3626 3834
3626 3843
3627 3773
3629 3730
3632 3765
3635 3879
3637 3691
3638 3834
3641 3757
3645 3848
3645 3984
3646 3668
3648 3786
3651 3923
3655 3916
3657 3692
3661 3885
3666 3798
3670 3812
3672 3683
3673 3992
3684 3721
3687 3979
3688 3764
3688 3855
3688 3984
3690 3812
3691 3983
3697 3708
3704 3793
3708 3931
3713 3738
3721 3770
3721 3816
3722 3905
3727 3859
3728 3750
3731 3961
3733 3871
3737 3842
3743 3796
3746 3760
3746 3789
3746 3806
3749 3931
3764 3960
3764 3964
3767 3874
3768 3920
3770 3897
3777 3823
3777 3906
3777 3908
3792 3827
3804 3998
3810 3874
3817 3872
3819 3909
3828 3962
3845 3996
3846 3923
3851 3974
3855 3900
3867 3953
3868 3988
3877 3946
3880 3893
3906 3938
3909 3982
3916 3984
3935 3972
3948 3982
3957 3974
3977 3984
