0 54
0 90
0 148
0 212
1 19
1 78
1 93
1 119
1 230
2 7
2 47
2 192
2 205
3 98
3 176
4 136
4 164
5 54
5 119
6 26
6 142
6 216
7 11
7 43
7 47
7 87
7 249
8 87
8 93
8 115
8 249
10 36
10 60
10 115
10 209
11 148
12 50
12 66
12 175
12 190
12 223
13 34
13 45
13 68
13 72
13 181
15 46
15 55
15 119
15 125
15 187
16 192
16 204
16 235
17 127
17 224
17 239
18 44
18 74
18 90
18 99
19 50
19 113
19 210
20 21
20 152
21 208
21 220
22 67
22 126
22 144
22 210
23 56
23 122
23 245
24 214
25 40
25 43
25 85
25 158
25 185
25 222
25 240
26 29
26 201
27 47
27 70
28 60
28 230
28 234
29 81
29 128
30 38
31 129
31 154
31 191
32 154
32 228
33 43
33 98
34 74
34 151
35 88
35 137
35 195
36 211
36 214
37 55
37 86
37 130
37 218
37 247
38 116
38 128
38 233
38 240
39 120
40 79
40 173
41 76
41 163
41 224
42 57
42 96
42 99
42 157
42 242
44 63
44 183
45 82
45 110
45 116
45 150
45 210
45 222
45 234
46 122
46 235
47 62
47 121
47 152
47 173
47 229
48 73
48 115
48 234
49 65
49 145
49 216
50 132
50 179
51 104
51 114
51 120
51 238
51 241
52 82
52 177
52 188
52 220
53 55
53 110
53 114
53 146
53 175
54 87
54 149
54 173
54 243
54 246
55 86
55 130
55 211
56 121
56 187
56 190
56 199
57 97
57 112
57 169
57 229
59 78
59 95
59 98
59 116
59 120
60 133
60 145
60 202
60 206
60 238
61 101
61 220
62 162
62 233
63 117
64 167
64 232
64 237
65 75
65 154
65 219
66 138
67 137
67 151
67 157
67 247
68 90
68 115
68 242
69 107
69 199
69 215
70 77
70 115
70 141
70 198
71 144
71 238
72 114
72 171
72 189
73 109
73 111
73 153
73 170
73 205
73 223
73 242
74 90
74 100
74 238
74 242
75 107
75 235
75 239
76 120
76 148
76 153
76 175
77 100
77 168
77 208
78 167
78 205
78 212
79 97
79 134
79 139
79 141
79 151
79 225
80 134
80 237
81 83
81 130
81 135
81 189
82 124
82 168
83 109
83 135
83 147
83 172
83 184
83 235
84 119
84 136
84 159
84 192
84 213
84 240
85 121
85 134
85 224
85 239
86 118
86 124
86 131
86 157
86 159
87 102
87 240
88 111
88 181
88 195
88 234
89 109
91 191
91 231
92 113
92 233
92 234
93 147
93 192
93 245
93 246
94 188
95 124
95 205
95 214
96 98
96 151
97 208
98 131
98 198
100 101
101 118
101 173
102 196
102 197
103 167
103 248
104 133
104 156
104 181
105 126
106 117
106 175
107 159
107 166
107 213
108 142
108 160
108 161
108 177
108 221
108 239
109 155
109 159
109 174
109 195
109 229
110 179
110 202
111 151
113 153
113 177
113 231
114 135
114 175
114 213
115 153
116 138
117 151
117 243
118 134
118 140
118 219
119 133
119 138
120 133
120 146
121 142
122 143
123 149
123 176
124 134
124 182
125 142
125 174
125 191
125 213
126 163
127 131
127 154
128 168
128 206
128 244
129 171
129 199
129 203
129 246
129 248
130 157
130 172
130 217
130 226
131 170
131 227
132 153
132 162
133 171
135 204
135 226
135 233
136 163
136 203
137 140
137 158
137 200
137 203
138 139
139 189
139 190
139 227
141 183
142 210
143 227
143 236
144 206
146 241
147 244
148 177
149 197
149 205
150 197
150 240
151 203
151 226
152 171
152 199
153 168
154 189
156 157
156 197
158 188
158 210
159 225
159 242
161 232
163 185
163 218
163 247
164 183
164 218
166 185
166 224
166 236
168 209
168 222
170 192
170 220
171 216
172 240
173 233
174 213
179 200
184 235
185 190
186 227
189 192
189 197
189 198
189 221
190 224
191 212
192 226
194 249
195 202
196 202
196 215
197 231
198 232
199 229
201 232
202 215
203 217
206 242
207 212
207 222
208 213
211 217
217 218
217 233
218 224
218 233
219 242
226 249
227 238
230 239
232 245
240 244
242 249
244 248
