0 64
0 430
1 135
1 152
1 157
1 364
1 394
1 430
1 438
2 16
2 102
2 229
2 283
2 459
3 82
3 194
3 445
3 476
4 280
4 396
5 319
5 338
5 440
5 458
6 131
6 177
6 471
7 85
7 207
8 51
8 342
8 401
9 56
9 69
9 269
9 385
9 408
9 474
10 302
10 313
10 374
10 498
11 105
11 247
11 343
12 148
12 183
12 366
12 407
12 414
12 453
13 181
13 246
13 266
13 283
14 120
14 191
15 129
15 211
15 294
16 138
16 146
17 191
17 195
17 413
17 448
18 455
18 465
19 75
20 155
20 172
20 250
20 255
20 266
20 417
21 96
21 228
21 244
21 440
22 110
22 182
22 210
22 350
22 390
22 463
23 84
23 147
23 318
24 237
24 404
25 169
25 198
26 174
26 323
27 110
27 119
27 363
27 489
28 463
28 494
29 186
29 245
29 340
29 356
29 402
30 183
30 284
30 320
30 455
30 457
31 40
31 85
31 170
31 183
31 390
31 442
31 479
31 485
32 67
32 474
33 412
33 442
34 438
35 134
35 243
35 275
35 321
35 342
35 357
35 359
36 85
36 133
36 157
36 282
36 434
37 250
37 397
38 379
38 408
39 164
39 196
39 259
39 276
39 320
40 50
40 113
40 195
40 479
41 129
41 205
41 337
41 461
42 127
42 164
42 203
42 479
43 246
43 409
43 495
44 133
44 311
45 149
45 225
45 389
46 86
46 158
46 161
46 234
46 451
47 48
47 80
47 95
47 131
47 218
47 243
47 494
48 133
48 218
48 317
48 388
49 73
49 282
49 284
49 301
49 428
50 111
50 198
50 240
50 364
50 427
50 453
51 68
51 178
51 303
52 68
52 142
52 242
52 338
53 94
53 180
53 216
53 229
53 433
54 56
54 234
54 301
55 362
56 117
56 251
57 74
57 88
57 98
57 208
57 300
57 363
58 69
58 189
58 298
58 322
58 429
58 460
59 85
59 429
59 438
59 482
60 98
60 191
60 223
61 65
61 81
61 128
61 391
63 290
63 395
64 193
64 465
65 113
65 163
65 226
65 345
65 352
65 373
66 128
66 155
66 219
66 428
67 142
67 193
67 255
67 328
67 421
68 71
68 135
68 297
68 415
68 447
68 459
69 102
69 439
69 463
70 134
70 152
70 343
71 209
71 220
71 394
71 468
72 122
72 176
72 183
72 299
73 114
73 380
73 396
74 147
74 174
74 224
74 393
74 415
75 95
75 173
75 194
75 214
75 320
77 138
77 429
79 215
79 394
80 323
80 350
80 378
80 386
80 415
81 234
81 389
81 494
82 137
82 214
82 229
82 435
82 499
84 90
84 134
84 147
84 207
84 396
85 99
85 200
85 317
85 374
85 380
85 421
86 242
86 391
87 102
87 414
88 108
89 167
89 207
89 249
89 315
90 141
90 177
90 193
90 281
91 227
91 264
91 302
91 413
91 415
91 420
91 493
92 316
93 178
93 270
93 322
93 395
93 432
93 460
94 221
94 340
95 162
95 275
95 421
97 453
98 386
98 476
100 228
100 265
100 459
101 105
101 119
101 279
101 294
102 337
102 361
102 438
103 118
103 171
103 411
104 153
104 158
104 182
105 171
105 359
105 396
105 446
106 121
106 201
106 338
107 240
107 273
108 167
108 200
108 350
108 475
109 266
109 308
109 351
109 365
110 228
111 242
111 342
111 386
112 113
112 212
112 231
112 334
112 459
113 120
113 128
113 188
114 126
114 223
115 202
115 336
115 424
116 241
116 257
116 401
116 404
116 419
117 199
117 314
118 152
118 241
118 246
119 150
119 296
119 439
119 445
119 494
120 488
121 127
121 185
121 289
121 299
121 311
121 375
122 190
122 366
122 397
123 157
123 166
123 313
124 457
125 140
125 457
126 279
127 185
127 193
127 261
127 280
127 324
127 428
127 499
128 419
129 140
129 160
129 209
129 227
129 293
129 354
129 376
129 444
130 197
130 235
130 259
130 405
130 433
131 273
131 491
132 209
132 260
133 196
133 474
134 274
134 303
135 249
135 412
135 450
136 233
136 319
137 336
137 389
138 140
138 238
139 319
139 335
139 384
139 427
139 431
140 163
140 248
140 281
140 413
140 419
141 142
141 273
141 376
141 489
141 495
142 175
142 314
142 316
142 439
142 478
143 199
143 218
143 240
145 402
146 257
147 338
148 274
149 150
149 283
149 343
149 409
149 473
150 319
150 445
150 450
151 386
151 446
151 497
152 154
152 163
152 295
152 422
153 285
153 446
154 164
154 214
154 329
155 415
155 432
155 494
156 159
156 345
157 429
158 420
158 452
159 249
159 283
159 342
159 361
160 367
161 200
162 257
162 323
163 224
163 241
163 337
163 361
164 185
164 326
165 414
165 449
166 257
166 258
166 273
166 280
166 414
167 358
167 397
168 249
168 368
168 490
169 215
169 266
169 368
170 208
170 275
170 352
170 420
170 495
171 187
171 261
171 420
172 203
172 233
172 234
172 293
172 323
172 339
172 398
172 411
172 462
172 483
173 298
173 324
174 339
174 344
174 459
175 179
175 356
175 492
176 190
176 266
176 439
177 198
177 347
178 188
178 197
178 202
178 336
179 245
179 250
179 416
179 442
180 469
181 187
181 196
181 400
182 261
182 316
183 230
183 315
184 353
184 364
184 382
184 435
185 250
185 337
185 393
186 304
186 337
186 390
188 306
188 428
189 347
190 405
191 271
191 316
191 372
191 374
192 209
192 274
192 301
192 344
192 375
192 417
193 277
193 464
194 313
195 264
195 357
195 386
195 481
196 273
196 417
197 417
197 442
198 205
198 280
198 288
199 485
200 215
200 299
200 468
201 205
201 264
201 359
202 252
202 291
202 418
203 399
204 220
205 206
205 341
205 428
205 449
206 219
207 474
208 389
208 411
209 268
209 375
209 410
210 294
211 377
211 459
212 319
213 275
214 241
214 261
214 435
215 244
216 241
216 414
217 305
217 307
217 358
217 387
218 365
218 429
218 449
219 231
219 405
219 475
220 244
220 498
221 309
221 340
221 356
221 410
222 302
223 424
223 459
224 228
224 301
224 442
224 443
225 364
225 376
225 437
225 479
226 378
226 407
227 295
227 337
227 358
228 450
228 470
230 257
230 261
230 422
231 407
232 352
232 457
233 424
234 281
234 292
234 397
234 472
235 415
236 378
237 258
237 369
237 425
237 484
238 255
238 401
238 449
238 463
239 262
239 442
240 244
240 372
240 392
241 345
243 477
243 492
245 262
245 311
245 319
246 404
246 430
246 458
247 258
247 458
248 304
248 412
248 496
250 317
250 455
251 310
251 464
252 305
252 382
252 440
252 490
253 296
253 343
254 291
254 349
255 319
259 423
260 346
260 357
260 429
260 498
261 384
262 450
264 352
265 398
266 278
267 465
268 406
268 454
269 384
270 296
270 383
270 399
270 443
270 484
270 489
271 300
271 345
271 383
271 387
272 462
272 472
273 313
273 464
273 475
274 335
274 389
274 434
274 470
275 286
275 377
276 282
276 365
276 368
277 294
278 330
278 493
280 379
280 440
281 283
281 331
281 430
282 294
282 445
283 285
283 386
283 447
284 364
285 298
285 322
285 459
285 497
287 471
288 487
289 324
289 376
290 343
290 357
291 308
291 361
291 417
291 488
292 420
293 358
293 392
293 415
294 457
294 467
296 354
296 458
297 433
298 310
298 335
298 462
298 491
299 493
301 348
301 351
303 304
303 375
304 348
304 407
305 380
305 461
306 316
307 333
307 352
307 371
307 409
308 355
309 349
309 388
310 371
310 378
310 491
313 386
314 344
314 360
315 379
315 402
316 345
316 408
316 482
317 453
318 497
318 499
319 355
320 426
321 432
322 434
322 449
322 465
323 399
324 419
325 466
328 369
328 465
329 334
329 345
329 451
329 467
330 379
331 491
333 341
333 446
333 462
333 475
334 438
334 499
335 398
335 460
336 340
339 354
340 433
340 438
341 343
341 370
341 394
342 357
342 437
343 363
343 405
346 486
347 374
347 472
348 484
348 489
348 499
350 353
351 369
351 485
352 376
354 384
354 446
354 462
356 475
357 466
357 487
358 407
359 441
360 466
362 396
363 379
365 460
367 447
367 453
371 407
372 401
372 406
372 417
373 383
374 442
375 389
375 396
377 415
377 498
379 449
381 400
381 431
386 461
387 398
389 414
390 441
391 405
391 470
392 444
393 462
393 477
394 457
394 495
394 496
395 399
396 483
396 499
398 420
398 455
399 478
401 415
403 448
405 413
405 451
406 443
409 443
411 414
412 434
414 417
414 456
414 467
423 433
423 471
424 446
424 473
425 497
426 436
427 498
431 495
435 466
435 481
438 468
443 459
445 469
445 478
445 491
447 488
457 479
461 497
463 492
464 487
468 474
471 474
471 493
472 499
477 497
