0 1
0 12
1 2
1 13
2 14
3 4
4 16
5 17
6 18
8 20
9 10
10 22
11 23
12 24
13 14
13 25
14 15
16 28
17 18
17 29
18 19
18 30
19 31
20 21
20 32
21 22
21 33
22 34
24 36
25 26
25 37
26 27
26 38
27 39
28 40
29 30
30 31
31 32
31 43
32 44
33 45
34 35
35 47
36 37
36 48
37 38
38 39
39 40
39 51
40 41
42 43
44 56
45 46
45 57
46 47
47 59
48 49
49 50
50 51
51 63
53 54
53 65
54 55
54 66
55 67
56 57
56 68
57 69
58 70
60 72
61 73
62 63
62 74
63 64
63 75
65 66
65 77
66 78
67 79
68 80
69 70
69 81
70 82
71 83
72 73
72 84
73 74
74 75
74 86
75 76
75 87
76 77
76 88
77 78
78 79
78 90
79 80
81 82
81 93
82 94
85 86
86 87
86 98
87 99
88 89
88 100
89 90
90 102
91 92
91 103
92 104
93 94
94 95
95 107
96 108
97 98
98 99
98 110
99 100
99 111
100 101
101 113
102 103
103 104
103 115
104 105
105 106
106 107
108 109
109 121
110 111
111 123
112 124
113 114
114 126
115 116
117 118
118 130
120 121
122 123
123 124
123 135
124 125
125 126
125 137
126 127
127 128
128 140
129 141
130 142
131 143
133 134
136 137
137 138
138 139
139 140
140 141
141 142
142 143
