0 1
0 2
0 3
0 4
0 5
0 6
0 7
0 9
0 11
0 12
0 15
0 19
0 20
0 22
0 23
0 24
0 27
0 31
0 32
0 34
0 38
0 40
0 43
0 48
0 49
0 55
0 57
0 59
0 64
0 71
0 72
0 77
0 85
0 86
0 90
0 93
0 99
0 102
0 104
0 105
0 108
0 112
0 117
0 123
1 2
1 3
1 4
1 5
1 6
1 7
1 8
1 10
1 11
1 14
1 15
1 16
1 18
1 21
1 22
1 25
1 26
1 27
1 29
1 30
1 33
1 35
1 36
1 40
1 46
1 49
1 50
1 51
1 52
1 56
1 58
1 60
1 62
1 63
1 66
1 70
1 72
1 73
1 79
1 81
1 87
1 89
1 92
1 93
1 94
1 95
1 98
1 100
1 102
1 104
1 109
1 110
1 113
1 115
1 120
1 122
1 124
2 8
2 12
2 14
2 26
2 30
2 38
2 39
2 42
2 48
2 54
2 56
2 57
2 58
2 61
2 63
2 81
2 83
2 88
2 91
2 99
2 117
2 120
3 61
3 113
5 18
5 29
5 33
5 59
5 91
5 96
5 103
7 13
7 16
7 17
7 24
7 28
7 39
7 50
7 78
7 82
7 92
7 107
7 111
7 116
8 9
9 10
9 13
9 17
9 19
9 25
9 32
9 52
9 67
9 68
9 71
9 105
9 112
10 45
10 55
11 47
12 37
12 51
12 119
13 82
15 21
15 37
15 46
15 53
15 54
15 64
15 75
16 20
16 103
17 85
19 47
19 87
19 98
21 23
21 31
21 41
21 45
21 68
21 70
21 78
21 80
21 90
21 121
22 41
25 101
26 28
26 34
26 35
26 36
26 44
26 60
26 62
26 74
26 76
26 77
26 89
26 95
26 97
26 118
29 80
30 43
31 107
33 42
34 53
34 79
34 111
35 67
35 69
36 75
36 88
38 65
39 83
40 44
40 65
40 84
40 94
40 119
42 96
42 118
42 121
45 76
45 110
47 69
47 114
47 116
51 73
60 106
61 106
62 86
63 84
64 66
66 74
67 108
72 97
78 115
82 101
82 109
86 100
87 122
92 124
93 123
107 114
