0 1
0 2
0 3
0 4
0 5
0 6
0 8
0 14
0 17
0 18
0 26
0 28
0 30
0 39
0 62
0 69
0 70
0 74
0 84
0 99
0 117
0 125
0 131
0 134
0 140
0 141
0 144
0 149
0 153
0 158
0 164
0 170
0 174
0 175
0 186
0 195
0 196
0 212
0 213
0 217
0 221
0 223
0 244
0 257
0 261
0 285
0 314
0 317
0 320
0 331
0 336
0 355
0 361
0 375
0 376
0 383
0 417
0 421
0 462
0 466
0 473
0 498
1 2
1 3
1 5
1 7
1 8
1 11
1 12
1 15
1 16
1 22
1 24
1 29
1 32
1 37
1 42
1 44
1 46
1 49
1 58
1 59
1 60
1 63
1 66
1 67
1 72
1 83
1 84
1 88
1 90
1 93
1 94
1 96
1 99
1 103
1 113
1 119
1 121
1 124
1 126
1 130
1 132
1 133
1 140
1 143
1 144
1 152
1 168
1 178
1 182
1 183
1 188
1 191
1 204
1 205
1 211
1 215
1 216
1 222
1 230
1 231
1 233
1 234
1 265
1 274
1 277
1 279
1 288
1 296
1 316
1 327
1 332
1 340
1 343
1 357
1 363
1 384
1 385
1 387
1 388
1 389
1 406
1 415
1 420
1 434
1 441
1 462
1 480
1 493
2 4
2 7
2 21
2 22
2 27
2 28
2 31
2 33
2 36
2 47
2 59
2 65
2 69
2 86
2 102
2 116
2 126
2 155
2 208
2 209
2 238
2 243
2 259
2 267
2 271
2 275
2 278
2 283
2 300
2 329
2 334
2 339
2 351
2 357
2 365
2 366
2 390
2 404
2 412
2 415
2 446
2 463
2 484
2 495
3 14
3 17
3 21
3 23
3 60
3 61
3 95
3 102
3 111
3 130
3 150
3 181
3 212
3 258
3 274
3 284
3 292
3 303
3 319
3 330
3 335
3 341
3 342
3 381
3 386
3 416
3 431
3 456
3 496
4 6
4 9
4 11
4 12
4 16
4 25
4 26
4 38
4 41
4 58
4 87
4 97
4 104
4 105
4 109
4 111
4 120
4 156
4 197
4 207
4 214
4 245
4 254
4 272
4 300
4 301
4 307
4 319
4 348
4 358
4 368
4 453
4 461
4 465
4 479
5 23
5 189
5 401
6 133
6 258
6 426
6 454
7 9
7 10
7 13
7 76
7 78
7 107
7 113
7 253
7 290
7 311
7 340
7 345
7 366
7 407
7 459
7 477
7 498
8 19
8 184
8 218
8 391
8 489
9 10
9 15
9 18
9 25
9 27
9 35
9 43
9 52
9 55
9 57
9 68
9 71
9 75
9 81
9 88
9 95
9 97
9 103
9 109
9 123
9 124
9 138
9 142
9 163
9 172
9 185
9 213
9 214
9 220
9 239
9 259
9 309
9 316
9 322
9 328
9 331
9 336
9 381
9 394
9 423
9 475
9 481
9 483
10 13
10 31
10 101
10 243
11 200
12 20
12 24
12 40
12 66
12 73
12 91
12 106
12 117
12 160
12 162
12 185
12 237
12 270
12 372
12 374
12 413
12 454
13 20
13 34
13 63
13 73
13 74
13 77
13 85
13 91
13 92
13 118
13 121
13 135
13 141
13 163
13 175
13 180
13 184
13 248
13 263
13 264
13 298
13 301
13 341
13 344
13 375
13 391
13 400
13 410
13 420
13 450
13 455
13 470
13 482
14 246
14 333
15 43
15 118
15 127
15 189
15 313
15 324
15 402
17 19
17 50
17 64
17 80
17 105
17 108
17 110
17 115
17 166
17 176
17 177
17 199
17 255
17 282
17 304
17 347
17 371
17 422
17 437
17 451
18 30
18 34
18 53
18 198
18 261
18 269
18 297
18 382
18 396
18 406
19 40
19 106
19 255
19 278
19 317
20 476
21 29
21 33
21 36
21 45
21 51
21 57
21 65
21 70
21 82
21 86
21 90
21 92
21 96
21 114
21 119
21 132
21 136
21 147
21 173
21 226
21 239
21 264
21 292
21 307
21 322
21 328
21 363
21 369
21 376
21 384
21 400
21 419
22 349
23 75
23 82
23 112
23 192
23 193
23 288
23 435
24 38
24 47
24 55
24 148
24 155
24 496
25 46
25 100
25 129
25 139
25 246
25 298
25 488
26 49
26 64
26 80
26 89
26 151
26 215
26 236
26 237
26 308
26 360
26 398
26 433
26 439
26 440
27 32
28 154
28 217
28 247
28 293
28 411
28 417
29 122
29 137
29 299
29 302
29 359
29 424
29 428
29 492
30 42
30 76
30 93
30 136
30 150
30 172
30 176
30 265
30 273
30 294
30 312
30 350
30 356
30 367
30 453
30 469
30 473
31 200
32 321
33 35
33 77
33 83
33 220
33 466
34 37
34 44
34 45
34 54
34 56
34 62
34 122
34 162
34 166
34 196
34 231
34 268
34 273
34 287
34 294
34 302
34 303
34 311
34 344
34 373
35 170
35 173
35 190
35 198
35 395
35 419
35 441
35 492
36 71
36 131
36 210
36 411
37 39
37 51
37 53
37 89
37 100
37 108
37 112
37 114
37 145
37 152
37 210
37 221
37 229
37 230
37 234
37 240
37 249
37 260
37 266
37 272
37 315
37 354
37 395
37 432
37 472
37 484
37 491
38 48
38 56
38 98
38 304
38 343
39 81
39 127
39 145
39 171
39 211
40 41
40 48
40 52
40 115
40 435
40 444
40 459
41 50
41 78
41 207
41 267
41 465
41 480
42 54
42 354
42 437
43 67
43 72
43 134
43 226
44 128
44 249
44 377
44 402
45 68
45 232
45 241
46 135
46 156
46 165
47 269
48 350
49 203
49 208
49 283
50 61
50 116
50 120
50 188
50 228
50 229
50 253
50 276
50 285
50 295
50 299
50 318
50 365
50 393
50 475
50 489
51 159
51 187
51 244
52 101
52 323
53 110
54 157
54 161
55 349
55 390
55 413
56 438
58 154
58 238
58 414
58 425
58 456
59 143
59 161
59 201
59 275
59 338
59 491
59 497
60 79
60 447
63 401
63 446
64 98
64 104
64 128
64 164
64 194
65 94
65 125
65 158
65 169
65 171
65 279
65 368
66 248
67 461
68 312
71 137
72 79
72 87
72 147
72 167
72 318
72 330
72 445
73 240
73 266
75 236
76 85
76 287
77 148
77 404
78 139
78 193
78 219
79 314
79 464
82 397
83 204
83 407
84 463
85 225
85 352
85 399
85 442
88 482
91 107
92 235
93 242
94 129
94 187
94 199
94 270
94 286
94 342
94 346
94 436
95 181
95 389
96 123
96 142
96 146
96 169
96 223
96 245
96 262
96 306
96 310
96 321
96 324
96 387
96 403
97 225
97 337
97 439
97 444
99 224
99 315
100 385
100 424
102 251
102 306
102 474
104 205
106 202
106 260
108 256
109 153
109 252
109 383
110 165
110 167
110 179
110 355
110 380
110 382
110 443
111 477
113 233
113 281
113 440
114 182
114 467
118 146
119 149
119 157
119 178
120 206
120 224
120 339
120 409
122 254
123 138
123 160
123 203
123 256
123 348
123 358
123 364
123 426
123 436
124 290
124 449
125 378
126 499
127 280
131 351
132 168
132 388
133 180
133 201
133 448
133 469
138 177
138 276
138 337
138 362
138 409
138 427
138 452
140 216
140 293
140 333
140 396
141 291
144 235
144 252
144 471
145 257
147 431
148 479
149 151
150 289
150 429
152 277
153 179
153 295
154 159
156 222
157 428
158 263
158 313
158 325
158 448
160 191
160 194
160 195
160 262
160 360
161 251
161 442
162 174
162 232
162 308
162 323
162 327
162 408
162 460
163 297
163 379
164 227
164 346
166 197
168 190
169 353
172 183
173 241
173 280
173 310
175 206
175 429
177 186
177 209
177 320
177 386
177 398
177 405
179 362
182 228
182 326
188 192
188 457
189 450
190 422
191 408
191 416
193 250
193 425
193 449
193 474
194 430
194 460
195 250
195 392
195 443
198 202
198 447
200 305
202 325
205 423
205 467
206 268
208 329
208 332
208 378
208 452
208 458
212 284
212 377
213 371
213 471
215 227
216 219
216 347
216 367
216 445
217 218
217 334
217 379
218 359
218 490
219 394
220 468
224 271
227 281
227 399
227 472
229 242
231 410
233 286
233 353
234 356
234 372
234 374
234 438
237 335
239 369
240 247
240 289
240 493
241 430
246 364
250 486
252 291
253 370
257 282
257 418
260 305
266 345
268 427
274 487
277 470
284 380
284 476
286 296
289 397
289 434
289 483
291 326
291 352
291 361
296 338
296 412
302 405
305 455
308 309
308 499
312 481
317 370
317 392
321 393
324 488
326 418
326 478
335 468
339 403
341 464
342 485
343 414
343 494
349 421
349 497
362 458
368 373
371 495
375 433
376 432
405 487
435 457
435 485
444 451
449 494
455 486
470 490
477 478
