0 1751
0 2311
0 2413
0 2455
0 2662
0 2766
1 1907
1 3187
1 3483
2 191
2 945
2 1115
2 2010
3 384
3 2573
3 2712
3 3941
4 876
4 3035
4 3241
4 3416
4 3509
5 37
5 488
5 574
5 778
5 1794
5 3819
6 405
6 1359
6 2728
6 2874
6 3079
6 3344
7 1271
7 1385
7 3887
8 891
8 2311
8 2530
8 3728
9 1178
9 2477
9 3492
10 202
10 3292
11 2580
12 639
12 1523
12 1526
12 1763
12 2668
13 754
13 2295
13 3333
14 2519
15 299
15 939
15 1438
15 1679
15 1892
15 2448
15 3355
16 1701
17 355
17 490
17 1760
17 3973
18 39
18 2188
18 2331
19 62
19 700
20 402
20 416
20 2196
20 2279
20 3781
21 153
21 281
21 466
21 2217
21 2582
21 3718
22 480
22 1140
22 1393
22 2095
22 3370
23 1474
23 2502
23 3140
24 381
24 748
24 785
24 1784
24 1862
24 3124
24 3201
24 3499
24 3580
25 1517
25 1902
25 3656
26 1530
26 3070
27 693
27 2693
28 1001
28 1320
28 1417
28 2844
28 3273
29 476
29 536
29 1540
29 2991
30 2498
30 3022
31 195
31 992
31 1761
31 3838
32 1889
32 2368
32 3143
32 3326
33 207
33 1409
33 2508
34 953
34 1713
34 2054
34 2232
34 2462
34 3250
35 142
35 681
35 694
35 1436
36 475
36 2502
36 3343
36 3776
37 363
37 409
37 2299
37 2869
37 2941
37 3635
38 457
38 905
38 2298
39 1318
39 2804
39 2941
39 3277
39 3914
39 3918
40 2280
40 2748
41 681
42 1444
42 2010
42 2661
42 3586
43 1026
43 1381
43 1797
44 330
44 2431
45 3656
45 3906
46 1139
47 507
47 2822
48 203
48 2111
48 2219
48 2406
48 2781
49 597
49 667
49 2092
49 3898
50 150
50 700
50 1959
50 2513
51 925
51 1185
51 1681
52 98
52 1446
53 964
53 1108
53 2135
54 524
54 881
54 1544
54 1773
54 2951
54 3757
55 204
55 666
56 250
56 1016
56 2983
57 538
57 815
57 1402
57 2546
58 63
58 515
58 693
58 819
58 2438
58 3910
59 522
59 690
59 1769
59 2679
60 2248
60 3079
61 1005
61 1516
61 2511
61 2515
61 3703
62 212
62 338
62 2377
62 3686
63 1241
63 2024
63 2823
63 3616
64 116
64 391
64 675
64 1007
64 3135
65 379
65 1705
65 2099
65 2379
65 2872
65 3356
66 1265
66 1788
66 2043
66 2234
66 2595
66 3372
66 3515
66 3578
67 788
67 2343
68 957
68 1666
68 2083
68 2481
68 2905
68 2933
68 2958
69 448
69 1041
70 219
70 677
70 891
70 1497
70 3406
71 1164
71 1326
72 1348
72 2760
73 617
73 2857
74 119
74 641
74 1086
74 1441
74 3695
76 304
76 1924
76 2329
76 2460
76 2488
76 3220
76 3235
76 3740
77 194
77 211
77 1127
77 1664
77 3228
77 3500
77 3776
77 3921
78 245
78 3060
78 3962
79 1397
79 1457
79 1984
79 2335
79 2862
80 3286
81 173
81 1622
81 2322
81 2678
81 3095
81 3605
82 332
82 3298
82 3773
83 1805
83 2387
83 2721
84 142
84 720
84 1134
84 1707
84 2143
84 2470
84 3049
85 2021
85 2414
85 2993
85 3551
85 3925
86 175
86 1206
87 787
87 2815
88 2582
88 3098
89 1370
89 2335
89 2586
89 3504
89 3987
90 2417
90 2644
90 2669
90 3572
91 653
91 970
91 2472
91 3430
92 258
92 864
92 2330
92 2547
93 1931
93 3072
93 3138
93 3351
94 1525
94 2988
95 1509
95 1612
95 3083
95 3129
96 366
96 3957
97 1233
97 1486
97 1827
97 1915
97 2834
98 260
98 1194
98 1804
98 2221
98 3186
99 545
99 857
99 1528
99 2205
99 2786
99 3087
99 3099
100 390
101 114
101 2156
101 2454
101 2813
101 3010
102 840
102 1400
102 2696
102 3379
102 3665
103 1682
103 3518
104 799
104 1370
104 2612
105 1833
105 3101
106 3861
106 3870
107 799
107 1083
107 1882
107 2139
107 3451
108 1616
108 2118
108 2217
108 2718
108 2779
108 3685
109 1330
110 758
110 3502
111 2268
112 361
112 468
112 1402
112 2792
112 3610
113 1385
113 1845
113 3402
113 3701
114 1177
114 3126
114 3417
114 3456
115 210
115 283
115 1884
115 2178
115 2717
115 2822
115 2946
116 2597
116 2875
116 3338
117 1187
117 2502
117 2777
117 3193
117 3345
117 3896
117 3899
117 3985
118 433
118 914
118 1116
118 1483
118 3047
118 3925
119 1277
119 1283
120 2805
121 1780
121 2132
121 2327
121 3858
121 3880
122 525
122 692
122 1649
123 696
123 1521
123 3663
124 1687
125 158
125 1796
125 2253
126 295
126 458
126 1878
126 2849
127 433
127 3977
128 1584
128 1742
128 1952
128 2140
129 719
129 1004
129 2535
129 2886
129 3450
129 3978
130 1302
130 3137
131 678
131 1373
131 1615
131 1675
131 2109
132 427
132 3344
132 3996
133 385
133 632
133 1203
133 1292
133 3115
133 3228
133 3837
134 263
134 831
134 1157
134 3527
134 3588
134 3826
135 1108
135 1867
136 244
136 684
136 1252
136 1263
136 1904
136 2099
136 3354
136 3360
137 2442
138 1023
138 3057
138 3246
138 3609
138 3859
139 685
139 802
139 1869
139 2273
139 2291
139 3214
139 3466
140 276
140 315
140 581
140 3018
140 3687
141 148
141 3029
141 3101
141 3344
142 1061
142 1888
142 2769
142 3053
142 3549
143 1092
143 1646
143 3316
143 3855
144 2735
144 3613
145 796
145 2643
145 2655
145 3707
145 3877
146 1315
146 2176
146 2364
146 2754
147 702
147 883
147 2234
147 3132
147 3667
147 3989
148 175
149 1424
149 2818
150 573
150 2782
150 3718
151 322
151 1763
151 1947
151 2128
151 3164
152 530
152 2481
152 2511
152 3305
152 3507
152 3783
153 281
153 346
153 439
153 773
153 1626
153 2002
153 2053
153 2302
153 3179
153 3211
154 249
154 893
154 960
154 1134
154 2476
154 3899
155 2041
155 2132
156 864
156 1028
156 2651
156 3327
157 335
157 827
157 1725
157 2775
157 2841
157 3574
158 180
158 541
158 925
158 2178
159 190
159 500
159 2757
160 490
160 793
160 1143
160 1868
160 1888
160 1992
160 2176
160 2567
160 3132
161 890
161 1077
161 2097
161 2343
161 2541
161 2948
161 3986
162 1124
162 1341
162 1726
162 1770
163 1128
163 3109
163 3114
164 1191
164 1494
164 3463
165 1237
165 1435
165 2369
165 2816
165 3105
166 1520
166 3267
167 306
167 1016
167 1277
167 2261
167 2426
167 2962
168 273
168 1535
169 1041
169 1934
169 2062
169 3251
169 3259
169 3608
170 584
170 939
170 943
170 1261
170 1970
170 3606
171 2221
171 3630
172 814
172 905
172 1588
172 1703
172 3713
173 1407
173 2914
174 1113
174 3557
175 641
175 1997
176 735
176 743
176 3004
177 965
177 1393
177 3764
177 3811
178 359
178 478
178 1390
178 1444
178 2154
178 2893
179 3040
180 663
180 692
180 832
180 3110
180 3138
181 415
181 1872
182 198
182 526
182 2758
182 2839
182 3216
183 421
183 425
183 1093
183 2277
183 2439
183 2593
183 2883
184 432
184 472
184 572
184 658
184 1667
184 1865
185 2977
186 1873
186 2999
186 3069
186 3526
186 3754
187 3462
188 645
188 748
188 937
188 3279
188 3796
188 3834
189 548
190 484
190 1193
190 1723
190 2294
191 753
191 994
191 2042
191 2705
192 332
192 1250
192 1306
192 1969
192 3439
193 365
193 2525
193 3847
194 726
194 915
194 2408
194 2649
194 3129
195 1543
195 1915
196 227
196 1618
196 2401
196 3464
197 515
197 579
197 977
197 2259
197 2338
197 3723
198 476
198 1881
199 1254
199 2073
200 1801
201 490
201 3100
201 3669
202 1641
202 1970
203 1134
203 1557
203 1561
203 2542
203 3271
203 3754
204 407
204 1987
204 2581
204 3772
204 3974
205 556
205 1599
205 2037
206 1706
206 2024
207 342
207 913
207 1648
207 3603
207 3693
208 2443
208 2762
208 3365
209 1458
209 1884
209 2096
209 2573
209 3028
210 1297
210 1465
210 2075
210 2764
211 2841
212 1666
212 2282
212 3322
212 3539
213 862
213 1691
213 3073
213 3151
213 3696
214 549
214 1029
214 1070
214 2791
215 399
215 954
215 1463
215 2289
215 2629
216 2882
216 3224
217 486
217 874
217 2339
217 2410
217 2702
218 786
218 1271
218 1507
218 2087
219 1318
219 1819
219 2162
219 2310
219 3597
219 3723
220 2096
220 2900
220 2926
220 3313
220 3588
220 3589
220 3886
221 744
221 972
221 3508
221 3668
222 334
222 1725
222 1824
223 1003
223 1244
223 1355
223 2212
224 781
224 3718
225 1800
225 2112
225 2563
225 3801
226 228
226 747
226 3736
226 3813
227 601
227 3035
227 3749
228 1137
228 1867
229 2796
229 3325
230 1026
230 1539
230 1620
230 2675
231 1692
231 1908
232 571
232 1708
232 2848
232 3091
232 3838
233 1438
233 1554
233 2902
233 3112
233 3805
234 326
234 633
234 660
234 1129
234 1601
234 1895
234 1976
234 2005
235 1914
235 2319
235 3886
236 2225
237 999
237 2676
237 3032
238 440
238 1147
238 1472
238 2137
238 3118
239 2049
239 3216
239 3336
239 3556
240 1932
240 2483
240 3406
240 3645
240 3968
241 667
241 1353
241 2398
242 1705
242 2224
243 1044
243 2542
243 2760
243 3744
244 480
244 577
244 1271
245 652
245 715
245 1567
245 3316
246 289
246 374
246 1110
246 1562
246 1661
246 1984
246 2993
246 3403
246 3975
247 371
247 916
247 1133
248 443
248 1404
248 3054
249 2798
249 3126
250 1061
250 1495
250 2359
250 3176
250 3997
251 1901
251 3257
251 3867
253 782
253 1381
253 1486
253 2165
253 2439
254 1106
254 2337
254 2577
254 2989
255 460
255 662
255 1298
255 2503
255 2548
255 3756
255 3874
256 449
256 631
256 1119
256 2813
256 3654
257 789
257 811
257 2129
257 3734
257 3978
258 821
258 1921
258 2008
258 2726
258 3401
259 628
259 1801
259 2178
259 3549
260 361
260 1476
260 3531
261 1721
261 3686
261 3959
262 753
262 2520
262 3440
263 532
263 782
263 855
263 3386
263 3671
264 1552
264 2642
264 3488
264 3776
264 3879
264 3956
265 2687
265 2783
265 3202
266 1241
266 1717
266 2457
266 3162
266 3913
267 1775
268 678
268 1026
268 2653
268 2695
269 1673
269 2079
269 2553
270 2916
271 967
271 3271
271 3516
272 2151
273 2575
273 3579
273 3635
274 1241
274 1312
274 2494
275 1686
275 3082
275 3708
275 3834
276 566
276 1394
276 2988
276 3807
276 3908
277 1172
277 1357
277 2038
277 3603
278 2371
278 2734
279 379
279 1186
279 1460
279 1826
279 2125
279 2551
279 2988
280 1064
280 1178
280 1253
280 1952
280 3596
280 3892
281 1530
281 2018
281 2861
281 2907
281 3031
281 3853
281 3949
282 1487
282 3301
282 3766
283 801
283 883
285 401
285 1133
285 1536
285 1646
285 1716
285 2211
285 2369
285 2406
285 2515
285 3426
286 1346
286 1699
286 2822
286 3325
286 3477
286 3585
286 3714
287 1830
288 586
288 919
288 2106
288 2335
288 2759
288 3611
289 2043
289 3983
290 1046
290 2879
290 3341
291 1219
291 1760
291 2075
291 2758
291 3074
291 3744
292 1581
292 1768
292 2381
292 2808
292 3832
292 3959
293 1571
293 2602
293 3002
294 397
294 1057
294 2653
294 2854
294 2948
295 1355
296 826
296 2224
296 2376
297 554
297 1873
297 3315
298 1593
298 1692
298 2805
298 3008
298 3571
298 3748
299 933
299 2507
299 2665
299 3200
299 3356
299 3606
300 1068
300 1193
300 3739
301 976
301 3124
301 3456
301 3608
301 3718
303 915
303 2241
303 2759
303 3202
303 3518
303 3913
305 457
305 1505
305 3052
305 3477
305 3673
305 3681
306 1889
306 2550
307 3171
308 1070
308 2639
308 2928
308 3194
308 3854
309 1119
309 1578
309 1740
310 918
310 975
310 1483
310 2056
311 398
311 1391
311 2591
311 3453
312 724
312 2725
312 3183
313 3778
314 710
314 1026
314 1139
314 1957
314 2505
314 3595
315 508
315 1203
315 1320
315 1514
315 1965
316 724
316 2212
316 3023
316 3676
317 887
317 1382
317 1727
318 768
318 1173
318 1611
318 3105
319 1138
319 2727
319 3817
320 632
320 1492
320 3276
321 923
321 2545
321 3286
322 1018
322 1536
322 2102
322 3942
323 482
323 1723
323 1913
323 2542
323 3091
323 3287
323 3356
324 561
324 722
324 1951
324 2323
324 2485
324 3089
324 3568
325 590
325 749
325 1861
325 2483
326 639
326 710
326 817
326 1394
326 1874
327 1799
327 1993
327 2424
328 562
328 2194
328 2549
328 3987
329 1026
329 1798
329 2548
329 2824
329 3393
329 3837
330 1577
330 1750
331 1632
332 587
332 708
332 1300
332 2854
333 1633
333 1739
333 3988
334 1428
334 1569
334 2037
335 510
336 1426
336 3907
337 805
337 858
337 2735
337 3452
337 3542
337 3582
337 3621
338 652
338 698
338 724
338 1309
338 1324
338 2491
339 3032
339 3267
339 3929
340 384
340 551
340 3037
340 3139
340 3180
340 3749
340 3954
341 1621
341 2109
341 2119
341 2450
342 387
342 1045
342 1105
343 779
343 1157
343 3134
344 691
344 2046
344 2636
344 2722
344 2740
344 3265
344 3893
344 3940
345 596
346 1160
346 2602
346 3559
347 1358
347 1483
347 1869
347 2597
347 3428
347 3898
348 1636
349 567
349 1738
350 843
350 2316
350 2968
350 3364
350 3813
351 899
351 1933
351 2267
351 2857
351 3322
351 3443
352 2767
352 3042
353 463
353 480
353 2802
353 3163
353 3978
354 1154
354 1826
354 2425
354 3124
354 3206
354 3312
354 3975
355 445
355 639
355 864
355 1141
355 1606
355 2907
355 3826
355 3864
355 3964
356 1453
356 2142
356 2225
356 2534
357 972
357 3040
357 3750
358 794
358 1745
358 1814
358 3741
359 555
359 1248
359 1373
359 2801
359 2935
359 3179
360 749
360 1385
360 1452
360 2440
360 3077
360 3784
361 2284
361 3049
361 3068
361 3345
361 3517
362 2709
362 3689
362 3720
363 559
364 524
364 1427
364 1550
364 2251
364 3334
365 552
365 1213
365 2374
366 591
366 617
366 970
367 693
367 2370
367 3453
368 497
368 1969
368 2929
368 3651
368 3699
368 3716
369 1900
369 3418
370 3074
371 721
371 2768
371 3525
372 1608
372 2119
372 2539
372 2774
373 734
373 1495
373 2496
373 3422
373 3901
374 2294
374 2418
374 3172
375 943
375 3110
375 3182
376 754
376 950
376 2078
376 2785
377 441
377 1049
377 1122
377 2073
377 3014
377 3773
377 3953
378 2099
378 3437
378 3459
378 3514
379 488
379 1148
379 2902
379 3969
380 2536
380 3223
380 3386
380 3645
381 1426
381 2276
381 3233
381 3704
382 457
382 1676
383 1867
383 2882
383 3932
384 568
385 2169
385 2749
386 406
386 943
386 3776
387 1786
387 2134
387 2605
387 3538
387 3845
388 1749
388 2145
388 2919
388 3606
389 743
389 914
389 1212
389 2734
389 3055
389 3682
390 1702
391 394
391 445
391 2833
392 2878
392 3089
393 1272
393 1853
393 2839
393 2862
393 3442
393 3592
394 1777
395 491
395 517
395 697
395 1674
395 2560
395 3353
396 1256
396 3188
397 792
397 2062
397 3674
398 517
398 1752
398 3685
399 497
399 784
399 1641
399 2827
400 1088
401 717
401 2777
401 3155
401 3301
402 590
402 1448
402 1825
402 2190
403 3531
404 1906
405 2253
406 1794
406 1802
407 2251
408 782
408 1434
408 1573
408 2265
408 2594
408 2854
408 3246
409 483
409 752
409 1912
409 2031
409 2199
409 2560
409 2859
409 3517
410 418
410 1991
410 2544
410 2665
410 3357
411 839
411 2387
412 2745
412 3817
414 972
414 2390
415 2564
415 3691
416 543
416 1327
416 2542
416 3373
417 1467
417 2736
417 3333
417 3570
418 641
418 738
418 972
418 1618
418 1860
418 3339
419 577
419 908
419 2577
419 3282
419 3931
420 1161
420 1522
420 1645
420 1755
420 1962
421 522
421 2016
421 3240
421 3947
422 631
422 1596
422 3710
422 3944
423 1138
423 1247
423 2224
423 2796
424 542
424 2421
424 3220
425 1641
425 2023
425 2124
425 2233
425 2432
425 2659
425 2944
425 3184
425 3932
426 1114
426 2934
426 3073
428 720
428 3388
428 3826
428 3919
429 1656
429 3120
429 3717
430 1157
430 2187
430 2644
430 3173
430 3539
431 515
431 1157
431 1858
431 3846
432 2088
432 2892
433 807
433 1816
433 2012
433 2073
433 2272
433 2838
433 2976
433 3365
433 3849
434 1673
434 1718
434 2010
434 2192
435 1164
435 3390
436 915
436 3113
437 1686
437 2447
437 3009
437 3122
437 3466
437 3626
438 689
438 1523
439 1902
439 2188
439 2816
440 1234
441 1134
441 2132
442 1523
442 1777
442 2278
443 1531
443 2157
443 3613
443 3824
444 471
444 1509
444 2860
445 1273
445 2041
445 2737
445 3255
446 1211
446 1996
446 2055
446 2393
446 2710
447 595
447 3510
448 789
449 975
449 978
449 1526
449 1540
449 1985
449 2287
449 2499
449 2531
449 3418
449 3508
449 3537
450 2272
450 3272
450 3449
451 611
451 742
451 2162
451 3194
451 3474
452 881
452 2210
452 2289
453 858
453 1071
453 1813
453 1816
454 758
454 846
454 1280
454 1618
454 3367
455 699
455 1584
455 2512
455 2618
455 3090
455 3597
455 3702
455 3764
456 798
456 855
456 1537
456 1641
456 2999
456 3389
456 3689
457 1152
457 3063
458 598
458 692
458 702
458 1901
458 2141
458 2429
458 3262
458 3909
460 1925
460 2453
461 3230
462 1465
462 2416
462 2663
462 3430
463 879
463 881
463 1333
463 1582
463 1761
463 1822
464 614
464 742
464 1587
464 2015
464 3680
465 2802
466 1086
466 1773
466 2213
467 1225
467 1804
467 2429
468 3111
468 3570
469 486
469 564
469 1053
469 2413
469 2820
469 2825
470 1051
470 1387
470 1645
470 1682
470 1908
470 3349
470 3690
470 3774
471 1313
471 2255
472 1224
472 1271
472 1490
472 2346
473 716
473 796
473 2050
473 2490
473 3528
474 819
474 1734
474 2416
474 2503
474 3315
475 752
475 1711
475 1958
475 2445
475 3212
475 3680
475 3773
476 2544
476 3426
476 3851
478 1243
478 1756
478 2697
479 3222
479 3795
480 976
480 3653
481 2399
481 2726
481 3540
482 566
482 1136
482 2287
482 3979
483 3369
484 1860
484 2138
484 2297
484 2713
484 2940
485 939
485 1792
485 2414
485 2708
486 1084
486 1253
486 1709
486 1947
486 2088
486 3207
487 1403
487 1943
487 2026
487 2731
487 3120
488 1129
488 2353
488 3770
489 687
489 721
489 1940
489 2319
489 3506
490 494
490 828
490 2103
490 3766
491 1919
492 614
492 844
492 2623
492 2772
492 3468
492 3739
493 1425
493 3727
494 700
494 968
494 1301
494 1542
494 2760
494 3539
495 1918
496 2630
496 3336
496 3503
497 1187
497 3684
497 3838
498 1093
498 1201
498 2027
499 1056
499 2257
499 3134
499 3307
499 3682
500 1161
500 1489
500 1641
500 1842
500 2991
500 3589
500 3996
501 1955
501 2013
501 3242
502 927
502 2452
502 2795
502 3496
502 3899
503 1330
503 3565
504 2139
504 2376
504 3569
505 2364
505 2957
505 3414
506 531
506 594
506 1483
506 1636
506 1900
506 2121
506 3544
507 588
507 702
507 1023
507 1316
507 3025
507 3226
507 3405
508 1157
508 1453
508 1702
508 1808
508 1864
508 1967
508 3248
508 3786
510 2398
510 3273
510 3996
511 2320
511 3246
511 3395
512 2549
512 2602
512 2658
512 3695
513 2446
513 3421
514 556
514 1265
514 3321
514 3335
515 867
515 2497
515 2878
516 802
516 961
518 1751
518 2309
518 2497
519 1382
519 1917
519 2504
520 927
520 1465
521 2695
521 2793
521 3253
522 2295
523 1028
523 1294
523 1343
523 1364
523 2248
524 625
524 1659
524 2643
524 3596
525 1837
525 2304
526 1194
526 1577
526 2175
526 3262
527 3649
528 1981
528 2432
529 1039
529 1740
529 1881
530 1658
530 1765
530 2871
530 2954
531 789
531 791
531 2654
531 3049
532 2980
532 3308
532 3374
532 3968
533 833
533 905
533 1391
533 1745
534 1062
534 2754
534 3560
535 661
535 2064
535 2253
536 1627
536 2060
536 2806
536 3968
537 1779
537 3777
538 3050
538 3537
539 2676
539 3052
540 1737
540 1972
540 2456
540 2958
540 3244
540 3711
541 593
541 1664
541 1845
541 3161
541 3256
541 3979
542 777
542 1821
542 2538
543 787
543 1329
544 1007
544 1552
545 2826
545 3030
545 3711
546 1050
546 1370
546 2645
547 1000
547 3385
547 3612
548 1009
549 1693
549 1828
549 1917
549 2160
549 3306
550 1535
550 2412
550 2431
550 2851
551 986
551 2030
551 2998
552 673
552 1034
552 1038
552 1097
552 1860
552 2904
552 3005
553 1791
553 3090
554 2529
555 3944
556 1907
556 1919
556 2099
556 2152
556 3297
557 967
557 1296
557 2006
558 970
558 2650
558 2834
558 3664
559 2322
559 3582
560 1164
560 1629
560 3022
560 3142
561 1817
561 2255
561 2846
561 3444
561 3985
562 1440
562 1754
562 3055
563 3311
564 1684
564 1955
565 1706
565 2069
565 2221
565 3687
566 2351
566 2812
567 1188
567 1659
567 3367
568 2377
568 3248
569 585
569 633
569 1268
569 2266
569 3967
570 1440
570 2417
570 2482
570 2933
570 3284
571 588
571 668
571 3212
571 3285
571 3755
572 1039
572 1908
572 2190
572 2431
572 3032
572 3906
573 1811
573 3437
573 3730
574 954
574 1547
575 1428
575 2566
575 3916
576 925
576 1916
576 2957
577 1587
577 1832
577 3447
578 850
578 1596
578 2006
578 2284
578 3581
578 3719
579 752
579 942
579 1828
580 1006
580 2639
580 3615
580 3819
581 1091
581 1462
581 1508
581 1872
581 3033
581 3674
582 2379
582 3795
583 2316
584 1858
584 1917
584 2811
584 3306
584 3418
584 3890
585 726
585 1521
585 2640
585 3040
585 3478
586 931
586 2180
586 2625
586 3783
587 1446
587 1481
587 2827
587 3182
588 2302
588 2506
588 3278
589 784
589 928
589 1588
589 1673
589 2557
589 3375
589 3916
590 3187
590 3633
591 1171
591 1918
591 2154
591 3841
592 835
592 2406
593 2848
593 3278
593 3757
594 1328
594 3727
595 625
595 1025
596 1045
596 1995
596 2307
597 1747
597 1774
597 2945
597 3687
598 1990
598 2274
598 2418
598 3051
598 3422
599 628
599 754
599 995
599 2512
599 2570
599 2685
600 927
600 1003
600 2046
600 2191
600 2289
600 3046
600 3585
601 610
601 1390
601 1697
601 2619
601 2976
601 3246
602 707
602 1896
602 3087
602 3583
603 1375
603 1698
603 3233
604 1697
604 2486
604 3453
604 3513
605 2042
605 2364
605 2888
606 808
606 1652
606 2059
606 2516
606 2632
606 3669
607 1984
607 2690
607 3004
608 2570
608 2618
608 3329
609 1375
610 3351
610 3641
611 2475
611 3547
611 3602
612 1421
612 2756
612 3810
613 3154
614 751
614 1103
614 1104
614 1612
614 2390
615 1079
615 2241
615 2343
616 737
616 1143
616 1882
616 3575
617 980
617 2732
617 3894
618 1595
618 2120
618 2146
618 3112
619 1199
619 1551
619 2512
619 3357
619 3509
620 2917
620 3247
621 761
621 1343
621 1965
621 3165
621 3313
622 2488
622 2591
622 2905
622 2947
622 3122
622 3611
623 721
623 2529
623 2593
623 3186
623 3711
624 630
624 1780
625 1809
625 1853
625 1892
625 2147
625 2215
625 2456
625 3749
625 3814
626 1272
626 2462
626 2498
627 1661
627 2032
628 3536
629 713
629 788
629 2157
629 2228
629 2726
629 2908
629 3609
630 2235
631 825
631 1458
631 3089
631 3469
632 831
632 1604
632 1997
632 2300
632 2368
632 2610
632 2681
632 2847
632 3008
633 794
633 3087
634 718
634 932
634 1099
634 1224
635 868
635 1072
635 1246
635 1954
635 2635
636 1074
636 3944
637 690
637 1054
637 1637
637 2895
637 3888
638 924
638 1963
638 2573
638 3684
638 3851
638 3963
639 718
639 836
639 975
639 1648
639 1718
639 2499
639 3260
639 3456
640 821
640 867
641 1069
641 3317
641 3517
641 3584
641 3677
642 1488
642 2718
643 1368
643 1865
643 3046
644 3140
644 3459
644 3564
645 2191
645 2529
646 2365
646 3076
646 3100
646 3737
647 903
647 1533
647 1934
647 3747
648 3795
649 946
649 1021
649 1060
649 1144
649 2384
649 3798
649 3972
650 2583
650 2799
650 3029
650 3636
651 3528
651 3927
652 1383
652 2114
652 3945
653 1265
653 2110
653 2130
653 2180
654 965
654 1231
654 1628
654 3006
655 815
655 1801
656 3164
657 2314
657 2765
658 1137
658 2930
659 2977
659 3985
662 868
662 1078
662 2195
662 2849
662 2870
662 3088
662 3647
662 3990
663 1555
663 1844
663 2850
663 2936
664 1564
664 3933
666 2544
666 3432
668 1671
668 2064
668 2966
668 3554
668 3699
668 3853
669 3272
669 3559
670 1758
670 1958
671 1204
671 1593
671 1748
672 2685
672 2806
672 3333
672 3795
672 3810
673 1560
673 1773
673 3955
674 1798
674 1913
674 2819
675 2277
676 1393
676 1863
676 2824
677 1515
678 2804
678 3729
679 1661
679 2354
679 3234
679 3586
680 1282
680 3030
680 3451
680 3666
680 3785
681 1434
681 1932
681 2195
681 3593
682 2408
682 2541
682 2819
683 1331
683 2098
683 2296
683 3560
684 835
684 1778
684 1801
684 2479
684 2631
684 3264
684 3356
684 3565
684 3948
685 1197
685 1996
685 2472
685 2595
686 1925
686 2094
686 2184
686 2954
686 3103
686 3463
687 2210
687 3353
687 3536
688 1116
688 2265
688 3180
688 3355
688 3690
689 2444
689 2482
689 2928
689 3511
690 895
690 1452
690 2468
690 3282
690 3387
691 1045
691 1291
691 2280
692 2140
692 3873
693 3129
694 1297
695 753
695 1315
695 1982
695 2697
695 2862
697 1597
697 2000
698 915
698 1374
700 1203
700 2804
700 3341
700 3751
701 1065
701 3817
702 1384
702 2936
702 3228
702 3232
703 1413
703 1944
703 2839
703 3368
703 3676
704 2225
704 3134
705 2554
705 3301
705 3584
705 3931
706 731
706 981
706 3447
706 3632
707 1006
707 2640
708 1305
708 2316
708 3145
708 3613
709 3601
710 1528
710 2093
710 2534
710 3776
711 916
711 1998
711 3292
711 3852
712 716
712 937
712 1754
713 1023
713 1349
713 2660
713 3636
714 1668
714 3478
714 3735
715 924
715 2212
715 2587
715 3308
716 2027
716 3369
716 3403
717 831
717 1002
717 1506
717 2648
717 3270
718 2699
718 3587
719 2229
719 2307
719 2914
720 1368
720 1590
721 2200
721 2364
722 963
722 1130
722 1296
722 1501
722 1570
722 3755
723 810
723 2109
723 3052
723 3116
724 1129
724 1278
724 2880
724 3368
725 2002
725 3724
725 3833
726 1359
726 1368
726 3478
727 819
727 1029
727 1932
728 3776
729 1348
729 1807
729 2190
729 2303
729 2899
730 3009
730 3430
731 2704
732 1877
733 935
733 1910
733 2147
734 2282
735 2456
735 3813
736 2048
736 2283
736 3190
737 1380
737 1492
737 1970
737 2175
737 2346
737 2673
737 3246
738 2078
738 2084
738 2156
738 3122
739 2625
739 3296
740 2339
740 2372
740 2511
740 2912
740 3430
740 3755
741 1495
741 1803
742 1836
742 2158
742 3186
742 3809
742 3837
743 2200
744 1581
744 2779
744 3705
744 3830
745 1146
746 972
746 1076
746 1942
746 2371
747 2013
747 2327
747 2504
747 3835
748 821
748 1523
748 1733
748 2349
748 2716
748 2856
748 2976
749 1095
749 1994
749 1997
749 3367
750 3796
751 1002
751 3277
751 3318
751 3556
752 911
752 3116
753 2590
753 2881
754 1865
754 2146
754 2201
754 2679
754 3777
755 1271
755 1631
755 1731
755 1954
755 2116
755 2452
755 2630
755 3112
755 3915
755 3971
758 2212
759 1607
759 1814
759 1886
759 2866
759 2942
759 3091
759 3846
760 1331
761 2413
761 3172
761 3511
761 3557
762 3094
762 3571
763 1695
763 2438
763 2597
763 2982
763 3753
764 2643
764 2658
764 2865
764 3217
764 3637
764 3868
765 1186
765 2038
765 3843
766 1545
767 1291
767 1889
767 2057
767 2236
767 2770
767 3862
768 926
768 1691
768 3210
768 3400
769 1623
769 2470
769 3170
770 1908
770 2715
770 3125
771 1505
771 2125
771 2529
771 3661
771 3704
772 1259
772 1454
772 2082
772 2422
773 1623
774 1440
774 1543
774 1716
774 2050
774 2693
775 1881
775 3580
777 2130
777 3258
778 1764
778 2780
779 972
779 1487
779 2169
779 2816
780 2153
780 2955
781 1824
781 2813
782 1548
782 2716
782 3209
782 3904
783 968
783 3842
784 3099
785 2032
785 3400
786 1550
786 1574
786 1914
786 2447
787 1917
787 3227
788 1263
788 2014
788 2223
788 3091
788 3554
789 1065
789 2820
789 3274
789 3653
789 3773
790 937
790 1261
790 2056
790 2111
790 2118
790 2966
790 3273
791 1201
791 2692
791 2964
791 3139
792 997
792 1436
792 2878
792 3153
793 2474
793 3324
793 3335
793 3949
794 965
794 1778
795 1022
795 2172
795 3890
796 1881
796 2383
797 987
797 1285
797 1294
797 3365
798 2618
798 2641
799 820
799 2231
799 2730
799 3486
800 1136
800 1184
800 1630
800 1800
800 2729
800 3325
801 1303
801 2737
802 1225
802 1869
802 3328
803 1042
803 3445
804 2928
805 1104
806 1853
806 3583
807 846
807 1383
807 2969
807 3391
808 1319
810 3217
810 3582
810 3723
811 1218
811 1939
811 2391
811 3097
812 963
812 1605
812 3533
813 881
813 1444
813 1595
813 3335
814 1639
814 1699
814 3658
815 1154
816 1603
816 1931
816 1965
816 3302
817 1737
817 3069
817 3371
818 2636
818 3477
819 1035
820 1598
820 2170
821 1134
821 1331
821 3539
822 2686
822 2829
822 3646
823 3637
824 2181
825 2519
825 2567
825 2719
825 2819
825 3649
826 3492
827 2445
828 2987
828 3695
828 3889
828 3918
829 920
829 1791
829 3543
829 3868
830 846
830 1307
830 1907
830 1964
830 2495
830 3928
831 1050
831 1182
831 1911
831 2337
832 912
832 1434
832 2897
833 921
833 1564
833 1908
833 2686
833 3520
834 2088
834 2231
834 2526
834 2732
835 1776
835 3921
836 1550
836 2593
836 2827
836 3026
836 3458
837 1806
837 2666
838 2344
838 3999
839 1000
839 1389
839 1486
839 3148
839 3256
840 3194
841 962
841 1120
841 1906
841 2242
842 879
842 3504
842 3860
843 2440
843 3131
843 3834
844 1343
844 1401
844 1617
844 2533
845 1729
845 2090
845 3822
845 3896
846 2166
846 3969
847 1278
847 1631
847 2182
847 2458
847 3187
847 3502
848 1038
848 2083
848 2116
848 2848
848 3696
848 3882
849 3087
850 2272
850 2635
850 3139
851 1658
851 1674
851 1895
852 2865
852 3900
852 3956
853 1470
853 3267
853 3278
854 1730
855 887
855 1207
855 1322
855 1345
855 1673
856 929
856 1778
856 1830
856 2937
857 1425
857 1452
857 1678
857 2002
857 2467
857 2501
857 2793
857 3134
857 3255
857 3388
857 3936
858 1209
858 1884
859 1186
859 1572
859 3851
860 2038
860 2471
861 937
861 3539
862 1606
862 1756
862 2057
863 1056
863 1842
863 2365
863 2424
863 2667
863 2719
864 1715
864 2173
864 2932
864 3071
864 3260
865 3322
865 3882
866 1017
867 3112
867 3290
868 947
868 1011
868 1046
868 1208
868 1650
869 1243
869 1798
869 2062
869 2113
869 3253
870 1932
870 3908
871 1142
871 1684
871 2361
871 3543
872 1428
872 1683
872 2249
872 2457
872 3049
873 1862
873 2290
873 3119
873 3325
873 3743
874 1060
874 3070
874 3185
874 3700
875 3240
876 2631
876 2708
876 3014
876 3084
877 2303
877 3147
879 1030
879 2857
879 3225
879 3718
879 3961
880 1597
880 2221
881 2031
882 1905
882 3449
883 1265
884 2580
885 2157
885 2485
885 2905
886 1115
887 1455
887 2076
887 2335
887 3940
888 1407
888 2038
888 2558
889 1330
889 3159
890 1637
890 2299
890 2547
891 1372
891 1480
891 1510
891 2732
892 1515
892 1736
892 2711
892 2874
892 3045
893 1683
893 2327
894 1725
894 1868
895 935
895 1124
895 1149
895 1419
895 2632
895 2853
895 3105
896 3216
896 3523
896 3750
897 1483
897 1572
897 2940
897 3787
897 3952
898 2831
898 3712
898 3809
899 1722
899 1820
899 2140
900 2721
901 905
901 1208
901 2986
902 2390
902 3260
903 2121
904 2141
904 2223
904 2748
904 2775
905 1524
905 1798
905 1883
905 2083
905 3085
906 1320
906 2045
906 2286
906 3995
907 1391
907 2651
909 2955
909 3310
910 1142
910 1808
911 3230
912 1734
912 1972
912 2481
912 3063
913 1367
913 2203
913 2281
913 2519
914 3382
915 1384
915 2445
916 1552
916 3328
917 1500
917 1849
917 1925
918 1803
918 2378
918 3170
918 3784
918 3898
919 2141
919 3526
920 1514
920 1600
920 2196
920 2896
921 2775
921 3064
922 1272
922 2073
922 2262
922 2663
922 3332
923 2357
923 2738
923 2981
923 3213
923 3266
924 1326
924 3952
924 3973
925 2923
926 2758
926 3063
926 3733
926 3922
927 1707
927 2639
927 3553
927 3602
927 3973
928 2229
928 2353
928 2653
928 3276
928 3973
929 1199
929 1286
929 2043
929 2236
929 2956
930 1166
930 2350
930 3557
931 2523
931 3374
931 3590
932 1320
932 2035
932 2237
932 2450
932 2907
932 3815
933 2908
934 1643
934 3765
935 1253
935 1961
936 1419
936 1465
936 1630
936 2949
936 3116
936 3562
937 968
937 1255
937 1775
937 2423
938 1175
938 2667
938 2757
939 1359
939 2004
939 2407
940 1076
940 2195
940 2636
941 1284
941 1343
941 1671
941 2053
941 2064
941 2138
941 2430
941 2730
941 2793
941 3087
941 3445
941 3885
942 2752
942 3259
942 3600
942 3693
942 3811
943 3340
944 2515
944 3238
944 3245
945 1724
945 2039
945 3730
945 3896
946 2601
946 2966
947 1327
947 1573
947 2372
947 2734
948 1453
948 2202
948 2571
948 3841
948 3992
949 1643
949 3317
949 3726
951 1216
951 1287
951 3818
952 1104
952 3098
952 3724
953 1700
953 2639
953 3066
953 3220
953 3801
954 1886
954 3927
955 1810
955 2052
955 3213
955 3622
957 2269
957 2459
957 2615
957 3183
957 3997
958 1067
958 1198
959 1936
959 2703
959 3490
960 2241
960 3978
961 3378
962 2472
962 2608
963 2734
963 2798
964 3719
965 1399
966 1528
966 1602
967 1105
967 1462
967 2084
967 3653
968 1309
969 2758
969 3721
970 3574
971 2095
971 3843
972 2860
972 2897
972 3447
973 1094
973 1236
973 1336
973 1792
973 2384
974 1446
974 2197
975 1508
975 1660
975 2314
975 3225
976 2743
976 3072
976 3160
976 3587
977 1283
977 3668
978 1108
978 1886
978 1894
978 3253
978 3366
979 2191
979 2264
980 3124
980 3152
980 3384
980 3894
981 3639
982 1615
982 2084
982 2152
982 2485
982 3882
983 1894
983 2079
983 2718
984 3141
985 1766
985 3138
985 3697
986 3596
987 1054
987 1245
988 2433
988 2722
988 2773
988 3169
988 3409
989 1098
989 1457
990 1699
990 2951
990 3106
991 1153
991 1798
991 2451
991 3459
991 3815
992 1972
992 2076
992 2832
992 2890
992 2896
992 3143
993 2159
993 3055
993 3545
994 1065
994 1441
994 1905
994 2511
994 2662
994 2948
995 2265
996 1779
996 3131
997 2661
997 3424
998 1001
998 2098
998 3623
999 1836
999 3183
1000 1859
1000 2128
1000 2732
1000 3837
1001 1353
1002 1219
1002 1516
1002 3007
1003 1493
1003 2726
1003 2861
1004 1021
1004 1621
1004 2153
1004 2797
1005 3935
1005 3980
1006 3950
1007 1857
1007 2779
1007 3863
1008 1838
1008 1915
1008 2197
1008 2238
1008 3037
1008 3127
1009 1919
1009 2393
1009 2779
1011 1774
1011 2213
1012 1716
1012 2577
1014 2395
1014 2591
1015 1710
1015 1771
1015 3574
1016 1591
1017 1549
1017 2516
1017 3037
1018 1081
1018 1868
1018 2142
1019 2164
1019 2784
1020 1631
1020 2346
1021 1373
1021 1485
1021 1486
1021 1784
1021 3218
1022 1375
1022 3761
1023 1844
1023 3365
1024 1804
1024 2438
1024 2450
1024 2518
1024 2529
1024 2671
1024 2828
1024 3316
1025 3883
1026 1255
1026 2892
1027 1070
1027 1366
1028 1250
1028 1430
1028 3131
1028 3292
1029 1636
1029 1717
1029 3229
1029 3481
1030 1340
1030 2143
1030 2582
1030 3795
1031 2221
1031 3061
1031 3317
1033 1915
1033 3104
1033 3591
1033 3804
1034 2885
1034 2925
1035 1036
1035 1059
1035 2263
1035 2513
1035 2888
1036 1241
1036 2410
1036 2482
1037 3059
1037 3563
1038 1195
1038 1474
1038 3736
1039 1133
1039 1252
1039 1339
1039 2941
1039 3301
1039 3547
1040 1865
1040 3660
1041 2181
1042 2190
1042 2704
1042 3111
1043 1630
1043 1979
1043 2266
1043 2585
1044 2679
1044 3526
1044 3929
1045 2816
1045 3289
1045 3479
1046 1373
1047 1102
1047 1491
1047 2144
1048 2369
1048 3126
1048 3187
1048 3713
1048 3991
1049 1242
1049 2887
1049 2911
1049 3056
1049 3372
1049 3447
1049 3965
1050 2991
1050 3441
1051 2379
1051 2948
1051 3172
1051 3643
1052 2141
1052 2535
1052 2904
1052 3347
1052 3607
1053 1347
1053 2445
1053 2697
1053 3742
1054 1582
1054 3412
1055 1207
1055 2711
1056 1143
1056 2994
1056 3555
1057 2379
1057 3198
1058 2955
1058 3556
1058 3866
1059 1322
1059 2136
1059 3880
1060 1888
1060 2376
1060 2885
1061 2487
1061 3639
1062 2232
1062 2748
1062 2752
1063 1422
1063 2214
1063 2310
1063 2531
1063 2982
1064 1202
1064 3459
1064 3582
1065 1588
1065 2268
1065 2491
1065 2533
1065 2739
1066 2853
1066 3742
1066 3932
1067 2078
1067 2694
1068 1143
1068 1604
1068 1811
1068 1915
1069 2611
1069 2644
1069 3961
1070 1452
1070 1460
1070 2892
1070 2895
1070 3830
1072 2875
1072 3423
1073 2355
1073 2439
1073 3471
1074 1778
1074 2769
1074 3216
1074 3501
1075 1331
1075 3095
1076 2823
1076 3875
1077 1079
1077 1374
1077 1892
1077 2449
1078 1109
1078 3273
1078 3411
1079 2697
1080 2639
1080 3546
1081 3333
1082 2613
1082 2752
1082 2965
1083 1136
1083 3101
1083 3364
1083 3410
1084 2143
1085 1615
1085 1995
1085 2847
1085 2946
1085 3620
1086 1918
1086 3075
1086 3152
1086 3821
1087 2428
1087 2436
1087 3502
1087 3832
1088 1743
1088 1902
1089 1285
1089 2372
1089 2510
1089 3307
1092 1386
1092 1509
1092 2307
1092 2871
1092 3061
1092 3295
1092 3331
1092 3988
1093 1307
1093 2806
1094 1989
1094 3392
1095 2237
1095 3582
1095 3624
1096 1410
1098 3037
1098 3217
1099 3367
1101 1180
1101 2976
1103 1782
1103 3110
1104 2613
1104 3695
1105 1354
1105 3340
1105 3473
1107 2115
1107 2973
1107 3524
1108 2401
1108 2951
1108 3618
1109 1133
1109 1195
1109 1331
1109 1684
1109 1975
1109 3488
1110 1476
1110 3132
1110 3440
1111 1284
1112 1401
1112 1498
1113 1362
1115 2248
1115 3223
1115 3852
1116 2109
1116 3108
1116 3184
1117 1493
1117 2547
1117 3394
1119 1148
1119 2425
1119 2694
1119 3026
1119 3128
1120 3234
1120 3555
1120 3897
1122 1347
1123 1230
1123 1345
1123 2257
1123 3653
1124 1696
1124 3888
1125 1926
1125 2089
1125 2377
1125 2725
1125 3117
1125 3547
1125 3983
1126 2233
1126 2453
1126 3741
1126 3937
1127 1170
1127 1553
1128 2427
1128 3022
1129 3458
1130 1342
1130 2918
1130 3354
1130 3902
1131 1227
1131 2786
1132 3193
1132 3945
1133 1517
1133 2962
1133 3454
1134 2401
1135 1482
1135 1593
1135 1711
1135 3170
1135 3487
1136 1317
1136 1393
1136 1835
1136 1918
1137 2715
1138 2634
1140 3514
1142 2444
1143 3453
1144 1636
1144 2511
1144 3089
1144 3203
1144 3791
1145 1984
1145 2001
1145 2663
1145 2737
1145 2823
1146 2319
1146 3495
1147 2018
1147 2307
1147 3145
1147 3219
1148 3847
1152 1185
1152 2431
1153 1565
1153 1699
1153 1943
1153 3765
1154 2302
1154 2644
1154 3842
1155 1817
1155 3054
1156 1305
1156 1477
1156 1744
1156 3467
1156 3660
1157 1316
1157 3861
1158 2245
1158 3610
1158 3936
1159 1379
1159 1615
1159 3388
1160 1791
1160 2698
1160 2853
1161 1604
1161 3776
1162 3745
1163 2494
1163 3213
1164 1925
1164 3470
1165 3953
1166 1401
1167 2500
1167 2565
1167 3767
1168 2140
1168 2390
1168 2782
1168 2900
1169 1292
1169 2014
1169 2620
1169 3016
1170 1432
1170 3933
1171 1306
1171 3270
1171 3697
1172 3744
1173 1411
1173 2412
1173 3912
1173 3979
1174 1735
1174 2787
1174 3235
1175 2856
1175 3981
1176 1436
1176 2140
1176 2239
1177 1262
1177 2640
1177 2822
1177 3110
1177 3396
1178 1813
1178 2047
1178 3626
1178 3962
1179 1540
1179 1855
1179 2309
1179 3282
1180 3407
1182 1971
1182 2156
1182 2605
1182 3199
1183 1872
1183 2995
1183 3709
1184 1247
1184 3238
1185 1222
1185 2523
1186 2179
1186 3167
1187 1360
1187 1963
1187 2224
1187 3836
1187 3933
1188 1196
1188 1876
1188 2028
1188 2184
1189 2710
1189 2716
1190 1245
1190 1382
1190 1663
1190 2483
1190 3226
1190 3757
1191 2895
1191 3102
1191 3595
1191 3735
1192 1556
1192 2244
1192 3133
1192 3406
1192 3578
1192 3957
1193 2166
1193 2176
1194 1719
1194 2652
1194 3072
1194 3829
1195 2157
1195 2665
1196 1732
1196 1881
1196 3005
1196 3313
1196 3567
1197 2937
1197 2946
1198 1483
1198 1821
1198 3395
1198 3433
1198 3776
1199 1694
1199 1755
1199 2120
1199 3193
1199 3371
1200 1228
1200 1928
1200 2116
1200 2817
1201 1808
1201 2747
1201 2820
1201 3328
1202 1887
1202 2902
1202 3457
1202 3505
1202 3683
1202 3828
1203 2307
1203 2397
1203 2712
1203 2880
1204 1513
1204 2701
1205 2874
1206 2711
1207 1861
1207 2086
1207 2591
1207 2618
1207 3508
1208 1493
1208 3799
1209 2005
1210 1975
1210 3473
1211 1818
1211 3229
1211 3502
1212 2820
1213 1898
1213 2033
1213 3246
1213 3947
1214 2923
1215 1331
1215 1504
1215 1662
1215 1715
1215 2408
1215 2964
1215 3488
1215 3743
1215 3879
1216 1661
1217 2337
1217 2587
1217 2644
1217 3125
1218 1766
1218 1810
1218 2222
1219 2923
1219 2995
1220 2843
1220 3483
1220 3592
1220 3735
1221 1329
1221 2885
1221 3181
1222 3601
1223 1569
1223 1765
1223 3868
1224 2253
1224 2355
1224 2746
1224 3351
1224 3774
1225 2277
1225 3876
1226 2706
1228 2358
1228 3454
1228 3922
1229 3424
1230 2040
1230 3396
1230 3893
1232 1665
1232 2579
1233 1487
1233 1521
1233 2372
1233 3749
1233 3839
1234 2199
1234 2998
1235 1410
1235 1559
1235 2218
1235 2286
1235 2790
1236 2080
1236 3507
1237 1417
1238 1494
1238 1650
1238 2855
1238 3956
1239 2649
1239 2823
1239 2939
1240 1679
1240 2158
1240 3089
1241 1349
1241 2049
1241 3403
1242 2957
1243 1287
1243 1353
1243 1431
1243 3410
1244 1676
1244 3589
1245 2588
1245 2804
1245 2809
1246 3666
1246 3898
1247 1435
1247 2002
1247 2913
1248 2544
1248 2887
1248 3905
1249 1887
1250 3024
1250 3373
1251 2011
1251 2750
1251 3436
1252 1328
1252 1578
1252 1810
1252 1997
1252 2981
1252 3870
1253 1661
1253 2196
1253 2734
1254 1548
1254 2160
1255 1660
1255 2217
1255 3973
1256 2056
1256 2301
1256 2622
1257 2652
1257 2814
1257 3244
1257 3301
1257 3349
1258 1453
1258 2431
1258 3034
1259 3392
1259 3620
1259 3674
1261 1899
1261 2247
1261 2775
1262 1460
1262 1726
1262 2650
1262 3036
1262 3078
1262 3166
1263 2370
1263 2532
1264 1609
1264 3612
1265 1931
1266 2567
1266 3996
1267 1442
1267 3094
1268 2182
1268 3066
1268 3140
1268 3374
1269 2128
1269 2238
1270 1671
1270 2009
1270 2040
1270 3553
1271 1873
1272 1447
1272 3381
1273 1433
1273 2381
1273 3249
1274 1524
1274 2036
1274 2575
1274 3170
1274 3672
1276 2148
1276 2267
1277 2219
1277 2327
1277 3380
1278 3571
1280 1300
1280 1759
1280 2472
1280 2586
1281 2050
1281 2097
1282 2495
1282 3098
1282 3557
1283 1501
1284 1483
1284 2066
1284 2686
1284 2887
1285 1585
1285 2315
1285 2964
1286 2946
1287 2466
1287 3359
1288 1773
1288 2587
1288 2627
1288 3706
1289 2496
1289 2952
1290 3009
1291 2379
1291 2645
1291 2653
1291 3451
1291 3592
1291 3675
1291 3794
1292 1844
1292 2774
1293 2594
1293 3709
1294 2682
1295 3779
1295 3919
1297 2124
1297 3637
1297 3724
1299 1483
1299 1543
1299 1864
1299 2068
1300 2177
1300 2556
1300 3330
1301 3473
1302 1492
1302 2128
1302 3192
1303 2007
1303 2139
1303 3745
1304 2097
1304 2419
1304 2996
1305 3174
1305 3242
1306 3274
1307 2208
1307 2810
1308 1870
1308 3767
1309 3108
1310 2333
1310 2371
1311 1475
1311 1705
1311 3196
1311 3717
1311 3970
1312 1814
1312 2027
1312 3317
1312 3626
1313 1392
1313 1793
1313 2243
1313 3425
1314 3619
1315 1910
1316 1834
1316 1835
1316 2240
1317 3417
1317 3998
1318 1559
1318 3322
1319 2147
1319 2151
1320 1399
1320 2378
1320 2742
1321 2141
1321 3405
1321 3407
1321 3434
1322 3725
1323 2356
1323 2651
1323 3708
1323 3844
1324 1961
1324 2334
1324 3682
1324 3816
1324 3856
1325 1648
1325 1690
1325 2743
1325 2893
1326 2165
1326 2668
1326 3453
1327 1393
1327 2270
1327 2526
1327 2699
1327 3624
1328 2971
1329 2029
1329 2233
1329 2606
1329 2987
1329 3293
1329 3739
1330 1769
1330 2033
1330 2273
1330 2782
1330 2834
1330 3069
1330 3364
1331 1508
1331 2341
1331 3965
1332 2785
1333 2016
1333 3079
1334 2656
1335 2511
1335 3541
1336 3462
1337 2054
1337 2282
1337 2825
1337 3662
1337 3816
1338 2018
1339 2108
1339 2556
1339 3218
1340 1994
1340 3265
1340 3479
1341 3369
1341 3780
1342 2475
1342 3252
1344 2794
1344 3175
1345 1501
1345 1808
1345 3244
1345 3934
1347 2004
1347 3049
1347 3908
1348 1388
1349 2099
1349 2602
1349 2628
1350 2344
1350 3807
1350 3822
1350 3897
1351 1555
1351 2466
1351 3043
1351 3190
1353 2314
1355 2915
1355 3213
1355 3345
1356 1492
1356 1509
1357 1403
1357 1411
1357 2187
1357 2688
1357 2911
1358 3445
1358 3953
1359 2493
1359 2875
1359 2910
1359 2934
1359 2937
1359 3525
1360 2982
1361 1686
1361 2823
1361 3145
1362 2031
1362 2199
1362 3154
1362 3908
1363 1401
1363 1529
1364 2931
1365 1977
1366 3230
1368 3431
1368 3439
1369 2146
1370 1848
1370 2632
1370 2971
1370 3413
1371 2846
1371 2890
1372 2528
1373 2299
1373 2569
1373 3098
1373 3511
1375 3846
1376 1786
1376 2424
1377 1457
1377 1717
1377 3223
1378 1702
1378 2947
1378 3437
1379 1703
1379 3316
1380 2691
1380 2815
1380 3406
1381 1656
1381 1691
1381 3406
1381 3645
1382 3038
1382 3641
1383 1970
1383 2387
1383 3294
1384 1948
1384 3680
1384 3835
1385 2108
1385 2217
1385 2289
1385 3406
1385 3425
1385 3504
1386 3046
1386 3047
1387 2835
1387 3525
1388 1648
1388 3982
1389 2267
1389 2294
1389 3237
1389 3909
1389 3942
1390 1822
1390 3386
1391 1583
1391 3008
1391 3136
1391 3999
1392 3601
1392 3841
1392 3859
1393 3802
1394 1767
1394 2476
1394 2527
1394 3538
1395 3474
1396 1668
1396 1779
1396 2545
1396 2957
1397 3002
1397 3113
1397 3179
1398 2693
1400 2204
1400 2435
1400 3007
1401 2295
1401 2350
1401 2738
1401 3136
1402 1454
1402 1511
1402 2766
1402 3330
1402 3360
1403 1407
1403 1703
1403 2839
1404 1685
1404 1990
1405 2038
1405 2249
1405 2709
1405 2742
1406 1731
1406 3288
1406 3692
1406 3979
1407 1519
1407 1748
1407 3247
1407 3842
1408 2303
1408 2526
1408 2605
1408 2798
1408 2866
1409 2455
1409 2912
1410 2905
1411 2009
1411 2128
1411 3306
1411 3534
1412 2216
1412 3816
1413 2332
1413 3872
1414 1708
1414 2158
1415 1756
1415 1807
1415 3317
1415 3712
1415 3988
1416 2491
1416 3142
1417 3496
1417 3536
1417 3997
1418 1486
1418 1913
1418 2598
1418 3192
1418 3635
1418 3910
1419 3254
1419 3585
1420 2191
1421 2225
1422 2492
1423 2120
1423 3890
1423 3930
1424 3677
1424 3883
1425 1803
1426 1742
1426 2944
1427 2721
1427 3778
1428 2699
1429 1979
1429 2563
1429 3380
1429 3431
1430 1854
1430 3287
1430 3410
1431 1542
1431 1680
1431 3649
1433 1647
1433 2032
1433 2490
1433 2680
1433 3026
1433 3692
1433 3897
1433 3968
1435 1633
1435 2548
1435 3672
1435 3740
1436 2793
1436 3176
1436 3657
1436 3999
1437 2947
1438 1466
1438 2335
1438 2399
1438 3192
1439 1659
1439 2094
1439 2458
1439 3183
1439 3458
1440 3577
1441 2489
1441 3177
1441 3708
1442 2893
1443 2560
1443 2697
1443 2968
1443 3672
1444 1706
1444 2015
1445 1819
1445 2907
1445 3493
1445 3752
1446 1463
1446 1711
1447 2957
1448 2371
1448 3127
1448 3530
1448 3604
1448 3822
1449 2093
1450 2317
1450 3224
1451 1638
1451 3395
1451 3893
1452 1512
1452 2926
1452 3814
1455 1615
1455 3944
1456 1824
1457 2976
1457 3565
1457 3981
1458 2999
1458 3636
1459 3346
1459 3786
1461 1775
1461 2960
1461 3023
1463 1783
1463 3229
1464 3437
1465 3610
1466 2555
1466 3535
1467 3005
1468 2268
1468 2347
1468 3092
1469 2242
1469 2285
1469 2398
1469 3576
1470 1487
1471 2574
1471 2781
1472 1862
1472 1996
1473 1636
1473 2813
1473 2908
1473 3852
1475 3975
1476 1952
1476 2734
1476 3736
1477 1661
1477 2068
1477 3478
1477 3711
1477 3724
1478 1856
1479 2419
1479 2795
1479 3862
1479 3938
1480 1717
1480 2364
1480 3225
1480 3679
1481 1568
1481 2554
1481 2930
1481 3034
1482 1610
1482 3886
1483 2474
1483 2932
1483 3585
1483 3825
1484 1584
1484 2345
1484 2547
1484 2780
1486 1730
1486 1963
1486 2982
1487 1790
1487 3371
1488 2571
1488 3529
1491 3981
1492 2861
1492 2878
1493 1839
1493 2327
1493 2781
1493 3704
1494 1981
1494 2054
1494 2603
1494 2993
1495 1752
1496 2011
1496 2312
1497 2115
1497 3590
1498 2262
1498 2634
1498 3515
1498 3524
1499 1667
1499 3167
1499 3396
1500 2411
1500 2698
1500 2804
1501 1608
1501 2033
1502 1668
1502 2462
1503 2628
1503 3372
1503 3601
1503 3963
1504 2206
1504 2600
1505 2638
1505 3626
1506 3891
1508 1537
1508 2066
1508 2172
1508 2244
1508 2361
1510 2072
1510 3358
1512 1886
1512 2904
1513 1585
1513 1978
1513 1993
1513 2824
1513 2905
1513 3238
1513 3605
1515 2036
1516 2353
1516 3482
1517 2851
1518 2060
1519 1879
1519 2046
1520 2595
1520 2749
1521 1922
1521 2031
1521 2567
1521 2818
1521 3030
1521 3477
1521 3994
1522 1634
1522 1983
1523 1732
1523 2461
1523 2686
1524 1736
1524 3287
1524 3653
1524 3805
1525 2780
1525 2811
1525 3112
1526 2202
1526 2964
1526 3223
1527 1854
1527 2206
1527 3112
1527 3227
1528 2243
1528 2622
1529 3285
1529 3855
1530 3030
1530 3080
1530 3348
1531 1836
1531 2600
1531 3304
1532 1720
1532 2322
1532 3842
1533 1909
1534 3104
1534 3256
1534 3818
1535 2188
1535 3183
1536 1651
1536 2259
1536 2481
1536 3537
1537 1589
1537 3318
1539 1585
1539 2441
1539 2946
1539 3431
1540 2888
1541 2466
1541 3394
1541 3719
1542 2589
1542 2822
1542 3143
1544 1770
1544 2489
1544 2500
1544 2897
1544 3054
1544 3828
1545 1837
1545 2926
1545 3032
1546 1849
1546 3947
1547 1686
1547 1977
1547 3727
1548 2397
1548 2858
1548 2985
1548 3977
1549 1807
1549 2236
1549 2519
1550 1849
1550 2438
1550 3894
1551 2291
1551 2873
1551 3117
1552 1585
1552 2011
1553 1956
1554 1890
1554 2154
1554 3302
1555 2102
1555 2127
1555 3487
1556 1654
1556 1747
1556 1937
1557 2625
1557 2995
1557 3243
1557 3964
1558 2721
1559 2458
1559 3662
1560 2137
1561 1854
1561 2196
1561 2801
1562 2798
1562 3459
1564 3291
1564 3759
1565 1890
1565 2625
1565 3065
1566 1949
1567 1787
1567 2562
1567 2760
1567 3436
1567 3603
1568 1719
1568 2055
1568 3190
1569 2421
1569 2541
1569 2793
1571 1938
1571 2179
1571 2944
1571 3701
1571 3809
1571 3993
1573 3825
1574 2583
1574 3557
1575 2322
1576 1956
1576 2041
1576 2172
1577 2912
1578 3131
1578 3258
1579 1854
1579 1958
1579 2600
1579 3788
1580 1893
1580 3409
1580 3447
1581 2018
1582 1827
1582 1914
1582 2196
1582 2972
1582 3385
1583 2245
1585 2328
1585 2659
1585 3856
1586 1782
1586 1794
1586 1840
1586 2469
1586 3647
1587 2382
1587 2998
1588 2355
1589 2102
1589 2342
1590 1817
1590 2634
1590 3137
1590 3142
1590 3651
1590 3880
1590 3939
1591 2804
1591 2843
1592 1791
1592 2933
1594 3827
1595 2650
1595 3265
1596 2271
1596 2915
1596 3904
1597 1974
1597 2662
1598 1921
1598 2174
1598 2838
1598 3611
1598 3665
1598 3760
1599 1678
1599 1920
1599 2238
1599 2628
1599 3076
1600 3225
1601 2180
1601 2945
1601 3900
1602 1765
1602 2720
1602 3076
1602 3819
1603 1633
1603 2488
1603 3069
1605 2324
1605 3260
1606 3936
1607 1824
1607 2036
1607 2790
1607 3132
1609 1815
1609 3590
1610 1931
1611 2254
1611 2370
1611 2770
1611 3694
1612 2440
1612 2604
1612 2718
1612 2932
1612 3740
1612 3953
1613 2215
1613 3748
1614 2513
1615 2250
1616 2405
1616 2879
1616 3018
1617 2400
1617 2921
1617 3938
1617 3946
1618 3422
1618 3466
1618 3760
1619 2121
1619 3244
1619 3826
1619 3923
1620 1944
1620 2289
1620 2303
1620 2526
1622 2777
1623 2193
1623 2331
1623 2337
1623 3424
1623 3553
1624 2479
1625 3641
1626 1653
1626 3232
1627 2347
1627 2668
1627 3460
1627 3724
1628 3574
1628 3676
1629 2511
1629 3415
1630 2125
1630 2173
1630 2816
1630 3059
1630 3190
1630 3475
1630 3919
1631 2243
1631 2630
1631 3532
1632 3403
1633 1679
1633 3803
1634 2362
1635 2226
1636 1940
1636 3469
1636 3739
1637 3466
1637 3719
1638 1812
1638 3552
1639 3885
1640 2458
1640 2478
1640 2506
1640 3031
1641 1735
1641 2845
1642 1749
1642 1933
1642 3593
1642 3745
1643 3071
1643 3158
1645 2257
1645 3264
1645 3477
1646 2556
1647 2630
1647 2853
1647 3277
1648 2334
1648 2443
1649 1950
1649 2037
1649 2301
1649 3344
1649 3533
1649 3565
1650 1854
1650 1943
1651 2157
1652 2015
1652 3776
1652 3946
1653 2939
1653 3611
1655 1684
1655 2168
1655 2477
1655 3725
1656 2925
1657 2021
1657 3053
1657 3311
1657 3463
1658 3114
1658 3641
1659 1702
1659 2857
1660 1969
1660 2781
1660 3583
1661 1666
1661 2331
1661 2557
1661 3999
1662 3325
1663 3274
1664 2520
1664 3172
1664 3426
1665 2543
1665 3608
1667 2186
1669 2179
1671 1791
1672 2593
1672 2627
1672 3754
1673 1865
1673 2015
1673 2656
1673 2776
1673 3192
1674 1797
1674 2545
1674 3243
1675 1684
1675 2563
1675 2705
1675 3208
1675 3514
1675 3884
1676 2563
1676 3030
1676 3937
1677 1990
1677 3033
1677 3973
1678 3996
1679 2892
1679 3091
1679 3906
1680 2427
1681 1775
1683 1715
1683 2282
1683 2781
1683 3441
1684 3675
1684 3979
1685 3974
1686 2718
1686 3111
1687 3538
1687 3778
1688 1940
1688 2435
1688 2696
1689 1979
1689 2782
1689 3755
1689 3962
1690 2589
1690 3499
1691 2233
1691 2913
1692 1796
1692 3433
1693 2637
1693 2654
1693 3349
1693 3350
1693 3778
1694 2454
1695 2653
1695 2830
1695 3038
1696 2471
1696 3127
1696 3713
1696 3889
1697 2624
1697 2909
1699 3194
1699 3474
1700 2515
1701 2073
1702 3715
1702 3735
1702 3966
1703 2447
1703 2655
1703 3494
1704 1852
1704 2126
1704 2252
1704 2794
1704 2812
1704 2821
1705 1925
1705 2402
1705 3896
1706 1810
1706 2363
1706 3531
1706 3799
1707 2204
1707 2565
1708 3295
1709 2095
1709 2327
1709 2487
1709 2506
1709 3910
1710 2056
1710 2756
1711 3445
1711 3756
1711 3784
1711 3922
1712 2304
1713 1947
1713 2047
1713 2221
1715 2385
1716 1762
1716 2378
1716 3034
1717 3975
1718 1845
1718 1943
1718 2194
1718 2722
1718 3211
1719 3267
1720 1785
1720 2197
1720 3208
1720 3422
1720 3743
1723 2459
1723 2682
1723 2842
1723 2934
1723 3142
1723 3922
1724 1891
1725 1804
1725 2226
1725 3687
1726 2213
1726 2681
1727 2368
1727 2426
1728 2180
1728 2832
1728 3176
1728 3899
1729 2100
1729 2145
1731 2116
1731 2518
1731 3018
1731 3885
1732 2556
1732 3158
1732 3734
1735 2857
1735 3266
1736 2747
1736 3755
1737 1852
1737 2009
1737 2730
1738 2674
1738 3162
1739 3464
1740 2060
1741 3114
1742 2327
1742 3393
1744 1881
1745 3681
1746 1984
1747 1885
1748 2512
1748 3079
1748 3964
1749 2433
1749 2978
1749 3350
1751 1959
1751 2056
1752 3177
1752 3513
1753 3741
1754 2240
1754 2997
1754 3346
1754 3509
1756 1880
1756 2853
1756 3994
1757 2069
1757 2546
1757 2687
1757 3441
1757 3609
1758 2175
1758 2548
1759 3622
1759 3817
1759 3844
1760 1772
1760 2913
1761 3837
1762 1801
1762 2861
1763 2125
1763 3820
1763 3902
1764 1903
1764 1904
1765 2122
1765 3441
1765 3663
1765 3726
1766 1781
1766 1937
1766 2088
1766 2869
1766 3327
1767 2687
1768 2628
1768 3291
1769 2906
1769 3596
1770 2532
1770 3036
1771 1791
1771 1804
1771 3533
1772 2579
1772 3080
1772 3575
1772 3993
1773 2604
1774 1918
1775 2303
1775 2360
1775 2562
1775 2575
1775 3870
1776 2992
1777 2141
1777 2183
1777 2390
1777 2901
1777 2982
1777 3057
1777 3647
1777 3711
1779 2416
1779 3314
1780 1865
1780 2779
1780 3322
1780 3688
1781 2097
1781 2555
1781 3851
1782 3882
1783 2274
1783 3306
1784 1959
1784 2363
1784 2758
1784 3051
1785 2756
1785 3754
1786 2865
1786 3317
1786 3506
1787 2941
1788 3156
1788 3320
1790 3449
1791 2118
1791 2794
1791 2823
1791 3019
1792 2296
1792 2706
1792 2994
1792 3154
1792 3213
1793 2078
1793 3872
1794 2266
1796 2359
1796 3024
1796 3142
1797 1958
1798 1805
1798 1895
1798 2429
1799 3595
1799 3758
1799 3786
1799 3808
1800 2748
1801 3588
1801 3926
1802 1817
1802 1897
1802 3004
1802 3189
1802 3968
1803 2674
1804 3101
1804 3783
1805 1939
1806 1997
1806 2210
1806 2252
1806 2934
1806 3040
1806 3406
1807 2783
1807 3773
1808 1931
1808 2347
1808 3690
1809 2592
1811 2429
1812 1903
1812 2158
1812 2183
1812 2471
1812 2848
1812 3230
1812 3767
1814 2430
1814 2477
1815 1835
1815 3273
1815 3292
1816 3904
1817 3300
1818 1960
1819 2872
1820 2335
1820 3255
1820 3902
1822 2350
1822 3526
1822 3989
1824 3466
1826 2002
1827 1982
1827 2740
1828 2861
1828 3954
1829 2688
1830 2708
1830 2952
1830 3224
1830 3908
1831 2092
1831 2196
1831 3489
1832 2800
1832 3557
1833 2044
1833 2048
1833 2238
1833 2450
1833 2610
1833 2774
1833 2987
1833 3032
1833 3520
1834 3338
1835 2452
1835 3578
1835 3843
1836 3092
1836 3662
1837 2997
1838 2206
1838 2336
1839 1998
1839 2481
1839 2845
1839 2956
1839 3636
1841 1846
1841 2430
1841 2794
1841 2854
1842 2382
1843 2060
1843 2453
1844 2767
1845 2438
1845 2976
1846 2000
1846 2134
1846 3831
1846 3848
1847 2537
1847 2888
1847 3284
1847 3386
1847 3900
1848 3631
1848 3846
1849 2851
1849 3702
1849 3754
1850 2721
1851 1964
1851 2894
1852 3154
1852 3246
1852 3668
1853 2866
1854 2318
1854 2527
1854 3070
1855 2689
1855 3760
1856 2872
1857 2792
1858 2691
1858 3007
1858 3036
1859 2477
1859 3588
1860 1927
1860 2917
1860 3252
1861 3736
1862 3447
1862 3773
1862 3941
1863 2068
1863 2781
1864 2031
1864 2171
1864 3263
1865 2269
1865 2884
1865 3497
1865 3672
1866 2908
1868 2182
1868 3345
1868 3540
1869 1909
1869 2208
1871 2233
1871 2260
1872 1972
1872 2734
1872 3879
1873 2594
1873 2707
1873 3329
1874 1937
1874 2655
1875 2667
1875 2985
1875 3523
1876 2289
1876 2542
1877 2284
1877 3044
1878 2382
1878 2597
1878 3970
1879 2081
1879 3359
1879 3397
1880 2002
1881 2679
1882 1883
1882 3022
1884 2209
1884 2241
1884 2478
1884 2712
1884 2920
1885 2340
1886 2698
1887 1933
1887 3605
1888 2153
1890 2118
1891 3170
1891 3471
1892 2167
1892 3114
1892 3389
1893 1906
1893 2939
1893 3889
1894 1963
1894 3853
1895 2537
1895 3899
1896 2115
1896 2909
1896 3828
1896 3899
1897 2079
1897 2153
1897 2341
1897 2577
1898 2511
1898 2682
1898 3740
1899 1944
1899 2133
1899 2622
1900 2499
1900 3363
1901 2297
1901 3523
1901 3786
1903 3105
1905 3006
1905 3410
1905 3495
1905 3989
1906 2293
1907 2021
1908 3254
1908 3470
1909 2883
1910 2141
1910 2565
1910 3387
1911 2070
1911 3166
1911 3651
1912 2619
1912 3067
1913 2204
1913 2377
1913 3150
1914 2109
1914 3117
1915 1961
1915 2877
1915 3066
1915 3349
1916 2391
1917 3060
1918 2472
1919 2007
1919 3610
1922 2334
1922 2687
1922 3556
1922 3754
1922 3809
1923 2607
1923 2848
1923 3207
1923 3569
1925 2682
1925 3709
1925 3798
1925 3880
1926 2415
1926 3010
1926 3244
1926 3690
1928 2016
1928 3401
1929 2767
1929 3595
1930 2978
1931 2402
1931 3979
1932 2123
1932 2527
1932 3476
1934 3410
1935 3157
1936 2647
1936 3251
1939 2766
1940 2908
1941 3327
1942 3489
1943 2197
1944 1947
1944 2445
1944 2543
1944 2620
1944 3298
1944 3669
1945 2235
1946 3251
1946 3605
1949 3914
1950 2913
1950 3699
1951 2380
1951 2571
1952 2444
1953 3102
1953 3385
1954 3371
1954 3726
1955 2264
1955 2380
1955 3025
1955 3881
1956 2044
1956 2217
1956 2447
1956 2551
1957 2846
1957 2990
1957 3848
1957 3874
1958 2969
1958 3952
1960 1977
1961 2464
1961 2746
1961 3164
1961 3695
1961 3745
1961 3948
1962 2985
1963 3285
1963 3401
1964 2589
1965 2362
1965 2730
1966 2507
1966 3388
1967 2311
1967 3333
1967 3408
1967 3503
1967 3652
1968 3098
1968 3556
1968 3615
1969 1998
1969 2369
1969 2441
1969 3097
1970 3844
1971 2725
1971 3668
1972 2720
1972 3359
1972 3421
1973 2803
1973 3607
1973 3977
1975 2621
1975 3671
1975 3970
1976 2204
1976 3014
1977 3588
1977 3933
1978 3418
1978 3510
1978 3695
1978 3765
1980 3610
1980 3804
1981 2018
1981 2570
1981 3795
1981 3964
1982 2305
1982 3423
1982 3692
1982 3718
1983 2144
1985 2911
1985 3237
1985 3986
1985 3993
1986 2242
1986 3567
1987 2337
1988 2025
1988 2546
1988 3758
1989 2144
1990 2243
1991 2641
1991 2976
1992 2029
1992 2568
1992 3943
1993 2638
1993 3781
1995 3716
1996 2038
1996 2123
1996 2140
1997 3225
1998 3281
1998 3378
1999 2027
1999 3558
1999 3862
2001 2110
2001 2495
2002 3945
2004 2110
2004 2273
2004 2325
2004 2555
2005 2280
2005 3130
2006 2847
2006 2875
2006 2973
2006 3208
2006 3732
2007 2425
2008 3212
2008 3562
2009 2679
2009 3486
2009 3886
2009 3931
2010 2980
2010 3175
2010 3364
2011 2265
2011 2901
2011 3359
2011 3508
2012 2185
2012 2609
2012 3015
2012 3730
2013 2951
2013 3092
2014 2805
2014 3082
2014 3822
2015 2267
2015 2510
2015 3250
2015 3347
2017 2264
2017 3247
2017 3390
2019 2175
2019 2725
2019 3073
2019 3328
2019 3865
2020 3556
2020 3922
2021 2992
2021 3031
2021 3488
2022 2518
2022 2868
2022 3101
2023 2350
2023 3525
2024 2320
2025 3075
2025 3675
2025 3914
2026 2059
2026 2331
2026 3865
2027 2333
2027 2544
2027 3450
2028 2935
2028 3478
2028 3655
2029 2234
2029 2387
2029 3445
2032 2759
2033 3126
2033 3838
2034 3532
2035 3740
2036 3788
2037 2852
2038 3533
2039 3899
2040 3396
2040 3448
2041 2089
2041 2242
2041 3190
2041 3503
2042 3030
2042 3184
2042 3501
2043 2719
2043 3832
2043 3943
2044 3033
2044 3877
2045 2119
2045 2490
2046 2097
2047 2471
2047 3977
2048 2484
2048 3219
2049 2729
2049 2818
2049 3202
2049 3789
2050 3491
2051 2467
2051 3789
2052 3551
2053 2689
2053 2907
2053 3048
2054 2990
2054 3242
2055 3633
2056 3488
2057 3148
2057 3326
2057 3418
2057 3510
2057 3956
2058 2194
2058 2620
2058 3025
2058 3285
2058 3551
2059 2960
2059 3059
2062 3133
2063 2359
2063 2941
2063 3206
2064 3121
2066 3452
2067 2211
2067 2809
2067 3858
2068 2808
2068 3785
2068 3797
2069 2298
2069 2480
2069 2790
2069 3011
2069 3182
2070 2139
2070 2195
2072 2508
2073 2097
2073 2197
2074 2712
2074 3687
2077 2215
2077 2970
2078 2543
2079 2878
2079 3529
2080 2086
2080 3621
2081 3394
2084 2107
2084 3516
2084 3700
2086 2971
2086 3369
2086 3544
2087 2195
2088 2341
2089 2563
2090 2525
2090 3742
2091 2520
2091 3541
2092 2309
2092 3114
2093 2464
2093 2528
2093 3075
2093 3797
2093 3936
2094 3559
2095 3092
2096 3204
2096 3973
2097 3263
2097 3454
2097 3829
2099 2158
2099 2245
2099 2859
2099 3188
2100 2462
2100 2571
2100 2696
2100 3059
2100 3161
2100 3843
2100 3949
2101 3978
2102 3448
2103 2617
2103 2700
2103 2932
2104 2496
2104 3044
2104 3411
2104 3664
2105 2875
2105 2922
2107 2255
2107 3478
2107 3745
2108 2943
2108 3126
2108 3588
2109 2416
2110 3045
2111 2749
2111 3351
2112 3322
2113 2962
2115 2635
2115 2701
2116 2355
2116 2866
2116 2964
2116 3104
2116 3575
2116 3766
2116 3775
2117 2824
2118 2365
2118 3020
2119 2852
2119 3915
2120 2896
2120 3147
2120 3416
2120 3614
2121 2868
2121 3568
2122 3235
2123 2201
2123 2690
2123 2779
2123 3096
2124 2919
2125 3245
2126 2234
2126 2538
2126 2596
2126 2744
2126 3532
2127 3962
2127 3982
2128 2673
2128 3031
2131 2322
2131 2784
2131 3341
2132 2647
2133 2258
2133 2456
2135 2745
2136 3089
2136 3888
2137 2513
2137 2964
2137 3335
2137 3470
2138 2717
2138 3417
2141 2889
2141 3511
2144 2608
2145 2355
2145 2370
2145 3909
2147 2884
2147 3260
2147 3379
2147 3526
2148 3753
2149 2386
2149 2915
2149 3245
2149 3413
2150 2585
2151 2511
2151 2924
2152 3717
2152 3808
2153 2185
2153 3168
2153 3197
2153 3514
2154 2339
2154 3019
2155 2219
2155 3752
2156 3906
2157 2229
2157 2343
2157 2844
2157 3475
2158 2393
2158 3454
2159 2316
2159 3361
2159 3583
2160 3046
2161 2969
2161 3080
2162 2614
2162 3385
2163 2451
2163 3806
2165 2725
2165 2726
2165 2967
2165 3722
2165 3754
2165 3781
2166 3345
2167 3233
2169 2347
2169 2943
2169 3989
2170 2302
2170 2501
2170 3230
2171 3756
2171 3936
2173 3446
2174 2957
2175 2713
2176 2267
2176 3001
2176 3308
2177 3120
2177 3453
2177 3660
2178 2938
2178 3965
2179 3405
2179 3461
2179 3666
2179 3829
2180 3012
2180 3429
2181 2257
2181 3618
2183 2250
2183 2400
2183 3936
2185 2247
2186 2310
2186 2766
2186 3032
2188 3007
2188 3652
2189 2765
2189 3524
2189 3713
2190 3257
2190 3397
2192 2556
2192 3039
2192 3586
2193 2900
2193 3367
2194 3104
2194 3196
2195 3964
2196 3787
2197 2906
2197 3122
2197 3572
2197 3667
2198 2592
2198 2925
2198 3465
2200 2505
2200 3448
2201 3494
2202 2412
2202 3242
2202 3306
2202 3857
2202 3914
2203 2388
2203 2993
2203 3205
2203 3371
2204 3081
2204 3451
2205 2650
2205 3616
2207 2850
2208 3410
2209 2214
2209 3078
2210 2519
2211 2331
2211 2334
2211 3510
2212 2409
2212 2737
2212 2904
2214 3513
2215 2853
2215 3535
2216 3002
2216 3050
2216 3332
2217 3055
2218 3531
2218 3812
2219 2851
2219 3340
2220 2741
2220 3898
2221 2412
2221 2878
2221 2986
2222 2612
2222 3132
2223 2266
2224 3878
2225 2800
2225 3187
2226 3021
2226 3472
2227 2264
2228 3191
2228 3976
2229 3594
2231 3428
2232 2461
2232 2490
2232 2516
2232 3328
2232 3826
2232 3949
2233 2378
2233 2515
2233 3034
2233 3053
2234 3806
2235 2524
2235 3385
2235 3613
2236 2316
2237 3750
2239 2643
2239 3030
2240 2966
2240 3108
2240 3388
2241 3130
2242 2983
2242 3310
2242 3877
2243 3288
2243 3876
2243 3883
2243 3925
2244 3534
2244 3556
2244 3784
2246 3189
2246 3309
2246 3466
2247 2604
2248 2453
2248 2622
2248 3780
2249 2750
2250 3223
2252 3366
2253 2264
2253 3742
2254 3383
2256 3218
2256 3490
2257 3301
2258 2972
2258 3754
2259 2957
2260 2901
2261 3151
2262 2436
2262 3783
2263 2642
2263 2843
2264 3469
2264 3801
2265 2435
2265 2553
2266 3284
2266 3443
2266 3991
2268 3756
2270 2922
2271 3738
2272 2541
2272 2661
2272 3956
2273 3736
2273 3795
2274 2694
2275 3921
2276 3139
2276 3410
2277 3358
2277 3969
2280 2302
2280 2665
2281 2861
2282 2310
2282 2919
2282 2942
2282 3042
2282 3960
2286 3732
2287 2334
2287 2609
2287 3162
2288 2617
2288 3482
2289 2967
2289 3708
2290 2432
2290 2888
2290 3553
2291 3629
2292 3383
2293 3305
2293 3677
2294 3116
2294 3237
2294 3927
2295 2364
2295 2735
2295 3355
2296 2743
2297 2860
2297 3603
2298 2434
2298 3185
2298 3708
2299 3983
2300 3568
2301 3959
2302 2783
2302 3290
2303 2853
2303 3188
2304 2527
2304 2656
2304 3540
2305 2404
2305 3281
2306 2754
2306 3191
2306 3323
2306 3718
2307 3861
2308 2469
2308 3058
2309 2771
2309 3018
2309 3805
2309 3879
2310 2411
2310 2540
2310 2641
2310 3283
2310 3738
2311 2333
2311 2610
2312 3251
2313 2332
2313 2524
2314 3534
2314 3799
2315 2403
2315 3348
2315 3610
2316 3279
2316 3334
2316 3464
2317 2771
2319 2573
2319 2579
2320 2650
2321 2474
2321 3968
2322 2713
2322 2721
2323 2343
2325 2374
2325 3566
2325 3596
2326 2816
2326 2872
2327 3354
2328 2616
2328 2988
2329 2477
2329 3159
2329 3972
2330 2705
2330 3699
2330 3736
2330 3820
2331 2630
2331 2697
2331 3137
2334 2336
2334 2388
2334 2408
2334 3198
2334 3525
2334 3847
2334 3897
2335 3743
2337 2562
2337 3240
2337 3821
2338 2987
2338 3992
2339 3379
2340 3071
2342 3627
2343 2983
2344 3883
2344 3952
2346 2843
2346 3526
2346 3912
2348 2703
2348 2867
2349 3951
2350 3862
2351 2692
2352 2673
2353 3293
2353 3958
2354 2797
2355 2435
2355 3359
2355 3837
2357 2965
2357 3222
2358 2427
2359 3045
2360 2803
2360 3918
2361 2899
2361 3810
2362 2707
2363 3564
2364 2872
2365 3485
2365 3766
2366 3410
2367 2760
2367 2885
2367 3273
2367 3501
2368 3061
2369 3302
2369 3444
2369 3868
2369 3952
2372 3839
2373 2647
2377 2429
2377 2642
2377 2854
2378 2438
2379 3413
2379 3990
2380 2522
2380 2810
2380 3241
2380 3273
2381 2976
2381 3286
2382 3915
2383 3117
2384 2926
2384 3701
2386 3671
2387 2416
2387 3455
2388 3149
2388 3600
2389 2477
2390 2423
2391 2457
2391 3499
2391 3796
2392 2585
2393 3009
2393 3062
2394 2645
2395 2602
2395 3179
2395 3938
2396 2399
2396 2553
2397 3152
2399 3247
2401 3781
2402 2472
2402 3717
2403 3384
2404 2734
2405 2483
2407 3007
2408 3443
2408 3778
2409 3385
2410 2759
2412 2465
2413 2713
2414 2474
2414 2783
2414 3618
2416 2463
2416 3478
2417 2919
2417 3805
2417 3824
2417 3859
2418 3354
2418 3458
2418 3580
2419 2607
2420 2459
2420 2997
2420 3369
2421 2967
2421 3051
2421 3728
2424 3269
2425 2530
2425 2633
2425 3375
2425 3906
2426 2736
2428 2603
2429 2835
2430 2780
2430 2914
2430 3010
2430 3280
2431 3545
2431 3917
2435 3485
2436 3013
2436 3410
2437 3328
2437 3604
2438 2747
2438 3586
2438 3648
2439 3483
2441 3297
2441 3707
2442 3459
2443 2915
2445 2479
2445 2592
2445 2896
2446 3397
2447 2857
2448 2825
2448 3883
2450 2911
2452 3385
2453 2702
2453 3101
2454 3936
2456 3378
2457 3009
2457 3111
2457 3562
2459 3525
2459 3668
2459 3983
2460 3902
2461 2949
2461 3806
2461 3995
2462 3318
2462 3883
2464 2501
2465 2543
2465 2681
2466 3354
2466 3931
2468 3336
2470 3055
2471 2794
2471 2921
2471 2933
2471 2964
2471 3050
2472 3613
2473 2545
2473 2723
2473 3001
2474 2846
2474 3822
2475 3401
2475 3584
2477 2871
2477 3083
2478 2569
2479 2826
2480 3652
2481 2856
2481 3893
2482 3568
2482 3650
2483 2887
2483 3813
2484 2678
2484 3533
2485 2611
2485 3637
2486 2780
2486 3190
2487 3575
2489 2991
2490 2965
2490 3610
2491 3746
2492 3617
2493 3171
2493 3179
2493 3858
2494 3389
2495 3835
2496 2584
2496 2909
2496 3327
2496 3448
2496 3545
2497 3047
2497 3114
2499 2715
2499 2989
2500 2992
2500 3055
2500 3676
2501 2876
2502 3444
2503 3072
2504 3669
2505 2971
2506 3862
2507 2714
2507 3196
2507 3414
2507 3573
2508 3648
2509 3528
2509 3875
2511 2926
2511 3838
2514 2787
2514 2790
2514 2892
2514 3134
2517 3387
2518 2825
2518 2936
2518 3009
2519 2600
2519 2660
2519 2750
2519 2812
2520 2776
2521 3410
2522 2575
2523 2588
2523 2891
2523 3467
2524 3617
2525 3572
2527 2879
2527 3121
2527 3633
2528 3621
2529 3045
2530 3130
2530 3154
2533 2871
2534 2980
2534 3066
2536 3693
2537 3406
2537 3998
2538 3257
2538 3832
2540 2751
2540 3509
2540 3875
2540 3888
2542 2707
2543 3782
2544 2872
2546 3614
2547 2717
2547 3357
2549 2794
2551 3503
2551 3643
2551 3664
2552 2775
2552 3519
2553 3167
2555 2592
2557 2682
2557 3795
2558 3080
2559 2682
2559 3246
2559 3476
2560 3590
2562 3477
2562 3852
2563 3691
2563 3821
2564 3717
2565 3203
2565 3211
2565 3669
2566 2767
2566 3321
2566 3984
2567 2756
2568 2639
2568 2914
2570 3392
2570 3719
2571 3069
2573 2993
2573 3327
2574 3041
2574 3798
2575 3788
2575 3811
2576 2700
2576 3589
2578 3473
2579 2805
2579 3176
2579 3272
2579 3545
2580 2792
2580 2903
2580 3572
2581 2741
2581 3458
2584 2645
2584 2721
2584 3084
2587 2821
2588 2951
2588 3535
2588 3612
2589 3817
2589 3910
2590 3093
2590 3384
2592 2974
2594 2739
2596 2689
2596 3668
2596 3850
2600 3029
2601 3175
2601 3310
2602 3166
2602 3187
2604 2888
2606 2829
2606 3344
2606 3618
2607 3145
2607 3801
2608 2982
2608 3700
2609 2666
2609 3875
2610 2637
2610 3508
2610 3759
2610 3810
2612 2615
2612 3569
2612 3612
2612 3664
2613 3896
2614 3429
2614 3548
2614 3583
2615 2911
2616 2807
2617 3435
2617 3973
2620 2811
2620 3148
2620 3615
2620 3906
2621 3107
2621 3283
2623 3803
2624 3047
2624 3273
2624 3798
2625 2670
2626 3988
2628 2696
2628 3084
2629 2925
2631 2818
2631 2976
2631 3648
2632 3418
2633 3337
2633 3441
2633 3472
2634 3464
2634 3802
2635 2752
2635 2792
2635 2865
2636 3247
2636 3464
2637 3585
2638 3297
2638 3523
2638 3912
2639 2922
2639 3560
2639 3902
2639 3910
2640 2675
2640 3942
2641 3126
2641 3527
2643 3051
2644 3402
2645 2803
2645 2822
2645 3698
2646 3677
2647 3522
2647 3583
2648 3264
2648 3565
2649 3224
2649 3521
2649 3543
2649 3993
2650 3583
2651 3962
2653 2742
2653 3713
2654 2690
2654 2920
2655 3149
2656 3483
2656 3679
2657 2893
2658 3273
2658 3508
2660 2998
2662 3028
2663 3916
2666 3490
2667 3163
2667 3400
2669 3109
2670 2913
2670 3160
2670 3974
2672 3795
2673 3284
2673 3575
2674 3133
2674 3561
2675 3715
2675 3905
2676 2765
2676 3141
2677 3566
2678 2724
2678 2944
2678 3435
2679 3354
2680 2681
2680 2990
2680 3279
2680 3757
2680 3815
2681 3980
2682 3560
2683 2768
2683 3084
2683 3399
2685 2746
2685 2766
2685 2784
2685 3036
2686 3027
2686 3207
2686 3322
2686 3558
2687 2909
2687 3227
2687 3417
2687 3681
2688 3906
2689 3365
2690 3149
2690 3311
2690 3453
2690 3526
2690 3888
2691 3191
2692 3797
2693 2822
2693 3348
2694 2711
2695 3219
2698 3669
2701 3415
2701 3966
2702 2741
2702 3260
2702 3677
2705 3399
2705 3850
2706 2749
2706 3262
2708 3275
2708 3831
2711 2767
2714 3305
2714 3377
2717 3262
2717 3446
2719 2825
2719 3118
2721 3605
2722 3305
2722 3997
2723 2959
2725 3564
2726 2808
2726 2930
2726 3090
2727 3799
2729 3063
2729 3307
2729 3581
2730 3506
2731 3431
2731 3788
2734 3284
2734 3804
2736 3975
2737 2758
2739 3764
2739 3911
2742 2798
2742 2891
2742 3712
2743 3369
2743 3730
2744 2986
2746 2868
2746 3969
2747 3531
2749 3209
2750 2776
2750 3237
2750 3360
2750 3435
2750 3460
2752 2920
2752 3958
2753 3453
2754 3220
2756 2919
2757 3672
2758 2861
2758 3515
2758 3681
2759 3050
2759 3530
2760 3530
2760 3782
2761 2967
2761 3586
2761 3805
2763 3996
2764 3091
2765 3489
2765 3530
2765 3750
2765 3887
2767 3661
2767 3694
2767 3856
2768 3223
2770 3620
2770 3808
2770 3818
2771 3191
2772 3052
2772 3994
2773 3948
2774 3227
2776 3719
2776 3962
2777 2845
2777 2861
2778 3380
2779 3309
2780 3126
2780 3251
2780 3934
2781 3226
2785 3479
2785 3495
2785 3700
2786 3861
2787 2986
2787 3475
2788 2982
2790 3397
2790 3957
2791 3964
2794 3311
2796 2987
2796 3334
2796 3657
2796 3818
2796 3961
2797 3127
2798 3444
2799 2828
2801 2863
2803 3961
2804 2813
2804 3630
2804 3936
2805 2971
2805 3430
2807 3344
2809 3815
2810 3384
2810 3399
2810 3642
2811 3238
2811 3520
2812 3470
2813 2977
2813 3340
2813 3771
2815 3208
2815 3400
2815 3942
2816 3123
2817 3758
2818 3039
2818 3900
2819 3018
2819 3973
2820 3177
2821 3654
2822 3374
2823 3731
2824 2913
2824 3184
2825 3773
2825 3810
2828 2953
2828 3793
2828 3836
2830 2870
2831 3016
2833 2839
2834 3667
2834 3679
2836 3475
2836 3908
2837 2914
2838 3107
2842 2959
2842 3314
2843 3425
2845 2878
2846 3247
2847 2900
2848 2944
2848 3610
2850 2974
2850 3643
2850 3869
2852 3576
2854 3533
2855 3386
2856 3676
2857 3541
2857 3753
2858 3731
2859 2860
2859 3938
2860 3522
2862 3109
2862 3799
2863 3750
2864 3305
2866 2901
2866 3200
2866 3518
2866 3822
2867 3080
2867 3148
2867 3491
2868 3163
2868 3717
2868 3733
2871 3729
2873 3400
2873 3488
2874 3901
2875 3082
2875 3991
2880 3317
2885 3128
2885 3237
2887 2899
2889 3131
2890 3816
2891 3048
2891 3809
2894 3065
2894 3108
2896 3006
2896 3071
2896 3916
2897 3499
2898 3069
2899 3784
2900 3373
2900 3483
2900 3986
2901 3551
2902 2907
2902 3967
2903 2986
2903 3839
2905 3009
2906 3088
2907 3192
2907 3624
2908 3026
2908 3544
2910 3330
2911 3225
2911 3527
2911 3781
2911 3991
2913 3272
2913 3872
2914 3611
2916 3066
2917 3048
2918 3004
2918 3530
2919 2940
2919 3659
2921 3743
2922 3095
2923 3845
2926 3842
2927 3028
2927 3287
2928 3660
2929 3961
2930 3438
2930 3473
2931 3159
2931 3292
2931 3713
2931 3877
2932 3462
2933 3248
2934 3542
2934 3967
2935 3649
2937 3613
2937 3966
2939 3702
2939 3850
2939 3890
2940 3771
2941 3493
2945 3200
2945 3963
2946 3778
2946 3909
2948 3433
2949 3125
2951 3044
2951 3096
2953 3602
2954 3489
2955 3292
2956 3648
2958 2996
2958 3426
2958 3560
2959 3576
2960 3347
2961 3405
2964 3372
2964 3484
2964 3605
2965 3277
2966 3239
2966 3908
2969 3185
2969 3774
2971 3233
2972 3469
2973 3340
2976 3678
2978 3626
2979 3200
2979 3769
2981 3182
2981 3438
2981 3689
2982 3403
2983 3967
2984 3482
2985 3145
2985 3778
2986 3123
2986 3193
2986 3291
2986 3640
2986 3666
2987 3051
2987 3255
2988 3669
2988 3892
2989 3093
2991 3416
2992 3672
2992 3910
2994 3510
2997 3360
2998 3076
2998 3251
2999 3711
3000 3031
3000 3114
3002 3125
3003 3382
3005 3385
3006 3972
3008 3533
3010 3942
3011 3298
3014 3536
3015 3459
3015 3736
3015 3996
3016 3410
3019 3662
3020 3301
3020 3351
3025 3229
3025 3258
3025 3516
3025 3893
3026 3350
3026 3355
3026 3926
3027 3462
3027 3862
3029 3538
3032 3120
3032 3182
3032 3720
3034 3588
3037 3774
3037 3880
3037 3914
3038 3215
3039 3196
3039 3956
3040 3219
3040 3474
3043 3329
3043 3821
3044 3268
3044 3526
3045 3342
3046 3177
3047 3224
3047 3293
3047 3335
3047 3587
3048 3309
3048 3441
3048 3985
3052 3368
3052 3536
3053 3436
3054 3593
3054 3859
3055 3664
3059 3838
3062 3315
3063 3697
3064 3312
3064 3483
3064 3972
3065 3147
3065 3234
3066 3105
3067 3227
3067 3664
3068 3826
3068 3960
3069 3220
3069 3721
3070 3710
3071 3139
3073 3811
3074 3915
3075 3250
3076 3320
3076 3499
3077 3574
3077 3984
3079 3167
3079 3920
3082 3493
3084 3730
3085 3120
3085 3586
3090 3420
3090 3439
3092 3380
3096 3468
3096 3722
3096 3746
3097 3228
3098 3922
3100 3571
3101 3977
3102 3432
3107 3533
3107 3727
3107 3932
3108 3910
3110 3117
3111 3202
3111 3240
3111 3954
3112 3121
3112 3177
3112 3685
3113 3460
3116 3151
3119 3184
3119 3963
3122 3529
3122 3757
3123 3548
3124 3144
3124 3368
3124 3809
3125 3316
3127 3391
3128 3204
3130 3584
3131 3360
3132 3490
3132 3509
3133 3222
3135 3382
3136 3295
3137 3463
3137 3476
3137 3756
3138 3446
3140 3557
3141 3283
3141 3334
3141 3347
3142 3229
3142 3233
3142 3981
3143 3505
3144 3312
3144 3937
3147 3374
3151 3332
3153 3782
3155 3789
3159 3174
3159 3796
3160 3603
3163 3765
3163 3882
3164 3581
3165 3252
3167 3796
3168 3452
3168 3548
3171 3783
3172 3294
3172 3868
3174 3229
3174 3329
3176 3483
3178 3794
3180 3774
3181 3693
3181 3895
3183 3758
3184 3709
3185 3214
3187 3562
3188 3899
3189 3254
3189 3271
3190 3271
3191 3855
3192 3340
3192 3359
3192 3899
3193 3962
3194 3824
3196 3458
3196 3733
3196 3917
3198 3375
3198 3439
3198 3611
3198 3712
3198 3761
3198 3951
3200 3709
3204 3435
3204 3852
3204 3973
3207 3583
3208 3748
3210 3645
3211 3722
3212 3709
3213 3559
3213 3860
3217 3316
3217 3474
3218 3512
3218 3532
3219 3492
3221 3814
3222 3329
3224 3686
3226 3987
3227 3597
3228 3423
3229 3314
3232 3925
3233 3265
3233 3901
3235 3520
3237 3675
3237 3838
3239 3602
3241 3495
3246 3343
3246 3880
3247 3257
3247 3370
3248 3851
3249 3596
3251 3334
3253 3350
3253 3671
3253 3690
3253 3950
3256 3833
3257 3327
3257 3828
3258 3464
3258 3576
3258 3614
3258 3944
3259 3614
3260 3552
3261 3940
3262 3748
3263 3751
3263 3958
3264 3344
3265 3839
3269 3287
3269 3583
3269 3969
3272 3646
3274 3294
3275 3683
3276 3654
3276 3777
3277 3834
3278 3598
3278 3926
3280 3392
3280 3926
3281 3933
3282 3399
3282 3717
3285 3857
3291 3889
3291 3973
3295 3393
3297 3871
3299 3564
3299 3694
3299 3761
3299 3874
3301 3690
3302 3656
3303 3346
3304 3746
3304 3919
3305 3815
3306 3537
3306 3919
3308 3924
3310 3811
3312 3331
3314 3994
3315 3396
3315 3777
3316 3687
3318 3471
3320 3395
3321 3734
3321 3781
3322 3740
3324 3876
3325 3398
3327 3721
3328 3360
3330 3955
3332 3498
3334 3698
3335 3429
3335 3581
3335 3787
3336 3854
3337 3835
3338 3475
3338 3685
3341 3829
3342 3371
3342 3442
3343 3928
3344 3373
3344 3431
3346 3800
3347 3617
3347 3917
3351 3846
3353 3422
3354 3541
3354 3611
3354 3748
3356 3373
3367 3783
3367 3892
3369 3373
3369 3937
3371 3764
3377 3822
3380 3443
3380 3724
3383 3692
3383 3870
3385 3526
3385 3614
3386 3719
3387 3866
3389 3829
3391 3521
3392 3425
3393 3404
3396 3619
3396 3871
3399 3838
3406 3643
3407 3657
3407 3857
3410 3887
3410 3959
3411 3428
3412 3485
3414 3478
3420 3425
3421 3986
3424 3602
3425 3633
3425 3845
3425 3963
3427 3574
3429 3531
3431 3777
3439 3728
3444 3653
3444 3702
3446 3823
3447 3928
3448 3481
3450 3859
3451 3892
3453 3892
3455 3818
3457 3536
3460 3549
3465 3833
3466 3733
3467 3875
3468 3659
3468 3728
3468 3843
3471 3479
3473 3743
3479 3513
3483 3658
3483 3669
3483 3700
3484 3761
3490 3504
3494 3963
3495 3780
3498 3889
3499 3824
3502 3660
3502 3737
3504 3988
3506 3959
3507 3797
3508 3939
3510 3909
3511 3761
3513 3691
3514 3588
3518 3780
3519 3865
3529 3944
3530 3624
3531 3776
3531 3870
3533 3917
3536 3698
3538 3540
3538 3661
3539 3692
3541 3663
3541 3759
3543 3988
3544 3832
3553 3682
3553 3980
3563 3871
3566 3935
3571 3747
3572 3625
3577 3828
3579 3747
3582 3822
3584 3625
3584 3737
3585 3868
3586 3720
3586 3960
3586 3980
3587 3814
3588 3976
3591 3634
3591 3962
3600 3821
3604 3654
3606 3645
3607 3636
3609 3898
3610 3919
3610 3968
3612 3613
3614 3667
3620 3782
3621 3647
3624 3691
3629 3666
3632 3933
3633 3790
3633 3813
3635 3684
3635 3711
3638 3767
3639 3645
3640 3769
3640 3923
3643 3928
3644 3764
3645 3817
3647 3826
3647 3890
3654 3888
3656 3741
3657 3864
3668 3945
3669 3735
3669 3793
3669 3929
3670 3979
3674 3757
3681 3952
3684 3830
3684 3922
3688 3847
3689 3922
3694 3988
3695 3936
3696 3833
3699 3974
3700 3765
3708 3980
3710 3920
3711 3741
3716 3735
3718 3939
3719 3766
3719 3798
3721 3788
3728 3992
3731 3947
3732 3761
3734 3913
3736 3851
3737 3835
3740 3899
3755 3978
3759 3760
3760 3888
3764 3956
3765 3879
3772 3799
3780 3871
3795 3945
3796 3940
3797 3933
3799 3915
3800 3965
3801 3978
3805 3910
3810 3870
3816 3847
3819 3989
3826 3971
3827 3851
3829 3979
3834 3982
3836 3955
3858 3896
3864 3870
3867 3924
3869 3881
3871 3996
3889 3933
3915 3958
3920 3995
3922 3967
3924 3934
3931 3984
3937 3971
3949 3986
3955 3967
3958 3997
