0 85
0 362
0 779
0 1723
1 83
1 354
1 935
1 1022
1 1848
1 1979
1 1995
2 647
2 792
2 959
2 1431
3 295
3 776
3 1080
3 1789
3 1902
4 551
4 569
4 707
4 902
4 931
4 1375
4 1663
5 132
5 695
5 1652
6 132
6 196
6 349
6 468
6 732
6 1810
6 1894
6 1999
7 298
7 762
7 1926
8 219
8 400
8 932
8 1315
9 1279
10 980
10 1470
11 191
11 231
11 292
11 713
11 1745
11 1984
12 272
12 1522
12 1831
13 729
13 951
13 1521
14 355
14 618
14 1226
14 1571
14 1667
14 1926
14 1958
15 146
15 226
15 461
15 865
15 886
15 1419
15 1946
16 1838
16 1849
17 56
17 378
17 1425
18 631
18 654
18 918
18 1164
18 1680
18 1914
19 72
19 77
19 181
19 659
19 665
19 955
19 1431
19 1623
19 1746
20 359
20 530
20 628
20 1105
20 1829
21 583
21 800
21 840
21 1034
21 1115
21 1444
22 1381
22 1506
22 1893
23 855
23 893
23 997
23 1014
23 1559
24 367
24 375
24 421
24 1092
24 1806
25 745
25 1057
26 926
26 1022
26 1932
27 395
27 1443
27 1536
27 1769
28 569
28 832
28 1492
29 506
29 1004
29 1098
29 1186
29 1752
30 106
30 233
30 257
30 430
30 547
31 417
31 517
31 735
31 1470
31 1694
32 643
32 648
32 720
32 838
32 1840
33 737
33 915
33 933
33 1140
33 1805
34 598
34 1363
34 1614
35 140
35 340
35 1257
35 1354
35 1711
36 1091
36 1267
36 1616
36 1806
37 95
37 544
37 1046
37 1225
37 1328
37 1346
38 74
38 672
38 1918
39 975
39 1275
40 261
40 462
41 474
41 1408
42 411
42 456
42 615
42 744
42 1577
42 1991
43 976
43 1892
44 159
44 572
45 945
45 1336
45 1592
46 1224
46 1793
47 50
47 525
47 1015
48 72
48 606
48 817
48 823
48 1096
49 355
49 429
49 470
49 1244
50 186
50 524
50 1451
50 1460
50 1558
51 550
51 987
51 1133
51 1620
52 534
52 1757
53 313
53 1042
53 1552
54 1007
54 1250
54 1276
55 305
55 545
56 131
56 323
56 536
56 720
56 1037
56 1413
58 292
58 530
58 1322
59 298
59 705
59 1200
60 485
60 1230
60 1455
60 1538
61 112
61 171
61 349
61 353
61 1637
62 585
62 636
62 741
62 860
63 1246
63 1334
63 1363
64 729
64 800
64 863
64 951
65 501
65 767
65 1960
66 738
66 1590
67 224
67 259
67 298
67 500
67 643
67 1149
67 1169
67 1249
67 1890
67 1968
68 1295
68 1323
68 1445
69 597
69 1668
70 141
70 1377
70 1646
70 1924
71 586
71 1271
71 1333
71 1927
71 1979
72 554
72 992
72 1355
72 1867
73 262
73 299
73 536
73 709
73 907
73 941
73 1091
73 1319
73 1511
73 1742
74 690
74 730
74 1214
74 1440
75 328
76 1897
77 91
77 300
77 345
77 639
77 1211
77 1566
77 1673
77 1694
78 682
78 1073
79 214
79 513
80 96
80 258
81 166
81 192
81 391
81 452
81 603
81 910
81 1519
81 1607
82 811
82 1419
82 1475
82 1929
83 489
83 558
83 828
83 901
83 1694
84 604
84 1645
85 164
85 212
85 879
85 1079
86 156
86 369
87 252
87 516
87 570
87 1320
87 1569
87 1582
88 271
88 456
88 474
88 977
88 1640
89 1202
89 1328
89 1619
89 1640
89 1802
89 1887
89 1932
90 250
90 1598
90 1775
91 472
91 504
91 648
91 1005
92 304
92 1396
92 1496
92 1691
93 183
93 260
93 514
93 1139
93 1767
93 1787
93 1992
94 215
94 945
94 1548
95 155
95 1140
95 1465
95 1745
96 134
96 416
96 749
96 981
96 1498
96 1652
97 464
97 613
97 689
97 1349
98 1171
99 101
99 472
100 148
100 372
100 1122
101 137
101 510
101 701
101 1687
101 1953
102 1063
102 1248
102 1987
103 262
103 639
104 195
104 483
104 1457
105 587
106 383
106 740
106 1344
106 1399
106 1423
106 1869
107 1153
107 1425
108 210
108 731
108 801
108 965
108 1250
108 1902
109 326
109 1248
109 1323
109 1882
110 267
110 343
110 357
110 651
110 805
110 1233
110 1253
110 1720
111 570
111 1148
111 1956
112 183
112 558
112 1081
112 1967
113 521
113 991
113 1024
113 1288
113 1762
114 901
114 940
114 942
114 1736
115 1118
115 1160
115 1794
116 142
116 288
116 443
116 835
116 860
116 983
116 1137
116 1144
117 220
117 429
117 957
117 1000
117 1629
118 236
118 766
118 913
119 1650
119 1822
120 190
120 325
120 777
120 900
120 1388
120 1631
120 1718
121 368
121 1970
122 1459
122 1720
122 1922
123 340
123 416
124 526
124 1022
124 1117
125 1224
125 1853
126 640
126 730
127 356
127 930
127 1152
127 1390
128 752
128 1045
128 1284
128 1393
128 1836
129 252
129 1104
129 1123
129 1696
130 573
130 770
131 605
131 659
131 705
131 1406
131 1464
131 1927
132 402
132 1454
133 808
133 1114
133 1427
133 1880
134 965
134 1309
134 1440
134 1702
134 1811
135 253
135 258
135 1149
136 1475
136 1957
137 1675
138 621
138 718
138 1561
139 1075
139 1509
140 1104
140 1943
141 342
141 712
141 1638
142 384
142 1206
142 1237
142 1503
142 1545
142 1685
142 1690
143 883
143 1316
143 1597
143 1974
144 322
144 403
144 861
144 1390
144 1485
145 205
145 471
145 1450
146 185
146 459
146 866
146 1095
147 599
147 670
147 826
147 1560
147 1578
148 505
148 515
148 639
148 878
148 1070
148 1572
148 1792
148 1995
149 360
149 389
149 563
149 744
149 1153
149 1350
149 1357
149 1484
149 1683
150 250
150 625
150 790
150 930
150 1176
150 1592
150 1816
151 1236
151 1439
151 1600
151 1782
151 1996
152 302
152 459
152 849
152 890
152 1521
152 1557
153 782
153 1244
153 1383
153 1508
154 1123
154 1131
154 1418
154 1546
154 1664
154 1831
155 333
155 365
155 498
155 1354
155 1383
155 1843
156 220
156 1201
157 600
157 879
157 1253
157 1290
157 1859
157 1915
158 571
158 1160
158 1165
158 1892
159 183
159 1299
159 1304
159 1612
160 319
160 492
161 316
161 701
161 1330
161 1697
162 821
162 1374
162 1383
163 1335
164 637
164 1671
164 1843
165 308
165 498
166 706
166 869
166 1706
167 411
167 484
167 1384
167 1511
167 1779
168 1256
168 1495
168 1558
168 1770
168 1883
168 1979
169 1446
169 1893
170 496
170 795
170 1186
170 1470
170 1697
170 1758
171 209
171 341
171 527
171 630
171 943
171 1323
171 1682
171 1748
171 1805
172 300
172 1522
172 1714
173 543
173 912
173 1342
174 1072
174 1593
174 1648
174 1717
175 1375
175 1801
176 646
176 1903
177 379
177 649
177 700
177 1085
177 1213
178 288
179 591
179 648
179 734
179 949
179 992
179 1051
179 1180
179 1659
180 1019
180 1176
180 1851
181 613
181 1146
181 1304
181 1390
181 1808
181 1888
181 1909
182 1597
183 380
183 1636
183 1765
183 1896
184 595
184 656
184 900
184 1272
184 1451
185 341
185 610
185 776
185 973
185 1219
185 1259
185 1546
185 1902
186 605
186 1120
186 1172
186 1206
186 1374
187 260
187 962
187 1099
187 1218
187 1691
187 1757
188 421
189 592
189 838
189 860
189 909
189 1013
190 926
190 1283
190 1451
191 337
191 1043
191 1364
191 1923
192 199
192 345
192 407
192 505
192 577
192 1484
194 744
194 906
194 1074
194 1474
194 1515
194 1971
195 380
195 1955
196 503
196 1725
197 957
197 1247
197 1436
197 1553
197 1695
198 241
198 986
198 1033
198 1084
198 1284
199 1051
200 405
200 1007
200 1364
201 419
201 1568
201 1605
201 1909
202 207
202 724
202 757
202 1055
202 1516
202 1545
203 380
203 889
203 1554
203 1594
203 1681
204 350
204 405
204 718
204 1107
204 1152
204 1562
204 1769
205 228
205 1181
205 1566
205 1583
206 561
206 728
206 909
206 1372
206 1470
206 1573
206 1963
207 342
207 364
207 671
207 1377
207 1818
207 1857
208 1551
208 1599
209 702
209 983
209 1073
209 1142
209 1685
209 1840
210 725
210 810
211 581
212 1039
212 1555
212 1739
212 1889
213 610
213 624
213 1005
214 1899
215 442
215 517
215 791
215 1847
216 674
217 743
217 1247
217 1500
217 1998
218 1156
218 1808
219 871
219 1761
219 1977
220 370
220 711
220 1229
220 1654
221 406
221 630
221 983
221 1114
222 840
222 852
222 1100
222 1893
223 609
224 338
224 627
224 1265
224 1797
225 734
225 950
225 1679
225 1700
226 228
226 1454
227 604
227 1000
227 1304
227 1609
227 1697
227 1787
228 1954
228 1997
229 982
229 1211
229 1579
229 1747
230 313
230 643
230 712
230 779
230 869
230 1169
231 962
231 1758
232 494
232 836
232 1006
232 1046
232 1838
233 403
233 587
233 890
233 1382
233 1898
233 1900
234 327
234 668
234 1152
235 281
235 495
235 827
235 1302
235 1318
236 595
236 1219
237 540
237 966
237 1432
237 1440
237 1518
237 1766
238 621
238 1670
238 1772
239 1470
240 713
240 872
240 1299
240 1322
240 1946
241 1567
242 961
242 1182
242 1242
242 1914
242 1942
243 1655
243 1945
245 693
245 987
245 1084
245 1170
245 1304
245 1455
245 1788
245 1834
246 755
246 1283
246 1570
247 1018
247 1468
247 1754
248 332
248 1041
249 891
249 1630
249 1753
250 786
250 818
250 1171
250 1314
250 1364
250 1785
250 1986
251 401
251 1652
252 696
252 1623
252 1807
253 264
253 1093
253 1286
254 1600
254 1819
255 394
255 992
255 1145
255 1753
256 804
256 812
256 828
256 995
256 1020
256 1050
256 1255
256 1290
256 1450
256 1695
257 918
257 1698
258 491
258 856
258 863
258 1022
259 359
259 1745
260 660
261 361
261 1210
261 1232
261 1241
261 1366
261 1645
261 1961
262 398
262 473
262 1140
262 1668
262 1866
263 348
263 413
263 1170
264 1134
264 1466
264 1523
264 1857
265 384
265 908
265 1672
266 326
266 527
266 621
266 754
266 899
266 1201
266 1467
267 923
267 1138
267 1218
267 1533
267 1733
268 755
268 1057
268 1744
268 1973
268 1976
269 272
269 987
269 1110
269 1399
270 1410
270 1812
270 1882
271 313
271 1115
271 1133
271 1669
271 1869
272 439
272 657
272 1312
272 1570
272 1766
272 1814
273 644
273 647
273 742
273 769
273 1190
273 1634
273 1827
274 1100
274 1113
275 721
275 1279
276 567
276 768
276 983
277 664
277 1590
278 819
278 1131
279 1720
280 587
280 651
280 760
280 1328
281 1208
281 1438
282 370
282 1167
283 926
283 1509
283 1769
285 535
285 1472
285 1653
285 1992
286 431
286 498
286 922
286 1972
287 1483
287 1775
287 1929
287 1964
288 327
288 586
288 1773
288 1892
289 1841
290 568
290 915
290 1027
290 1726
290 1931
291 342
291 746
291 1389
291 1694
291 1976
292 422
293 990
293 1911
294 1719
295 1475
295 1635
295 1922
296 503
296 1694
297 893
297 1277
297 1605
298 1512
300 785
300 1219
300 1486
300 1564
300 1911
301 406
301 676
301 1500
301 1909
302 361
302 1164
302 1529
303 355
303 395
303 973
303 1271
304 349
304 516
304 756
304 828
305 1821
306 921
306 993
306 1828
307 471
307 756
307 1353
307 1954
308 467
308 591
308 863
308 905
309 324
309 709
309 1449
310 688
310 786
310 950
310 1237
310 1773
310 1898
311 734
313 1387
313 1965
314 388
316 868
316 1496
316 1776
316 1801
317 900
317 1417
317 1538
317 1575
318 598
318 1690
319 657
319 659
319 771
321 830
321 1437
322 1805
323 951
323 956
324 1318
325 505
325 527
325 1005
325 1262
325 1642
326 343
326 1248
326 1893
327 652
327 1494
328 485
328 1137
328 1334
329 506
329 559
329 853
329 988
329 1265
329 1840
330 528
330 722
330 1149
330 1382
330 1609
330 1928
331 417
331 776
331 878
331 943
332 938
332 1649
332 1732
332 1741
332 1773
332 1944
333 654
333 769
333 1581
334 703
334 877
334 1057
335 814
335 1334
335 1791
335 1884
336 356
336 756
336 760
336 762
336 1311
336 1540
336 1819
337 1325
337 1570
338 573
338 847
338 1179
338 1391
338 1814
339 1065
339 1376
339 1849
340 801
340 905
340 941
340 1250
340 1305
340 1540
340 1721
340 1858
341 365
341 721
341 985
341 1019
342 475
342 731
342 1291
343 639
343 936
344 427
344 462
344 672
344 1929
345 370
345 1149
345 1350
345 1417
345 1688
346 691
346 1265
347 455
347 863
347 1193
347 1433
347 1487
348 780
348 1632
348 1891
348 1910
349 372
349 1934
350 495
350 891
350 1216
351 855
351 956
351 1136
351 1432
352 595
352 1017
352 1067
352 1472
352 1948
353 771
354 565
354 625
354 760
354 1039
354 1126
354 1159
354 1233
355 1308
356 1270
356 1706
356 1798
357 1506
357 1670
358 699
358 847
358 1084
358 1106
358 1401
358 1435
359 1013
359 1571
359 1991
360 1621
361 1594
362 1332
363 785
363 1158
364 634
364 907
364 1433
364 1926
365 542
365 600
365 889
365 1696
366 761
366 1409
366 1618
367 1185
368 800
368 836
368 1440
368 1583
368 1777
369 681
369 930
369 1333
369 1387
369 1615
369 1723
369 1763
369 1765
370 819
370 905
370 1908
371 488
371 543
371 720
371 1359
371 1594
371 1814
372 645
372 918
372 1019
372 1394
372 1557
373 430
373 593
373 1280
373 1378
373 1706
373 1816
373 1875
374 1193
374 1262
374 1567
374 1898
375 423
375 1037
376 471
376 754
376 1060
378 1601
378 1852
379 536
379 747
379 925
379 1075
379 1350
380 578
380 755
380 1211
380 1255
381 948
382 384
382 712
382 871
382 1280
383 761
383 1330
383 1872
384 453
384 1654
385 905
385 1242
385 1371
386 402
386 946
386 1360
386 1575
387 680
388 986
388 1245
389 1362
390 832
390 1110
390 1724
390 1743
391 613
391 1243
391 1609
392 490
392 519
392 1456
392 1979
393 1253
393 1283
393 1574
393 1712
394 746
394 882
394 1000
394 1069
394 1339
395 596
395 1226
396 509
396 802
396 891
396 944
396 1209
396 1925
397 710
397 818
397 1497
397 1644
397 1773
397 1847
397 1887
398 648
398 801
398 1053
398 1321
398 1605
399 798
399 852
399 901
399 987
399 1568
400 865
400 1121
400 1749
400 1963
401 808
401 1896
402 477
402 832
402 1020
402 1116
403 1404
405 875
406 1821
406 1879
407 862
407 880
408 1665
408 1732
408 1820
409 1198
409 1451
409 1852
410 737
410 978
410 1109
411 412
411 740
411 1321
411 1413
411 1567
412 630
412 729
412 772
412 1699
413 516
413 523
413 1614
413 1761
413 1906
414 636
414 877
414 1012
414 1531
415 583
415 1239
415 1301
415 1682
415 1697
415 1973
416 1832
417 477
417 574
417 1122
417 1200
417 1208
417 1339
419 986
419 1393
420 1510
421 1073
421 1205
421 1516
421 1654
421 1894
422 531
422 596
422 1668
422 1966
424 1538
424 1630
425 727
425 1124
425 1188
425 1339
425 1395
425 1712
426 634
426 691
426 738
427 1748
428 1043
428 1298
428 1313
428 1524
429 458
429 536
429 573
429 924
429 1319
429 1406
429 1909
430 492
430 1391
430 1588
430 1968
432 1077
432 1708
432 1869
432 1884
433 737
433 1028
433 1180
433 1267
433 1728
433 1758
434 589
434 986
434 1263
434 1752
435 724
435 739
436 969
437 554
437 702
437 731
437 1444
437 1966
438 631
438 1532
439 1796
439 1873
440 765
440 990
440 1033
440 1141
440 1289
440 1366
440 1479
440 1682
441 568
442 476
442 980
442 1604
442 1633
442 1659
443 676
443 1066
443 1469
443 1610
443 1853
445 1093
445 1957
446 978
446 1857
447 1860
448 918
448 1604
450 581
450 1009
450 1791
451 656
451 1490
453 1559
453 1998
454 929
454 1637
454 1861
455 485
455 1271
456 484
456 696
456 1472
456 1498
456 1907
456 1937
457 1832
458 542
458 858
458 1571
459 1149
459 1174
459 1197
459 1198
459 1883
460 465
460 1609
460 1915
461 1349
462 559
462 870
462 884
462 1117
462 1394
462 1792
463 1161
463 1617
464 1024
464 1202
464 1261
464 1264
464 1308
465 646
465 1181
465 1737
466 1121
467 1589
468 931
469 1460
470 1259
471 938
471 1254
472 481
472 1070
473 560
473 751
473 774
473 1369
474 1077
474 1538
474 1666
474 1909
475 523
475 878
475 1040
475 1194
475 1215
475 1404
475 1566
475 1632
475 1933
475 1970
476 516
476 1160
477 632
477 1104
477 1566
478 563
478 1197
478 1487
478 1488
478 1798
479 888
479 1002
479 1613
479 1678
479 1785
480 1656
481 1777
482 493
482 1369
483 1133
483 1155
483 1272
484 912
484 1691
484 1966
485 578
485 637
485 725
485 872
485 919
486 1137
486 1371
487 701
487 996
487 1716
488 970
488 1193
489 960
489 1198
490 1092
490 1761
491 763
492 554
492 792
492 1157
492 1240
492 1871
493 1509
493 1561
493 1630
493 1955
494 1624
494 1933
495 1447
495 1770
495 1859
496 545
496 708
496 964
496 1051
496 1787
496 1901
497 931
497 1801
498 1187
499 1196
499 1242
499 1648
500 793
501 504
501 674
501 1065
501 1279
501 1469
502 566
502 1259
502 1565
502 1744
503 729
503 882
503 1148
503 1374
503 1627
503 1963
504 752
504 1388
504 1833
505 1397
505 1781
506 976
506 1142
506 1374
506 1565
506 1628
506 1693
507 526
507 558
507 898
507 1010
507 1138
508 1091
508 1118
508 1419
508 1954
509 874
509 888
509 956
509 1493
509 1936
510 1422
510 1517
510 1574
510 1779
510 1867
510 1883
511 766
511 1074
511 1281
511 1838
512 649
512 1144
512 1731
513 1131
513 1876
514 564
515 632
515 838
515 850
515 1214
516 643
516 766
516 856
516 1558
517 1047
517 1862
518 991
518 1801
519 1372
519 1528
520 791
520 903
520 1143
520 1329
520 1730
520 1745
520 1963
521 1218
521 1596
522 623
522 717
522 972
523 1105
523 1277
524 1097
524 1242
524 1457
524 1547
524 1693
525 835
525 1051
525 1595
526 1098
526 1464
527 857
527 1140
528 772
528 1185
528 1595
529 1225
529 1346
530 992
530 1312
530 1332
531 1160
531 1285
531 1751
531 1753
532 1137
532 1157
532 1489
532 1913
533 574
533 613
533 907
533 1115
533 1413
533 1832
534 904
535 1669
536 1856
536 1902
537 1173
537 1929
538 1235
539 611
539 920
539 1537
539 1993
541 1207
541 1573
541 1629
542 828
542 1629
542 1814
543 631
543 1833
544 1582
544 1724
544 1793
545 618
545 1121
546 841
546 1372
546 1489
546 1686
547 1024
547 1481
547 1651
548 735
548 946
548 968
548 1085
548 1205
548 1885
549 1129
549 1501
549 1791
550 888
550 1180
550 1782
550 1801
551 770
552 1393
553 642
553 693
553 1037
553 1795
554 586
554 798
554 1161
554 1654
555 1842
555 1985
557 922
557 923
557 1562
558 1073
558 1545
558 1842
558 1961
560 663
560 1119
560 1358
560 1488
560 1548
560 1601
561 1116
562 681
562 829
562 1158
562 1688
562 1869
563 672
563 1003
564 1442
564 1474
564 1901
565 1212
566 792
566 1147
566 1610
566 1765
566 1965
566 1995
567 972
568 1038
569 1075
569 1541
569 1698
570 942
570 1113
570 1431
571 1244
571 1378
572 752
572 1329
572 1893
573 1062
573 1293
573 1367
573 1736
574 1029
574 1669
575 784
575 1310
576 806
576 1381
576 1842
577 1256
577 1577
577 1848
577 1892
578 1572
578 1650
579 943
579 1636
581 610
581 1154
582 1026
582 1581
582 1977
583 713
583 948
583 1375
583 1624
583 1734
583 1986
584 833
584 1605
584 1614
585 954
586 1802
586 1875
587 681
587 752
587 1349
587 1519
589 650
589 976
589 1200
589 1377
589 1446
590 636
590 1333
590 1776
590 1850
591 1074
591 1115
592 722
592 1068
593 745
593 796
593 801
593 810
593 858
593 1214
593 1269
593 1299
593 1343
593 1534
593 1873
594 1351
594 1758
595 962
595 1578
595 1998
596 961
596 1880
597 992
597 1521
597 1778
598 951
598 1509
598 1952
599 846
599 1181
599 1313
599 1323
599 1406
600 834
600 851
600 888
600 1771
600 1948
601 640
601 767
601 786
601 967
601 1981
602 875
602 1560
602 1753
602 1807
603 774
603 911
603 1140
603 1450
603 1813
604 1638
605 689
605 1073
605 1236
605 1405
605 1755
605 1999
606 1198
607 726
607 1677
608 1227
608 1684
609 647
609 777
609 1038
609 1625
609 1710
610 830
610 1725
611 1806
612 771
612 857
612 923
613 766
613 821
613 1820
614 1784
615 699
615 1313
615 1335
615 1409
615 1643
615 1692
616 768
616 1123
616 1671
616 1702
616 1997
617 669
617 1777
620 919
620 1037
621 885
621 1109
621 1269
622 696
622 1469
623 1767
624 779
624 1782
625 771
625 1099
626 1061
627 682
627 862
627 913
627 1443
627 1493
627 1624
627 1743
628 968
628 1075
628 1839
629 809
629 1945
630 1467
631 750
632 770
632 855
632 1054
632 1195
632 1497
632 1527
633 1478
633 1775
634 1752
635 907
635 937
635 1697
635 1829
636 1093
636 1551
636 1697
636 1710
637 1068
638 1574
638 1893
638 1970
639 1034
639 1137
640 1068
640 1268
640 1675
640 1696
641 1248
641 1564
642 931
642 1194
642 1835
642 1989
643 914
643 1035
643 1427
643 1659
644 1177
644 1448
645 1288
645 1591
645 1938
647 1057
647 1275
647 1691
648 742
648 1057
649 843
650 749
650 929
651 1229
651 1414
652 804
652 1713
653 1306
653 1320
653 1399
654 752
654 1377
654 1675
654 1803
654 1864
655 1317
655 1322
655 1710
655 1960
656 771
656 794
656 1682
657 774
657 978
657 1030
657 1360
657 1623
657 1910
658 782
658 1499
658 1751
658 1966
659 1059
659 1290
659 1645
659 1776
660 1217
660 1284
660 1350
660 1511
660 1579
660 1604
661 1429
661 1522
661 1672
662 860
662 1457
663 1138
663 1762
663 1872
663 1983
664 723
664 1691
664 1712
665 1050
665 1101
666 1019
666 1593
667 852
668 947
669 763
669 1380
670 1209
671 1558
671 1569
671 1892
672 746
672 757
673 1105
673 1138
673 1466
673 1760
674 959
674 1117
675 1236
675 1289
675 1475
675 1854
676 1063
676 1489
677 954
677 1797
678 957
678 1218
678 1819
678 1958
679 1511
679 1773
679 1905
680 1051
680 1410
680 1610
680 1613
681 705
681 1727
681 1895
682 874
682 1340
683 789
683 856
683 1323
683 1385
684 751
684 1999
685 1329
685 1433
685 1612
685 1727
685 1943
686 1916
687 691
687 965
687 1540
687 1876
688 820
688 857
688 923
688 1353
689 1006
690 794
690 1056
691 1071
691 1328
692 979
692 1324
692 1739
693 1737
694 1432
695 851
695 1969
696 1768
696 1781
696 1991
697 1999
698 1899
699 1051
700 1650
700 1883
702 1478
703 1027
703 1093
704 1405
704 1670
704 1949
705 862
705 918
705 1357
705 1464
705 1964
706 898
707 1073
708 782
708 1117
708 1466
708 1647
709 767
709 998
709 1989
710 1044
710 1543
710 1739
712 1043
712 1151
713 812
713 823
714 1006
714 1050
714 1289
715 1250
715 1780
716 1180
716 1792
716 1977
717 1399
717 1634
718 1116
718 1648
718 1804
718 1941
719 792
720 906
720 1911
720 1959
721 1199
721 1297
721 1566
722 1418
723 866
723 1841
724 811
724 1415
724 1867
725 1496
726 1717
726 1957
727 824
727 1137
728 1729
729 1376
729 1945
730 738
730 827
730 904
730 1687
731 941
731 1732
731 1763
732 1263
732 1736
734 1221
734 1442
734 1471
734 1742
734 1904
735 1268
735 1673
735 1951
736 931
736 1182
736 1327
736 1349
736 1435
736 1730
737 1433
738 748
738 1017
738 1093
738 1302
738 1524
738 1981
739 978
740 866
741 1055
741 1658
741 1868
742 1110
743 788
743 1035
744 941
744 1211
744 1582
744 1760
745 1690
746 1621
746 1791
746 1801
747 1763
748 767
748 963
748 1426
748 1693
748 1789
748 1898
749 1220
750 794
750 1142
750 1201
750 1489
751 1088
751 1805
751 1877
752 1232
754 1706
754 1899
755 839
755 1221
755 1312
755 1345
755 1549
755 1922
756 1398
757 1199
758 833
758 992
758 1038
758 1868
759 1932
760 1255
761 853
761 854
761 1051
761 1364
761 1776
762 870
762 1072
762 1414
762 1867
762 1982
763 951
763 1164
763 1486
763 1723
764 841
764 843
764 1103
764 1410
765 774
765 1093
765 1166
765 1216
765 1799
766 1446
766 1566
766 1812
767 1642
768 1148
769 1001
769 1630
770 1284
770 1376
770 1866
772 1248
772 1962
773 1214
774 1794
775 1072
775 1723
777 797
777 1205
778 1593
778 1687
779 1741
780 1072
780 1538
780 1627
780 1660
780 1805
780 1814
780 1856
781 785
781 1240
781 1750
782 1564
783 1030
783 1544
783 1916
784 1242
784 1511
784 1655
786 899
786 1563
787 879
787 1305
787 1528
787 1775
787 1978
789 941
789 1127
789 1552
789 1590
789 1869
790 1746
790 1841
791 1058
791 1716
792 1494
793 909
793 1136
793 1916
794 1267
794 1970
795 1290
796 799
796 998
796 1030
796 1580
797 1669
798 971
798 1069
799 1585
799 1721
800 815
800 1042
800 1428
800 1703
802 1558
803 1378
804 836
804 935
804 1079
804 1160
804 1473
804 1569
804 1658
805 1000
805 1531
806 1871
807 1630
807 1669
807 1927
808 1391
808 1633
809 990
809 1285
809 1825
810 835
810 1448
810 1737
810 1911
811 1830
812 1067
812 1135
812 1653
812 1727
813 1190
813 1546
814 1105
814 1337
814 1578
815 994
815 1071
816 1277
816 1322
817 1043
817 1864
817 1995
818 1728
818 1925
819 1248
819 1352
819 1449
820 897
821 1463
822 936
822 1280
822 1407
822 1937
824 863
824 902
824 1451
824 1559
825 887
825 1060
825 1748
826 1466
827 904
827 1742
828 998
828 1720
830 851
830 885
830 1561
830 1766
830 1940
831 1307
831 1388
831 1785
831 1806
832 1096
832 1143
833 1088
833 1205
833 1647
833 1747
833 1854
835 932
835 1788
835 1976
837 905
837 930
837 1299
837 1670
838 962
838 1086
838 1539
838 1793
839 1705
840 1193
840 1225
840 1886
842 1450
843 994
843 1015
843 1552
843 1556
843 1746
843 1874
844 936
844 1458
844 1599
845 1128
845 1470
845 1526
845 1532
845 1830
847 1220
847 1501
848 1623
848 1754
849 1304
850 1010
850 1827
851 918
851 1093
851 1311
852 1687
853 1479
853 1509
853 1626
853 1834
853 1859
855 950
855 1484
855 1767
855 1891
856 1189
856 1338
856 1424
856 1722
857 1091
858 896
859 1371
859 1554
860 994
860 1227
860 1464
861 1014
861 1347
862 919
862 1329
862 1458
862 1592
862 1764
862 1816
862 1912
863 1095
863 1692
864 1280
864 1659
864 1836
865 1055
867 991
867 1013
867 1660
869 937
869 1310
869 1327
869 1615
869 1839
870 1041
872 888
872 1098
872 1623
872 1916
872 1947
873 1243
873 1531
873 1964
873 1980
874 1662
875 1359
875 1562
876 1169
876 1197
876 1572
876 1574
877 1247
877 1571
877 1650
877 1999
878 1972
880 1129
880 1208
880 1420
881 1081
882 1354
882 1655
883 942
883 1019
883 1332
883 1715
883 1922
884 1222
884 1948
885 1020
885 1083
885 1609
885 1992
886 1035
886 1834
886 1904
887 912
887 1381
887 1660
887 1788
887 1992
888 906
888 1508
889 1277
890 904
890 1085
890 1689
891 1089
891 1461
891 1466
891 1541
891 1778
892 1169
892 1744
893 1808
894 1774
895 986
895 1452
895 1897
896 905
896 1765
896 1789
897 990
897 1142
897 1380
897 1677
897 1851
897 1993
898 1754
898 1928
899 979
899 1237
900 1320
900 1321
901 1102
901 1180
902 1579
903 1293
903 1570
903 1797
904 980
905 1174
905 1207
905 1447
905 1772
906 1094
907 1489
908 1574
909 1380
909 1413
910 1411
910 1523
910 1806
911 1456
911 1640
911 1960
912 1175
912 1222
912 1320
912 1643
912 1892
913 1655
913 1950
914 1040
914 1212
914 1978
915 1420
915 1721
915 1974
916 1115
916 1501
917 1432
918 968
919 1121
919 1533
919 1798
920 1553
920 1727
920 1754
921 1146
921 1298
921 1630
922 1132
922 1507
923 935
923 1072
925 956
925 1159
925 1190
925 1945
926 1088
926 1629
927 1544
928 1176
928 1783
929 1394
929 1552
930 1014
930 1490
930 1620
930 1963
931 1924
932 1081
932 1242
932 1446
932 1509
932 1609
932 1640
933 1139
933 1606
934 1884
935 1686
937 1214
938 1008
938 1203
939 1076
939 1337
939 1528
940 1432
940 1899
941 998
942 1538
942 1581
944 1566
945 1125
945 1722
946 1849
946 1906
946 1977
947 960
947 1440
947 1500
947 1632
948 1280
948 1404
948 1908
949 1326
950 1037
951 1408
952 966
952 1209
952 1862
954 1167
954 1224
955 1064
955 1572
956 1498
957 1044
958 1672
958 1703
958 1843
959 1848
961 1339
961 1455
961 1507
961 1663
962 1365
962 1702
962 1781
963 1002
963 1097
963 1471
963 1911
963 1985
964 1005
964 1139
964 1827
966 1558
966 1954
967 1020
967 1823
967 1870
968 1172
969 1515
970 1414
971 1058
971 1402
971 1470
972 1591
974 1336
974 1435
974 1798
975 1695
975 1949
975 1972
975 1973
976 1055
977 1869
978 1014
978 1067
978 1201
979 1379
979 1551
980 1169
980 1342
981 1208
981 1447
981 1721
981 1875
982 1088
982 1925
983 1366
984 1251
985 1114
985 1712
990 1178
991 1005
991 1157
991 1366
991 1828
992 1124
992 1262
992 1712
993 1094
993 1319
993 1596
993 1942
994 1149
994 1272
995 1161
995 1494
995 1821
995 1941
995 1976
996 1385
996 1986
996 1992
997 1175
997 1798
998 1877
998 1974
999 1010
1000 1191
1000 1301
1001 1229
1001 1408
1001 1532
1001 1616
1001 1831
1001 1835
1002 1347
1002 1738
1003 1145
1003 1809
1005 1714
1006 1626
1006 1637
1006 1858
1007 1449
1009 1296
1009 1379
1009 1472
1010 1634
1010 1639
1011 1571
1012 1441
1012 1600
1013 1964
1014 1287
1014 1813
1016 1885
1017 1748
1018 1731
1019 1689
1020 1076
1020 1611
1020 1920
1021 1362
1022 1307
1022 1889
1023 1728
1024 1314
1024 1326
1024 1908
1025 1173
1025 1233
1025 1306
1026 1394
1026 1452
1026 1571
1026 1779
1027 1842
1028 1178
1028 1713
1029 1333
1030 1597
1030 1609
1030 1639
1031 1503
1032 1501
1033 1189
1034 1718
1034 1762
1036 1166
1037 1785
1037 1886
1038 1198
1038 1494
1038 1695
1038 1703
1039 1494
1040 1217
1040 1629
1041 1342
1042 1617
1042 1637
1042 1832
1044 1661
1044 1682
1044 1731
1045 1076
1045 1447
1045 1803
1045 1961
1045 1999
1046 1164
1046 1542
1047 1108
1047 1726
1047 1793
1048 1442
1049 1526
1049 1926
1050 1140
1050 1197
1050 1292
1051 1265
1051 1629
1052 1056
1052 1281
1052 1597
1052 1622
1053 1478
1054 1279
1054 1508
1054 1777
1054 1811
1054 1941
1055 1292
1056 1506
1056 1521
1056 1640
1056 1734
1058 1232
1058 1647
1058 1732
1059 1070
1059 1798
1059 1999
1060 1197
1060 1351
1060 1626
1061 1720
1063 1337
1063 1744
1065 1730
1067 1175
1067 1360
1067 1376
1067 1521
1067 1644
1068 1585
1069 1111
1069 1700
1069 1935
1069 1944
1070 1197
1070 1447
1070 1598
1070 1915
1070 1990
1072 1367
1072 1394
1072 1968
1073 1773
1074 1114
1074 1179
1074 1566
1076 1320
1077 1662
1077 1743
1078 1135
1078 1387
1079 1625
1081 1678
1081 1904
1082 1358
1084 1095
1084 1130
1084 1195
1084 1499
1086 1522
1086 1943
1088 1184
1088 1842
1090 1562
1090 1710
1091 1458
1092 1511
1092 1574
1092 1690
1092 1851
1093 1469
1093 1516
1093 1687
1093 1818
1094 1315
1094 1360
1094 1367
1094 1580
1094 1615
1096 1671
1096 1787
1097 1125
1097 1767
1097 1839
1098 1291
1098 1373
1098 1539
1098 1599
1099 1167
1099 1925
1100 1649
1100 1783
1100 1875
1101 1709
1101 1739
1101 1946
1102 1219
1102 1397
1103 1360
1103 1538
1103 1725
1103 1905
1104 1888
1105 1755
1105 1999
1106 1371
1107 1517
1108 1729
1108 1946
1109 1458
1109 1557
1109 1685
1111 1678
1113 1590
1114 1477
1114 1839
1115 1560
1116 1814
1116 1855
1117 1866
1118 1157
1118 1448
1119 1468
1119 1652
1119 1780
1120 1939
1121 1154
1121 1323
1122 1661
1124 1155
1125 1681
1125 1837
1126 1670
1126 1807
1127 1610
1127 1773
1127 1777
1128 1517
1128 1870
1129 1981
1130 1986
1131 1165
1131 1358
1131 1746
1131 1809
1132 1781
1132 1948
1133 1790
1135 1500
1135 1674
1136 1944
1137 1407
1138 1224
1138 1600
1139 1493
1140 1437
1141 1253
1142 1359
1142 1423
1143 1665
1143 1899
1144 1709
1144 1876
1146 1487
1146 1612
1146 1740
1148 1229
1149 1751
1150 1760
1150 1976
1153 1324
1153 1801
1154 1270
1154 1736
1157 1351
1158 1466
1158 1928
1160 1287
1161 1768
1162 1765
1164 1895
1164 1905
1165 1405
1165 1644
1166 1477
1166 1638
1167 1597
1167 1768
1168 1473
1169 1231
1169 1282
1169 1764
1171 1358
1171 1924
1172 1477
1172 1615
1172 1918
1175 1690
1176 1210
1177 1438
1178 1874
1179 1630
1180 1221
1181 1293
1181 1517
1182 1428
1182 1753
1183 1206
1183 1467
1183 1870
1184 1416
1184 1803
1185 1221
1185 1893
1187 1196
1188 1198
1188 1505
1188 1643
1188 1851
1189 1727
1189 1793
1189 1912
1190 1635
1190 1752
1190 1819
1191 1300
1191 1511
1191 1773
1193 1483
1195 1310
1195 1502
1195 1620
1195 1720
1195 1723
1195 1776
1195 1801
1196 1642
1196 1760
1197 1311
1198 1732
1198 1942
1198 1956
1199 1792
1200 1436
1200 1626
1200 1736
1200 1993
1202 1525
1204 1311
1204 1622
1204 1723
1204 1796
1205 1735
1205 1814
1205 1896
1206 1284
1207 1833
1207 1890
1208 1319
1208 1589
1209 1316
1210 1408
1211 1724
1211 1813
1214 1808
1215 1409
1215 1806
1216 1364
1216 1584
1216 1587
1217 1901
1217 1910
1217 1976
1219 1999
1221 1560
1222 1332
1223 1570
1226 1275
1227 1679
1229 1947
1231 1441
1233 1598
1234 1806
1235 1650
1236 1366
1236 1533
1236 1669
1236 1985
1237 1300
1237 1507
1238 1595
1239 1624
1240 1513
1241 1644
1241 1733
1242 1428
1243 1307
1244 1708
1245 1270
1245 1820
1246 1498
1247 1655
1248 1879
1249 1321
1249 1391
1249 1559
1249 1867
1251 1981
1252 1675
1252 1774
1253 1257
1253 1346
1253 1651
1254 1658
1255 1910
1255 1977
1256 1872
1256 1888
1259 1610
1259 1674
1259 1838
1260 1320
1260 1614
1262 1360
1262 1587
1262 1826
1263 1568
1264 1266
1264 1378
1264 1875
1267 1912
1269 1672
1269 1719
1270 1322
1270 1431
1270 1782
1272 1628
1273 1608
1274 1445
1274 1987
1275 1731
1276 1608
1278 1377
1278 1780
1279 1742
1280 1985
1281 1925
1282 1340
1282 1411
1283 1352
1283 1409
1285 1505
1287 1726
1287 1846
1288 1564
1289 1852
1290 1459
1290 1764
1292 1513
1293 1729
1293 1802
1293 1931
1294 1399
1294 1654
1296 1486
1296 1773
1297 1946
1299 1386
1299 1526
1299 1728
1299 1733
1299 1808
1300 1876
1301 1554
1302 1784
1302 1803
1303 1562
1304 1583
1304 1723
1304 1847
1304 1878
1305 1351
1305 1608
1305 1857
1306 1323
1308 1971
1309 1426
1309 1540
1309 1688
1309 1732
1311 1787
1311 1880
1311 1965
1312 1852
1312 1982
1313 1731
1313 1948
1315 1750
1316 1656
1317 1808
1319 1546
1319 1972
1321 1576
1321 1804
1324 1326
1324 1344
1324 1350
1325 1503
1326 1496
1330 1876
1331 1425
1332 1435
1333 1817
1334 1804
1336 1417
1336 1547
1336 1641
1337 1612
1338 1809
1339 1452
1340 1350
1340 1457
1340 1803
1340 1885
1340 1938
1342 1655
1343 1475
1343 1514
1343 1586
1344 1372
1344 1414
1344 1761
1344 1833
1345 1377
1346 1601
1347 1931
1348 1386
1348 1539
1348 1749
1349 1864
1351 1376
1351 1514
1351 1683
1352 1379
1352 1827
1353 1827
1354 1936
1356 1723
1356 1973
1357 1899
1358 1877
1358 1954
1359 1556
1359 1584
1359 1618
1359 1937
1360 1742
1361 1958
1362 1934
1362 1940
1363 1759
1365 1386
1365 1522
1367 1579
1368 1909
1370 1417
1370 1813
1371 1452
1371 1771
1371 1947
1372 1653
1373 1877
1374 1744
1375 1979
1376 1837
1376 1951
1377 1385
1377 1493
1378 1532
1379 1425
1379 1706
1379 1965
1381 1673
1382 1392
1382 1598
1382 1841
1382 1866
1383 1914
1384 1448
1384 1522
1384 1527
1384 1698
1387 1534
1390 1517
1390 1702
1390 1840
1391 1634
1394 1453
1394 1616
1395 1663
1396 1531
1396 1730
1396 1883
1396 1987
1398 1470
1398 1855
1399 1742
1399 1947
1400 1611
1401 1597
1402 1459
1402 1605
1402 1962
1404 1639
1404 1815
1405 1423
1405 1870
1406 1600
1406 1971
1409 1759
1410 1834
1411 1754
1411 1765
1412 1821
1412 1873
1413 1599
1413 1746
1413 1890
1414 1422
1414 1724
1415 1593
1417 1553
1417 1636
1417 1883
1419 1787
1419 1790
1419 1874
1421 1676
1421 1694
1422 1600
1422 1761
1422 1969
1423 1532
1424 1740
1426 1912
1427 1511
1428 1479
1430 1712
1433 1529
1433 1572
1433 1585
1434 1805
1434 1918
1434 1984
1437 1568
1438 1858
1438 1901
1439 1777
1440 1773
1441 1824
1442 1631
1442 1674
1442 1759
1445 1517
1445 1979
1446 1766
1448 1651
1448 1758
1449 1971
1450 1825
1452 1872
1452 1964
1454 1477
1454 1575
1454 1987
1455 1614
1455 1625
1456 1519
1456 1659
1457 1463
1459 1915
1459 1922
1459 1951
1460 1465
1460 1607
1460 1668
1460 1700
1460 1756
1460 1766
1460 1910
1461 1940
1463 1635
1464 1713
1465 1552
1465 1575
1465 1839
1466 1611
1469 1522
1469 1865
1471 1497
1471 1525
1471 1761
1471 1823
1474 1725
1475 1791
1476 1687
1478 1642
1478 1658
1478 1988
1479 1864
1479 1867
1480 1633
1480 1867
1481 1565
1482 1539
1483 1880
1485 1900
1486 1671
1486 1923
1488 1731
1489 1508
1489 1640
1489 1946
1490 1802
1490 1843
1490 1886
1492 1596
1493 1674
1494 1598
1495 1985
1495 1990
1496 1507
1496 1541
1496 1736
1497 1547
1498 1707
1499 1654
1500 1503
1500 1712
1501 1678
1501 1812
1502 1863
1504 1716
1505 1916
1506 1780
1507 1778
1512 1649
1513 1531
1513 1927
1513 1976
1514 1598
1514 1838
1515 1866
1515 1950
1516 1548
1516 1861
1517 1942
1519 1634
1520 1655
1520 1994
1522 1818
1524 1763
1529 1630
1529 1965
1532 1673
1536 1901
1537 1619
1537 1665
1538 1583
1538 1674
1538 1876
1538 1966
1539 1548
1539 1684
1539 1891
1540 1581
1540 1720
1540 1953
1542 1895
1544 1947
1545 1698
1546 1839
1546 1884
1547 1762
1548 1917
1553 1769
1554 1762
1556 1568
1557 1639
1558 1761
1558 1796
1562 1885
1565 1780
1566 1856
1567 1661
1567 1903
1570 1767
1570 1934
1573 1725
1576 1908
1578 1596
1578 1871
1580 1687
1581 1699
1581 1813
1582 1966
1582 1986
1584 1921
1585 1735
1591 1675
1591 1902
1592 1846
1592 1853
1593 1901
1594 1762
1597 1689
1597 1955
1598 1700
1602 1782
1603 1673
1603 1757
1604 1689
1604 1690
1604 1865
1606 1886
1607 1901
1607 1917
1608 1878
1610 1658
1611 1810
1613 1626
1616 1966
1618 1758
1618 1771
1619 1846
1621 1845
1622 1874
1623 1664
1623 1813
1624 1950
1625 1976
1628 1651
1629 1761
1635 1862
1637 1672
1637 1673
1638 1892
1639 1805
1640 1699
1642 1852
1645 1824
1645 1856
1646 1964
1647 1936
1649 1943
1650 1876
1652 1694
1652 1934
1652 1987
1653 1685
1653 1729
1653 1914
1654 1930
1655 1813
1656 1859
1657 1948
1662 1799
1662 1807
1662 1810
1663 1708
1663 1934
1665 1777
1665 1952
1668 1729
1670 1683
1671 1738
1671 1838
1672 1817
1676 1806
1679 1735
1679 1816
1679 1844
1680 1927
1681 1821
1682 1953
1683 1998
1685 1950
1685 1952
1686 1944
1687 1914
1688 1805
1688 1889
1690 1846
1693 1720
1701 1862
1702 1789
1702 1967
1703 1885
1706 1822
1706 1934
1707 1990
1714 1940
1714 1995
1716 1932
1718 1812
1718 1845
1720 1823
1722 1916
1725 1988
1726 1805
1726 1835
1730 1922
1732 1789
1734 1984
1736 1785
1738 1905
1739 1898
1743 1759
1743 1913
1745 1753
1745 1859
1745 1991
1747 1798
1747 1831
1751 1944
1751 1973
1753 1901
1754 1764
1756 1797
1756 1832
1757 1892
1759 1770
1759 1833
1759 1929
1762 1791
1775 1919
1777 1903
1781 1828
1782 1959
1787 1992
1791 1848
1794 1838
1797 1939
1802 1961
1803 1826
1803 1915
1805 1815
1805 1940
1805 1979
1807 1927
1810 1972
1811 1864
1811 1875
1811 1964
1814 1837
1815 1953
1821 1889
1821 1967
1822 1863
1825 1914
1826 1834
1830 1909
1835 1985
1845 1962
1849 1858
1857 1936
1860 1905
1863 1887
1863 1954
1871 1891
1874 1924
1875 1969
1881 1920
1881 1998
1886 1980
1888 1979
1892 1926
1894 1932
1898 1918
1913 1973
1938 1949
1953 1969
1974 1999
