0 4
0 47
0 70
0 71
0 90
1 4
1 8
1 29
1 59
1 92
2 3
2 30
3 24
3 53
3 124
4 12
4 38
4 43
4 124
5 39
5 46
5 116
6 24
6 103
7 84
7 109
8 72
8 77
8 93
8 110
8 124
10 40
10 89
11 13
12 23
12 29
12 38
12 67
12 84
12 90
12 120
13 19
13 26
13 62
14 44
14 72
14 121
16 33
16 50
16 69
16 76
16 107
16 111
17 90
17 107
18 31
18 38
18 41
18 68
18 89
18 99
19 77
19 102
20 31
20 83
20 84
20 93
20 117
21 103
21 105
22 54
22 55
22 82
22 84
22 98
22 101
23 112
24 35
24 43
24 51
24 77
24 88
24 105
25 48
25 64
25 83
25 102
25 120
26 44
26 61
26 90
26 97
26 101
27 49
27 101
27 117
28 58
29 43
29 62
29 67
29 70
29 82
29 96
30 63
30 100
30 102
30 112
30 114
31 49
31 55
31 69
32 61
32 78
32 89
32 104
32 106
33 52
33 76
33 109
33 124
34 52
34 76
34 92
34 108
35 117
36 55
36 70
36 103
38 41
38 65
38 106
38 121
39 42
39 55
39 67
40 110
41 97
41 113
42 56
42 105
43 123
44 50
44 92
44 97
44 115
44 124
46 80
46 91
47 66
47 77
47 92
48 72
48 79
48 103
48 115
49 116
50 59
50 117
51 53
51 59
52 90
53 58
53 71
53 74
53 96
53 119
55 116
56 81
56 105
57 96
60 87
60 95
61 91
63 73
63 82
64 117
65 81
65 98
66 71
66 92
66 98
66 114
67 75
67 98
68 76
68 97
70 81
71 89
71 90
73 80
73 99
73 108
73 121
74 107
74 110
75 77
76 79
79 118
81 110
82 107
82 111
83 93
84 100
84 114
84 121
85 97
85 107
85 109
85 115
87 99
87 102
88 122
89 94
89 110
90 91
91 116
92 114
93 103
95 99
98 114
100 124
101 120
101 122
108 115
108 123
111 115
112 117
117 123
120 122
