0 36
0 54
0 528
0 743
1 302
1 332
1 355
1 358
1 823
1 938
1 977
1 992
2 235
2 516
3 808
4 60
4 64
4 328
5 317
5 877
6 157
6 233
6 253
6 384
6 472
6 566
6 804
6 887
7 123
7 594
8 259
8 456
8 669
9 101
9 450
9 681
9 769
10 25
10 195
10 245
10 501
10 792
10 813
10 996
11 132
11 241
11 266
11 972
12 398
12 616
12 827
13 185
13 194
13 247
13 477
13 496
13 682
13 922
13 991
14 35
14 129
14 266
14 799
14 828
14 951
15 76
15 369
15 667
16 61
16 155
16 273
16 383
16 796
16 805
16 838
17 59
17 510
17 875
17 948
18 54
18 934
19 83
19 119
19 157
19 217
19 360
19 384
20 321
20 489
20 660
20 773
21 32
21 247
21 464
21 642
21 881
21 961
22 435
22 508
22 724
23 170
24 534
24 848
25 194
25 286
25 913
26 148
26 191
26 608
26 988
27 185
27 225
27 426
27 479
27 520
27 816
28 70
28 206
29 126
29 186
29 298
29 313
29 747
30 76
30 146
30 204
30 387
30 402
30 467
30 489
30 601
30 684
31 445
32 42
32 181
32 282
33 78
33 218
33 228
33 291
33 540
33 601
33 798
33 813
33 841
33 883
34 109
34 141
34 222
34 233
34 333
34 374
34 626
34 637
34 738
35 378
35 734
35 924
36 134
36 283
36 690
36 721
36 974
37 739
38 564
39 253
39 567
39 762
39 764
40 85
40 405
40 983
41 272
41 406
41 774
41 902
41 959
42 163
42 194
42 201
42 333
42 491
42 936
43 493
43 833
44 171
44 463
44 500
44 510
44 595
44 944
44 992
45 180
45 496
45 544
45 848
46 224
46 404
46 541
46 549
46 639
46 899
47 50
47 388
47 827
48 61
48 144
48 248
48 576
48 701
48 916
49 67
49 598
49 713
49 759
49 838
50 287
50 389
50 543
51 220
51 237
51 274
51 302
51 650
51 680
51 735
52 571
52 705
53 85
53 213
53 251
53 356
53 633
54 264
54 420
54 633
54 643
54 822
55 170
55 324
55 618
56 125
56 266
56 389
56 856
56 971
57 441
57 459
57 550
58 134
58 322
58 937
58 962
60 220
60 503
60 508
61 173
61 199
61 248
61 680
62 228
62 508
62 746
62 852
62 877
62 883
63 260
63 346
63 864
63 924
64 119
64 314
64 966
64 967
65 165
65 313
65 471
66 167
66 173
66 277
66 556
66 855
66 938
67 113
67 924
68 787
69 352
69 527
70 239
70 249
70 276
70 642
70 652
70 674
70 688
71 258
72 336
72 393
72 405
72 802
73 821
73 826
73 840
73 975
74 214
74 632
74 885
75 853
75 869
75 905
76 180
76 220
76 347
76 839
76 984
77 635
77 661
78 289
78 565
78 648
78 799
78 949
79 238
79 291
79 340
79 831
80 570
80 576
80 691
81 202
81 602
82 115
82 576
82 790
83 325
83 337
83 515
83 971
84 393
84 641
84 920
84 981
86 107
86 166
86 213
87 372
87 413
87 443
87 614
87 973
87 980
88 401
88 634
88 794
89 92
89 197
89 226
89 386
89 838
90 187
90 349
90 458
90 487
90 527
90 565
90 929
91 436
91 462
91 463
91 580
91 590
92 113
92 688
92 798
93 581
93 800
93 994
94 105
94 578
94 778
94 927
95 461
95 608
95 798
95 862
96 506
96 986
97 134
97 299
97 792
98 644
98 659
98 806
98 976
99 898
99 968
100 351
100 369
100 406
100 635
100 771
101 127
101 158
101 303
101 503
101 536
101 996
102 283
102 389
102 421
102 496
102 729
103 711
103 802
103 956
104 160
104 270
104 538
104 594
104 817
105 288
105 526
105 673
106 573
106 806
106 995
107 197
107 667
107 945
108 508
108 964
108 977
109 528
109 603
109 614
110 569
110 837
111 180
111 232
111 282
112 415
112 491
112 610
112 744
113 294
113 800
113 857
114 244
114 329
114 425
115 178
115 275
115 316
115 383
115 946
116 843
116 963
117 189
117 206
117 455
117 561
117 753
117 903
118 525
118 632
118 952
118 978
119 179
119 259
119 374
119 715
119 789
120 534
120 740
120 873
121 191
122 798
122 834
124 928
125 365
125 371
125 759
126 264
126 558
127 327
127 699
127 736
127 740
128 294
128 522
129 278
129 765
129 855
130 433
130 456
130 781
131 194
131 590
131 831
132 199
132 388
132 476
132 632
132 725
132 850
133 200
133 252
133 347
133 772
133 808
133 901
134 329
134 436
134 587
134 659
134 813
134 914
134 971
134 973
135 439
135 857
136 505
136 597
136 608
136 830
136 969
137 542
137 734
137 763
137 784
137 992
138 320
138 434
138 463
138 980
139 264
139 375
139 409
139 472
139 696
139 865
139 919
140 201
140 840
141 590
141 793
142 324
142 675
142 847
143 148
143 273
143 504
144 192
144 384
144 559
144 569
144 924
145 800
145 865
145 994
146 174
146 355
146 434
146 547
146 854
147 668
147 693
147 825
147 862
147 919
148 495
148 554
148 639
148 678
148 703
148 767
148 838
148 960
149 700
149 828
149 985
150 271
150 307
150 352
150 390
150 512
150 706
150 746
150 956
151 229
151 494
151 645
151 651
151 658
151 995
152 611
153 272
153 638
153 996
154 166
154 544
154 985
155 359
155 782
156 163
156 340
157 339
157 373
157 737
157 753
157 833
158 554
158 769
158 926
159 214
159 235
159 260
159 361
159 451
159 465
159 531
159 961
160 609
160 685
160 702
160 738
161 264
161 700
162 536
162 774
162 788
163 913
163 972
164 535
164 797
165 832
165 845
167 228
167 382
167 690
167 994
168 663
168 671
168 861
169 447
169 604
169 682
169 697
169 772
170 199
170 353
171 545
171 565
171 628
171 679
172 498
172 800
172 861
172 917
173 521
174 527
174 661
174 731
174 892
174 919
174 930
175 289
175 818
175 870
176 751
176 889
176 991
177 213
177 325
177 343
177 704
178 569
178 678
178 736
178 742
178 871
179 549
179 888
180 529
180 680
182 234
182 621
183 218
183 287
183 586
184 340
184 599
185 307
185 328
185 620
185 916
186 324
186 415
186 690
186 975
187 551
187 867
188 351
188 432
188 448
189 660
190 404
191 375
191 408
191 438
191 469
192 497
192 579
192 593
192 690
194 349
194 361
194 391
194 743
194 978
195 282
195 712
195 732
195 910
196 403
196 460
196 767
196 913
197 212
197 281
197 944
198 280
198 735
198 772
199 346
199 374
199 608
199 796
199 826
200 326
200 648
200 789
201 341
201 546
202 383
202 499
202 566
203 373
203 695
203 739
203 991
204 654
205 308
205 394
205 658
205 750
206 364
206 374
206 497
207 384
207 777
208 703
208 721
209 345
209 459
209 780
209 792
209 799
209 926
210 372
210 422
211 287
211 321
211 885
212 322
212 679
212 959
213 397
213 525
213 673
214 567
214 994
215 303
215 314
215 859
215 884
216 542
216 736
216 794
216 860
217 364
217 498
217 629
218 297
218 430
219 657
219 994
220 786
221 268
221 301
223 323
223 409
223 423
223 643
223 918
224 358
224 463
224 963
225 301
225 653
225 774
226 465
226 583
226 741
226 868
227 639
227 660
227 666
227 844
228 240
228 433
228 927
229 565
230 353
230 547
231 560
231 730
232 262
232 435
232 442
232 499
232 856
232 958
233 269
233 606
233 673
233 692
233 754
233 916
233 990
234 324
234 366
234 779
234 854
234 971
234 978
234 999
235 633
236 576
237 280
237 758
237 836
238 307
239 247
239 941
240 346
240 747
240 808
240 831
240 986
241 435
241 464
241 751
241 764
242 276
242 287
242 598
242 616
242 758
243 263
243 348
243 478
243 595
243 938
244 271
244 427
244 466
245 315
245 921
247 499
247 785
247 800
247 935
248 545
248 587
248 612
248 677
248 989
249 327
249 350
249 521
250 475
250 629
250 907
251 354
251 561
251 733
251 734
253 308
253 772
253 988
254 772
255 300
255 353
255 371
255 626
255 833
256 450
256 488
256 843
257 383
257 417
257 693
257 772
257 897
258 278
258 625
258 917
258 963
259 375
259 899
260 465
260 601
260 833
261 841
261 882
262 543
262 845
263 474
263 854
263 977
263 996
264 960
265 572
265 992
267 757
267 810
268 376
268 453
268 977
269 916
270 515
270 916
270 971
271 728
271 802
272 703
272 813
273 284
273 472
273 570
273 702
273 869
274 748
275 557
275 677
275 678
275 698
275 957
276 856
276 949
276 967
277 309
277 356
277 568
277 691
277 940
278 570
279 306
279 716
280 587
280 868
280 984
281 314
281 348
281 595
281 849
282 292
282 407
282 486
282 602
282 801
282 882
282 895
283 338
283 435
283 491
283 605
283 976
284 664
284 687
284 869
285 297
285 380
285 470
285 820
286 303
286 501
286 569
286 879
287 455
289 926
290 516
290 720
290 877
290 911
291 379
292 463
292 630
293 303
293 346
293 583
293 845
293 866
294 771
295 445
295 459
295 706
295 721
295 748
295 928
296 309
296 624
296 677
296 891
297 484
297 803
297 946
298 988
299 456
299 951
300 621
300 665
300 792
301 446
301 663
301 913
302 319
302 708
303 358
304 475
305 526
305 567
305 686
305 697
306 601
306 620
306 683
306 870
306 900
307 328
307 782
308 388
308 576
308 654
308 698
308 811
309 490
311 758
311 874
311 895
312 315
312 474
312 809
312 870
313 354
313 359
313 508
313 751
313 829
314 514
315 383
315 445
315 469
315 562
315 650
315 740
315 894
316 548
316 581
316 682
316 718
316 774
317 340
317 439
317 833
318 457
318 852
319 341
319 589
319 596
319 697
319 938
321 548
321 647
321 753
321 789
321 924
321 966
321 968
322 368
322 439
322 730
322 833
323 496
323 666
323 862
323 919
323 937
324 340
324 365
324 861
324 973
324 993
325 680
326 446
326 453
326 584
326 602
326 872
326 952
327 785
327 797
327 808
327 810
328 348
328 569
328 585
328 615
329 568
329 631
329 664
329 728
329 951
330 667
330 704
330 762
331 608
331 694
331 965
332 526
332 639
332 707
333 346
333 929
333 970
334 623
335 463
335 497
335 605
335 816
336 552
336 749
336 795
336 876
337 411
337 694
337 991
338 727
338 829
338 976
339 377
339 472
339 609
339 780
339 828
340 894
342 804
343 359
343 600
343 684
344 639
344 724
344 767
345 397
345 521
345 549
345 801
345 925
346 807
346 825
346 911
347 473
348 507
348 772
348 792
348 871
348 963
349 430
350 487
350 748
350 806
350 867
351 922
352 484
353 356
353 499
353 506
353 996
354 383
354 432
354 489
354 517
354 523
354 560
354 577
354 585
355 465
355 681
355 821
355 840
355 965
356 551
357 396
357 565
357 884
358 401
358 461
358 470
358 676
358 894
358 916
359 510
359 552
359 929
360 881
361 421
361 617
361 688
361 963
362 408
363 421
363 620
364 626
364 860
364 977
365 498
365 575
365 878
365 880
366 384
366 605
366 656
366 972
367 674
367 865
369 391
369 751
369 795
369 809
370 376
370 473
370 581
370 725
371 695
371 910
373 614
373 770
375 961
376 448
376 642
376 693
376 950
377 427
377 493
377 513
377 518
377 557
377 690
377 856
378 404
378 482
378 590
378 663
378 840
378 876
378 924
379 917
380 498
380 591
381 397
381 511
381 575
382 570
383 981
384 537
385 733
385 791
385 911
386 391
386 677
386 705
386 929
387 496
387 963
388 458
389 407
389 930
389 963
390 615
391 568
391 918
392 399
393 688
393 892
395 587
395 705
395 752
396 440
396 681
396 888
396 984
397 495
397 670
397 734
397 808
398 679
398 700
399 540
399 918
400 539
400 758
401 422
401 817
403 478
403 813
403 971
404 546
404 934
406 431
406 648
407 453
407 460
408 511
408 520
408 801
409 658
409 672
409 727
409 729
409 814
410 488
410 600
410 636
410 706
411 613
411 815
412 498
412 738
412 985
413 483
413 489
413 719
413 804
413 989
414 575
415 498
415 620
416 474
416 563
416 976
417 880
418 637
419 565
419 593
421 507
421 614
422 437
422 747
422 972
423 527
423 649
424 783
425 859
426 540
426 678
426 715
426 810
426 924
427 715
427 741
427 882
428 832
428 995
429 432
429 450
429 554
429 565
430 821
430 839
430 844
431 855
431 856
432 688
432 848
432 896
433 690
433 693
433 943
434 634
434 636
435 625
435 893
436 535
436 702
436 998
437 562
437 734
437 738
437 845
440 721
440 738
441 924
441 937
442 473
442 494
442 610
442 808
442 842
445 513
445 815
446 550
446 764
446 866
446 987
447 502
447 887
448 640
450 500
450 657
450 811
452 740
453 834
453 978
454 459
454 510
454 583
454 925
455 599
455 670
455 756
455 810
456 483
456 705
456 802
457 800
457 805
457 891
457 906
458 766
458 860
459 470
460 753
460 865
463 671
464 543
464 774
464 781
464 849
465 518
465 542
466 750
466 971
467 725
467 864
468 539
468 730
469 706
469 858
470 873
471 482
471 670
472 774
472 905
473 483
474 533
474 680
475 505
475 688
476 844
476 965
477 509
478 572
478 633
478 670
478 677
478 831
478 905
479 515
479 621
479 657
479 882
481 596
481 811
482 746
482 900
482 919
482 927
484 728
484 831
484 987
485 625
485 702
487 543
487 916
488 547
488 626
488 928
489 850
489 859
489 910
490 493
490 639
490 644
490 645
490 659
490 711
491 646
491 714
491 935
493 770
493 809
494 625
495 549
495 795
495 820
496 506
496 793
497 534
497 580
497 591
500 651
500 718
500 868
500 873
500 940
501 941
502 661
502 864
502 912
502 922
502 982
504 678
504 757
504 863
504 883
504 953
504 977
504 985
505 626
505 939
506 632
506 639
506 957
507 778
508 563
508 647
509 587
509 788
509 945
510 697
510 744
510 753
510 760
510 915
511 576
511 814
513 814
513 901
514 658
514 671
514 958
517 597
517 790
518 526
519 796
519 809
521 542
521 792
522 953
524 736
526 605
526 730
527 646
527 812
528 888
529 610
529 970
530 547
530 582
530 623
530 982
531 824
531 927
531 992
532 604
533 662
533 793
534 627
534 704
534 857
534 901
536 929
537 664
537 860
538 550
538 919
538 925
539 622
539 701
539 884
540 928
540 930
541 862
541 865
541 871
542 771
542 898
542 958
543 644
543 834
544 637
544 727
544 905
544 989
546 948
546 998
547 800
547 892
549 581
550 719
551 582
551 847
551 890
552 736
552 790
553 839
554 897
554 929
554 948
556 814
557 824
558 754
558 967
560 946
561 801
561 805
562 569
562 605
562 651
563 684
563 720
563 862
564 783
564 951
565 713
566 783
568 891
569 865
569 960
571 928
572 605
572 673
572 990
572 995
573 750
574 696
575 907
576 722
576 731
576 953
578 603
578 634
578 672
578 723
579 632
579 785
580 894
580 924
580 982
581 604
581 703
582 684
582 917
582 925
582 946
584 790
584 879
585 691
586 706
588 713
588 717
588 973
589 592
590 712
591 629
591 665
591 775
591 844
591 864
592 723
593 709
594 997
595 915
597 997
598 709
598 877
598 962
599 875
600 725
600 953
601 743
601 913
602 888
604 814
604 853
604 902
607 850
608 720
608 917
609 617
609 883
610 716
610 770
611 786
611 834
612 809
613 670
613 682
613 703
613 861
613 879
613 962
614 976
615 672
615 695
615 832
616 699
616 791
616 910
616 914
617 650
617 706
617 801
618 645
618 703
619 687
619 830
620 716
620 737
620 991
621 773
621 897
621 935
622 725
623 624
623 652
623 711
623 764
623 903
623 960
624 667
625 695
625 761
625 945
627 644
628 781
628 896
628 940
630 923
631 774
631 873
633 668
633 848
634 635
634 781
635 692
636 716
636 868
640 774
641 773
642 679
642 701
642 713
644 653
644 927
645 773
645 867
646 789
648 918
649 860
650 845
651 843
653 817
653 932
655 814
656 802
656 875
657 678
658 772
658 832
658 893
658 952
659 799
661 856
661 939
661 952
662 826
662 892
663 817
663 961
664 736
664 808
666 765
667 687
667 896
667 898
668 988
669 723
671 863
672 759
673 864
675 720
675 804
676 807
676 936
679 952
680 821
680 828
680 854
680 995
685 765
687 832
690 853
692 744
692 819
693 815
694 870
695 715
695 716
695 819
695 896
696 735
696 822
696 994
697 828
697 863
697 920
698 924
700 846
704 915
706 898
706 971
707 952
708 758
708 789
709 743
709 760
709 949
710 794
710 802
711 801
711 963
713 807
714 721
714 837
715 793
716 838
717 910
718 738
719 780
721 766
722 770
722 859
722 915
722 971
723 742
723 912
723 930
724 736
724 988
725 732
726 737
727 930
728 936
728 963
732 947
732 964
733 951
734 917
734 992
737 804
737 892
737 938
738 813
739 755
740 991
741 908
743 948
744 853
744 863
752 938
753 879
754 778
754 878
756 836
756 977
758 894
759 772
760 913
761 943
762 800
762 921
762 924
762 964
763 970
764 812
765 796
767 788
767 921
769 796
770 815
771 925
772 976
773 921
776 826
776 998
778 913
778 989
780 882
781 813
781 836
781 934
782 808
784 872
784 965
788 836
789 966
790 816
790 853
791 986
794 795
795 806
795 955
801 879
803 958
805 836
809 819
809 834
810 823
810 871
812 842
813 929
817 866
819 849
821 839
822 868
822 964
823 883
823 918
823 989
824 962
827 873
828 990
832 963
833 980
834 844
836 853
837 843
840 931
840 999
841 977
843 970
845 892
851 918
855 987
858 957
859 888
859 954
861 896
861 992
864 901
866 896
867 875
869 888
869 891
869 971
872 936
875 905
875 936
882 957
887 912
887 919
887 954
893 971
900 989
901 950
901 991
906 941
907 987
908 963
912 935
916 918
917 976
918 959
928 958
939 968
949 998
955 974
960 967
974 995
979 980
981 997
