0 770
0 804
0 2505
1 2379
1 3221
3 33
3 721
3 3285
3 3624
4 2340
4 3748
5 479
5 1302
5 1456
5 1555
5 1588
5 2539
6 840
6 898
7 1498
7 2713
7 3089
8 273
8 1767
8 1979
8 2278
8 2571
8 3137
9 808
9 1799
10 930
10 1899
10 2881
10 3455
11 3501
12 598
12 1636
12 2172
12 2272
12 2390
12 2400
12 2412
13 850
13 1577
13 2039
13 2597
14 2058
14 2333
14 2347
14 3039
14 3420
15 909
15 913
15 1116
15 2332
15 2584
15 3943
15 3960
16 20
16 1649
16 2165
16 2945
16 3361
16 3933
17 780
17 1238
17 1457
17 1758
18 2246
18 3744
19 2301
19 2396
19 2998
20 637
20 1406
20 1570
20 2277
20 3062
21 799
21 2068
22 122
22 553
22 2715
22 3318
23 2360
24 96
24 277
24 1833
24 3352
24 3504
25 219
25 1240
25 1516
25 2748
25 3021
26 332
26 2050
27 508
27 1855
27 2062
27 2100
27 2359
28 159
28 214
28 805
28 1151
28 2081
28 2605
28 3579
28 3678
29 2815
30 85
30 1352
30 1804
30 2130
31 361
31 1424
31 2048
31 3138
31 3392
31 3899
32 787
32 932
32 2364
33 381
33 1747
33 1779
33 3060
33 3503
34 1146
34 3805
34 3965
35 1872
35 3432
35 3575
35 3835
36 1443
36 2263
36 3014
36 3916
36 3991
37 541
37 597
37 1029
37 2417
38 423
38 469
38 3628
39 262
39 1864
39 2016
40 291
40 1168
40 1260
40 1646
41 211
41 829
41 1427
41 2147
41 2495
41 3307
42 176
42 1185
42 2378
42 2743
42 3566
43 1051
43 1084
43 3033
43 3106
43 3157
43 3458
43 3479
43 3686
44 565
44 2390
45 1693
45 1907
45 2132
45 2704
45 3425
45 3561
46 135
46 1805
46 2269
46 2470
46 2547
46 2903
46 3115
47 353
47 655
47 816
47 3157
48 1071
48 3548
49 2183
49 2581
49 3160
49 3867
50 1696
50 1762
51 1958
52 189
52 573
52 1020
52 1509
52 2075
52 2983
52 3257
52 3905
53 1206
53 1249
54 1338
54 2561
54 3902
55 2037
55 3766
56 681
56 3267
56 3775
57 871
57 2091
58 148
58 189
58 511
58 1329
58 1668
58 2079
58 2214
58 2635
58 3274
58 3423
58 3510
58 3598
59 92
59 1772
59 2500
59 2916
59 3160
60 2041
60 3326
60 3528
60 3719
60 3913
61 1162
61 1858
61 2164
61 2779
62 835
62 1620
62 2016
62 2405
62 2757
62 2877
62 2936
62 3523
63 1949
63 1950
63 2089
64 793
64 1369
64 3502
65 2859
65 2987
65 3610
66 3136
66 3655
67 91
68 172
68 288
68 457
68 939
69 309
70 1957
70 2039
70 2129
70 2504
70 3145
71 1989
71 2423
71 2577
71 3183
72 384
72 1584
72 2196
72 2343
72 2703
72 2775
72 3899
73 690
73 755
73 1166
73 1904
73 2060
73 3305
73 3774
74 293
74 380
74 983
74 1547
74 1858
74 2052
74 3395
74 3418
74 3519
74 3692
75 1164
75 3374
76 914
76 1093
76 1769
76 1883
76 2309
76 2551
76 2616
76 2747
76 3043
76 3751
77 2522
77 2576
77 2820
77 3182
77 3245
77 3585
78 178
78 2215
78 2684
78 3211
78 3441
78 3443
79 566
79 3361
80 187
80 251
80 2435
80 3136
80 3727
80 3843
81 866
82 843
82 1747
82 3576
82 3591
83 193
83 1482
83 1748
83 2725
83 3141
84 466
84 1435
85 775
85 3232
86 1084
86 1629
86 1744
86 2156
86 3217
87 673
87 980
87 1013
87 1282
87 1713
87 2364
87 2881
88 314
88 1479
89 303
89 1095
89 1446
89 1849
89 3371
89 3975
90 413
90 698
90 1623
91 941
91 1277
91 1946
91 2430
92 229
92 632
92 3068
92 3139
93 1220
93 1671
93 1701
94 208
94 1390
94 2128
94 3424
95 308
95 454
95 686
95 1828
95 3691
95 3987
96 491
96 2657
96 2874
96 3231
97 1019
97 3330
97 3807
97 3882
98 972
98 1736
98 2486
99 889
99 1133
99 1878
100 3182
100 3753
101 1074
101 2262
101 2732
101 3568
102 1933
102 2766
102 3286
103 388
103 2011
103 2993
103 3375
103 3467
104 1441
104 3380
105 1437
105 3150
105 3518
105 3802
106 154
106 449
106 2150
106 2545
106 3666
107 237
107 906
107 1182
107 1363
107 1823
107 3041
107 3636
107 3664
108 595
108 1712
108 2833
108 2990
108 2997
109 364
109 408
109 1101
109 1466
109 3046
109 3381
109 3806
110 686
110 900
110 2691
111 883
111 2775
111 3257
111 3958
112 168
112 210
112 460
112 1041
112 1421
112 2158
113 920
113 1593
113 2184
113 3589
113 3964
114 977
114 2426
114 2831
115 1434
115 3500
116 472
116 727
116 1090
116 3937
117 3222
117 3305
118 1025
118 1160
118 1226
118 2736
118 2757
119 1087
119 1426
119 1701
119 1830
119 3273
119 3964
120 949
120 2338
120 2656
120 2992
120 3182
120 3309
121 503
121 1009
121 1821
121 3271
121 3613
122 307
122 1641
122 2428
122 3660
123 186
123 1469
123 2863
123 3204
124 642
124 1613
124 1632
124 1795
125 472
125 3618
126 488
127 184
127 358
127 1053
127 1150
127 3013
128 287
128 3156
128 3612
128 3805
129 1379
129 1644
129 3206
129 3729
130 1913
131 701
131 2982
132 783
132 2772
133 213
133 309
133 1737
133 1850
133 2661
133 2700
133 3535
134 337
134 851
134 1427
134 3343
134 3691
134 3701
135 1468
135 1687
135 2690
136 395
136 2519
136 2520
136 2586
136 3451
137 1260
137 1756
137 2668
137 2742
137 3673
138 580
138 1572
138 1939
138 2283
138 3223
139 202
139 1181
139 2502
140 811
140 919
140 2548
140 2553
140 3527
141 863
141 1107
141 1142
141 1415
141 3625
141 3782
142 1969
143 3275
144 3884
145 331
145 1603
145 1922
145 2915
145 3601
145 3610
146 193
146 411
146 1014
146 1469
146 2106
146 2428
146 2520
146 2795
147 1729
147 3755
148 2043
148 2159
148 3474
148 3585
149 1515
149 1702
149 2719
149 3020
150 1281
150 1583
150 1751
150 1862
150 2117
150 2791
150 3274
150 3308
151 1074
151 2050
151 3766
151 3832
151 3888
152 1042
152 2174
152 2536
152 2867
152 3090
152 3093
153 893
153 3811
154 1180
154 1642
154 2114
155 762
156 500
156 1394
156 2318
157 204
157 941
157 2018
157 2201
157 2296
157 3380
157 3523
158 882
158 1111
158 2791
158 3418
159 1244
160 777
160 1841
160 1848
161 326
161 2822
161 3160
162 217
162 3106
162 3815
163 566
163 1082
163 3096
164 611
164 1225
164 2575
164 2655
164 2665
164 2708
164 2788
164 3825
165 190
165 2156
166 847
166 1833
166 3995
167 486
167 861
167 1450
167 2848
168 207
168 556
168 1781
168 2849
168 3574
169 1917
169 2286
169 2596
169 2638
170 1949
170 1974
171 2067
171 3174
171 3593
172 422
172 827
172 2218
172 2594
172 2641
172 3667
173 668
173 1635
173 1717
173 2655
173 3371
173 3901
174 307
174 1000
174 2413
174 3121
175 648
175 1050
175 2987
175 3242
176 669
176 2686
176 3822
177 858
177 2171
177 2251
177 3955
178 737
178 999
178 1407
178 1788
178 1949
178 3550
179 1164
179 1263
179 2136
179 3785
180 1223
180 3278
180 3472
181 1307
181 2243
181 2775
182 333
182 915
182 2133
182 2768
183 2418
183 3280
183 3920
184 330
184 2179
184 2262
184 2334
184 2374
184 2494
184 2975
184 3000
184 3829
185 1165
185 2478
185 2539
185 3043
186 615
186 805
186 1296
186 2562
187 484
187 664
187 1206
187 2059
187 2642
187 2924
187 2933
187 3489
188 1466
188 1663
189 499
189 615
189 1417
189 3661
190 1248
191 1029
191 2188
191 2967
191 3071
192 937
192 2118
192 2599
193 1810
194 520
194 2585
194 3448
195 592
195 1325
195 1488
196 718
196 1121
196 1232
196 3132
196 3212
196 3474
197 210
197 1520
197 2897
199 764
199 1780
199 3764
199 3815
200 508
200 877
200 1117
200 1829
200 2968
200 3129
200 3886
200 3947
201 1769
201 1983
201 2782
202 2393
202 3597
202 3638
203 526
203 696
203 1086
203 1749
203 1971
203 3124
203 3272
204 836
204 1756
204 2607
204 3350
205 1095
205 1519
205 3392
206 1299
206 1918
206 2080
207 973
207 1183
207 2076
207 2094
207 3237
207 3941
208 1009
208 3736
209 291
209 983
209 1498
209 1808
209 3692
209 3935
210 497
210 1096
210 1598
210 1812
210 3272
211 530
211 2596
211 3137
211 3788
211 3864
212 259
212 1028
212 1691
212 2256
212 3269
212 3418
213 1671
213 2258
213 2275
213 2593
213 3185
213 3250
213 3565
214 1841
214 2639
214 2956
214 3645
214 3937
215 540
215 559
215 2911
216 653
216 1217
217 2066
217 2930
217 3212
217 3619
217 3750
218 745
218 2553
218 3174
218 3389
218 3937
219 994
219 2428
219 2887
219 3548
219 3604
220 390
220 465
220 919
220 1066
220 1150
220 1287
220 1767
220 2151
220 2922
220 3916
221 926
221 2786
221 3865
222 705
222 914
222 1041
222 2534
222 2786
222 3135
222 3662
222 3934
223 440
223 1134
223 1624
223 2222
224 1207
224 1769
224 2431
224 2601
224 3129
225 1031
225 1642
225 1651
225 1826
225 2189
226 1682
226 1798
226 1992
227 1742
227 3317
227 3666
227 3689
228 505
228 1460
228 1840
228 2593
228 2694
228 2953
228 3390
228 3424
229 547
229 1695
229 3461
229 3520
229 3861
230 544
230 2381
231 1957
231 2563
231 2580
231 3330
231 3785
232 527
232 1184
232 2116
232 3932
233 538
233 910
233 1807
233 1948
233 2046
233 2177
234 1727
234 3758
234 3782
235 935
235 1175
235 1829
235 3755
236 594
236 1064
237 1040
237 1918
237 2557
238 727
238 837
239 759
239 867
239 2078
239 2154
239 3332
239 3380
240 3744
241 1095
241 2171
241 3392
242 1180
242 1330
242 2274
242 3646
243 1965
243 2040
243 2316
243 3371
244 373
244 1815
244 1913
244 2812
245 295
245 1101
245 3520
246 765
246 981
246 1902
246 2896
246 3309
246 3873
246 3949
247 950
247 2258
247 2416
247 2560
247 2895
247 3199
247 3304
248 1193
248 1230
248 1653
248 1883
248 3540
249 337
249 628
249 1982
249 3999
250 481
250 898
250 2183
250 2760
250 3656
251 598
251 667
251 969
251 1469
253 794
253 1962
253 2356
253 2606
254 1450
254 2317
254 3409
254 3543
255 444
255 2089
255 3635
256 1021
256 1373
256 2786
256 3608
256 3670
257 798
257 1974
258 529
259 734
259 1516
259 1816
259 2881
259 3794
260 571
260 1545
260 1597
260 2374
260 2376
261 1844
261 3956
262 320
262 997
262 1146
262 1975
262 2273
262 2559
262 2993
263 3567
264 507
264 2194
264 3972
265 1821
265 3356
265 3393
266 1798
266 2226
266 2618
266 3674
267 556
267 1082
267 1298
267 1463
267 2693
267 2815
267 3414
268 554
268 2129
268 2435
268 2747
268 3163
268 3481
268 3743
269 1017
269 1285
269 3991
270 1132
270 1748
270 1993
270 2580
271 669
271 1043
271 2314
271 2654
271 3850
272 1210
272 1290
273 1723
273 2214
274 310
274 2669
275 589
275 1383
275 1950
275 2766
275 3233
276 670
276 1054
276 1508
277 2456
279 381
279 2058
279 3248
279 3728
280 670
280 1213
280 2591
280 3237
280 3521
281 1444
281 1673
281 2036
281 2253
281 2344
281 3173
282 479
282 534
282 640
282 2183
283 711
283 1701
283 3409
283 3499
284 1011
284 1109
284 1520
284 1875
284 2766
284 2937
284 3043
285 307
285 1378
285 1970
285 2979
285 3289
286 627
286 974
286 2294
286 2703
287 3451
288 404
288 1167
288 1472
288 2453
288 2588
288 2729
288 3867
289 1189
290 760
290 812
290 992
290 1226
290 2439
290 2715
290 3412
291 1871
292 955
292 1466
292 2599
293 439
293 3004
294 1005
294 1296
295 362
295 558
295 1438
295 1750
295 1876
295 2065
295 2709
295 3715
296 447
296 621
296 1551
296 2339
297 1663
297 2110
297 2282
297 2779
297 3155
298 457
298 719
298 1388
298 2056
298 3341
298 3583
298 3784
299 1992
299 3779
300 1121
300 1628
300 2594
300 2991
300 3238
300 3462
301 480
301 2428
301 2605
301 2684
301 2934
301 3087
301 3288
301 3794
302 1232
302 1479
302 1612
302 2446
302 3038
303 1777
303 2157
303 2826
303 3961
304 782
304 2593
305 596
305 603
305 1822
306 1304
306 1631
306 1686
306 1904
306 2209
307 3851
307 3857
308 941
308 1978
309 1097
309 1747
309 2643
310 1244
310 1262
310 1752
310 1853
310 3404
311 2610
313 587
313 2620
313 2968
314 398
314 2712
314 2811
314 3318
315 776
315 1805
315 3204
315 3784
316 483
316 728
316 2460
316 3900
317 1625
317 1670
317 2140
317 3464
318 512
318 1388
318 1790
318 3861
319 1796
319 2063
319 2861
320 1814
320 2304
320 3184
321 1200
321 1792
322 1042
322 1640
322 1801
323 806
323 818
324 3293
325 2948
325 2951
325 2973
325 3441
326 421
326 973
326 976
326 1286
326 2859
326 3235
327 2111
327 3613
327 3770
328 1004
328 2138
328 3803
328 3915
329 631
329 702
329 2271
330 3185
331 1846
331 2683
332 496
332 1040
332 2174
332 2817
332 3405
334 3214
335 1772
336 838
336 1002
336 2051
336 3309
336 3879
337 884
337 1081
337 2106
337 2403
338 1538
339 545
339 2652
339 2771
340 1679
340 1946
340 3525
340 3613
340 3954
341 570
341 1267
341 1969
342 501
342 1427
342 3022
342 3501
342 3790
343 556
343 1821
343 2433
343 3185
343 3242
343 3854
343 3896
344 440
344 3461
345 759
345 1030
345 1283
345 1567
345 1824
345 2074
345 3530
346 805
346 1028
346 1792
346 2692
346 2821
346 3636
347 476
347 3987
348 1101
348 2187
348 2356
349 445
349 1187
349 2637
350 1302
350 1314
350 1337
350 2815
350 3844
350 3964
351 435
351 1029
351 1953
352 413
352 716
352 734
352 1271
352 2514
352 2826
353 887
353 3194
353 3509
354 726
354 1216
354 1655
354 1777
354 2289
354 3554
355 452
355 717
355 1717
355 2380
356 2528
357 1969
357 2419
357 3975
358 3286
359 3308
360 1324
360 2048
361 660
361 895
361 1820
361 2109
362 2180
363 966
363 1704
364 1819
364 2372
364 3416
364 3610
365 1373
365 1700
365 2014
365 2082
365 2106
365 2945
365 2984
365 3832
366 1312
366 1771
366 2943
366 3354
367 568
367 810
367 2444
367 2864
367 3791
368 1544
368 1980
368 1998
369 876
369 1145
369 1151
369 1869
369 1907
369 2359
369 3986
370 1955
370 3203
370 3650
370 3851
371 529
371 796
371 1790
371 1820
371 2519
371 2939
371 3613
371 3735
372 599
372 1015
372 1641
372 2435
372 3604
373 2541
373 2657
373 3364
374 1437
374 2325
374 3431
374 3928
375 419
375 1358
375 1541
375 1547
375 3757
377 2304
377 3505
377 3828
377 3871
377 3966
378 2039
378 3599
378 3715
378 3876
379 551
379 608
379 1016
379 1041
379 2970
380 457
380 1942
380 2871
381 1293
382 750
382 797
382 1797
382 2529
382 3037
382 3290
382 3349
382 3827
383 1464
383 1550
383 2692
383 3596
384 528
384 1403
384 1641
384 1708
384 3799
385 3583
386 1637
386 3751
386 3958
387 1060
387 2145
387 2292
387 3731
388 1531
388 1595
389 1763
389 2341
389 2712
390 609
390 2634
390 2669
391 978
391 1234
391 1873
391 2614
391 3097
391 3313
391 3953
392 2282
392 2768
392 3118
393 1543
393 2020
394 556
394 1297
394 2265
394 3689
395 745
395 1797
395 1908
395 2514
395 3153
395 3505
396 1107
396 1322
396 1939
396 2630
396 2931
396 3317
397 660
398 845
398 1130
398 2300
398 3166
398 3469
398 3761
399 495
399 1277
399 2559
400 860
400 1139
400 2472
400 3313
400 3662
401 451
401 2441
401 3712
402 1134
402 1135
402 1465
402 1771
402 1906
402 2683
402 3574
403 427
403 439
403 1836
403 2095
403 3489
404 1779
404 1916
404 2367
404 2691
405 3418
406 2024
406 2523
407 1407
407 1704
407 2494
407 3391
408 810
408 1302
408 1513
408 2967
408 3434
408 3572
409 475
409 1515
409 1578
409 2718
409 3046
410 793
410 2618
410 2726
410 3284
411 1524
411 2229
412 950
412 1489
412 3720
412 3938
413 1078
413 2120
413 2886
413 3874
414 492
414 802
414 838
414 1766
414 3934
415 957
415 1303
415 2068
415 2669
415 3450
415 3785
416 508
416 912
416 3687
417 1007
417 1809
417 2456
417 3387
417 3983
418 428
418 1769
418 3669
419 1559
419 2407
419 3530
420 949
420 2714
420 3033
420 3092
420 3164
421 3573
421 3798
422 2672
422 2759
422 3783
422 3801
423 737
423 1518
423 1954
423 2594
424 1105
425 491
425 1944
425 2505
425 3866
426 1659
426 2545
426 2849
426 2996
426 3903
426 3980
427 675
427 1160
427 2803
427 3515
427 3757
428 461
428 806
428 1084
428 1564
428 1637
428 2489
428 2637
428 3909
429 1100
429 1799
429 2023
430 1203
430 1642
430 1901
430 2461
430 2492
430 3199
431 539
431 866
431 1817
431 2166
431 2686
432 2968
432 3084
432 3198
433 2576
433 2586
433 3257
434 644
434 1567
434 3801
435 3740
436 538
436 1133
436 2011
436 2257
436 3704
437 2764
437 3469
438 3012
438 3509
439 862
439 1726
439 2521
439 2539
439 2675
440 1221
440 3674
441 1237
441 1529
441 1867
441 2970
441 3635
442 546
442 582
442 996
442 1667
443 603
443 654
443 1370
443 2710
444 3088
444 3462
445 913
445 2465
445 2563
445 3597
446 1118
446 1803
446 2116
446 2925
446 3436
446 3925
447 624
447 790
447 919
447 1051
447 1115
447 2191
447 3213
447 3243
447 3811
448 1378
448 1732
448 2340
448 2812
448 3171
448 3954
449 2206
449 2301
449 2546
450 3131
450 3472
451 553
451 1910
451 2726
451 3367
451 3855
452 837
452 856
453 1712
453 3557
454 1599
454 3059
454 3653
455 732
455 2173
455 2602
456 2014
456 2766
456 3362
457 820
457 2570
457 2860
457 3490
458 509
458 2715
458 3130
459 754
461 1214
461 2091
461 2334
461 2767
461 2809
461 3715
462 1390
462 1421
462 2453
462 2480
462 3064
463 768
463 1143
463 1847
463 2144
464 2340
465 538
465 1972
465 3053
466 1467
467 590
467 702
467 2118
468 495
468 1145
468 2062
468 2976
468 3085
469 591
469 2664
469 2976
469 3219
469 3261
470 672
470 1643
470 2224
470 3044
470 3651
471 1944
471 3238
471 3524
471 3745
471 3944
472 1222
472 1681
472 1944
472 3181
472 3484
473 528
473 586
473 1824
474 544
474 3769
475 1099
475 1132
475 1693
475 2415
475 3140
476 2850
477 1133
477 1308
477 3414
478 485
478 890
478 1817
478 2194
478 2598
478 3279
478 3407
479 702
479 1371
479 3216
480 1110
480 1421
480 3051
480 3658
480 3932
481 687
481 3318
481 3452
481 3526
482 1014
482 1581
482 2142
482 2562
483 1674
483 2293
483 2318
483 2502
483 2642
483 2667
484 507
484 746
484 2003
485 1967
485 2680
485 3237
486 1926
486 2524
487 2596
487 3533
488 1239
488 2789
489 2406
489 3438
490 3039
490 3859
491 532
491 1025
491 1221
491 2440
492 1061
492 1408
492 2208
492 2255
492 3437
494 1785
494 2039
494 2949
495 719
495 1530
495 1643
495 1646
495 2851
495 3023
496 658
496 1383
496 1724
496 2482
497 2530
497 2779
497 2840
498 1546
498 1645
498 1852
498 2437
499 3396
500 1195
500 3119
501 1856
501 2561
501 3477
502 524
502 941
502 2408
502 2474
502 2697
502 3845
503 1158
503 2066
503 2159
503 3301
504 1890
504 2093
504 2402
505 1700
505 2178
505 2622
505 3553
506 3155
506 3989
507 1263
507 2040
508 2334
508 2474
508 3051
508 3325
508 3756
509 2080
509 2229
509 2576
509 3620
509 3707
509 3864
510 592
510 1187
510 1285
510 1317
511 2520
511 3987
512 513
512 2749
512 3816
513 1320
514 887
514 946
514 2311
514 3179
515 2089
515 2994
516 1568
516 2971
516 3343
517 1788
517 3580
518 1137
518 1523
518 2874
518 3423
518 3654
519 641
519 2962
521 633
521 1535
521 2906
521 3275
522 580
522 1301
522 2541
522 3570
523 1025
523 1329
523 2064
524 1153
524 1416
524 2462
524 3113
524 3251
524 3514
525 1571
525 1711
525 1943
525 3864
526 1271
526 1682
526 2261
526 3537
527 3908
528 1761
528 1868
528 2650
528 2743
528 2884
528 3177
528 3442
529 607
529 3439
529 3813
530 832
530 2300
530 2785
530 3963
532 947
532 1497
532 1903
532 2067
532 3211
532 3735
532 3903
533 567
533 2413
534 2674
535 2315
535 2820
535 3176
536 867
536 1125
536 2307
536 3679
537 866
537 2178
537 3412
538 1069
538 1800
539 2448
539 3235
539 3926
539 3950
540 1562
540 2203
540 2824
540 3606
541 802
541 1680
541 2080
541 2210
541 3777
542 1137
542 1381
542 2497
543 1410
543 2529
543 2632
543 3288
543 3424
544 552
544 767
544 2454
544 3376
545 2488
545 2791
546 800
546 2003
546 2016
546 2941
546 3685
547 698
547 960
547 1067
547 1627
547 2008
547 3123
548 1236
548 1942
549 2118
549 2398
549 2652
549 2993
549 3343
549 3408
550 914
550 1120
550 2745
550 2888
551 672
551 1915
552 1168
552 1709
552 2732
552 3310
553 2248
553 3874
554 583
554 1366
554 1372
554 1774
554 2939
556 581
556 1870
556 1914
556 3325
557 1660
557 2534
558 1479
558 2796
559 698
559 805
559 1048
559 1502
559 1717
559 2210
559 2926
559 3126
560 1290
561 814
561 844
561 1772
561 2582
561 3593
562 692
562 3378
563 1185
563 2005
563 3568
565 2163
565 3142
565 3672
566 1170
566 1706
566 2253
567 648
567 3692
568 1310
568 1931
568 1966
568 2261
568 2310
568 2859
568 2889
569 1628
569 2508
571 1230
571 2927
572 2751
572 2949
573 1746
573 1812
573 2790
573 3364
574 1371
574 3312
574 3365
574 3460
575 1260
575 1356
575 2071
575 2468
575 3059
576 1653
576 2152
576 2377
577 1066
579 953
579 1082
579 1506
579 2548
579 2827
580 1957
580 2277
580 3048
581 2973
581 3254
582 922
582 2064
583 2116
583 2689
584 1218
584 1687
585 1568
585 2315
586 1859
586 2009
586 2775
587 1824
587 2172
587 2948
588 2305
588 3200
588 3309
589 1819
589 2451
589 2617
589 2955
589 3118
589 3418
590 1717
590 1956
590 2030
590 3646
590 3676
591 1340
592 614
592 2014
592 2175
592 2385
593 1791
593 1792
594 3062
594 3170
594 3345
594 3405
595 776
595 914
595 968
595 1669
595 3363
595 3459
596 993
596 2984
596 3472
596 3660
596 3982
597 622
597 1471
597 1935
597 2852
597 2891
598 1089
598 1395
598 1589
598 1596
598 2429
598 3017
599 854
599 2668
599 2869
599 3772
600 725
600 3008
600 3123
600 3914
601 1358
601 2678
601 2947
601 3185
601 3824
602 1325
602 2142
602 3356
602 3421
602 3916
603 1012
603 1595
603 2528
603 2609
603 3132
604 1829
604 2276
604 3811
605 2131
605 2856
605 3624
606 2055
606 3913
607 681
607 2066
608 1037
608 3587
608 3989
609 1285
609 1363
609 2003
609 2578
609 3586
609 3959
610 663
610 1307
611 1281
612 1796
612 1848
612 2637
613 642
613 1314
613 1503
613 2872
614 2315
614 2840
614 3969
615 622
615 3175
616 890
616 1945
616 3268
616 3431
616 3632
617 1160
617 1510
617 3976
618 734
618 2383
618 2795
619 942
619 1251
619 3330
620 763
620 891
620 1944
620 2142
620 2866
620 3606
621 705
621 2130
621 3219
622 2342
622 3388
623 1176
623 2584
623 3589
623 3677
623 3940
624 1170
624 1460
624 3861
625 1379
626 3236
627 676
627 1200
627 2576
627 3903
628 2405
628 2976
628 3318
629 890
629 1738
629 2479
629 2970
629 3235
629 3569
629 3676
629 3965
630 2708
631 1185
631 3558
632 659
632 742
632 1146
632 2626
632 3431
632 3572
632 3891
633 1441
633 2967
633 3191
633 3429
633 3861
634 821
634 1593
634 2760
634 3830
634 3965
635 656
635 1447
635 1452
635 2049
635 2319
635 3733
636 1112
636 3630
637 1069
637 1782
637 1971
637 2574
637 3346
638 1661
638 3125
638 3319
638 3703
639 732
639 3434
639 3617
640 1662
640 3054
640 3836
641 1182
641 1272
641 1695
641 1956
641 2645
641 2795
641 3263
641 3919
642 2102
642 2258
642 3189
642 3621
642 3974
643 2089
643 2115
643 3424
644 1064
644 1350
644 1872
644 2014
645 3081
645 3995
646 1088
646 1518
646 2962
646 3136
647 2209
647 2670
648 895
648 1684
648 1730
648 2844
648 3556
649 1920
650 1093
650 2780
650 3610
651 858
651 1059
651 1527
651 2751
652 1027
652 1422
652 2679
653 2736
653 3800
654 1130
654 1684
654 2377
654 3090
654 3951
655 1934
655 2251
655 2410
655 3277
656 2952
657 788
657 1602
657 2976
658 1468
658 2019
658 3223
658 3902
659 693
659 2508
659 3067
659 3775
660 670
660 2534
660 2851
660 2985
660 3461
660 3574
660 3641
661 1697
661 1993
661 2512
661 3697
661 3884
662 1477
662 2046
664 3785
664 3995
665 1735
665 2510
665 2740
665 3234
666 1128
666 3885
667 1539
667 1877
667 1930
667 2922
667 3890
668 1138
668 2164
668 2320
668 3007
668 3835
669 1347
669 2486
671 800
671 963
671 1497
671 1566
671 1577
671 2719
673 1812
673 1972
673 2390
673 2470
673 3803
676 2654
676 3000
676 3626
677 1017
677 2358
678 1029
679 3331
679 3468
680 1571
680 2149
680 2925
680 3327
680 3776
681 971
681 1063
681 2700
681 2778
681 3206
682 1159
682 1570
683 978
683 1645
683 2556
684 729
684 1587
684 2221
684 3902
684 3971
685 2160
685 2263
685 2350
685 2380
685 3137
686 2387
686 2976
686 3737
687 2401
688 1406
688 1478
688 1481
688 1539
688 1991
688 2622
688 3310
689 918
689 1286
689 3090
689 3794
690 814
690 1324
690 1840
690 2249
690 3552
690 3774
691 1561
691 3694
692 940
692 2097
692 2154
692 2471
692 2543
692 3193
692 3207
692 3720
695 1471
695 1955
696 794
696 1460
696 3491
697 716
697 899
697 1033
697 1604
697 1798
698 943
698 3606
698 3859
699 1508
699 2708
699 2926
699 3061
700 2681
700 2871
701 2042
701 2272
701 3064
701 3127
701 3294
701 3581
702 744
702 1214
702 1242
702 1897
702 2474
703 1407
703 3392
704 1016
704 1026
704 1411
704 2114
704 3591
705 866
705 1762
706 1320
706 2117
706 2861
706 3017
706 3235
706 3243
707 1119
707 1415
707 3996
708 726
708 1358
709 1151
709 1194
709 1443
709 3174
710 1562
711 3035
712 3002
712 3445
712 3938
713 1042
713 1961
713 3381
714 1583
714 1964
714 2761
714 2960
715 906
715 1742
715 1969
715 2822
716 3807
717 794
717 1426
717 3961
718 1317
718 1485
718 2108
718 2477
718 2898
718 3333
719 1399
719 2219
719 2368
719 2713
720 3031
720 3653
720 3903
721 1836
721 2525
721 3454
721 3942
722 2748
722 2978
722 3051
722 3362
723 989
723 1984
723 2831
724 804
724 1900
724 2593
724 2956
725 878
725 1171
725 1271
725 2169
725 2296
725 2348
725 2446
726 893
726 1485
726 2847
727 736
727 3761
728 1662
728 1740
728 1954
728 3209
729 2812
729 2883
730 2173
730 2174
731 955
731 2545
731 3082
731 3346
732 1370
732 1989
732 3010
732 3613
733 1351
733 1818
733 1832
733 2170
733 3863
734 744
734 1385
734 1595
734 1911
734 3158
735 1243
735 1545
735 1643
735 2281
735 3554
736 781
736 3989
737 1146
737 2167
737 2193
737 2728
737 3008
738 3542
739 1150
739 1575
739 2700
739 3298
739 3830
740 2470
741 3826
742 1965
742 2315
743 1383
743 3362
744 1506
744 2859
745 784
745 864
745 2045
745 2494
745 3042
746 824
746 1656
746 1812
746 2827
746 3686
747 1411
747 3326
748 1908
748 1928
748 2493
748 3120
749 2405
749 2989
750 1081
750 2532
750 2743
751 1863
751 3475
751 3853
752 913
752 1422
752 2161
752 2707
752 3510
753 1304
753 2662
753 2943
754 3194
754 3800
755 918
755 1496
755 2023
755 2207
755 2430
755 3003
755 3386
756 794
756 2259
756 2835
756 3401
756 3711
757 913
757 940
757 2229
757 3498
758 1508
758 2493
759 1586
759 2516
759 2593
759 3502
759 3645
760 1079
760 2172
761 867
761 1706
762 2700
763 1296
763 2260
763 2522
763 2618
763 2767
764 936
764 951
764 1201
764 1260
764 1443
764 1500
764 2060
764 3639
764 3656
765 1077
765 2040
765 2255
765 3998
766 1375
766 2719
766 3100
766 3470
766 3696
766 3726
767 2363
767 2589
768 1109
768 2213
768 2388
768 2598
768 2837
768 3839
769 2581
769 3599
771 1338
771 1732
771 2492
771 3286
771 3573
771 3990
772 1607
772 1945
772 2427
772 2969
772 3256
773 1248
773 2183
773 2790
773 3094
773 3493
773 3549
773 3884
774 2142
774 3593
775 866
775 877
775 1016
775 1403
775 1797
775 2327
775 3108
775 3211
776 3253
776 3746
777 833
777 1049
777 1327
777 3149
777 3278
777 3438
778 1656
778 2756
778 3508
778 3671
779 1336
779 2701
779 2719
779 2927
779 3133
779 3679
780 1829
781 2763
781 3458
782 1649
782 2050
783 1769
784 1355
784 1469
784 2220
784 2779
785 1086
785 1415
785 1679
786 802
786 925
786 1034
786 1044
786 1063
786 2467
786 2627
787 1363
787 2748
787 3492
788 3285
789 1380
789 3671
790 2191
790 3028
791 2660
791 3700
792 1172
792 2466
792 2969
793 3640
794 1494
794 2971
794 3487
794 3843
794 3868
795 2450
795 2475
795 2695
795 2849
797 1195
797 1880
798 3361
799 1910
799 2087
799 2741
799 3352
799 3586
799 3640
800 2490
800 3863
801 2173
802 1243
802 1308
802 2120
802 2544
802 2770
802 3412
803 1069
803 1350
803 2016
803 2190
804 1599
804 2186
804 2862
804 2885
804 3743
805 1386
805 3833
806 1074
806 1826
806 2769
806 3004
807 1165
807 2293
807 2922
807 3082
807 3356
808 1038
808 2044
808 2077
808 2480
808 3198
808 3808
809 847
809 1051
809 1692
809 3336
810 1233
810 2460
810 3235
810 3663
810 3981
811 1048
811 1126
812 2090
812 2096
812 2435
812 3071
813 1914
813 2516
813 3207
813 3662
813 3846
814 2797
814 3112
814 3610
815 921
815 1463
815 2656
815 2886
815 3628
816 1184
817 1556
817 1989
817 3512
817 3667
818 2974
818 3836
819 2235
819 2832
819 3194
819 3560
820 1177
820 1797
820 3160
820 3252
821 1243
821 1685
821 1936
821 2312
821 2656
822 1195
822 1418
822 2881
822 3818
823 1135
823 1739
823 2045
823 2358
823 3307
824 1203
824 1541
824 2273
824 2568
824 2793
824 2859
824 2868
826 2763
826 3873
827 2408
827 2861
827 3855
828 1297
828 1347
828 1593
828 2336
829 894
829 2241
830 1035
830 1579
830 1810
830 3287
830 3452
830 3515
830 3930
831 1068
831 3704
831 3997
832 2355
832 2693
832 3385
832 3751
833 1462
833 1777
833 3128
834 2227
834 2245
835 1311
835 1971
835 2519
836 1123
836 1297
836 3885
837 1522
837 2135
837 3158
838 2045
838 2344
838 3521
840 2645
841 2042
841 2233
842 914
842 1120
842 3769
842 3846
842 3868
843 3134
844 1664
844 1914
844 3227
845 2377
846 899
846 1075
846 2211
846 2908
846 3266
846 3388
847 1209
847 2058
847 2470
847 2764
848 1599
848 2429
848 2916
848 3316
848 3995
849 2046
849 2631
850 1550
850 3661
850 3739
851 958
851 2405
852 1071
852 1380
852 2227
853 1783
853 1844
853 3364
854 3038
855 3092
855 3638
856 2165
856 2355
856 2740
856 3544
857 924
857 1476
857 2651
857 2665
857 2918
857 3522
858 1835
858 2196
858 2416
859 887
859 2835
859 2910
859 3908
860 2167
860 2642
861 2845
861 3022
862 1140
862 1207
862 1427
862 2656
862 2952
863 1802
863 2022
863 2117
863 2295
863 2565
863 2602
864 1670
864 2765
864 3375
865 884
865 1496
865 1582
865 1982
866 1527
866 1759
867 1313
867 3067
867 3919
868 1149
868 1345
868 1895
868 2834
869 1485
869 1517
869 3143
869 3536
870 1183
870 1498
870 3926
871 1818
871 2417
871 3329
871 3439
871 3860
872 1520
872 3488
873 2430
873 2923
873 3164
874 2303
874 3613
875 3657
876 1810
876 3715
876 3736
877 981
877 1125
877 2900
877 2923
877 3015
878 898
878 2591
878 3241
878 3434
879 1898
880 2144
880 2215
880 2656
880 3653
881 2183
881 2653
882 1525
882 2817
882 3008
882 3313
883 3184
884 2122
884 2445
884 3237
884 3752
885 1038
885 3534
885 3802
886 1246
886 2789
886 3903
887 2724
887 3040
887 3420
888 1423
888 1497
888 1575
889 1175
889 1684
890 1637
890 2894
891 1604
891 2226
891 2555
891 2611
891 2900
892 2854
892 3060
893 1048
893 1067
893 2108
893 3023
894 2401
894 2696
894 2731
894 3799
895 1771
895 2745
895 3447
895 3853
895 3960
896 1127
896 1652
896 2649
897 2035
897 2541
897 2666
897 3032
898 2580
899 1001
899 2694
900 1377
900 1525
900 2371
900 2859
900 3541
900 3686
900 3755
900 3793
901 1012
901 1030
901 1082
901 1663
902 1587
902 2109
902 2303
902 2638
903 1130
903 1152
903 1216
903 2871
903 3931
904 1434
904 1947
904 3579
905 2714
906 2166
906 2560
906 2677
906 3327
907 2451
907 2772
907 3143
908 1569
908 2721
908 3177
908 3384
909 1582
909 1613
909 1629
909 1828
909 2464
909 3027
909 3520
911 1138
911 2587
911 2623
911 2683
912 1607
912 3417
913 1530
913 1840
913 3776
914 989
914 1483
914 1983
914 2586
914 2888
915 1036
916 2358
916 3513
917 1609
917 2026
917 3836
918 1252
918 1925
918 3365
919 2615
919 2939
920 1610
920 3623
921 2369
921 2829
921 3163
921 3454
922 1177
922 1523
922 2259
922 2578
923 1053
923 1708
923 3827
924 2681
924 2983
925 2045
925 2199
925 2207
925 3188
925 3407
925 3427
926 1081
926 3247
927 1565
927 2932
927 2983
927 3558
928 1876
928 2165
929 1196
929 1744
929 2458
929 2644
929 3115
930 1770
930 3758
931 1685
931 2344
931 3410
932 3048
933 960
933 1663
933 2596
933 2928
934 2061
934 3486
935 2130
935 3237
936 1832
936 2799
936 2870
936 3005
937 1658
938 1514
938 2598
938 3194
938 3381
939 1062
939 1870
939 2308
939 3758
940 2035
940 2407
940 2498
940 3048
940 3279
941 1466
942 1542
943 1123
943 1513
943 3545
943 3820
943 3976
944 946
944 2103
944 3119
944 3280
945 2045
945 2456
945 2757
945 3115
945 3809
945 3944
946 1229
946 1554
947 3345
947 3734
948 1989
948 2755
948 3551
949 979
949 1657
949 2429
949 2879
950 1013
950 1555
950 3121
950 3582
950 3593
951 2560
951 3961
951 3994
952 3735
953 2202
953 2224
953 3599
954 1514
955 3509
956 1726
956 1776
956 3117
956 3122
956 3284
956 3552
957 2701
957 3916
958 1233
958 3179
958 3947
959 1301
959 1485
959 1547
959 1678
959 3139
959 3381
960 1635
960 1937
960 2160
960 2307
961 2539
961 3027
961 3033
961 3458
961 3904
962 1903
962 2129
962 2312
962 2522
962 2524
962 3094
962 3394
962 3412
962 3516
962 3787
964 1113
964 1254
964 2210
964 3251
965 1145
965 1404
965 3489
965 3504
967 1180
967 1676
967 3232
968 1152
968 2234
968 3775
969 3016
969 3431
969 3590
969 3750
970 1228
970 3117
970 3388
971 1535
971 1840
972 1293
972 2791
972 3529
973 1253
973 2222
973 2958
974 1645
975 1875
975 2127
975 2336
975 2424
975 3997
976 1993
977 1757
977 2032
978 2539
978 2963
979 3096
979 3267
979 3316
980 1215
980 1374
980 2134
980 2925
980 3115
981 2064
981 2358
982 1196
982 1893
982 1923
982 2584
983 1492
983 1770
983 2382
983 3658
984 2507
984 2711
984 2815
984 3089
985 1015
986 1332
986 1617
986 1790
986 2240
987 1146
987 1270
988 3467
989 1262
989 2036
989 2407
989 3558
990 1143
990 2717
990 2876
990 3272
990 3339
990 3843
991 2458
992 2145
992 2744
992 3054
992 3158
992 3859
993 1504
993 1652
993 1998
993 2030
993 2644
994 1216
994 3944
995 1633
995 2058
995 3080
995 3497
995 3768
996 1157
996 1379
996 1429
997 3164
997 3389
998 1482
998 2263
998 3069
998 3315
998 3695
999 2660
999 3437
999 3747
999 3779
1000 1053
1000 1821
1000 1995
1000 2444
1000 2766
1000 3751
1001 1615
1001 2073
1002 2287
1002 3693
1002 3911
1003 1312
1003 1836
1003 2734
1003 3240
1004 1013
1004 1165
1004 1505
1004 1806
1004 2102
1004 2350
1004 2436
1004 2503
1004 3691
1005 1085
1005 1106
1005 2137
1005 2334
1005 2421
1006 1215
1006 1385
1006 1543
1006 1584
1006 2303
1006 2983
1008 1134
1008 1283
1008 1866
1008 1952
1008 2495
1008 2801
1008 3809
1009 1070
1009 1129
1009 1583
1009 3860
1010 1448
1010 1602
1010 1897
1010 2333
1010 2450
1010 3084
1011 1976
1011 3146
1011 3702
1012 1259
1012 1349
1012 1989
1012 2887
1013 1283
1014 2218
1014 2599
1015 1593
1016 2592
1016 2803
1016 3007
1017 2384
1017 2425
1017 3031
1017 3744
1018 2960
1018 3230
1019 2307
1019 3002
1019 3028
1019 3658
1020 1105
1020 1188
1020 1585
1020 1781
1020 1798
1020 2320
1020 3473
1021 1554
1021 1882
1021 1947
1021 2414
1021 2863
1021 3844
1022 1136
1022 1291
1022 1411
1022 2228
1022 2391
1022 3479
1023 2180
1023 3584
1024 2753
1024 3016
1025 3010
1026 3999
1027 1070
1027 2972
1027 3061
1028 2172
1029 1043
1029 1345
1029 1535
1030 1425
1030 2958
1030 3004
1030 3779
1031 1152
1031 1461
1031 1972
1031 2118
1031 2119
1031 3808
1032 2256
1032 2921
1032 3442
1032 3482
1033 1114
1033 2405
1034 1969
1034 3058
1035 1757
1035 2269
1035 2739
1036 2133
1036 2513
1036 2860
1036 3082
1036 3318
1037 1487
1037 1585
1038 1442
1038 1815
1038 1853
1038 2763
1038 3245
1038 3418
1038 3622
1039 1381
1039 2322
1039 2603
1040 3271
1040 3542
1041 1706
1041 2904
1042 2260
1042 2977
1043 1289
1043 1724
1043 2082
1043 2387
1043 2532
1044 1048
1044 1799
1044 2269
1044 3199
1045 2301
1045 2826
1046 2568
1046 3093
1047 2179
1047 2885
1048 1349
1048 2880
1049 1571
1050 2248
1050 2517
1051 3530
1051 3616
1051 3832
1051 3872
1052 2677
1052 2955
1052 3148
1052 3709
1053 3630
1054 2823
1054 3803
1055 1368
1055 2001
1055 2259
1055 2360
1055 2900
1055 3919
1056 1723
1056 2720
1056 3424
1056 3526
1057 1489
1057 3961
1058 1567
1059 1293
1059 1587
1059 3486
1059 3868
1060 1190
1060 2233
1060 3378
1060 3503
1061 1781
1062 1931
1062 2143
1062 3016
1062 3385
1062 3487
1062 3990
1063 1511
1063 2507
1063 2598
1063 2643
1063 2844
1064 1563
1064 2556
1064 3534
1064 3882
1064 3888
1065 1171
1065 1858
1065 3517
1065 3734
1066 2194
1066 2461
1066 2579
1066 3002
1067 1435
1067 1838
1067 2980
1067 3529
1068 1102
1068 2468
1068 2785
1068 3557
1069 1349
1069 1464
1069 1633
1071 1245
1071 1894
1071 3191
1071 3447
1072 3802
1073 2093
1073 2659
1073 3565
1074 1584
1074 2103
1074 3961
1075 1478
1075 3144
1075 3319
1075 3778
1076 1259
1076 3144
1076 3187
1077 1482
1077 2450
1077 3517
1078 1955
1078 2724
1079 1426
1079 1591
1079 1820
1079 2100
1079 2253
1079 2402
1080 2066
1080 3407
1081 2405
1082 1810
1082 3537
1083 1613
1083 1634
1083 2605
1083 3254
1084 1810
1084 2316
1084 3387
1084 3661
1085 3258
1085 3388
1085 3449
1085 3755
1085 3853
1086 3410
1086 3963
1088 2121
1088 2317
1088 2611
1088 3282
1088 3632
1089 1856
1089 2613
1089 3427
1090 1481
1090 1947
1090 1995
1090 2428
1090 3038
1090 3751
1091 1677
1091 1799
1092 1406
1092 2461
1093 1415
1093 3652
1094 2411
1095 1171
1095 2577
1095 2779
1095 3089
1096 2623
1096 3111
1096 3970
1097 2675
1097 3228
1097 3347
1098 1809
1098 3825
1099 2452
1100 1495
1100 1559
1100 1769
1100 1783
1101 1505
1101 2680
1101 3137
1102 3275
1102 3381
1103 1149
1103 1440
1104 2243
1105 1473
1106 2948
1107 1534
1107 2255
1107 2303
1107 2410
1107 2644
1107 2799
1107 3584
1108 1350
1108 1562
1108 3072
1108 3174
1108 3646
1109 1506
1109 1663
1109 2980
1110 1347
1110 2385
1110 2969
1110 3130
1110 3707
1110 3771
1111 1308
1111 1967
1111 2377
1112 1748
1112 3306
1113 2550
1113 2841
1113 3102
1114 3093
1114 3356
1115 2327
1115 2952
1115 3621
1116 1479
1116 1520
1116 1793
1116 1854
1116 2435
1116 3063
1117 1985
1118 1791
1118 2149
1118 3291
1119 1257
1119 1683
1119 3606
1120 2719
1121 2268
1121 2428
1121 2542
1121 2582
1121 2611
1121 3168
1121 3697
1122 3261
1123 2342
1123 3776
1124 1387
1124 3145
1124 3821
1124 3964
1125 1657
1125 2384
1126 1994
1126 2932
1126 3749
1127 1456
1127 1562
1127 2274
1127 2802
1127 2843
1127 3744
1128 2832
1129 1211
1129 1548
1129 1813
1129 3946
1130 1206
1130 1786
1130 1946
1130 3482
1131 2964
1132 1643
1132 2167
1132 3181
1133 1262
1134 2480
1134 2753
1134 3366
1134 3543
1135 1165
1135 1186
1135 2122
1136 1298
1136 1605
1136 2527
1136 3438
1136 3646
1137 1267
1137 2277
1137 3821
1138 2683
1138 3247
1138 3809
1138 3988
1139 3647
1140 1837
1140 2060
1140 2742
1140 2904
1140 3553
1142 1451
1142 1652
1144 1366
1144 1385
1144 1507
1144 3947
1145 2242
1145 2796
1145 2964
1146 2923
1146 3027
1146 3654
1146 3666
1147 1246
1147 1853
1147 3886
1148 2358
1148 3406
1149 3568
1150 3504
1151 2774
1152 1632
1152 2066
1152 2272
1152 2377
1152 2665
1153 1952
1153 2320
1153 3628
1153 3992
1154 1522
1154 2009
1154 3375
1155 1650
1156 1660
1156 1706
1156 2141
1156 2681
1156 3032
1156 3550
1157 1652
1157 3259
1157 3449
1158 2455
1158 2871
1158 3189
1158 3602
1159 2309
1159 2484
1159 2764
1159 3035
1160 2189
1160 3687
1160 3764
1161 3656
1162 1469
1162 2366
1162 2403
1162 2652
1163 1378
1163 1974
1163 3005
1164 2417
1164 3454
1165 1639
1165 2280
1165 3120
1165 3260
1166 3523
1167 3660
1168 3042
1168 3196
1168 3814
1168 3865
1169 3987
1170 1207
1170 2664
1170 3891
1171 2282
1171 2424
1171 2678
1171 3440
1171 3627
1172 2634
1173 1729
1173 2433
1173 2496
1174 1612
1174 1746
1174 2130
1174 2132
1174 3888
1175 1279
1175 1819
1175 3183
1176 2633
1177 1269
1177 1376
1177 2167
1177 2385
1177 2416
1177 2816
1178 1790
1178 2044
1178 2891
1179 1265
1179 2802
1179 3270
1180 1213
1180 3920
1181 1949
1181 2211
1181 2440
1181 3883
1182 1199
1182 2020
1182 3698
1183 2364
1183 2381
1183 3934
1184 1666
1184 2280
1184 2504
1184 2900
1184 3430
1185 1711
1185 3188
1186 1588
1186 2150
1188 2079
1188 2125
1188 2556
1188 2756
1189 2659
1189 2914
1189 3160
1190 1207
1190 1278
1190 2008
1190 3109
1190 3756
1191 1953
1191 3764
1193 1904
1193 2296
1193 2344
1193 2838
1194 2115
1194 2147
1194 2214
1194 2969
1194 3046
1194 3211
1194 3852
1195 2203
1195 2331
1195 3171
1195 3252
1196 2062
1196 3175
1196 3775
1196 3900
1197 2420
1197 2905
1197 3159
1197 3783
1198 1482
1198 1650
1198 2479
1198 3844
1199 1807
1199 3638
1200 3023
1200 3882
1201 2556
1201 3629
1202 3225
1202 3583
1203 1604
1203 2978
1203 3328
1203 3571
1204 2000
1204 2125
1204 2482
1204 2718
1204 3497
1204 3816
1205 1248
1205 1405
1206 1810
1206 2660
1206 3903
1207 2270
1207 2303
1207 2562
1207 2618
1207 2818
1207 3121
1207 3398
1209 1963
1209 2549
1209 3593
1210 1591
1210 1811
1210 2060
1212 2022
1212 3204
1213 2361
1213 3273
1213 3305
1213 3350
1213 3608
1213 3996
1214 1982
1214 2356
1215 2171
1215 2841
1215 3106
1216 2945
1216 3631
1217 1451
1217 2292
1217 2465
1218 1279
1218 3061
1218 3417
1219 1318
1219 2478
1219 3707
1220 1892
1220 1935
1220 2015
1220 2347
1220 3921
1221 1358
1221 3132
1222 1795
1222 2805
1222 2932
1223 1412
1223 2469
1224 2135
1224 2259
1225 1441
1225 1459
1225 1561
1225 1637
1225 2125
1225 2476
1225 2610
1226 2037
1226 2168
1226 3243
1227 2149
1228 2428
1229 1269
1229 3024
1229 3544
1230 1524
1230 2612
1230 3928
1231 1938
1232 1333
1232 2300
1232 2708
1233 2217
1233 2332
1233 2648
1233 3843
1233 3962
1234 1738
1234 3241
1234 3303
1234 3884
1235 1589
1235 2086
1236 1510
1236 1563
1236 2358
1236 2655
1236 3308
1236 3744
1237 2010
1237 2534
1237 3440
1237 3780
1238 2290
1238 2831
1238 3698
1238 3795
1239 3548
1240 1888
1240 1937
1240 2896
1240 2999
1241 1261
1241 1350
1241 1556
1241 1944
1241 2624
1241 3008
1242 1244
1242 1743
1242 3274
1242 3534
1242 3550
1243 1419
1243 1870
1243 2269
1244 1313
1244 1376
1244 1705
1244 1733
1244 2612
1244 2829
1244 3120
1246 1784
1246 2461
1246 2876
1247 2067
1247 3296
1248 2630
1248 2637
1248 2861
1248 2932
1249 1397
1249 3944
1250 1381
1250 1440
1250 2725
1250 3151
1250 3275
1250 3649
1252 2036
1252 3398
1252 3455
1253 2090
1253 2209
1254 1596
1254 2330
1255 3401
1255 3854
1256 1877
1256 2553
1256 3213
1256 3794
1257 2503
1257 2813
1258 1818
1259 1436
1260 2561
1260 3180
1260 3215
1261 1897
1261 2360
1261 2982
1261 3303
1262 1809
1262 3308
1263 3096
1264 1527
1264 3668
1264 3981
1265 1784
1266 1325
1266 1515
1266 2173
1266 2283
1266 2336
1266 2546
1267 3284
1267 3664
1267 3866
1268 2002
1268 2159
1268 2220
1268 3918
1269 3397
1270 2383
1270 2631
1270 2760
1271 3249
1272 2422
1273 1947
1273 3376
1273 3976
1274 1670
1274 1929
1274 2707
1274 3185
1274 3849
1275 2359
1275 2787
1276 2039
1276 2286
1276 2817
1276 3609
1277 1703
1277 2514
1277 2728
1278 1752
1279 1683
1279 1811
1279 3833
1280 1365
1280 3862
1281 1867
1281 3249
1281 3371
1282 3194
1284 1913
1284 2443
1285 2003
1285 2468
1285 3250
1286 1459
1286 1497
1286 3309
1287 1357
1287 2810
1287 3588
1288 1644
1288 1832
1288 2255
1288 2699
1288 3667
1289 2561
1289 3733
1290 1883
1290 2394
1290 3022
1290 3662
1291 1631
1291 1928
1292 2021
1292 2304
1292 3531
1293 2634
1294 1582
1294 2052
1294 2873
1294 3849
1295 2402
1295 2880
1295 3407
1296 1429
1296 1790
1296 3250
1296 3453
1297 2812
1297 3120
1298 3319
1299 2526
1300 1992
1300 3957
1301 3420
1301 3903
1302 3088
1302 3206
1303 1404
1303 2230
1303 3227
1304 1536
1304 1539
1304 3149
1304 3559
1304 3576
1304 3690
1305 1338
1305 1394
1305 3487
1305 3704
1305 3720
1305 3728
1306 2273
1307 2731
1308 2926
1309 2895
1309 3094
1310 3034
1311 1401
1311 2998
1311 3309
1311 3581
1311 3988
1312 3860
1313 2298
1314 1505
1314 2093
1314 3092
1314 3389
1315 3479
1316 2727
1316 2927
1316 3396
1317 1447
1317 1510
1317 2706
1317 3418
1318 1781
1318 3397
1319 1454
1319 1718
1319 3877
1320 2626
1321 1381
1321 2026
1321 2455
1322 1571
1322 2895
1322 3280
1322 3333
1323 1457
1323 1813
1323 2311
1324 2309
1324 3297
1325 2462
1325 3576
1326 3202
1326 3600
1326 3699
1326 3903
1327 1412
1327 2641
1327 3443
1327 3814
1328 1468
1328 1681
1328 3475
1329 1599
1329 2759
1329 3016
1329 3129
1329 3710
1330 1514
1330 2358
1330 2952
1330 3609
1331 2026
1332 2239
1333 2979
1334 1550
1334 2285
1334 2999
1334 3790
1335 1636
1335 1780
1335 1835
1335 3333
1335 3899
1336 2144
1336 2977
1336 3413
1336 3726
1337 1504
1337 3018
1338 1813
1338 1817
1338 2313
1338 2907
1338 3509
1338 3662
1339 1745
1339 3070
1339 3175
1340 1544
1340 1784
1340 1849
1341 2176
1342 1492
1342 1612
1342 3703
1343 1394
1343 1592
1343 1856
1343 2301
1343 2579
1343 3900
1344 1559
1344 2234
1344 2777
1344 3729
1345 1352
1345 1883
1345 2581
1346 2012
1346 2588
1347 1709
1348 1827
1349 2037
1349 3801
1349 3897
1350 1591
1350 2096
1350 2643
1350 3679
1350 3875
1351 1530
1351 2210
1351 3723
1352 1392
1352 1957
1353 2860
1353 3601
1354 2878
1354 3083
1354 3894
1355 2067
1355 2203
1355 2607
1355 3615
1356 3231
1357 1382
1357 2045
1357 2668
1357 3571
1357 3632
1358 1898
1358 2156
1359 2841
1359 3048
1359 3071
1359 3623
1360 1554
1361 3966
1362 2212
1362 2235
1362 2338
1362 3673
1364 1453
1364 2076
1365 1843
1365 2786
1366 3007
1367 2268
1367 2355
1367 2887
1368 2715
1368 3218
1368 3560
1368 3723
1371 2018
1372 2771
1373 1941
1373 2145
1373 2667
1373 2921
1373 3807
1374 2098
1374 2299
1374 2854
1374 3438
1374 3927
1375 2401
1375 3621
1376 2353
1376 3725
1377 1896
1377 2205
1378 2075
1378 2480
1378 2815
1378 2999
1378 3018
1379 2160
1379 2213
1379 2382
1379 3949
1380 1534
1381 2423
1381 2506
1381 2742
1381 3664
1382 1671
1382 1886
1382 3391
1382 3782
1383 1611
1383 2681
1383 3013
1384 2018
1384 2474
1384 2741
1384 3000
1384 3497
1385 2661
1385 3486
1385 3938
1385 3946
1386 2360
1387 1659
1387 2960
1387 3108
1387 3852
1387 3872
1388 1915
1388 3150
1388 3322
1389 2628
1389 3738
1390 1564
1390 1677
1390 2443
1390 2835
1390 3849
1391 1718
1391 2034
1392 3408
1393 1539
1393 1711
1393 2478
1394 2460
1395 1474
1395 1679
1395 3060
1396 3057
1397 1871
1397 2666
1397 3485
1397 3653
1398 1424
1398 2534
1398 3126
1399 1563
1399 1814
1399 2025
1399 3990
1400 2370
1400 2567
1400 3914
1401 1588
1401 2287
1403 1748
1403 2115
1403 2441
1403 2902
1403 3407
1403 3714
1404 2190
1404 3297
1406 1681
1406 2402
1406 2983
1407 2819
1408 1867
1408 2712
1408 3129
1408 3682
1409 1599
1409 1767
1409 2542
1410 2409
1410 3044
1410 3590
1411 1743
1411 2648
1411 3706
1412 1601
1412 2406
1412 3514
1412 3884
1412 3892
1413 1999
1413 2205
1413 3005
1414 2879
1414 3282
1414 3870
1415 2161
1415 2362
1415 2790
1415 3394
1415 3817
1417 2084
1417 2179
1417 2282
1417 3180
1417 3253
1417 3505
1418 1420
1418 1891
1418 3815
1419 2093
1420 2329
1420 3481
1421 1769
1421 2053
1421 2442
1421 3945
1422 2351
1422 2380
1422 3980
1423 1548
1423 2754
1424 1554
1424 1558
1424 2581
1424 3435
1426 2279
1426 3889
1428 2840
1429 2052
1429 3861
1430 2795
1431 2915
1431 3000
1432 1648
1432 3472
1433 2462
1433 3626
1434 3671
1435 1910
1435 1970
1435 1978
1435 2463
1435 3945
1436 2430
1437 1546
1437 2556
1437 3213
1437 3800
1437 3944
1438 2974
1438 2975
1439 1858
1439 2382
1439 3971
1440 1941
1440 2512
1440 2841
1440 3720
1440 3877
1442 1980
1442 3471
1442 3523
1443 1447
1443 1572
1443 1612
1443 2298
1444 2745
1444 3241
1444 3784
1445 1584
1446 1554
1446 3849
1446 3983
1447 1707
1447 1708
1447 3523
1447 3920
1448 1915
1448 2428
1448 3174
1448 3191
1449 1545
1449 2486
1450 2092
1450 2111
1450 3216
1451 1467
1451 2103
1451 3312
1452 1601
1452 3637
1454 3773
1455 1467
1455 2689
1456 1764
1457 1834
1457 2139
1457 2224
1457 2930
1458 1654
1458 1966
1458 2759
1458 2854
1458 3109
1458 3265
1459 2172
1459 3008
1460 1743
1460 3633
1461 1480
1461 3052
1461 3234
1461 3598
1461 3717
1462 1599
1462 2469
1462 3372
1462 3499
1462 3754
1463 2190
1464 1722
1464 2300
1464 2984
1464 3174
1465 1864
1465 2481
1465 2608
1465 3850
1467 2327
1467 2752
1467 2913
1467 3473
1467 3511
1467 3635
1468 3278
1469 1883
1469 2990
1470 1884
1470 2486
1470 3687
1470 3834
1470 3873
1471 2215
1471 3668
1471 3712
1472 1539
1472 1549
1472 1599
1472 1631
1472 1803
1472 3096
1473 1495
1473 1629
1473 2210
1473 2502
1473 3038
1474 1485
1474 2558
1475 1765
1476 2150
1476 3723
1477 1923
1477 1988
1477 2083
1478 2453
1478 2454
1478 2520
1478 2841
1478 2970
1478 3222
1478 3671
1478 3940
1479 3123
1480 1997
1480 3248
1480 3408
1480 3654
1480 3845
1481 1657
1481 2333
1481 2886
1481 2919
1482 2098
1482 2800
1483 2673
1484 1556
1484 1666
1484 2729
1484 3111
1484 3259
1485 1772
1485 1899
1485 2151
1485 3399
1486 3532
1487 1840
1487 2226
1487 2417
1488 2029
1488 2744
1488 3085
1488 3431
1488 3817
1489 2267
1489 2677
1489 3312
1489 3936
1490 3066
1491 2403
1491 2681
1491 3708
1492 1832
1492 2595
1493 1858
1493 3245
1494 2312
1494 2653
1494 2781
1494 3266
1496 1511
1496 2385
1496 3139
1496 3512
1497 1545
1497 2265
1497 2701
1498 1610
1498 2271
1500 2134
1500 2927
1500 3192
1500 3226
1500 3301
1501 1507
1501 1795
1501 2059
1501 2942
1501 3812
1502 2393
1502 3286
1502 3761
1503 2890
1503 3984
1504 2517
1504 3570
1505 2766
1507 1788
1508 1536
1508 2717
1508 3728
1509 3533
1510 1746
1510 2028
1510 2960
1510 3358
1510 3790
1510 3833
1510 3862
1511 2345
1511 2919
1511 3066
1512 2462
1512 3009
1513 1886
1513 3365
1513 3894
1515 2180
1515 2222
1516 2144
1516 3934
1517 3625
1518 2156
1518 3497
1518 3559
1519 1720
1519 3331
1519 3772
1521 2017
1521 2409
1521 3594
1521 3845
1522 2993
1522 3466
1523 3140
1523 3804
1524 3073
1525 1646
1525 2081
1525 2498
1525 2988
1526 2238
1526 3121
1527 2339
1527 2846
1527 2854
1527 3038
1527 3044
1527 3324
1528 1679
1528 1974
1528 2972
1528 3192
1528 3700
1529 1792
1529 1870
1529 2378
1529 2389
1529 3147
1529 3305
1529 3731
1530 3662
1530 3948
1532 2824
1532 2996
1532 3060
1533 2599
1534 1955
1534 3875
1535 1544
1535 1954
1535 3386
1536 1554
1536 2373
1536 2571
1536 2602
1537 2371
1537 3388
1537 3693
1537 3848
1538 3267
1539 1554
1539 2109
1539 2394
1539 3841
1540 1724
1540 2109
1540 2144
1540 3154
1540 3283
1541 1967
1541 2509
1541 3854
1542 2041
1542 3411
1543 2162
1543 3265
1543 3731
1544 2968
1545 1655
1545 2557
1545 3613
1546 1871
1546 1932
1546 2558
1546 2707
1546 2817
1546 3224
1547 3870
1548 1832
1548 2671
1549 1685
1549 1896
1549 2717
1549 3231
1550 3668
1551 3869
1552 3240
1552 3599
1553 1556
1553 3073
1553 3334
1553 3454
1554 1579
1554 1709
1554 1863
1554 2357
1554 2527
1554 3345
1555 1914
1556 2252
1557 3404
1558 2434
1558 3102
1559 2393
1559 2888
1559 3801
1560 2700
1560 3222
1560 3241
1560 3278
1561 1812
1561 2648
1561 2830
1561 3306
1562 2443
1562 3003
1563 3327
1564 2300
1564 3575
1565 3064
1566 3400
1567 1881
1567 3024
1567 3042
1567 3061
1567 3577
1568 1806
1568 1969
1568 2922
1569 2405
1569 2761
1569 3035
1569 3211
1570 2678
1570 3487
1570 3650
1570 3806
1571 1687
1571 2054
1572 1588
1572 3920
1573 2919
1575 2836
1575 2906
1576 1777
1576 1883
1576 2789
1576 3580
1577 2186
1577 2764
1578 1831
1578 2065
1578 3953
1579 2783
1580 1678
1580 2395
1581 2694
1581 3412
1582 3072
1582 3893
1583 2024
1584 1869
1584 2887
1584 3028
1585 1944
1585 1963
1585 3123
1586 2447
1587 2064
1587 3459
1588 2409
1588 2977
1588 3782
1590 1749
1590 1959
1590 2693
1591 1685
1591 1810
1591 3210
1592 2120
1592 3153
1593 3945
1594 1962
1594 2641
1595 2151
1595 3271
1595 3535
1596 2516
1596 3632
1596 3826
1597 1665
1597 3016
1597 3762
1598 1815
1598 3926
1599 1849
1600 1725
1600 2705
1600 3140
1600 3155
1600 3689
1601 2036
1601 2557
1601 3797
1603 1917
1603 2643
1603 3641
1604 1976
1604 2255
1604 2386
1604 3308
1605 3352
1605 3666
1606 2249
1606 3669
1606 3791
1606 3944
1607 3559
1608 2537
1608 2889
1608 3254
1608 3308
1608 3921
1609 2295
1609 2349
1610 1623
1610 2295
1610 3836
1611 1839
1611 2106
1611 2848
1611 3980
1612 2509
1613 1975
1616 2477
1616 2550
1617 2612
1618 2495
1619 2122
1619 2996
1619 3034
1620 3465
1621 2119
1621 2293
1621 2826
1621 3743
1622 2963
1622 3572
1625 2168
1625 3648
1627 2452
1629 2064
1629 2119
1629 2358
1629 2702
1629 3015
1629 3829
1630 3488
1631 1790
1631 2438
1631 2584
1631 2810
1631 3341
1631 3735
1631 3756
1632 2055
1632 3058
1632 3339
1633 2513
1633 3097
1633 3548
1634 2480
1634 2548
1634 3221
1634 3567
1635 1776
1635 2146
1635 3461
1636 1929
1637 3064
1637 3141
1638 2456
1638 2507
1639 2435
1639 2812
1639 3152
1639 3458
1640 1693
1640 2259
1640 3064
1640 3883
1641 1656
1641 3588
1642 1710
1642 1786
1642 2303
1642 2995
1642 3753
1643 3929
1644 2458
1644 3493
1644 3737
1644 3792
1645 1830
1645 2711
1646 2467
1646 2611
1646 3026
1646 3719
1647 2745
1647 3588
1648 2283
1649 3094
1650 1682
1650 2094
1650 2572
1650 3123
1651 3285
1651 3928
1652 3497
1652 3619
1653 1675
1653 1962
1653 2155
1654 2841
1654 3143
1655 2733
1655 3304
1655 3839
1656 2571
1656 3966
1657 3188
1657 3221
1657 3588
1658 1965
1658 2441
1658 2795
1658 3027
1659 2797
1659 3048
1659 3845
1660 1695
1660 2709
1660 3886
1661 2290
1661 2310
1661 3672
1661 3823
1662 2364
1662 3155
1662 3579
1663 3571
1664 2318
1664 3327
1665 1726
1665 3171
1666 2689
1666 3286
1667 2967
1667 3773
1669 2797
1669 2857
1670 2242
1671 2773
1671 3356
1672 2806
1672 3978
1673 2679
1673 3680
1674 2009
1674 3271
1675 1977
1675 2842
1675 3257
1675 3330
1675 3937
1676 2219
1676 2483
1676 2884
1676 3179
1676 3470
1677 2838
1678 3595
1679 1934
1679 2728
1680 2358
1681 1941
1681 2421
1681 3258
1681 3279
1683 2955
1683 3803
1684 2772
1685 1894
1686 1771
1686 2906
1686 3250
1687 1754
1688 1987
1688 2032
1688 2880
1689 2944
1689 2953
1689 3437
1689 3672
1691 2485
1691 3142
1692 2144
1692 3839
1693 1921
1693 2030
1693 2743
1693 2980
1693 3443
1693 3642
1693 3747
1695 3836
1696 1985
1696 2642
1696 3434
1696 3467
1696 3511
1696 3701
1697 1972
1697 2323
1698 3874
1698 3999
1699 2292
1699 2804
1699 3659
1699 3670
1700 1826
1700 2695
1700 2880
1701 2349
1701 2614
1701 3723
1702 2274
1702 2953
1702 3137
1703 3313
1703 3738
1704 2359
1704 3300
1705 2622
1705 3004
1705 3133
1705 3135
1705 3449
1705 3592
1705 3811
1706 1940
1706 2659
1706 3721
1707 1972
1707 2599
1707 2982
1707 3760
1708 2873
1709 3036
1709 3376
1710 2796
1710 3142
1711 2498
1711 3767
1712 2267
1712 2613
1713 2042
1713 2202
1713 3851
1713 3859
1714 2142
1715 1840
1715 2833
1715 3645
1716 1733
1716 3019
1716 3337
1716 3885
1717 2443
1717 3766
1718 2401
1719 1894
1719 2635
1719 2641
1719 3551
1720 2732
1720 3119
1722 2084
1722 3088
1723 2019
1723 3155
1723 3988
1725 2757
1726 3840
1727 1957
1727 2539
1727 3056
1727 3219
1728 2396
1728 2531
1729 2368
1729 2649
1729 2779
1729 3447
1729 3509
1729 3741
1729 3973
1730 2933
1730 2949
1730 3135
1731 2753
1731 2963
1732 1749
1732 1927
1732 3278
1733 2133
1733 3026
1733 3166
1734 1980
1734 3184
1735 1921
1735 3364
1736 2424
1737 2662
1737 3960
1738 3317
1738 3559
1739 2593
1739 3824
1740 1936
1741 1789
1741 1876
1741 2670
1742 3928
1743 1863
1743 2075
1743 2405
1743 3642
1743 3934
1744 2639
1746 2018
1746 2166
1746 2921
1746 3323
1746 3861
1747 1761
1747 3881
1748 1880
1748 1900
1748 2039
1748 2375
1748 3856
1749 2200
1749 2620
1749 3432
1750 3718
1750 3926
1751 2453
1751 3938
1752 3831
1753 2196
1754 1757
1754 2030
1754 2179
1754 3099
1755 3108
1756 2253
1756 3543
1757 2640
1757 3368
1757 3796
1757 3806
1759 3095
1760 1916
1760 2558
1760 2559
1761 2660
1761 3392
1763 1877
1763 2936
1763 3984
1764 3432
1765 2712
1766 1803
1766 2051
1767 2044
1767 2147
1767 3146
1767 3891
1769 2410
1770 2268
1770 3074
1772 2250
1773 2816
1774 3666
1775 1928
1775 2950
1776 2024
1776 2578
1776 3070
1776 3386
1777 3529
1778 2269
1778 2591
1778 3290
1778 3685
1779 2762
1779 2896
1779 3700
1780 3078
1781 2574
1781 2724
1781 3543
1782 1836
1782 2463
1783 2080
1783 2688
1783 3840
1784 3581
1785 1895
1785 3716
1786 2489
1786 3260
1786 3509
1787 2069
1787 2816
1787 2952
1787 3118
1788 2088
1788 3013
1788 3654
1788 3663
1788 3685
1789 2693
1790 3252
1790 3767
1790 3975
1791 3308
1791 3690
1791 3867
1792 1995
1792 2039
1792 2682
1792 3181
1792 3355
1793 2070
1793 2160
1793 2758
1794 2007
1794 2101
1794 3290
1794 3370
1795 3437
1795 3916
1797 2827
1797 3292
1797 3611
1797 3805
1798 2256
1799 2036
1799 2067
1799 3331
1800 1875
1800 2913
1801 3544
1802 1920
1802 3340
1804 2202
1804 3243
1806 2129
1806 3086
1807 1817
1807 2388
1807 2526
1807 2992
1807 3556
1807 3741
1808 1858
1808 3118
1808 3308
1809 2923
1809 3256
1810 1917
1810 2972
1810 3987
1813 3876
1814 2864
1814 3140
1814 3809
1815 2517
1815 3630
1815 3988
1816 1987
1818 2491
1818 3669
1819 1957
1819 2404
1820 2062
1820 2423
1821 2178
1821 2762
1821 2805
1822 3543
1824 1868
1824 2588
1824 2892
1824 3834
1826 1841
1826 2332
1826 2767
1827 3132
1828 1972
1828 3209
1828 3747
1829 2918
1829 3594
1830 2405
1830 2991
1831 2169
1831 3633
1831 3945
1832 3095
1832 3399
1833 2079
1834 2648
1834 3480
1835 3415
1835 3987
1836 2251
1836 2841
1836 2987
1837 2163
1837 2685
1837 3448
1837 3650
1838 3298
1838 3616
1839 2499
1839 3213
1839 3687
1840 3986
1841 2253
1841 2573
1841 2868
1841 3240
1841 3502
1841 3921
1842 1938
1842 2195
1842 2589
1844 3134
1844 3287
1844 3323
1845 1864
1845 2664
1845 3294
1845 3522
1845 3531
1846 2533
1846 3080
1846 3187
1846 3215
1847 1854
1847 2578
1847 2987
1848 2970
1848 3515
1849 2186
1849 2267
1849 3953
1850 2168
1850 3445
1850 3550
1852 2328
1853 3009
1853 3268
1854 1907
1854 2812
1854 3234
1855 1948
1855 2292
1855 3447
1855 3916
1856 3690
1857 2466
1857 2767
1858 2219
1858 3258
1859 2773
1860 3157
1860 3504
1861 1963
1861 2544
1862 2234
1862 3035
1862 3213
1864 2919
1864 2996
1864 3302
1864 3373
1864 3597
1865 2188
1865 2576
1865 2660
1865 3025
1865 3871
1866 2061
1866 3452
1866 3562
1867 3005
1867 3211
1867 3273
1867 3294
1867 3526
1867 3779
1868 2360
1868 2418
1868 3993
1869 2308
1869 2475
1869 3042
1870 2115
1870 2305
1870 3846
1871 3829
1872 3529
1872 3860
1873 2676
1873 3225
1874 3424
1875 3360
1877 1913
1877 3965
1878 2768
1878 3123
1878 3728
1879 2750
1881 1971
1881 2427
1881 3684
1882 2796
1882 3079
1883 2169
1883 3662
1883 3724
1884 3650
1885 2092
1885 3148
1885 3613
1885 3809
1886 1917
1886 2208
1886 3175
1886 3931
1887 1924
1887 2264
1888 3299
1889 2411
1889 2441
1889 3284
1890 1900
1891 2050
1891 2303
1891 3404
1892 3548
1893 2174
1893 2176
1893 3022
1893 3119
1893 3170
1894 2822
1894 3710
1895 2744
1895 3204
1896 2746
1896 3377
1896 3894
1897 2940
1897 3135
1897 3136
1898 2697
1898 3707
1899 3897
1900 2529
1901 2260
1901 3183
1901 3547
1901 3780
1903 3950
1904 3911
1905 2552
1907 2877
1907 3990
1908 2109
1908 2189
1908 2438
1908 2855
1909 2071
1909 2787
1909 2795
1909 3734
1910 2048
1910 2499
1910 3085
1910 3188
1910 3345
1911 2350
1911 2443
1911 2664
1911 3167
1912 2342
1912 3181
1913 3803
1913 3958
1915 1989
1915 2033
1916 2334
1918 3373
1919 2666
1919 3160
1922 2645
1922 3203
1924 2411
1924 3627
1925 2570
1925 3597
1925 3829
1926 2431
1926 3279
1926 3677
1927 2053
1927 2224
1927 2235
1927 2852
1927 3274
1927 3433
1927 3667
1928 3357
1928 3836
1929 2607
1929 3959
1930 2011
1930 2381
1930 2616
1930 3103
1930 3866
1932 1962
1932 3189
1932 3395
1932 3815
1933 2401
1933 2440
1934 2271
1934 2798
1934 3526
1935 3405
1937 3060
1937 3232
1937 3379
1938 2171
1939 2281
1939 3458
1939 3704
1940 2000
1940 3769
1940 3858
1941 2695
1941 2713
1941 3140
1941 3321
1942 2868
1943 3715
1944 3642
1944 3734
1945 3491
1945 3550
1945 3825
1946 2111
1946 3942
1947 2024
1947 2745
1947 3288
1947 3353
1947 3534
1948 3047
1948 3233
1948 3250
1950 2142
1950 2510
1951 2087
1951 2892
1951 3909
1951 3980
1952 3866
1953 2152
1953 2285
1953 2825
1954 2327
1957 3732
1959 2030
1959 2938
1959 3640
1960 1992
1960 3495
1961 2560
1963 3289
1964 2731
1965 2029
1965 3551
1966 2635
1966 2687
1966 2786
1967 3825
1970 2076
1970 2526
1970 3004
1970 3459
1971 2534
1971 3005
1971 3100
1972 2199
1972 3723
1973 2776
1973 3722
1974 2782
1974 3752
1974 3917
1975 2118
1975 2218
1976 2665
1977 2867
1978 3105
1978 3158
1978 3282
1979 3426
1980 2217
1980 2282
1980 3419
1980 3538
1980 3808
1982 2662
1983 3208
1984 3576
1985 2334
1985 3828
1985 3875
1986 3081
1986 3647
1987 3052
1988 2332
1988 2368
1988 3659
1989 2575
1990 2161
1990 2190
1990 2896
1991 2826
1991 3730
1991 3772
1993 2914
1993 3752
1993 3759
1994 2515
1994 3766
1995 2686
1996 3708
1997 3160
1997 3928
1997 3992
1998 2753
1998 3284
1999 2049
1999 2167
1999 3350
2000 3232
2001 2642
2001 2956
2002 2010
2002 3091
2003 2265
2003 3210
2005 2388
2005 2864
2006 2511
2007 3543
2008 2311
2008 2607
2008 3617
2008 3751
2008 3929
2009 2878
2009 3468
2009 3611
2010 2023
2010 3628
2010 3773
2010 3785
2012 2212
2012 3091
2013 2918
2014 2443
2014 3224
2014 3278
2015 2135
2015 2209
2015 2223
2015 2377
2016 2667
2017 2528
2017 3977
2018 2589
2018 2936
2019 2955
2020 2338
2020 3076
2020 3511
2020 3910
2021 2552
2022 3360
2023 2436
2025 2911
2025 2998
2026 2094
2026 2236
2026 3118
2026 3172
2026 3356
2026 3390
2028 3258
2028 3316
2029 3018
2029 3848
2031 2806
2031 3424
2032 2984
2033 3334
2033 3459
2034 2311
2034 3692
2035 2532
2035 3460
2035 3989
2036 2745
2036 2822
2036 3809
2037 2499
2037 3069
2037 3645
2037 3812
2038 2055
2038 2324
2038 2436
2038 3613
2038 3962
2039 2962
2039 3319
2039 3794
2040 2984
2041 2320
2041 3602
2044 3971
2045 3072
2045 3365
2046 2961
2047 2337
2047 2427
2047 3972
2047 3997
2048 2244
2048 3135
2049 2359
2050 3713
2050 3824
2052 2643
2053 2826
2053 3893
2054 2531
2056 2184
2056 2876
2057 2103
2057 2280
2057 3190
2057 3249
2058 2712
2059 2773
2061 2742
2062 2082
2062 2711
2062 3716
2062 3771
2063 2358
2063 2434
2065 2278
2065 2477
2066 2124
2066 2128
2066 3362
2066 3762
2067 2794
2067 3453
2068 2432
2068 3471
2069 2167
2069 2975
2069 3212
2069 3804
2070 2228
2070 2448
2071 2703
2071 2907
2071 3064
2071 3324
2072 3784
2074 3111
2074 3550
2074 3855
2075 2679
2076 2932
2077 3031
2077 3398
2078 3981
2080 2590
2080 3984
2082 2202
2082 3503
2082 3677
2083 2554
2083 3642
2084 2549
2084 2696
2084 2714
2084 3043
2084 3673
2084 3845
2085 2611
2086 2119
2086 2131
2086 3008
2087 2235
2088 3304
2090 2404
2090 2623
2091 2890
2091 3930
2092 3961
2093 2532
2094 2718
2094 3133
2094 3205
2094 3280
2095 2223
2096 2741
2096 3216
2096 3399
2097 3075
2097 3132
2097 3688
2098 2473
2098 3586
2100 2844
2100 2894
2101 2398
2101 3543
2101 3850
2103 2246
2103 2266
2103 2548
2104 2209
2104 2796
2104 3611
2105 2240
2107 3292
2108 2115
2108 3740
2108 3793
2108 3974
2110 3783
2111 2422
2111 2959
2113 3017
2114 2123
2114 2272
2114 2932
2115 2707
2116 2419
2116 2654
2116 3337
2117 3187
2118 2225
2118 2832
2118 2940
2120 2297
2120 3689
2120 3741
2121 3326
2122 3520
2123 2770
2124 2604
2124 2671
2124 2806
2124 3593
2124 3863
2125 3518
2125 3906
2126 2325
2126 3071
2126 3103
2126 3365
2126 3379
2127 2379
2129 3251
2130 2931
2131 2569
2131 3923
2132 2178
2133 2354
2135 2560
2135 2968
2136 2593
2138 2867
2138 3932
2139 2954
2139 3372
2141 2297
2141 2516
2141 3856
2142 2191
2142 3816
2143 2211
2143 2297
2143 3105
2143 3820
2144 3023
2144 3753
2144 3779
2144 3846
2146 2480
2146 2590
2146 3704
2146 3996
2147 3106
2147 3673
2148 3060
2148 3892
2149 2585
2149 3324
2151 2414
2151 2853
2151 2880
2151 3880
2152 2330
2152 3559
2152 3714
2154 2974
2155 2864
2155 3762
2157 2521
2158 3070
2159 2624
2160 3805
2161 3400
2161 3797
2162 3282
2162 3584
2164 3136
2164 3459
2165 2329
2165 2968
2168 3591
2170 3015
2171 3583
2171 3932
2172 2178
2172 3870
2173 3042
2174 2546
2174 3141
2174 3820
2175 2388
2175 2576
2176 3453
2178 2863
2178 3050
2179 2810
2179 3198
2179 3447
2181 2836
2182 2555
2182 2584
2183 3041
2184 3109
2184 3627
2184 3644
2184 3844
2186 2261
2186 3136
2188 2899
2188 3808
2189 2914
2189 2915
2190 2317
2190 3592
2192 2388
2192 2647
2192 2661
2193 2913
2193 3037
2195 3232
2195 3352
2195 3823
2195 3906
2196 2274
2196 2820
2196 2821
2196 3354
2196 3586
2197 3476
2197 3630
2198 2623
2198 2670
2200 2338
2200 2419
2201 2284
2201 2467
2201 2500
2201 2858
2201 3057
2201 3654
2201 3756
2201 3894
2202 3264
2202 3513
2202 3585
2202 3721
2203 3067
2203 3200
2204 3983
2205 2817
2207 3079
2207 3616
2208 2318
2208 2352
2208 3646
2208 3895
2209 2255
2210 2847
2210 3269
2210 3546
2211 2700
2211 3068
2211 3524
2212 3214
2212 3392
2212 3691
2213 3749
2214 3884
2216 2303
2216 2829
2216 2948
2217 3115
2217 3558
2218 2405
2218 3621
2219 3635
2219 3801
2220 2523
2220 3517
2222 3808
2223 2875
2223 3454
2225 3266
2231 2648
2231 2720
2231 3034
2231 3558
2232 2900
2233 2494
2233 2632
2234 3799
2235 2372
2235 3067
2235 3222
2236 2331
2236 3253
2236 3548
2238 2262
2238 2849
2238 3942
2240 2617
2240 2711
2240 3430
2241 2388
2241 2721
2241 3200
2241 3592
2242 2389
2242 2618
2243 3187
2243 3292
2243 3343
2244 2303
2244 2900
2247 3552
2248 3264
2250 2266
2250 2629
2250 3102
2250 3626
2251 3365
2251 3679
2251 3943
2252 3092
2253 2512
2254 3089
2255 2745
2255 3390
2255 3856
2256 2359
2257 2423
2257 3097
2257 3657
2258 3124
2258 3190
2258 3382
2258 3670
2258 3916
2259 3284
2260 3392
2260 3649
2261 2783
2261 2866
2261 3999
2262 3207
2262 3538
2263 2637
2263 3402
2265 3290
2265 3689
2266 2905
2266 3095
2267 3258
2267 3305
2267 3891
2267 3956
2269 2709
2269 2963
2269 3445
2269 3802
2270 2682
2271 3281
2272 2460
2272 2548
2272 3843
2274 3949
2275 2484
2275 3135
2276 3637
2276 3963
2278 2838
2278 3232
2278 3589
2279 2354
2279 3919
2280 2675
2280 3718
2281 2444
2281 2733
2281 2908
2281 2932
2281 3893
2282 2966
2282 3402
2284 3976
2285 3606
2286 3439
2286 3843
2287 2870
2287 3839
2288 3281
2288 3765
2288 3904
2288 3934
2289 2444
2289 2662
2290 3173
2290 3839
2291 3783
2292 2939
2292 3439
2293 3329
2294 3543
2296 3901
2298 2579
2298 3005
2299 3373
2299 3707
2299 3838
2299 3874
2300 3138
2303 2551
2306 2322
2306 2451
2306 2452
2306 2784
2306 2897
2306 3921
2306 3983
2307 2968
2307 3969
2308 2432
2311 2400
2311 2670
2311 3042
2311 3625
2312 3681
2312 3707
2313 3247
2313 3325
2314 2513
2314 2564
2314 2737
2316 2992
2317 2530
2317 3162
2317 3455
2320 2827
2320 3386
2320 3801
2321 3967
2322 2974
2322 3235
2323 3507
2323 3793
2324 2902
2324 3246
2324 3499
2324 3593
2325 2774
2325 3380
2325 3781
2326 3290
2326 3432
2327 3169
2329 2505
2329 2773
2329 2879
2329 3861
2330 3146
2330 3968
2331 3013
2331 3016
2332 3690
2333 2797
2334 2595
2335 2512
2335 2905
2335 3758
2336 2652
2336 2956
2336 3925
2338 2869
2339 3444
2339 3877
2340 2727
2340 2868
2340 3959
2341 2578
2341 2687
2341 3069
2343 3123
2344 3330
2344 3913
2344 3973
2345 2781
2345 3039
2345 3068
2346 3818
2347 2939
2347 3667
2348 3066
2348 3175
2349 3363
2350 2381
2350 3210
2350 3375
2351 3544
2351 3917
2352 3021
2352 3048
2352 3408
2353 3728
2354 2583
2355 2400
2355 2419
2355 3974
2356 3216
2357 2513
2357 3338
2358 2838
2360 2864
2361 2583
2361 3676
2362 2931
2362 3020
2362 3028
2363 3667
2364 2371
2364 2991
2364 3750
2364 3767
2365 2748
2365 3989
2366 3085
2366 3416
2366 3449
2367 2721
2368 2715
2368 3041
2368 3112
2368 3513
2368 3594
2369 3532
2370 2711
2370 3476
2372 2514
2373 3814
2374 2703
2374 3493
2375 3705
2377 2493
2378 2806
2378 2970
2378 3584
2379 2384
2379 3909
2380 3491
2382 2668
2383 3277
2385 3360
2385 3588
2386 3719
2387 3886
2390 2424
2390 2629
2390 2932
2391 3546
2391 3723
2392 2426
2392 2596
2392 3411
2393 2430
2393 2956
2393 3826
2394 2477
2394 3893
2394 3976
2396 2851
2397 3938
2398 3020
2398 3968
2399 2704
2400 2784
2400 3895
2401 3213
2401 3215
2403 2598
2406 3343
2407 3776
2408 2488
2408 2519
2408 2811
2408 3059
2408 3469
2408 3796
2409 3322
2409 3576
2409 3962
2410 2550
2411 3409
2411 3664
2412 2642
2412 2658
2412 3652
2414 2951
2414 2967
2415 3831
2416 2930
2416 3327
2416 3409
2417 2792
2417 3732
2418 3087
2419 3275
2422 3157
2422 3317
2423 3183
2423 3385
2423 3696
2424 3007
2424 3668
2425 2534
2425 3046
2425 3881
2426 3513
2426 3703
2427 2439
2428 3862
2429 2680
2429 2878
2429 3162
2429 3745
2430 3836
2433 2975
2433 3807
2434 3748
2435 3810
2435 3904
2436 2966
2436 3424
2437 3460
2437 3569
2438 3252
2439 2644
2439 3472
2439 3739
2440 2900
2440 3465
2441 2445
2441 3336
2441 3863
2442 2881
2442 3737
2443 2866
2443 3071
2443 3171
2444 3473
2445 2878
2446 2729
2446 3258
2446 3651
2447 2622
2448 2574
2449 2910
2449 3170
2449 3683
2450 2989
2450 3157
2451 3020
2452 3838
2453 3072
2455 2536
2456 3179
2457 3260
2457 3394
2458 3521
2458 3682
2458 3778
2459 2593
2459 3565
2460 2478
2460 3124
2463 2821
2464 2970
2465 2770
2467 3503
2467 3528
2467 3844
2468 3434
2469 3432
2470 2818
2472 3461
2472 3992
2473 3200
2474 3874
2474 3887
2476 2874
2477 2499
2478 2490
2478 3965
2479 3745
2479 3747
2480 2855
2482 2676
2482 2927
2482 3787
2483 3028
2484 3928
2486 3925
2487 3192
2488 2818
2488 3671
2488 3853
2489 3758
2490 3543
2491 3117
2491 3404
2492 2500
2492 2722
2493 3358
2494 2634
2496 2521
2496 2858
2496 2903
2498 3698
2499 2923
2500 3134
2500 3412
2501 2840
2501 2842
2501 3763
2502 3112
2502 3899
2503 2715
2503 2842
2503 3216
2503 3896
2504 3010
2504 3847
2505 2642
2505 3472
2506 3212
2506 3914
2507 3185
2507 3789
2509 2768
2510 2783
2510 3966
2512 3022
2513 3624
2514 2872
2514 3741
2516 3580
2517 3008
2521 2878
2521 3640
2523 2530
2523 3241
2526 2968
2526 3449
2526 3982
2527 2876
2527 3078
2527 3310
2528 2589
2528 3022
2528 3746
2530 2736
2530 3804
2531 2715
2532 3561
2533 2751
2534 2946
2535 3500
2536 3464
2538 3659
2538 3813
2539 2593
2539 2910
2539 3980
2540 3600
2540 3994
2541 3297
2542 2662
2542 2708
2542 3345
2542 3480
2543 3072
2543 3084
2543 3256
2543 3689
2544 2691
2544 3537
2548 2785
2548 3002
2548 3573
2548 3738
2549 2553
2549 2910
2549 3068
2549 3894
2549 3975
2550 2584
2550 3036
2551 2645
2551 3318
2551 3732
2552 2773
2552 3150
2553 3679
2553 3952
2555 3950
2556 3081
2556 3440
2556 3955
2557 2892
2558 2582
2558 2662
2559 3937
2562 2971
2563 2863
2563 3773
2564 2943
2564 3480
2564 3694
2565 3645
2565 3691
2566 3299
2566 3886
2568 2580
2569 2586
2570 2611
2571 3829
2572 2737
2572 3116
2573 3519
2575 3680
2575 3723
2576 3640
2577 3546
2578 2722
2578 3073
2578 3110
2579 3664
2580 3727
2581 3890
2583 3177
2586 3811
2589 2771
2589 2972
2589 3303
2590 2768
2590 2856
2590 3271
2590 3516
2590 3760
2592 2988
2592 3854
2593 2747
2593 3691
2594 3009
2594 3472
2595 3194
2595 3213
2595 3315
2597 2996
2597 3253
2597 3284
2597 3502
2598 3873
2600 3210
2600 3587
2601 2984
2602 2946
2603 2708
2603 2758
2603 3895
2604 2678
2604 2883
2604 3191
2604 3561
2604 3581
2605 3143
2605 3585
2605 3834
2606 3020
2606 3245
2606 3480
2607 2955
2608 3272
2610 2695
2610 2798
2610 2862
2610 3277
2611 3159
2611 3517
2612 2981
2612 3068
2612 3564
2613 2918
2613 3075
2613 3415
2613 3601
2614 3513
2617 2757
2617 3214
2618 3376
2618 3531
2618 3679
2618 3809
2620 3399
2622 3173
2623 3783
2625 2772
2625 3034
2628 3481
2630 2690
2630 2796
2632 2807
2633 3923
2635 2937
2636 2991
2636 3081
2636 3962
2638 3671
2639 2773
2639 3934
2640 3237
2642 3120
2643 3189
2645 3939
2646 3178
2647 2700
2647 3658
2649 3613
2650 3386
2651 2940
2651 3640
2652 2888
2653 3635
2654 3106
2654 3487
2655 2879
2655 3650
2656 3882
2658 2804
2658 3045
2658 3879
2659 2662
2660 3171
2660 3757
2661 3681
2662 2807
2662 3540
2664 3571
2665 3371
2666 3730
2668 2790
2668 3312
2669 2794
2669 3027
2669 3986
2670 2844
2671 3217
2672 2689
2672 3596
2673 2994
2673 3589
2673 3790
2674 3091
2674 3396
2675 3662
2678 3985
2679 3227
2679 3857
2680 3405
2680 3785
2681 3541
2681 3613
2684 3014
2684 3338
2684 3631
2685 2773
2685 3548
2686 3302
2687 2814
2687 3972
2689 3223
2690 3357
2694 2964
2694 3083
2695 3241
2696 3943
2697 2817
2697 3420
2697 3680
2698 3131
2700 3038
2700 3799
2701 3336
2701 3779
2702 3519
2704 3288
2704 3856
2706 3440
2706 3565
2707 3932
2708 3124
2715 2849
2716 3361
2716 3396
2717 3964
2718 3161
2718 3753
2720 3669
2721 3831
2721 3970
2722 3140
2722 3433
2723 2991
2724 3609
2726 3167
2727 3602
2728 2851
2729 3796
2730 2937
2731 3251
2732 3562
2733 2777
2734 3114
2734 3904
2735 3056
2737 3398
2737 3857
2738 3407
2740 2838
2740 3832
2741 3268
2741 3332
2741 3963
2743 2862
2743 2898
2743 3665
2746 3214
2746 3375
2750 2784
2750 2819
2750 3095
2750 3641
2751 3846
2751 3998
2753 2903
2753 2935
2753 3091
2753 3237
2753 3522
2754 3118
2755 2777
2757 2758
2759 3177
2759 3396
2760 2905
2760 3068
2760 3609
2760 3716
2760 3877
2761 3598
2762 3133
2763 2814
2763 3262
2764 2978
2765 3193
2765 3623
2766 3081
2766 3191
2769 3694
2770 2866
2770 3739
2772 3056
2772 3468
2774 3589
2775 3595
2776 3223
2776 3712
2777 3892
2778 3444
2778 3473
2778 3659
2778 3684
2778 3778
2779 2954
2779 3178
2779 3871
2782 3140
2784 3229
2784 3778
2785 3340
2785 3548
2788 3332
2788 3596
2789 3834
2790 3673
2793 3401
2795 2827
2797 3208
2797 3267
2797 3317
2798 3036
2799 3183
2799 3290
2801 3695
2802 3033
2803 2876
2803 3601
2803 3924
2804 3158
2804 3829
2807 3645
2807 3852
2810 3891
2810 3899
2811 3928
2812 2825
2813 2983
2813 3420
2815 3250
2817 3320
2818 3146
2819 3663
2820 3668
2821 3454
2821 3935
2822 3455
2823 2979
2824 3382
2825 3405
2825 3792
2825 3793
2826 2908
2826 3572
2826 3939
2827 3629
2828 2881
2829 3644
2830 3292
2832 2935
2832 3770
2833 2877
2833 2938
2833 3801
2833 3919
2835 2988
2835 2995
2835 2998
2836 3348
2837 3002
2839 3602
2840 3644
2841 3813
2841 3932
2844 3166
2845 2919
2845 2929
2845 3174
2846 2860
2846 3632
2847 3615
2848 3894
2849 2919
2849 3516
2849 3602
2849 3786
2849 3880
2849 3902
2850 3198
2850 3256
2850 3937
2853 3255
2853 3885
2854 3134
2855 3192
2856 3648
2857 3337
2857 3831
2859 3749
2859 3818
2860 3104
2860 3899
2861 3001
2861 3669
2861 3726
2861 3809
2861 3909
2867 2921
2867 3131
2867 3540
2868 3070
2869 3178
2870 2922
2870 2926
2870 3308
2872 3201
2873 3662
2873 3822
2874 2880
2874 3616
2875 2969
2875 3148
2876 3778
2877 3481
2877 3819
2879 3031
2879 3347
2879 3518
2881 3369
2882 2935
2884 3322
2884 3336
2884 3366
2884 3778
2884 3995
2885 3528
2885 3865
2886 3792
2886 3870
2887 3093
2887 3427
2887 3446
2887 3553
2889 3027
2889 3690
2890 3442
2890 3884
2892 3404
2893 3444
2894 3834
2897 3818
2898 2902
2900 3612
2902 3367
2903 3094
2903 3286
2905 3710
2905 3908
2907 3903
2907 3940
2908 3089
2909 3291
2912 3963
2915 3392
2916 3328
2917 3418
2918 2930
2919 3003
2919 3265
2919 3978
2920 3515
2921 3808
2922 3190
2923 2939
2923 3711
2925 2954
2925 3970
2926 3845
2926 3915
2928 3050
2928 3073
2928 3593
2929 3599
2930 2943
2930 3919
2931 3094
2933 3298
2933 3874
2934 3112
2934 3367
2934 3564
2934 3924
2936 3848
2937 3436
2939 3138
2939 3324
2941 3453
2944 3007
2944 3272
2947 3864
2949 3513
2950 3993
2955 3586
2956 3904
2957 3124
2958 3217
2958 3478
2961 3312
2963 3721
2964 3542
2964 3693
2965 3457
2967 3117
2967 3785
2969 3693
2971 3021
2971 3062
2972 3080
2972 3666
2974 3213
2976 3074
2977 3421
2979 3599
2982 3482
2984 3255
2985 3020
2986 3843
2987 3108
2988 3115
2988 3990
2992 3980
2993 3751
2993 3888
2995 3252
2995 3539
2996 3761
2998 3844
3000 3221
3001 3488
3001 3853
3001 3915
3002 3012
3005 3193
3005 3733
3006 3227
3008 3797
3008 3978
3009 3306
3011 3326
3014 3481
3015 3114
3017 3510
3019 3316
3019 3340
3021 3439
3022 3174
3023 3027
3023 3480
3029 3195
3029 3671
3029 3826
3032 3145
3037 3768
3037 3945
3038 3296
3038 3355
3039 3623
3041 3850
3042 3946
3043 3693
3045 3362
3046 3657
3048 3775
3049 3738
3050 3244
3051 3737
3056 3978
3057 3622
3059 3240
3059 3330
3061 3905
3067 3156
3067 3973
3069 3406
3070 3418
3071 3922
3071 3982
3073 3277
3073 3503
3073 3689
3074 3979
3077 3629
3078 3247
3079 3275
3079 3812
3082 3498
3083 3203
3083 3678
3084 3431
3084 3727
3085 3895
3085 3995
3087 3108
3087 3274
3087 3662
3088 3443
3090 3278
3092 3545
3096 3323
3097 3856
3098 3954
3100 3845
3101 3571
3104 3285
3104 3574
3106 3641
3108 3408
3109 3560
3110 3389
3111 3883
3111 3975
3112 3902
3116 3488
3119 3269
3120 3281
3120 3395
3120 3736
3121 3639
3122 3194
3124 3352
3124 3360
3124 3923
3125 3989
3126 3709
3128 3788
3129 3490
3130 3680
3132 3412
3132 3475
3132 3680
3132 3986
3133 3259
3133 3936
3134 3445
3134 3674
3135 3632
3135 3820
3137 3749
3139 3275
3142 3370
3144 3482
3145 3486
3145 3492
3148 3321
3149 3318
3150 3600
3154 3773
3156 3681
3157 3403
3157 3851
3160 3232
3162 3939
3166 3259
3167 3460
3167 3488
3167 3538
3169 3488
3171 3338
3174 3348
3174 3507
3177 3571
3177 3708
3178 3286
3179 3227
3179 3460
3179 3796
3179 3801
3180 3595
3181 3184
3184 3967
3186 3379
3186 3409
3191 3308
3191 3796
3192 3332
3192 3886
3193 3503
3194 3557
3195 3223
3195 3284
3196 3535
3196 3729
3197 3349
3197 3387
3198 3900
3199 3830
3200 3371
3200 3884
3202 3357
3202 3763
3203 3443
3205 3959
3208 3466
3208 3484
3208 3510
3211 3861
3211 3903
3214 3406
3215 3647
3215 3756
3220 3372
3222 3754
3222 3946
3223 3493
3223 3701
3224 3549
3225 3353
3226 3748
3227 3507
3227 3813
3229 3425
3229 3618
3230 3654
3231 3842
3231 3875
3233 3273
3235 3376
3236 3351
3238 3991
3240 3700
3241 3823
3242 3563
3242 3595
3246 3486
3246 3659
3247 3260
3248 3809
3249 3301
3250 3906
3250 3930
3251 3861
3251 3944
3252 3261
3252 3488
3252 3840
3253 3926
3254 3674
3256 3360
3256 3387
3256 3688
3258 3383
3259 3464
3260 3369
3260 3403
3260 3844
3264 3546
3264 3943
3265 3790
3265 3932
3266 3497
3266 3528
3269 3471
3273 3399
3273 3470
3273 3479
3275 3399
3278 3626
3279 3750
3281 3528
3282 3480
3282 3977
3283 3638
3283 3969
3287 3616
3288 3912
3289 3670
3291 3857
3291 3949
3293 3785
3294 3718
3296 3902
3297 3987
3298 3303
3299 3628
3304 3593
3304 3958
3305 3426
3306 3313
3307 3485
3307 3587
3308 3723
3308 3990
3309 3560
3311 3630
3312 3931
3314 3438
3314 3707
3315 3535
3316 3351
3317 3938
3320 3557
3322 3579
3323 3373
3325 3662
3328 3822
3328 3890
3329 3732
3332 3385
3332 3444
3332 3574
3334 3469
3336 3952
3337 3425
3337 3472
3337 3609
3340 3709
3340 3790
3340 3801
3341 3887
3345 3378
3346 3389
3346 3852
3347 3835
3349 3377
3350 3586
3352 3555
3352 3563
3353 3477
3353 3764
3354 3669
3362 3459
3363 3754
3364 3454
3366 3382
3367 3853
3368 3485
3369 3928
3371 3628
3371 3973
3374 3667
3375 3443
3377 3685
3377 3885
3379 3628
3379 3844
3380 3408
3380 3551
3380 3608
3380 3788
3382 3407
3382 3758
3382 3991
3385 3746
3387 3664
3387 3818
3387 3844
3388 3907
3389 3737
3389 3931
3391 3421
3392 3398
3392 3700
3393 3603
3396 3938
3397 3631
3398 3715
3399 3464
3399 3956
3404 3906
3405 3943
3408 3686
3408 3953
3411 3454
3413 3896
3414 3769
3416 3788
3417 3913
3422 3641
3425 3745
3426 3560
3426 3584
3427 3445
3432 3860
3441 3979
3443 3628
3444 3686
3445 3516
3445 3763
3447 3588
3448 3947
3452 3852
3456 3507
3457 3766
3459 3979
3460 3815
3462 3544
3462 3616
3462 3705
3462 3828
3464 3707
3469 3745
3470 3904
3473 3543
3478 3539
3478 3574
3487 3658
3489 3798
3490 3779
3494 3613
3494 3642
3497 3987
3500 3624
3502 3938
3507 3803
3510 3615
3511 3705
3512 3732
3512 3827
3517 3570
3519 3540
3520 3924
3522 3836
3522 3984
3526 3571
3526 3902
3528 3739
3532 3810
3532 3964
3535 3670
3535 3858
3537 3692
3537 3808
3539 3824
3541 3751
3541 3929
3542 3815
3544 3701
3549 3968
3560 3926
3562 3623
3564 3950
3567 3942
3570 3962
3572 3619
3574 3622
3576 3859
3576 3996
3583 3612
3589 3675
3591 3782
3593 3987
3597 3623
3599 3654
3600 3809
3601 3641
3603 3961
3605 3974
3607 3660
3607 3918
3608 3708
3609 3914
3610 3926
3612 3900
3616 3630
3621 3921
3624 3967
3627 3876
3628 3882
3633 3706
3637 3794
3637 3799
3637 3806
3639 3897
3640 3767
3640 3824
3641 3887
3641 3998
3643 3955
3647 3972
3654 3850
3657 3803
3662 3727
3667 3951
3669 3726
3669 3753
3670 3969
3675 3714
3681 3860
3683 3953
3684 3718
3690 3738
3692 3695
3692 3864
3695 3914
3698 3979
3699 3708
3699 3791
3715 3720
3716 3796
3726 3816
3729 3914
3729 3996
3730 3825
3738 3850
3745 3837
3748 3857
3749 3884
3751 3886
3751 3993
3754 3900
3760 3850
3766 3813
3767 3776
3776 3937
3781 3952
3790 3911
3793 3963
3816 3881
3833 3930
3841 3994
3851 3855
3853 3962
3858 3978
3868 3979
3875 3921
3882 3937
3918 3958
3929 3950
3937 3981
3950 3971
3954 3962
3955 3981
3963 3983
3974 3981
