0 1
0 2
0 3
0 4
0 13
0 15
0 18
0 19
0 21
0 39
0 41
0 52
0 53
0 72
0 83
0 87
0 94
0 100
0 108
0 112
0 115
0 142
0 189
0 193
0 199
0 228
0 231
0 242
1 2
1 3
1 4
1 5
1 6
1 8
1 9
1 10
1 11
1 13
1 15
1 16
1 18
1 20
1 21
1 23
1 26
1 28
1 30
1 32
1 33
1 34
1 35
1 36
1 38
1 39
1 40
1 41
1 42
1 44
1 46
1 48
1 51
1 52
1 58
1 59
1 61
1 63
1 64
1 66
1 71
1 77
1 81
1 92
1 93
1 94
1 96
1 98
1 100
1 101
1 103
1 105
1 107
1 113
1 117
1 118
1 119
1 123
1 124
1 127
1 138
1 139
1 142
1 145
1 151
1 153
1 154
1 159
1 160
1 167
1 168
1 174
1 179
1 181
1 183
1 184
1 185
1 187
1 188
1 190
1 191
1 192
1 193
1 194
1 198
1 202
1 203
1 204
1 205
1 212
1 220
1 232
1 235
1 236
1 238
1 240
1 244
2 5
2 6
2 25
2 33
2 44
2 50
2 54
2 57
2 65
2 69
2 71
2 73
2 92
2 104
2 105
2 137
2 155
2 173
2 180
2 189
2 201
2 202
2 217
2 244
3 8
3 17
3 24
3 34
3 42
3 47
3 56
3 89
3 109
3 113
3 116
3 118
3 119
3 133
3 144
3 147
3 161
3 167
3 176
3 181
3 226
3 238
4 7
4 11
4 16
4 114
5 10
5 12
5 14
5 22
5 30
5 62
5 67
5 68
5 86
5 87
5 89
5 91
5 97
5 120
5 121
5 125
5 132
5 162
5 178
5 199
5 200
5 234
6 7
6 9
6 12
6 43
6 55
6 58
6 79
6 149
6 153
6 194
6 196
6 198
6 215
7 82
7 131
7 180
8 25
8 28
8 37
8 45
8 70
8 82
8 96
8 222
9 14
9 19
9 38
9 43
9 48
9 60
9 85
9 90
9 95
9 111
9 120
9 134
9 166
9 171
9 183
9 216
9 227
9 230
9 233
9 243
10 17
10 23
10 27
10 29
10 31
10 37
10 56
10 74
10 75
10 99
10 136
10 138
10 157
10 169
10 176
10 218
10 220
10 224
10 227
10 231
11 20
11 31
11 49
11 130
11 139
11 165
11 200
11 211
11 242
12 206
13 36
13 61
13 66
13 156
13 170
13 201
13 209
13 218
13 228
14 47
14 83
14 115
14 165
14 171
14 229
14 230
15 22
15 35
15 50
15 55
15 65
15 73
15 77
15 88
15 102
15 106
15 140
15 143
15 146
15 148
15 157
15 177
15 185
15 209
15 219
15 248
16 84
16 97
16 106
16 173
16 182
16 211
16 240
17 69
18 121
19 32
19 40
19 49
19 72
19 81
19 88
19 95
19 102
19 110
19 163
19 217
20 24
20 26
20 27
20 29
20 45
20 53
20 57
20 64
20 67
20 78
20 90
20 112
20 141
20 144
20 149
20 161
20 186
20 197
20 214
20 216
21 74
21 85
21 103
22 156
22 169
24 110
27 60
27 136
27 164
27 188
27 210
27 237
30 51
30 62
30 68
30 128
30 141
30 192
30 222
30 239
30 246
30 249
31 214
32 46
32 245
33 137
39 229
40 59
40 63
40 98
40 111
40 131
40 204
40 233
41 122
41 234
42 70
42 126
42 246
44 208
45 78
46 75
47 237
48 54
48 99
48 124
48 143
48 147
48 158
48 178
48 215
51 76
51 101
51 150
51 208
54 195
55 114
56 122
56 152
59 245
60 134
60 160
64 80
68 76
68 135
68 163
69 80
69 207
71 174
77 79
77 116
78 107
78 108
79 133
79 135
79 152
79 175
79 184
79 225
79 249
80 86
80 148
80 182
82 84
85 91
85 93
85 129
86 104
86 172
86 203
86 225
88 123
88 179
89 126
93 235
95 162
96 127
96 239
97 146
99 155
99 197
100 158
103 109
103 221
104 168
105 125
107 175
107 243
108 128
109 159
114 150
114 166
114 247
115 117
117 232
118 132
119 129
119 145
120 207
121 221
126 130
126 151
126 170
127 154
128 223
131 140
134 187
138 164
138 190
138 213
140 205
143 223
155 177
160 186
164 196
169 172
169 213
169 226
170 195
171 212
178 247
183 191
185 224
190 206
190 210
194 241
200 236
202 248
207 219
219 241
