0 97
0 195
0 353
0 652
0 991
0 1260
1 8
1 73
1 700
1 755
1 1352
2 563
2 809
2 851
2 981
2 1319
2 1574
2 1613
3 330
3 853
3 1044
3 1059
4 663
5 226
5 1343
5 1422
5 1968
6 212
6 779
6 850
6 1024
6 1187
6 1599
7 1431
8 957
8 1124
8 1193
9 57
9 468
9 1008
9 1179
9 1385
10 740
10 753
10 999
10 1135
10 1503
10 1697
11 608
11 890
11 962
11 1227
11 1397
11 1854
11 1891
12 585
12 1131
13 143
13 437
13 895
13 1084
13 1094
13 1731
13 1757
13 1855
14 362
14 912
14 955
14 1958
15 273
15 928
15 1691
15 1827
16 348
16 1039
16 1202
16 1513
16 1575
17 21
17 235
17 456
17 744
17 854
17 1313
17 1450
17 1791
18 656
18 1154
18 1474
18 1638
19 1858
20 409
20 1068
20 1247
20 1915
21 548
21 1240
21 1431
21 1688
21 1803
22 123
22 953
22 1435
22 1704
23 1890
24 1258
24 1892
25 439
25 657
25 658
25 773
25 1102
25 1646
26 355
26 764
26 1395
26 1830
26 1956
27 147
27 519
27 545
27 812
27 881
27 945
27 1244
27 1616
28 615
28 1321
28 1591
29 408
29 1063
30 744
30 1323
31 962
31 1023
31 1044
32 263
32 305
32 309
32 403
32 944
32 1864
33 148
33 1410
33 1650
33 1973
34 397
34 1504
34 1709
35 455
35 562
35 1021
35 1862
36 528
36 763
36 1426
36 1534
36 1777
36 1937
37 252
37 654
37 716
37 829
37 944
37 1464
37 1518
37 1526
37 1590
38 1053
38 1352
39 752
39 1226
39 1734
39 1970
40 925
40 1101
40 1932
41 931
41 1578
42 166
42 952
42 1152
42 1238
42 1391
42 1422
43 146
43 495
43 1015
43 1546
44 598
44 912
44 1776
45 1110
45 1284
46 77
46 1579
47 800
47 1232
47 1340
48 114
48 469
48 512
48 1207
49 211
49 371
49 705
49 835
49 1208
50 1213
50 1373
50 1515
50 1580
51 722
51 895
51 1873
52 558
52 1363
52 1585
53 458
53 952
53 995
53 1026
53 1224
53 1982
54 373
54 877
54 1176
54 1772
54 1922
55 86
55 127
55 754
55 889
55 1073
55 1738
56 826
56 1003
56 1043
56 1619
57 157
58 1406
58 1782
59 139
59 1359
59 1481
60 458
60 1297
60 1616
60 1993
61 602
61 1596
61 1669
62 303
62 311
62 1544
62 1664
63 123
63 1268
64 468
64 727
64 1023
64 1452
65 640
65 917
65 1892
66 113
66 542
66 576
66 911
66 1102
66 1144
67 711
67 1000
67 1289
67 1326
67 1394
67 1726
67 1752
68 1384
69 243
69 636
69 1438
69 1772
70 513
71 74
71 102
71 1533
71 1537
71 1685
71 1743
71 1821
72 318
72 658
72 1068
72 1290
72 1452
72 1652
73 932
73 972
73 1333
73 1699
74 491
74 512
74 1033
74 1159
74 1394
75 706
75 1754
76 1263
76 1350
76 1723
77 256
77 789
77 1334
77 1428
77 1584
77 1861
78 732
78 771
78 867
78 948
78 1405
78 1774
78 1976
79 533
79 810
79 1117
79 1303
79 1378
79 1893
80 221
80 343
80 601
80 910
81 544
81 678
81 1059
81 1132
81 1657
81 1744
82 434
82 634
82 1023
82 1358
82 1416
83 651
83 1083
83 1120
83 1970
84 972
84 1036
85 1262
85 1405
85 1694
87 258
87 499
87 1000
87 1235
88 1217
88 1365
88 1569
88 1574
89 120
89 330
89 432
89 659
89 836
89 968
90 135
90 173
90 707
90 1393
90 1643
91 160
91 1240
91 1412
92 486
92 501
92 862
92 894
93 536
93 900
93 917
93 1283
93 1983
94 463
94 1274
94 1451
94 1732
95 624
95 1065
95 1239
95 1641
95 1985
96 150
96 263
96 652
96 718
97 111
97 262
97 1232
97 1864
98 137
98 385
98 689
98 691
98 1105
98 1147
98 1961
99 887
99 1790
100 336
100 410
100 646
100 1281
100 1585
100 1624
101 692
101 1094
101 1230
101 1795
101 1849
102 503
102 557
102 713
102 990
102 1025
102 1537
102 1897
103 509
103 802
103 1000
103 1047
105 344
105 543
105 574
105 1589
105 1997
106 690
106 1147
106 1965
107 1659
108 400
108 646
108 932
108 1206
108 1759
108 1828
109 242
109 510
109 924
109 1349
109 1500
109 1948
110 686
110 1730
110 1800
111 596
111 792
111 857
111 1905
112 959
113 1105
113 1114
113 1753
114 268
114 1028
114 1611
114 1800
114 1953
115 243
115 577
115 633
115 743
115 1001
115 1401
115 1721
116 1638
116 1820
117 1124
117 1356
117 1680
117 1728
118 276
118 369
118 1645
119 185
119 1440
120 854
120 990
120 1859
120 1908
121 159
121 1477
121 1588
121 1667
122 462
122 587
122 1926
123 324
123 359
124 215
124 317
124 559
124 675
124 1539
124 1989
125 348
125 673
125 707
125 977
125 1010
125 1100
125 1309
126 435
126 803
126 930
126 1444
126 1852
127 819
127 930
127 1517
127 1952
128 376
128 691
128 789
128 795
129 336
129 439
129 622
129 1666
130 980
130 1587
131 582
131 983
132 388
132 461
132 507
132 632
132 756
132 872
132 1623
133 488
133 715
133 751
133 1156
134 524
134 1011
134 1343
135 1295
135 1379
135 1416
135 1580
136 267
136 1154
136 1168
138 1466
138 1851
139 549
139 1329
139 1954
140 532
140 1336
140 1764
141 1334
141 1347
141 1568
142 218
142 276
142 376
142 398
142 893
142 1642
142 1786
143 878
143 1295
143 1938
144 273
144 382
144 632
144 672
144 1319
144 1890
145 627
145 1150
145 1570
146 380
146 596
146 669
146 1700
146 1706
146 1759
146 1848
147 1150
147 1423
148 395
148 468
148 1016
148 1101
148 1142
148 1513
148 1866
149 1753
150 475
150 566
150 1121
150 1871
150 1935
150 1970
151 246
151 412
151 521
151 1015
151 1846
151 1958
152 179
152 224
152 243
152 382
152 395
152 706
152 1766
152 1820
153 669
153 1174
154 608
154 1052
154 1962
155 1317
155 1725
156 534
156 652
156 1023
156 1052
156 1270
156 1472
156 1937
157 452
158 266
158 756
158 976
158 997
158 1240
158 1577
158 1695
159 659
159 1642
160 605
160 1150
160 1231
161 495
161 1099
161 1424
161 1535
161 1713
161 1851
162 656
162 852
162 1564
162 1690
162 1901
163 389
163 1656
163 1689
164 819
164 1433
164 1737
165 632
165 1166
165 1218
165 1366
166 1860
167 923
167 1277
168 1851
169 212
169 228
169 482
169 706
169 1888
170 173
170 191
170 373
170 1151
170 1521
170 1686
171 235
171 321
171 900
171 1829
172 1510
172 1654
174 945
174 1149
175 206
175 246
175 595
175 901
175 1709
176 210
176 562
176 1370
176 1455
176 1775
177 181
177 197
177 710
177 746
177 1342
177 1659
177 1808
178 370
178 434
178 829
178 885
178 1108
178 1696
179 1257
180 287
180 1691
181 679
181 1680
182 468
182 743
182 754
183 393
183 677
183 950
184 331
184 1746
185 198
185 362
185 793
185 965
185 1619
185 1736
185 1836
185 1920
186 891
187 1726
187 1787
188 237
188 1705
188 1993
189 753
189 1548
190 421
190 850
190 1239
190 1347
191 1371
191 1596
192 675
193 325
194 268
194 311
194 540
194 670
194 723
195 224
195 995
195 1313
195 1471
196 728
196 1975
197 932
197 1419
198 234
198 370
198 435
198 582
198 1409
199 365
199 1352
199 1539
199 1550
199 1913
199 1997
200 217
200 1124
200 1187
200 1727
200 1939
201 497
201 728
201 1243
201 1538
201 1978
202 866
202 1512
202 1723
203 974
204 576
204 696
204 707
204 1418
205 729
205 1286
205 1333
206 479
206 982
206 1765
206 1792
207 336
207 1101
207 1640
207 1734
207 1975
208 763
208 1431
208 1570
208 1704
208 1798
208 1866
209 341
209 1288
209 1647
210 1839
211 597
211 756
211 982
211 1329
211 1340
213 457
213 863
213 1170
213 1994
214 1025
214 1076
214 1762
215 445
215 1803
216 1567
217 476
217 486
217 850
217 1199
218 241
218 516
218 826
218 1225
218 1370
218 1456
218 1481
218 1554
218 1870
219 1708
220 228
220 449
221 1016
221 1087
222 483
222 748
222 796
222 831
222 874
222 1353
222 1631
222 1658
222 1736
223 452
223 1949
224 1209
224 1397
225 773
225 820
226 648
226 876
226 936
226 1113
227 379
227 690
227 903
227 1605
227 1637
228 315
229 825
229 1006
230 333
230 1230
230 1462
231 335
231 453
231 467
231 804
231 849
231 1164
232 593
232 1270
232 1803
232 1804
232 1845
233 378
233 436
233 1828
234 555
234 1216
234 1673
235 1045
235 1195
235 1472
235 1740
236 286
236 565
236 680
236 714
236 1023
237 596
237 1138
237 1477
237 1818
238 552
238 692
238 1138
238 1943
239 1354
239 1632
239 1957
240 927
240 964
240 1728
240 1882
241 712
241 927
241 1200
242 494
242 591
242 1653
242 1674
243 288
243 717
243 1110
243 1799
243 1868
244 641
244 842
244 1163
244 1341
245 331
245 355
245 1132
245 1284
245 1608
246 497
246 1444
246 1721
247 649
247 994
247 1684
248 786
248 1141
249 556
249 1046
249 1101
249 1265
250 1452
250 1578
250 1864
251 1584
252 703
252 868
252 1230
253 614
253 1073
254 517
254 785
254 935
254 975
254 1656
255 592
255 977
255 1304
255 1754
255 1902
255 1997
256 399
256 407
256 1597
257 680
257 1169
258 694
258 819
258 929
258 1385
259 913
260 1863
260 1965
261 1437
262 1502
262 1568
262 1963
263 589
263 733
264 850
264 1165
264 1575
265 363
266 326
266 513
266 708
266 1610
267 1863
268 1349
268 1605
268 1824
268 1974
269 1121
269 1579
269 1652
269 1917
270 1175
270 1731
271 359
271 433
271 678
271 721
271 1034
271 1215
271 1932
272 350
272 641
272 793
272 1155
272 1268
273 573
273 741
273 1132
273 1414
273 1754
274 1508
275 835
275 1744
275 1867
276 778
277 533
277 535
277 945
277 1086
277 1185
277 1700
279 789
279 1477
279 1721
280 370
280 1012
280 1128
281 323
281 372
281 503
281 804
281 1868
282 406
282 478
282 731
283 1170
284 315
284 487
284 869
284 873
284 964
284 1641
285 565
285 701
285 740
285 1138
285 1257
285 1322
285 1416
285 1735
285 1793
286 723
286 1185
286 1479
287 1755
287 1890
287 1947
288 585
288 588
288 1562
289 379
290 504
290 892
290 1205
290 1350
291 1435
291 1494
291 1579
291 1867
292 923
292 1357
292 1376
292 1455
292 1535
292 1764
293 897
293 1468
293 1885
294 1037
294 1217
294 1312
294 1651
295 367
295 1387
295 1413
296 1626
297 905
297 989
298 435
298 877
298 999
299 810
299 1585
300 527
300 1464
301 323
301 844
301 873
301 1327
301 1474
302 499
302 527
302 531
302 866
303 545
303 702
303 1736
303 1928
304 605
304 689
304 865
304 1528
304 1542
304 1656
305 569
306 374
306 715
306 1427
306 1454
306 1771
307 919
307 1095
307 1401
307 1409
307 1544
307 1881
308 1244
308 1331
308 1528
308 1621
310 501
310 1291
310 1313
310 1446
311 1929
312 538
312 1284
312 1603
312 1775
313 1828
314 875
314 1508
314 1584
314 1808
315 451
315 1172
315 1180
315 1484
315 1690
315 1950
316 696
316 810
316 1610
317 1180
317 1213
317 1412
318 453
318 1620
318 1672
319 908
319 933
319 1193
319 1320
320 439
320 441
320 939
320 1085
320 1643
320 1708
321 1646
321 1724
321 1753
321 1941
322 1277
322 1848
323 760
323 1011
323 1477
324 492
324 872
324 1488
324 1596
325 947
325 1226
325 1272
325 1507
325 1879
326 590
326 1031
326 1721
327 1003
327 1947
328 810
328 960
328 1478
329 578
329 666
329 1606
330 525
331 892
332 447
332 1295
333 647
333 1030
333 1655
333 1696
334 1007
334 1518
334 1953
335 1649
336 476
336 520
336 802
336 1665
336 1952
337 548
337 1587
337 1837
338 374
338 1037
338 1088
338 1785
339 612
339 902
339 1744
340 435
340 529
340 1481
341 1409
341 1618
341 1736
342 743
342 878
342 922
342 1027
342 1876
342 1973
342 1977
343 666
343 744
343 963
343 1602
344 1649
344 1968
345 505
345 735
345 1064
345 1642
345 1977
346 970
346 1368
346 1471
347 995
347 1233
347 1422
347 1457
348 482
348 533
348 1973
349 689
349 1572
350 374
350 1490
350 1499
350 1839
352 759
352 1010
352 1035
352 1180
353 580
353 1149
353 1278
354 646
354 704
354 732
355 732
355 1050
355 1076
355 1511
355 1623
356 494
356 1639
356 1741
357 511
357 536
358 471
358 953
358 1381
358 1870
358 1975
359 453
359 961
359 1927
360 1052
360 1081
360 1867
361 1285
361 1469
361 1503
361 1655
362 1264
362 1436
362 1452
363 943
363 1336
363 1402
363 1436
363 1472
364 521
364 655
364 672
364 902
365 592
366 960
366 1475
366 1772
367 974
367 1254
367 1314
367 1815
368 904
368 1041
368 1087
368 1319
368 1415
368 1735
369 626
369 790
369 1591
370 485
370 966
370 1225
370 1532
370 1813
371 416
371 1013
371 1124
371 1491
372 1515
372 1955
373 992
373 1413
373 1498
374 726
374 839
374 851
374 882
374 1184
375 498
375 504
375 1934
376 663
376 1670
377 1728
377 1738
377 1902
378 709
378 970
378 1046
378 1626
378 1862
379 1292
380 997
380 1058
380 1201
380 1440
380 1552
380 1680
381 1277
381 1437
382 546
382 624
382 1302
382 1561
382 1927
383 474
384 1059
384 1476
384 1641
386 487
386 913
386 1174
387 1525
387 1767
388 449
388 927
389 547
389 875
389 1015
389 1752
390 971
390 1792
391 662
392 402
392 421
392 944
392 1173
392 1371
392 1523
393 835
393 1454
393 1822
394 1000
394 1122
394 1429
395 1439
395 1667
395 1969
396 917
397 747
397 782
397 1332
397 1531
398 493
398 633
398 1753
398 1994
399 438
399 511
399 587
399 632
399 665
399 669
399 1368
399 1814
400 1048
400 1066
400 1362
400 1620
401 649
401 1408
402 600
402 734
402 839
402 897
402 903
402 942
402 1657
403 427
403 461
403 872
403 1815
404 459
404 909
404 940
404 997
404 1600
405 1596
406 425
406 1170
406 1661
406 1851
407 816
407 1616
408 949
408 1419
409 978
410 1868
411 1288
412 771
412 979
412 1221
412 1556
412 1582
413 664
413 891
413 1131
413 1292
413 1367
414 606
414 783
414 971
414 1570
414 1670
414 1811
416 534
417 1067
417 1624
418 1999
419 426
419 575
419 1036
420 1465
421 1475
421 1498
421 1597
422 1017
422 1423
422 1452
422 1614
423 568
423 747
423 1437
423 1946
424 1342
424 1813
425 1348
425 1902
426 1180
427 502
428 618
428 985
428 1206
428 1992
429 496
429 539
429 610
429 962
430 721
430 893
430 908
430 993
430 1387
430 1720
431 495
431 1390
431 1956
432 576
432 737
432 1555
432 1633
432 1901
433 1144
434 613
434 1891
434 1960
435 562
435 1280
436 908
436 1080
436 1129
436 1217
437 649
437 1134
437 1275
438 495
438 793
438 1166
438 1175
439 983
439 1078
439 1498
439 1505
439 1510
440 1061
440 1146
440 1490
440 1924
441 758
441 1111
442 489
442 1285
442 1837
443 444
443 796
444 1493
445 458
445 885
445 1480
446 569
446 964
446 1756
446 1839
447 560
447 1605
448 495
448 573
448 831
448 1041
448 1166
448 1491
448 1575
449 791
449 1148
450 785
450 1234
450 1495
451 1298
451 1613
452 1077
452 1300
453 828
453 1862
453 1905
454 846
454 926
454 1740
454 1950
455 458
455 819
455 991
455 1017
455 1029
455 1060
455 1345
455 1901
456 907
458 1116
459 521
459 1223
459 1303
459 1356
459 1446
459 1801
460 634
460 1165
461 1077
462 572
462 1133
462 1977
463 1573
464 615
465 517
466 1470
467 545
467 1060
467 1720
468 797
469 856
469 1033
469 1135
469 1214
469 1234
469 1781
470 1034
470 1091
470 1468
471 1212
472 787
472 1656
473 1138
473 1320
473 1414
473 1615
473 1804
474 985
474 1125
475 1176
475 1450
476 621
477 605
477 915
477 945
478 634
478 717
479 1102
479 1383
479 1908
479 1949
481 1141
481 1867
482 517
482 798
482 1949
483 756
484 1149
484 1542
485 805
485 1075
485 1308
485 1320
486 844
486 1467
487 1491
487 1739
488 544
488 1099
489 503
489 1029
489 1465
489 1797
490 961
490 1510
490 1983
491 602
491 882
491 1481
491 1718
492 851
492 1621
493 905
493 1010
493 1113
494 530
495 543
495 635
496 988
496 1015
496 1840
497 663
497 684
497 1548
497 1838
497 1926
498 981
499 523
499 1282
499 1344
499 1736
499 1770
500 524
500 634
500 1519
500 1690
501 1855
502 594
502 753
502 1446
502 1720
503 742
503 1214
503 1256
503 1818
504 827
504 1315
505 773
505 1502
506 513
506 1032
506 1429
507 841
507 1360
508 578
508 719
508 1330
508 1356
508 1791
509 537
509 875
509 1530
509 1663
509 1857
511 616
511 1014
511 1102
511 1141
511 1221
511 1231
511 1667
513 557
513 660
513 1683
514 787
514 1134
514 1168
514 1469
514 1589
514 1662
514 1754
515 1403
517 1567
517 1594
518 1020
518 1335
518 1930
519 1036
520 719
520 995
520 1166
520 1863
521 788
521 1253
521 1422
521 1450
521 1507
521 1957
522 922
523 539
523 830
524 595
524 1189
524 1911
525 627
525 866
525 1243
525 1405
526 1011
526 1972
527 749
527 935
528 706
528 1223
528 1957
529 799
529 1069
529 1182
529 1239
529 1828
530 1001
531 637
531 685
531 999
531 1189
532 749
532 937
532 1034
532 1837
533 709
533 788
533 992
533 1045
533 1372
533 1837
533 1860
533 1867
534 1271
534 1627
535 594
535 1108
535 1173
535 1218
536 837
536 887
536 913
536 1393
536 1778
537 1222
537 1267
538 748
538 806
538 854
538 912
538 1510
538 1569
539 685
539 694
539 839
539 1386
539 1621
540 603
540 1093
540 1449
541 648
541 1353
541 1478
542 1150
542 1467
542 1656
542 1711
542 1731
543 1734
544 642
544 756
544 1036
544 1245
544 1531
545 648
545 1952
546 754
546 1403
546 1921
547 1228
547 1367
547 1545
548 566
548 1324
549 1015
549 1180
549 1258
550 678
550 1067
550 1406
551 1705
552 961
552 1459
552 1910
553 1199
553 1738
553 1808
554 655
554 1107
554 1436
555 1567
556 667
556 772
556 1398
556 1960
557 1242
557 1543
557 1813
557 1842
558 723
558 1412
558 1800
558 1851
559 1796
559 1902
560 1566
561 595
561 1519
561 1560
561 1786
562 877
562 1669
563 579
563 965
564 764
564 896
564 1672
565 825
565 891
565 973
565 1661
566 1008
567 1109
567 1286
567 1500
567 1632
568 1074
568 1378
568 1415
568 1444
568 1478
568 1861
569 852
569 1367
570 691
570 822
570 1272
570 1624
571 627
571 855
571 1456
571 1607
572 1862
573 585
573 925
573 1148
573 1365
574 961
574 1086
574 1558
574 1868
575 1102
575 1514
575 1544
575 1758
576 707
576 771
576 1376
577 1568
578 697
578 783
578 932
578 1101
578 1159
578 1683
579 605
580 628
580 745
580 849
580 905
580 1142
580 1631
581 706
581 1021
581 1482
581 1554
581 1889
581 1926
581 1984
582 655
582 765
582 769
582 927
582 1004
582 1300
582 1796
582 1914
583 1781
584 1079
584 1424
584 1656
585 983
585 1128
585 1158
585 1322
586 681
586 819
586 1783
587 757
588 1075
588 1153
588 1969
589 1840
590 1952
591 600
591 1632
592 1166
592 1967
593 946
593 1040
593 1072
593 1480
594 1113
594 1120
594 1983
595 1615
595 1940
596 905
596 1232
596 1681
597 1816
598 924
598 1571
600 1378
600 1727
600 1813
601 1164
601 1298
601 1890
602 782
602 1648
602 1964
603 1326
603 1647
603 1709
603 1714
603 1805
604 1691
605 1016
605 1078
606 1923
606 1986
607 1370
607 1767
608 809
608 1561
609 1100
609 1127
609 1181
609 1447
610 840
610 1476
610 1582
610 1721
610 1928
611 1327
611 1813
612 694
612 750
612 1089
612 1114
613 1679
613 1703
614 1162
614 1409
615 1331
616 913
616 1778
617 1690
618 1878
619 856
619 912
619 1208
619 1511
620 1218
620 1541
620 1860
622 683
622 1401
622 1577
623 1170
623 1247
623 1550
624 726
624 791
624 1302
625 750
625 861
627 1004
627 1362
628 1885
630 691
630 961
630 1296
631 778
631 1779
631 1914
632 1668
633 995
633 1013
633 1190
634 718
634 1473
635 954
635 1040
635 1444
636 704
636 1057
636 1083
636 1286
637 808
637 1396
639 730
639 835
639 1192
639 1662
639 1808
641 1914
642 1499
643 712
643 932
643 1089
643 1128
643 1526
645 1599
645 1936
647 1480
647 1762
647 1780
647 1845
647 1909
648 683
648 1106
648 1212
648 1845
649 1830
650 1717
651 1459
651 1471
651 1475
653 1703
653 1999
654 1688
654 1904
655 1558
656 767
656 1005
656 1382
656 1949
657 817
657 893
657 1634
659 954
659 964
659 1363
659 1520
659 1726
659 1832
660 733
660 1170
660 1308
660 1671
661 1319
661 1402
661 1525
661 1847
662 1004
662 1145
662 1177
662 1471
662 1858
663 715
664 1625
664 1936
665 888
665 914
666 762
666 860
666 1474
666 1796
666 1986
667 1462
667 1502
668 1045
668 1104
668 1256
668 1594
668 1704
669 769
669 1079
669 1192
669 1310
669 1342
670 861
670 1657
671 1090
671 1166
671 1324
671 1473
671 1947
672 899
673 741
675 1331
676 927
676 1776
677 742
677 1120
677 1809
678 1544
679 726
679 952
679 1656
679 1838
681 847
681 1106
682 1866
683 1122
683 1642
683 1899
683 1996
685 709
685 1878
686 857
687 796
687 917
687 1215
687 1968
688 799
688 1308
689 908
689 1056
689 1568
692 969
692 1717
693 1772
694 1123
694 1228
695 1014
695 1038
695 1268
695 1934
696 834
697 804
697 849
697 1309
697 1368
697 1541
698 1290
698 1817
699 1368
699 1492
700 1356
700 1992
701 718
701 743
701 970
701 1692
701 1711
702 845
702 911
702 1469
702 1929
703 965
703 1644
704 801
704 1219
705 840
705 1042
705 1151
705 1278
705 1466
707 1817
707 1962
708 715
708 863
708 1328
708 1502
708 1847
709 1165
710 733
710 820
710 1402
710 1733
710 1747
710 1887
711 1761
711 1803
711 1864
712 1586
713 1500
713 1569
713 1923
714 863
714 884
714 928
714 1367
714 1542
715 1226
716 851
716 883
716 969
716 1684
717 1416
718 723
718 944
718 1494
718 1590
718 1690
718 1700
718 1967
719 1112
719 1394
719 1683
719 1736
721 1217
722 1092
722 1181
722 1497
723 874
723 1110
724 840
724 1059
724 1188
725 1087
725 1695
725 1792
725 1897
726 749
726 1380
727 1160
727 1807
728 1638
729 770
730 1196
730 1222
730 1571
730 1913
731 1651
731 1676
732 1297
733 1761
735 1077
736 1230
736 1313
736 1662
736 1903
738 1130
738 1179
738 1806
739 1293
740 894
740 1167
740 1737
741 1147
742 765
742 1088
742 1545
743 811
743 1274
743 1781
744 922
744 1431
745 1882
746 1779
747 1025
747 1258
747 1867
748 774
748 875
748 931
748 1913
749 903
749 1213
749 1380
749 1709
749 1787
749 1958
750 1083
750 1199
750 1229
751 1951
752 906
752 1292
752 1633
753 1227
753 1286
753 1433
753 1519
753 1614
754 799
754 1007
754 1188
754 1682
754 1877
755 756
755 1443
755 1591
755 1783
757 812
758 1480
759 924
759 1094
759 1538
759 1827
760 1070
761 1049
761 1740
762 1977
764 927
764 931
764 1056
765 768
765 827
765 1001
765 1203
765 1515
765 1743
766 812
766 1060
766 1623
766 1857
767 888
767 1586
768 778
768 1439
768 1934
770 1340
771 1117
772 1613
772 1965
773 1519
773 1772
774 1175
775 1089
775 1868
776 1157
776 1193
776 1523
776 1603
777 1161
777 1621
778 955
778 1553
778 1871
779 793
779 1222
779 1242
780 1161
780 1241
780 1841
781 1385
781 1614
782 1104
782 1139
783 998
783 1043
783 1061
783 1553
784 1045
784 1404
784 1581
784 1624
784 1900
785 867
785 1203
786 1450
786 1572
787 982
787 1297
787 1478
787 1552
787 1944
788 813
788 955
789 1639
790 937
790 1043
790 1721
791 1823
792 1156
792 1624
793 1022
793 1838
793 1847
794 1190
794 1354
794 1474
794 1795
795 1016
796 951
796 1062
796 1241
796 1245
796 1420
796 1471
797 1154
797 1445
798 815
798 1269
798 1430
798 1831
799 1936
801 1394
802 1996
803 1746
804 806
804 1339
804 1615
804 1671
805 1290
805 1731
806 984
806 1255
806 1500
806 1745
806 1832
806 1861
807 1008
808 1420
809 1111
809 1536
809 1899
810 1257
810 1780
811 1100
812 1324
813 840
813 968
813 1112
813 1707
814 1029
814 1039
814 1110
814 1388
814 1625
814 1738
814 1944
814 1989
815 1181
815 1328
815 1546
816 1980
817 1191
817 1695
817 1709
817 1903
818 930
818 996
818 1304
818 1312
818 1319
818 1608
818 1748
819 1362
820 992
820 996
820 1383
820 1517
820 1682
820 1766
821 1740
822 1102
822 1136
822 1776
823 1119
823 1310
826 1009
827 1478
828 862
828 1881
829 1191
829 1514
829 1609
830 977
830 1304
830 1589
831 1136
831 1560
831 1703
831 1806
832 902
832 1252
832 1594
832 1651
833 1439
834 889
834 1337
835 1307
835 1959
836 873
836 923
836 1149
836 1602
836 1717
837 1188
837 1604
838 934
838 1400
838 1483
839 1822
840 880
840 1036
840 1349
841 1270
841 1343
841 1447
841 1524
842 1016
842 1075
842 1354
842 1543
842 1621
843 1155
843 1180
843 1207
844 1543
844 1578
844 1627
844 1687
845 1181
845 1485
845 1574
847 912
847 1325
847 1882
847 1916
847 1922
848 952
848 1135
848 1356
848 1669
848 1706
848 1775
849 1901
849 1932
849 1970
850 1281
850 1294
850 1541
851 1396
851 1615
851 1934
852 938
852 1477
853 861
853 924
853 1175
854 1905
855 1525
856 1004
856 1089
856 1619
857 1065
857 1071
857 1293
857 1937
857 1960
858 1152
858 1479
858 1816
859 1000
859 1055
859 1564
860 865
860 911
860 1793
860 1842
861 1128
861 1870
862 1092
863 1573
865 1669
866 1180
867 1043
867 1896
867 1904
868 1151
869 900
869 942
869 1411
870 1931
871 888
871 1144
872 1041
872 1482
873 1161
874 1930
875 1350
875 1375
876 1211
876 1233
876 1680
876 1874
876 1901
876 1934
877 1570
877 1698
879 1870
879 1876
880 1749
880 1793
881 1272
881 1960
882 1752
882 1901
884 1062
885 1700
886 1013
886 1029
886 1198
887 1313
887 1421
887 1566
887 1979
888 1014
888 1734
888 1791
889 1358
889 1632
890 1282
890 1692
890 1921
891 1648
892 1304
894 942
894 1213
894 1783
894 1893
897 1119
897 1723
898 926
898 1718
899 920
899 1088
899 1690
900 1457
902 936
902 1692
902 1716
903 979
903 1229
903 1260
904 928
904 1412
904 1912
905 946
905 1956
906 947
906 1014
906 1443
906 1831
907 1087
907 1147
907 1318
907 1698
909 1580
909 1621
909 1661
909 1725
909 1740
911 1466
912 972
912 1563
913 1125
913 1310
914 1246
914 1922
915 985
915 1188
915 1597
916 1310
917 1395
917 1592
918 979
918 1438
918 1805
919 1052
919 1913
919 1997
920 933
920 950
921 1279
922 957
922 1825
922 1935
923 1156
923 1709
923 1714
924 1080
924 1590
924 1905
925 1053
925 1613
927 1149
927 1247
928 1025
928 1281
928 1905
929 1240
929 1448
929 1518
929 1728
930 991
930 1232
930 1240
930 1613
932 1351
932 1476
932 1580
933 1188
933 1474
934 1564
935 1066
935 1537
935 1739
936 1174
936 1564
936 1917
936 1933
937 1217
937 1763
938 1130
938 1280
938 1285
938 1552
939 1419
940 1902
940 1981
941 954
941 957
941 1090
941 1727
942 960
942 1358
942 1419
942 1904
943 1018
943 1741
944 1542
945 1374
946 1326
946 1348
947 1238
947 1986
948 1383
949 1089
949 1220
949 1642
949 1858
950 1289
950 1702
950 1759
950 1878
952 986
952 1656
955 1052
956 1790
957 1231
957 1956
958 1136
958 1973
959 1218
959 1658
960 1967
961 1460
962 1838
962 1928
964 1558
964 1639
964 1651
965 1151
965 1639
965 1839
965 1888
966 1199
966 1404
966 1481
967 1226
967 1848
968 1026
968 1579
969 971
969 1617
969 1739
969 1768
969 1923
970 1100
970 1102
970 1605
971 1107
971 1717
973 1581
973 1686
974 1034
974 1096
976 1166
976 1298
976 1724
976 1865
977 1205
977 1671
977 1733
978 1462
978 1561
978 1860
979 1557
979 1643
980 1307
980 1450
980 1646
980 1668
980 1688
980 1790
981 1784
982 1009
982 1871
983 1146
983 1906
984 1149
984 1598
985 1255
985 1456
985 1607
985 1758
986 1062
986 1180
986 1650
986 1716
986 1770
987 1438
987 1652
987 1704
988 990
988 1019
988 1326
988 1776
989 1039
989 1161
989 1991
990 1037
990 1368
990 1678
991 1289
993 1702
993 1995
994 1820
994 1976
995 1010
995 1101
995 1447
996 1399
997 1492
997 1532
997 1738
999 1341
999 1555
999 1652
999 1929
1001 1242
1001 1319
1001 1465
1001 1896
1002 1015
1002 1400
1002 1573
1002 1917
1003 1113
1003 1118
1003 1856
1004 1041
1005 1669
1005 1878
1006 1215
1006 1469
1007 1793
1008 1322
1008 1500
1008 1797
1008 1828
1008 1950
1009 1825
1009 1826
1010 1334
1010 1475
1011 1893
1012 1226
1013 1216
1015 1142
1016 1021
1016 1344
1016 1561
1016 1604
1017 1080
1017 1556
1019 1187
1019 1346
1020 1234
1020 1372
1020 1479
1021 1117
1022 1651
1023 1087
1023 1117
1023 1804
1024 1117
1024 1640
1024 1820
1025 1233
1025 1427
1026 1228
1026 1272
1026 1554
1026 1822
1026 1865
1027 1843
1029 1093
1029 1422
1030 1105
1030 1380
1030 1399
1030 1540
1031 1256
1031 1342
1032 1315
1032 1541
1032 1608
1032 1964
1033 1068
1033 1636
1033 1667
1034 1098
1034 1198
1034 1278
1034 1398
1034 1782
1035 1275
1036 1313
1036 1572
1036 1770
1037 1470
1037 1851
1038 1789
1039 1673
1040 1239
1040 1613
1040 1682
1040 1767
1041 1142
1041 1186
1041 1321
1041 1505
1041 1614
1042 1345
1043 1111
1043 1668
1045 1297
1047 1685
1047 1718
1047 1736
1047 1897
1048 1387
1049 1700
1049 1900
1050 1325
1051 1471
1051 1613
1051 1675
1051 1676
1052 1118
1053 1632
1054 1545
1054 1569
1055 1060
1055 1434
1055 1568
1056 1947
1057 1131
1057 1261
1057 1331
1057 1549
1058 1127
1058 1554
1059 1966
1060 1247
1061 1231
1061 1341
1061 1406
1061 1626
1061 1644
1062 1847
1063 1595
1064 1127
1064 1466
1064 1913
1065 1817
1066 1992
1067 1825
1067 1877
1068 1189
1068 1889
1069 1070
1069 1592
1070 1079
1070 1223
1070 1963
1071 1133
1071 1292
1072 1457
1073 1329
1074 1093
1074 1565
1075 1244
1075 1497
1075 1509
1076 1602
1076 1612
1078 1243
1078 1416
1078 1687
1079 1199
1079 1310
1079 1368
1080 1181
1080 1363
1080 1649
1080 1758
1080 1877
1081 1354
1081 1574
1081 1821
1081 1941
1083 1929
1084 1626
1085 1170
1085 1844
1086 1102
1086 1567
1087 1389
1087 1770
1088 1375
1088 1402
1090 1145
1090 1705
1091 1340
1091 1728
1092 1441
1092 1485
1093 1134
1093 1236
1093 1597
1094 1179
1094 1705
1095 1520
1097 1117
1097 1199
1097 1354
1099 1153
1099 1341
1099 1637
1099 1847
1100 1818
1101 1185
1101 1566
1103 1418
1103 1683
1103 1713
1104 1484
1104 1904
1105 1143
1105 1294
1105 1941
1106 1314
1106 1566
1107 1840
1108 1611
1108 1724
1108 1964
1110 1146
1110 1986
1111 1467
1111 1626
1111 1982
1112 1382
1112 1728
1112 1841
1113 1443
1115 1387
1115 1448
1115 1938
1115 1962
1116 1252
1116 1568
1116 1958
1116 1974
1118 1535
1118 1561
1118 1705
1119 1156
1119 1249
1119 1668
1120 1719
1121 1370
1121 1776
1121 1813
1125 1376
1125 1479
1127 1158
1127 1181
1127 1638
1127 1643
1127 1694
1128 1625
1128 1918
1129 1692
1129 1775
1129 1942
1129 1995
1130 1163
1130 1530
1130 1788
1133 1320
1133 1529
1133 1560
1133 1933
1133 1958
1134 1230
1134 1284
1134 1398
1134 1522
1135 1304
1135 1663
1135 1733
1135 1971
1136 1225
1136 1313
1136 1605
1136 1867
1136 1929
1137 1176
1137 1680
1138 1891
1138 1981
1139 1306
1140 1713
1140 1783
1141 1361
1142 1590
1142 1944
1143 1239
1143 1676
1143 1872
1144 1645
1146 1327
1146 1335
1146 1730
1147 1866
1148 1604
1148 1953
1149 1567
1149 1689
1150 1679
1150 1986
1150 1993
1151 1163
1151 1852
1151 1910
1152 1608
1153 1442
1155 1354
1155 1590
1155 1729
1156 1459
1157 1219
1159 1203
1159 1385
1159 1440
1160 1562
1161 1305
1161 1800
1162 1385
1162 1984
1165 1858
1166 1257
1166 1815
1168 1417
1168 1444
1169 1204
1170 1930
1170 1937
1171 1274
1171 1567
1172 1468
1172 1760
1174 1190
1174 1613
1174 1735
1175 1587
1176 1191
1176 1675
1176 1922
1177 1406
1177 1441
1177 1595
1180 1640
1182 1808
1184 1833
1185 1355
1185 1951
1186 1381
1186 1744
1186 1952
1187 1595
1187 1638
1188 1258
1188 1302
1188 1456
1188 1743
1188 1744
1189 1257
1189 1773
1190 1488
1190 1641
1191 1425
1191 1669
1191 1905
1191 1920
1191 1937
1192 1306
1192 1690
1194 1530
1194 1622
1195 1577
1195 1981
1196 1317
1197 1854
1197 1992
1198 1372
1198 1838
1199 1750
1199 1770
1199 1793
1200 1875
1200 1934
1201 1434
1202 1229
1202 1265
1202 1368
1202 1374
1202 1444
1204 1221
1204 1472
1205 1399
1205 1430
1206 1615
1207 1463
1207 1753
1207 1798
1209 1248
1211 1484
1211 1641
1211 1695
1212 1275
1213 1419
1213 1648
1213 1711
1214 1289
1214 1317
1214 1643
1215 1570
1215 1962
1217 1362
1217 1709
1218 1442
1218 1814
1218 1850
1219 1308
1219 1436
1219 1899
1220 1905
1221 1290
1225 1275
1225 1874
1226 1254
1226 1454
1226 1804
1226 1903
1227 1504
1228 1793
1229 1754
1229 1795
1231 1401
1232 1432
1232 1605
1232 1923
1232 1955
1233 1707
1235 1404
1235 1592
1236 1244
1237 1344
1237 1545
1237 1683
1238 1396
1239 1303
1239 1465
1240 1949
1241 1734
1242 1425
1242 1646
1243 1519
1243 1963
1244 1419
1244 1648
1245 1734
1246 1393
1247 1749
1248 1717
1251 1346
1251 1352
1251 1616
1252 1544
1252 1797
1253 1627
1253 1849
1254 1673
1254 1737
1254 1795
1255 1258
1255 1457
1256 1799
1257 1467
1257 1671
1258 1426
1258 1785
1258 1937
1260 1365
1260 1395
1260 1455
1260 1533
1261 1571
1261 1574
1262 1515
1262 1584
1262 1943
1262 1952
1263 1410
1263 1445
1263 1726
1263 1782
1265 1506
1268 1408
1269 1421
1269 1786
1270 1614
1270 1974
1271 1481
1271 1637
1271 1898
1271 1967
1272 1445
1274 1559
1275 1313
1276 1961
1277 1739
1277 1775
1277 1827
1278 1795
1280 1632
1280 1857
1281 1507
1281 1595
1283 1362
1284 1421
1284 1776
1284 1886
1285 1308
1285 1919
1286 1482
1286 1774
1287 1683
1288 1452
1288 1696
1288 1708
1288 1844
1288 1978
1291 1905
1292 1340
1294 1308
1294 1489
1295 1864
1296 1558
1296 1870
1297 1502
1297 1524
1297 1804
1297 1965
1299 1974
1300 1574
1301 1968
1302 1364
1303 1423
1303 1819
1303 1855
1304 1859
1305 1365
1305 1758
1305 1866
1306 1509
1306 1690
1306 1812
1309 1770
1310 1622
1311 1733
1312 1534
1315 1393
1317 1584
1319 1713
1320 1616
1320 1972
1321 1577
1323 1418
1323 1518
1323 1683
1323 1976
1325 1925
1326 1547
1327 1599
1327 1682
1327 1736
1329 1481
1330 1357
1330 1782
1330 1850
1331 1917
1333 1614
1333 1874
1334 1374
1334 1434
1334 1607
1335 1869
1336 1945
1337 1918
1340 1490
1340 1620
1340 1672
1340 1747
1341 1383
1341 1624
1341 1982
1342 1769
1342 1927
1342 1988
1344 1433
1345 1378
1345 1640
1346 1652
1347 1360
1347 1967
1348 1393
1348 1893
1348 1940
1349 1561
1349 1635
1349 1984
1350 1393
1351 1686
1351 1705
1352 1432
1355 1633
1355 1723
1356 1638
1357 1427
1357 1622
1359 1652
1359 1990
1360 1785
1361 1482
1361 1549
1361 1637
1361 1846
1365 1623
1367 1731
1368 1888
1368 1896
1369 1907
1370 1378
1372 1817
1373 1805
1373 1821
1375 1544
1376 1819
1378 1805
1379 1450
1381 1898
1383 1801
1383 1969
1385 1769
1386 1589
1387 1634
1389 1763
1389 1873
1389 1999
1390 1794
1391 1595
1392 1864
1392 1869
1394 1588
1395 1567
1395 1618
1395 1790
1396 1537
1396 1775
1397 1629
1397 1889
1397 1970
1398 1825
1399 1416
1401 1549
1401 1654
1402 1683
1402 1716
1402 1816
1403 1873
1404 1590
1407 1741
1409 1458
1409 1780
1410 1488
1411 1982
1413 1534
1413 1993
1416 1497
1417 1823
1420 1875
1421 1794
1421 1950
1422 1888
1423 1747
1424 1706
1425 1970
1426 1468
1426 1612
1426 1679
1428 1884
1429 1519
1430 1608
1431 1470
1431 1478
1432 1506
1435 1827
1437 1676
1438 1878
1440 1478
1441 1956
1442 1486
1442 1901
1446 1513
1446 1710
1447 1826
1447 1900
1450 1617
1451 1714
1452 1597
1453 1754
1453 1868
1455 1872
1457 1645
1457 1647
1458 1656
1458 1826
1459 1617
1459 1700
1459 1710
1459 1943
1463 1724
1464 1498
1464 1540
1465 1623
1465 1633
1466 1730
1466 1978
1467 1745
1467 1947
1468 1614
1468 1907
1468 1955
1468 1976
1469 1532
1472 1757
1474 1602
1476 1642
1476 1732
1477 1556
1478 1630
1481 1774
1482 1621
1483 1926
1485 1956
1486 1781
1486 1916
1490 1580
1490 1597
1490 1740
1491 1791
1492 1595
1493 1730
1495 1680
1495 1802
1497 1972
1500 1993
1502 1506
1502 1970
1504 1573
1506 1927
1508 1540
1509 1996
1510 1881
1513 1760
1513 1927
1514 1515
1517 1693
1520 1980
1521 1551
1522 1947
1523 1847
1523 1852
1523 1931
1523 1946
1524 1962
1527 1542
1527 1673
1527 1885
1527 1939
1528 1728
1529 1871
1529 1908
1529 1963
1530 1570
1530 1826
1530 1889
1531 1898
1532 1784
1537 1928
1538 1548
1538 1622
1538 1856
1538 1973
1541 1590
1541 1894
1542 1553
1544 1584
1546 1635
1546 1760
1546 1797
1547 1601
1547 1736
1548 1686
1549 1551
1549 1641
1550 1758
1550 1956
1551 1756
1551 1824
1553 1581
1554 1558
1554 1751
1554 1897
1555 1651
1556 1710
1556 1817
1556 1947
1557 1788
1557 1931
1558 1787
1559 1766
1559 1827
1559 1977
1560 1686
1561 1593
1562 1565
1562 1978
1563 1667
1564 1743
1564 1828
1566 1938
1568 1791
1571 1612
1572 1698
1574 1968
1576 1728
1577 1850
1579 1631
1579 1703
1579 1943
1580 1733
1581 1695
1581 1791
1582 1808
1583 1965
1586 1835
1588 1589
1590 1637
1590 1887
1592 1623
1592 1688
1595 1840
1597 1904
1598 1782
1600 1687
1600 1730
1601 1819
1603 1931
1606 1991
1607 1725
1607 1964
1608 1839
1609 1653
1610 1619
1611 1640
1612 1617
1612 1656
1612 1859
1614 1804
1614 1832
1615 1799
1616 1646
1617 1693
1617 1823
1617 1968
1618 1653
1618 1674
1621 1850
1622 1833
1628 1784
1635 1640
1636 1984
1637 1871
1637 1907
1639 1905
1640 1700
1641 1758
1642 1798
1642 1959
1643 1995
1646 1819
1648 1899
1650 1947
1652 1812
1653 1941
1654 1819
1654 1905
1656 1897
1657 1996
1658 1760
1658 1879
1659 1729
1660 1939
1667 1874
1668 1732
1668 1795
1669 1998
1670 1999
1675 1683
1675 1974
1676 1950
1676 1960
1677 1985
1678 1703
1678 1950
1685 1731
1685 1819
1689 1745
1689 1917
1691 1699
1692 1899
1696 1699
1696 1765
1701 1713
1701 1947
1702 1721
1705 1740
1706 1822
1712 1741
1714 1721
1717 1819
1718 1845
1718 1853
1720 1747
1721 1790
1722 1858
1724 1772
1724 1887
1725 1840
1726 1758
1732 1748
1733 1989
1735 1975
1741 1796
1745 1920
1749 1981
1750 1970
1750 1985
1752 1844
1759 1806
1763 1913
1765 1880
1769 1823
1770 1776
1775 1872
1775 1906
1776 1893
1777 1946
1779 1843
1779 1958
1780 1828
1781 1788
1784 1894
1786 1803
1786 1817
1788 1839
1789 1996
1792 1843
1794 1804
1795 1998
1796 1941
1797 1814
1802 1912
1811 1913
1814 1988
1815 1895
1817 1884
1817 1894
1818 1896
1819 1864
1822 1937
1823 1878
1830 1885
1834 1888
1840 1975
1842 1930
1845 1850
1845 1921
1847 1889
1850 1990
1854 1926
1858 1979
1864 1955
1868 1960
1868 1998
1870 1943
1876 1879
1878 1914
1883 1991
1884 1943
1887 1944
1888 1981
1894 1946
1897 1925
1899 1919
1900 1963
1900 1997
1905 1956
1911 1921
1918 1944
1924 1981
1926 1940
1931 1997
1937 1951
1944 1951
1950 1997
1961 1976
1961 1992
1971 1995
