0 13
0 21
0 195
0 199
0 243
0 309
1 70
1 393
1 394
2 124
2 371
3 23
3 84
4 282
4 288
4 451
4 454
4 470
5 177
5 188
5 280
6 143
6 160
7 174
7 220
7 241
7 265
7 409
7 414
7 417
7 490
8 286
9 147
9 162
9 251
9 356
9 469
10 22
10 48
10 66
10 84
10 168
10 214
10 340
10 432
11 18
11 188
11 328
11 374
11 427
11 428
11 429
11 466
12 141
12 247
12 485
13 428
13 492
14 196
14 236
14 253
14 308
14 411
14 424
15 43
15 77
15 85
15 106
15 197
15 297
15 471
15 483
16 265
16 423
18 23
19 207
19 211
19 232
20 57
20 63
20 401
21 156
22 207
22 213
22 335
22 398
23 40
23 118
23 330
23 458
24 125
24 135
24 281
24 333
24 481
25 50
25 328
25 342
27 83
27 170
27 252
27 299
27 336
27 433
29 124
29 140
29 164
29 267
29 434
30 122
30 267
31 175
31 477
32 38
32 201
32 232
32 325
32 416
33 165
33 436
33 444
33 453
33 491
34 64
34 209
34 355
35 380
36 396
36 450
36 464
37 147
37 396
37 418
38 74
38 211
38 353
39 328
39 432
40 224
40 440
40 473
42 71
42 353
42 437
43 91
44 116
44 161
44 190
44 194
44 287
44 441
44 463
45 49
45 194
45 474
46 197
46 299
47 210
47 287
48 188
48 191
48 393
49 183
49 245
49 349
49 378
49 399
49 465
50 108
50 359
50 423
51 166
51 235
51 250
51 325
51 463
52 178
52 272
52 352
52 471
53 186
53 283
53 429
54 337
54 355
54 451
55 71
55 383
56 255
56 297
56 435
57 64
57 316
57 408
57 459
57 461
58 76
58 84
58 409
59 193
59 291
59 338
61 121
61 312
61 482
62 113
62 138
62 189
62 227
62 310
62 388
62 428
63 88
63 418
63 419
64 321
64 447
64 486
65 153
65 230
65 285
65 438
65 469
65 493
66 139
66 327
66 429
66 466
66 471
67 166
67 237
67 314
68 154
68 203
68 246
68 313
68 430
68 434
68 460
69 295
69 335
70 101
70 430
70 436
71 111
71 147
71 161
72 190
72 398
72 443
73 323
73 326
73 327
73 473
74 134
74 200
74 230
74 244
74 445
75 280
75 301
75 385
76 283
76 402
77 265
77 377
78 101
78 133
78 385
78 436
78 442
79 173
79 297
79 401
80 448
81 364
81 370
82 261
82 404
83 217
83 345
83 359
84 221
84 225
84 357
85 115
85 320
85 323
86 131
86 278
86 374
86 444
87 134
87 157
87 289
87 380
87 420
88 160
88 375
90 144
90 172
90 320
90 379
91 137
91 147
91 307
91 328
91 443
91 489
92 139
92 220
92 308
92 354
93 119
94 102
94 104
94 374
94 447
95 281
95 358
95 396
96 168
96 339
96 439
97 178
97 227
97 280
98 104
98 434
98 465
99 102
99 270
100 152
100 242
100 324
101 381
101 392
102 122
102 231
102 388
102 402
102 447
103 229
103 236
103 475
105 109
106 159
106 177
106 283
106 290
106 446
106 472
107 263
108 164
108 237
109 267
109 277
109 416
110 134
110 346
110 381
111 129
111 317
111 459
112 164
112 194
112 244
112 286
112 403
112 424
112 448
112 474
113 135
113 141
113 491
114 309
114 370
114 377
114 394
114 423
115 167
115 353
116 408
117 180
117 210
117 223
117 309
117 396
118 154
118 349
118 400
119 333
119 397
120 160
120 176
120 322
120 381
120 453
120 459
122 290
122 389
122 408
123 179
123 361
123 388
124 141
124 166
124 321
124 368
124 406
125 191
125 346
125 442
126 421
127 349
127 470
127 496
128 373
128 464
129 170
129 362
130 331
130 405
131 344
131 429
131 450
132 283
132 425
132 475
133 218
133 243
133 334
133 483
134 232
134 421
135 315
135 316
136 275
136 297
136 366
137 417
137 436
138 199
138 312
138 356
138 400
138 480
139 148
139 288
139 391
139 462
140 219
140 223
140 403
140 419
142 205
142 297
142 455
143 156
143 192
143 434
144 232
144 318
144 376
144 403
144 480
145 163
145 352
145 446
146 250
146 266
146 329
147 156
147 189
147 289
147 370
147 486
148 188
148 267
148 270
148 389
149 497
150 215
150 307
150 337
150 378
151 215
151 437
151 450
151 497
152 277
152 405
152 473
153 176
153 388
154 155
154 230
154 379
154 437
154 477
155 192
155 359
155 378
155 456
156 285
156 342
156 379
156 492
157 334
157 342
159 394
159 399
159 454
160 316
160 317
160 418
161 191
161 346
162 208
162 302
162 459
163 218
163 227
163 308
164 198
164 355
165 221
165 301
165 323
165 377
165 443
166 345
168 204
168 315
168 396
169 172
169 337
169 459
170 334
170 346
171 234
171 335
172 482
173 308
174 202
174 261
175 227
175 276
175 389
175 399
175 429
176 181
176 198
176 226
176 227
176 281
177 367
178 364
178 415
178 461
179 241
179 268
179 281
179 282
180 348
180 349
181 247
181 450
182 214
182 325
182 382
183 488
184 211
184 276
185 366
185 411
185 433
186 253
186 465
186 467
186 472
188 325
188 337
188 443
189 315
189 473
190 231
190 367
191 292
191 434
191 499
192 209
192 251
192 258
193 316
194 292
194 435
195 203
195 211
195 410
195 418
196 234
196 264
196 285
197 247
197 372
197 446
197 450
198 302
198 384
199 256
200 225
200 249
200 362
200 434
200 451
200 471
201 220
201 473
201 495
202 293
202 395
203 421
204 333
204 419
205 404
206 327
206 372
206 471
207 280
207 371
207 397
208 318
208 473
209 259
210 326
210 356
210 486
210 487
211 234
211 313
211 367
211 426
212 345
213 225
213 244
213 249
213 302
214 286
214 299
214 319
214 387
214 427
215 296
215 366
215 379
215 386
215 480
216 218
216 220
216 227
216 434
216 458
217 224
217 330
217 351
218 489
219 280
220 324
222 457
222 465
223 334
223 424
224 341
225 321
225 327
225 492
226 407
227 249
227 468
228 326
228 372
229 261
229 266
229 314
229 404
229 420
230 399
230 455
230 491
231 233
231 268
232 361
232 451
233 324
233 395
233 422
234 312
234 379
234 410
235 434
235 451
236 282
236 337
236 358
237 238
237 483
238 245
238 282
238 337
239 252
239 253
241 245
241 423
242 245
242 306
242 386
243 289
243 290
243 327
244 316
244 337
244 493
245 342
246 258
246 290
247 433
247 445
248 269
248 345
249 391
249 496
250 406
250 428
250 477
250 487
251 323
251 380
251 394
252 292
252 391
252 418
252 468
253 287
253 316
253 324
253 329
253 453
253 476
254 260
255 359
255 390
255 490
256 424
257 308
257 454
258 375
258 428
258 490
259 328
259 457
260 387
260 428
261 352
262 359
263 376
263 398
264 488
265 490
267 470
267 484
269 270
270 276
270 296
270 316
270 422
271 476
272 293
273 285
273 374
275 371
275 460
275 469
276 290
276 336
276 352
277 327
277 417
278 375
279 299
279 312
279 383
280 313
280 314
280 315
280 457
280 496
280 498
281 331
281 393
283 384
283 386
284 405
285 344
285 362
285 401
285 410
286 295
286 307
286 362
288 323
288 375
288 460
288 494
289 338
289 397
290 331
290 359
291 472
292 302
292 314
292 326
292 328
292 338
292 402
292 481
293 460
293 464
294 335
294 441
295 365
295 385
295 471
296 389
296 407
296 469
297 447
300 407
301 434
303 313
305 328
305 464
305 472
306 324
306 467
307 367
307 400
308 380
308 405
308 424
308 471
310 395
310 448
310 464
311 370
311 440
313 364
313 492
314 382
315 414
315 484
317 440
318 344
318 358
318 407
319 364
319 365
319 381
320 350
324 408
324 471
325 427
326 381
326 440
327 432
328 484
328 492
330 425
331 482
332 401
333 460
333 479
335 405
336 368
339 346
339 460
340 373
340 496
340 498
341 447
342 442
343 467
343 479
343 486
345 379
345 498
346 360
346 381
347 438
349 380
349 457
349 481
350 456
351 406
353 375
356 465
357 373
357 475
357 497
358 409
359 450
360 397
360 479
363 409
363 443
364 419
364 452
364 484
366 411
366 419
366 488
367 443
371 495
372 445
373 429
374 386
374 466
375 407
376 482
376 486
377 415
377 487
378 401
379 429
382 406
382 426
382 451
384 409
385 468
385 479
385 497
387 424
387 464
387 477
390 480
391 484
392 421
392 469
394 460
396 451
397 419
399 424
402 493
404 442
404 457
405 472
406 468
410 429
411 415
417 486
420 459
421 437
423 449
424 482
424 491
432 460
432 483
433 469
434 472
440 480
443 445
445 481
447 466
447 474
448 495
451 452
451 497
454 485
458 498
464 478
465 468
466 491
466 496
471 474
471 476
474 477
479 483
480 498
