0 583
1 499
1 853
2 99
2 320
2 348
2 429
2 745
2 885
3 127
3 232
3 281
3 341
3 354
3 475
4 156
4 293
4 810
5 281
5 400
6 164
6 480
6 744
7 320
7 329
7 417
7 608
7 643
8 133
8 432
8 811
9 42
9 329
9 619
9 991
10 538
10 658
10 696
10 831
11 21
11 214
11 449
11 474
11 561
12 178
12 425
12 455
12 740
12 798
13 509
13 762
14 226
14 252
14 720
14 748
15 72
15 145
15 190
15 986
16 114
16 183
16 437
16 758
16 842
16 869
17 151
17 356
17 418
17 591
17 647
17 709
18 773
18 867
19 767
20 270
20 398
20 408
20 666
20 904
21 62
21 453
21 468
21 570
21 786
21 858
21 929
22 134
22 151
22 450
22 681
23 38
23 732
23 859
23 951
24 149
24 276
24 429
24 462
24 518
24 683
24 838
25 157
25 586
25 975
26 594
26 879
26 907
26 950
27 750
27 989
28 267
28 670
29 278
29 363
29 722
29 979
30 190
30 481
30 769
30 865
30 968
31 794
32 229
32 569
32 758
32 760
33 111
33 205
33 997
34 556
34 634
34 904
34 980
34 990
35 38
35 792
35 921
36 222
37 998
38 203
38 274
38 403
38 719
38 842
38 968
38 971
39 131
40 425
40 479
40 660
40 983
41 78
41 226
41 573
41 656
41 839
41 893
42 408
42 859
43 431
44 205
44 270
44 521
44 575
45 212
45 235
45 361
45 716
45 782
46 91
46 136
47 284
47 427
47 565
47 685
48 336
48 384
48 420
48 610
48 874
48 898
49 292
49 365
49 462
49 498
49 562
49 766
49 845
50 781
50 838
51 172
51 612
51 863
52 195
52 675
52 719
52 833
52 916
53 220
53 806
53 908
53 998
54 361
54 364
54 428
54 459
55 68
55 495
55 635
55 650
55 704
56 419
56 553
56 657
56 982
57 78
57 369
57 821
57 822
58 215
58 273
58 721
59 66
59 654
59 887
59 897
60 531
60 854
60 940
61 137
61 221
62 164
62 422
62 471
63 456
64 79
64 148
64 215
64 551
64 926
65 66
65 316
65 525
65 606
65 726
66 288
66 654
66 751
66 852
67 74
67 232
67 807
68 436
68 498
68 844
69 137
69 237
69 694
69 966
70 360
70 434
71 579
71 629
71 682
71 760
72 119
72 155
72 277
73 209
73 460
73 483
73 748
73 859
74 205
74 322
74 466
74 511
74 845
75 494
75 552
75 598
75 809
76 112
76 345
76 655
77 216
77 240
77 341
77 366
77 792
77 917
78 474
78 537
78 725
78 807
79 88
79 103
79 156
79 469
79 737
79 902
80 394
81 380
81 408
81 788
81 816
82 881
83 171
83 483
83 699
83 876
84 478
84 742
85 117
85 645
85 846
86 487
86 588
86 610
86 672
86 710
86 742
86 752
86 797
86 971
86 991
87 454
87 954
88 110
88 385
88 632
88 874
89 534
90 667
90 750
90 851
91 774
91 941
91 977
92 282
92 369
92 443
92 616
92 781
93 378
93 707
93 755
94 522
94 551
95 202
95 550
95 723
95 842
96 278
96 434
96 695
97 422
97 974
97 980
97 996
98 192
98 666
99 174
99 474
99 511
99 870
100 125
100 312
100 474
100 832
102 118
102 368
102 578
102 679
102 760
102 824
102 871
103 787
105 373
105 434
106 774
106 907
106 973
107 559
107 854
108 141
108 714
108 899
109 516
109 665
109 877
110 448
111 175
111 392
111 434
111 735
113 489
114 406
115 148
115 227
115 396
115 402
115 795
116 669
116 706
116 708
116 719
116 966
117 581
117 843
117 918
117 924
117 954
117 959
118 134
118 164
118 200
118 713
118 798
118 941
119 235
119 275
119 592
119 647
120 124
120 423
121 190
121 254
121 255
121 384
121 445
121 725
121 883
121 904
122 181
122 568
123 167
123 316
123 566
123 977
124 350
124 814
124 944
125 183
125 937
125 978
126 617
126 761
127 224
127 399
128 152
128 552
129 167
129 467
129 677
129 802
129 879
130 302
131 148
131 245
131 368
131 550
132 227
132 452
132 554
132 555
132 643
132 799
133 352
133 413
134 153
134 170
134 383
134 838
134 913
135 255
135 274
135 641
135 761
136 202
136 752
136 862
137 562
138 188
138 475
138 809
138 998
139 201
139 505
139 522
139 535
139 536
139 651
139 704
139 811
140 367
140 408
140 608
140 836
141 491
141 548
142 274
142 615
142 628
142 749
143 579
143 628
143 632
143 735
143 741
143 853
143 971
144 495
144 686
144 770
145 224
145 441
145 605
145 756
146 251
146 297
146 422
146 592
146 816
146 954
147 427
147 634
148 262
148 825
148 959
149 234
149 544
149 802
149 820
150 639
151 611
151 950
152 181
152 276
152 319
152 389
152 558
152 571
153 198
153 373
153 573
154 198
154 941
155 168
155 173
155 448
156 299
157 662
157 931
158 198
158 276
158 823
158 890
159 533
160 187
160 597
160 653
160 755
160 786
161 531
161 810
162 767
162 866
163 164
163 551
163 571
163 657
163 852
165 323
165 348
165 835
167 301
168 269
168 364
169 234
169 269
169 349
169 710
169 908
170 462
171 259
171 860
172 206
172 246
172 326
172 502
173 275
173 897
174 333
174 351
174 874
174 925
174 972
174 983
175 289
175 298
175 352
175 362
175 428
175 582
176 281
176 396
176 490
176 506
176 683
176 747
176 878
177 254
177 306
177 455
177 689
177 867
177 941
177 966
178 691
178 705
178 708
178 733
178 823
179 218
179 645
179 908
180 214
180 343
180 493
180 680
180 861
181 246
181 609
181 751
182 609
182 734
182 875
182 907
183 261
183 529
183 714
183 935
184 593
185 225
185 949
186 857
187 345
187 431
187 608
187 992
188 448
188 542
188 555
188 556
188 626
188 687
189 220
189 227
189 264
190 851
191 830
192 584
193 317
193 610
193 700
194 400
194 714
194 740
194 792
194 911
194 964
195 256
195 327
195 387
195 660
195 775
195 776
196 227
196 529
197 205
197 584
197 659
198 315
198 652
198 763
198 767
199 489
199 628
199 821
199 858
200 992
201 302
201 323
201 386
201 754
202 656
202 860
202 871
202 898
202 935
203 684
203 874
204 266
204 813
204 925
205 527
205 620
205 645
205 954
207 321
207 355
207 545
207 732
207 780
207 866
208 315
208 345
208 430
208 471
209 380
210 471
210 581
210 706
210 872
211 606
211 946
212 523
212 543
212 855
212 874
213 330
213 487
213 604
214 365
215 403
215 433
215 452
215 553
215 693
215 729
215 743
215 854
216 535
216 648
216 771
217 322
217 687
218 567
218 622
218 639
218 665
219 365
219 441
219 445
219 988
220 457
220 608
220 663
220 705
221 497
223 252
223 587
223 653
224 916
225 553
225 608
225 738
225 857
226 684
227 384
227 433
227 444
227 445
227 744
227 872
228 484
228 576
229 361
229 483
229 778
229 885
229 942
230 420
230 662
230 766
230 953
230 982
231 305
231 325
232 574
232 608
232 804
232 847
233 508
233 599
233 893
234 372
234 675
234 783
235 643
235 778
235 810
236 319
236 505
236 568
236 595
236 739
237 356
237 486
237 678
237 717
237 994
238 597
238 656
238 744
239 304
239 405
239 467
239 528
239 933
240 295
240 469
240 525
240 718
240 902
241 277
241 627
242 327
242 351
242 516
242 916
243 341
243 470
243 496
243 638
243 684
243 908
244 384
244 616
244 784
245 890
246 269
246 309
246 399
246 452
246 826
247 498
248 328
248 811
248 972
249 882
250 498
250 781
250 938
250 993
251 499
251 664
251 763
251 822
252 914
253 536
253 750
254 263
254 488
254 801
255 315
255 416
255 850
255 861
255 862
255 925
255 940
256 434
256 553
256 581
256 642
257 399
257 562
258 318
258 427
258 779
258 904
259 327
259 385
260 424
260 566
261 437
261 443
261 475
261 588
261 693
261 780
262 316
262 352
262 923
263 555
263 607
263 726
263 759
263 790
263 831
263 940
264 482
264 943
265 296
265 329
265 412
265 513
265 666
265 946
266 573
266 701
267 348
267 384
268 410
268 674
268 692
268 723
268 849
269 584
269 618
269 856
269 870
270 494
270 652
271 751
272 408
272 689
272 726
273 774
273 912
275 375
275 475
275 598
275 760
275 889
275 962
276 455
276 481
276 567
276 686
277 412
277 611
277 703
277 782
277 960
278 317
278 733
278 938
278 969
279 411
279 919
279 920
280 429
280 859
281 787
282 421
282 739
283 939
284 830
284 888
285 313
285 642
285 649
285 970
286 550
286 859
287 520
287 617
287 838
288 365
288 441
288 476
288 501
289 505
289 896
290 434
290 579
290 581
291 321
291 336
291 676
291 825
292 330
292 355
292 384
292 572
293 544
293 576
294 472
294 500
294 815
295 700
295 790
296 316
296 840
298 358
298 502
298 664
298 684
298 910
299 775
300 555
301 590
301 994
302 540
303 581
303 997
304 393
304 412
304 430
304 527
305 457
305 471
305 646
305 724
305 990
305 995
306 787
307 316
307 436
307 462
307 482
307 784
308 642
308 717
308 785
308 885
309 371
309 396
309 435
309 581
310 384
311 695
312 648
312 841
313 375
313 851
313 910
314 339
314 466
314 854
316 755
316 786
316 918
317 399
317 492
317 527
317 670
318 322
318 565
318 596
319 366
319 411
319 441
319 569
319 973
319 980
320 504
320 505
320 608
320 646
321 482
321 516
321 646
321 676
321 785
323 503
323 531
323 597
323 946
323 949
324 652
326 627
326 978
327 606
327 674
328 356
328 448
328 623
329 781
330 345
330 348
330 448
330 462
330 592
330 630
330 828
330 959
330 984
331 444
331 593
331 949
332 754
332 984
335 499
335 903
336 482
336 634
336 967
337 733
338 346
338 451
338 485
338 648
338 892
340 411
340 723
340 780
341 377
341 662
342 359
342 638
342 644
342 690
342 783
342 891
343 360
344 357
344 374
345 619
345 650
346 713
346 793
347 957
348 421
348 727
348 951
349 591
350 602
350 635
350 732
350 878
350 985
351 814
352 408
352 599
352 859
353 421
353 691
353 827
354 871
355 362
355 532
355 570
355 700
355 860
355 932
355 955
356 970
357 370
358 748
359 382
359 592
360 540
361 510
361 608
361 626
361 727
362 394
363 473
363 482
364 397
364 527
364 749
365 710
366 408
366 731
366 907
366 951
367 681
367 837
367 843
368 725
369 556
369 771
370 849
371 428
371 464
371 774
372 824
373 926
373 943
374 996
375 490
375 932
376 547
376 587
376 687
376 724
376 964
377 595
377 726
377 732
377 753
378 530
378 677
378 800
379 516
379 726
379 867
381 470
381 633
381 835
381 880
382 519
382 556
382 562
382 569
382 694
383 415
383 507
384 613
384 864
385 752
385 820
386 389
386 709
386 729
387 688
387 744
387 747
388 428
388 606
388 964
389 677
389 728
389 731
389 944
390 553
390 559
390 980
391 694
391 763
392 459
392 798
392 990
394 577
394 651
394 767
394 844
394 942
395 396
395 517
395 633
396 870
396 970
397 669
397 795
397 806
398 455
399 646
399 812
399 939
400 759
400 816
400 939
401 487
401 557
403 662
403 799
404 461
404 537
404 563
404 618
404 781
404 862
404 877
405 419
405 960
406 605
406 721
408 551
408 615
408 693
408 726
408 902
409 459
409 514
409 887
410 816
411 574
411 580
412 639
413 701
414 651
414 826
415 458
415 605
416 445
416 505
416 842
417 666
418 812
418 880
418 988
419 739
419 887
419 952
421 675
421 974
421 983
422 627
423 618
423 778
424 444
424 672
424 824
424 864
424 948
425 894
425 946
426 433
426 571
426 811
426 914
426 964
429 480
429 798
429 850
430 505
430 795
430 901
430 954
432 497
432 505
432 619
433 464
433 581
433 628
433 667
433 967
434 740
435 485
435 503
435 817
436 833
437 727
437 963
438 559
438 792
439 617
439 753
440 882
441 540
442 510
442 715
443 881
443 999
444 470
444 576
444 651
444 695
445 490
445 795
445 941
446 767
449 517
449 975
450 558
450 585
450 710
450 737
450 762
450 886
450 968
451 637
451 852
452 613
452 735
453 738
453 760
453 863
453 945
453 972
454 604
454 661
454 670
454 774
454 834
455 483
455 749
455 907
456 930
457 703
457 735
457 878
457 904
458 675
458 841
459 606
459 897
459 985
459 994
460 758
461 573
461 953
463 540
463 954
464 493
464 820
465 867
466 527
466 560
467 686
467 734
468 635
468 733
468 800
469 568
469 855
470 492
471 537
471 588
471 813
471 849
472 478
473 816
474 788
475 602
475 902
475 968
476 618
476 913
477 532
477 648
478 540
478 820
478 986
479 971
479 984
479 995
480 678
481 990
482 871
483 533
483 595
483 751
483 833
483 855
484 724
484 816
484 826
485 871
486 676
487 542
487 729
487 821
487 989
488 904
489 780
489 856
489 949
490 602
490 684
490 931
491 539
491 631
491 659
491 786
492 494
493 907
494 669
495 786
495 822
496 603
496 635
496 688
496 799
497 534
497 611
497 870
499 561
499 834
500 621
500 807
501 771
501 847
502 651
502 964
503 630
504 714
504 728
504 883
504 943
504 996
505 610
505 714
505 951
505 974
506 515
506 684
506 789
506 850
507 535
508 794
509 694
510 910
510 986
511 547
511 924
512 534
512 540
512 848
512 984
514 636
515 603
516 608
516 613
516 854
516 976
517 704
517 880
518 689
519 764
519 784
520 716
521 564
521 608
521 963
522 648
522 891
523 707
523 826
523 896
523 946
524 832
525 774
526 704
526 790
527 539
527 875
527 986
528 812
528 863
529 560
530 820
530 876
531 979
532 574
532 710
532 712
533 546
533 737
533 875
533 898
533 937
534 671
535 562
535 585
536 647
537 567
537 752
538 764
538 767
538 842
539 705
539 821
540 550
540 747
540 805
540 869
540 983
541 613
541 873
542 926
543 829
543 972
544 561
546 686
548 893
549 719
549 729
549 784
549 957
549 989
550 567
550 593
552 976
552 979
553 977
554 676
554 678
555 719
555 731
555 734
555 750
555 927
556 785
556 932
557 778
558 633
558 793
559 590
560 729
560 987
563 673
563 740
563 893
563 968
564 569
564 640
564 837
564 843
564 944
565 601
565 718
565 895
566 630
566 963
567 777
567 974
570 583
570 654
570 846
570 868
570 901
570 999
572 718
572 907
573 601
575 681
577 736
577 917
577 923
578 913
578 985
579 659
579 702
579 950
580 987
580 993
581 775
582 768
582 923
583 655
584 710
584 759
584 946
585 782
587 602
587 954
587 994
588 620
588 884
589 912
589 948
592 836
593 606
594 633
594 677
594 771
594 876
595 863
595 958
596 622
597 990
598 862
598 893
598 912
599 621
599 630
599 719
599 733
599 839
600 831
600 842
601 812
601 860
601 866
602 735
603 636
603 668
607 685
607 831
608 753
610 981
611 636
612 655
612 724
614 852
614 863
614 874
615 639
615 807
617 621
617 649
617 974
618 962
619 783
619 951
620 727
620 890
621 685
621 980
622 851
623 709
623 776
624 707
626 726
626 991
627 699
627 849
628 724
629 797
629 831
629 911
629 944
630 683
630 855
631 692
631 852
632 932
633 700
633 779
633 926
634 876
634 982
635 664
635 816
635 903
635 929
636 670
637 663
637 947
637 961
638 715
640 676
641 720
642 746
643 879
644 802
644 865
644 953
645 697
645 854
645 867
648 852
650 679
650 882
651 941
654 902
654 916
654 949
655 767
655 864
656 715
656 817
657 801
659 672
659 973
660 979
662 743
662 855
664 696
664 843
668 719
668 872
669 777
670 821
670 849
671 888
672 774
672 903
673 968
674 722
675 680
675 723
677 865
678 804
678 828
679 837
679 855
679 884
681 843
682 818
683 973
684 773
685 770
685 867
687 695
687 798
688 909
689 719
689 817
690 806
692 901
693 789
697 727
699 795
701 809
701 915
702 735
703 881
704 811
704 943
706 899
706 927
708 987
709 795
709 861
710 770
711 715
712 958
716 839
716 952
716 957
717 747
717 772
717 835
717 856
719 915
720 938
721 825
724 814
724 947
725 761
727 862
728 783
730 899
731 742
731 763
731 885
733 939
734 803
735 832
736 789
736 812
736 886
737 857
738 771
739 745
739 879
740 807
741 789
745 763
745 794
746 859
749 858
750 774
751 782
751 920
751 926
753 965
754 759
754 992
755 764
755 793
755 798
756 772
756 809
756 914
756 933
757 764
757 897
757 911
759 833
759 840
759 886
759 890
759 959
762 765
762 929
763 771
763 951
764 783
766 780
767 878
769 800
769 943
770 835
771 786
772 792
772 868
773 969
775 950
777 880
777 884
778 839
781 874
782 787
782 893
783 934
784 967
788 838
788 841
788 857
789 966
791 934
794 850
798 867
799 897
800 834
800 925
803 880
803 930
806 807
809 830
809 874
812 939
812 952
814 825
818 940
821 891
822 875
822 945
822 955
825 968
826 988
827 839
827 931
827 983
828 829
829 978
831 897
834 924
837 930
839 930
845 903
846 860
847 851
848 961
850 980
851 975
853 999
854 891
855 936
856 977
859 895
859 938
861 872
862 918
862 947
864 933
867 878
867 973
869 884
869 941
871 932
871 974
873 900
873 933
875 964
876 940
876 945
878 942
881 947
881 991
885 902
888 895
889 963
892 950
895 987
900 978
906 981
908 926
913 941
913 961
915 917
922 925
922 956
925 946
932 960
933 954
933 984
939 997
945 974
947 957
950 987
953 993
960 999
989 994
