0 6
0 377
0 3225
2 891
2 2339
2 3514
2 3757
3 362
3 1186
4 1711
4 1873
4 2740
4 3325
4 3779
5 566
5 1243
5 2833
6 280
6 583
6 979
6 1576
6 3309
7 815
7 935
7 3552
9 1461
9 2422
9 3152
9 3153
9 3311
10 339
10 625
10 1004
11 1124
11 3299
12 579
12 967
13 420
13 2414
14 238
14 1188
14 1810
14 2040
14 2967
14 3611
14 3799
15 743
15 1292
15 2585
16 128
16 919
16 1695
16 3068
17 2738
17 3180
17 3222
17 3295
17 3712
18 389
18 3729
20 978
20 1268
20 1451
21 163
21 3098
22 289
22 2826
22 3380
23 1101
23 1441
23 1526
23 2478
23 2563
23 3181
24 648
24 701
24 2738
24 2746
24 3776
25 304
25 1638
26 803
26 1552
27 3425
27 3556
28 985
28 1646
28 2470
29 204
29 225
29 436
29 2927
29 3891
30 281
30 1589
30 2260
30 3037
31 143
31 2835
31 3831
32 1163
32 1985
33 1912
33 3863
34 1064
34 2455
34 2550
34 3165
35 415
35 2053
35 3941
36 2600
36 3081
37 535
37 781
37 1746
37 2081
37 2152
37 3175
37 3239
38 634
38 1088
38 1114
38 2873
38 3667
38 3902
38 3940
39 1038
39 1752
39 2153
39 2960
39 2985
40 591
40 1547
40 1633
40 1838
41 265
41 1324
42 979
42 1092
42 1313
42 2490
42 3262
43 763
43 1439
43 1940
43 2277
43 2322
43 2335
43 3067
43 3350
44 651
44 1186
45 178
45 260
45 2533
46 1860
47 1350
47 1829
47 3323
47 3889
48 1134
48 2146
48 2662
50 2674
50 2689
51 1041
51 1663
51 1666
51 1842
51 3162
51 3289
51 3741
52 1628
52 2019
52 3797
53 236
53 950
54 169
54 562
54 1444
54 1649
54 2362
54 2611
54 3183
54 3208
54 3227
54 3292
55 407
55 794
55 1229
55 2363
56 286
56 1385
56 1424
56 2059
56 2761
56 3299
56 3507
56 3665
57 1682
57 2432
58 1136
59 884
59 2726
60 1556
61 925
61 3236
61 3383
62 488
62 3658
63 2885
63 3024
63 3186
64 523
64 1214
64 1268
64 1629
64 2579
64 2889
65 1872
65 2554
66 1076
66 2927
66 3509
67 2531
67 2625
67 2858
68 176
68 983
68 1144
68 1493
68 2208
68 3299
68 3622
68 3933
69 231
69 3384
69 3391
69 3666
70 206
70 1078
70 2337
70 3111
71 181
71 201
71 225
72 75
72 792
72 1271
72 2755
72 2919
73 706
73 1166
73 1976
73 2763
73 2904
73 3294
74 882
74 3778
75 596
75 1136
75 1154
75 1351
76 2345
76 2713
76 3086
77 673
77 885
77 1816
77 2176
77 2511
78 2643
79 3714
80 800
80 2490
80 3356
81 424
81 1231
81 1244
81 1377
81 2617
81 2679
81 2872
81 3889
82 229
82 632
82 814
82 861
82 1030
82 1351
82 1446
82 3337
83 1729
83 2299
83 3241
84 578
84 1639
84 1723
84 2042
84 3215
84 3644
85 792
85 999
85 2234
85 3499
86 1495
86 2124
86 3294
87 359
87 2118
87 2276
88 127
88 1744
88 2096
88 2748
88 3185
89 2001
89 3729
89 3773
90 721
90 1449
90 2367
90 2426
90 2580
90 2595
91 320
91 2923
92 287
92 350
92 3792
93 297
93 2037
93 2139
93 3430
93 3510
93 3878
94 1611
94 3551
94 3660
95 516
95 544
95 1323
95 1517
96 416
96 1294
96 2122
96 3311
97 2216
97 2636
97 3317
97 3334
97 3571
98 683
98 874
98 2086
98 3971
99 2637
99 3114
100 882
100 1120
100 1369
101 1311
101 1552
101 1622
101 1989
101 2579
101 2626
101 3063
101 3263
102 1070
102 1764
102 3047
102 3200
102 3452
102 3801
103 864
103 1674
103 2279
103 3418
103 3553
104 554
104 1475
104 1766
104 2016
104 2044
104 2091
105 2090
105 3088
105 3496
106 1405
106 1624
106 1770
106 2051
106 2677
106 3461
106 3796
107 512
107 1477
107 1626
107 3213
108 153
108 2383
108 3831
109 174
109 634
109 3229
110 554
110 2309
110 3836
111 946
111 1053
111 3983
112 228
112 632
112 1338
112 2918
112 3307
113 2405
113 3504
114 871
114 1293
114 1373
114 2258
115 1298
115 1318
115 1562
115 1641
115 2816
115 3232
116 549
116 3118
117 596
117 1678
117 3803
118 2709
118 3302
119 472
119 1335
119 1794
119 2143
119 3965
120 1870
120 2337
121 372
121 450
121 900
121 1210
121 2282
122 345
122 3716
123 348
123 1982
123 2339
123 3278
124 338
124 1178
124 1296
124 2110
124 3065
125 1037
125 1125
125 2319
125 2671
125 3247
126 1446
126 3240
127 501
127 1249
127 2486
127 3180
127 3191
128 450
128 1908
128 2190
128 2625
129 236
129 691
129 1690
129 2166
129 2633
130 192
130 1298
130 1751
130 2087
130 2716
130 2886
131 1137
131 1397
131 1510
131 1975
131 2533
131 2816
131 3579
132 2698
132 3489
133 2638
133 3097
134 339
135 256
135 1249
135 1255
135 2008
135 3789
136 577
136 1130
136 1785
136 1932
137 833
137 1369
137 1512
137 1900
137 2175
137 2568
137 2715
138 727
138 2432
139 1739
140 1753
140 3113
140 3446
140 3727
141 358
141 1013
142 863
142 1658
142 2274
142 2500
142 3119
143 547
143 969
143 1328
144 1021
144 2073
144 3490
144 3730
145 778
145 1112
146 2461
146 2556
146 3337
146 3438
147 403
147 610
147 856
147 1329
147 3402
148 271
148 387
148 415
148 1174
148 1562
149 1807
149 1923
149 3571
150 1603
150 1801
150 1856
150 3074
150 3461
151 747
151 2683
151 2772
151 3425
151 3531
153 889
153 1200
153 1416
153 1607
153 1900
153 2327
153 3029
154 681
154 2887
155 505
155 526
155 2256
155 2698
155 3520
155 3946
156 939
156 1561
156 2372
156 3302
157 299
157 1694
157 3309
158 723
158 942
158 1071
158 1606
158 1922
159 3372
159 3620
160 2776
160 3681
161 1171
161 1538
161 1545
161 2228
162 872
162 1213
162 2030
163 230
163 725
163 1211
163 1349
163 1459
163 1690
163 3218
163 3351
164 271
164 1881
165 325
165 791
165 2304
165 2408
165 2997
166 421
166 1024
166 1450
166 3636
167 533
167 3713
167 3867
167 3949
167 3974
168 881
168 1101
168 2268
168 2322
168 3696
169 175
169 544
169 1268
169 2587
169 3048
170 399
170 1119
170 1337
170 1608
170 3646
171 3880
172 393
172 889
172 1435
172 3042
172 3265
172 3374
172 3882
173 2210
173 3083
173 3434
174 414
174 516
174 613
174 2185
174 2536
174 3673
174 3827
175 1221
175 2029
175 2847
175 3062
175 3199
176 1364
176 1716
177 843
177 2966
177 3027
177 3423
178 185
178 809
178 2505
178 2559
178 3216
179 465
179 2024
179 2854
179 2978
180 510
180 782
180 849
180 2240
181 1790
181 2150
181 2247
182 452
182 751
182 2533
182 2930
182 3924
183 534
183 1012
183 1769
183 2403
183 3306
184 1032
184 1285
184 1394
184 1558
184 3101
184 3168
184 3194
184 3817
185 259
185 853
185 2675
186 749
186 3204
186 3280
186 3795
186 3916
187 1632
187 2020
187 2456
187 3420
188 953
189 793
189 1187
189 2714
190 697
190 3276
190 3560
191 420
191 2385
191 2443
191 3497
192 1778
192 2016
193 924
193 1130
193 1448
193 3161
193 3825
194 1010
194 2009
194 2742
194 3998
195 201
195 1823
196 859
196 1338
196 2562
196 2982
197 516
197 840
197 1220
197 3296
197 3974
198 2488
199 918
199 1258
199 1334
199 2071
199 2718
200 285
200 827
200 1119
200 1289
200 2613
200 3714
201 1178
201 3083
202 257
202 438
202 3601
203 2542
203 2636
203 3226
204 520
204 1334
204 1390
204 1794
204 2609
205 388
205 638
205 2557
205 3649
205 3967
206 1231
206 1492
207 1015
207 1959
207 3069
208 280
208 670
208 2969
208 3580
209 674
209 2700
210 733
210 1297
210 1692
210 3996
211 1494
211 3635
212 1161
212 1220
212 2054
212 2831
212 3993
213 1938
213 3307
214 414
214 1050
215 1543
215 1623
215 1634
215 2832
215 2977
215 3331
215 3627
215 3831
216 305
216 431
216 1256
216 2140
216 2455
216 3203
217 675
217 2821
217 3873
218 462
218 807
218 1670
218 3237
218 3523
219 1532
219 3510
220 1794
220 2590
220 3815
221 350
221 1714
221 2478
221 2656
221 3184
222 1598
222 1635
222 3108
222 3250
223 621
223 1116
223 3367
223 3996
224 515
224 1478
224 1956
225 1082
225 1550
225 1716
225 1908
226 893
226 1019
226 3053
226 3080
227 1014
227 1074
227 1397
227 2838
227 3018
227 3068
227 3577
227 3847
228 670
228 1651
228 1744
228 2383
228 2415
229 1326
230 365
230 1691
231 3940
232 349
232 481
232 494
232 1072
232 1486
232 3729
233 1494
233 3165
233 3832
235 1217
235 2860
235 3103
236 501
237 716
237 2323
237 3855
238 880
238 1426
239 320
239 765
239 1756
239 3989
240 643
240 676
240 2445
240 3370
240 3415
241 251
241 1792
241 3922
242 625
242 1695
242 3214
242 3433
243 1499
243 2181
243 2299
243 2353
243 3172
243 3649
243 3923
244 1851
244 2407
244 2543
244 3586
244 3934
245 3657
245 3776
246 307
247 330
247 924
247 1264
247 1773
247 1871
247 2651
248 336
248 1122
248 1288
248 2695
248 3655
249 384
249 980
249 3615
250 800
250 929
250 1490
250 2565
250 3302
251 1549
251 2022
251 2164
251 2379
251 2391
251 2409
251 3068
251 3134
252 3009
252 3429
252 3597
252 3878
253 3444
253 3453
253 3632
254 921
254 1627
254 1924
254 2079
254 2650
254 3040
255 473
255 625
255 965
255 1211
255 1292
255 1743
256 1323
256 1466
256 1562
257 652
257 1160
257 3267
257 3876
258 1572
258 2269
258 2754
258 3036
258 3664
259 1398
259 1699
259 2455
259 2975
259 3606
260 1677
260 1717
260 1767
260 3104
261 1169
261 2541
261 2993
261 3054
261 3224
261 3711
262 1158
262 1391
262 2827
262 3126
262 3208
262 3505
263 940
263 1186
263 2679
263 2803
264 2595
264 2795
264 3200
264 3303
265 492
265 967
265 1683
265 2212
265 2244
265 2619
265 3139
266 546
266 572
266 1580
266 1998
266 2998
267 908
267 1278
267 1417
267 1539
267 1850
267 2400
268 1968
269 1628
269 2349
270 971
270 1553
270 1656
270 1723
270 1746
270 3060
270 3081
270 3146
270 3298
270 3865
270 3980
271 3801
272 463
272 1192
272 1344
272 1463
272 2114
273 1002
273 1268
273 3748
274 827
274 2023
274 2254
274 2756
274 2798
274 3862
275 2045
275 2172
275 2821
276 861
276 1246
277 347
277 977
277 979
277 3440
277 3540
278 1646
278 2573
278 3067
279 311
279 728
279 1161
279 1530
279 3450
279 3590
279 3832
280 1444
280 2410
280 3382
281 1075
281 2039
281 3160
282 2932
282 3224
282 3877
283 3500
284 1381
284 1814
284 2415
284 2528
284 2741
285 477
285 930
285 1008
285 2471
285 3517
285 3625
286 559
286 3043
287 732
287 1354
287 1356
287 3222
288 765
288 1679
288 2620
288 3289
288 3516
289 562
289 1683
289 1844
289 1865
290 716
291 1199
291 2253
291 2345
291 2571
291 3544
292 1325
292 1735
292 2766
292 3033
292 3856
292 3888
292 3977
293 671
293 1193
294 779
294 988
294 2106
294 2132
294 2330
294 2863
294 3255
295 1187
295 1402
295 1545
295 1977
295 2172
295 3729
296 306
296 3507
297 2417
297 3669
298 510
298 1254
298 1997
298 2832
298 2989
298 3871
299 2975
300 878
300 1147
300 1864
301 2308
301 2861
301 3283
301 3334
302 828
302 2048
302 3060
303 1072
303 1186
303 1864
303 2276
303 3251
304 1762
304 1766
304 1972
304 2471
304 3401
304 3661
305 1435
305 1759
305 1948
305 2637
305 2694
305 2725
306 1083
306 1240
306 3507
307 1529
307 1858
307 1891
307 3219
308 790
308 2092
308 2454
309 544
309 1742
309 2570
309 3570
310 2393
310 2812
310 3133
311 631
311 1207
311 3164
312 1025
312 1556
312 2623
312 3208
313 1056
313 3474
314 387
314 790
314 1041
314 1680
314 3810
315 962
315 1580
315 1683
315 3820
315 3856
316 1227
316 2227
316 2703
317 1191
317 2633
317 2756
318 499
318 3298
319 1888
319 2671
319 3813
320 628
320 1249
320 1383
320 2059
320 2355
320 2852
320 3251
320 3587
321 929
321 1422
321 2988
321 3939
322 2239
322 2403
322 2636
322 3991
323 407
323 3744
324 829
324 1457
324 1875
324 1944
324 2417
325 517
325 882
325 3059
325 3323
325 3675
326 1194
326 1565
326 2841
326 3711
326 3820
327 952
327 1257
327 1714
327 2941
328 2111
328 2780
328 3283
328 3644
328 3715
329 813
330 1230
330 1378
330 3013
331 374
331 978
331 1016
332 802
332 1123
332 1729
332 2096
332 2480
332 3547
332 3625
333 1370
333 2027
333 2694
334 1906
334 3484
335 2980
335 3884
336 866
336 1017
336 2248
336 2300
336 2737
336 3485
336 3500
337 1209
337 1683
337 1773
337 2587
337 2934
337 3155
337 3167
337 3483
338 956
338 3335
338 3873
339 3944
340 344
340 387
340 1846
340 2234
340 2908
340 3562
341 1280
341 3107
341 3593
342 1020
342 1704
342 1882
342 2272
342 2986
343 865
343 2158
343 2707
343 2890
343 3776
343 3831
344 1470
344 2681
345 452
345 739
345 1153
345 3712
345 3832
347 1707
347 2024
347 2107
347 2400
347 3414
348 2347
348 2550
349 3318
349 3432
349 3624
350 1671
350 2764
350 3322
350 3506
350 3760
351 1773
351 1911
351 2104
352 1419
352 1634
352 2289
352 3432
354 1240
354 1707
354 2525
354 3414
355 775
355 1803
355 3195
355 3994
356 1142
356 1525
356 2545
356 3701
357 1472
357 1618
357 3897
358 405
358 1392
358 1427
358 1475
358 1515
358 2105
358 3606
359 458
359 1114
359 3006
359 3671
360 488
360 867
360 2093
360 2357
360 3556
361 3031
362 473
362 843
362 2266
362 2774
363 1019
363 3117
365 2049
365 2192
366 461
366 935
366 2272
367 508
367 1903
367 1958
367 2685
368 660
369 867
369 1680
369 1922
369 2174
369 3628
370 1290
371 2546
371 3498
372 503
372 3333
372 3650
373 665
373 1736
373 2580
374 1126
374 3676
375 761
375 2812
375 3513
375 3629
375 3913
376 498
376 2571
376 3492
377 479
377 1381
377 3422
378 820
378 1217
378 1365
378 1927
378 1979
378 2090
379 1414
379 1972
379 2503
379 3419
380 2188
380 2559
381 1452
381 1780
381 1942
381 3811
382 1170
382 1374
382 2432
383 1575
383 1980
383 2739
383 3693
384 1202
384 1286
384 1395
384 3298
385 2402
385 2690
385 3455
386 2289
386 2567
387 438
387 887
387 3080
388 932
388 1030
388 1686
388 1825
388 3832
389 464
389 673
389 1121
389 1913
389 3486
390 1430
390 2135
390 3326
391 745
391 1295
391 1478
391 3494
392 1520
392 1688
392 3668
392 3757
393 429
393 784
393 2747
393 2799
393 3024
393 3041
393 3443
394 1195
394 2469
394 2815
394 3722
395 692
395 1986
395 3557
396 1611
398 753
398 1820
398 2123
398 2143
398 2646
399 2055
399 3318
400 2786
401 1647
401 1941
402 1546
403 455
403 480
403 1463
403 1631
403 1795
404 537
404 1595
404 2338
405 1046
405 1189
405 1626
405 1823
405 2353
405 3164
406 848
406 1879
406 2478
406 3127
406 3994
407 926
407 1340
408 3248
408 3443
408 3476
408 3622
408 3777
409 545
409 1836
409 2177
409 2266
410 461
410 759
410 1368
410 1951
410 2372
410 2874
411 1584
411 3071
411 3595
412 1133
412 1975
412 2006
412 2313
412 3706
412 3727
413 1188
413 2166
413 2620
413 2990
414 782
414 1353
414 2317
414 3117
415 1207
415 1680
415 1827
416 1689
416 2587
416 3883
417 2373
417 2495
418 1179
418 1685
418 1693
418 2561
418 3758
419 458
419 1606
419 1835
419 1885
419 2477
419 3814
420 2230
421 2079
421 3241
422 1127
422 1346
422 1771
422 2171
422 2289
423 631
423 749
423 2585
424 1694
424 1947
424 2099
424 2602
424 3064
425 3286
426 1183
426 1381
426 1577
426 3081
426 3124
427 644
427 2228
427 3380
428 782
428 1005
428 1063
428 2575
428 3004
428 3329
428 3977
429 725
429 1222
429 2468
430 1272
430 3076
430 3655
431 449
431 1794
431 1877
431 2021
431 3668
433 897
433 1639
434 543
434 943
434 2354
435 605
435 1407
435 1726
435 2231
436 1515
436 1595
436 2488
437 517
437 1581
437 1817
437 2551
437 2634
438 573
438 1088
438 1235
438 1592
439 1506
439 1507
439 1629
439 1756
439 3187
439 3704
440 836
440 1142
440 1307
440 1549
440 1998
440 2939
441 615
441 1305
441 1430
441 3894
442 1640
442 1756
442 2569
442 2792
442 3285
443 726
443 1547
443 2587
444 743
444 960
444 1133
444 1442
445 643
445 1317
445 1836
445 2750
445 2900
445 3342
446 536
446 538
446 1534
446 2116
447 1074
447 1116
447 1931
447 2601
447 3667
447 3671
448 2183
448 3531
448 3779
448 3975
449 810
449 1590
449 1794
449 2121
449 2290
449 2399
450 1466
450 2075
450 2268
450 3515
450 3920
451 825
451 951
451 1234
451 1655
451 2882
451 3685
451 3690
452 464
452 1489
452 1665
452 1810
452 2166
452 2426
452 2797
452 3530
453 1871
453 1883
453 2719
454 2328
454 3922
455 1871
455 1912
455 2292
455 2373
455 2450
455 3809
456 1551
456 1652
456 2515
456 2999
456 3124
457 631
457 843
457 2075
457 2268
458 560
458 1251
458 2569
459 1570
459 2594
459 3675
460 1948
460 2159
460 3625
461 2527
461 3063
461 3205
462 1215
462 1276
462 2153
462 3594
462 3982
463 890
463 1194
463 2706
463 3102
463 3281
463 3897
464 2801
465 1469
465 1535
465 1588
465 1960
465 2294
465 2637
466 1150
466 1732
466 2145
466 3592
466 3914
467 1529
467 3001
467 3227
468 1963
468 2173
468 2258
469 1727
469 2595
469 3877
470 1750
470 3618
471 763
471 2534
471 2967
472 3961
473 1218
473 1864
473 2175
473 3032
473 3476
473 3967
474 1024
474 1395
474 1497
474 2520
474 2652
474 3370
474 3577
474 3583
475 1207
475 1944
475 2072
475 2512
475 2543
475 2903
475 2951
478 3776
479 631
479 2385
479 2888
480 3014
480 3419
480 3936
481 521
481 1727
481 3687
482 1105
482 1382
482 3007
482 3631
483 1256
484 901
484 2684
484 3143
486 3279
487 818
487 1079
487 1157
487 1359
487 2541
488 1016
488 2231
488 2756
488 3137
488 3302
489 1778
489 2296
490 3278
490 3591
491 1722
491 2339
491 3167
491 3794
493 690
493 2427
494 635
494 1015
494 1423
494 2359
494 2811
494 3892
495 1492
495 2961
495 3489
495 3761
496 562
496 2201
496 3050
496 3139
496 3593
497 2337
497 2866
498 953
498 1357
498 3814
499 1078
499 2738
499 3269
499 3954
500 1646
500 2243
500 2978
501 712
501 3057
502 2348
502 3112
503 560
503 932
503 1194
503 2458
503 2987
503 3617
504 2281
504 3561
505 1017
505 1646
505 2421
505 2500
505 2775
506 1592
506 3911
507 3520
508 2958
508 3156
509 3534
510 1151
510 2770
511 1900
511 3349
511 3926
512 683
512 1909
512 2139
512 2422
512 2766
512 3002
513 1066
514 2471
514 2557
514 3456
515 1415
515 1984
515 2789
515 2864
515 3659
516 3590
517 1258
517 2577
517 2686
517 2890
517 3044
517 3059
517 3577
517 3782
518 1948
519 692
519 969
519 3303
520 2308
521 1218
521 1456
521 1576
521 1953
521 3546
522 1878
522 2004
522 3238
522 3246
522 3540
523 765
523 1228
523 1250
523 1504
523 1849
523 2376
523 2910
523 3139
523 3184
523 3361
524 844
524 2118
524 2269
524 2503
524 3563
525 2148
525 2327
525 2522
527 1767
527 2488
527 2998
528 556
528 2324
528 3394
529 3447
530 1757
530 2024
530 2589
530 2599
530 3650
531 619
531 849
531 856
531 2321
531 3330
532 2669
532 3645
532 3697
532 3705
532 3991
533 1360
533 2573
533 2702
533 3371
533 3572
533 3584
533 3734
534 2209
534 3433
535 937
535 1730
535 1787
535 1813
535 2158
535 2948
535 3179
536 806
536 1178
536 2535
536 2659
536 3014
537 615
537 2454
537 2884
537 3493
537 3683
538 2089
538 3938
539 1828
539 2268
540 602
540 1888
540 2386
540 3612
541 702
541 2911
541 2971
541 3012
542 3120
543 1035
543 1983
543 2100
544 721
544 937
544 1580
544 2098
545 590
545 1382
545 1438
545 2525
545 2795
545 3006
545 3521
546 1741
546 1947
546 2319
546 3602
547 741
547 808
547 1009
547 1329
547 2036
548 2573
548 3298
549 2610
549 2817
549 3221
549 3861
550 734
550 2443
551 1061
551 1689
551 2295
551 2856
551 3270
552 1182
552 2660
552 3866
553 1875
553 2628
553 3046
554 3004
555 1010
555 2084
555 3051
555 3474
556 1314
556 1878
556 1937
556 2384
557 3028
557 3646
558 989
558 2073
558 3309
558 3667
558 3966
559 735
559 1331
559 2072
559 2273
559 2864
559 3420
559 3841
560 3349
561 2917
562 2770
562 3287
562 3433
562 3790
562 3950
563 3150
563 3711
564 1780
564 1861
565 1976
566 2672
566 3087
566 3802
566 3924
567 2649
567 2903
568 952
568 1071
569 1636
569 1829
569 3267
570 683
570 2729
571 1015
571 1304
571 2366
572 933
572 1003
572 1324
572 3960
573 624
573 1004
573 1648
573 2443
574 1498
574 2074
574 2169
574 3255
575 1376
575 1415
575 2817
575 3791
576 1115
576 1291
576 1347
576 1797
576 2314
576 2980
577 857
578 1175
578 2015
578 2521
579 973
579 1104
579 3140
579 3430
580 3250
580 3391
580 3781
581 1353
581 1815
581 2574
581 3176
582 2750
582 2933
582 3202
583 1983
583 2172
583 2348
583 2416
583 2682
583 3354
584 2117
584 2874
585 2709
585 3057
586 1205
586 3394
586 3601
586 3871
587 857
587 2890
588 3217
589 2660
589 2989
590 728
590 3206
590 3729
591 1963
591 2029
591 2753
591 2770
591 2943
592 1201
592 2849
592 2857
592 3976
593 3112
594 1217
594 1497
594 1895
594 2575
595 1409
595 1494
596 941
596 1248
596 1393
596 1627
596 1911
596 1951
596 2424
596 2485
596 3668
597 2111
597 3002
597 3005
597 3532
598 1174
598 3549
598 3802
599 1188
599 1630
599 1710
599 2222
599 3844
600 1238
600 2874
600 3443
601 2484
601 3370
602 2417
602 3548
603 2522
603 3781
604 2184
605 1466
605 3118
605 3587
606 628
606 1294
606 1552
606 2479
606 2958
606 3245
606 3562
606 3821
607 1149
607 1892
607 2404
607 2502
608 3448
608 3514
608 3676
609 1000
609 1951
609 2302
609 2783
610 821
610 940
610 1244
610 1628
610 2416
610 2643
611 1288
611 1635
611 2768
611 3203
611 3356
612 1055
612 2414
612 2969
613 1423
613 1430
613 2177
614 1422
614 1865
614 2206
614 2649
615 1021
615 1620
615 1858
615 3731
615 3953
616 2027
616 2680
616 3435
616 3554
617 1026
617 2477
617 3651
618 1530
619 808
620 1634
620 1872
621 737
621 1018
621 1597
621 2034
621 2163
621 2461
622 987
622 2645
623 3373
623 3567
625 1046
625 1168
625 1256
625 1386
625 2181
625 2732
627 1813
627 2185
627 2614
627 2819
628 833
628 883
628 1816
628 2034
628 2709
628 3165
628 3230
628 3431
628 3765
629 992
629 1029
629 1841
629 2097
630 2586
630 2789
631 866
631 1514
631 2554
631 3870
632 657
632 1232
632 3424
633 866
633 1104
633 2127
633 2742
634 2478
635 832
635 2897
635 2975
636 1350
636 2956
636 3988
637 2356
637 3567
638 1898
639 715
639 815
639 3766
639 3853
639 3906
639 3971
640 2236
640 2387
640 2445
640 2743
640 2958
641 2339
641 3629
642 648
642 758
642 2803
643 1139
643 1354
643 2190
643 2355
644 2781
645 743
645 998
645 1255
646 1007
646 1098
646 1382
646 1967
646 2352
646 3431
647 1368
647 1984
647 3427
648 711
649 807
649 1028
649 2085
649 2755
650 3457
651 1368
651 2630
651 2965
651 3020
651 3529
652 2730
652 3150
653 3926
654 1490
654 1919
654 3195
655 1209
655 1284
655 1848
655 2229
655 2964
655 3239
656 819
656 1167
656 2733
656 2951
657 1600
657 1606
657 1735
657 2617
659 874
659 3794
660 1682
660 2085
661 1181
661 2027
662 1387
662 2386
662 2581
662 3027
662 3899
662 3979
663 3957
664 881
664 2406
664 2573
664 2664
665 710
665 1156
665 1594
666 762
666 1106
666 2241
666 3827
667 1033
667 2936
667 3884
668 868
668 3483
668 3585
670 1795
670 2197
671 1667
671 2236
672 1662
672 1886
672 2384
672 3322
673 3857
673 3906
674 1024
674 3742
675 1819
675 2512
675 2695
675 2842
675 3571
676 1206
676 1418
677 1222
677 1440
677 1908
677 1973
677 3361
678 1155
678 3893
678 3953
679 1014
679 2913
679 3115
679 3856
679 3878
680 781
680 1010
681 1981
681 2731
681 3533
681 3987
682 1424
682 2666
682 3152
682 3918
683 3673
684 1075
684 1515
684 1625
684 1657
684 3922
685 863
685 1677
685 1821
685 1883
685 3284
685 3303
685 3806
686 1192
686 1377
686 2130
687 1185
687 2062
687 2287
688 816
688 1168
688 2261
688 2984
689 848
689 3296
690 1377
690 2222
690 2981
690 3390
691 696
691 1802
691 3535
691 3913
692 1018
692 2067
692 2416
692 3462
693 930
693 990
694 2975
695 1261
695 1544
695 3605
696 1811
696 2810
696 3984
697 1006
697 2874
697 3776
698 1187
698 2943
698 3509
699 2448
699 2699
700 1901
700 2181
700 2185
701 1442
702 766
702 1096
702 2767
703 1272
704 948
704 1026
704 1590
704 1972
704 2255
704 2406
704 2808
704 3158
704 3790
705 2049
705 2104
705 3182
706 786
706 1150
706 2457
706 2993
706 3624
707 1791
707 2460
707 2674
707 2832
707 3847
708 1766
708 2057
708 3333
708 3917
709 774
709 853
709 1758
709 2210
709 2494
709 2674
710 926
710 1299
710 1526
710 1561
710 1677
710 2637
710 3839
712 1668
712 2930
712 3993
713 2492
713 2829
713 3207
713 3887
714 965
714 2107
714 2127
714 2638
714 3559
716 2084
716 2121
716 2549
716 2973
717 719
717 1564
717 2065
717 2941
718 949
718 997
718 1598
718 1958
718 3234
718 3791
720 1422
720 2101
720 3195
721 1540
721 2577
721 2907
721 3990
722 3590
722 3919
723 3717
724 1242
724 1805
724 2425
724 3155
724 3742
725 1548
725 1762
725 3282
725 3615
725 3661
726 856
726 1358
727 1615
727 3581
728 1541
728 1635
728 2139
729 1050
729 2554
729 2575
730 793
730 2915
732 1507
732 1743
732 2484
732 3705
733 802
733 1085
733 1964
733 2110
733 3740
733 3860
734 1150
734 1645
734 3391
735 965
735 1152
735 1922
735 2727
736 1407
736 1506
736 3879
737 1654
737 2651
737 3577
738 875
738 1062
738 1779
739 1185
739 1346
739 1574
739 2269
739 3834
740 3056
741 2097
741 2602
741 2987
742 2498
743 2397
743 2451
744 1552
744 1672
744 2100
744 2745
744 3170
744 3654
744 3663
744 3919
745 1539
745 2556
745 3035
745 3988
746 765
746 2020
746 3898
747 1685
747 2005
747 3811
748 3466
750 2033
750 3350
751 1202
751 1246
751 1283
751 2364
752 3548
753 2679
753 2872
753 3108
754 2919
754 3160
754 3834
756 1393
756 1892
756 2842
757 915
757 3060
757 3418
757 3895
758 1589
758 2726
758 3519
759 776
759 1715
759 2062
759 2333
759 2591
759 2960
760 1273
760 2620
761 3184
762 1101
762 1994
762 2278
762 2401
762 2506
762 2625
763 3341
764 918
764 2193
764 2476
765 2768
766 2645
766 2984
766 3710
767 1198
767 1885
767 3010
767 3060
768 872
768 1561
768 2250
768 2589
768 2858
768 2981
769 1828
769 3133
770 2176
771 1294
771 1487
771 2854
772 1518
773 1546
773 2949
773 3865
773 3891
773 3950
774 1483
774 2978
774 3976
775 3277
775 3354
775 3722
776 1317
776 2057
776 2263
776 2881
777 1377
777 1929
777 2152
777 3239
777 3961
778 1119
778 1641
778 2009
778 2091
778 2151
779 933
779 3312
780 2155
780 2663
780 3395
781 1544
781 2305
781 2637
782 1010
782 1110
782 2324
782 2675
782 2826
782 3035
783 1508
783 1903
783 2960
784 2065
784 2138
784 2343
784 3974
785 813
785 1167
785 1830
785 2149
785 3423
785 3548
786 1442
786 1821
786 3354
787 2620
788 1733
788 1976
789 1751
789 2221
789 3431
789 3575
789 3700
790 1173
790 2276
790 3911
790 3912
791 2407
791 2542
792 1106
792 2161
793 1341
793 1973
793 2401
793 3525
794 939
794 1019
794 1100
794 1290
794 1859
794 2853
795 1868
795 2540
795 3503
796 801
796 1328
796 2148
796 3219
796 3380
798 3871
799 1301
799 1777
799 3484
800 1135
800 1698
800 1909
800 2272
800 3449
801 2927
801 3375
802 2073
802 2893
802 3868
803 1282
803 2434
803 3938
804 1351
804 2026
804 2978
804 3875
805 2024
805 2333
805 2701
806 2689
806 3467
806 3694
806 3756
807 1852
807 3585
808 1145
808 1255
808 1521
808 2647
809 1211
810 885
810 1167
810 3198
810 3433
811 1245
811 1948
811 2398
811 2509
811 3137
811 3746
812 2645
812 3973
813 2692
813 3421
814 1102
814 1233
814 3527
814 3550
815 1577
815 1996
815 2528
815 2898
816 1602
816 3737
817 966
817 2533
817 3075
817 3719
818 1605
818 1732
818 1975
818 3084
818 3087
818 3296
818 3812
819 1986
819 2608
819 3597
819 3984
820 3913
820 3932
820 3977
821 1039
821 1141
821 2399
821 2405
821 3002
821 3141
821 3494
822 2967
823 2081
823 2417
823 3579
823 3777
824 2766
824 3642
825 1088
825 1785
825 3282
825 3680
826 1134
826 1743
826 2957
826 3856
827 3510
828 960
828 1067
828 1695
828 1718
828 3408
829 3822
829 3895
830 1196
830 2008
830 2145
830 2646
831 1220
831 1948
831 2115
832 1147
832 2729
833 849
833 1480
834 1565
834 1979
836 1824
836 3003
836 3260
836 3572
837 1689
837 2280
837 3420
838 1261
838 2192
838 3275
839 2636
839 2846
839 3741
840 2267
840 3717
841 1217
841 2191
841 2342
841 2429
841 2824
842 1498
842 2058
842 3161
843 904
843 1907
843 2895
843 3276
844 953
844 1059
844 1335
844 1800
844 3488
845 1164
845 3324
846 1685
846 2676
846 3231
846 3764
846 3780
846 3879
846 3884
847 1797
847 3486
847 3620
848 919
848 1058
848 1444
848 2137
848 2189
848 2359
848 2855
848 3910
849 962
849 2688
849 2980
849 3404
850 2232
850 3536
850 3538
851 1642
851 1988
851 3002
851 3146
852 3950
853 1858
854 884
855 917
856 2211
856 3513
857 1060
857 1898
857 3864
858 1551
859 1307
859 1442
859 2608
860 3613
861 1096
861 1681
862 1080
862 1239
862 1250
862 1490
862 2669
862 2723
862 3997
863 2322
863 2990
864 3686
865 1031
865 3932
866 1522
867 1623
867 2728
868 2063
868 2901
868 3926
869 1426
869 1673
869 2390
870 1521
870 3177
870 3818
871 2114
871 2180
871 2250
871 3542
872 1464
872 1987
872 2890
873 1315
873 1982
874 1841
874 2096
874 2312
874 2431
874 2529
874 3166
874 3769
875 3203
875 3596
876 1279
876 2491
876 2863
876 3137
877 2347
877 2593
877 3415
878 1063
878 1259
878 1616
879 3231
879 3485
879 3875
880 1413
880 1456
880 1688
880 1835
880 3931
881 1339
881 2009
881 3196
882 1690
882 2745
883 937
883 1692
883 1707
883 1733
883 2429
883 2643
883 3609
883 3717
883 3936
884 1656
884 3073
884 3782
886 1526
886 2396
886 2904
886 3024
887 1096
887 1744
887 2392
887 3576
888 1788
888 3227
889 2052
889 2441
889 3738
890 1556
890 1949
890 2691
891 1204
891 1382
891 1461
891 2005
891 2097
892 1137
892 1589
892 1882
892 2176
892 3748
893 2016
893 2109
893 3674
894 2296
895 937
895 959
895 1087
895 3773
896 1167
896 1334
896 1625
896 1690
896 1835
896 3543
897 1103
897 1174
897 2544
897 3296
898 1831
898 2822
899 1111
899 1324
899 2628
899 3311
900 1891
900 2237
900 2463
900 3970
901 1071
901 1393
902 1099
902 1179
902 1996
902 2351
902 3788
903 1218
903 1671
903 2196
903 3905
904 1662
904 2449
904 3049
904 3840
905 1001
905 1097
905 1789
905 2560
905 2706
906 2282
906 2404
906 2864
906 3064
907 1988
907 2331
907 2600
907 3218
907 3533
908 3995
910 1250
910 1348
910 1392
910 1867
910 3604
911 1345
911 2260
911 2766
911 2994
912 3263
912 3805
913 941
914 2383
914 2436
914 3299
915 3479
915 3783
916 1362
916 1446
916 3778
917 1224
917 1285
917 1385
917 2953
917 3135
917 3573
917 3893
918 2877
919 1480
919 1547
919 1812
919 2022
919 2030
919 2782
919 3313
919 3546
919 3811
920 1585
920 2127
920 2587
920 3150
920 3981
922 974
922 1635
922 2620
922 2994
923 936
923 1251
923 1632
923 1868
923 2774
923 3014
923 3203
924 1238
924 1773
924 3326
925 1293
925 1781
925 2588
925 2938
925 3030
925 3647
927 1671
927 1841
927 1911
927 2884
928 1595
928 3534
929 1519
929 1740
929 3384
930 1064
930 2327
930 2676
930 3152
930 3499
930 3821
931 2165
931 2369
931 2754
931 2832
931 3286
932 1010
933 2273
933 2745
933 3651
934 2334
934 3632
935 1247
935 2529
935 3370
935 3478
936 1354
936 1543
936 3393
937 1004
937 2843
937 3872
938 3903
939 1678
939 2477
939 2845
939 3874
940 1276
940 1335
940 2263
941 3240
941 3984
942 1518
942 2684
942 3451
943 3339
944 1021
944 2881
944 3734
944 3834
945 1005
946 1012
946 1726
946 2364
946 2504
946 3457
947 1534
947 2113
948 1601
948 2766
948 3095
948 3276
948 3604
949 1348
949 1658
949 3868
950 2467
950 3039
950 3093
951 1307
951 2593
951 3491
952 2141
952 2173
953 1956
953 2629
953 3436
954 3817
954 3916
955 1597
955 1816
955 2368
955 3944
956 1023
956 1204
957 1511
957 1563
958 1306
958 1875
959 1006
959 1674
959 2231
961 1473
961 2401
961 3357
962 3230
962 3239
962 3677
965 3829
966 1320
966 2108
966 3097
966 3416
966 3436
966 3979
967 1492
967 2667
967 2804
967 3559
968 1276
968 3088
968 3119
968 3175
969 1851
969 2361
970 972
970 1593
970 2082
970 2128
970 3053
970 3691
971 1102
971 2136
972 1154
972 1264
972 1274
972 1644
972 2202
972 2846
972 3733
972 3835
974 2476
974 2840
974 3610
975 2665
975 2777
975 3374
975 3380
976 1139
976 1253
976 2172
977 1429
977 1847
977 2139
977 2249
977 2346
977 2511
977 3212
978 1434
978 1876
978 2413
978 2735
978 2770
979 3902
979 3956
980 1553
980 1917
980 3229
981 3733
982 1369
982 2804
982 3255
983 1612
983 1754
983 3835
984 2498
985 1325
986 1361
986 3310
987 2694
988 1045
988 2351
988 2511
988 3018
988 3832
988 3844
989 3349
990 3075
990 3758
991 1149
991 2333
991 3528
992 1679
992 2105
992 3817
993 1023
993 2606
993 2640
993 3570
994 1365
995 2623
995 3848
995 3907
996 2762
996 3133
997 1477
997 1603
997 1627
997 1650
997 1938
997 2250
997 3382
998 1406
998 3686
998 3955
999 2525
999 3603
1000 1590
1000 1785
1000 3835
1001 2400
1001 2599
1001 3160
1001 3894
1002 2568
1002 3276
1003 3021
1003 3266
1004 1353
1005 3979
1006 1323
1006 1927
1006 2813
1006 3091
1006 3322
1007 1705
1007 2320
1007 2353
1007 2635
1007 3862
1008 2147
1008 2470
1008 2667
1008 3467
1008 3786
1009 2361
1009 2779
1009 3961
1010 2455
1010 3669
1011 1066
1011 1966
1011 3608
1011 3656
1012 1089
1012 1274
1012 2866
1012 3172
1013 1141
1013 1807
1013 3385
1014 1158
1014 2077
1015 1530
1015 2548
1015 3564
1017 1462
1017 1830
1017 2263
1017 3246
1018 1327
1018 2105
1018 2156
1018 2455
1018 3260
1018 3879
1019 1795
1019 2211
1019 3759
1020 2265
1020 2769
1020 3785
1021 2075
1021 2649
1021 3331
1021 3684
1022 3267
1023 3792
1024 3358
1025 2850
1025 3458
1025 3911
1026 1554
1026 2551
1026 2580
1026 2917
1027 1699
1027 2816
1028 1147
1028 1304
1028 1312
1028 2022
1028 2077
1028 3380
1028 3856
1028 3936
1029 1940
1029 2757
1029 3461
1030 1421
1030 2456
1030 2779
1030 2970
1030 3107
1030 3788
1030 3916
1031 1124
1031 1493
1031 1844
1031 3576
1032 2594
1032 3022
1032 3885
1032 3984
1033 1673
1034 1065
1034 2156
1034 2358
1034 3107
1035 1463
1035 2125
1035 3629
1036 1057
1036 1942
1036 3509
1036 3632
1037 1466
1037 2025
1037 2842
1037 3365
1037 3783
1037 3978
1038 2125
1038 2187
1038 3380
1039 2262
1039 2494
1039 2541
1039 3301
1040 2716
1040 3060
1040 3135
1040 3303
1041 2665
1041 3004
1041 3968
1042 2905
1042 3239
1043 1327
1044 1434
1044 2110
1044 2614
1045 2052
1045 2369
1045 2416
1045 2616
1046 2222
1046 2618
1046 2644
1047 1263
1047 1536
1047 1610
1047 1959
1047 3612
1048 1742
1048 2768
1048 3948
1049 1612
1049 2421
1049 2638
1049 3439
1050 1227
1050 1351
1050 1914
1050 2073
1050 2454
1052 1485
1052 2289
1052 2739
1052 3900
1053 3049
1053 3487
1054 2544
1054 3322
1054 3349
1054 3640
1055 1073
1055 1278
1055 1645
1055 2025
1055 3409
1056 1150
1056 1190
1056 1216
1056 1744
1056 2154
1057 1194
1057 3392
1058 1974
1058 2165
1058 2372
1058 3065
1058 3319
1058 3834
1059 1196
1059 1870
1059 2824
1059 3575
1060 2010
1060 2385
1060 3070
1060 3129
1060 3383
1060 3960
1061 3322
1062 1651
1062 2280
1062 2537
1062 2859
1063 1470
1063 1538
1063 2161
1063 2520
1063 2884
1063 3483
1063 3581
1064 3588
1065 1510
1065 2015
1065 3007
1065 3436
1066 1427
1066 1857
1066 2345
1066 2963
1066 3112
1067 1740
1067 3178
1068 1178
1068 1739
1068 2257
1068 2834
1068 3668
1069 1729
1069 2079
1069 2710
1070 2067
1071 3138
1072 1276
1072 2741
1073 1685
1073 2224
1073 2260
1073 2942
1073 3225
1074 2928
1074 3113
1074 3355
1075 1691
1075 1770
1075 3869
1076 2077
1076 3159
1077 1278
1077 2667
1077 3329
1078 1385
1078 2692
1078 3386
1079 1451
1079 1970
1079 2519
1079 2546
1080 1955
1080 2559
1080 3344
1081 3007
1082 1697
1082 2384
1083 2862
1083 3808
1086 1597
1086 2352
1086 3400
1086 3733
1087 2366
1087 3269
1087 3694
1088 3003
1088 3190
1088 3561
1089 2850
1089 3016
1090 1236
1090 2320
1090 2662
1090 3245
1091 2023
1091 3859
1092 1252
1092 2535
1092 2604
1092 2869
1093 1348
1093 1419
1093 2050
1093 2236
1094 1411
1094 1463
1094 1891
1094 2167
1094 2715
1095 1275
1095 1336
1095 2286
1095 2972
1096 3696
1097 2616
1097 2769
1098 1728
1098 2016
1098 2860
1098 2947
1098 3554
1099 1549
1099 3049
1099 3189
1099 3836
1100 1446
1100 1588
1100 3013
1100 3769
1101 1309
1101 1766
1102 2584
1102 2704
1103 1523
1103 1685
1103 1712
1103 3275
1103 3342
1103 3795
1104 2511
1104 2630
1105 1903
1105 2155
1105 2228
1105 2276
1105 2351
1105 2501
1106 2312
1106 2626
1106 3120
1106 3868
1107 1919
1107 2740
1108 3181
1109 1726
1109 1967
1109 1987
1109 2627
1109 2762
1109 3041
1109 3135
1109 3605
1109 3733
1110 2661
1111 1286
1111 2450
1111 3314
1111 3673
1112 1310
1112 2240
1112 2439
1112 3479
1113 3753
1113 3832
1114 1501
1114 2156
1114 3153
1114 3616
1115 1466
1115 2860
1116 1648
1116 2429
1116 2593
1117 1161
1118 1754
1118 2790
1118 3380
1119 2121
1120 1734
1121 1679
1121 2530
1121 3009
1122 3467
1122 3757
1122 3907
1123 1545
1124 1249
1124 3875
1125 1982
1125 2895
1125 3549
1125 3850
1126 2228
1127 1468
1127 1563
1127 1998
1127 3600
1127 3725
1128 1404
1129 2169
1129 2186
1129 2534
1131 1532
1131 3634
1132 1831
1132 1997
1132 2316
1132 2962
1133 1970
1133 3923
1133 3955
1135 1484
1135 1631
1135 3408
1135 3914
1136 1763
1136 2461
1137 1426
1137 2695
1138 1419
1138 2013
1139 1463
1139 2929
1139 2999
1139 3340
1139 3417
1139 3912
1140 1173
1140 1906
1141 1202
1141 1716
1141 2843
1141 3478
1141 3537
1142 1346
1142 3509
1142 3773
1143 1546
1143 1755
1143 2231
1143 2636
1143 3348
1143 3618
1144 1503
1144 2938
1145 2683
1146 1159
1146 2589
1147 1455
1148 1704
1148 1982
1148 2526
1148 3476
1148 3802
1149 1775
1149 1825
1149 1916
1149 3109
1149 3154
1149 3977
1150 1294
1150 2478
1150 3063
1150 3386
1150 3849
1150 3868
1152 1161
1152 1808
1152 2398
1152 2731
1152 2876
1152 3347
1153 1758
1153 3681
1154 1525
1154 1580
1154 3386
1155 2033
1155 2594
1156 1264
1156 2298
1156 2517
1156 3577
1157 1258
1157 2126
1158 1163
1158 1634
1158 3533
1161 2829
1162 1710
1162 3304
1162 3523
1163 3275
1163 3903
1164 2684
1164 2871
1164 3554
1165 1671
1165 2351
1165 2375
1165 3349
1166 2690
1166 2930
1166 3080
1167 1169
1167 2315
1167 2953
1167 3518
1167 3972
1168 2509
1168 2955
1169 3011
1169 3726
1170 2477
1170 2974
1170 2995
1170 3781
1171 1561
1171 2421
1171 2808
1172 1516
1173 2710
1173 2844
1174 2331
1174 2502
1174 3653
1175 1375
1175 2399
1176 2888
1176 3443
1177 3322
1178 2321
1179 1887
1179 2105
1179 2481
1179 2575
1179 2937
1179 3461
1179 3714
1180 3882
1181 1385
1181 1639
1181 3515
1182 1477
1182 2782
1182 2863
1182 3333
1182 3848
1183 1475
1183 1638
1183 1677
1183 2776
1183 2874
1184 2377
1184 3117
1184 3496
1184 3573
1185 1828
1185 1852
1185 2687
1186 1405
1186 1676
1186 1890
1186 1912
1186 2647
1187 1265
1187 2311
1187 3342
1187 3882
1187 3927
1188 2071
1188 2718
1188 2803
1189 3314
1190 1752
1190 1929
1190 1944
1190 2016
1191 2203
1193 1707
1193 3935
1194 1506
1194 3078
1195 3035
1195 3408
1196 1572
1196 2206
1196 2547
1196 2987
1196 3789
1197 1236
1197 1729
1197 2021
1197 3179
1197 3319
1198 1282
1199 2586
1199 2883
1199 3526
1200 1577
1200 2506
1200 2593
1201 1307
1201 1833
1201 3378
1202 2609
1202 2738
1202 3035
1202 3121
1202 3241
1203 2096
1203 2529
1203 3339
1204 1238
1204 1613
1205 1751
1206 2511
1206 2601
1206 3320
1206 3501
1207 1702
1207 2256
1207 2394
1207 2467
1207 2498
1207 2513
1208 1577
1208 2869
1208 3830
1209 1583
1209 2111
1209 2301
1209 2509
1209 2753
1209 3419
1210 1359
1210 1528
1210 2514
1210 3872
1211 1919
1211 2286
1211 3184
1211 3923
1212 2774
1213 2729
1213 3328
1213 3864
1214 2996
1214 3994
1215 1708
1216 1360
1217 2266
1218 1260
1218 1832
1218 2220
1218 2953
1218 3973
1219 2455
1219 2503
1219 3293
1220 2061
1220 2542
1221 3153
1222 1690
1222 2659
1222 2840
1222 3687
1222 3712
1222 3999
1223 3292
1224 1433
1224 2108
1224 2307
1224 2694
1224 2978
1225 3328
1225 3790
1226 2558
1226 2855
1226 3501
1226 3764
1226 3859
1227 3056
1227 3191
1228 1871
1229 1716
1229 2914
1230 1342
1230 2295
1231 3813
1232 2970
1232 2985
1232 3099
1233 1342
1233 2592
1233 3158
1234 1350
1234 2849
1234 3443
1235 2489
1235 2704
1235 3763
1236 1374
1236 1718
1236 2105
1236 3032
1236 3594
1237 3261
1238 3018
1238 3082
1239 1964
1239 2778
1239 3239
1239 3667
1240 1279
1240 2073
1241 3232
1241 3712
1242 1632
1242 1634
1242 1913
1242 2438
1242 2833
1242 3048
1242 3441
1243 1388
1243 1765
1243 2329
1243 2539
1244 2198
1244 3569
1245 1449
1246 1802
1246 2803
1246 3680
1247 1367
1247 2035
1248 2797
1248 2912
1249 3321
1249 3412
1250 1547
1251 3424
1251 3486
1252 1790
1252 2087
1252 2235
1253 1966
1253 2332
1254 2619
1254 2669
1254 3070
1255 1266
1255 2433
1255 2943
1255 3407
1255 3622
1255 3856
1256 1290
1256 2323
1257 2208
1258 1496
1258 3126
1258 3451
1258 3817
1259 1912
1259 2515
1259 3691
1260 1387
1260 1948
1261 1990
1262 3529
1262 3905
1263 2063
1263 3365
1264 2490
1264 2807
1264 3490
1264 3988
1265 1351
1265 3232
1266 3516
1266 3627
1267 3134
1268 1387
1268 1743
1268 2357
1268 2690
1268 2853
1268 3473
1268 3549
1268 3634
1269 1388
1269 2786
1270 1978
1270 3277
1270 3653
1271 2309
1271 2440
1271 3310
1272 2698
1272 3031
1272 3161
1273 3980
1274 1656
1274 2393
1274 2430
1274 2854
1274 3001
1274 3369
1275 2592
1275 3490
1275 3968
1276 2814
1276 3241
1276 3587
1276 3633
1276 3703
1277 1787
1277 3723
1278 1772
1278 2023
1278 3363
1278 3626
1279 2075
1279 2236
1279 2610
1281 1515
1281 3201
1282 1425
1283 1519
1283 1577
1283 1591
1283 2552
1283 3018
1284 2369
1284 2589
1284 2761
1284 3836
1285 2824
1285 3991
1286 1922
1286 2776
1286 3903
1287 2275
1287 2891
1287 3040
1287 3355
1287 3705
1287 3845
1288 2516
1288 3657
1289 2340
1289 3011
1289 3509
1289 3604
1290 2772
1290 2803
1290 3011
1290 3517
1291 2322
1291 3180
1292 1569
1292 3471
1292 3541
1293 1665
1293 1765
1293 2349
1294 1567
1294 3802
1295 2156
1295 2172
1295 2351
1295 2929
1295 3182
1295 3536
1296 1911
1296 3531
1297 1393
1297 2532
1297 3370
1298 1650
1298 2276
1298 2446
1298 2601
1298 3676
1299 2310
1299 2349
1299 3812
1300 1645
1300 3042
1300 3188
1300 3412
1301 1405
1301 2481
1301 3135
1301 3226
1303 1682
1303 2514
1304 1639
1304 3332
1306 2485
1306 2507
1306 2903
1306 3043
1307 3834
1308 1534
1308 1980
1308 2633
1308 3485
1308 3635
1308 3991
1308 3997
1309 1745
1309 3299
1310 1752
1310 2059
1310 3144
1310 3787
1311 2009
1311 2292
1311 2751
1312 1864
1312 1997
1312 2224
1312 3124
1312 3986
1313 1819
1313 1828
1313 2100
1313 2880
1313 3108
1314 2556
1315 1319
1315 1730
1316 1585
1316 3224
1316 3319
1317 1693
1317 1880
1318 1862
1318 3231
1318 3401
1319 1796
1320 2205
1320 2984
1320 3796
1320 3823
1321 1676
1321 2171
1321 3111
1321 3372
1323 1471
1323 3634
1324 3472
1325 1804
1325 2270
1325 2287
1325 3212
1326 3686
1327 2140
1327 3935
1328 1435
1328 3305
1328 3967
1329 1677
1329 2386
1329 2447
1329 3786
1330 1683
1330 1757
1330 1912
1330 2013
1330 2419
1330 2536
1330 2601
1330 2743
1330 3599
1330 3906
1331 1530
1331 1923
1331 2595
1331 2799
1331 3885
1332 3063
1332 3603
1333 1774
1333 1833
1333 2633
1333 3303
1334 3499
1335 1485
1335 3312
1336 1971
1336 2075
1336 3542
1336 3840
1337 2382
1339 2082
1340 1646
1340 1779
1340 3838
1341 1399
1341 3079
1341 3654
1342 2167
1343 1492
1343 2543
1344 1989
1344 2737
1344 2912
1345 1678
1345 1806
1345 2593
1346 1514
1346 2922
1347 1577
1348 2220
1348 2242
1348 2868
1348 3683
1349 2688
1349 2693
1349 2828
1349 2971
1350 2126
1351 3587
1352 1990
1352 3832
1353 1386
1353 1789
1353 2049
1353 2657
1354 1785
1354 2405
1356 2277
1356 3796
1357 2574
1357 3307
1358 1540
1359 2047
1359 2824
1359 3238
1359 3418
1360 2679
1360 3735
1361 2179
1361 2667
1362 1479
1362 2150
1362 2503
1363 2656
1363 2820
1364 1588
1364 1633
1364 2529
1364 2824
1364 3729
1365 2033
1365 2164
1365 2832
1365 3684
1365 3855
1366 1482
1366 2077
1366 3116
1366 3414
1366 3746
1367 1666
1367 1798
1367 1942
1367 2250
1367 2895
1367 3060
1367 3545
1368 2069
1368 2632
1368 2840
1368 3840
1369 1441
1369 1607
1369 1678
1369 1841
1369 1893
1369 2001
1370 2121
1370 2442
1370 3211
1370 3631
1370 3814
1371 2526
1372 1426
1372 3238
1374 1465
1374 2349
1375 1984
1376 1456
1376 2929
1376 2970
1376 3506
1377 1452
1377 1466
1377 1869
1377 1900
1377 2210
1377 3684
1378 1781
1379 1848
1379 2081
1379 3877
1380 1428
1380 2199
1381 1740
1381 2025
1381 3445
1381 3652
1382 2675
1382 3594
1382 3897
1383 2138
1383 2525
1383 3363
1383 3732
1383 3990
1384 2153
1384 2175
1384 3007
1384 3175
1385 2852
1386 1424
1386 2728
1386 3297
1387 2715
1388 1455
1388 2621
1389 1490
1389 1498
1389 2876
1390 1446
1390 2123
1390 3772
1391 3549
1392 1948
1392 3784
1392 3995
1393 2210
1393 2715
1393 3046
1393 3900
1394 1486
1394 3076
1395 1646
1395 3606
1396 1892
1396 2098
1396 2171
1396 2810
1396 3226
1397 2939
1398 1697
1398 1867
1399 2216
1399 2285
1399 2345
1399 3155
1400 2418
1400 3238
1401 1456
1401 1558
1401 1859
1402 1948
1402 2574
1402 2738
1402 3431
1403 1516
1403 3012
1403 3984
1404 1509
1404 1536
1404 1547
1404 1810
1404 2513
1405 1666
1405 2189
1405 2350
1405 2983
1405 3060
1405 3754
1405 3782
1406 2040
1406 2379
1406 2600
1406 2806
1407 1917
1407 3307
1407 3551
1408 1898
1408 2110
1408 2354
1408 2815
1408 2965
1409 3115
1411 2161
1411 2698
1411 3928
1412 2322
1412 3500
1413 3703
1414 1427
1414 2719
1415 1424
1415 2302
1415 2454
1415 2674
1415 3008
1415 3972
1416 1644
1416 2674
1417 1543
1417 1604
1418 2874
1419 1526
1419 1796
1419 2489
1419 3292
1419 3906
1420 3718
1420 3883
1421 2518
1421 3195
1421 3508
1422 1862
1422 2477
1422 3404
1422 3433
1422 3911
1423 2164
1423 2220
1423 3121
1424 2837
1424 3170
1425 2182
1425 3455
1426 2027
1426 2956
1426 3302
1427 1691
1427 3272
1428 2090
1429 1664
1429 1685
1429 2044
1429 2769
1429 3169
1430 3498
1431 1731
1431 2081
1431 2564
1431 2747
1431 2872
1431 3650
1431 3976
1433 2403
1433 3422
1434 2489
1434 3601
1435 1957
1435 2592
1435 3099
1435 3451
1435 3901
1436 1502
1436 1801
1436 2086
1436 2418
1436 2938
1436 3364
1436 3658
1437 1542
1437 3778
1438 3090
1438 3484
1438 3525
1439 3495
1441 3770
1442 1592
1442 1808
1442 3157
1443 1566
1443 2725
1443 2748
1443 2766
1443 3490
1444 3709
1445 1976
1445 2007
1445 2143
1445 2489
1446 2243
1446 3485
1447 1696
1447 1877
1447 3352
1448 2869
1448 3811
1449 2061
1449 3194
1449 3313
1449 3588
1450 3920
1451 2142
1452 2882
1452 3587
1453 2373
1453 2493
1453 2733
1453 3407
1454 2414
1454 2419
1454 3576
1455 2808
1456 1653
1456 2067
1457 1917
1457 2806
1458 1714
1458 1937
1458 2739
1458 2932
1459 3480
1459 3972
1461 1820
1461 2989
1461 3375
1461 3704
1461 3913
1462 1562
1462 2536
1462 2577
1462 3314
1462 3854
1463 2494
1463 2627
1463 3389
1464 1663
1464 2873
1465 2480
1466 3818
1467 2785
1467 2815
1468 1968
1468 3835
1469 2733
1469 3657
1469 3958
1470 1947
1470 1997
1471 2217
1471 2283
1471 2980
1472 3208
1472 3290
1472 3434
1473 1779
1473 2030
1473 2943
1474 2870
1475 1486
1475 2442
1475 3837
1477 2416
1477 2528
1478 2934
1478 3679
1479 1804
1479 3034
1479 3553
1480 2335
1480 3046
1480 3522
1480 3878
1481 2014
1481 2824
1482 1843
1482 2417
1482 3191
1482 3748
1483 1629
1483 3439
1484 2070
1484 2357
1485 3046
1485 3737
1485 3789
1486 1581
1486 3238
1486 3586
1487 2168
1487 2628
1488 2113
1488 3486
1490 1502
1490 2983
1490 3219
1490 3585
1491 1813
1491 2221
1491 2899
1492 1595
1493 2419
1493 2633
1493 2914
1493 3418
1493 3913
1494 3309
1495 2654
1497 1691
1497 1808
1497 2573
1497 2676
1498 3367
1499 1986
1499 2383
1499 2417
1499 3478
1500 2338
1501 1507
1501 2021
1502 2368
1502 3327
1503 3003
1506 2131
1506 2651
1506 2787
1506 2916
1506 3189
1507 2231
1507 3248
1507 3922
1508 1644
1508 3309
1508 3578
1509 2224
1509 2659
1510 1950
1510 2119
1510 3262
1510 3623
1511 2915
1512 2835
1512 2859
1512 3398
1512 3688
1513 2400
1513 2908
1514 2326
1514 2977
1515 2004
1515 2278
1515 3175
1516 3192
1517 1729
1517 1945
1517 3356
1517 3473
1518 3016
1519 2064
1519 2205
1520 2463
1520 3858
1521 3705
1522 2231
1522 3452
1522 3738
1522 3809
1523 2714
1524 1796
1524 2549
1525 2340
1525 2704
1525 2844
1525 3497
1526 1834
1526 1852
1526 2660
1527 2789
1527 2810
1528 1747
1528 3889
1530 1818
1530 2444
1531 2281
1532 1840
1532 2853
1532 3880
1533 1747
1533 3293
1534 1746
1535 2320
1535 3243
1535 3620
1536 2721
1536 2775
1536 3381
1536 3940
1537 2237
1537 3174
1538 2566
1539 1798
1539 2324
1539 3126
1540 2359
1541 3706
1542 2117
1542 3696
1543 2096
1543 2441
1544 1876
1544 2621
1544 3017
1544 3977
1545 1600
1545 2084
1545 2784
1545 3132
1546 1884
1547 1910
1547 2659
1547 3209
1547 3992
1548 1797
1549 2988
1552 1877
1552 2409
1552 2976
1552 3128
1553 3863
1554 3141
1554 3472
1554 3994
1555 2525
1555 2779
1555 2997
1555 3117
1555 3389
1556 1987
1556 2595
1556 3589
1557 1827
1557 3581
1558 1580
1558 2768
1558 3080
1559 3235
1559 3314
1560 1627
1560 2019
1560 2419
1560 2454
1560 3280
1561 2876
1561 3118
1562 1975
1562 2324
1562 3751
1562 3898
1563 2522
1563 2918
1565 1877
1565 2246
1565 2339
1565 2393
1566 1679
1566 2424
1566 2576
1568 2518
1569 2132
1570 2043
1570 2262
1570 3822
1571 2593
1571 2760
1572 3778
1573 1857
1573 2602
1573 2766
1574 2309
1574 2406
1574 3313
1574 3553
1575 3277
1575 3768
1576 2085
1576 2594
1576 3735
1577 2166
1577 2283
1578 1945
1578 3141
1578 3238
1579 3367
1580 1743
1580 2514
1580 2612
1580 3713
1580 3977
1581 3068
1582 1693
1582 2243
1582 2409
1582 2874
1582 2931
1583 2385
1583 3849
1584 2074
1584 2529
1585 2432
1586 3452
1586 3729
1586 3763
1586 3800
1587 1610
1587 2545
1587 3103
1587 3967
1588 3604
1588 3741
1589 1779
1591 2192
1592 3942
1593 1975
1593 2079
1593 2745
1593 3868
1594 1840
1594 2234
1594 3670
1595 2495
1595 3652
1596 2588
1596 2727
1596 3492
1597 2539
1597 2564
1597 2953
1598 2424
1598 2787
1599 2392
1599 2758
1600 1977
1600 2963
1600 3231
1601 1682
1601 3897
1602 2166
1602 2740
1604 2872
1605 2206
1605 2903
1606 2895
1607 2530
1607 2572
1607 3432
1607 3758
1607 3955
1608 1770
1609 2364
1610 1935
1610 2085
1610 2245
1610 2619
1610 3138
1610 3511
1610 3621
1611 2842
1612 3419
1612 3569
1613 1777
1613 2296
1613 3061
1613 3463
1615 1685
1615 2641
1615 2908
1616 2473
1617 3575
1617 3705
1617 3947
1618 2353
1618 3182
1618 3495
1618 3854
1620 2084
1621 2366
1621 2924
1621 3934
1622 2541
1622 2952
1623 1981
1623 2186
1623 3418
1623 3673
1623 3823
1624 2393
1624 2854
1624 2898
1624 3542
1624 3791
1625 1644
1626 2886
1627 1728
1627 1860
1627 2324
1627 2327
1629 1814
1629 2576
1629 2690
1629 2914
1630 2780
1630 3390
1630 3420
1630 3586
1631 2774
1631 3774
1631 3917
1632 1750
1632 2137
1632 2171
1632 2322
1632 3136
1632 3220
1632 3270
1632 3989
1633 2170
1633 3075
1634 1940
1634 3031
1635 2760
1635 3013
1635 3178
1635 3637
1636 2213
1636 3003
1637 2964
1639 2142
1639 2307
1639 2530
1641 1830
1641 2166
1641 3348
1641 3945
1642 3980
1643 1800
1643 2893
1643 3303
1643 3791
1644 1648
1644 2166
1644 3817
1644 3829
1645 2191
1645 2241
1646 1882
1646 2493
1647 2751
1647 2818
1648 3341
1649 1983
1649 1993
1649 2560
1649 3788
1649 3944
1650 1673
1650 2762
1650 2808
1650 3181
1650 3251
1650 3561
1651 3068
1651 3736
1651 3920
1652 2148
1652 2549
1652 3696
1653 3971
1654 3550
1656 2924
1656 3400
1658 1975
1658 2633
1658 2971
1658 3561
1659 2830
1659 3415
1660 1693
1660 1823
1660 1987
1660 2882
1662 2480
1662 2801
1662 3707
1664 2590
1665 2468
1665 2903
1666 1717
1666 1748
1666 1874
1666 3030
1667 1784
1667 2084
1667 2646
1669 2100
1669 3571
1670 2301
1670 3137
1670 3156
1671 1969
1671 2588
1672 2534
1672 3150
1672 3571
1673 2263
1673 2725
1673 2993
1673 3619
1674 2427
1674 3415
1674 3755
1675 2698
1676 3357
1677 1946
1677 3584
1678 2107
1678 3315
1678 3994
1679 3009
1679 3746
1680 2778
1682 2511
1682 3059
1682 3206
1683 1889
1683 2390
1683 3456
1684 2078
1684 2204
1684 2694
1684 3781
1686 2957
1686 3114
1686 3608
1686 3784
1687 3062
1687 3305
1687 3396
1687 3864
1688 2080
1688 2100
1688 3052
1688 3885
1688 3936
1689 1808
1689 1873
1689 2275
1689 2639
1689 3526
1690 3147
1690 3276
1690 3576
1691 2325
1691 2786
1691 3893
1692 2145
1692 2896
1692 3541
1694 2338
1694 3161
1694 3560
1695 2496
1695 3001
1696 3955
1697 2748
1697 3768
1698 3314
1698 3426
1698 3979
1699 2367
1699 3990
1700 2598
1700 3858
1700 3897
1701 1893
1701 2016
1701 3043
1701 3555
1701 3568
1701 3595
1703 1873
1703 2307
1703 2672
1703 2756
1705 2437
1705 3660
1705 3781
1706 2693
1706 3641
1707 2553
1707 3815
1709 2077
1709 2095
1709 2115
1709 2549
1709 2994
1709 3633
1710 2572
1710 3162
1710 3918
1711 2470
1711 2525
1713 2596
1714 3354
1715 2437
1715 2931
1715 3444
1716 3795
1717 2937
1717 3538
1717 3641
1717 3883
1718 3736
1719 2341
1719 3277
1719 3447
1720 1770
1721 3334
1721 3637
1722 3253
1723 3451
1724 3623
1724 3788
1726 3954
1728 2991
1729 2903
1729 3333
1730 2489
1731 2038
1731 3786
1733 1840
1733 2716
1733 3417
1733 3509
1735 2808
1735 3978
1736 2870
1736 3153
1736 3623
1737 2266
1737 3073
1737 3553
1739 2816
1740 2181
1741 2469
1741 2830
1741 3043
1741 3193
1743 1798
1743 2924
1744 1795
1744 3205
1746 1806
1746 3725
1747 2004
1747 2433
1747 2586
1748 2881
1748 2937
1748 3309
1749 2328
1749 2372
1749 2631
1749 3575
1749 3803
1750 3696
1751 2619
1751 3464
1752 1894
1752 2694
1752 2979
1752 3378
1752 3907
1753 1992
1753 2543
1753 2676
1753 3514
1754 3120
1755 1829
1755 2004
1755 3880
1755 3906
1756 1783
1756 1904
1756 1957
1756 2778
1757 2519
1757 3225
1758 3238
1760 1764
1760 1879
1761 1787
1761 3727
1762 2549
1762 3604
1765 1874
1765 2257
1767 2063
1767 3424
1768 1850
1768 2249
1768 3513
1769 2027
1769 2319
1769 2803
1769 2988
1769 3078
1770 3722
1771 2002
1771 2163
1771 2384
1771 2633
1771 3578
1771 3595
1772 2063
1772 3148
1772 3252
1772 3263
1772 3734
1773 3195
1774 2484
1774 2898
1774 3914
1776 3517
1776 3664
1777 2014
1777 2284
1777 3868
1778 3340
1778 3516
1779 2864
1779 3340
1780 2548
1780 2799
1781 2488
1781 2832
1781 2962
1781 3150
1782 1837
1782 3383
1783 2121
1783 2427
1783 3052
1783 3465
1784 3477
1784 3534
1785 2267
1785 2695
1785 3217
1785 3699
1786 1851
1786 2722
1786 3275
1786 3395
1787 3162
1790 2046
1790 2658
1790 2806
1791 2329
1791 2446
1791 2640
1791 2751
1792 2290
1792 3833
1793 2973
1794 3335
1795 3531
1795 3652
1795 3995
1796 2432
1797 3749
1798 2114
1798 2276
1798 2426
1798 2737
1798 3425
1799 2286
1799 2368
1799 3505
1800 2469
1800 3808
1800 3810
1801 2917
1801 3084
1801 3676
1802 3557
1803 1845
1803 3060
1803 3869
1805 1832
1806 2286
1806 2550
1806 3763
1806 3769
1808 1901
1808 2631
1809 2176
1809 3267
1809 3513
1810 2075
1810 2294
1810 2517
1811 3009
1812 2104
1812 3534
1812 3914
1813 2042
1813 2407
1813 2557
1813 2704
1813 2723
1813 3064
1814 2870
1815 3363
1815 3450
1816 3246
1816 3498
1818 3062
1818 3525
1819 2037
1820 2620
1820 2799
1820 2871
1820 3586
1820 3829
1821 2971
1822 2204
1822 3078
1823 2073
1823 2297
1823 3107
1823 3442
1824 2306
1824 3041
1824 3932
1825 2759
1825 3409
1825 3517
1826 2991
1826 3272
1827 2672
1827 2955
1827 3171
1828 2153
1829 3113
1830 2243
1830 3840
1832 3711
1834 1895
1834 1973
1834 3088
1834 3480
1834 3781
1835 2487
1835 3066
1836 2500
1836 3999
1837 2988
1837 3485
1837 3637
1838 2524
1839 2373
1839 3151
1839 3657
1840 3024
1841 2041
1841 3143
1841 3700
1842 1845
1842 2412
1842 2529
1843 1964
1843 2940
1844 2518
1844 2593
1845 2163
1845 2661
1845 2702
1845 2839
1845 3335
1846 2719
1846 3405
1846 3711
1847 1949
1848 3435
1849 2150
1849 2322
1849 2855
1850 2782
1850 3215
1850 3909
1851 2242
1851 2634
1851 2819
1852 2078
1852 2095
1852 2598
1852 3045
1853 3456
1853 3504
1853 3656
1853 3859
1854 2227
1854 2498
1855 2971
1856 1868
1856 1886
1856 2992
1858 2764
1858 3329
1858 3768
1859 2718
1859 3282
1859 3531
1860 3694
1861 2164
1862 2759
1862 3399
1862 3866
1863 2817
1864 3128
1864 3467
1864 3757
1865 2383
1865 2630
1866 2865
1866 3742
1867 1918
1867 3354
1868 2045
1868 3139
1868 3691
1868 3880
1870 2650
1870 2692
1870 2721
1870 2764
1870 3432
1871 1939
1871 2587
1871 2805
1871 2856
1871 3604
1872 2201
1872 2392
1872 3095
1872 3837
1873 2902
1873 3573
1874 2367
1874 2868
1874 3038
1874 3109
1875 3234
1875 3393
1876 2067
1876 2180
1876 2536
1877 2558
1878 2586
1878 3566
1879 1891
1879 2666
1880 2927
1880 3165
1880 3526
1880 3642
1881 2052
1881 3218
1881 3736
1882 3686
1882 3694
1882 3781
1882 3973
1883 2155
1883 3173
1883 3764
1884 2401
1885 2469
1885 2543
1885 3339
1885 3438
1885 3998
1886 2265
1886 2731
1886 2866
1886 2986
1887 2184
1887 2884
1887 3916
1888 3640
1888 3907
1888 3915
1889 1901
1889 2892
1889 2921
1889 3042
1890 2418
1890 2731
1890 3503
1891 3486
1892 3539
1893 2478
1893 3025
1893 3960
1894 3391
1894 3430
1894 3524
1894 3658
1895 2553
1896 3096
1896 3240
1897 2242
1897 3606
1897 3633
1898 2004
1898 2518
1898 2889
1898 3692
1900 3603
1901 2366
1901 2783
1902 1990
1903 2037
1903 2279
1903 2689
1904 2313
1904 2454
1904 2820
1904 3883
1905 2229
1905 2275
1905 3323
1905 3691
1906 2253
1906 2500
1906 3537
1907 3406
1908 3268
1908 3324
1909 3526
1910 2954
1910 3678
1910 3836
1912 2101
1912 2326
1912 3066
1913 3034
1913 3827
1914 2297
1914 2533
1914 3400
1915 2480
1915 2542
1915 3063
1916 2238
1917 2485
1918 3280
1918 3871
1918 3987
1919 2035
1919 2306
1919 3118
1921 3238
1921 3407
1921 3654
1922 2264
1922 2552
1922 3248
1922 3727
1922 3770
1923 2114
1923 2292
1923 2304
1923 2360
1923 2789
1923 3042
1923 3083
1925 2187
1925 3643
1925 3648
1926 2380
1926 3006
1926 3623
1927 2201
1927 2904
1927 3488
1928 2142
1928 2476
1928 2891
1928 3162
1931 2992
1932 3528
1933 2569
1934 2761
1934 3401
1934 3940
1937 2492
1937 2988
1937 3908
1939 3397
1939 3772
1940 2302
1940 2308
1941 2382
1942 2924
1943 2243
1943 2895
1944 3435
1946 2152
1946 2685
1946 3289
1947 2553
1947 3859
1948 2680
1948 2920
1949 1969
1949 2473
1949 3203
1949 3555
1949 3782
1950 2147
1950 2812
1950 3760
1951 2033
1951 2723
1952 2703
1953 2191
1953 2699
1953 2773
1953 2943
1953 3826
1953 3929
1955 2741
1955 3025
1955 3490
1955 3787
1956 2443
1956 2869
1956 3586
1956 3680
1956 3804
1956 3892
1957 3100
1957 3670
1958 2396
1958 2577
1958 3710
1959 2183
1959 3066
1959 3618
1960 2317
1960 2907
1960 3954
1962 3679
1963 2861
1964 2991
1964 3035
1964 3632
1965 3172
1966 2679
1967 3031
1968 2066
1969 2501
1969 3659
1970 3094
1970 3462
1970 3529
1970 3881
1972 2032
1973 3724
1974 3465
1975 2268
1975 2376
1977 2791
1977 2861
1979 2161
1979 2412
1979 3487
1979 3871
1980 2386
1980 3110
1981 1983
1981 2112
1981 2184
1981 2804
1981 3654
1981 3918
1982 3017
1982 3245
1982 3268
1982 3924
1983 3054
1983 3985
1985 2187
1985 2789
1985 3427
1986 2301
1987 2728
1987 2944
1988 1997
1989 3091
1990 2986
1990 3006
1991 2028
1991 2087
1991 2407
1992 2300
1992 2306
1993 2225
1993 2538
1993 3388
1994 2022
1994 2725
1995 2252
1996 2298
1999 2440
1999 2809
2000 2085
2000 2458
2000 2738
2001 2805
2001 3198
2001 3501
2002 3278
2003 3289
2004 3349
2004 3461
2005 2181
2005 3450
2005 3560
2006 3240
2006 3656
2006 3795
2006 3974
2007 2132
2007 3157
2007 3695
2007 3986
2008 2598
2008 3103
2008 3237
2008 3790
2009 3912
2010 3597
2011 3093
2012 2599
2013 2364
2013 2396
2014 2184
2014 2984
2014 3858
2015 3424
2015 3813
2015 3924
2016 2181
2016 3628
2017 2771
2018 2839
2019 3379
2019 3901
2020 2277
2020 2949
2020 3436
2020 3749
2021 2310
2021 3579
2022 2824
2022 3309
2023 3647
2024 2388
2025 3446
2025 3472
2025 3540
2026 2096
2026 2695
2026 2851
2027 3733
2028 2125
2028 3002
2028 3722
2029 3419
2030 2509
2030 3496
2031 2053
2031 3446
2032 3215
2032 3815
2033 2416
2033 2687
2034 2289
2035 3246
2035 3968
2036 2337
2037 2069
2037 3016
2038 3170
2039 2481
2039 2507
2039 3900
2040 2585
2040 2942
2040 3160
2041 3654
2041 3844
2042 2133
2042 2182
2042 2673
2045 2408
2045 3310
2045 3812
2047 3032
2047 3033
2047 3585
2050 2142
2050 2703
2050 3031
2051 2607
2051 2945
2051 3256
2051 3667
2051 3724
2052 3667
2054 2375
2054 2725
2054 2768
2054 3347
2054 3853
2055 2724
2055 3167
2056 2974
2056 3229
2057 2686
2057 2886
2058 3896
2059 2142
2059 2499
2059 3067
2059 3175
2060 3700
2061 3915
2063 2144
2063 2620
2065 2264
2065 3268
2066 2149
2066 3377
2069 2790
2071 2377
2071 3262
2071 3981
2072 2449
2072 3607
2072 3787
2073 2824
2074 2302
2074 2368
2074 2659
2074 3014
2074 3840
2075 2171
2075 2958
2075 3015
2075 3783
2077 3508
2077 3883
2078 2697
2079 3928
2080 2464
2080 3257
2081 3103
2081 3306
2082 3274
2084 2250
2084 3467
2085 3399
2086 2149
2086 3410
2087 2804
2088 3296
2089 2766
2090 2546
2090 2628
2091 2713
2091 3040
2091 3555
2093 2352
2093 3247
2093 3483
2094 2358
2094 2414
2094 3512
2094 3640
2095 2132
2095 2311
2096 2153
2096 2247
2096 2765
2097 2298
2098 3366
2101 2597
2101 3975
2102 3153
2102 3736
2103 2146
2103 2377
2103 2953
2104 3998
2106 2347
2107 3912
2108 2819
2108 2882
2108 3947
2109 2396
2109 2521
2109 3509
2110 2197
2110 2452
2110 2592
2110 3412
2111 2824
2111 3140
2112 2441
2113 2171
2114 3246
2114 3805
2115 2895
2115 3109
2116 2159
2116 2388
2117 3194
2117 3342
2118 2215
2119 2407
2120 2892
2120 3701
2121 3890
2122 2385
2122 2771
2123 2361
2123 2972
2123 3225
2124 2416
2125 2538
2126 2314
2126 2390
2126 3701
2126 3935
2127 2759
2127 3660
2128 2727
2128 3184
2129 2170
2129 2624
2130 2182
2130 3111
2131 2931
2131 3221
2131 3548
2133 2937
2133 3760
2133 3921
2134 2281
2134 2740
2135 3643
2137 3139
2138 3292
2139 2396
2140 2759
2140 3549
2140 3666
2140 3829
2141 3155
2141 3439
2141 3974
2142 3847
2143 2443
2143 3073
2144 2276
2145 3897
2146 3932
2147 2469
2147 3431
2148 2386
2148 3907
2149 2546
2150 2261
2150 2476
2150 3138
2150 3639
2150 3699
2151 3636
2153 3582
2153 3799
2155 2209
2155 2314
2155 3803
2156 2873
2156 3426
2157 2568
2157 3417
2158 3442
2158 3461
2158 3516
2159 2887
2160 2313
2160 2998
2160 3426
2161 3800
2162 3731
2162 3806
2163 2244
2163 2615
2163 2958
2163 3357
2164 2341
2165 3357
2166 2383
2166 2666
2166 3253
2167 2287
2167 3624
2168 2720
2168 3159
2169 3599
2170 2367
2170 3350
2170 3505
2170 3790
2171 3223
2172 2276
2172 3850
2173 3800
2174 3816
2175 2222
2178 3492
2178 3568
2179 2334
2179 2445
2179 2565
2179 3795
2180 2374
2180 3284
2180 3440
2181 2300
2181 2495
2182 3250
2183 2233
2183 2486
2183 2670
2183 2803
2183 3134
2183 3234
2185 2511
2185 2636
2186 3358
2187 3701
2188 2216
2188 2580
2188 3922
2190 2227
2190 3524
2191 3292
2192 2633
2192 2637
2192 3853
2193 2718
2193 3519
2193 3670
2194 2381
2194 2633
2195 3845
2197 3193
2197 3426
2197 3554
2198 3646
2199 3895
2200 3870
2201 2475
2201 2909
2203 3640
2204 2427
2204 2839
2205 3723
2206 3514
2207 3399
2207 3450
2207 3876
2208 3197
2208 3406
2209 2783
2209 3190
2209 3483
2210 2873
2211 3582
2212 2356
2212 3573
2213 3803
2216 2372
2216 2428
2216 2946
2216 3550
2217 3160
2219 2235
2219 2279
2219 2327
2219 3139
2219 3502
2220 2271
2220 2943
2221 3254
2222 2424
2222 2941
2223 2264
2223 2759
2223 3141
2223 3352
2224 3623
2225 3593
2225 3712
2225 3865
2226 2990
2227 2235
2227 2993
2228 2349
2230 2348
2230 3002
2230 3229
2231 2834
2232 3245
2233 2551
2233 2813
2234 3024
2234 3239
2235 3129
2235 3277
2235 3988
2236 3269
2236 3645
2237 2908
2238 3778
2239 2316
2239 3525
2240 3405
2241 3255
2241 3847
2242 2258
2244 2672
2245 3272
2246 2385
2246 3126
2246 3403
2246 3789
2247 3658
2247 3701
2248 3337
2249 3762
2249 3968
2250 3241
2250 3568
2251 2721
2251 3909
2253 2553
2253 3351
2254 2934
2255 3158
2255 3167
2255 3717
2256 2883
2256 3244
2256 3521
2257 3003
2257 3395
2258 2490
2258 3753
2259 3317
2260 2778
2260 2947
2260 3331
2260 3848
2261 2753
2262 2465
2262 3811
2263 2913
2263 3502
2263 3993
2264 2979
2264 3225
2264 3954
2268 3268
2269 3515
2269 3563
2269 3790
2269 3845
2270 3493
2271 3193
2272 2522
2272 2648
2272 3049
2273 2607
2273 3052
2273 3110
2273 3559
2273 3996
2274 2947
2274 3332
2276 2423
2277 2355
2277 2763
2277 3999
2278 2313
2278 2757
2278 3644
2279 2533
2279 2711
2280 2889
2280 2972
2284 3752
2287 2401
2287 2649
2288 3109
2288 3442
2289 3270
2289 3825
2290 2692
2290 3033
2290 3906
2291 2493
2291 2564
2291 2606
2291 3695
2291 3904
2292 2471
2292 2524
2293 2681
2293 2868
2293 3325
2293 3527
2293 3687
2294 2339
2294 2539
2295 3021
2295 3796
2296 2787
2298 2750
2298 3356
2299 2682
2300 3747
2300 3922
2301 3202
2301 3417
2301 3726
2301 3848
2302 3034
2302 3343
2302 3845
2303 3313
2305 2418
2305 2486
2305 2892
2305 3099
2305 3706
2306 2811
2306 3857
2307 2726
2308 3441
2310 3993
2311 2727
2311 3088
2311 3489
2313 2472
2313 3285
2313 3292
2314 2370
2314 3410
2314 3516
2314 3710
2314 3739
2315 3589
2316 3774
2317 2904
2320 2583
2321 3570
2323 2467
2323 2501
2323 3248
2324 2328
2324 3071
2326 2588
2326 2717
2326 3401
2327 3665
2327 3696
2328 2564
2330 2788
2330 3386
2330 3465
2331 2417
2332 2338
2332 3774
2333 2483
2333 3216
2334 2608
2334 3770
2336 2806
2336 3320
2337 2531
2337 3369
2339 3072
2339 3112
2339 3523
2339 3534
2340 2426
2340 2797
2340 3269
2341 2470
2341 3267
2342 3571
2344 3602
2345 3797
2346 2425
2347 3123
2347 3594
2349 3627
2350 2944
2350 3087
2350 3187
2350 3937
2351 2398
2351 2450
2351 3022
2351 3664
2352 3479
2352 3620
2353 3897
2355 3071
2355 3385
2356 2871
2356 3269
2356 3510
2356 3864
2357 2631
2357 2955
2358 2477
2358 3031
2359 2557
2360 3305
2361 2665
2361 2789
2361 3309
2362 2721
2363 3090
2364 2821
2364 3309
2365 3051
2367 3999
2368 3566
2368 3859
2369 3271
2369 3807
2370 2595
2371 3243
2371 3677
2372 2785
2372 2836
2372 2845
2373 3856
2374 3167
2374 3343
2375 2416
2376 3387
2377 3293
2377 3451
2378 2936
2378 3431
2378 3519
2379 2447
2380 3099
2381 3092
2382 2428
2382 3625
2382 3704
2382 3955
2383 3465
2383 3485
2383 3743
2383 3921
2384 3280
2384 3653
2385 2396
2385 3173
2386 3559
2386 3908
2387 2583
2387 3490
2388 3979
2389 2446
2389 3940
2390 2563
2391 2996
2392 2841
2392 3306
2392 3613
2394 2533
2394 3993
2395 3023
2396 2849
2396 3039
2398 2695
2398 3666
2398 3868
2399 3746
2401 3457
2402 3057
2404 3159
2405 2844
2406 2603
2406 3544
2407 3921
2409 2890
2409 2979
2409 3591
2410 2976
2411 3844
2413 2847
2413 3076
2414 3036
2414 3181
2415 2799
2415 3328
2416 3350
2416 3359
2416 3814
2417 3133
2418 3591
2419 3329
2419 3718
2422 2730
2423 3877
2423 3982
2425 3677
2426 3444
2427 2761
2427 3188
2428 3285
2428 3671
2429 2563
2429 2780
2429 2958
2430 3313
2431 2602
2431 3305
2431 3670
2432 3905
2433 3145
2434 3379
2435 3156
2437 3247
2437 3657
2438 2980
2439 2440
2439 3597
2440 2771
2440 2831
2440 3764
2443 2824
2444 2957
2449 2608
2449 3263
2449 3481
2451 3210
2451 3570
2452 2750
2452 2958
2453 3970
2455 2709
2456 2900
2456 3326
2456 3538
2457 2638
2458 2668
2458 2758
2458 3332
2459 2771
2459 2787
2459 2991
2459 3579
2460 2599
2460 3394
2461 2493
2462 3372
2462 3383
2462 3551
2462 3668
2462 3901
2463 2603
2463 3877
2464 3466
2464 3761
2464 3944
2464 3975
2465 2876
2466 3040
2466 3434
2467 3634
2468 2752
2468 3991
2469 2475
2470 2752
2470 3728
2471 3152
2471 3895
2472 2714
2473 3038
2473 3113
2473 3938
2474 3378
2474 3849
2475 3348
2476 2680
2476 2802
2476 3410
2476 3995
2479 2632
2479 3026
2479 3773
2481 2506
2482 2495
2482 2910
2482 2913
2482 3093
2482 3249
2482 3679
2483 3028
2483 3881
2484 3399
2485 3295
2486 3903
2487 3187
2488 2666
2488 2736
2488 2874
2489 3346
2489 3353
2489 3933
2489 3998
2490 2559
2490 3682
2491 2613
2491 3016
2491 3599
2491 3752
2492 2536
2493 3401
2493 3560
2493 3648
2494 3105
2494 3188
2494 3264
2494 3304
2495 2984
2497 2778
2497 3941
2498 2532
2499 2620
2499 3026
2499 3884
2502 3211
2502 3770
2503 3275
2503 3364
2504 3072
2505 2891
2506 3660
2507 2701
2507 2739
2507 3524
2507 3608
2509 2593
2509 3271
2509 3833
2512 3400
2514 2860
2514 3998
2515 3028
2515 3166
2516 3324
2516 3844
2516 3979
2518 3182
2518 3654
2518 3938
2522 2633
2522 3034
2522 3290
2522 3793
2524 3224
2525 3588
2527 3344
2529 3067
2529 3085
2529 3610
2530 3572
2530 3814
2531 2559
2531 3063
2531 3549
2532 2594
2532 3181
2532 3410
2533 2795
2533 2814
2533 3208
2533 3663
2534 2628
2537 3138
2538 2979
2539 2910
2539 2950
2539 3552
2539 3736
2540 2587
2540 2748
2540 2945
2541 3085
2541 3321
2541 3342
2542 3640
2542 3891
2543 2702
2543 3423
2543 3695
2545 3679
2546 3281
2548 2635
2548 3813
2549 2900
2553 3510
2553 3759
2554 3090
2555 3666
2556 2891
2556 3104
2556 3786
2557 3286
2557 3774
2558 3514
2559 2882
2559 3143
2560 3553
2560 3598
2560 3602
2563 3162
2563 3931
2564 3587
2566 3041
2566 3486
2566 3852
2567 3638
2569 3648
2572 3400
2572 3463
2573 2635
2573 3092
2573 3360
2574 3246
2574 3361
2575 3258
2576 2796
2577 2716
2577 2945
2577 3053
2579 3774
2580 2818
2580 3809
2582 3118
2583 3076
2583 3632
2584 2745
2585 3608
2585 3684
2586 3091
2587 2973
2587 3375
2589 2871
2589 3278
2591 2988
2591 3337
2591 3758
2592 3937
2593 3011
2593 3039
2595 3637
2595 3757
2597 3693
2598 2866
2598 3581
2599 3164
2601 2725
2601 2797
2601 2971
2601 3501
2602 2806
2603 2802
2608 3614
2609 2714
2609 2778
2609 3014
2609 3325
2609 3529
2611 2782
2611 3222
2611 3373
2613 3624
2614 2908
2614 3553
2616 3829
2617 3600
2618 2928
2619 3196
2620 3364
2620 3417
2622 2933
2622 3107
2622 3465
2622 3652
2622 3749
2624 2795
2625 2861
2625 3186
2625 3760
2628 3975
2630 3413
2631 3543
2631 3552
2633 2733
2633 3237
2633 3620
2634 3017
2636 3410
2636 3563
2637 3502
2638 2670
2638 3467
2638 3995
2639 2716
2639 2989
2640 3400
2640 3906
2641 2880
2643 3186
2643 3599
2643 3715
2645 3472
2647 2772
2648 3393
2648 3634
2649 2723
2650 2951
2650 3128
2650 3583
2651 3102
2651 3131
2651 3384
2651 3484
2652 3845
2652 3871
2653 3898
2654 2854
2655 3597
2656 3054
2656 3068
2657 3083
2657 3295
2657 3710
2657 3827
2657 3873
2658 3138
2658 3680
2659 3204
2659 3786
2660 2889
2660 3025
2660 3102
2660 3541
2660 3603
2661 3310
2662 3447
2662 3778
2664 2837
2664 3082
2665 2860
2665 3395
2665 3733
2666 2939
2667 3206
2667 3834
2668 3775
2671 3098
2674 3062
2674 3768
2675 3415
2675 3506
2675 3606
2676 3563
2677 3520
2679 3565
2680 2748
2681 2746
2681 2974
2681 3501
2681 3714
2682 3967
2683 3530
2683 3850
2685 2971
2685 3099
2686 2720
2686 2859
2687 2829
2687 3204
2687 3811
2688 3432
2688 3446
2689 2702
2689 3725
2689 3893
2690 3345
2691 3857
2691 3960
2692 3136
2695 3612
2696 3809
2697 2963
2697 3565
2701 3869
2702 3857
2703 2923
2703 3181
2703 3891
2704 3047
2704 3692
2704 3822
2704 3918
2705 3787
2706 3521
2709 2768
2709 3041
2709 3866
2710 2765
2710 3116
2710 3240
2711 3471
2711 3758
2711 3874
2712 2898
2714 2848
2714 3627
2714 3801
2715 2901
2715 2929
2719 3865
2719 3879
2719 3889
2721 3937
2722 2929
2724 3344
2724 3462
2724 3736
2724 3832
2725 2874
2725 3646
2727 2797
2727 3336
2727 3569
2727 3657
2728 3110
2728 3437
2729 3517
2731 2798
2731 3964
2732 3323
2733 3032
2733 3148
2733 3491
2734 3185
2734 3429
2736 3287
2737 3407
2739 2885
2740 3247
2742 3151
2742 3206
2742 3376
2742 3986
2743 3757
2744 2937
2744 3696
2745 2925
2745 3533
2746 3129
2746 3960
2747 3684
2750 2820
2750 2849
2750 3089
2750 3293
2751 3312
2751 3376
2752 3041
2753 3228
2753 3644
2754 2974
2757 3146
2757 3149
2757 3658
2758 3834
2760 2988
2760 3381
2761 2956
2761 3209
2761 3618
2761 3730
2762 2933
2762 3673
2762 3852
2763 3170
2763 3231
2764 2956
2764 3411
2767 2932
2767 3601
2767 3864
2768 2818
2770 3504
2771 3981
2772 3960
2774 2905
2774 3539
2775 3002
2775 3315
2775 3388
2775 3439
2775 3836
2776 3905
2777 3261
2777 3986
2778 2790
2779 2950
2779 3808
2780 3497
2780 3912
2781 2917
2781 3232
2783 3474
2786 3603
2787 3190
2787 3575
2788 3046
2788 3789
2789 3400
2789 3470
2790 3626
2791 2980
2791 3782
2793 3999
2794 3572
2796 2869
2797 3453
2798 2831
2798 3628
2799 3918
2800 2903
2800 3550
2803 3947
2804 3299
2805 3658
2805 3980
2806 3856
2807 3142
2807 3717
2808 3944
2809 3130
2809 3968
2810 3942
2811 3745
2812 3629
2813 3708
2814 2825
2815 3891
2816 3500
2816 3869
2817 3018
2817 3492
2818 3198
2818 3472
2818 3914
2820 3524
2820 3982
2821 3069
2823 3142
2823 3472
2825 2835
2825 2925
2825 3059
2826 2838
2826 3429
2827 3518
2831 3283
2832 3027
2832 3626
2833 3793
2834 3792
2835 3634
2837 3404
2837 3629
2837 3756
2837 3990
2838 2970
2838 3176
2838 3197
2838 3259
2838 3984
2839 3624
2840 3558
2840 3638
2840 3949
2842 3555
2842 3686
2842 3737
2843 3507
2843 3521
2844 3961
2845 3303
2846 3494
2851 3171
2852 2863
2852 2908
2852 2951
2852 3284
2852 3809
2855 3916
2857 3780
2859 3125
2859 3333
2860 3509
2861 3448
2862 3569
2863 3059
2863 3392
2863 3969
2865 3322
2865 3869
2867 3911
2868 3411
2871 3136
2871 3210
2872 3040
2872 3070
2872 3132
2872 3558
2873 3418
2874 3361
2874 3516
2874 3567
2875 3143
2875 3613
2875 3670
2876 3463
2877 3738
2878 3282
2878 3561
2879 3067
2879 3403
2880 3256
2880 3804
2882 3025
2882 3719
2882 3813
2883 3564
2883 3664
2884 3419
2884 3592
2887 3927
2889 3420
2889 3571
2890 3660
2891 3086
2891 3616
2892 2903
2892 2935
2893 3059
2893 3172
2895 3164
2896 3371
2896 3831
2898 3549
2899 3163
2899 3533
2900 3887
2902 3577
2903 3568
2903 3808
2904 3332
2905 3104
2907 3650
2909 3179
2909 3622
2909 3808
2911 2951
2911 3757
2912 3061
2916 2937
2916 3890
2917 3807
2917 3837
2917 3840
2917 3938
2918 3311
2919 3800
2920 3986
2921 3243
2924 3095
2924 3612
2928 3645
2929 2936
2929 3323
2929 3872
2930 2997
2930 3008
2931 3559
2931 3954
2932 2959
2932 3339
2932 3689
2932 3908
2933 3997
2934 2957
2934 2969
2934 3729
2935 3219
2935 3378
2941 3227
2941 3613
2941 3971
2942 3165
2942 3310
2943 3827
2944 3185
2946 3295
2947 3251
2947 3956
2948 3572
2949 3008
2949 3928
2950 3707
2950 3796
2952 3600
2955 3275
2956 3149
2959 3228
2960 3324
2961 3069
2961 3332
2961 3923
2962 3690
2964 3164
2964 3479
2965 3886
2966 3410
2967 3092
2968 3695
2972 3353
2973 3591
2975 3164
2977 3355
2977 3917
2978 3635
2978 3709
2978 3913
2980 3169
2980 3813
2982 3046
2983 3439
2984 3860
2985 3905
2986 3180
2986 3225
2988 3745
2990 3925
2992 3049
2992 3145
2995 3756
2998 3480
2998 3987
2999 3440
3003 3500
3004 3276
3008 3576
3009 3869
3010 3110
3010 3120
3013 3043
3016 3287
3018 3133
3018 3578
3019 3756
3020 3611
3021 3888
3022 3618
3024 3654
3025 3627
3026 3082
3026 3686
3027 3519
3027 3683
3027 3936
3028 3120
3030 3902
3032 3378
3032 3587
3036 3444
3037 3307
3038 3352
3038 3606
3038 3838
3039 3975
3040 3231
3040 3392
3041 3042
3042 3118
3042 3137
3042 3299
3042 3982
3043 3424
3045 3319
3045 3962
3048 3374
3048 3654
3051 3684
3051 3866
3052 3162
3053 3062
3053 3361
3058 3721
3059 3627
3061 3466
3062 3273
3063 3084
3064 3168
3064 3650
3064 3760
3065 3190
3065 3830
3067 3790
3068 3336
3069 3878
3070 3453
3072 3485
3073 3528
3074 3434
3075 3788
3077 3916
3079 3312
3079 3396
3080 3302
3080 3586
3080 3699
3081 3173
3081 3270
3083 3152
3083 3795
3087 3168
3087 3339
3087 3388
3089 3473
3089 3818
3090 3138
3090 3210
3091 3914
3094 3712
3094 3800
3095 3327
3095 3354
3096 3522
3097 3267
3098 3492
3099 3103
3099 3771
3099 3864
3100 3200
3100 3775
3105 3585
3106 3754
3107 3614
3109 3851
3111 3315
3111 3463
3111 3700
3114 3353
3114 3526
3114 3633
3114 3642
3115 3511
3116 3141
3116 3633
3116 3780
3117 3474
3120 3178
3121 3697
3122 3275
3126 3476
3129 3348
3130 3438
3134 3936
3136 3568
3140 3986
3141 3251
3142 3192
3145 3727
3146 3680
3147 3150
3147 3211
3150 3915
3151 3618
3152 3813
3153 3357
3154 3698
3156 3383
3156 3448
3157 3893
3158 3224
3160 3832
3162 3519
3163 3572
3163 3656
3163 3734
3163 3897
3164 3563
3165 3391
3169 3911
3170 3500
3172 3760
3173 3468
3175 3376
3178 3359
3179 3495
3179 3806
3179 3991
3182 3728
3182 3765
3184 3515
3185 3719
3186 3424
3187 3203
3188 3529
3188 3607
3188 3753
3190 3293
3190 3855
3193 3504
3193 3811
3194 3453
3194 3790
3196 3569
3196 3693
3197 3256
3198 3551
3199 3333
3200 3238
3200 3531
3200 3780
3203 3890
3204 3881
3208 3299
3208 3790
3211 3499
3212 3718
3212 3979
3215 3854
3217 3666
3218 3270
3219 3384
3219 3699
3219 3803
3222 3729
3223 3889
3228 3487
3229 3788
3233 3879
3234 3622
3235 3257
3237 3453
3238 3967
3240 3248
3240 3863
3241 3976
3242 3956
3244 3604
3245 3349
3248 3382
3254 3309
3254 3670
3255 3314
3256 3714
3258 3403
3261 3344
3262 3788
3263 3568
3265 3314
3265 3414
3265 3529
3266 3307
3267 3817
3268 3338
3269 3332
3270 3973
3271 3469
3272 3675
3273 3799
3274 3507
3275 3600
3278 3361
3279 3783
3280 3754
3281 3416
3281 3630
3282 3315
3282 3387
3283 3682
3284 3291
3284 3393
3293 3564
3297 3501
3298 3733
3300 3561
3302 3308
3302 3315
3302 3437
3302 3956
3309 3882
3310 3777
3312 3323
3312 3472
3312 3564
3312 3658
3313 3947
3315 3965
3318 3658
3318 3865
3318 3956
3319 3343
3320 3384
3320 3881
3323 3669
3323 3861
3325 3578
3325 3598
3326 3895
3329 3622
3331 3338
3332 3814
3333 3945
3334 3509
3334 3699
3335 3702
3336 3371
3339 3401
3339 3614
3339 3757
3342 3590
3343 3599
3344 3390
3346 3722
3346 3982
3347 3499
3347 3675
3350 3866
3352 3630
3352 3660
3356 3414
3356 3697
3356 3907
3358 3864
3358 3924
3360 3990
3362 3793
3365 3371
3369 3648
3373 3393
3373 3956
3379 3724
3389 3544
3390 3660
3390 3687
3392 3993
3394 3903
3395 3764
3397 3826
3400 3428
3401 3613
3403 3939
3405 3461
3406 3564
3407 3475
3409 3858
3409 3879
3411 3439
3415 3991
3420 3460
3426 3518
3427 3493
3428 3665
3428 3807
3429 3598
3430 3664
3431 3580
3433 3572
3433 3939
3434 3562
3434 3793
3436 3526
3436 3934
3436 3964
3438 3475
3441 3956
3447 3604
3447 3621
3451 3904
3452 3662
3453 3831
3454 3494
3454 3664
3455 3838
3457 3624
3457 3920
3458 3588
3459 3931
3460 3853
3463 3786
3463 3873
3464 3699
3464 3950
3467 3863
3467 3916
3469 3475
3469 3782
3471 3726
3472 3705
3478 3581
3478 3961
3485 3584
3485 3587
3487 3626
3490 3814
3490 3850
3491 3762
3492 3971
3496 3675
3497 3971
3498 3972
3500 3752
3502 3674
3504 3542
3505 3596
3507 3954
3508 3862
3509 3984
3510 3559
3512 3559
3513 3530
3513 3885
3513 3979
3514 3576
3514 3781
3515 3917
3519 3803
3523 3756
3523 3992
3525 3636
3531 3607
3531 3776
3531 3897
3532 3992
3533 3814
3533 3826
3534 3628
3543 3807
3545 3572
3546 3868
3547 3857
3549 3833
3552 3879
3556 3682
3557 3672
3561 3696
3564 3955
3566 3823
3566 3927
3569 3624
3570 3696
3570 3918
3572 3690
3572 3722
3573 3908
3578 3783
3581 3823
3581 3824
3583 3860
3584 3672
3585 3863
3587 3754
3588 3732
3588 3791
3588 3873
3589 3891
3590 3723
3591 3819
3592 3850
3594 3866
3595 3773
3596 3916
3598 3791
3601 3946
3604 3768
3604 3817
3605 3975
3606 3899
3606 3980
3607 3810
3607 3955
3613 3967
3619 3701
3619 3910
3622 3760
3622 3933
3625 3763
3632 3872
3638 3848
3640 3787
3645 3996
3654 3666
3657 3930
3658 3806
3660 3995
3661 3982
3662 3903
3664 3703
3665 3859
3668 3839
3669 3903
3678 3757
3678 3950
3683 3999
3685 3767
3685 3876
3689 3951
3693 3965
3694 3896
3696 3754
3699 3948
3709 3972
3713 3838
3720 3770
3721 3744
3722 3986
3725 3838
3725 3867
3740 3842
3745 3759
3745 3815
3745 3940
3745 3960
3748 3815
3750 3810
3750 3892
3751 3926
3753 3829
3753 3892
3756 3829
3758 3956
3759 3987
3766 3954
3768 3805
3770 3899
3777 3959
3785 3805
3797 3932
3801 3925
3801 3990
3806 3810
3825 3895
3835 3906
3841 3846
3843 3889
3843 3938
3868 3937
3880 3908
3882 3904
3884 3929
3886 3953
3897 3934
3914 3923
3926 3988
3928 3976
3934 3959
3935 3989
3952 3998
3957 3983
3963 3999
