0 1
0 2
0 3
0 5
0 6
0 7
0 8
0 9
0 10
0 12
0 13
0 15
0 16
0 20
0 22
0 30
0 33
0 38
0 39
0 40
0 47
0 53
0 84
0 89
0 98
0 102
0 110
0 111
0 117
0 120
0 121
0 122
0 123
0 126
0 128
0 134
0 135
0 138
0 139
0 140
0 146
0 154
0 160
0 165
0 166
0 189
0 193
0 203
0 205
0 207
0 210
0 214
0 216
0 225
0 240
0 251
0 258
0 264
0 273
0 274
0 292
0 296
0 303
0 311
0 313
0 316
0 322
0 332
0 334
0 338
0 354
0 355
0 374
0 394
0 403
0 413
0 422
0 424
0 433
0 437
0 444
0 451
0 477
1 2
1 3
1 4
1 7
1 9
1 10
1 12
1 17
1 18
1 20
1 21
1 22
1 24
1 25
1 28
1 32
1 42
1 44
1 48
1 50
1 66
1 68
1 71
1 76
1 80
1 91
1 104
1 105
1 107
1 108
1 112
1 126
1 127
1 134
1 146
1 147
1 150
1 153
1 155
1 157
1 158
1 159
1 160
1 163
1 167
1 174
1 180
1 182
1 191
1 192
1 198
1 207
1 208
1 215
1 220
1 222
1 228
1 236
1 238
1 249
1 256
1 257
1 260
1 270
1 278
1 284
1 285
1 287
1 297
1 300
1 309
1 316
1 318
1 319
1 335
1 339
1 351
1 353
1 355
1 358
1 371
1 372
1 379
1 382
1 386
1 387
1 390
1 395
1 405
1 409
1 416
1 420
1 421
1 452
1 480
1 485
1 489
2 5
2 6
2 11
2 16
2 29
2 35
2 46
2 79
2 89
2 91
2 92
2 95
2 133
2 137
2 141
2 148
2 170
2 175
2 194
2 195
2 231
2 248
2 255
2 261
2 263
2 271
2 274
2 276
2 286
2 302
2 323
2 340
2 344
2 368
2 391
2 402
2 406
2 441
2 467
2 485
2 492
2 496
2 497
3 4
3 13
3 14
3 17
3 18
3 23
3 25
3 30
3 34
3 43
3 47
3 49
3 54
3 55
3 58
3 62
3 64
3 65
3 67
3 76
3 82
3 88
3 97
3 106
3 113
3 119
3 121
3 125
3 132
3 133
3 140
3 168
3 176
3 184
3 211
3 213
3 224
3 228
3 232
3 234
3 235
3 237
3 258
3 262
3 265
3 287
3 297
3 306
3 312
3 319
3 332
3 333
3 343
3 346
3 348
3 349
3 360
3 391
3 426
3 429
3 439
3 452
3 464
3 466
3 470
3 471
3 479
4 8
4 46
4 56
4 77
4 94
4 141
4 162
4 418
4 434
4 449
5 28
5 34
5 39
5 40
5 41
5 45
5 50
5 55
5 59
5 60
5 61
5 72
5 78
5 82
5 93
5 128
5 145
5 177
5 181
5 185
5 188
5 196
5 201
5 204
5 218
5 219
5 226
5 233
5 234
5 242
5 259
5 273
5 295
5 299
5 325
5 329
5 346
5 364
5 365
5 367
5 375
5 410
5 420
5 444
5 453
5 479
6 11
6 15
6 26
6 27
6 57
6 73
6 84
6 117
6 199
6 215
6 223
6 229
6 260
6 312
6 474
6 483
7 19
7 29
7 31
7 33
7 35
7 36
7 42
7 49
7 72
7 78
7 92
7 103
7 111
7 120
7 124
7 157
7 161
7 169
7 178
7 217
7 284
7 328
7 369
7 405
7 425
7 445
7 453
7 463
8 27
8 77
8 109
8 113
8 250
8 257
8 259
8 271
8 451
8 482
9 90
9 108
9 172
9 177
9 357
10 80
11 14
11 21
11 38
11 51
11 59
11 60
11 79
11 99
11 103
11 161
11 179
11 186
11 214
11 238
11 245
11 252
11 325
11 388
11 421
12 85
12 95
12 105
12 182
12 193
12 202
12 229
12 320
12 386
12 407
12 447
12 458
12 477
12 491
14 23
14 392
14 461
15 26
15 32
15 36
15 48
15 52
15 53
15 63
15 71
15 73
15 75
15 136
15 144
15 150
15 155
15 167
15 195
15 200
15 202
15 216
15 283
15 301
15 338
15 365
15 379
15 423
15 489
15 499
16 19
16 24
16 31
16 57
16 66
16 69
16 81
16 107
16 123
16 142
16 158
16 170
16 196
16 200
16 240
16 267
16 294
16 302
16 321
16 350
16 368
16 408
16 428
16 430
16 442
16 448
16 459
16 466
16 495
17 64
17 65
17 74
17 114
17 129
17 410
17 448
17 478
18 306
18 352
19 37
19 159
19 184
19 185
19 197
19 243
19 255
19 264
19 275
19 278
19 299
19 345
19 373
19 478
20 70
20 83
20 99
20 149
21 43
21 125
21 384
21 425
23 110
23 192
23 328
23 354
23 469
24 61
24 169
24 212
24 364
24 473
26 498
27 52
27 63
27 68
27 239
27 377
28 51
28 131
28 153
28 455
29 109
29 225
29 315
29 339
29 396
30 308
31 151
31 171
32 37
32 41
32 86
32 87
32 130
32 145
32 156
32 205
32 206
32 226
32 275
32 280
32 285
32 294
32 300
32 326
32 336
32 393
32 399
32 465
32 472
32 475
33 124
33 138
33 173
33 249
33 251
33 322
33 399
33 400
33 499
34 122
34 301
34 435
36 69
37 188
37 194
37 345
37 353
37 437
37 460
38 136
38 175
38 286
38 406
38 496
39 474
40 266
40 378
40 484
41 44
41 143
41 151
41 164
41 171
41 174
41 179
41 213
41 244
41 343
41 360
41 376
41 388
41 402
41 414
41 457
41 486
42 56
42 204
43 290
44 45
44 54
44 81
44 101
44 137
44 173
44 201
44 217
44 227
44 241
44 429
45 94
45 96
45 100
45 106
45 144
45 351
46 183
46 267
46 337
46 395
46 397
47 473
48 67
48 233
48 309
50 58
50 139
50 244
50 359
50 446
51 127
51 172
51 176
51 246
51 305
51 311
51 488
52 62
52 86
52 98
52 104
52 142
52 241
52 482
53 85
53 221
54 143
54 220
54 250
54 277
54 327
54 387
54 419
55 130
55 261
55 314
56 74
56 298
57 118
57 189
57 362
59 70
59 129
59 147
59 164
59 181
59 329
59 380
60 310
60 361
60 377
62 114
62 336
64 101
64 191
64 432
65 75
66 223
66 333
66 443
66 490
71 290
72 222
73 112
73 327
73 409
73 465
73 483
74 87
74 88
74 90
74 186
74 210
74 239
74 331
74 337
74 352
74 363
74 401
74 411
75 318
75 389
75 486
77 131
77 224
77 289
79 118
79 321
79 469
80 156
80 367
80 432
80 436
81 83
81 162
81 206
81 209
81 266
81 340
81 385
81 433
81 481
82 417
84 397
84 423
85 163
85 291
86 116
86 135
86 187
86 431
86 467
87 115
87 231
87 247
87 341
87 347
87 362
87 370
87 441
87 449
88 100
88 393
89 237
89 268
89 359
89 408
89 436
90 93
90 154
90 221
91 199
91 295
91 304
91 476
92 97
92 102
92 487
93 197
93 288
93 493
95 96
96 148
96 152
97 281
98 115
98 212
98 219
98 256
98 382
100 116
104 180
104 209
104 270
104 427
105 293
105 315
107 132
107 149
107 396
108 211
108 324
110 187
112 272
112 348
115 168
117 119
117 263
117 492
119 198
121 245
121 342
122 445
128 166
128 490
131 475
132 366
133 165
133 178
133 253
133 488
134 243
137 254
139 235
139 269
139 418
140 218
143 230
143 305
144 326
146 232
149 208
149 464
150 152
152 293
154 203
154 374
154 411
154 438
154 493
156 279
156 398
158 458
159 236
161 252
162 394
163 183
166 190
166 356
167 366
167 414
170 265
171 296
172 190
172 370
173 253
173 376
173 457
176 447
179 317
179 350
179 415
181 282
181 375
182 248
182 262
182 439
182 460
186 317
189 230
190 404
193 381
194 342
198 268
198 412
198 461
199 392
199 401
199 416
201 398
202 288
203 323
203 356
203 459
204 277
204 292
209 371
211 282
211 330
211 487
213 307
213 341
213 438
215 276
215 383
215 385
215 389
215 462
216 242
216 280
219 227
221 390
222 404
224 281
224 358
227 269
228 291
228 384
230 310
230 357
230 373
230 378
231 431
232 372
233 308
234 247
235 303
235 313
235 417
238 320
238 403
239 480
241 246
244 254
249 279
252 283
254 455
261 498
262 381
263 380
267 272
267 298
267 400
268 369
273 289
273 324
273 430
274 443
275 335
276 450
276 484
277 442
280 440
280 470
280 481
281 349
289 307
289 314
289 330
289 412
289 471
290 331
294 407
298 304
300 426
300 472
301 361
309 363
317 383
318 334
325 494
327 344
329 347
329 413
329 424
329 427
350 456
353 419
353 454
355 428
355 491
355 497
363 434
367 454
367 456
371 463
374 440
374 468
377 415
378 495
381 462
384 435
389 422
411 450
413 446
419 468
447 476
482 494
